Pixel	ADC	VoltageV
1	3936	3.171868
2	3938	3.173480
3	3938	3.173480
4	3919	3.158168
5	3936	3.171868
6	3936	3.171868
7	3936	3.171868
8	3936	3.171868
9	3919	3.158168
10	3936	3.171868
11	3923	3.161392
12	3936	3.171868
13	3936	3.171868
14	3936	3.171868
15	3936	3.171868
16	3919	3.158168
17	3168	2.552967
18	2552	2.056557
19	2558	2.061392
20	2555	2.058974
21	2559	2.062198
22	2570	2.071062
23	2571	2.071868
24	2555	2.058974
25	2570	2.071062
26	2578	2.077509
27	2570	2.071062
28	2570	2.071062
29	2571	2.071868
30	2568	2.069451
31	2570	2.071062
32	2571	2.071868
33	2571	2.071868
34	2570	2.071062
35	2570	2.071062
36	2575	2.075092
37	2571	2.071868
38	2575	2.075092
39	2555	2.058974
40	2570	2.071062
41	2570	2.071062
42	2579	2.078315
43	2571	2.071868
44	2571	2.071868
45	2592	2.088791
46	2570	2.071062
47	2559	2.062198
48	2586	2.083956
49	2555	2.058974
50	2575	2.075092
51	2584	2.082344
52	2570	2.071062
53	2575	2.075092
54	2575	2.075092
55	2594	2.090403
56	2579	2.078315
57	2602	2.096850
58	2578	2.077509
59	2586	2.083956
60	2575	2.075092
61	2575	2.075092
62	2575	2.075092
63	2592	2.088791
64	2571	2.071868
65	2592	2.088791
66	2592	2.088791
67	2575	2.075092
68	2578	2.077509
69	2575	2.075092
70	2592	2.088791
71	2571	2.071868
72	2584	2.082344
73	2571	2.071868
74	2579	2.078315
75	2578	2.077509
76	2571	2.071868
77	2571	2.071868
78	2575	2.075092
79	2571	2.071868
80	2575	2.075092
81	2563	2.065421
82	2571	2.071868
83	2571	2.071868
84	2571	2.071868
85	2571	2.071868
86	2570	2.071062
87	2570	2.071062
88	2592	2.088791
89	2559	2.062198
90	2570	2.071062
91	2592	2.088791
92	2575	2.075092
93	2575	2.075092
94	2570	2.071062
95	2559	2.062198
96	2568	2.069451
97	2575	2.075092
98	2579	2.078315
99	2570	2.071062
100	2571	2.071868
101	2586	2.083956
102	2579	2.078315
103	2574	2.074286
104	2578	2.077509
105	2592	2.088791
106	2575	2.075092
107	2575	2.075092
108	2579	2.078315
109	2586	2.083956
110	2571	2.071868
111	2584	2.082344
112	2594	2.090403
113	2568	2.069451
114	2571	2.071868
115	2575	2.075092
116	2584	2.082344
117	2570	2.071062
118	2592	2.088791
119	2592	2.088791
120	2586	2.083956
121	2584	2.082344
122	2592	2.088791
123	2571	2.071868
124	2592	2.088791
125	2592	2.088791
126	2571	2.071868
127	2592	2.088791
128	2575	2.075092
129	2594	2.090403
130	2579	2.078315
131	2571	2.071868
132	2571	2.071868
133	2559	2.062198
134	2571	2.071868
135	2586	2.083956
136	2570	2.071062
137	2579	2.078315
138	2586	2.083956
139	2575	2.075092
140	2575	2.075092
141	2579	2.078315
142	2586	2.083956
143	2592	2.088791
144	2592	2.088791
145	2586	2.083956
146	2575	2.075092
147	2584	2.082344
148	2579	2.078315
149	2584	2.082344
150	2592	2.088791
151	2571	2.071868
152	2574	2.074286
153	2592	2.088791
154	2594	2.090403
155	2592	2.088791
156	2575	2.075092
157	2586	2.083956
158	2592	2.088791
159	2592	2.088791
160	2592	2.088791
161	2595	2.091209
162	2592	2.088791
163	2594	2.090403
164	2574	2.074286
165	2592	2.088791
166	2575	2.075092
167	2584	2.082344
168	2592	2.088791
169	2579	2.078315
170	2592	2.088791
171	2579	2.078315
172	2586	2.083956
173	2592	2.088791
174	2575	2.075092
175	2586	2.083956
176	2578	2.077509
177	2571	2.071868
178	2592	2.088791
179	2592	2.088791
180	2592	2.088791
181	2592	2.088791
182	2592	2.088791
183	2602	2.096850
184	2592	2.088791
185	2592	2.088791
186	2594	2.090403
187	2594	2.090403
188	2594	2.090403
189	2607	2.100879
190	2592	2.088791
191	2592	2.088791
192	2586	2.083956
193	2584	2.082344
194	2592	2.088791
195	2594	2.090403
196	2592	2.088791
197	2592	2.088791
198	2586	2.083956
199	2579	2.078315
200	2586	2.083956
201	2592	2.088791
202	2584	2.082344
203	2594	2.090403
204	2592	2.088791
205	2592	2.088791
206	2575	2.075092
207	2594	2.090403
208	2592	2.088791
209	2579	2.078315
210	2571	2.071868
211	2592	2.088791
212	2586	2.083956
213	2575	2.075092
214	2586	2.083956
215	2586	2.083956
216	2592	2.088791
217	2584	2.082344
218	2575	2.075092
219	2578	2.077509
220	2592	2.088791
221	2575	2.075092
222	2592	2.088791
223	2592	2.088791
224	2575	2.075092
225	2594	2.090403
226	2592	2.088791
227	2592	2.088791
228	2603	2.097656
229	2586	2.083956
230	2594	2.090403
231	2579	2.078315
232	2571	2.071868
233	2602	2.096850
234	2592	2.088791
235	2586	2.083956
236	2570	2.071062
237	2584	2.082344
238	2579	2.078315
239	2594	2.090403
240	2592	2.088791
241	2594	2.090403
242	2592	2.088791
243	2594	2.090403
244	2592	2.088791
245	2575	2.075092
246	2594	2.090403
247	2592	2.088791
248	2592	2.088791
249	2595	2.091209
250	2579	2.078315
251	2592	2.088791
252	2594	2.090403
253	2607	2.100879
254	2602	2.096850
255	2592	2.088791
256	2594	2.090403
257	2602	2.096850
258	2592	2.088791
259	2592	2.088791
260	2592	2.088791
261	2592	2.088791
262	2602	2.096850
263	2592	2.088791
264	2586	2.083956
265	2592	2.088791
266	2586	2.083956
267	2594	2.090403
268	2594	2.090403
269	2579	2.078315
270	2594	2.090403
271	2578	2.077509
272	2592	2.088791
273	2592	2.088791
274	2594	2.090403
275	2594	2.090403
276	2592	2.088791
277	2575	2.075092
278	2594	2.090403
279	2592	2.088791
280	2603	2.097656
281	2578	2.077509
282	2592	2.088791
283	2603	2.097656
284	2579	2.078315
285	2592	2.088791
286	2578	2.077509
287	2579	2.078315
288	2594	2.090403
289	2594	2.090403
290	2592	2.088791
291	2592	2.088791
292	2592	2.088791
293	2594	2.090403
294	2592	2.088791
295	2595	2.091209
296	2595	2.091209
297	2592	2.088791
298	2592	2.088791
299	2594	2.090403
300	2602	2.096850
301	2594	2.090403
302	2594	2.090403
303	2602	2.096850
304	2592	2.088791
305	2602	2.096850
306	2594	2.090403
307	2603	2.097656
308	2594	2.090403
309	2594	2.090403
310	2592	2.088791
311	2595	2.091209
312	2594	2.090403
313	2592	2.088791
314	2595	2.091209
315	2611	2.104103
316	2595	2.091209
317	2595	2.091209
318	2595	2.091209
319	2602	2.096850
320	2595	2.091209
321	2603	2.097656
322	2592	2.088791
323	2592	2.088791
324	2592	2.088791
325	2602	2.096850
326	2592	2.088791
327	2592	2.088791
328	2602	2.096850
329	2594	2.090403
330	2594	2.090403
331	2594	2.090403
332	2602	2.096850
333	2602	2.096850
334	2603	2.097656
335	2594	2.090403
336	2607	2.100879
337	2595	2.091209
338	2586	2.083956
339	2594	2.090403
340	2600	2.095238
341	2592	2.088791
342	2603	2.097656
343	2602	2.096850
344	2602	2.096850
345	2602	2.096850
346	2602	2.096850
347	2595	2.091209
348	2603	2.097656
349	2602	2.096850
350	2619	2.110549
351	2607	2.100879
352	2594	2.090403
353	2595	2.091209
354	2594	2.090403
355	2594	2.090403
356	2595	2.091209
357	2592	2.088791
358	2603	2.097656
359	2602	2.096850
360	2595	2.091209
361	2602	2.096850
362	2595	2.091209
363	2603	2.097656
364	2603	2.097656
365	2594	2.090403
366	2602	2.096850
367	2603	2.097656
368	2584	2.082344
369	2600	2.095238
370	2595	2.091209
371	2600	2.095238
372	2602	2.096850
373	2600	2.095238
374	2602	2.096850
375	2611	2.104103
376	2592	2.088791
377	2594	2.090403
378	2600	2.095238
379	2592	2.088791
380	2594	2.090403
381	2592	2.088791
382	2594	2.090403
383	2616	2.108132
384	2595	2.091209
385	2594	2.090403
386	2595	2.091209
387	2600	2.095238
388	2592	2.088791
389	2594	2.090403
390	2602	2.096850
391	2594	2.090403
392	2592	2.088791
393	2594	2.090403
394	2592	2.088791
395	2603	2.097656
396	2602	2.096850
397	2594	2.090403
398	2619	2.110549
399	2602	2.096850
400	2595	2.091209
401	2603	2.097656
402	2603	2.097656
403	2602	2.096850
404	2603	2.097656
405	2600	2.095238
406	2603	2.097656
407	2607	2.100879
408	2603	2.097656
409	2603	2.097656
410	2584	2.082344
411	2603	2.097656
412	2600	2.095238
413	2603	2.097656
414	2602	2.096850
415	2595	2.091209
416	2602	2.096850
417	2595	2.091209
418	2594	2.090403
419	2607	2.100879
420	2600	2.095238
421	2595	2.091209
422	2602	2.096850
423	2603	2.097656
424	2594	2.090403
425	2600	2.095238
426	2603	2.097656
427	2602	2.096850
428	2607	2.100879
429	2602	2.096850
430	2602	2.096850
431	2603	2.097656
432	2594	2.090403
433	2602	2.096850
434	2603	2.097656
435	2592	2.088791
436	2603	2.097656
437	2595	2.091209
438	2611	2.104103
439	2602	2.096850
440	2592	2.088791
441	2594	2.090403
442	2602	2.096850
443	2595	2.091209
444	2618	2.109744
445	2600	2.095238
446	2607	2.100879
447	2602	2.096850
448	2607	2.100879
449	2600	2.095238
450	2603	2.097656
451	2602	2.096850
452	2603	2.097656
453	2600	2.095238
454	2602	2.096850
455	2607	2.100879
456	2607	2.100879
457	2595	2.091209
458	2594	2.090403
459	2594	2.090403
460	2607	2.100879
461	2603	2.097656
462	2586	2.083956
463	2602	2.096850
464	2607	2.100879
465	2607	2.100879
466	2594	2.090403
467	2616	2.108132
468	2611	2.104103
469	2611	2.104103
470	2602	2.096850
471	2603	2.097656
472	2603	2.097656
473	2600	2.095238
474	2607	2.100879
475	2611	2.104103
476	2603	2.097656
477	2616	2.108132
478	2618	2.109744
479	2626	2.116190
480	2616	2.108132
481	2607	2.100879
482	2611	2.104103
483	2618	2.109744
484	2602	2.096850
485	2619	2.110549
486	2616	2.108132
487	2618	2.109744
488	2619	2.110549
489	2619	2.110549
490	2616	2.108132
491	2607	2.100879
492	2607	2.100879
493	2610	2.103297
494	2607	2.100879
495	2610	2.103297
496	2618	2.109744
497	2610	2.103297
498	2618	2.109744
499	2603	2.097656
500	2607	2.100879
501	2603	2.097656
502	2616	2.108132
503	2600	2.095238
504	2611	2.104103
505	2618	2.109744
506	2607	2.100879
507	2603	2.097656
508	2607	2.100879
509	2603	2.097656
510	2607	2.100879
511	2611	2.104103
512	2602	2.096850
513	2618	2.109744
514	2611	2.104103
515	2618	2.109744
516	2603	2.097656
517	2607	2.100879
518	2602	2.096850
519	2600	2.095238
520	2607	2.100879
521	2607	2.100879
522	2616	2.108132
523	2618	2.109744
524	2616	2.108132
525	2619	2.110549
526	2600	2.095238
527	2607	2.100879
528	2626	2.116190
529	2611	2.104103
530	2607	2.100879
531	2603	2.097656
532	2602	2.096850
533	2618	2.109744
534	2603	2.097656
535	2603	2.097656
536	2607	2.100879
537	2607	2.100879
538	2607	2.100879
539	2611	2.104103
540	2618	2.109744
541	2602	2.096850
542	2607	2.100879
543	2616	2.108132
544	2616	2.108132
545	2618	2.109744
546	2616	2.108132
547	2619	2.110549
548	2626	2.116190
549	2618	2.109744
550	2626	2.116190
551	2626	2.116190
552	2627	2.116996
553	2611	2.104103
554	2618	2.109744
555	2616	2.108132
556	2618	2.109744
557	2619	2.110549
558	2611	2.104103
559	2618	2.109744
560	2618	2.109744
561	2618	2.109744
562	2603	2.097656
563	2607	2.100879
564	2619	2.110549
565	2619	2.110549
566	2594	2.090403
567	2618	2.109744
568	2616	2.108132
569	2618	2.109744
570	2618	2.109744
571	2634	2.122637
572	2611	2.104103
573	2618	2.109744
574	2626	2.116190
575	2619	2.110549
576	2618	2.109744
577	2618	2.109744
578	2611	2.104103
579	2603	2.097656
580	2626	2.116190
581	2611	2.104103
582	2607	2.100879
583	2626	2.116190
584	2618	2.109744
585	2618	2.109744
586	2626	2.116190
587	2626	2.116190
588	2618	2.109744
589	2611	2.104103
590	2607	2.100879
591	2611	2.104103
592	2603	2.097656
593	2619	2.110549
594	2618	2.109744
595	2618	2.109744
596	2607	2.100879
597	2618	2.109744
598	2626	2.116190
599	2626	2.116190
600	2616	2.108132
601	2618	2.109744
602	2607	2.100879
603	2616	2.108132
604	2618	2.109744
605	2611	2.104103
606	2619	2.110549
607	2616	2.108132
608	2603	2.097656
609	2603	2.097656
610	2626	2.116190
611	2618	2.109744
612	2603	2.097656
613	2618	2.109744
614	2626	2.116190
615	2603	2.097656
616	2618	2.109744
617	2618	2.109744
618	2616	2.108132
619	2616	2.108132
620	2607	2.100879
621	2607	2.100879
622	2618	2.109744
623	2611	2.104103
624	2618	2.109744
625	2618	2.109744
626	2619	2.110549
627	2618	2.109744
628	2607	2.100879
629	2618	2.109744
630	2607	2.100879
631	2619	2.110549
632	2618	2.109744
633	2619	2.110549
634	2618	2.109744
635	2603	2.097656
636	2619	2.110549
637	2627	2.116996
638	2610	2.103297
639	2626	2.116190
640	2618	2.109744
641	2626	2.116190
642	2624	2.114579
643	2618	2.109744
644	2619	2.110549
645	2619	2.110549
646	2634	2.122637
647	2619	2.110549
648	2616	2.108132
649	2603	2.097656
650	2619	2.110549
651	2619	2.110549
652	2618	2.109744
653	2626	2.116190
654	2616	2.108132
655	2618	2.109744
656	2603	2.097656
657	2618	2.109744
658	2619	2.110549
659	2618	2.109744
660	2619	2.110549
661	2619	2.110549
662	2619	2.110549
663	2611	2.104103
664	2627	2.116996
665	2634	2.122637
666	2635	2.123443
667	2635	2.123443
668	2626	2.116190
669	2626	2.116190
670	2619	2.110549
671	2626	2.116190
672	2634	2.122637
673	2634	2.122637
674	2626	2.116190
675	2626	2.116190
676	2627	2.116996
677	2634	2.122637
678	2618	2.109744
679	2619	2.110549
680	2635	2.123443
681	2626	2.116190
682	2627	2.116996
683	2618	2.109744
684	2618	2.109744
685	2635	2.123443
686	2627	2.116996
687	2619	2.110549
688	2619	2.110549
689	2632	2.121026
690	2626	2.116190
691	2611	2.104103
692	2627	2.116996
693	2626	2.116190
694	2627	2.116996
695	2618	2.109744
696	2624	2.114579
697	2619	2.110549
698	2626	2.116190
699	2627	2.116996
700	2619	2.110549
701	2639	2.126667
702	2619	2.110549
703	2639	2.126667
704	2635	2.123443
705	2626	2.116190
706	2632	2.121026
707	2635	2.123443
708	2635	2.123443
709	2619	2.110549
710	2627	2.116996
711	2619	2.110549
712	2619	2.110549
713	2626	2.116190
714	2619	2.110549
715	2634	2.122637
716	2603	2.097656
717	2626	2.116190
718	2619	2.110549
719	2618	2.109744
720	2618	2.109744
721	2616	2.108132
722	2618	2.109744
723	2626	2.116190
724	2626	2.116190
725	2626	2.116190
726	2634	2.122637
727	2626	2.116190
728	2627	2.116996
729	2634	2.122637
730	2634	2.122637
731	2627	2.116996
732	2627	2.116996
733	2639	2.126667
734	2635	2.123443
735	2619	2.110549
736	2634	2.122637
737	2627	2.116996
738	2635	2.123443
739	2643	2.129890
740	2626	2.116190
741	2632	2.121026
742	2635	2.123443
743	2635	2.123443
744	2639	2.126667
745	2626	2.116190
746	2635	2.123443
747	2626	2.116190
748	2643	2.129890
749	2635	2.123443
750	2624	2.114579
751	2635	2.123443
752	2635	2.123443
753	2635	2.123443
754	2618	2.109744
755	2634	2.122637
756	2634	2.122637
757	2632	2.121026
758	2648	2.133919
759	2643	2.129890
760	2626	2.116190
761	2634	2.122637
762	2634	2.122637
763	2635	2.123443
764	2639	2.126667
765	2626	2.116190
766	2634	2.122637
767	2635	2.123443
768	2656	2.140366
769	2656	2.140366
770	2639	2.126667
771	2634	2.122637
772	2643	2.129890
773	2639	2.126667
774	2635	2.123443
775	2635	2.123443
776	2639	2.126667
777	2639	2.126667
778	2635	2.123443
779	2635	2.123443
780	2634	2.122637
781	2635	2.123443
782	2639	2.126667
783	2648	2.133919
784	2643	2.129890
785	2639	2.126667
786	2648	2.133919
787	2635	2.123443
788	2648	2.133919
789	2656	2.140366
790	2639	2.126667
791	2648	2.133919
792	2666	2.148425
793	2656	2.140366
794	2656	2.140366
795	2634	2.122637
796	2643	2.129890
797	2639	2.126667
798	2639	2.126667
799	2656	2.140366
800	2635	2.123443
801	2658	2.141978
802	2639	2.126667
803	2635	2.123443
804	2650	2.135531
805	2658	2.141978
806	2639	2.126667
807	2656	2.140366
808	2656	2.140366
809	2648	2.133919
810	2656	2.140366
811	2656	2.140366
812	2656	2.140366
813	2658	2.141978
814	2659	2.142784
815	2656	2.140366
816	2643	2.129890
817	2666	2.148425
818	2656	2.140366
819	2658	2.141978
820	2658	2.141978
821	2650	2.135531
822	2658	2.141978
823	2658	2.141978
824	2648	2.133919
825	2667	2.149231
826	2666	2.148425
827	2667	2.149231
828	2656	2.140366
829	2658	2.141978
830	2658	2.141978
831	2666	2.148425
832	2658	2.141978
833	2656	2.140366
834	2658	2.141978
835	2658	2.141978
836	2658	2.141978
837	2656	2.140366
838	2659	2.142784
839	2658	2.141978
840	2658	2.141978
841	2656	2.140366
842	2656	2.140366
843	2659	2.142784
844	2658	2.141978
845	2656	2.140366
846	2666	2.148425
847	2658	2.141978
848	2658	2.141978
849	2656	2.140366
850	2667	2.149231
851	2667	2.149231
852	2666	2.148425
853	2666	2.148425
854	2667	2.149231
855	2671	2.152454
856	2658	2.141978
857	2675	2.155678
858	2658	2.141978
859	2666	2.148425
860	2666	2.148425
861	2659	2.142784
862	2658	2.141978
863	2667	2.149231
864	2675	2.155678
865	2671	2.152454
866	2682	2.161319
867	2680	2.159707
868	2671	2.152454
869	2675	2.155678
870	2699	2.175018
871	2683	2.162125
872	2696	2.172601
873	2683	2.162125
874	2682	2.161319
875	2687	2.165348
876	2671	2.152454
877	2682	2.161319
878	2671	2.152454
879	2683	2.162125
880	2667	2.149231
881	2671	2.152454
882	2671	2.152454
883	2667	2.149231
884	2667	2.149231
885	2680	2.159707
886	2664	2.146813
887	2680	2.159707
888	2682	2.161319
889	2671	2.152454
890	2667	2.149231
891	2671	2.152454
892	2671	2.152454
893	2658	2.141978
894	2658	2.141978
895	2659	2.142784
896	2666	2.148425
897	2659	2.142784
898	2659	2.142784
899	2680	2.159707
900	2667	2.149231
901	2666	2.148425
902	2666	2.148425
903	2666	2.148425
904	2664	2.146813
905	2671	2.152454
906	2666	2.148425
907	2664	2.146813
908	2666	2.148425
909	2675	2.155678
910	2667	2.149231
911	2666	2.148425
912	2659	2.142784
913	2659	2.142784
914	2666	2.148425
915	2659	2.142784
916	2675	2.155678
917	2682	2.161319
918	2671	2.152454
919	2687	2.165348
920	2682	2.161319
921	2682	2.161319
922	2666	2.148425
923	2666	2.148425
924	2674	2.154872
925	2682	2.161319
926	2667	2.149231
927	2671	2.152454
928	2687	2.165348
929	2675	2.155678
930	2667	2.149231
931	2666	2.148425
932	2680	2.159707
933	2666	2.148425
934	2675	2.155678
935	2680	2.159707
936	2667	2.149231
937	2667	2.149231
938	2682	2.161319
939	2667	2.149231
940	2671	2.152454
941	2666	2.148425
942	2666	2.148425
943	2667	2.149231
944	2659	2.142784
945	2671	2.152454
946	2671	2.152454
947	2671	2.152454
948	2671	2.152454
949	2675	2.155678
950	2666	2.148425
951	2675	2.155678
952	2683	2.162125
953	2682	2.161319
954	2682	2.161319
955	2682	2.161319
956	2682	2.161319
957	2683	2.162125
958	2671	2.152454
959	2671	2.152454
960	2682	2.161319
961	2659	2.142784
962	2667	2.149231
963	2680	2.159707
964	2658	2.141978
965	2675	2.155678
966	2666	2.148425
967	2667	2.149231
968	2671	2.152454
969	2671	2.152454
970	2683	2.162125
971	2675	2.155678
972	2683	2.162125
973	2682	2.161319
974	2698	2.174212
975	2687	2.165348
976	2683	2.162125
977	2683	2.162125
978	2683	2.162125
979	2683	2.162125
980	2675	2.155678
981	2687	2.165348
982	2680	2.159707
983	2667	2.149231
984	2674	2.154872
985	2671	2.152454
986	2671	2.152454
987	2675	2.155678
988	2671	2.152454
989	2683	2.162125
990	2682	2.161319
991	2667	2.149231
992	2682	2.161319
993	2687	2.165348
994	2687	2.165348
995	2699	2.175018
996	2698	2.174212
997	2687	2.165348
998	2687	2.165348
999	2698	2.174212
1000	2699	2.175018
1001	2698	2.174212
1002	2699	2.175018
1003	2699	2.175018
1004	2698	2.174212
1005	2698	2.174212
1006	2698	2.174212
1007	2687	2.165348
1008	2698	2.174212
1009	2683	2.162125
1010	2698	2.174212
1011	2691	2.168571
1012	2698	2.174212
1013	2699	2.175018
1014	2699	2.175018
1015	2703	2.178242
1016	2712	2.185495
1017	2696	2.172601
1018	2699	2.175018
1019	2712	2.185495
1020	2698	2.174212
1021	2699	2.175018
1022	2703	2.178242
1023	2703	2.178242
1024	2703	2.178242
1025	2707	2.181465
1026	2698	2.174212
1027	2687	2.165348
1028	2687	2.165348
1029	2687	2.165348
1030	2698	2.174212
1031	2682	2.161319
1032	2699	2.175018
1033	2707	2.181465
1034	2703	2.178242
1035	2698	2.174212
1036	2699	2.175018
1037	2699	2.175018
1038	2687	2.165348
1039	2683	2.162125
1040	2698	2.174212
1041	2698	2.174212
1042	2696	2.172601
1043	2699	2.175018
1044	2687	2.165348
1045	2703	2.178242
1046	2687	2.165348
1047	2696	2.172601
1048	2698	2.174212
1049	2687	2.165348
1050	2698	2.174212
1051	2698	2.174212
1052	2699	2.175018
1053	2698	2.174212
1054	2698	2.174212
1055	2714	2.187106
1056	2703	2.178242
1057	2699	2.175018
1058	2703	2.178242
1059	2703	2.178242
1060	2712	2.185495
1061	2682	2.161319
1062	2720	2.191941
1063	2699	2.175018
1064	2698	2.174212
1065	2699	2.175018
1066	2703	2.178242
1067	2687	2.165348
1068	2699	2.175018
1069	2698	2.174212
1070	2703	2.178242
1071	2707	2.181465
1072	2707	2.181465
1073	2703	2.178242
1074	2707	2.181465
1075	2703	2.178242
1076	2703	2.178242
1077	2699	2.175018
1078	2696	2.172601
1079	2703	2.178242
1080	2687	2.165348
1081	2714	2.187106
1082	2703	2.178242
1083	2699	2.175018
1084	2703	2.178242
1085	2714	2.187106
1086	2720	2.191941
1087	2720	2.191941
1088	2730	2.200000
1089	2722	2.193553
1090	2714	2.187106
1091	2720	2.191941
1092	2712	2.185495
1093	2723	2.194359
1094	2698	2.174212
1095	2720	2.191941
1096	2714	2.187106
1097	2707	2.181465
1098	2698	2.174212
1099	2703	2.178242
1100	2720	2.191941
1101	2712	2.185495
1102	2706	2.180659
1103	2720	2.191941
1104	2714	2.187106
1105	2730	2.200000
1106	2720	2.191941
1107	2728	2.198388
1108	2722	2.193553
1109	2720	2.191941
1110	2722	2.193553
1111	2720	2.191941
1112	2703	2.178242
1113	2707	2.181465
1114	2722	2.193553
1115	2730	2.200000
1116	2703	2.178242
1117	2707	2.181465
1118	2722	2.193553
1119	2720	2.191941
1120	2720	2.191941
1121	2707	2.181465
1122	2730	2.200000
1123	2720	2.191941
1124	2722	2.193553
1125	2698	2.174212
1126	2722	2.193553
1127	2720	2.191941
1128	2728	2.198388
1129	2712	2.185495
1130	2720	2.191941
1131	2720	2.191941
1132	2722	2.193553
1133	2720	2.191941
1134	2723	2.194359
1135	2730	2.200000
1136	2731	2.200806
1137	2722	2.193553
1138	2731	2.200806
1139	2720	2.191941
1140	2722	2.193553
1141	2720	2.191941
1142	2720	2.191941
1143	2722	2.193553
1144	2712	2.185495
1145	2703	2.178242
1146	2722	2.193553
1147	2731	2.200806
1148	2730	2.200000
1149	2728	2.198388
1150	2720	2.191941
1151	2722	2.193553
1152	2723	2.194359
1153	2707	2.181465
1154	2730	2.200000
1155	2723	2.194359
1156	2730	2.200000
1157	2722	2.193553
1158	2730	2.200000
1159	2712	2.185495
1160	2735	2.204029
1161	2735	2.204029
1162	2730	2.200000
1163	2707	2.181465
1164	2730	2.200000
1165	2720	2.191941
1166	2731	2.200806
1167	2731	2.200806
1168	2723	2.194359
1169	2731	2.200806
1170	2722	2.193553
1171	2728	2.198388
1172	2730	2.200000
1173	2730	2.200000
1174	2728	2.198388
1175	2735	2.204029
1176	2738	2.206447
1177	2723	2.194359
1178	2739	2.207253
1179	2731	2.200806
1180	2735	2.204029
1181	2731	2.200806
1182	2746	2.212894
1183	2731	2.200806
1184	2730	2.200000
1185	2731	2.200806
1186	2730	2.200000
1187	2728	2.198388
1188	2735	2.204029
1189	2723	2.194359
1190	2731	2.200806
1191	2731	2.200806
1192	2730	2.200000
1193	2731	2.200806
1194	2744	2.211282
1195	2731	2.200806
1196	2730	2.200000
1197	2739	2.207253
1198	2730	2.200000
1199	2730	2.200000
1200	2739	2.207253
1201	2728	2.198388
1202	2730	2.200000
1203	2731	2.200806
1204	2731	2.200806
1205	2734	2.203223
1206	2739	2.207253
1207	2738	2.206447
1208	2722	2.193553
1209	2735	2.204029
1210	2735	2.204029
1211	2723	2.194359
1212	2739	2.207253
1213	2739	2.207253
1214	2738	2.206447
1215	2746	2.212894
1216	2735	2.204029
1217	2735	2.204029
1218	2739	2.207253
1219	2754	2.219341
1220	2752	2.217729
1221	2744	2.211282
1222	2731	2.200806
1223	2739	2.207253
1224	2731	2.200806
1225	2738	2.206447
1226	2735	2.204029
1227	2735	2.204029
1228	2735	2.204029
1229	2735	2.204029
1230	2746	2.212894
1231	2731	2.200806
1232	2754	2.219341
1233	2735	2.204029
1234	2746	2.212894
1235	2754	2.219341
1236	2754	2.219341
1237	2746	2.212894
1238	2744	2.211282
1239	2760	2.224176
1240	2752	2.217729
1241	2754	2.219341
1242	2746	2.212894
1243	2754	2.219341
1244	2752	2.217729
1245	2752	2.217729
1246	2731	2.200806
1247	2754	2.219341
1248	2752	2.217729
1249	2746	2.212894
1250	2735	2.204029
1251	2735	2.204029
1252	2739	2.207253
1253	2735	2.204029
1254	2754	2.219341
1255	2744	2.211282
1256	2752	2.217729
1257	2762	2.225788
1258	2731	2.200806
1259	2747	2.213700
1260	2752	2.217729
1261	2746	2.212894
1262	2762	2.225788
1263	2754	2.219341
1264	2747	2.213700
1265	2754	2.219341
1266	2762	2.225788
1267	2739	2.207253
1268	2754	2.219341
1269	2755	2.220147
1270	2763	2.226593
1271	2760	2.224176
1272	2755	2.220147
1273	2762	2.225788
1274	2760	2.224176
1275	2763	2.226593
1276	2762	2.225788
1277	2763	2.226593
1278	2747	2.213700
1279	2762	2.225788
1280	2754	2.219341
1281	2747	2.213700
1282	2776	2.237070
1283	2784	2.243516
1284	2770	2.232234
1285	2760	2.224176
1286	2763	2.226593
1287	2747	2.213700
1288	2739	2.207253
1289	2760	2.224176
1290	2784	2.243516
1291	2762	2.225788
1292	2762	2.225788
1293	2755	2.220147
1294	2762	2.225788
1295	2767	2.229817
1296	2754	2.219341
1297	2767	2.229817
1298	2760	2.224176
1299	2747	2.213700
1300	2762	2.225788
1301	2762	2.225788
1302	2762	2.225788
1303	2762	2.225788
1304	2766	2.229011
1305	2763	2.226593
1306	2776	2.237070
1307	2763	2.226593
1308	2762	2.225788
1309	2755	2.220147
1310	2784	2.243516
1311	2778	2.238681
1312	2784	2.243516
1313	2763	2.226593
1314	2755	2.220147
1315	2784	2.243516
1316	2754	2.219341
1317	2762	2.225788
1318	2776	2.237070
1319	2771	2.233040
1320	2776	2.237070
1321	2771	2.233040
1322	2767	2.229817
1323	2762	2.225788
1324	2760	2.224176
1325	2763	2.226593
1326	2776	2.237070
1327	2763	2.226593
1328	2771	2.233040
1329	2776	2.237070
1330	2771	2.233040
1331	2762	2.225788
1332	2787	2.245934
1333	2771	2.233040
1334	2763	2.226593
1335	2767	2.229817
1336	2771	2.233040
1337	2771	2.233040
1338	2771	2.233040
1339	2771	2.233040
1340	2784	2.243516
1341	2776	2.237070
1342	2784	2.243516
1343	2762	2.225788
1344	2763	2.226593
1345	2767	2.229817
1346	2784	2.243516
1347	2767	2.229817
1348	2786	2.245128
1349	2771	2.233040
1350	2776	2.237070
1351	2784	2.243516
1352	2762	2.225788
1353	2770	2.232234
1354	2771	2.233040
1355	2771	2.233040
1356	2767	2.229817
1357	2786	2.245128
1358	2767	2.229817
1359	2771	2.233040
1360	2776	2.237070
1361	2784	2.243516
1362	2763	2.226593
1363	2784	2.243516
1364	2767	2.229817
1365	2787	2.245934
1366	2786	2.245128
1367	2786	2.245128
1368	2794	2.251575
1369	2794	2.251575
1370	2786	2.245128
1371	2792	2.249963
1372	2784	2.243516
1373	2784	2.243516
1374	2767	2.229817
1375	2787	2.245934
1376	2795	2.252381
1377	2786	2.245128
1378	2784	2.243516
1379	2784	2.243516
1380	2784	2.243516
1381	2784	2.243516
1382	2784	2.243516
1383	2784	2.243516
1384	2776	2.237070
1385	2776	2.237070
1386	2784	2.243516
1387	2784	2.243516
1388	2784	2.243516
1389	2763	2.226593
1390	2784	2.243516
1391	2786	2.245128
1392	2784	2.243516
1393	2784	2.243516
1394	2786	2.245128
1395	2771	2.233040
1396	2787	2.245934
1397	2787	2.245934
1398	2792	2.249963
1399	2792	2.249963
1400	2787	2.245934
1401	2795	2.252381
1402	2784	2.243516
1403	2784	2.243516
1404	2786	2.245128
1405	2794	2.251575
1406	2792	2.249963
1407	2786	2.245128
1408	2799	2.255604
1409	2784	2.243516
1410	2795	2.252381
1411	2794	2.251575
1412	2784	2.243516
1413	2786	2.245128
1414	2786	2.245128
1415	2786	2.245128
1416	2799	2.255604
1417	2786	2.245128
1418	2784	2.243516
1419	2795	2.252381
1420	2784	2.243516
1421	2794	2.251575
1422	2787	2.245934
1423	2799	2.255604
1424	2792	2.249963
1425	2786	2.245128
1426	2795	2.252381
1427	2792	2.249963
1428	2794	2.251575
1429	2786	2.245128
1430	2786	2.245128
1431	2792	2.249963
1432	2786	2.245128
1433	2787	2.245934
1434	2787	2.245934
1435	2792	2.249963
1436	2787	2.245934
1437	2786	2.245128
1438	2787	2.245934
1439	2784	2.243516
1440	2786	2.245128
1441	2786	2.245128
1442	2792	2.249963
1443	2776	2.237070
1444	2786	2.245128
1445	2786	2.245128
1446	2794	2.251575
1447	2795	2.252381
1448	2803	2.258828
1449	2799	2.255604
1450	2795	2.252381
1451	2792	2.249963
1452	2786	2.245128
1453	2792	2.249963
1454	2794	2.251575
1455	2787	2.245934
1456	2795	2.252381
1457	2794	2.251575
1458	2794	2.251575
1459	2799	2.255604
1460	2792	2.249963
1461	2794	2.251575
1462	2795	2.252381
1463	2816	2.269304
1464	2792	2.249963
1465	2794	2.251575
1466	2795	2.252381
1467	2803	2.258828
1468	2799	2.255604
1469	2786	2.245128
1470	2794	2.251575
1471	2794	2.251575
1472	2795	2.252381
1473	2795	2.252381
1474	2799	2.255604
1475	2786	2.245128
1476	2794	2.251575
1477	2794	2.251575
1478	2792	2.249963
1479	2787	2.245934
1480	2786	2.245128
1481	2786	2.245128
1482	2786	2.245128
1483	2784	2.243516
1484	2792	2.249963
1485	2784	2.243516
1486	2784	2.243516
1487	2786	2.245128
1488	2787	2.245934
1489	2784	2.243516
1490	2786	2.245128
1491	2784	2.243516
1492	2786	2.245128
1493	2786	2.245128
1494	2784	2.243516
1495	2787	2.245934
1496	2792	2.249963
1497	2787	2.245934
1498	2794	2.251575
1499	2794	2.251575
1500	2799	2.255604
1501	2786	2.245128
1502	2787	2.245934
1503	2795	2.252381
1504	2795	2.252381
1505	2784	2.243516
1506	2787	2.245934
1507	2784	2.243516
1508	2787	2.245934
1509	2784	2.243516
1510	2784	2.243516
1511	2786	2.245128
1512	2767	2.229817
1513	2784	2.243516
1514	2795	2.252381
1515	2786	2.245128
1516	2786	2.245128
1517	2784	2.243516
1518	2795	2.252381
1519	2786	2.245128
1520	2794	2.251575
1521	2784	2.243516
1522	2786	2.245128
1523	2767	2.229817
1524	2794	2.251575
1525	2794	2.251575
1526	2784	2.243516
1527	2778	2.238681
1528	2794	2.251575
1529	2776	2.237070
1530	2786	2.245128
1531	2784	2.243516
1532	2792	2.249963
1533	2770	2.232234
1534	2784	2.243516
1535	2784	2.243516
1536	2784	2.243516
1537	2784	2.243516
1538	2771	2.233040
1539	2784	2.243516
1540	2786	2.245128
1541	2786	2.245128
1542	2767	2.229817
1543	2784	2.243516
1544	2771	2.233040
1545	2776	2.237070
1546	2784	2.243516
1547	2784	2.243516
1548	2760	2.224176
1549	2784	2.243516
1550	2786	2.245128
1551	2767	2.229817
1552	2784	2.243516
1553	2778	2.238681
1554	2784	2.243516
1555	2767	2.229817
1556	2767	2.229817
1557	2767	2.229817
1558	2771	2.233040
1559	2767	2.229817
1560	2784	2.243516
1561	2762	2.225788
1562	2776	2.237070
1563	2767	2.229817
1564	2771	2.233040
1565	2763	2.226593
1566	2763	2.226593
1567	2762	2.225788
1568	2763	2.226593
1569	2760	2.224176
1570	2762	2.225788
1571	2762	2.225788
1572	2752	2.217729
1573	2763	2.226593
1574	2762	2.225788
1575	2755	2.220147
1576	2754	2.219341
1577	2767	2.229817
1578	2760	2.224176
1579	2752	2.217729
1580	2762	2.225788
1581	2763	2.226593
1582	2767	2.229817
1583	2767	2.229817
1584	2747	2.213700
1585	2767	2.229817
1586	2762	2.225788
1587	2754	2.219341
1588	2762	2.225788
1589	2754	2.219341
1590	2762	2.225788
1591	2754	2.219341
1592	2762	2.225788
1593	2754	2.219341
1594	2760	2.224176
1595	2754	2.219341
1596	2762	2.225788
1597	2746	2.212894
1598	2762	2.225788
1599	2754	2.219341
1600	2746	2.212894
1601	2754	2.219341
1602	2747	2.213700
1603	2760	2.224176
1604	2754	2.219341
1605	2754	2.219341
1606	2762	2.225788
1607	2754	2.219341
1608	2747	2.213700
1609	2746	2.212894
1610	2746	2.212894
1611	2746	2.212894
1612	2744	2.211282
1613	2731	2.200806
1614	2739	2.207253
1615	2744	2.211282
1616	2731	2.200806
1617	2731	2.200806
1618	2735	2.204029
1619	2731	2.200806
1620	2728	2.198388
1621	2728	2.198388
1622	2731	2.200806
1623	2728	2.198388
1624	2728	2.198388
1625	2731	2.200806
1626	2735	2.204029
1627	2730	2.200000
1628	2723	2.194359
1629	2730	2.200000
1630	2731	2.200806
1631	2720	2.191941
1632	2730	2.200000
1633	2739	2.207253
1634	2730	2.200000
1635	2722	2.193553
1636	2707	2.181465
1637	2720	2.191941
1638	2722	2.193553
1639	2722	2.193553
1640	2720	2.191941
1641	2730	2.200000
1642	2712	2.185495
1643	2728	2.198388
1644	2720	2.191941
1645	2703	2.178242
1646	2728	2.198388
1647	2722	2.193553
1648	2720	2.191941
1649	2720	2.191941
1650	2714	2.187106
1651	2703	2.178242
1652	2703	2.178242
1653	2699	2.175018
1654	2707	2.181465
1655	2703	2.178242
1656	2699	2.175018
1657	2703	2.178242
1658	2703	2.178242
1659	2687	2.165348
1660	2698	2.174212
1661	2696	2.172601
1662	2699	2.175018
1663	2698	2.174212
1664	2696	2.172601
1665	2703	2.178242
1666	2699	2.175018
1667	2698	2.174212
1668	2698	2.174212
1669	2687	2.165348
1670	2687	2.165348
1671	2683	2.162125
1672	2682	2.161319
1673	2698	2.174212
1674	2683	2.162125
1675	2683	2.162125
1676	2698	2.174212
1677	2682	2.161319
1678	2687	2.165348
1679	2675	2.155678
1680	2687	2.165348
1681	2666	2.148425
1682	2675	2.155678
1683	2682	2.161319
1684	2682	2.161319
1685	2682	2.161319
1686	2680	2.159707
1687	2671	2.152454
1688	2682	2.161319
1689	2666	2.148425
1690	2671	2.152454
1691	2671	2.152454
1692	2671	2.152454
1693	2658	2.141978
1694	2675	2.155678
1695	2666	2.148425
1696	2666	2.148425
1697	2658	2.141978
1698	2664	2.146813
1699	2658	2.141978
1700	2658	2.141978
1701	2658	2.141978
1702	2667	2.149231
1703	2656	2.140366
1704	2656	2.140366
1705	2639	2.126667
1706	2659	2.142784
1707	2648	2.133919
1708	2656	2.140366
1709	2658	2.141978
1710	2656	2.140366
1711	2639	2.126667
1712	2643	2.129890
1713	2638	2.125861
1714	2632	2.121026
1715	2656	2.140366
1716	2634	2.122637
1717	2634	2.122637
1718	2627	2.116996
1719	2634	2.122637
1720	2639	2.126667
1721	2635	2.123443
1722	2627	2.116996
1723	2619	2.110549
1724	2618	2.109744
1725	2634	2.122637
1726	2634	2.122637
1727	2634	2.122637
1728	2619	2.110549
1729	2611	2.104103
1730	2616	2.108132
1731	2611	2.104103
1732	2618	2.109744
1733	2611	2.104103
1734	2626	2.116190
1735	2616	2.108132
1736	2618	2.109744
1737	2616	2.108132
1738	2602	2.096850
1739	2616	2.108132
1740	2603	2.097656
1741	2595	2.091209
1742	2607	2.100879
1743	2602	2.096850
1744	2594	2.090403
1745	2607	2.100879
1746	2592	2.088791
1747	2592	2.088791
1748	2592	2.088791
1749	2592	2.088791
1750	2594	2.090403
1751	2592	2.088791
1752	2579	2.078315
1753	2602	2.096850
1754	2594	2.090403
1755	2584	2.082344
1756	2579	2.078315
1757	2575	2.075092
1758	2575	2.075092
1759	2571	2.071868
1760	2563	2.065421
1761	2559	2.062198
1762	2571	2.071868
1763	2559	2.062198
1764	2570	2.071062
1765	2570	2.071062
1766	2559	2.062198
1767	2559	2.062198
1768	2559	2.062198
1769	2559	2.062198
1770	2563	2.065421
1771	2559	2.062198
1772	2554	2.058168
1773	2555	2.058974
1774	2554	2.058168
1775	2547	2.052527
1776	2539	2.046081
1777	2538	2.045275
1778	2538	2.045275
1779	2539	2.046081
1780	2539	2.046081
1781	2531	2.039634
1782	2530	2.038828
1783	2538	2.045275
1784	2530	2.038828
1785	2538	2.045275
1786	2543	2.049304
1787	2511	2.023516
1788	2530	2.038828
1789	2528	2.037216
1790	2507	2.020293
1791	2528	2.037216
1792	2515	2.026740
1793	2530	2.038828
1794	2520	2.030769
1795	2528	2.037216
1796	2530	2.038828
1797	2507	2.020293
1798	2506	2.019487
1799	2515	2.026740
1800	2511	2.023516
1801	2506	2.019487
1802	2506	2.019487
1803	2506	2.019487
1804	2498	2.013040
1805	2498	2.013040
1806	2490	2.006593
1807	2498	2.013040
1808	2498	2.013040
1809	2499	2.013846
1810	2496	2.011429
1811	2490	2.006593
1812	2482	2.000147
1813	2490	2.006593
1814	2490	2.006593
1815	2499	2.013846
1816	2479	1.997729
1817	2490	2.006593
1818	2475	1.994505
1819	2479	1.997729
1820	2479	1.997729
1821	2475	1.994505
1822	2475	1.994505
1823	2464	1.985641
1824	2464	1.985641
1825	2464	1.985641
1826	2479	1.997729
1827	2467	1.988059
1828	2475	1.994505
1829	2474	1.993700
1830	2466	1.987253
1831	2466	1.987253
1832	2466	1.987253
1833	2464	1.985641
1834	2466	1.987253
1835	2466	1.987253
1836	2464	1.985641
1837	2447	1.971941
1838	2447	1.971941
1839	2443	1.968718
1840	2451	1.975165
1841	2434	1.961465
1842	2442	1.967912
1843	2447	1.971941
1844	2443	1.968718
1845	2427	1.955824
1846	2442	1.967912
1847	2442	1.967912
1848	2434	1.961465
1849	2440	1.966300
1850	2443	1.968718
1851	2442	1.967912
1852	2440	1.966300
1853	2419	1.949377
1854	2435	1.962271
1855	2442	1.967912
1856	2419	1.949377
1857	2427	1.955824
1858	2426	1.955018
1859	2427	1.955824
1860	2427	1.955824
1861	2415	1.946154
1862	2435	1.962271
1863	2447	1.971941
1864	2440	1.966300
1865	2442	1.967912
1866	2431	1.959048
1867	2426	1.955018
1868	2419	1.949377
1869	2431	1.959048
1870	2426	1.955018
1871	2424	1.953407
1872	2427	1.955824
1873	2419	1.949377
1874	2418	1.948571
1875	2424	1.953407
1876	2427	1.955824
1877	2424	1.953407
1878	2426	1.955018
1879	2435	1.962271
1880	2419	1.949377
1881	2434	1.961465
1882	2411	1.942930
1883	2408	1.940513
1884	2426	1.955018
1885	2410	1.942125
1886	2411	1.942930
1887	2400	1.934066
1888	2410	1.942125
1889	2411	1.942930
1890	2408	1.940513
1891	2414	1.945348
1892	2403	1.936484
1893	2410	1.942125
1894	2419	1.949377
1895	2415	1.946154
1896	2400	1.934066
1897	2402	1.935678
1898	2415	1.946154
1899	2424	1.953407
1900	2411	1.942930
1901	2411	1.942930
1902	2414	1.945348
1903	2410	1.942125
1904	2411	1.942930
1905	2411	1.942930
1906	2427	1.955824
1907	2410	1.942125
1908	2419	1.949377
1909	2411	1.942930
1910	2419	1.949377
1911	2410	1.942125
1912	2402	1.935678
1913	2408	1.940513
1914	2426	1.955018
1915	2408	1.940513
1916	2424	1.953407
1917	2410	1.942125
1918	2411	1.942930
1919	2415	1.946154
1920	2424	1.953407
1921	2410	1.942125
1922	2403	1.936484
1923	2408	1.940513
1924	2410	1.942125
1925	2410	1.942125
1926	2415	1.946154
1927	2410	1.942125
1928	2415	1.946154
1929	2410	1.942125
1930	2415	1.946154
1931	2410	1.942125
1932	2411	1.942930
1933	2411	1.942930
1934	2411	1.942930
1935	2410	1.942125
1936	2410	1.942125
1937	2400	1.934066
1938	2410	1.942125
1939	2410	1.942125
1940	2402	1.935678
1941	2403	1.936484
1942	2400	1.934066
1943	2402	1.935678
1944	2403	1.936484
1945	2415	1.946154
1946	2410	1.942125
1947	2402	1.935678
1948	2402	1.935678
1949	2408	1.940513
1950	2402	1.935678
1951	2387	1.923590
1952	2394	1.929231
1953	2400	1.934066
1954	2402	1.935678
1955	2410	1.942125
1956	2415	1.946154
1957	2402	1.935678
1958	2403	1.936484
1959	2411	1.942930
1960	2400	1.934066
1961	2400	1.934066
1962	2410	1.942125
1963	2403	1.936484
1964	2410	1.942125
1965	2403	1.936484
1966	2408	1.940513
1967	2400	1.934066
1968	2411	1.942930
1969	2400	1.934066
1970	2403	1.936484
1971	2400	1.934066
1972	2411	1.942930
1973	2403	1.936484
1974	2410	1.942125
1975	2415	1.946154
1976	2402	1.935678
1977	2402	1.935678
1978	2408	1.940513
1979	2394	1.929231
1980	2402	1.935678
1981	2400	1.934066
1982	2402	1.935678
1983	2411	1.942930
1984	2400	1.934066
1985	2400	1.934066
1986	2400	1.934066
1987	2383	1.920366
1988	2400	1.934066
1989	2402	1.935678
1990	2400	1.934066
1991	2392	1.927619
1992	2400	1.934066
1993	2400	1.934066
1994	2394	1.929231
1995	2383	1.920366
1996	2400	1.934066
1997	2383	1.920366
1998	2387	1.923590
1999	2378	1.916337
2000	2383	1.920366
2001	2383	1.920366
2002	2392	1.927619
2003	2400	1.934066
2004	2400	1.934066
2005	2400	1.934066
2006	2387	1.923590
2007	2379	1.917143
2008	2400	1.934066
2009	2400	1.934066
2010	2400	1.934066
2011	2379	1.917143
2012	2387	1.923590
2013	2386	1.922784
2014	2383	1.920366
2015	2400	1.934066
2016	2402	1.935678
2017	2400	1.934066
2018	2400	1.934066
2019	2387	1.923590
2020	2378	1.916337
2021	2400	1.934066
2022	2378	1.916337
2023	2379	1.917143
2024	2400	1.934066
2025	2383	1.920366
2026	2379	1.917143
2027	2379	1.917143
2028	2379	1.917143
2029	2400	1.934066
2030	2387	1.923590
2031	2392	1.927619
2032	2400	1.934066
2033	2383	1.920366
2034	2383	1.920366
2035	2383	1.920366
2036	2379	1.917143
2037	2400	1.934066
2038	2382	1.919560
2039	2394	1.929231
2040	2370	1.909890
2041	2371	1.910696
2042	2379	1.917143
2043	2392	1.927619
2044	2383	1.920366
2045	2383	1.920366
2046	2383	1.920366
2047	2378	1.916337
2048	2400	1.934066
2049	2400	1.934066
2050	2383	1.920366
2051	2383	1.920366
2052	2379	1.917143
2053	2379	1.917143
2054	2382	1.919560
2055	2383	1.920366
2056	2383	1.920366
2057	2379	1.917143
2058	2400	1.934066
2059	2387	1.923590
2060	2378	1.916337
2061	2379	1.917143
2062	2383	1.920366
2063	2383	1.920366
2064	2383	1.920366
2065	2379	1.917143
2066	2400	1.934066
2067	2382	1.919560
2068	2379	1.917143
2069	2386	1.922784
2070	2394	1.929231
2071	2383	1.920366
2072	2383	1.920366
2073	2400	1.934066
2074	2392	1.927619
2075	2382	1.919560
2076	2400	1.934066
2077	2400	1.934066
2078	2376	1.914725
2079	2400	1.934066
2080	2379	1.917143
2081	2392	1.927619
2082	2402	1.935678
2083	2400	1.934066
2084	2400	1.934066
2085	2392	1.927619
2086	2387	1.923590
2087	2378	1.916337
2088	2400	1.934066
2089	2400	1.934066
2090	2402	1.935678
2091	2394	1.929231
2092	2400	1.934066
2093	2400	1.934066
2094	2400	1.934066
2095	2400	1.934066
2096	2392	1.927619
2097	2400	1.934066
2098	2411	1.942930
2099	2402	1.935678
2100	2410	1.942125
2101	2392	1.927619
2102	2402	1.935678
2103	2402	1.935678
2104	2403	1.936484
2105	2411	1.942930
2106	2411	1.942930
2107	2402	1.935678
2108	2402	1.935678
2109	2411	1.942930
2110	2415	1.946154
2111	2410	1.942125
2112	2410	1.942125
2113	2419	1.949377
2114	2403	1.936484
2115	2419	1.949377
2116	2411	1.942930
2117	2419	1.949377
2118	2426	1.955018
2119	2434	1.961465
2120	2426	1.955018
2121	2415	1.946154
2122	2426	1.955018
2123	2427	1.955824
2124	2411	1.942930
2125	2426	1.955018
2126	2431	1.959048
2127	2427	1.955824
2128	2443	1.968718
2129	2435	1.962271
2130	2434	1.961465
2131	2435	1.962271
2132	2442	1.967912
2133	2440	1.966300
2134	2442	1.967912
2135	2443	1.968718
2136	2426	1.955018
2137	2443	1.968718
2138	2442	1.967912
2139	2447	1.971941
2140	2442	1.967912
2141	2443	1.968718
2142	2450	1.974359
2143	2464	1.985641
2144	2458	1.980806
2145	2466	1.987253
2146	2467	1.988059
2147	2466	1.987253
2148	2467	1.988059
2149	2440	1.966300
2150	2466	1.987253
2151	2464	1.985641
2152	2466	1.987253
2153	2451	1.975165
2154	2467	1.988059
2155	2466	1.987253
2156	2464	1.985641
2157	2466	1.987253
2158	2474	1.993700
2159	2479	1.997729
2160	2472	1.992088
2161	2456	1.979194
2162	2472	1.992088
2163	2479	1.997729
2164	2475	1.994505
2165	2475	1.994505
2166	2474	1.993700
2167	2475	1.994505
2168	2490	2.006593
2169	2488	2.004982
2170	2498	2.013040
2171	2475	1.994505
2172	2475	1.994505
2173	2475	1.994505
2174	2506	2.019487
2175	2488	2.004982
2176	2490	2.006593
2177	2490	2.006593
2178	2490	2.006593
2179	2475	1.994505
2180	2483	2.000952
2181	2490	2.006593
2182	2490	2.006593
2183	2498	2.013040
2184	2498	2.013040
2185	2507	2.020293
2186	2506	2.019487
2187	2507	2.020293
2188	2498	2.013040
2189	2504	2.017875
2190	2504	2.017875
2191	2507	2.020293
2192	2499	2.013846
2193	2507	2.020293
2194	2510	2.022711
2195	2506	2.019487
2196	2511	2.023516
2197	2499	2.013846
2198	2507	2.020293
2199	2504	2.017875
2200	2528	2.037216
2201	2506	2.019487
2202	2520	2.030769
2203	2506	2.019487
2204	2528	2.037216
2205	2506	2.019487
2206	2507	2.020293
2207	2498	2.013040
2208	2511	2.023516
2209	2506	2.019487
2210	2506	2.019487
2211	2507	2.020293
2212	2507	2.020293
2213	2520	2.030769
2214	2522	2.032381
2215	2511	2.023516
2216	2506	2.019487
2217	2499	2.013846
2218	2507	2.020293
2219	2499	2.013846
2220	2496	2.011429
2221	2504	2.017875
2222	2499	2.013846
2223	2506	2.019487
2224	2491	2.007399
2225	2511	2.023516
2226	2490	2.006593
2227	2499	2.013846
2228	2506	2.019487
2229	2507	2.020293
2230	2522	2.032381
2231	2490	2.006593
2232	2504	2.017875
2233	2499	2.013846
2234	2499	2.013846
2235	2496	2.011429
2236	2498	2.013040
2237	2491	2.007399
2238	2506	2.019487
2239	2479	1.997729
2240	2498	2.013040
2241	2490	2.006593
2242	2488	2.004982
2243	2490	2.006593
2244	2496	2.011429
2245	2496	2.011429
2246	2474	1.993700
2247	2475	1.994505
2248	2479	1.997729
2249	2474	1.993700
2250	2466	1.987253
2251	2472	1.992088
2252	2464	1.985641
2253	2466	1.987253
2254	2474	1.993700
2255	2466	1.987253
2256	2464	1.985641
2257	2466	1.987253
2258	2456	1.979194
2259	2464	1.985641
2260	2451	1.975165
2261	2467	1.988059
2262	2443	1.968718
2263	2447	1.971941
2264	2443	1.968718
2265	2440	1.966300
2266	2443	1.968718
2267	2440	1.966300
2268	2434	1.961465
2269	2419	1.949377
2270	2427	1.955824
2271	2426	1.955018
2272	2419	1.949377
2273	2415	1.946154
2274	2419	1.949377
2275	2402	1.935678
2276	2414	1.945348
2277	2402	1.935678
2278	2403	1.936484
2279	2387	1.923590
2280	2400	1.934066
2281	2392	1.927619
2282	2382	1.919560
2283	2383	1.920366
2284	2383	1.920366
2285	2379	1.917143
2286	2370	1.909890
2287	2362	1.903443
2288	2362	1.903443
2289	2370	1.909890
2290	2347	1.891355
2291	2347	1.891355
2292	2339	1.884908
2293	2344	1.888938
2294	2347	1.891355
2295	2338	1.884103
2296	2336	1.882491
2297	2323	1.872015
2298	2319	1.868791
2299	2314	1.864762
2300	2315	1.865568
2301	2298	1.851868
2302	2283	1.839780
2303	2298	1.851868
2304	2290	1.845421
2305	2283	1.839780
2306	2272	1.830916
2307	2272	1.830916
2308	2275	1.833333
2309	2248	1.811575
2310	2266	1.826081
2311	2251	1.813993
2312	2242	1.806740
2313	2250	1.813187
2314	2243	1.807546
2315	2235	1.801099
2316	2250	1.813187
2317	2235	1.801099
2318	2234	1.800293
2319	2242	1.806740
2320	2223	1.791429
2321	2219	1.788205
2322	2234	1.800293
2323	2219	1.788205
2324	2211	1.781758
2325	2211	1.781758
2326	2219	1.788205
2327	2216	1.785788
2328	2211	1.781758
2329	2210	1.780952
2330	2208	1.779341
2331	2211	1.781758
2332	2210	1.780952
2333	2208	1.779341
2334	2210	1.780952
2335	2208	1.779341
2336	2211	1.781758
2337	2210	1.780952
2338	2218	1.787399
2339	2191	1.765641
2340	2210	1.780952
2341	2195	1.768864
2342	2208	1.779341
2343	2208	1.779341
2344	2208	1.779341
2345	2210	1.780952
2346	2208	1.779341
2347	2210	1.780952
2348	2216	1.785788
2349	2219	1.788205
2350	2211	1.781758
2351	2211	1.781758
2352	2223	1.791429
2353	2211	1.781758
2354	2219	1.788205
2355	2222	1.790623
2356	2223	1.791429
2357	2219	1.788205
2358	2227	1.794652
2359	2232	1.798681
2360	2242	1.806740
2361	2232	1.798681
2362	2251	1.813993
2363	2243	1.807546
2364	2251	1.813993
2365	2251	1.813993
2366	2259	1.820440
2367	2259	1.820440
2368	2272	1.830916
2369	2272	1.830916
2370	2266	1.826081
2371	2272	1.830916
2372	2287	1.843004
2373	2275	1.833333
2374	2283	1.839780
2375	2283	1.839780
2376	2287	1.843004
2377	2296	1.850256
2378	2303	1.855897
2379	2303	1.855897
2380	2312	1.863150
2381	2322	1.871209
2382	2328	1.876044
2383	2323	1.872015
2384	2339	1.884908
2385	2330	1.877656
2386	2338	1.884103
2387	2339	1.884908
2388	2338	1.884103
2389	2346	1.890549
2390	2351	1.894579
2391	2363	1.904249
2392	2362	1.903443
2393	2383	1.920366
2394	2371	1.910696
2395	2379	1.917143
2396	2383	1.920366
2397	2379	1.917143
2398	2400	1.934066
2399	2411	1.942930
2400	2411	1.942930
2401	2402	1.935678
2402	2415	1.946154
2403	2415	1.946154
2404	2418	1.948571
2405	2424	1.953407
2406	2419	1.949377
2407	2434	1.961465
2408	2434	1.961465
2409	2431	1.959048
2410	2442	1.967912
2411	2424	1.953407
2412	2447	1.971941
2413	2440	1.966300
2414	2447	1.971941
2415	2456	1.979194
2416	2475	1.994505
2417	2464	1.985641
2418	2464	1.985641
2419	2466	1.987253
2420	2475	1.994505
2421	2466	1.987253
2422	2475	1.994505
2423	2475	1.994505
2424	2483	2.000952
2425	2483	2.000952
2426	2488	2.004982
2427	2507	2.020293
2428	2504	2.017875
2429	2498	2.013040
2430	2507	2.020293
2431	2511	2.023516
2432	2528	2.037216
2433	2511	2.023516
2434	2520	2.030769
2435	2528	2.037216
2436	2515	2.026740
2437	2528	2.037216
2438	2538	2.045275
2439	2530	2.038828
2440	2531	2.039634
2441	2539	2.046081
2442	2538	2.045275
2443	2554	2.058168
2444	2559	2.062198
2445	2554	2.058168
2446	2539	2.046081
2447	2542	2.048498
2448	2555	2.058974
2449	2555	2.058974
2450	2554	2.058168
2451	2543	2.049304
2452	2555	2.058974
2453	2559	2.062198
2454	2559	2.062198
2455	2559	2.062198
2456	2559	2.062198
2457	2571	2.071868
2458	2575	2.075092
2459	2571	2.071868
2460	2570	2.071062
2461	2575	2.075092
2462	2592	2.088791
2463	2575	2.075092
2464	2575	2.075092
2465	2594	2.090403
2466	2579	2.078315
2467	2594	2.090403
2468	2594	2.090403
2469	2592	2.088791
2470	2592	2.088791
2471	2594	2.090403
2472	2592	2.088791
2473	2592	2.088791
2474	2594	2.090403
2475	2594	2.090403
2476	2594	2.090403
2477	2602	2.096850
2478	2611	2.104103
2479	2607	2.100879
2480	2594	2.090403
2481	2603	2.097656
2482	2611	2.104103
2483	2603	2.097656
2484	2607	2.100879
2485	2611	2.104103
2486	2607	2.100879
2487	2619	2.110549
2488	2618	2.109744
2489	2618	2.109744
2490	2634	2.122637
2491	2618	2.109744
2492	2635	2.123443
2493	2635	2.123443
2494	2626	2.116190
2495	2634	2.122637
2496	2634	2.122637
2497	2639	2.126667
2498	2639	2.126667
2499	2634	2.122637
2500	2656	2.140366
2501	2656	2.140366
2502	2643	2.129890
2503	2656	2.140366
2504	2659	2.142784
2505	2659	2.142784
2506	2659	2.142784
2507	2664	2.146813
2508	2658	2.141978
2509	2656	2.140366
2510	2658	2.141978
2511	2659	2.142784
2512	2659	2.142784
2513	2656	2.140366
2514	2667	2.149231
2515	2656	2.140366
2516	2682	2.161319
2517	2680	2.159707
2518	2659	2.142784
2519	2667	2.149231
2520	2682	2.161319
2521	2671	2.152454
2522	2687	2.165348
2523	2671	2.152454
2524	2667	2.149231
2525	2675	2.155678
2526	2667	2.149231
2527	2682	2.161319
2528	2682	2.161319
2529	2680	2.159707
2530	2682	2.161319
2531	2680	2.159707
2532	2683	2.162125
2533	2675	2.155678
2534	2675	2.155678
2535	2680	2.159707
2536	2683	2.162125
2537	2683	2.162125
2538	2687	2.165348
2539	2671	2.152454
2540	2683	2.162125
2541	2683	2.162125
2542	2698	2.174212
2543	2680	2.159707
2544	2699	2.175018
2545	2687	2.165348
2546	2682	2.161319
2547	2687	2.165348
2548	2683	2.162125
2549	2698	2.174212
2550	2699	2.175018
2551	2699	2.175018
2552	2712	2.185495
2553	2687	2.165348
2554	2696	2.172601
2555	2687	2.165348
2556	2698	2.174212
2557	2683	2.162125
2558	2699	2.175018
2559	2703	2.178242
2560	2720	2.191941
2561	2707	2.181465
2562	2707	2.181465
2563	2730	2.200000
2564	2720	2.191941
2565	2703	2.178242
2566	2714	2.187106
2567	2720	2.191941
2568	2712	2.185495
2569	2720	2.191941
2570	2720	2.191941
2571	2720	2.191941
2572	2707	2.181465
2573	2712	2.185495
2574	2722	2.193553
2575	2703	2.178242
2576	2720	2.191941
2577	2720	2.191941
2578	2707	2.181465
2579	2714	2.187106
2580	2703	2.178242
2581	2712	2.185495
2582	2703	2.178242
2583	2720	2.191941
2584	2722	2.193553
2585	2731	2.200806
2586	2714	2.187106
2587	2730	2.200000
2588	2730	2.200000
2589	2730	2.200000
2590	2731	2.200806
2591	2728	2.198388
2592	2728	2.198388
2593	2731	2.200806
2594	2722	2.193553
2595	2731	2.200806
2596	2731	2.200806
2597	2730	2.200000
2598	2746	2.212894
2599	2731	2.200806
2600	2731	2.200806
2601	2739	2.207253
2602	2731	2.200806
2603	2746	2.212894
2604	2731	2.200806
2605	2730	2.200000
2606	2746	2.212894
2607	2746	2.212894
2608	2739	2.207253
2609	2731	2.200806
2610	2731	2.200806
2611	2752	2.217729
2612	2752	2.217729
2613	2755	2.220147
2614	2746	2.212894
2615	2755	2.220147
2616	2746	2.212894
2617	2754	2.219341
2618	2752	2.217729
2619	2767	2.229817
2620	2754	2.219341
2621	2762	2.225788
2622	2752	2.217729
2623	2755	2.220147
2624	2767	2.229817
2625	2754	2.219341
2626	2771	2.233040
2627	2776	2.237070
2628	2763	2.226593
2629	2767	2.229817
2630	2784	2.243516
2631	2784	2.243516
2632	2771	2.233040
2633	2762	2.225788
2634	2767	2.229817
2635	2784	2.243516
2636	2784	2.243516
2637	2767	2.229817
2638	2771	2.233040
2639	2767	2.229817
2640	2786	2.245128
2641	2767	2.229817
2642	2784	2.243516
2643	2755	2.220147
2644	2784	2.243516
2645	2784	2.243516
2646	2786	2.245128
2647	2786	2.245128
2648	2786	2.245128
2649	2787	2.245934
2650	2795	2.252381
2651	2784	2.243516
2652	2786	2.245128
2653	2784	2.243516
2654	2787	2.245934
2655	2786	2.245128
2656	2794	2.251575
2657	2792	2.249963
2658	2795	2.252381
2659	2799	2.255604
2660	2792	2.249963
2661	2794	2.251575
2662	2795	2.252381
2663	2794	2.251575
2664	2787	2.245934
2665	2786	2.245128
2666	2799	2.255604
2667	2795	2.252381
2668	2786	2.245128
2669	2799	2.255604
2670	2795	2.252381
2671	2795	2.252381
2672	2816	2.269304
2673	2794	2.251575
2674	2795	2.252381
2675	2794	2.251575
2676	2803	2.258828
2677	2795	2.252381
2678	2799	2.255604
2679	2818	2.270916
2680	2816	2.269304
2681	2799	2.255604
2682	2816	2.269304
2683	2818	2.270916
2684	2818	2.270916
2685	2818	2.270916
2686	2810	2.264469
2687	2810	2.264469
2688	2816	2.269304
2689	2808	2.262857
2690	2818	2.270916
2691	2816	2.269304
2692	2816	2.269304
2693	2818	2.270916
2694	2826	2.277363
2695	2810	2.264469
2696	2826	2.277363
2697	2819	2.271722
2698	2826	2.277363
2699	2826	2.277363
2700	2827	2.278168
2701	2819	2.271722
2702	2819	2.271722
2703	2826	2.277363
2704	2819	2.271722
2705	2826	2.277363
2706	2827	2.278168
2707	2826	2.277363
2708	2818	2.270916
2709	2827	2.278168
2710	2818	2.270916
2711	2819	2.271722
2712	2826	2.277363
2713	2819	2.271722
2714	2819	2.271722
2715	2818	2.270916
2716	2831	2.281392
2717	2826	2.277363
2718	2826	2.277363
2719	2819	2.271722
2720	2826	2.277363
2721	2827	2.278168
2722	2835	2.284615
2723	2831	2.281392
2724	2831	2.281392
2725	2827	2.278168
2726	2827	2.278168
2727	2831	2.281392
2728	2827	2.278168
2729	2827	2.278168
2730	2826	2.277363
2731	2831	2.281392
2732	2848	2.295092
2733	2831	2.281392
2734	2835	2.284615
2735	2848	2.295092
2736	2831	2.281392
2737	2848	2.295092
2738	2848	2.295092
2739	2840	2.288645
2740	2848	2.295092
2741	2835	2.284615
2742	2831	2.281392
2743	2835	2.284615
2744	2831	2.281392
2745	2848	2.295092
2746	2848	2.295092
2747	2848	2.295092
2748	2850	2.296703
2749	2850	2.296703
2750	2848	2.295092
2751	2848	2.295092
2752	2827	2.278168
2753	2840	2.288645
2754	2850	2.296703
2755	2858	2.303150
2756	2848	2.295092
2757	2831	2.281392
2758	2840	2.288645
2759	2850	2.296703
2760	2851	2.297509
2761	2858	2.303150
2762	2850	2.296703
2763	2850	2.296703
2764	2851	2.297509
2765	2858	2.303150
2766	2863	2.307179
2767	2858	2.303150
2768	2858	2.303150
2769	2850	2.296703
2770	2858	2.303150
2771	2874	2.316044
2772	2867	2.310403
2773	2859	2.303956
2774	2863	2.307179
2775	2859	2.303956
2776	2859	2.303956
2777	2874	2.316044
2778	2874	2.316044
2779	2858	2.303150
2780	2883	2.323297
2781	2867	2.310403
2782	2859	2.303956
2783	2867	2.310403
2784	2863	2.307179
2785	2867	2.310403
2786	2874	2.316044
2787	2863	2.307179
2788	2867	2.310403
2789	2874	2.316044
2790	2874	2.316044
2791	2863	2.307179
2792	2863	2.307179
2793	2863	2.307179
2794	2874	2.316044
2795	2875	2.316850
2796	2867	2.310403
2797	2875	2.316850
2798	2882	2.322491
2799	2874	2.316044
2800	2874	2.316044
2801	2874	2.316044
2802	2866	2.309597
2803	2882	2.322491
2804	2874	2.316044
2805	2895	2.332967
2806	2875	2.316850
2807	2872	2.314432
2808	2874	2.316044
2809	2882	2.322491
2810	2875	2.316850
2811	2882	2.322491
2812	2882	2.322491
2813	2882	2.322491
2814	2882	2.322491
2815	2890	2.328938
2816	2890	2.328938
2817	2863	2.307179
2818	2874	2.316044
2819	2890	2.328938
2820	2882	2.322491
2821	2882	2.322491
2822	2874	2.316044
2823	2882	2.322491
2824	2875	2.316850
2825	2882	2.322491
2826	2890	2.328938
2827	2874	2.316044
2828	2882	2.322491
2829	2882	2.322491
2830	2891	2.329744
2831	2875	2.316850
2832	2888	2.327326
2833	2875	2.316850
2834	2890	2.328938
2835	2912	2.346667
2836	2888	2.327326
2837	2883	2.323297
2838	2890	2.328938
2839	2891	2.329744
2840	2891	2.329744
2841	2890	2.328938
2842	2890	2.328938
2843	2882	2.322491
2844	2890	2.328938
2845	2888	2.327326
2846	2891	2.329744
2847	2891	2.329744
2848	2891	2.329744
2849	2888	2.327326
2850	2890	2.328938
2851	2895	2.332967
2852	2890	2.328938
2853	2882	2.322491
2854	2904	2.340220
2855	2888	2.327326
2856	2890	2.328938
2857	2912	2.346667
2858	2895	2.332967
2859	2890	2.328938
2860	2891	2.329744
2861	2912	2.346667
2862	2895	2.332967
2863	2888	2.327326
2864	2891	2.329744
2865	2899	2.336190
2866	2891	2.329744
2867	2891	2.329744
2868	2914	2.348278
2869	2912	2.346667
2870	2888	2.327326
2871	2904	2.340220
2872	2895	2.332967
2873	2891	2.329744
2874	2891	2.329744
2875	2912	2.346667
2876	2895	2.332967
2877	2912	2.346667
2878	2891	2.329744
2879	2895	2.332967
2880	2895	2.332967
2881	2895	2.332967
2882	2906	2.341832
2883	2912	2.346667
2884	2891	2.329744
2885	2891	2.329744
2886	2912	2.346667
2887	2895	2.332967
2888	2912	2.346667
2889	2914	2.348278
2890	2899	2.336190
2891	2895	2.332967
2892	2912	2.346667
2893	2895	2.332967
2894	2912	2.346667
2895	2904	2.340220
2896	2915	2.349084
2897	2891	2.329744
2898	2912	2.346667
2899	2912	2.346667
2900	2922	2.354725
2901	2914	2.348278
2902	2914	2.348278
2903	2912	2.346667
2904	2914	2.348278
2905	2914	2.348278
2906	2912	2.346667
2907	2915	2.349084
2908	2914	2.348278
2909	2914	2.348278
2910	2904	2.340220
2911	2912	2.346667
2912	2912	2.346667
2913	2915	2.349084
2914	2912	2.346667
2915	2915	2.349084
2916	2912	2.346667
2917	2922	2.354725
2918	2920	2.353114
2919	2922	2.354725
2920	2915	2.349084
2921	2922	2.354725
2922	2915	2.349084
2923	2923	2.355531
2924	2922	2.354725
2925	2915	2.349084
2926	2915	2.349084
2927	2914	2.348278
2928	2912	2.346667
2929	2923	2.355531
2930	2922	2.354725
2931	2914	2.348278
2932	2914	2.348278
2933	2914	2.348278
2934	2915	2.349084
2935	2914	2.348278
2936	2912	2.346667
2937	2915	2.349084
2938	2914	2.348278
2939	2922	2.354725
2940	2922	2.354725
2941	2914	2.348278
2942	2920	2.353114
2943	2915	2.349084
2944	2923	2.355531
2945	2915	2.349084
2946	2914	2.348278
2947	2922	2.354725
2948	2915	2.349084
2949	2914	2.348278
2950	2922	2.354725
2951	2930	2.361172
2952	2923	2.355531
2953	2912	2.346667
2954	2914	2.348278
2955	2920	2.353114
2956	2931	2.361978
2957	2923	2.355531
2958	2936	2.366007
2959	2920	2.353114
2960	2922	2.354725
2961	2922	2.354725
2962	2923	2.355531
2963	2922	2.354725
2964	2915	2.349084
2965	2915	2.349084
2966	2927	2.358755
2967	2922	2.354725
2968	2923	2.355531
2969	2927	2.358755
2970	2936	2.366007
2971	2936	2.366007
2972	2927	2.358755
2973	2922	2.354725
2974	2920	2.353114
2975	2922	2.354725
2976	2923	2.355531
2977	2927	2.358755
2978	2927	2.358755
2979	2931	2.361978
2980	2938	2.367619
2981	2938	2.367619
2982	2931	2.361978
2983	2923	2.355531
2984	2927	2.358755
2985	2938	2.367619
2986	2927	2.358755
2987	2938	2.367619
2988	2938	2.367619
2989	2927	2.358755
2990	2927	2.358755
2991	2931	2.361978
2992	2927	2.358755
2993	2938	2.367619
2994	2931	2.361978
2995	2931	2.361978
2996	2938	2.367619
2997	2931	2.361978
2998	2938	2.367619
2999	2938	2.367619
3000	2943	2.371648
3001	2922	2.354725
3002	2939	2.368425
3003	2939	2.368425
3004	2927	2.358755
3005	2931	2.361978
3006	2927	2.358755
3007	2939	2.368425
3008	2936	2.366007
3009	2927	2.358755
3010	2931	2.361978
3011	2939	2.368425
3012	2936	2.366007
3013	2936	2.366007
3014	2923	2.355531
3015	2923	2.355531
3016	2927	2.358755
3017	2931	2.361978
3018	2938	2.367619
3019	2931	2.361978
3020	2931	2.361978
3021	2938	2.367619
3022	2931	2.361978
3023	2938	2.367619
3024	2927	2.358755
3025	2939	2.368425
3026	2936	2.366007
3027	2939	2.368425
3028	2938	2.367619
3029	2938	2.367619
3030	2936	2.366007
3031	2927	2.358755
3032	2931	2.361978
3033	2938	2.367619
3034	2939	2.368425
3035	2931	2.361978
3036	2922	2.354725
3037	2943	2.371648
3038	2939	2.368425
3039	2936	2.366007
3040	2938	2.367619
3041	2923	2.355531
3042	2938	2.367619
3043	2931	2.361978
3044	2927	2.358755
3045	2936	2.366007
3046	2939	2.368425
3047	2938	2.367619
3048	2923	2.355531
3049	2943	2.371648
3050	2938	2.367619
3051	2938	2.367619
3052	2938	2.367619
3053	2923	2.355531
3054	2938	2.367619
3055	2922	2.354725
3056	2939	2.368425
3057	2936	2.366007
3058	2927	2.358755
3059	2939	2.368425
3060	2938	2.367619
3061	2954	2.380513
3062	2930	2.361172
3063	2943	2.371648
3064	2939	2.368425
3065	2938	2.367619
3066	2938	2.367619
3067	2936	2.366007
3068	2943	2.371648
3069	2927	2.358755
3070	2938	2.367619
3071	2939	2.368425
3072	2927	2.358755
3073	2938	2.367619
3074	2936	2.366007
3075	2927	2.358755
3076	2939	2.368425
3077	2936	2.366007
3078	2938	2.367619
3079	2923	2.355531
3080	2938	2.367619
3081	2939	2.368425
3082	2943	2.371648
3083	2947	2.374872
3084	2938	2.367619
3085	2943	2.371648
3086	2938	2.367619
3087	2952	2.378901
3088	2938	2.367619
3089	2939	2.368425
3090	2938	2.367619
3091	2936	2.366007
3092	2927	2.358755
3093	2927	2.358755
3094	2943	2.371648
3095	2938	2.367619
3096	2938	2.367619
3097	2938	2.367619
3098	2954	2.380513
3099	2938	2.367619
3100	2954	2.380513
3101	2952	2.378901
3102	2938	2.367619
3103	2947	2.374872
3104	2931	2.361978
3105	2938	2.367619
3106	2943	2.371648
3107	2939	2.368425
3108	2938	2.367619
3109	2939	2.368425
3110	2943	2.371648
3111	2938	2.367619
3112	2936	2.366007
3113	2938	2.367619
3114	2954	2.380513
3115	2954	2.380513
3116	2939	2.368425
3117	2939	2.368425
3118	2938	2.367619
3119	2943	2.371648
3120	2943	2.371648
3121	2947	2.374872
3122	2939	2.368425
3123	2938	2.367619
3124	2954	2.380513
3125	2939	2.368425
3126	2939	2.368425
3127	2939	2.368425
3128	2939	2.368425
3129	2939	2.368425
3130	2939	2.368425
3131	2938	2.367619
3132	2947	2.374872
3133	2939	2.368425
3134	2939	2.368425
3135	2938	2.367619
3136	2947	2.374872
3137	2939	2.368425
3138	2955	2.381319
3139	2939	2.368425
3140	2943	2.371648
3141	2943	2.371648
3142	2939	2.368425
3143	2946	2.374066
3144	2938	2.367619
3145	2946	2.374066
3146	2939	2.368425
3147	2954	2.380513
3148	2946	2.374066
3149	2939	2.368425
3150	2947	2.374872
3151	2939	2.368425
3152	2946	2.374066
3153	2943	2.371648
3154	2952	2.378901
3155	2946	2.374066
3156	2943	2.371648
3157	2943	2.371648
3158	2954	2.380513
3159	2938	2.367619
3160	2952	2.378901
3161	2954	2.380513
3162	2947	2.374872
3163	2938	2.367619
3164	2943	2.371648
3165	2954	2.380513
3166	2946	2.374066
3167	2939	2.368425
3168	2954	2.380513
3169	2952	2.378901
3170	2954	2.380513
3171	2947	2.374872
3172	2936	2.366007
3173	2952	2.378901
3174	2939	2.368425
3175	2939	2.368425
3176	2947	2.374872
3177	2938	2.367619
3178	2943	2.371648
3179	2947	2.374872
3180	2943	2.371648
3181	2954	2.380513
3182	2954	2.380513
3183	2938	2.367619
3184	2939	2.368425
3185	2954	2.380513
3186	2939	2.368425
3187	2939	2.368425
3188	2958	2.383736
3189	2938	2.367619
3190	2947	2.374872
3191	2938	2.367619
3192	2954	2.380513
3193	2954	2.380513
3194	2952	2.378901
3195	2952	2.378901
3196	2954	2.380513
3197	2939	2.368425
3198	2954	2.380513
3199	2939	2.368425
3200	2943	2.371648
3201	2954	2.380513
3202	2952	2.378901
3203	2954	2.380513
3204	2955	2.381319
3205	2939	2.368425
3206	2954	2.380513
3207	2954	2.380513
3208	2952	2.378901
3209	2939	2.368425
3210	2939	2.368425
3211	2939	2.368425
3212	2954	2.380513
3213	2954	2.380513
3214	2954	2.380513
3215	2943	2.371648
3216	2955	2.381319
3217	2947	2.374872
3218	2959	2.384542
3219	2939	2.368425
3220	2959	2.384542
3221	2954	2.380513
3222	2943	2.371648
3223	2952	2.378901
3224	2955	2.381319
3225	2947	2.374872
3226	2952	2.378901
3227	2939	2.368425
3228	2954	2.380513
3229	2939	2.368425
3230	2947	2.374872
3231	2939	2.368425
3232	2939	2.368425
3233	2955	2.381319
3234	2955	2.381319
3235	2946	2.374066
3236	2955	2.381319
3237	2946	2.374066
3238	2954	2.380513
3239	2943	2.371648
3240	2954	2.380513
3241	2955	2.381319
3242	2947	2.374872
3243	2955	2.381319
3244	2954	2.380513
3245	2955	2.381319
3246	2959	2.384542
3247	2947	2.374872
3248	2954	2.380513
3249	2955	2.381319
3250	2954	2.380513
3251	2943	2.371648
3252	2954	2.380513
3253	2947	2.374872
3254	2946	2.374066
3255	2954	2.380513
3256	2955	2.381319
3257	2955	2.381319
3258	2954	2.380513
3259	2946	2.374066
3260	2954	2.380513
3261	2943	2.371648
3262	2955	2.381319
3263	2954	2.380513
3264	2947	2.374872
3265	2954	2.380513
3266	2959	2.384542
3267	2939	2.368425
3268	2959	2.384542
3269	2952	2.378901
3270	2947	2.374872
3271	2943	2.371648
3272	2943	2.371648
3273	2959	2.384542
3274	2939	2.368425
3275	2954	2.380513
3276	2962	2.386960
3277	2954	2.380513
3278	2959	2.384542
3279	2952	2.378901
3280	2943	2.371648
3281	2954	2.380513
3282	2959	2.384542
3283	2976	2.398242
3284	2943	2.371648
3285	2954	2.380513
3286	2952	2.378901
3287	2955	2.381319
3288	2946	2.374066
3289	2954	2.380513
3290	2954	2.380513
3291	2954	2.380513
3292	2963	2.387766
3293	2959	2.384542
3294	2955	2.381319
3295	2954	2.380513
3296	2955	2.381319
3297	2959	2.384542
3298	2955	2.381319
3299	2954	2.380513
3300	2955	2.381319
3301	2970	2.393407
3302	2954	2.380513
3303	2954	2.380513
3304	2955	2.381319
3305	2954	2.380513
3306	2954	2.380513
3307	2954	2.380513
3308	2954	2.380513
3309	2955	2.381319
3310	2959	2.384542
3311	2954	2.380513
3312	2976	2.398242
3313	2947	2.374872
3314	2959	2.384542
3315	2962	2.386960
3316	2959	2.384542
3317	2939	2.368425
3318	2954	2.380513
3319	2976	2.398242
3320	2954	2.380513
3321	2955	2.381319
3322	2954	2.380513
3323	2955	2.381319
3324	2963	2.387766
3325	2959	2.384542
3326	2954	2.380513
3327	2947	2.374872
3328	2955	2.381319
3329	2955	2.381319
3330	2955	2.381319
3331	2959	2.384542
3332	2952	2.378901
3333	2954	2.380513
3334	2955	2.381319
3335	2954	2.380513
3336	2947	2.374872
3337	2954	2.380513
3338	2954	2.380513
3339	2963	2.387766
3340	2955	2.381319
3341	2954	2.380513
3342	2955	2.381319
3343	2959	2.384542
3344	2954	2.380513
3345	2952	2.378901
3346	2955	2.381319
3347	2955	2.381319
3348	2959	2.384542
3349	2976	2.398242
3350	2954	2.380513
3351	2959	2.384542
3352	2955	2.381319
3353	2947	2.374872
3354	2959	2.384542
3355	2976	2.398242
3356	2959	2.384542
3357	2954	2.380513
3358	2954	2.380513
3359	2959	2.384542
3360	2959	2.384542
3361	2976	2.398242
3362	2954	2.380513
3363	2955	2.381319
3364	2955	2.381319
3365	2954	2.380513
3366	2955	2.381319
3367	2954	2.380513
3368	2954	2.380513
3369	2955	2.381319
3370	2959	2.384542
3371	2955	2.381319
3372	2955	2.381319
3373	2954	2.380513
3374	2955	2.381319
3375	2976	2.398242
3376	2952	2.378901
3377	2954	2.380513
3378	2976	2.398242
3379	2955	2.381319
3380	2955	2.381319
3381	2954	2.380513
3382	2955	2.381319
3383	2955	2.381319
3384	2959	2.384542
3385	2955	2.381319
3386	2955	2.381319
3387	2955	2.381319
3388	2954	2.380513
3389	2968	2.391795
3390	2959	2.384542
3391	2955	2.381319
3392	2955	2.381319
3393	2968	2.391795
3394	2955	2.381319
3395	2955	2.381319
3396	2976	2.398242
3397	2955	2.381319
3398	2954	2.380513
3399	2946	2.374066
3400	2954	2.380513
3401	2954	2.380513
3402	2959	2.384542
3403	2959	2.384542
3404	2959	2.384542
3405	2963	2.387766
3406	2955	2.381319
3407	2955	2.381319
3408	2959	2.384542
3409	2963	2.387766
3410	2976	2.398242
3411	2947	2.374872
3412	2947	2.374872
3413	2952	2.378901
3414	2955	2.381319
3415	2954	2.380513
3416	2952	2.378901
3417	2976	2.398242
3418	2955	2.381319
3419	2955	2.381319
3420	2954	2.380513
3421	2947	2.374872
3422	2954	2.380513
3423	2959	2.384542
3424	2955	2.381319
3425	2952	2.378901
3426	2954	2.380513
3427	2976	2.398242
3428	2943	2.371648
3429	2955	2.381319
3430	2955	2.381319
3431	2943	2.371648
3432	2959	2.384542
3433	2954	2.380513
3434	2963	2.387766
3435	2959	2.384542
3436	2954	2.380513
3437	2954	2.380513
3438	2943	2.371648
3439	2959	2.384542
3440	2955	2.381319
3441	2943	2.371648
3442	2955	2.381319
3443	2947	2.374872
3444	2954	2.380513
3445	2955	2.381319
3446	2955	2.381319
3447	2955	2.381319
3448	2963	2.387766
3449	2947	2.374872
3450	2963	2.387766
3451	2968	2.391795
3452	2955	2.381319
3453	2954	2.380513
3454	2943	2.371648
3455	2959	2.384542
3456	2976	2.398242
3457	2954	2.380513
3458	2959	2.384542
3459	2955	2.381319
3460	2954	2.380513
3461	2955	2.381319
3462	2963	2.387766
3463	2946	2.374066
3464	2959	2.384542
3465	2939	2.368425
3466	2959	2.384542
3467	2955	2.381319
3468	2963	2.387766
3469	2952	2.378901
3470	2959	2.384542
3471	2954	2.380513
3472	2947	2.374872
3473	2943	2.371648
3474	2955	2.381319
3475	2947	2.374872
3476	2947	2.374872
3477	2954	2.380513
3478	2952	2.378901
3479	2943	2.371648
3480	2952	2.378901
3481	2939	2.368425
3482	2954	2.380513
3483	2955	2.381319
3484	2939	2.368425
3485	2947	2.374872
3486	2954	2.380513
3487	2939	2.368425
3488	2955	2.381319
3489	2939	2.368425
3490	2955	2.381319
3491	2955	2.381319
3492	2954	2.380513
3493	2955	2.381319
3494	2954	2.380513
3495	2954	2.380513
3496	2943	2.371648
3497	2947	2.374872
3498	2954	2.380513
3499	2939	2.368425
3500	2943	2.371648
3501	2946	2.374066
3502	2947	2.374872
3503	2943	2.371648
3504	2946	2.374066
3505	2939	2.368425
3506	2942	2.370842
3507	2946	2.374066
3508	2952	2.378901
3509	2946	2.374066
3510	2954	2.380513
3511	2943	2.371648
3512	2938	2.367619
3513	2952	2.378901
3514	2939	2.368425
3515	2939	2.368425
3516	2954	2.380513
3517	2943	2.371648
3518	2939	2.368425
3519	2952	2.378901
3520	2939	2.368425
3521	2954	2.380513
3522	2947	2.374872
3523	2939	2.368425
3524	2947	2.374872
3525	2947	2.374872
3526	2939	2.368425
3527	2943	2.371648
3528	2939	2.368425
3529	2939	2.368425
3530	2938	2.367619
3531	2938	2.367619
3532	2938	2.367619
3533	2938	2.367619
3534	2938	2.367619
3535	2936	2.366007
3536	2938	2.367619
3537	2938	2.367619
3538	2938	2.367619
3539	2939	2.368425
3540	2938	2.367619
3541	2936	2.366007
3542	2938	2.367619
3543	2936	2.366007
3544	2923	2.355531
3545	2923	2.355531
3546	2927	2.358755
3547	2939	2.368425
3548	2938	2.367619
3549	2927	2.358755
3550	2938	2.367619
3551	2923	2.355531
3552	2938	2.367619
3553	2939	2.368425
3554	2927	2.358755
3555	2939	2.368425
3556	2938	2.367619
3557	2939	2.368425
3558	2927	2.358755
3559	2923	2.355531
3560	2923	2.355531
3561	2931	2.361978
3562	2936	2.366007
3563	2939	2.368425
3564	2938	2.367619
3565	2922	2.354725
3566	2938	2.367619
3567	2938	2.367619
3568	2939	2.368425
3569	2936	2.366007
3570	2923	2.355531
3571	2922	2.354725
3572	2923	2.355531
3573	2938	2.367619
3574	2927	2.358755
3575	2938	2.367619
3576	2927	2.358755
3577	2938	2.367619
3578	2938	2.367619
3579	2923	2.355531
3580	2922	2.354725
3581	2923	2.355531
3582	2923	2.355531
3583	2914	2.348278
3584	2920	2.353114
3585	2922	2.354725
3586	2922	2.354725
3587	2915	2.349084
3588	2923	2.355531
3589	2922	2.354725
3590	2922	2.354725
3591	2927	2.358755
3592	2927	2.358755
3593	2915	2.349084
3594	2923	2.355531
3595	2927	2.358755
3596	2914	2.348278
3597	2923	2.355531
3598	2912	2.346667
3599	2915	2.349084
3600	2922	2.354725
3601	2922	2.354725
3602	2922	2.354725
3603	2912	2.346667
3604	2912	2.346667
3605	2923	2.355531
3606	2914	2.348278
3607	2914	2.348278
3608	2922	2.354725
3609	2914	2.348278
3610	2914	2.348278
3611	2904	2.340220
3612	2914	2.348278
3613	2912	2.346667
3614	2912	2.346667
3615	2912	2.346667
3616	2922	2.354725
3617	2912	2.346667
3618	2923	2.355531
3619	2912	2.346667
3620	2914	2.348278
3621	2912	2.346667
3622	2904	2.340220
3623	2912	2.346667
3624	2912	2.346667
3625	2920	2.353114
3626	2914	2.348278
3627	2899	2.336190
3628	2906	2.341832
3629	2914	2.348278
3630	2912	2.346667
3631	2912	2.346667
3632	2914	2.348278
3633	2912	2.346667
3634	2904	2.340220
3635	2912	2.346667
3636	2912	2.346667
3637	2912	2.346667
3638	2904	2.340220
3639	2912	2.346667
3640	2914	2.348278
3641	2891	2.329744
3642	2914	2.348278
3643	2912	2.346667
3644	2912	2.346667
3645	2891	2.329744
3646	2890	2.328938
3647	2890	2.328938
