Pixel	ADC	VoltageV
1	3938	3.173480
2	3938	3.173480
3	3938	3.173480
4	3936	3.171868
5	3936	3.171868
6	3936	3.171868
7	3936	3.171868
8	3936	3.171868
9	3915	3.154945
10	3936	3.171868
11	3936	3.171868
12	3936	3.171868
13	3936	3.171868
14	3936	3.171868
15	3936	3.171868
16	3919	3.158168
17	3151	2.539267
18	2543	2.049304
19	2559	2.062198
20	2568	2.069451
21	2571	2.071868
22	2570	2.071062
23	2568	2.069451
24	2575	2.075092
25	2568	2.069451
26	2555	2.058974
27	2555	2.058974
28	2568	2.069451
29	2559	2.062198
30	2575	2.075092
31	2571	2.071868
32	2575	2.075092
33	2584	2.082344
34	2571	2.071868
35	2570	2.071062
36	2575	2.075092
37	2571	2.071868
38	2586	2.083956
39	2571	2.071868
40	2570	2.071062
41	2579	2.078315
42	2575	2.075092
43	2571	2.071868
44	2584	2.082344
45	2571	2.071868
46	2575	2.075092
47	2568	2.069451
48	2579	2.078315
49	2571	2.071868
50	2568	2.069451
51	2592	2.088791
52	2570	2.071062
53	2555	2.058974
54	2584	2.082344
55	2586	2.083956
56	2575	2.075092
57	2592	2.088791
58	2571	2.071868
59	2570	2.071062
60	2575	2.075092
61	2584	2.082344
62	2571	2.071868
63	2586	2.083956
64	2584	2.082344
65	2579	2.078315
66	2584	2.082344
67	2584	2.082344
68	2571	2.071868
69	2570	2.071062
70	2570	2.071062
71	2586	2.083956
72	2575	2.075092
73	2584	2.082344
74	2570	2.071062
75	2571	2.071868
76	2584	2.082344
77	2571	2.071868
78	2584	2.082344
79	2563	2.065421
80	2570	2.071062
81	2571	2.071868
82	2579	2.078315
83	2570	2.071062
84	2571	2.071868
85	2570	2.071062
86	2571	2.071868
87	2555	2.058974
88	2559	2.062198
89	2571	2.071868
90	2568	2.069451
91	2575	2.075092
92	2570	2.071062
93	2568	2.069451
94	2570	2.071062
95	2571	2.071868
96	2575	2.075092
97	2571	2.071868
98	2570	2.071062
99	2579	2.078315
100	2570	2.071062
101	2592	2.088791
102	2571	2.071868
103	2559	2.062198
104	2592	2.088791
105	2571	2.071868
106	2568	2.069451
107	2584	2.082344
108	2575	2.075092
109	2575	2.075092
110	2592	2.088791
111	2586	2.083956
112	2579	2.078315
113	2559	2.062198
114	2571	2.071868
115	2571	2.071868
116	2570	2.071062
117	2570	2.071062
118	2592	2.088791
119	2575	2.075092
120	2571	2.071868
121	2571	2.071868
122	2592	2.088791
123	2579	2.078315
124	2570	2.071062
125	2575	2.075092
126	2575	2.075092
127	2568	2.069451
128	2568	2.069451
129	2575	2.075092
130	2575	2.075092
131	2575	2.075092
132	2579	2.078315
133	2571	2.071868
134	2571	2.071868
135	2570	2.071062
136	2575	2.075092
137	2570	2.071062
138	2575	2.075092
139	2571	2.071868
140	2570	2.071062
141	2571	2.071868
142	2586	2.083956
143	2570	2.071062
144	2592	2.088791
145	2570	2.071062
146	2584	2.082344
147	2571	2.071868
148	2575	2.075092
149	2584	2.082344
150	2592	2.088791
151	2571	2.071868
152	2571	2.071868
153	2584	2.082344
154	2575	2.075092
155	2571	2.071868
156	2584	2.082344
157	2571	2.071868
158	2594	2.090403
159	2571	2.071868
160	2571	2.071868
161	2584	2.082344
162	2592	2.088791
163	2568	2.069451
164	2594	2.090403
165	2571	2.071868
166	2575	2.075092
167	2571	2.071868
168	2584	2.082344
169	2570	2.071062
170	2575	2.075092
171	2575	2.075092
172	2592	2.088791
173	2586	2.083956
174	2575	2.075092
175	2592	2.088791
176	2584	2.082344
177	2584	2.082344
178	2584	2.082344
179	2592	2.088791
180	2594	2.090403
181	2595	2.091209
182	2595	2.091209
183	2592	2.088791
184	2602	2.096850
185	2592	2.088791
186	2584	2.082344
187	2595	2.091209
188	2603	2.097656
189	2592	2.088791
190	2595	2.091209
191	2586	2.083956
192	2592	2.088791
193	2594	2.090403
194	2592	2.088791
195	2592	2.088791
196	2584	2.082344
197	2592	2.088791
198	2575	2.075092
199	2592	2.088791
200	2592	2.088791
201	2571	2.071868
202	2592	2.088791
203	2584	2.082344
204	2575	2.075092
205	2586	2.083956
206	2592	2.088791
207	2584	2.082344
208	2584	2.082344
209	2586	2.083956
210	2592	2.088791
211	2579	2.078315
212	2571	2.071868
213	2575	2.075092
214	2575	2.075092
215	2600	2.095238
216	2584	2.082344
217	2592	2.088791
218	2571	2.071868
219	2575	2.075092
220	2584	2.082344
221	2584	2.082344
222	2592	2.088791
223	2570	2.071062
224	2592	2.088791
225	2600	2.095238
226	2579	2.078315
227	2594	2.090403
228	2584	2.082344
229	2584	2.082344
230	2595	2.091209
231	2584	2.082344
232	2592	2.088791
233	2592	2.088791
234	2592	2.088791
235	2579	2.078315
236	2592	2.088791
237	2592	2.088791
238	2584	2.082344
239	2592	2.088791
240	2592	2.088791
241	2571	2.071868
242	2579	2.078315
243	2571	2.071868
244	2592	2.088791
245	2571	2.071868
246	2579	2.078315
247	2571	2.071868
248	2603	2.097656
249	2586	2.083956
250	2586	2.083956
251	2571	2.071868
252	2592	2.088791
253	2592	2.088791
254	2584	2.082344
255	2584	2.082344
256	2592	2.088791
257	2594	2.090403
258	2600	2.095238
259	2575	2.075092
260	2595	2.091209
261	2594	2.090403
262	2603	2.097656
263	2592	2.088791
264	2592	2.088791
265	2584	2.082344
266	2595	2.091209
267	2592	2.088791
268	2592	2.088791
269	2575	2.075092
270	2571	2.071868
271	2592	2.088791
272	2592	2.088791
273	2595	2.091209
274	2594	2.090403
275	2571	2.071868
276	2592	2.088791
277	2595	2.091209
278	2579	2.078315
279	2575	2.075092
280	2592	2.088791
281	2594	2.090403
282	2586	2.083956
283	2586	2.083956
284	2594	2.090403
285	2571	2.071868
286	2600	2.095238
287	2575	2.075092
288	2595	2.091209
289	2584	2.082344
290	2584	2.082344
291	2586	2.083956
292	2592	2.088791
293	2592	2.088791
294	2603	2.097656
295	2592	2.088791
296	2592	2.088791
297	2592	2.088791
298	2594	2.090403
299	2592	2.088791
300	2595	2.091209
301	2592	2.088791
302	2603	2.097656
303	2571	2.071868
304	2594	2.090403
305	2592	2.088791
306	2600	2.095238
307	2592	2.088791
308	2594	2.090403
309	2600	2.095238
310	2602	2.096850
311	2595	2.091209
312	2602	2.096850
313	2592	2.088791
314	2592	2.088791
315	2595	2.091209
316	2600	2.095238
317	2603	2.097656
318	2600	2.095238
319	2603	2.097656
320	2594	2.090403
321	2584	2.082344
322	2600	2.095238
323	2592	2.088791
324	2592	2.088791
325	2600	2.095238
326	2603	2.097656
327	2603	2.097656
328	2595	2.091209
329	2603	2.097656
330	2592	2.088791
331	2602	2.096850
332	2592	2.088791
333	2584	2.082344
334	2603	2.097656
335	2602	2.096850
336	2594	2.090403
337	2602	2.096850
338	2602	2.096850
339	2592	2.088791
340	2600	2.095238
341	2594	2.090403
342	2592	2.088791
343	2603	2.097656
344	2600	2.095238
345	2595	2.091209
346	2602	2.096850
347	2592	2.088791
348	2607	2.100879
349	2595	2.091209
350	2603	2.097656
351	2592	2.088791
352	2592	2.088791
353	2592	2.088791
354	2600	2.095238
355	2603	2.097656
356	2602	2.096850
357	2594	2.090403
358	2594	2.090403
359	2603	2.097656
360	2600	2.095238
361	2600	2.095238
362	2600	2.095238
363	2600	2.095238
364	2595	2.091209
365	2602	2.096850
366	2616	2.108132
367	2595	2.091209
368	2600	2.095238
369	2594	2.090403
370	2603	2.097656
371	2611	2.104103
372	2594	2.090403
373	2602	2.096850
374	2600	2.095238
375	2602	2.096850
376	2592	2.088791
377	2603	2.097656
378	2602	2.096850
379	2595	2.091209
380	2602	2.096850
381	2592	2.088791
382	2594	2.090403
383	2575	2.075092
384	2592	2.088791
385	2586	2.083956
386	2595	2.091209
387	2603	2.097656
388	2592	2.088791
389	2592	2.088791
390	2602	2.096850
391	2592	2.088791
392	2594	2.090403
393	2592	2.088791
394	2595	2.091209
395	2603	2.097656
396	2600	2.095238
397	2600	2.095238
398	2603	2.097656
399	2595	2.091209
400	2595	2.091209
401	2592	2.088791
402	2607	2.100879
403	2592	2.088791
404	2603	2.097656
405	2595	2.091209
406	2602	2.096850
407	2611	2.104103
408	2603	2.097656
409	2595	2.091209
410	2592	2.088791
411	2592	2.088791
412	2603	2.097656
413	2592	2.088791
414	2592	2.088791
415	2600	2.095238
416	2595	2.091209
417	2600	2.095238
418	2600	2.095238
419	2603	2.097656
420	2600	2.095238
421	2595	2.091209
422	2594	2.090403
423	2600	2.095238
424	2603	2.097656
425	2618	2.109744
426	2603	2.097656
427	2602	2.096850
428	2611	2.104103
429	2602	2.096850
430	2602	2.096850
431	2595	2.091209
432	2600	2.095238
433	2607	2.100879
434	2600	2.095238
435	2603	2.097656
436	2594	2.090403
437	2602	2.096850
438	2603	2.097656
439	2594	2.090403
440	2602	2.096850
441	2611	2.104103
442	2603	2.097656
443	2603	2.097656
444	2600	2.095238
445	2594	2.090403
446	2600	2.095238
447	2603	2.097656
448	2616	2.108132
449	2611	2.104103
450	2595	2.091209
451	2595	2.091209
452	2603	2.097656
453	2611	2.104103
454	2603	2.097656
455	2592	2.088791
456	2603	2.097656
457	2607	2.100879
458	2607	2.100879
459	2603	2.097656
460	2611	2.104103
461	2592	2.088791
462	2600	2.095238
463	2602	2.096850
464	2603	2.097656
465	2603	2.097656
466	2603	2.097656
467	2616	2.108132
468	2600	2.095238
469	2611	2.104103
470	2602	2.096850
471	2616	2.108132
472	2624	2.114579
473	2618	2.109744
474	2602	2.096850
475	2607	2.100879
476	2600	2.095238
477	2618	2.109744
478	2616	2.108132
479	2611	2.104103
480	2607	2.100879
481	2616	2.108132
482	2602	2.096850
483	2626	2.116190
484	2607	2.100879
485	2619	2.110549
486	2616	2.108132
487	2611	2.104103
488	2618	2.109744
489	2618	2.109744
490	2603	2.097656
491	2618	2.109744
492	2618	2.109744
493	2607	2.100879
494	2602	2.096850
495	2611	2.104103
496	2624	2.114579
497	2603	2.097656
498	2607	2.100879
499	2592	2.088791
500	2616	2.108132
501	2607	2.100879
502	2603	2.097656
503	2595	2.091209
504	2618	2.109744
505	2619	2.110549
506	2607	2.100879
507	2602	2.096850
508	2603	2.097656
509	2603	2.097656
510	2600	2.095238
511	2624	2.114579
512	2603	2.097656
513	2607	2.100879
514	2607	2.100879
515	2607	2.100879
516	2616	2.108132
517	2603	2.097656
518	2603	2.097656
519	2603	2.097656
520	2607	2.100879
521	2607	2.100879
522	2607	2.100879
523	2595	2.091209
524	2603	2.097656
525	2624	2.114579
526	2616	2.108132
527	2607	2.100879
528	2600	2.095238
529	2602	2.096850
530	2602	2.096850
531	2603	2.097656
532	2611	2.104103
533	2603	2.097656
534	2603	2.097656
535	2616	2.108132
536	2611	2.104103
537	2616	2.108132
538	2607	2.100879
539	2607	2.100879
540	2611	2.104103
541	2600	2.095238
542	2626	2.116190
543	2616	2.108132
544	2618	2.109744
545	2616	2.108132
546	2627	2.116996
547	2624	2.114579
548	2624	2.114579
549	2634	2.122637
550	2635	2.123443
551	2619	2.110549
552	2626	2.116190
553	2600	2.095238
554	2611	2.104103
555	2616	2.108132
556	2611	2.104103
557	2618	2.109744
558	2603	2.097656
559	2611	2.104103
560	2619	2.110549
561	2618	2.109744
562	2607	2.100879
563	2618	2.109744
564	2618	2.109744
565	2624	2.114579
566	2618	2.109744
567	2624	2.114579
568	2618	2.109744
569	2616	2.108132
570	2616	2.108132
571	2619	2.110549
572	2618	2.109744
573	2618	2.109744
574	2618	2.109744
575	2611	2.104103
576	2616	2.108132
577	2611	2.104103
578	2603	2.097656
579	2603	2.097656
580	2603	2.097656
581	2619	2.110549
582	2627	2.116996
583	2618	2.109744
584	2619	2.110549
585	2619	2.110549
586	2607	2.100879
587	2618	2.109744
588	2607	2.100879
589	2603	2.097656
590	2607	2.100879
591	2632	2.121026
592	2619	2.110549
593	2611	2.104103
594	2603	2.097656
595	2618	2.109744
596	2616	2.108132
597	2618	2.109744
598	2618	2.109744
599	2616	2.108132
600	2616	2.108132
601	2618	2.109744
602	2616	2.108132
603	2607	2.100879
604	2611	2.104103
605	2619	2.110549
606	2607	2.100879
607	2607	2.100879
608	2603	2.097656
609	2624	2.114579
610	2603	2.097656
611	2616	2.108132
612	2602	2.096850
613	2607	2.100879
614	2603	2.097656
615	2619	2.110549
616	2616	2.108132
617	2618	2.109744
618	2618	2.109744
619	2619	2.110549
620	2616	2.108132
621	2603	2.097656
622	2618	2.109744
623	2619	2.110549
624	2618	2.109744
625	2618	2.109744
626	2616	2.108132
627	2618	2.109744
628	2602	2.096850
629	2603	2.097656
630	2607	2.100879
631	2626	2.116190
632	2611	2.104103
633	2619	2.110549
634	2618	2.109744
635	2611	2.104103
636	2603	2.097656
637	2626	2.116190
638	2618	2.109744
639	2607	2.100879
640	2632	2.121026
641	2632	2.121026
642	2618	2.109744
643	2632	2.121026
644	2619	2.110549
645	2607	2.100879
646	2626	2.116190
647	2616	2.108132
648	2607	2.100879
649	2607	2.100879
650	2626	2.116190
651	2626	2.116190
652	2619	2.110549
653	2619	2.110549
654	2624	2.114579
655	2607	2.100879
656	2611	2.104103
657	2619	2.110549
658	2611	2.104103
659	2624	2.114579
660	2619	2.110549
661	2624	2.114579
662	2626	2.116190
663	2634	2.122637
664	2624	2.114579
665	2619	2.110549
666	2627	2.116996
667	2624	2.114579
668	2639	2.126667
669	2632	2.121026
670	2611	2.104103
671	2634	2.122637
672	2624	2.114579
673	2626	2.116190
674	2635	2.123443
675	2619	2.110549
676	2626	2.116190
677	2619	2.110549
678	2611	2.104103
679	2624	2.114579
680	2626	2.116190
681	2632	2.121026
682	2618	2.109744
683	2634	2.122637
684	2618	2.109744
685	2626	2.116190
686	2632	2.121026
687	2632	2.121026
688	2619	2.110549
689	2619	2.110549
690	2627	2.116996
691	2618	2.109744
692	2616	2.108132
693	2618	2.109744
694	2619	2.110549
695	2619	2.110549
696	2619	2.110549
697	2626	2.116190
698	2632	2.121026
699	2626	2.116190
700	2632	2.121026
701	2627	2.116996
702	2626	2.116190
703	2627	2.116996
704	2619	2.110549
705	2624	2.114579
706	2635	2.123443
707	2656	2.140366
708	2632	2.121026
709	2635	2.123443
710	2634	2.122637
711	2619	2.110549
712	2634	2.122637
713	2611	2.104103
714	2618	2.109744
715	2624	2.114579
716	2607	2.100879
717	2603	2.097656
718	2624	2.114579
719	2624	2.114579
720	2635	2.123443
721	2627	2.116996
722	2634	2.122637
723	2632	2.121026
724	2635	2.123443
725	2627	2.116996
726	2624	2.114579
727	2627	2.116996
728	2627	2.116996
729	2648	2.133919
730	2627	2.116996
731	2611	2.104103
732	2634	2.122637
733	2635	2.123443
734	2626	2.116190
735	2635	2.123443
736	2639	2.126667
737	2639	2.126667
738	2635	2.123443
739	2624	2.114579
740	2632	2.121026
741	2624	2.114579
742	2624	2.114579
743	2635	2.123443
744	2639	2.126667
745	2627	2.116996
746	2624	2.114579
747	2632	2.121026
748	2632	2.121026
749	2618	2.109744
750	2634	2.122637
751	2624	2.114579
752	2626	2.116190
753	2643	2.129890
754	2632	2.121026
755	2626	2.116190
756	2624	2.114579
757	2627	2.116996
758	2632	2.121026
759	2632	2.121026
760	2639	2.126667
761	2635	2.123443
762	2632	2.121026
763	2656	2.140366
764	2635	2.123443
765	2635	2.123443
766	2635	2.123443
767	2634	2.122637
768	2635	2.123443
769	2632	2.121026
770	2639	2.126667
771	2639	2.126667
772	2639	2.126667
773	2627	2.116996
774	2635	2.123443
775	2639	2.126667
776	2632	2.121026
777	2635	2.123443
778	2627	2.116996
779	2635	2.123443
780	2632	2.121026
781	2643	2.129890
782	2635	2.123443
783	2639	2.126667
784	2635	2.123443
785	2635	2.123443
786	2656	2.140366
787	2648	2.133919
788	2643	2.129890
789	2648	2.133919
790	2650	2.135531
791	2634	2.122637
792	2659	2.142784
793	2643	2.129890
794	2635	2.123443
795	2648	2.133919
796	2656	2.140366
797	2648	2.133919
798	2648	2.133919
799	2639	2.126667
800	2656	2.140366
801	2656	2.140366
802	2656	2.140366
803	2643	2.129890
804	2648	2.133919
805	2639	2.126667
806	2635	2.123443
807	2643	2.129890
808	2648	2.133919
809	2648	2.133919
810	2656	2.140366
811	2648	2.133919
812	2656	2.140366
813	2656	2.140366
814	2664	2.146813
815	2658	2.141978
816	2666	2.148425
817	2666	2.148425
818	2658	2.141978
819	2659	2.142784
820	2656	2.140366
821	2648	2.133919
822	2656	2.140366
823	2658	2.141978
824	2666	2.148425
825	2664	2.146813
826	2658	2.141978
827	2666	2.148425
828	2658	2.141978
829	2656	2.140366
830	2666	2.148425
831	2666	2.148425
832	2656	2.140366
833	2656	2.140366
834	2658	2.141978
835	2656	2.140366
836	2656	2.140366
837	2643	2.129890
838	2656	2.140366
839	2658	2.141978
840	2667	2.149231
841	2648	2.133919
842	2666	2.148425
843	2659	2.142784
844	2659	2.142784
845	2667	2.149231
846	2659	2.142784
847	2656	2.140366
848	2666	2.148425
849	2664	2.146813
850	2658	2.141978
851	2664	2.146813
852	2671	2.152454
853	2667	2.149231
854	2659	2.142784
855	2682	2.161319
856	2664	2.146813
857	2667	2.149231
858	2667	2.149231
859	2664	2.146813
860	2658	2.141978
861	2658	2.141978
862	2667	2.149231
863	2666	2.148425
864	2664	2.146813
865	2667	2.149231
866	2666	2.148425
867	2667	2.149231
868	2683	2.162125
869	2667	2.149231
870	2683	2.162125
871	2682	2.161319
872	2683	2.162125
873	2683	2.162125
874	2683	2.162125
875	2683	2.162125
876	2682	2.161319
877	2667	2.149231
878	2671	2.152454
879	2666	2.148425
880	2687	2.165348
881	2682	2.161319
882	2667	2.149231
883	2671	2.152454
884	2666	2.148425
885	2666	2.148425
886	2680	2.159707
887	2682	2.161319
888	2680	2.159707
889	2667	2.149231
890	2658	2.141978
891	2682	2.161319
892	2666	2.148425
893	2666	2.148425
894	2667	2.149231
895	2650	2.135531
896	2666	2.148425
897	2666	2.148425
898	2667	2.149231
899	2667	2.149231
900	2666	2.148425
901	2667	2.149231
902	2664	2.146813
903	2658	2.141978
904	2664	2.146813
905	2667	2.149231
906	2664	2.146813
907	2664	2.146813
908	2667	2.149231
909	2667	2.149231
910	2682	2.161319
911	2666	2.148425
912	2671	2.152454
913	2664	2.146813
914	2671	2.152454
915	2680	2.159707
916	2687	2.165348
917	2667	2.149231
918	2680	2.159707
919	2671	2.152454
920	2683	2.162125
921	2658	2.141978
922	2667	2.149231
923	2682	2.161319
924	2671	2.152454
925	2682	2.161319
926	2682	2.161319
927	2683	2.162125
928	2667	2.149231
929	2658	2.141978
930	2671	2.152454
931	2666	2.148425
932	2680	2.159707
933	2667	2.149231
934	2675	2.155678
935	2667	2.149231
936	2667	2.149231
937	2666	2.148425
938	2671	2.152454
939	2671	2.152454
940	2664	2.146813
941	2667	2.149231
942	2666	2.148425
943	2667	2.149231
944	2680	2.159707
945	2667	2.149231
946	2667	2.149231
947	2682	2.161319
948	2683	2.162125
949	2667	2.149231
950	2671	2.152454
951	2667	2.149231
952	2671	2.152454
953	2682	2.161319
954	2671	2.152454
955	2682	2.161319
956	2666	2.148425
957	2683	2.162125
958	2667	2.149231
959	2680	2.159707
960	2680	2.159707
961	2680	2.159707
962	2683	2.162125
963	2680	2.159707
964	2671	2.152454
965	2667	2.149231
966	2667	2.149231
967	2683	2.162125
968	2675	2.155678
969	2696	2.172601
970	2667	2.149231
971	2671	2.152454
972	2683	2.162125
973	2683	2.162125
974	2687	2.165348
975	2687	2.165348
976	2680	2.159707
977	2687	2.165348
978	2667	2.149231
979	2683	2.162125
980	2696	2.172601
981	2671	2.152454
982	2671	2.152454
983	2683	2.162125
984	2667	2.149231
985	2671	2.152454
986	2667	2.149231
987	2666	2.148425
988	2680	2.159707
989	2671	2.152454
990	2671	2.152454
991	2680	2.159707
992	2687	2.165348
993	2671	2.152454
994	2687	2.165348
995	2703	2.178242
996	2682	2.161319
997	2683	2.162125
998	2691	2.168571
999	2699	2.175018
1000	2699	2.175018
1001	2699	2.175018
1002	2699	2.175018
1003	2696	2.172601
1004	2698	2.174212
1005	2683	2.162125
1006	2691	2.168571
1007	2687	2.165348
1008	2687	2.165348
1009	2687	2.165348
1010	2696	2.172601
1011	2698	2.174212
1012	2696	2.172601
1013	2696	2.172601
1014	2720	2.191941
1015	2699	2.175018
1016	2699	2.175018
1017	2683	2.162125
1018	2683	2.162125
1019	2687	2.165348
1020	2696	2.172601
1021	2683	2.162125
1022	2683	2.162125
1023	2698	2.174212
1024	2703	2.178242
1025	2699	2.175018
1026	2698	2.174212
1027	2698	2.174212
1028	2687	2.165348
1029	2696	2.172601
1030	2675	2.155678
1031	2687	2.165348
1032	2698	2.174212
1033	2696	2.172601
1034	2699	2.175018
1035	2691	2.168571
1036	2698	2.174212
1037	2699	2.175018
1038	2699	2.175018
1039	2696	2.172601
1040	2699	2.175018
1041	2683	2.162125
1042	2691	2.168571
1043	2687	2.165348
1044	2696	2.172601
1045	2699	2.175018
1046	2698	2.174212
1047	2699	2.175018
1048	2703	2.178242
1049	2683	2.162125
1050	2687	2.165348
1051	2703	2.178242
1052	2696	2.172601
1053	2703	2.178242
1054	2698	2.174212
1055	2683	2.162125
1056	2712	2.185495
1057	2699	2.175018
1058	2699	2.175018
1059	2712	2.185495
1060	2703	2.178242
1061	2699	2.175018
1062	2703	2.178242
1063	2720	2.191941
1064	2696	2.172601
1065	2699	2.175018
1066	2703	2.178242
1067	2699	2.175018
1068	2712	2.185495
1069	2698	2.174212
1070	2699	2.175018
1071	2720	2.191941
1072	2699	2.175018
1073	2698	2.174212
1074	2687	2.165348
1075	2699	2.175018
1076	2699	2.175018
1077	2696	2.172601
1078	2699	2.175018
1079	2712	2.185495
1080	2699	2.175018
1081	2720	2.191941
1082	2714	2.187106
1083	2698	2.174212
1084	2720	2.191941
1085	2720	2.191941
1086	2720	2.191941
1087	2720	2.191941
1088	2730	2.200000
1089	2703	2.178242
1090	2712	2.185495
1091	2712	2.185495
1092	2703	2.178242
1093	2728	2.198388
1094	2707	2.181465
1095	2712	2.185495
1096	2712	2.185495
1097	2723	2.194359
1098	2703	2.178242
1099	2703	2.178242
1100	2712	2.185495
1101	2703	2.178242
1102	2698	2.174212
1103	2699	2.175018
1104	2712	2.185495
1105	2720	2.191941
1106	2723	2.194359
1107	2720	2.191941
1108	2720	2.191941
1109	2720	2.191941
1110	2720	2.191941
1111	2722	2.193553
1112	2723	2.194359
1113	2720	2.191941
1114	2707	2.181465
1115	2707	2.181465
1116	2720	2.191941
1117	2703	2.178242
1118	2707	2.181465
1119	2712	2.185495
1120	2712	2.185495
1121	2720	2.191941
1122	2707	2.181465
1123	2723	2.194359
1124	2703	2.178242
1125	2714	2.187106
1126	2723	2.194359
1127	2712	2.185495
1128	2723	2.194359
1129	2712	2.185495
1130	2722	2.193553
1131	2722	2.193553
1132	2720	2.191941
1133	2720	2.191941
1134	2728	2.198388
1135	2720	2.191941
1136	2735	2.204029
1137	2720	2.191941
1138	2722	2.193553
1139	2712	2.185495
1140	2703	2.178242
1141	2720	2.191941
1142	2722	2.193553
1143	2712	2.185495
1144	2723	2.194359
1145	2699	2.175018
1146	2707	2.181465
1147	2720	2.191941
1148	2720	2.191941
1149	2723	2.194359
1150	2723	2.194359
1151	2714	2.187106
1152	2730	2.200000
1153	2722	2.193553
1154	2728	2.198388
1155	2722	2.193553
1156	2731	2.200806
1157	2735	2.204029
1158	2728	2.198388
1159	2722	2.193553
1160	2730	2.200000
1161	2728	2.198388
1162	2728	2.198388
1163	2722	2.193553
1164	2723	2.194359
1165	2731	2.200806
1166	2730	2.200000
1167	2731	2.200806
1168	2722	2.193553
1169	2722	2.193553
1170	2712	2.185495
1171	2730	2.200000
1172	2722	2.193553
1173	2723	2.194359
1174	2723	2.194359
1175	2744	2.211282
1176	2735	2.204029
1177	2731	2.200806
1178	2731	2.200806
1179	2730	2.200000
1180	2720	2.191941
1181	2730	2.200000
1182	2730	2.200000
1183	2730	2.200000
1184	2728	2.198388
1185	2735	2.204029
1186	2731	2.200806
1187	2728	2.198388
1188	2744	2.211282
1189	2731	2.200806
1190	2723	2.194359
1191	2730	2.200000
1192	2731	2.200806
1193	2731	2.200806
1194	2735	2.204029
1195	2728	2.198388
1196	2731	2.200806
1197	2735	2.204029
1198	2731	2.200806
1199	2731	2.200806
1200	2731	2.200806
1201	2735	2.204029
1202	2735	2.204029
1203	2722	2.193553
1204	2735	2.204029
1205	2731	2.200806
1206	2735	2.204029
1207	2731	2.200806
1208	2746	2.212894
1209	2731	2.200806
1210	2735	2.204029
1211	2744	2.211282
1212	2731	2.200806
1213	2735	2.204029
1214	2731	2.200806
1215	2731	2.200806
1216	2746	2.212894
1217	2752	2.217729
1218	2730	2.200000
1219	2735	2.204029
1220	2731	2.200806
1221	2735	2.204029
1222	2744	2.211282
1223	2731	2.200806
1224	2744	2.211282
1225	2731	2.200806
1226	2735	2.204029
1227	2744	2.211282
1228	2752	2.217729
1229	2739	2.207253
1230	2722	2.193553
1231	2731	2.200806
1232	2731	2.200806
1233	2735	2.204029
1234	2731	2.200806
1235	2735	2.204029
1236	2752	2.217729
1237	2763	2.226593
1238	2752	2.217729
1239	2754	2.219341
1240	2755	2.220147
1241	2735	2.204029
1242	2754	2.219341
1243	2746	2.212894
1244	2746	2.212894
1245	2744	2.211282
1246	2754	2.219341
1247	2752	2.217729
1248	2746	2.212894
1249	2744	2.211282
1250	2754	2.219341
1251	2744	2.211282
1252	2752	2.217729
1253	2744	2.211282
1254	2752	2.217729
1255	2760	2.224176
1256	2746	2.212894
1257	2746	2.212894
1258	2755	2.220147
1259	2746	2.212894
1260	2752	2.217729
1261	2747	2.213700
1262	2762	2.225788
1263	2744	2.211282
1264	2752	2.217729
1265	2752	2.217729
1266	2760	2.224176
1267	2746	2.212894
1268	2754	2.219341
1269	2762	2.225788
1270	2762	2.225788
1271	2762	2.225788
1272	2767	2.229817
1273	2754	2.219341
1274	2763	2.226593
1275	2755	2.220147
1276	2752	2.217729
1277	2752	2.217729
1278	2760	2.224176
1279	2767	2.229817
1280	2752	2.217729
1281	2762	2.225788
1282	2763	2.226593
1283	2760	2.224176
1284	2755	2.220147
1285	2754	2.219341
1286	2754	2.219341
1287	2755	2.220147
1288	2762	2.225788
1289	2760	2.224176
1290	2754	2.219341
1291	2763	2.226593
1292	2747	2.213700
1293	2763	2.226593
1294	2767	2.229817
1295	2760	2.224176
1296	2784	2.243516
1297	2760	2.224176
1298	2767	2.229817
1299	2762	2.225788
1300	2763	2.226593
1301	2767	2.229817
1302	2763	2.226593
1303	2771	2.233040
1304	2767	2.229817
1305	2762	2.225788
1306	2763	2.226593
1307	2760	2.224176
1308	2760	2.224176
1309	2767	2.229817
1310	2784	2.243516
1311	2767	2.229817
1312	2763	2.226593
1313	2754	2.219341
1314	2763	2.226593
1315	2762	2.225788
1316	2763	2.226593
1317	2784	2.243516
1318	2763	2.226593
1319	2763	2.226593
1320	2752	2.217729
1321	2763	2.226593
1322	2792	2.249963
1323	2763	2.226593
1324	2763	2.226593
1325	2771	2.233040
1326	2767	2.229817
1327	2776	2.237070
1328	2763	2.226593
1329	2776	2.237070
1330	2767	2.229817
1331	2763	2.226593
1332	2784	2.243516
1333	2771	2.233040
1334	2784	2.243516
1335	2784	2.243516
1336	2776	2.237070
1337	2784	2.243516
1338	2784	2.243516
1339	2776	2.237070
1340	2784	2.243516
1341	2763	2.226593
1342	2784	2.243516
1343	2763	2.226593
1344	2767	2.229817
1345	2784	2.243516
1346	2763	2.226593
1347	2776	2.237070
1348	2767	2.229817
1349	2763	2.226593
1350	2763	2.226593
1351	2776	2.237070
1352	2771	2.233040
1353	2776	2.237070
1354	2784	2.243516
1355	2794	2.251575
1356	2784	2.243516
1357	2784	2.243516
1358	2784	2.243516
1359	2763	2.226593
1360	2776	2.237070
1361	2784	2.243516
1362	2784	2.243516
1363	2776	2.237070
1364	2778	2.238681
1365	2784	2.243516
1366	2787	2.245934
1367	2784	2.243516
1368	2787	2.245934
1369	2784	2.243516
1370	2776	2.237070
1371	2784	2.243516
1372	2776	2.237070
1373	2784	2.243516
1374	2794	2.251575
1375	2784	2.243516
1376	2787	2.245934
1377	2784	2.243516
1378	2792	2.249963
1379	2784	2.243516
1380	2792	2.249963
1381	2784	2.243516
1382	2786	2.245128
1383	2795	2.252381
1384	2786	2.245128
1385	2784	2.243516
1386	2784	2.243516
1387	2767	2.229817
1388	2784	2.243516
1389	2784	2.243516
1390	2784	2.243516
1391	2786	2.245128
1392	2784	2.243516
1393	2786	2.245128
1394	2784	2.243516
1395	2786	2.245128
1396	2784	2.243516
1397	2792	2.249963
1398	2784	2.243516
1399	2786	2.245128
1400	2795	2.252381
1401	2795	2.252381
1402	2786	2.245128
1403	2794	2.251575
1404	2794	2.251575
1405	2786	2.245128
1406	2795	2.252381
1407	2784	2.243516
1408	2787	2.245934
1409	2787	2.245934
1410	2784	2.243516
1411	2784	2.243516
1412	2784	2.243516
1413	2786	2.245128
1414	2792	2.249963
1415	2784	2.243516
1416	2784	2.243516
1417	2787	2.245934
1418	2792	2.249963
1419	2792	2.249963
1420	2784	2.243516
1421	2794	2.251575
1422	2795	2.252381
1423	2792	2.249963
1424	2795	2.252381
1425	2794	2.251575
1426	2787	2.245934
1427	2795	2.252381
1428	2795	2.252381
1429	2787	2.245934
1430	2784	2.243516
1431	2786	2.245128
1432	2787	2.245934
1433	2787	2.245934
1434	2792	2.249963
1435	2784	2.243516
1436	2794	2.251575
1437	2784	2.243516
1438	2792	2.249963
1439	2792	2.249963
1440	2795	2.252381
1441	2795	2.252381
1442	2792	2.249963
1443	2792	2.249963
1444	2792	2.249963
1445	2795	2.252381
1446	2784	2.243516
1447	2794	2.251575
1448	2795	2.252381
1449	2795	2.252381
1450	2792	2.249963
1451	2794	2.251575
1452	2794	2.251575
1453	2786	2.245128
1454	2795	2.252381
1455	2786	2.245128
1456	2795	2.252381
1457	2794	2.251575
1458	2795	2.252381
1459	2787	2.245934
1460	2795	2.252381
1461	2792	2.249963
1462	2792	2.249963
1463	2799	2.255604
1464	2794	2.251575
1465	2795	2.252381
1466	2786	2.245128
1467	2808	2.262857
1468	2786	2.245128
1469	2794	2.251575
1470	2795	2.252381
1471	2794	2.251575
1472	2795	2.252381
1473	2792	2.249963
1474	2792	2.249963
1475	2784	2.243516
1476	2795	2.252381
1477	2784	2.243516
1478	2787	2.245934
1479	2792	2.249963
1480	2792	2.249963
1481	2786	2.245128
1482	2776	2.237070
1483	2784	2.243516
1484	2787	2.245934
1485	2792	2.249963
1486	2784	2.243516
1487	2784	2.243516
1488	2794	2.251575
1489	2786	2.245128
1490	2786	2.245128
1491	2784	2.243516
1492	2784	2.243516
1493	2784	2.243516
1494	2786	2.245128
1495	2784	2.243516
1496	2784	2.243516
1497	2784	2.243516
1498	2784	2.243516
1499	2792	2.249963
1500	2792	2.249963
1501	2784	2.243516
1502	2795	2.252381
1503	2787	2.245934
1504	2795	2.252381
1505	2784	2.243516
1506	2795	2.252381
1507	2778	2.238681
1508	2784	2.243516
1509	2795	2.252381
1510	2776	2.237070
1511	2784	2.243516
1512	2784	2.243516
1513	2784	2.243516
1514	2787	2.245934
1515	2784	2.243516
1516	2776	2.237070
1517	2784	2.243516
1518	2786	2.245128
1519	2787	2.245934
1520	2786	2.245128
1521	2784	2.243516
1522	2784	2.243516
1523	2784	2.243516
1524	2784	2.243516
1525	2786	2.245128
1526	2786	2.245128
1527	2767	2.229817
1528	2787	2.245934
1529	2786	2.245128
1530	2786	2.245128
1531	2784	2.243516
1532	2787	2.245934
1533	2776	2.237070
1534	2792	2.249963
1535	2776	2.237070
1536	2767	2.229817
1537	2784	2.243516
1538	2767	2.229817
1539	2767	2.229817
1540	2784	2.243516
1541	2767	2.229817
1542	2786	2.245128
1543	2792	2.249963
1544	2767	2.229817
1545	2776	2.237070
1546	2784	2.243516
1547	2762	2.225788
1548	2784	2.243516
1549	2776	2.237070
1550	2763	2.226593
1551	2776	2.237070
1552	2776	2.237070
1553	2784	2.243516
1554	2763	2.226593
1555	2763	2.226593
1556	2784	2.243516
1557	2763	2.226593
1558	2763	2.226593
1559	2763	2.226593
1560	2771	2.233040
1561	2767	2.229817
1562	2762	2.225788
1563	2763	2.226593
1564	2776	2.237070
1565	2763	2.226593
1566	2763	2.226593
1567	2771	2.233040
1568	2776	2.237070
1569	2762	2.225788
1570	2771	2.233040
1571	2771	2.233040
1572	2776	2.237070
1573	2762	2.225788
1574	2760	2.224176
1575	2762	2.225788
1576	2762	2.225788
1577	2752	2.217729
1578	2746	2.212894
1579	2754	2.219341
1580	2755	2.220147
1581	2760	2.224176
1582	2763	2.226593
1583	2755	2.220147
1584	2754	2.219341
1585	2755	2.220147
1586	2752	2.217729
1587	2762	2.225788
1588	2754	2.219341
1589	2760	2.224176
1590	2762	2.225788
1591	2754	2.219341
1592	2767	2.229817
1593	2752	2.217729
1594	2755	2.220147
1595	2755	2.220147
1596	2763	2.226593
1597	2746	2.212894
1598	2747	2.213700
1599	2760	2.224176
1600	2755	2.220147
1601	2760	2.224176
1602	2752	2.217729
1603	2752	2.217729
1604	2752	2.217729
1605	2744	2.211282
1606	2762	2.225788
1607	2735	2.204029
1608	2752	2.217729
1609	2744	2.211282
1610	2746	2.212894
1611	2728	2.198388
1612	2739	2.207253
1613	2744	2.211282
1614	2744	2.211282
1615	2731	2.200806
1616	2735	2.204029
1617	2730	2.200000
1618	2730	2.200000
1619	2731	2.200806
1620	2744	2.211282
1621	2735	2.204029
1622	2728	2.198388
1623	2731	2.200806
1624	2720	2.191941
1625	2731	2.200806
1626	2723	2.194359
1627	2730	2.200000
1628	2731	2.200806
1629	2723	2.194359
1630	2728	2.198388
1631	2731	2.200806
1632	2735	2.204029
1633	2723	2.194359
1634	2731	2.200806
1635	2720	2.191941
1636	2723	2.194359
1637	2728	2.198388
1638	2720	2.191941
1639	2731	2.200806
1640	2728	2.198388
1641	2722	2.193553
1642	2728	2.198388
1643	2720	2.191941
1644	2720	2.191941
1645	2699	2.175018
1646	2720	2.191941
1647	2723	2.194359
1648	2703	2.178242
1649	2720	2.191941
1650	2722	2.193553
1651	2720	2.191941
1652	2722	2.193553
1653	2707	2.181465
1654	2723	2.194359
1655	2707	2.181465
1656	2698	2.174212
1657	2699	2.175018
1658	2699	2.175018
1659	2698	2.174212
1660	2687	2.165348
1661	2707	2.181465
1662	2699	2.175018
1663	2683	2.162125
1664	2687	2.165348
1665	2703	2.178242
1666	2703	2.178242
1667	2696	2.172601
1668	2687	2.165348
1669	2687	2.165348
1670	2696	2.172601
1671	2667	2.149231
1672	2682	2.161319
1673	2683	2.162125
1674	2696	2.172601
1675	2680	2.159707
1676	2682	2.161319
1677	2671	2.152454
1678	2682	2.161319
1679	2682	2.161319
1680	2687	2.165348
1681	2682	2.161319
1682	2671	2.152454
1683	2683	2.162125
1684	2680	2.159707
1685	2687	2.165348
1686	2667	2.149231
1687	2671	2.152454
1688	2675	2.155678
1689	2664	2.146813
1690	2683	2.162125
1691	2659	2.142784
1692	2666	2.148425
1693	2667	2.149231
1694	2667	2.149231
1695	2667	2.149231
1696	2666	2.148425
1697	2664	2.146813
1698	2667	2.149231
1699	2664	2.146813
1700	2666	2.148425
1701	2656	2.140366
1702	2648	2.133919
1703	2656	2.140366
1704	2659	2.142784
1705	2656	2.140366
1706	2648	2.133919
1707	2648	2.133919
1708	2656	2.140366
1709	2635	2.123443
1710	2648	2.133919
1711	2639	2.126667
1712	2639	2.126667
1713	2635	2.123443
1714	2635	2.123443
1715	2639	2.126667
1716	2656	2.140366
1717	2639	2.126667
1718	2639	2.126667
1719	2635	2.123443
1720	2632	2.121026
1721	2648	2.133919
1722	2634	2.122637
1723	2634	2.122637
1724	2639	2.126667
1725	2634	2.122637
1726	2626	2.116190
1727	2627	2.116996
1728	2627	2.116996
1729	2603	2.097656
1730	2619	2.110549
1731	2611	2.104103
1732	2603	2.097656
1733	2618	2.109744
1734	2607	2.100879
1735	2616	2.108132
1736	2611	2.104103
1737	2616	2.108132
1738	2603	2.097656
1739	2616	2.108132
1740	2594	2.090403
1741	2600	2.095238
1742	2607	2.100879
1743	2607	2.100879
1744	2602	2.096850
1745	2594	2.090403
1746	2595	2.091209
1747	2594	2.090403
1748	2595	2.091209
1749	2592	2.088791
1750	2595	2.091209
1751	2579	2.078315
1752	2571	2.071868
1753	2571	2.071868
1754	2592	2.088791
1755	2592	2.088791
1756	2584	2.082344
1757	2586	2.083956
1758	2584	2.082344
1759	2568	2.069451
1760	2570	2.071062
1761	2554	2.058168
1762	2563	2.065421
1763	2571	2.071868
1764	2559	2.062198
1765	2555	2.058974
1766	2568	2.069451
1767	2555	2.058974
1768	2547	2.052527
1769	2571	2.071868
1770	2555	2.058974
1771	2559	2.062198
1772	2552	2.056557
1773	2543	2.049304
1774	2555	2.058974
1775	2552	2.056557
1776	2543	2.049304
1777	2539	2.046081
1778	2539	2.046081
1779	2543	2.049304
1780	2528	2.037216
1781	2530	2.038828
1782	2539	2.046081
1783	2543	2.049304
1784	2538	2.045275
1785	2538	2.045275
1786	2536	2.043663
1787	2507	2.020293
1788	2522	2.032381
1789	2511	2.023516
1790	2520	2.030769
1791	2528	2.037216
1792	2536	2.043663
1793	2507	2.020293
1794	2520	2.030769
1795	2507	2.020293
1796	2515	2.026740
1797	2515	2.026740
1798	2515	2.026740
1799	2511	2.023516
1800	2499	2.013846
1801	2499	2.013846
1802	2504	2.017875
1803	2506	2.019487
1804	2499	2.013846
1805	2504	2.017875
1806	2475	1.994505
1807	2504	2.017875
1808	2498	2.013040
1809	2479	1.997729
1810	2504	2.017875
1811	2496	2.011429
1812	2498	2.013040
1813	2488	2.004982
1814	2488	2.004982
1815	2488	2.004982
1816	2479	1.997729
1817	2475	1.994505
1818	2467	1.988059
1819	2475	1.994505
1820	2475	1.994505
1821	2475	1.994505
1822	2483	2.000952
1823	2475	1.994505
1824	2475	1.994505
1825	2464	1.985641
1826	2483	2.000952
1827	2464	1.985641
1828	2464	1.985641
1829	2472	1.992088
1830	2472	1.992088
1831	2474	1.993700
1832	2456	1.979194
1833	2466	1.987253
1834	2467	1.988059
1835	2451	1.975165
1836	2458	1.980806
1837	2456	1.979194
1838	2464	1.985641
1839	2447	1.971941
1840	2451	1.975165
1841	2443	1.968718
1842	2440	1.966300
1843	2447	1.971941
1844	2440	1.966300
1845	2443	1.968718
1846	2447	1.971941
1847	2435	1.962271
1848	2431	1.959048
1849	2427	1.955824
1850	2435	1.962271
1851	2442	1.967912
1852	2434	1.961465
1853	2424	1.953407
1854	2443	1.968718
1855	2427	1.955824
1856	2427	1.955824
1857	2427	1.955824
1858	2443	1.968718
1859	2434	1.961465
1860	2427	1.955824
1861	2424	1.953407
1862	2427	1.955824
1863	2427	1.955824
1864	2426	1.955018
1865	2427	1.955824
1866	2440	1.966300
1867	2426	1.955018
1868	2424	1.953407
1869	2415	1.946154
1870	2411	1.942930
1871	2415	1.946154
1872	2424	1.953407
1873	2419	1.949377
1874	2427	1.955824
1875	2411	1.942930
1876	2424	1.953407
1877	2424	1.953407
1878	2424	1.953407
1879	2426	1.955018
1880	2419	1.949377
1881	2426	1.955018
1882	2411	1.942930
1883	2411	1.942930
1884	2411	1.942930
1885	2410	1.942125
1886	2411	1.942930
1887	2411	1.942930
1888	2411	1.942930
1889	2403	1.936484
1890	2403	1.936484
1891	2408	1.940513
1892	2411	1.942930
1893	2411	1.942930
1894	2415	1.946154
1895	2411	1.942930
1896	2415	1.946154
1897	2410	1.942125
1898	2415	1.946154
1899	2400	1.934066
1900	2419	1.949377
1901	2400	1.934066
1902	2410	1.942125
1903	2403	1.936484
1904	2411	1.942930
1905	2408	1.940513
1906	2410	1.942125
1907	2426	1.955018
1908	2411	1.942930
1909	2411	1.942930
1910	2424	1.953407
1911	2411	1.942930
1912	2408	1.940513
1913	2408	1.940513
1914	2403	1.936484
1915	2410	1.942125
1916	2408	1.940513
1917	2410	1.942125
1918	2408	1.940513
1919	2410	1.942125
1920	2411	1.942930
1921	2400	1.934066
1922	2408	1.940513
1923	2402	1.935678
1924	2411	1.942930
1925	2408	1.940513
1926	2411	1.942930
1927	2415	1.946154
1928	2402	1.935678
1929	2419	1.949377
1930	2411	1.942930
1931	2403	1.936484
1932	2411	1.942930
1933	2400	1.934066
1934	2410	1.942125
1935	2403	1.936484
1936	2410	1.942125
1937	2402	1.935678
1938	2411	1.942930
1939	2411	1.942930
1940	2402	1.935678
1941	2402	1.935678
1942	2402	1.935678
1943	2408	1.940513
1944	2411	1.942930
1945	2408	1.940513
1946	2408	1.940513
1947	2403	1.936484
1948	2408	1.940513
1949	2410	1.942125
1950	2400	1.934066
1951	2408	1.940513
1952	2402	1.935678
1953	2402	1.935678
1954	2403	1.936484
1955	2408	1.940513
1956	2403	1.936484
1957	2400	1.934066
1958	2394	1.929231
1959	2403	1.936484
1960	2400	1.934066
1961	2408	1.940513
1962	2408	1.940513
1963	2402	1.935678
1964	2408	1.940513
1965	2402	1.935678
1966	2415	1.946154
1967	2400	1.934066
1968	2408	1.940513
1969	2400	1.934066
1970	2400	1.934066
1971	2400	1.934066
1972	2408	1.940513
1973	2402	1.935678
1974	2411	1.942930
1975	2408	1.940513
1976	2400	1.934066
1977	2392	1.927619
1978	2400	1.934066
1979	2400	1.934066
1980	2394	1.929231
1981	2410	1.942125
1982	2387	1.923590
1983	2392	1.927619
1984	2400	1.934066
1985	2400	1.934066
1986	2394	1.929231
1987	2400	1.934066
1988	2403	1.936484
1989	2394	1.929231
1990	2411	1.942930
1991	2400	1.934066
1992	2400	1.934066
1993	2402	1.935678
1994	2402	1.935678
1995	2392	1.927619
1996	2387	1.923590
1997	2400	1.934066
1998	2387	1.923590
1999	2379	1.917143
2000	2383	1.920366
2001	2400	1.934066
2002	2383	1.920366
2003	2387	1.923590
2004	2400	1.934066
2005	2392	1.927619
2006	2392	1.927619
2007	2394	1.929231
2008	2400	1.934066
2009	2379	1.917143
2010	2383	1.920366
2011	2379	1.917143
2012	2400	1.934066
2013	2400	1.934066
2014	2379	1.917143
2015	2403	1.936484
2016	2392	1.927619
2017	2400	1.934066
2018	2379	1.917143
2019	2383	1.920366
2020	2392	1.927619
2021	2400	1.934066
2022	2400	1.934066
2023	2387	1.923590
2024	2370	1.909890
2025	2379	1.917143
2026	2394	1.929231
2027	2383	1.920366
2028	2387	1.923590
2029	2383	1.920366
2030	2387	1.923590
2031	2383	1.920366
2032	2383	1.920366
2033	2387	1.923590
2034	2379	1.917143
2035	2378	1.916337
2036	2392	1.927619
2037	2383	1.920366
2038	2394	1.929231
2039	2387	1.923590
2040	2400	1.934066
2041	2392	1.927619
2042	2378	1.916337
2043	2402	1.935678
2044	2392	1.927619
2045	2383	1.920366
2046	2378	1.916337
2047	2383	1.920366
2048	2383	1.920366
2049	2387	1.923590
2050	2394	1.929231
2051	2376	1.914725
2052	2379	1.917143
2053	2379	1.917143
2054	2387	1.923590
2055	2379	1.917143
2056	2379	1.917143
2057	2379	1.917143
2058	2387	1.923590
2059	2379	1.917143
2060	2383	1.920366
2061	2392	1.927619
2062	2379	1.917143
2063	2370	1.909890
2064	2392	1.927619
2065	2400	1.934066
2066	2387	1.923590
2067	2379	1.917143
2068	2392	1.927619
2069	2387	1.923590
2070	2392	1.927619
2071	2403	1.936484
2072	2378	1.916337
2073	2383	1.920366
2074	2392	1.927619
2075	2387	1.923590
2076	2400	1.934066
2077	2400	1.934066
2078	2402	1.935678
2079	2376	1.914725
2080	2378	1.916337
2081	2400	1.934066
2082	2376	1.914725
2083	2392	1.927619
2084	2400	1.934066
2085	2400	1.934066
2086	2379	1.917143
2087	2402	1.935678
2088	2394	1.929231
2089	2400	1.934066
2090	2400	1.934066
2091	2392	1.927619
2092	2394	1.929231
2093	2400	1.934066
2094	2403	1.936484
2095	2400	1.934066
2096	2392	1.927619
2097	2402	1.935678
2098	2408	1.940513
2099	2402	1.935678
2100	2410	1.942125
2101	2400	1.934066
2102	2411	1.942930
2103	2402	1.935678
2104	2411	1.942930
2105	2410	1.942125
2106	2410	1.942125
2107	2410	1.942125
2108	2411	1.942930
2109	2408	1.940513
2110	2403	1.936484
2111	2411	1.942930
2112	2415	1.946154
2113	2411	1.942930
2114	2419	1.949377
2115	2424	1.953407
2116	2411	1.942930
2117	2419	1.949377
2118	2424	1.953407
2119	2427	1.955824
2120	2427	1.955824
2121	2434	1.961465
2122	2431	1.959048
2123	2415	1.946154
2124	2424	1.953407
2125	2424	1.953407
2126	2427	1.955824
2127	2427	1.955824
2128	2424	1.953407
2129	2435	1.962271
2130	2440	1.966300
2131	2434	1.961465
2132	2442	1.967912
2133	2443	1.968718
2134	2440	1.966300
2135	2443	1.968718
2136	2447	1.971941
2137	2443	1.968718
2138	2442	1.967912
2139	2443	1.968718
2140	2443	1.968718
2141	2443	1.968718
2142	2443	1.968718
2143	2451	1.975165
2144	2467	1.988059
2145	2451	1.975165
2146	2456	1.979194
2147	2464	1.985641
2148	2464	1.985641
2149	2451	1.975165
2150	2467	1.988059
2151	2456	1.979194
2152	2458	1.980806
2153	2472	1.992088
2154	2472	1.992088
2155	2464	1.985641
2156	2466	1.987253
2157	2475	1.994505
2158	2467	1.988059
2159	2475	1.994505
2160	2475	1.994505
2161	2472	1.992088
2162	2474	1.993700
2163	2467	1.988059
2164	2475	1.994505
2165	2483	2.000952
2166	2475	1.994505
2167	2483	2.000952
2168	2483	2.000952
2169	2488	2.004982
2170	2488	2.004982
2171	2474	1.993700
2172	2496	2.011429
2173	2474	1.993700
2174	2479	1.997729
2175	2498	2.013040
2176	2496	2.011429
2177	2499	2.013846
2178	2490	2.006593
2179	2488	2.004982
2180	2496	2.011429
2181	2491	2.007399
2182	2496	2.011429
2183	2507	2.020293
2184	2506	2.019487
2185	2499	2.013846
2186	2504	2.017875
2187	2498	2.013040
2188	2507	2.020293
2189	2504	2.017875
2190	2506	2.019487
2191	2507	2.020293
2192	2506	2.019487
2193	2498	2.013040
2194	2504	2.017875
2195	2507	2.020293
2196	2522	2.032381
2197	2507	2.020293
2198	2506	2.019487
2199	2507	2.020293
2200	2496	2.011429
2201	2507	2.020293
2202	2507	2.020293
2203	2506	2.019487
2204	2507	2.020293
2205	2507	2.020293
2206	2515	2.026740
2207	2506	2.019487
2208	2504	2.017875
2209	2507	2.020293
2210	2515	2.026740
2211	2506	2.019487
2212	2511	2.023516
2213	2522	2.032381
2214	2507	2.020293
2215	2507	2.020293
2216	2506	2.019487
2217	2511	2.023516
2218	2515	2.026740
2219	2507	2.020293
2220	2506	2.019487
2221	2511	2.023516
2222	2507	2.020293
2223	2498	2.013040
2224	2504	2.017875
2225	2498	2.013040
2226	2507	2.020293
2227	2504	2.017875
2228	2496	2.011429
2229	2506	2.019487
2230	2504	2.017875
2231	2496	2.011429
2232	2504	2.017875
2233	2490	2.006593
2234	2490	2.006593
2235	2490	2.006593
2236	2498	2.013040
2237	2490	2.006593
2238	2498	2.013040
2239	2498	2.013040
2240	2496	2.011429
2241	2488	2.004982
2242	2507	2.020293
2243	2483	2.000952
2244	2474	1.993700
2245	2488	2.004982
2246	2488	2.004982
2247	2475	1.994505
2248	2475	1.994505
2249	2488	2.004982
2250	2475	1.994505
2251	2479	1.997729
2252	2464	1.985641
2253	2474	1.993700
2254	2464	1.985641
2255	2464	1.985641
2256	2466	1.987253
2257	2464	1.985641
2258	2447	1.971941
2259	2451	1.975165
2260	2447	1.971941
2261	2456	1.979194
2262	2443	1.968718
2263	2456	1.979194
2264	2447	1.971941
2265	2443	1.968718
2266	2447	1.971941
2267	2435	1.962271
2268	2427	1.955824
2269	2426	1.955018
2270	2435	1.962271
2271	2434	1.961465
2272	2434	1.961465
2273	2408	1.940513
2274	2408	1.940513
2275	2410	1.942125
2276	2411	1.942930
2277	2400	1.934066
2278	2400	1.934066
2279	2394	1.929231
2280	2400	1.934066
2281	2400	1.934066
2282	2379	1.917143
2283	2392	1.927619
2284	2371	1.910696
2285	2376	1.914725
2286	2383	1.920366
2287	2370	1.909890
2288	2371	1.910696
2289	2346	1.890549
2290	2344	1.888938
2291	2360	1.901832
2292	2336	1.882491
2293	2339	1.884908
2294	2346	1.890549
2295	2323	1.872015
2296	2315	1.865568
2297	2315	1.865568
2298	2315	1.865568
2299	2319	1.868791
2300	2303	1.855897
2301	2315	1.865568
2302	2298	1.851868
2303	2298	1.851868
2304	2296	1.850256
2305	2283	1.839780
2306	2283	1.839780
2307	2275	1.833333
2308	2282	1.838974
2309	2251	1.813993
2310	2264	1.824469
2311	2251	1.813993
2312	2250	1.813187
2313	2242	1.806740
2314	2251	1.813993
2315	2243	1.807546
2316	2255	1.817216
2317	2227	1.794652
2318	2243	1.807546
2319	2223	1.791429
2320	2219	1.788205
2321	2223	1.791429
2322	2223	1.791429
2323	2218	1.787399
2324	2232	1.798681
2325	2218	1.787399
2326	2208	1.779341
2327	2216	1.785788
2328	2218	1.787399
2329	2208	1.779341
2330	2218	1.787399
2331	2208	1.779341
2332	2211	1.781758
2333	2210	1.780952
2334	2216	1.785788
2335	2187	1.762418
2336	2208	1.779341
2337	2211	1.781758
2338	2208	1.779341
2339	2195	1.768864
2340	2202	1.774505
2341	2187	1.762418
2342	2208	1.779341
2343	2210	1.780952
2344	2202	1.774505
2345	2187	1.762418
2346	2211	1.781758
2347	2211	1.781758
2348	2218	1.787399
2349	2216	1.785788
2350	2223	1.791429
2351	2223	1.791429
2352	2208	1.779341
2353	2219	1.788205
2354	2219	1.788205
2355	2218	1.787399
2356	2223	1.791429
2357	2219	1.788205
2358	2223	1.791429
2359	2223	1.791429
2360	2242	1.806740
2361	2232	1.798681
2362	2255	1.817216
2363	2251	1.813993
2364	2243	1.807546
2365	2259	1.820440
2366	2264	1.824469
2367	2251	1.813993
2368	2259	1.820440
2369	2266	1.826081
2370	2264	1.824469
2371	2272	1.830916
2372	2272	1.830916
2373	2275	1.833333
2374	2283	1.839780
2375	2283	1.839780
2376	2298	1.851868
2377	2287	1.843004
2378	2299	1.852674
2379	2291	1.846227
2380	2328	1.876044
2381	2303	1.855897
2382	2315	1.865568
2383	2328	1.876044
2384	2315	1.865568
2385	2330	1.877656
2386	2330	1.877656
2387	2344	1.888938
2388	2336	1.882491
2389	2346	1.890549
2390	2347	1.891355
2391	2346	1.890549
2392	2362	1.903443
2393	2379	1.917143
2394	2370	1.909890
2395	2363	1.904249
2396	2387	1.923590
2397	2383	1.920366
2398	2392	1.927619
2399	2394	1.929231
2400	2408	1.940513
2401	2400	1.934066
2402	2410	1.942125
2403	2415	1.946154
2404	2411	1.942930
2405	2434	1.961465
2406	2427	1.955824
2407	2410	1.942125
2408	2427	1.955824
2409	2442	1.967912
2410	2440	1.966300
2411	2434	1.961465
2412	2435	1.962271
2413	2443	1.968718
2414	2447	1.971941
2415	2442	1.967912
2416	2458	1.980806
2417	2472	1.992088
2418	2464	1.985641
2419	2466	1.987253
2420	2474	1.993700
2421	2464	1.985641
2422	2474	1.993700
2423	2475	1.994505
2424	2490	2.006593
2425	2488	2.004982
2426	2498	2.013040
2427	2490	2.006593
2428	2507	2.020293
2429	2490	2.006593
2430	2507	2.020293
2431	2528	2.037216
2432	2530	2.038828
2433	2528	2.037216
2434	2531	2.039634
2435	2528	2.037216
2436	2528	2.037216
2437	2531	2.039634
2438	2536	2.043663
2439	2536	2.043663
2440	2531	2.039634
2441	2547	2.052527
2442	2539	2.046081
2443	2543	2.049304
2444	2547	2.052527
2445	2539	2.046081
2446	2547	2.052527
2447	2536	2.043663
2448	2554	2.058168
2449	2543	2.049304
2450	2538	2.045275
2451	2559	2.062198
2452	2555	2.058974
2453	2571	2.071868
2454	2555	2.058974
2455	2570	2.071062
2456	2571	2.071868
2457	2559	2.062198
2458	2571	2.071868
2459	2586	2.083956
2460	2575	2.075092
2461	2571	2.071868
2462	2584	2.082344
2463	2584	2.082344
2464	2584	2.082344
2465	2594	2.090403
2466	2592	2.088791
2467	2592	2.088791
2468	2595	2.091209
2469	2595	2.091209
2470	2592	2.088791
2471	2602	2.096850
2472	2594	2.090403
2473	2579	2.078315
2474	2592	2.088791
2475	2603	2.097656
2476	2595	2.091209
2477	2600	2.095238
2478	2616	2.108132
2479	2607	2.100879
2480	2616	2.108132
2481	2592	2.088791
2482	2611	2.104103
2483	2595	2.091209
2484	2603	2.097656
2485	2611	2.104103
2486	2618	2.109744
2487	2602	2.096850
2488	2626	2.116190
2489	2619	2.110549
2490	2619	2.110549
2491	2634	2.122637
2492	2632	2.121026
2493	2619	2.110549
2494	2626	2.116190
2495	2635	2.123443
2496	2648	2.133919
2497	2639	2.126667
2498	2648	2.133919
2499	2648	2.133919
2500	2656	2.140366
2501	2639	2.126667
2502	2639	2.126667
2503	2648	2.133919
2504	2648	2.133919
2505	2664	2.146813
2506	2658	2.141978
2507	2656	2.140366
2508	2664	2.146813
2509	2656	2.140366
2510	2666	2.148425
2511	2658	2.141978
2512	2667	2.149231
2513	2656	2.140366
2514	2664	2.146813
2515	2666	2.148425
2516	2682	2.161319
2517	2667	2.149231
2518	2675	2.155678
2519	2666	2.148425
2520	2683	2.162125
2521	2687	2.165348
2522	2667	2.149231
2523	2667	2.149231
2524	2671	2.152454
2525	2667	2.149231
2526	2675	2.155678
2527	2682	2.161319
2528	2682	2.161319
2529	2667	2.149231
2530	2682	2.161319
2531	2680	2.159707
2532	2680	2.159707
2533	2682	2.161319
2534	2671	2.152454
2535	2675	2.155678
2536	2682	2.161319
2537	2683	2.162125
2538	2682	2.161319
2539	2675	2.155678
2540	2683	2.162125
2541	2683	2.162125
2542	2696	2.172601
2543	2683	2.162125
2544	2696	2.172601
2545	2683	2.162125
2546	2680	2.159707
2547	2683	2.162125
2548	2699	2.175018
2549	2698	2.174212
2550	2699	2.175018
2551	2699	2.175018
2552	2699	2.175018
2553	2699	2.175018
2554	2698	2.174212
2555	2687	2.165348
2556	2687	2.165348
2557	2699	2.175018
2558	2699	2.175018
2559	2699	2.175018
2560	2712	2.185495
2561	2720	2.191941
2562	2720	2.191941
2563	2720	2.191941
2564	2722	2.193553
2565	2703	2.178242
2566	2720	2.191941
2567	2722	2.193553
2568	2712	2.185495
2569	2703	2.178242
2570	2714	2.187106
2571	2728	2.198388
2572	2712	2.185495
2573	2712	2.185495
2574	2722	2.193553
2575	2720	2.191941
2576	2722	2.193553
2577	2712	2.185495
2578	2720	2.191941
2579	2723	2.194359
2580	2712	2.185495
2581	2712	2.185495
2582	2720	2.191941
2583	2720	2.191941
2584	2722	2.193553
2585	2720	2.191941
2586	2728	2.198388
2587	2720	2.191941
2588	2723	2.194359
2589	2730	2.200000
2590	2720	2.191941
2591	2730	2.200000
2592	2735	2.204029
2593	2730	2.200000
2594	2723	2.194359
2595	2730	2.200000
2596	2728	2.198388
2597	2730	2.200000
2598	2731	2.200806
2599	2731	2.200806
2600	2730	2.200000
2601	2723	2.194359
2602	2723	2.194359
2603	2746	2.212894
2604	2739	2.207253
2605	2735	2.204029
2606	2731	2.200806
2607	2735	2.204029
2608	2747	2.213700
2609	2746	2.212894
2610	2730	2.200000
2611	2744	2.211282
2612	2746	2.212894
2613	2746	2.212894
2614	2752	2.217729
2615	2752	2.217729
2616	2747	2.213700
2617	2755	2.220147
2618	2754	2.219341
2619	2762	2.225788
2620	2752	2.217729
2621	2754	2.219341
2622	2762	2.225788
2623	2755	2.220147
2624	2754	2.219341
2625	2763	2.226593
2626	2763	2.226593
2627	2763	2.226593
2628	2754	2.219341
2629	2776	2.237070
2630	2763	2.226593
2631	2776	2.237070
2632	2784	2.243516
2633	2767	2.229817
2634	2776	2.237070
2635	2763	2.226593
2636	2762	2.225788
2637	2763	2.226593
2638	2784	2.243516
2639	2776	2.237070
2640	2784	2.243516
2641	2771	2.233040
2642	2763	2.226593
2643	2787	2.245934
2644	2778	2.238681
2645	2784	2.243516
2646	2784	2.243516
2647	2784	2.243516
2648	2787	2.245934
2649	2792	2.249963
2650	2786	2.245128
2651	2794	2.251575
2652	2799	2.255604
2653	2776	2.237070
2654	2792	2.249963
2655	2792	2.249963
2656	2794	2.251575
2657	2784	2.243516
2658	2795	2.252381
2659	2794	2.251575
2660	2792	2.249963
2661	2794	2.251575
2662	2794	2.251575
2663	2794	2.251575
2664	2792	2.249963
2665	2787	2.245934
2666	2787	2.245934
2667	2794	2.251575
2668	2787	2.245934
2669	2794	2.251575
2670	2799	2.255604
2671	2784	2.243516
2672	2795	2.252381
2673	2795	2.252381
2674	2810	2.264469
2675	2795	2.252381
2676	2799	2.255604
2677	2799	2.255604
2678	2808	2.262857
2679	2816	2.269304
2680	2810	2.264469
2681	2803	2.258828
2682	2816	2.269304
2683	2810	2.264469
2684	2816	2.269304
2685	2816	2.269304
2686	2818	2.270916
2687	2794	2.251575
2688	2810	2.264469
2689	2810	2.264469
2690	2824	2.275751
2691	2816	2.269304
2692	2816	2.269304
2693	2818	2.270916
2694	2799	2.255604
2695	2816	2.269304
2696	2819	2.271722
2697	2818	2.270916
2698	2824	2.275751
2699	2835	2.284615
2700	2816	2.269304
2701	2818	2.270916
2702	2827	2.278168
2703	2827	2.278168
2704	2808	2.262857
2705	2818	2.270916
2706	2831	2.281392
2707	2827	2.278168
2708	2827	2.278168
2709	2824	2.275751
2710	2826	2.277363
2711	2808	2.262857
2712	2824	2.275751
2713	2826	2.277363
2714	2824	2.275751
2715	2827	2.278168
2716	2824	2.275751
2717	2824	2.275751
2718	2826	2.277363
2719	2827	2.278168
2720	2826	2.277363
2721	2824	2.275751
2722	2824	2.275751
2723	2824	2.275751
2724	2827	2.278168
2725	2848	2.295092
2726	2848	2.295092
2727	2840	2.288645
2728	2826	2.277363
2729	2827	2.278168
2730	2827	2.278168
2731	2827	2.278168
2732	2827	2.278168
2733	2842	2.290256
2734	2842	2.290256
2735	2840	2.288645
2736	2848	2.295092
2737	2831	2.281392
2738	2842	2.290256
2739	2831	2.281392
2740	2826	2.277363
2741	2851	2.297509
2742	2831	2.281392
2743	2827	2.278168
2744	2840	2.288645
2745	2850	2.296703
2746	2827	2.278168
2747	2856	2.301538
2748	2848	2.295092
2749	2850	2.296703
2750	2851	2.297509
2751	2848	2.295092
2752	2851	2.297509
2753	2848	2.295092
2754	2831	2.281392
2755	2848	2.295092
2756	2831	2.281392
2757	2848	2.295092
2758	2850	2.296703
2759	2850	2.296703
2760	2848	2.295092
2761	2848	2.295092
2762	2856	2.301538
2763	2858	2.303150
2764	2856	2.301538
2765	2851	2.297509
2766	2856	2.301538
2767	2848	2.295092
2768	2859	2.303956
2769	2859	2.303956
2770	2856	2.301538
2771	2859	2.303956
2772	2874	2.316044
2773	2859	2.303956
2774	2863	2.307179
2775	2859	2.303956
2776	2874	2.316044
2777	2858	2.303150
2778	2872	2.314432
2779	2872	2.314432
2780	2874	2.316044
2781	2875	2.316850
2782	2863	2.307179
2783	2863	2.307179
2784	2859	2.303956
2785	2858	2.303150
2786	2875	2.316850
2787	2874	2.316044
2788	2875	2.316850
2789	2859	2.303956
2790	2874	2.316044
2791	2863	2.307179
2792	2859	2.303956
2793	2872	2.314432
2794	2882	2.322491
2795	2882	2.322491
2796	2882	2.322491
2797	2859	2.303956
2798	2882	2.322491
2799	2867	2.310403
2800	2874	2.316044
2801	2874	2.316044
2802	2875	2.316850
2803	2872	2.314432
2804	2880	2.320879
2805	2875	2.316850
2806	2875	2.316850
2807	2874	2.316044
2808	2874	2.316044
2809	2874	2.316044
2810	2880	2.320879
2811	2874	2.316044
2812	2874	2.316044
2813	2875	2.316850
2814	2875	2.316850
2815	2882	2.322491
2816	2882	2.322491
2817	2875	2.316850
2818	2874	2.316044
2819	2891	2.329744
2820	2888	2.327326
2821	2883	2.323297
2822	2883	2.323297
2823	2888	2.327326
2824	2890	2.328938
2825	2874	2.316044
2826	2882	2.322491
2827	2904	2.340220
2828	2888	2.327326
2829	2891	2.329744
2830	2883	2.323297
2831	2874	2.316044
2832	2890	2.328938
2833	2875	2.316850
2834	2882	2.322491
2835	2882	2.322491
2836	2882	2.322491
2837	2890	2.328938
2838	2890	2.328938
2839	2888	2.327326
2840	2890	2.328938
2841	2890	2.328938
2842	2891	2.329744
2843	2890	2.328938
2844	2890	2.328938
2845	2912	2.346667
2846	2895	2.332967
2847	2883	2.323297
2848	2891	2.329744
2849	2891	2.329744
2850	2891	2.329744
2851	2890	2.328938
2852	2891	2.329744
2853	2904	2.340220
2854	2890	2.328938
2855	2888	2.327326
2856	2890	2.328938
2857	2895	2.332967
2858	2891	2.329744
2859	2883	2.323297
2860	2891	2.329744
2861	2891	2.329744
2862	2895	2.332967
2863	2915	2.349084
2864	2895	2.332967
2865	2891	2.329744
2866	2895	2.332967
2867	2891	2.329744
2868	2906	2.341832
2869	2912	2.346667
2870	2895	2.332967
2871	2891	2.329744
2872	2899	2.336190
2873	2904	2.340220
2874	2899	2.336190
2875	2891	2.329744
2876	2904	2.340220
2877	2891	2.329744
2878	2904	2.340220
2879	2891	2.329744
2880	2912	2.346667
2881	2912	2.346667
2882	2920	2.353114
2883	2890	2.328938
2884	2912	2.346667
2885	2912	2.346667
2886	2914	2.348278
2887	2891	2.329744
2888	2912	2.346667
2889	2904	2.340220
2890	2912	2.346667
2891	2912	2.346667
2892	2912	2.346667
2893	2912	2.346667
2894	2904	2.340220
2895	2895	2.332967
2896	2904	2.340220
2897	2912	2.346667
2898	2914	2.348278
2899	2912	2.346667
2900	2904	2.340220
2901	2912	2.346667
2902	2912	2.346667
2903	2895	2.332967
2904	2904	2.340220
2905	2912	2.346667
2906	2914	2.348278
2907	2912	2.346667
2908	2922	2.354725
2909	2912	2.346667
2910	2914	2.348278
2911	2912	2.346667
2912	2912	2.346667
2913	2899	2.336190
2914	2922	2.354725
2915	2914	2.348278
2916	2912	2.346667
2917	2912	2.346667
2918	2920	2.353114
2919	2920	2.353114
2920	2912	2.346667
2921	2920	2.353114
2922	2922	2.354725
2923	2914	2.348278
2924	2920	2.353114
2925	2923	2.355531
2926	2922	2.354725
2927	2914	2.348278
2928	2904	2.340220
2929	2922	2.354725
2930	2912	2.346667
2931	2912	2.346667
2932	2927	2.358755
2933	2914	2.348278
2934	2915	2.349084
2935	2922	2.354725
2936	2920	2.353114
2937	2922	2.354725
2938	2922	2.354725
2939	2923	2.355531
2940	2920	2.353114
2941	2923	2.355531
2942	2914	2.348278
2943	2922	2.354725
2944	2923	2.355531
2945	2914	2.348278
2946	2920	2.353114
2947	2923	2.355531
2948	2920	2.353114
2949	2923	2.355531
2950	2922	2.354725
2951	2923	2.355531
2952	2927	2.358755
2953	2922	2.354725
2954	2923	2.355531
2955	2923	2.355531
2956	2923	2.355531
2957	2920	2.353114
2958	2923	2.355531
2959	2912	2.346667
2960	2923	2.355531
2961	2927	2.358755
2962	2920	2.353114
2963	2923	2.355531
2964	2927	2.358755
2965	2936	2.366007
2966	2915	2.349084
2967	2927	2.358755
2968	2920	2.353114
2969	2927	2.358755
2970	2927	2.358755
2971	2936	2.366007
2972	2923	2.355531
2973	2923	2.355531
2974	2923	2.355531
2975	2923	2.355531
2976	2931	2.361978
2977	2931	2.361978
2978	2939	2.368425
2979	2931	2.361978
2980	2927	2.358755
2981	2920	2.353114
2982	2923	2.355531
2983	2923	2.355531
2984	2923	2.355531
2985	2927	2.358755
2986	2927	2.358755
2987	2923	2.355531
2988	2922	2.354725
2989	2939	2.368425
2990	2927	2.358755
2991	2923	2.355531
2992	2922	2.354725
2993	2936	2.366007
2994	2927	2.358755
2995	2946	2.374066
2996	2936	2.366007
2997	2936	2.366007
2998	2939	2.368425
2999	2939	2.368425
3000	2938	2.367619
3001	2936	2.366007
3002	2939	2.368425
3003	2923	2.355531
3004	2927	2.358755
3005	2923	2.355531
3006	2936	2.366007
3007	2938	2.367619
3008	2936	2.366007
3009	2923	2.355531
3010	2938	2.367619
3011	2939	2.368425
3012	2927	2.358755
3013	2936	2.366007
3014	2938	2.367619
3015	2922	2.354725
3016	2927	2.358755
3017	2927	2.358755
3018	2936	2.366007
3019	2927	2.358755
3020	2927	2.358755
3021	2923	2.355531
3022	2946	2.374066
3023	2939	2.368425
3024	2927	2.358755
3025	2946	2.374066
3026	2938	2.367619
3027	2938	2.367619
3028	2936	2.366007
3029	2923	2.355531
3030	2923	2.355531
3031	2939	2.368425
3032	2931	2.361978
3033	2927	2.358755
3034	2936	2.366007
3035	2923	2.355531
3036	2936	2.366007
3037	2939	2.368425
3038	2936	2.366007
3039	2939	2.368425
3040	2936	2.366007
3041	2923	2.355531
3042	2936	2.366007
3043	2923	2.355531
3044	2939	2.368425
3045	2923	2.355531
3046	2952	2.378901
3047	2927	2.358755
3048	2936	2.366007
3049	2938	2.367619
3050	2927	2.358755
3051	2938	2.367619
3052	2936	2.366007
3053	2923	2.355531
3054	2938	2.367619
3055	2943	2.371648
3056	2936	2.366007
3057	2927	2.358755
3058	2927	2.358755
3059	2939	2.368425
3060	2927	2.358755
3061	2952	2.378901
3062	2947	2.374872
3063	2939	2.368425
3064	2936	2.366007
3065	2946	2.374066
3066	2927	2.358755
3067	2938	2.367619
3068	2939	2.368425
3069	2931	2.361978
3070	2927	2.358755
3071	2939	2.368425
3072	2946	2.374066
3073	2936	2.366007
3074	2936	2.366007
3075	2938	2.367619
3076	2939	2.368425
3077	2938	2.367619
3078	2936	2.366007
3079	2927	2.358755
3080	2936	2.366007
3081	2939	2.368425
3082	2938	2.367619
3083	2927	2.358755
3084	2939	2.368425
3085	2938	2.367619
3086	2939	2.368425
3087	2938	2.367619
3088	2939	2.368425
3089	2939	2.368425
3090	2947	2.374872
3091	2936	2.366007
3092	2943	2.371648
3093	2936	2.366007
3094	2954	2.380513
3095	2939	2.368425
3096	2939	2.368425
3097	2938	2.367619
3098	2939	2.368425
3099	2939	2.368425
3100	2939	2.368425
3101	2936	2.366007
3102	2939	2.368425
3103	2938	2.367619
3104	2936	2.366007
3105	2947	2.374872
3106	2939	2.368425
3107	2939	2.368425
3108	2952	2.378901
3109	2947	2.374872
3110	2939	2.368425
3111	2938	2.367619
3112	2947	2.374872
3113	2927	2.358755
3114	2938	2.367619
3115	2939	2.368425
3116	2939	2.368425
3117	2936	2.366007
3118	2938	2.367619
3119	2939	2.368425
3120	2947	2.374872
3121	2939	2.368425
3122	2943	2.371648
3123	2938	2.367619
3124	2939	2.368425
3125	2938	2.367619
3126	2939	2.368425
3127	2939	2.368425
3128	2947	2.374872
3129	2938	2.367619
3130	2939	2.368425
3131	2954	2.380513
3132	2946	2.374066
3133	2947	2.374872
3134	2938	2.367619
3135	2938	2.367619
3136	2946	2.374066
3137	2936	2.366007
3138	2939	2.368425
3139	2946	2.374066
3140	2939	2.368425
3141	2952	2.378901
3142	2939	2.368425
3143	2952	2.378901
3144	2952	2.378901
3145	2939	2.368425
3146	2954	2.380513
3147	2947	2.374872
3148	2952	2.378901
3149	2947	2.374872
3150	2946	2.374066
3151	2952	2.378901
3152	2939	2.368425
3153	2943	2.371648
3154	2943	2.371648
3155	2939	2.368425
3156	2939	2.368425
3157	2938	2.367619
3158	2952	2.378901
3159	2954	2.380513
3160	2946	2.374066
3161	2954	2.380513
3162	2947	2.374872
3163	2939	2.368425
3164	2952	2.378901
3165	2939	2.368425
3166	2952	2.378901
3167	2952	2.378901
3168	2939	2.368425
3169	2939	2.368425
3170	2952	2.378901
3171	2955	2.381319
3172	2939	2.368425
3173	2939	2.368425
3174	2946	2.374066
3175	2943	2.371648
3176	2954	2.380513
3177	2954	2.380513
3178	2938	2.367619
3179	2947	2.374872
3180	2939	2.368425
3181	2938	2.367619
3182	2954	2.380513
3183	2954	2.380513
3184	2939	2.368425
3185	2946	2.374066
3186	2947	2.374872
3187	2952	2.378901
3188	2952	2.378901
3189	2927	2.358755
3190	2939	2.368425
3191	2947	2.374872
3192	2939	2.368425
3193	2943	2.371648
3194	2954	2.380513
3195	2946	2.374066
3196	2947	2.374872
3197	2954	2.380513
3198	2946	2.374066
3199	2959	2.384542
3200	2939	2.368425
3201	2936	2.366007
3202	2947	2.374872
3203	2954	2.380513
3204	2954	2.380513
3205	2938	2.367619
3206	2954	2.380513
3207	2939	2.368425
3208	2946	2.374066
3209	2955	2.381319
3210	2955	2.381319
3211	2955	2.381319
3212	2952	2.378901
3213	2947	2.374872
3214	2939	2.368425
3215	2939	2.368425
3216	2943	2.371648
3217	2947	2.374872
3218	2954	2.380513
3219	2938	2.367619
3220	2954	2.380513
3221	2939	2.368425
3222	2943	2.371648
3223	2939	2.368425
3224	2952	2.378901
3225	2947	2.374872
3226	2954	2.380513
3227	2938	2.367619
3228	2947	2.374872
3229	2947	2.374872
3230	2952	2.378901
3231	2947	2.374872
3232	2952	2.378901
3233	2952	2.378901
3234	2955	2.381319
3235	2954	2.380513
3236	2955	2.381319
3237	2938	2.367619
3238	2955	2.381319
3239	2947	2.374872
3240	2939	2.368425
3241	2954	2.380513
3242	2946	2.374066
3243	2959	2.384542
3244	2947	2.374872
3245	2946	2.374066
3246	2959	2.384542
3247	2947	2.374872
3248	2952	2.378901
3249	2954	2.380513
3250	2939	2.368425
3251	2955	2.381319
3252	2955	2.381319
3253	2939	2.368425
3254	2946	2.374066
3255	2954	2.380513
3256	2955	2.381319
3257	2952	2.378901
3258	2959	2.384542
3259	2954	2.380513
3260	2939	2.368425
3261	2955	2.381319
3262	2947	2.374872
3263	2943	2.371648
3264	2939	2.368425
3265	2946	2.374066
3266	2954	2.380513
3267	2955	2.381319
3268	2952	2.378901
3269	2955	2.381319
3270	2955	2.381319
3271	2954	2.380513
3272	2955	2.381319
3273	2955	2.381319
3274	2946	2.374066
3275	2954	2.380513
3276	2954	2.380513
3277	2947	2.374872
3278	2954	2.380513
3279	2946	2.374066
3280	2968	2.391795
3281	2952	2.378901
3282	2955	2.381319
3283	2952	2.378901
3284	2968	2.391795
3285	2954	2.380513
3286	2955	2.381319
3287	2954	2.380513
3288	2939	2.368425
3289	2947	2.374872
3290	2955	2.381319
3291	2954	2.380513
3292	2952	2.378901
3293	2959	2.384542
3294	2954	2.380513
3295	2955	2.381319
3296	2959	2.384542
3297	2943	2.371648
3298	2959	2.384542
3299	2954	2.380513
3300	2955	2.381319
3301	2955	2.381319
3302	2955	2.381319
3303	2955	2.381319
3304	2954	2.380513
3305	2959	2.384542
3306	2968	2.391795
3307	2954	2.380513
3308	2968	2.391795
3309	2954	2.380513
3310	2955	2.381319
3311	2968	2.391795
3312	2955	2.381319
3313	2955	2.381319
3314	2955	2.381319
3315	2959	2.384542
3316	2955	2.381319
3317	2938	2.367619
3318	2952	2.378901
3319	2959	2.384542
3320	2952	2.378901
3321	2952	2.378901
3322	2947	2.374872
3323	2968	2.391795
3324	2968	2.391795
3325	2959	2.384542
3326	2959	2.384542
3327	2939	2.368425
3328	2952	2.378901
3329	2976	2.398242
3330	2954	2.380513
3331	2959	2.384542
3332	2955	2.381319
3333	2954	2.380513
3334	2955	2.381319
3335	2946	2.374066
3336	2968	2.391795
3337	2968	2.391795
3338	2970	2.393407
3339	2952	2.378901
3340	2946	2.374066
3341	2959	2.384542
3342	2955	2.381319
3343	2952	2.378901
3344	2955	2.381319
3345	2955	2.381319
3346	2954	2.380513
3347	2959	2.384542
3348	2955	2.381319
3349	2955	2.381319
3350	2955	2.381319
3351	2954	2.380513
3352	2976	2.398242
3353	2955	2.381319
3354	2955	2.381319
3355	2968	2.391795
3356	2955	2.381319
3357	2954	2.380513
3358	2954	2.380513
3359	2955	2.381319
3360	2955	2.381319
3361	2955	2.381319
3362	2955	2.381319
3363	2955	2.381319
3364	2976	2.398242
3365	2952	2.378901
3366	2959	2.384542
3367	2955	2.381319
3368	2954	2.380513
3369	2954	2.380513
3370	2955	2.381319
3371	2955	2.381319
3372	2955	2.381319
3373	2955	2.381319
3374	2955	2.381319
3375	2955	2.381319
3376	2955	2.381319
3377	2955	2.381319
3378	2955	2.381319
3379	2955	2.381319
3380	2955	2.381319
3381	2959	2.384542
3382	2968	2.391795
3383	2946	2.374066
3384	2959	2.384542
3385	2959	2.384542
3386	2954	2.380513
3387	2954	2.380513
3388	2968	2.391795
3389	2955	2.381319
3390	2954	2.380513
3391	2959	2.384542
3392	2955	2.381319
3393	2954	2.380513
3394	2946	2.374066
3395	2955	2.381319
3396	2955	2.381319
3397	2955	2.381319
3398	2955	2.381319
3399	2959	2.384542
3400	2952	2.378901
3401	2955	2.381319
3402	2955	2.381319
3403	2963	2.387766
3404	2955	2.381319
3405	2955	2.381319
3406	2959	2.384542
3407	2954	2.380513
3408	2955	2.381319
3409	2954	2.380513
3410	2955	2.381319
3411	2954	2.380513
3412	2959	2.384542
3413	2954	2.380513
3414	2954	2.380513
3415	2947	2.374872
3416	2955	2.381319
3417	2955	2.381319
3418	2955	2.381319
3419	2952	2.378901
3420	2976	2.398242
3421	2952	2.378901
3422	2954	2.380513
3423	2954	2.380513
3424	2954	2.380513
3425	2954	2.380513
3426	2954	2.380513
3427	2952	2.378901
3428	2952	2.378901
3429	2954	2.380513
3430	2955	2.381319
3431	2947	2.374872
3432	2955	2.381319
3433	2955	2.381319
3434	2955	2.381319
3435	2952	2.378901
3436	2955	2.381319
3437	2955	2.381319
3438	2952	2.378901
3439	2955	2.381319
3440	2955	2.381319
3441	2947	2.374872
3442	2946	2.374066
3443	2976	2.398242
3444	2959	2.384542
3445	2946	2.374066
3446	2959	2.384542
3447	2963	2.387766
3448	2970	2.393407
3449	2955	2.381319
3450	2968	2.391795
3451	2955	2.381319
3452	2959	2.384542
3453	2954	2.380513
3454	2955	2.381319
3455	2939	2.368425
3456	2947	2.374872
3457	2955	2.381319
3458	2954	2.380513
3459	2955	2.381319
3460	2954	2.380513
3461	2955	2.381319
3462	2955	2.381319
3463	2954	2.380513
3464	2939	2.368425
3465	2954	2.380513
3466	2954	2.380513
3467	2939	2.368425
3468	2946	2.374066
3469	2954	2.380513
3470	2954	2.380513
3471	2939	2.368425
3472	2959	2.384542
3473	2955	2.381319
3474	2955	2.381319
3475	2946	2.374066
3476	2952	2.378901
3477	2952	2.378901
3478	2955	2.381319
3479	2936	2.366007
3480	2952	2.378901
3481	2939	2.368425
3482	2946	2.374066
3483	2947	2.374872
3484	2955	2.381319
3485	2954	2.380513
3486	2947	2.374872
3487	2955	2.381319
3488	2947	2.374872
3489	2952	2.378901
3490	2954	2.380513
3491	2954	2.380513
3492	2955	2.381319
3493	2955	2.381319
3494	2947	2.374872
3495	2946	2.374066
3496	2939	2.368425
3497	2954	2.380513
3498	2955	2.381319
3499	2939	2.368425
3500	2947	2.374872
3501	2946	2.374066
3502	2939	2.368425
3503	2938	2.367619
3504	2938	2.367619
3505	2939	2.368425
3506	2947	2.374872
3507	2952	2.378901
3508	2955	2.381319
3509	2939	2.368425
3510	2947	2.374872
3511	2939	2.368425
3512	2947	2.374872
3513	2946	2.374066
3514	2954	2.380513
3515	2946	2.374066
3516	2938	2.367619
3517	2939	2.368425
3518	2939	2.368425
3519	2939	2.368425
3520	2954	2.380513
3521	2952	2.378901
3522	2939	2.368425
3523	2952	2.378901
3524	2943	2.371648
3525	2946	2.374066
3526	2946	2.374066
3527	2939	2.368425
3528	2939	2.368425
3529	2946	2.374066
3530	2939	2.368425
3531	2952	2.378901
3532	2939	2.368425
3533	2938	2.367619
3534	2939	2.368425
3535	2943	2.371648
3536	2922	2.354725
3537	2927	2.358755
3538	2939	2.368425
3539	2939	2.368425
3540	2939	2.368425
3541	2938	2.367619
3542	2939	2.368425
3543	2938	2.367619
3544	2936	2.366007
3545	2936	2.366007
3546	2939	2.368425
3547	2939	2.368425
3548	2939	2.368425
3549	2938	2.367619
3550	2938	2.367619
3551	2939	2.368425
3552	2938	2.367619
3553	2939	2.368425
3554	2923	2.355531
3555	2939	2.368425
3556	2938	2.367619
3557	2923	2.355531
3558	2939	2.368425
3559	2927	2.358755
3560	2923	2.355531
3561	2927	2.358755
3562	2938	2.367619
3563	2946	2.374066
3564	2927	2.358755
3565	2927	2.358755
3566	2923	2.355531
3567	2922	2.354725
3568	2923	2.355531
3569	2927	2.358755
3570	2936	2.366007
3571	2931	2.361978
3572	2922	2.354725
3573	2927	2.358755
3574	2923	2.355531
3575	2922	2.354725
3576	2936	2.366007
3577	2927	2.358755
3578	2920	2.353114
3579	2923	2.355531
3580	2938	2.367619
3581	2939	2.368425
3582	2922	2.354725
3583	2936	2.366007
3584	2923	2.355531
3585	2923	2.355531
3586	2923	2.355531
3587	2920	2.353114
3588	2923	2.355531
3589	2922	2.354725
3590	2923	2.355531
3591	2915	2.349084
3592	2922	2.354725
3593	2914	2.348278
3594	2915	2.349084
3595	2914	2.348278
3596	2920	2.353114
3597	2915	2.349084
3598	2923	2.355531
3599	2915	2.349084
3600	2912	2.346667
3601	2931	2.361978
3602	2914	2.348278
3603	2915	2.349084
3604	2914	2.348278
3605	2915	2.349084
3606	2915	2.349084
3607	2912	2.346667
3608	2920	2.353114
3609	2914	2.348278
3610	2915	2.349084
3611	2912	2.346667
3612	2920	2.353114
3613	2914	2.348278
3614	2912	2.346667
3615	2912	2.346667
3616	2922	2.354725
3617	2904	2.340220
3618	2923	2.355531
3619	2912	2.346667
3620	2914	2.348278
3621	2912	2.346667
3622	2914	2.348278
3623	2915	2.349084
3624	2912	2.346667
3625	2904	2.340220
3626	2912	2.346667
3627	2904	2.340220
3628	2904	2.340220
3629	2904	2.340220
3630	2904	2.340220
3631	2912	2.346667
3632	2912	2.346667
3633	2912	2.346667
3634	2904	2.340220
3635	2912	2.346667
3636	2912	2.346667
3637	2891	2.329744
3638	2912	2.346667
3639	2904	2.340220
3640	2904	2.340220
3641	2912	2.346667
3642	2891	2.329744
3643	2912	2.346667
3644	2912	2.346667
3645	2912	2.346667
3646	2912	2.346667
3647	2912	2.346667
