Pixel	ADC	VoltageV
1	3929	3.166227
2	3929	3.166227
3	3929	3.166227
4	3921	3.159780
5	3925	3.163004
6	3925	3.163004
7	3921	3.159780
8	3921	3.159780
9	3921	3.159780
10	3925	3.163004
11	3921	3.159780
12	3929	3.166227
13	3929	3.166227
14	3929	3.166227
15	3925	3.163004
16	3921	3.159780
17	3161	2.547326
18	2537	2.044469
19	2545	2.050916
20	2553	2.057363
21	2569	2.070256
22	2557	2.060586
23	2559	2.062198
24	2557	2.060586
25	2577	2.076703
26	2553	2.057363
27	2569	2.070256
28	2557	2.060586
29	2553	2.057363
30	2569	2.070256
31	2569	2.070256
32	2561	2.063810
33	2569	2.070256
34	2577	2.076703
35	2577	2.076703
36	2553	2.057363
37	2581	2.079927
38	2569	2.070256
39	2569	2.070256
40	2573	2.073480
41	2557	2.060586
42	2557	2.060586
43	2576	2.075897
44	2557	2.060586
45	2557	2.060586
46	2561	2.063810
47	2561	2.063810
48	2553	2.057363
49	2569	2.070256
50	2576	2.075897
51	2584	2.082344
52	2573	2.073480
53	2577	2.076703
54	2585	2.083150
55	2577	2.076703
56	2581	2.079927
57	2585	2.083150
58	2561	2.063810
59	2569	2.070256
60	2577	2.076703
61	2577	2.076703
62	2585	2.083150
63	2557	2.060586
64	2573	2.073480
65	2569	2.070256
66	2576	2.075897
67	2577	2.076703
68	2565	2.067033
69	2569	2.070256
70	2577	2.076703
71	2569	2.070256
72	2577	2.076703
73	2569	2.070256
74	2565	2.067033
75	2565	2.067033
76	2577	2.076703
77	2568	2.069451
78	2576	2.075897
79	2577	2.076703
80	2561	2.063810
81	2576	2.075897
82	2589	2.086374
83	2577	2.076703
84	2577	2.076703
85	2573	2.073480
86	2557	2.060586
87	2561	2.063810
88	2557	2.060586
89	2569	2.070256
90	2573	2.073480
91	2569	2.070256
92	2557	2.060586
93	2569	2.070256
94	2565	2.067033
95	2569	2.070256
96	2569	2.070256
97	2577	2.076703
98	2573	2.073480
99	2577	2.076703
100	2569	2.070256
101	2569	2.070256
102	2577	2.076703
103	2561	2.063810
104	2581	2.079927
105	2577	2.076703
106	2585	2.083150
107	2585	2.083150
108	2577	2.076703
109	2585	2.083150
110	2585	2.083150
111	2577	2.076703
112	2581	2.079927
113	2576	2.075897
114	2569	2.070256
115	2581	2.079927
116	2577	2.076703
117	2565	2.067033
118	2573	2.073480
119	2577	2.076703
120	2573	2.073480
121	2577	2.076703
122	2569	2.070256
123	2577	2.076703
124	2577	2.076703
125	2569	2.070256
126	2585	2.083150
127	2585	2.083150
128	2569	2.070256
129	2576	2.075897
130	2569	2.070256
131	2565	2.067033
132	2569	2.070256
133	2561	2.063810
134	2569	2.070256
135	2569	2.070256
136	2569	2.070256
137	2569	2.070256
138	2581	2.079927
139	2565	2.067033
140	2569	2.070256
141	2577	2.076703
142	2581	2.079927
143	2576	2.075897
144	2569	2.070256
145	2561	2.063810
146	2568	2.069451
147	2576	2.075897
148	2569	2.070256
149	2576	2.075897
150	2569	2.070256
151	2585	2.083150
152	2573	2.073480
153	2569	2.070256
154	2573	2.073480
155	2589	2.086374
156	2585	2.083150
157	2593	2.089597
158	2569	2.070256
159	2581	2.079927
160	2577	2.076703
161	2581	2.079927
162	2576	2.075897
163	2577	2.076703
164	2577	2.076703
165	2577	2.076703
166	2585	2.083150
167	2576	2.075897
168	2585	2.083150
169	2577	2.076703
170	2585	2.083150
171	2589	2.086374
172	2581	2.079927
173	2577	2.076703
174	2585	2.083150
175	2577	2.076703
176	2591	2.087985
177	2585	2.083150
178	2569	2.070256
179	2584	2.082344
180	2589	2.086374
181	2589	2.086374
182	2577	2.076703
183	2585	2.083150
184	2585	2.083150
185	2585	2.083150
186	2577	2.076703
187	2569	2.070256
188	2585	2.083150
189	2597	2.092821
190	2591	2.087985
191	2577	2.076703
192	2585	2.083150
193	2585	2.083150
194	2577	2.076703
195	2585	2.083150
196	2581	2.079927
197	2589	2.086374
198	2581	2.079927
199	2585	2.083150
200	2589	2.086374
201	2589	2.086374
202	2585	2.083150
203	2581	2.079927
204	2585	2.083150
205	2585	2.083150
206	2577	2.076703
207	2577	2.076703
208	2585	2.083150
209	2577	2.076703
210	2585	2.083150
211	2576	2.075897
212	2585	2.083150
213	2581	2.079927
214	2577	2.076703
215	2585	2.083150
216	2577	2.076703
217	2577	2.076703
218	2577	2.076703
219	2577	2.076703
220	2569	2.070256
221	2577	2.076703
222	2589	2.086374
223	2585	2.083150
224	2581	2.079927
225	2589	2.086374
226	2585	2.083150
227	2577	2.076703
228	2581	2.079927
229	2577	2.076703
230	2585	2.083150
231	2581	2.079927
232	2573	2.073480
233	2585	2.083150
234	2577	2.076703
235	2589	2.086374
236	2589	2.086374
237	2569	2.070256
238	2577	2.076703
239	2577	2.076703
240	2561	2.063810
241	2585	2.083150
242	2577	2.076703
243	2581	2.079927
244	2581	2.079927
245	2569	2.070256
246	2577	2.076703
247	2585	2.083150
248	2585	2.083150
249	2585	2.083150
250	2577	2.076703
251	2585	2.083150
252	2593	2.089597
253	2581	2.079927
254	2577	2.076703
255	2577	2.076703
256	2585	2.083150
257	2585	2.083150
258	2581	2.079927
259	2573	2.073480
260	2585	2.083150
261	2577	2.076703
262	2589	2.086374
263	2589	2.086374
264	2585	2.083150
265	2589	2.086374
266	2585	2.083150
267	2585	2.083150
268	2589	2.086374
269	2581	2.079927
270	2589	2.086374
271	2581	2.079927
272	2591	2.087985
273	2585	2.083150
274	2581	2.079927
275	2585	2.083150
276	2581	2.079927
277	2584	2.082344
278	2585	2.083150
279	2577	2.076703
280	2589	2.086374
281	2585	2.083150
282	2577	2.076703
283	2585	2.083150
284	2569	2.070256
285	2585	2.083150
286	2589	2.086374
287	2569	2.070256
288	2577	2.076703
289	2577	2.076703
290	2577	2.076703
291	2585	2.083150
292	2585	2.083150
293	2589	2.086374
294	2577	2.076703
295	2589	2.086374
296	2581	2.079927
297	2585	2.083150
298	2585	2.083150
299	2585	2.083150
300	2589	2.086374
301	2577	2.076703
302	2585	2.083150
303	2589	2.086374
304	2585	2.083150
305	2589	2.086374
306	2585	2.083150
307	2591	2.087985
308	2589	2.086374
309	2585	2.083150
310	2597	2.092821
311	2589	2.086374
312	2589	2.086374
313	2593	2.089597
314	2589	2.086374
315	2609	2.102491
316	2597	2.092821
317	2581	2.079927
318	2589	2.086374
319	2601	2.096044
320	2601	2.096044
321	2589	2.086374
322	2589	2.086374
323	2585	2.083150
324	2585	2.083150
325	2605	2.099267
326	2585	2.083150
327	2585	2.083150
328	2581	2.079927
329	2597	2.092821
330	2589	2.086374
331	2589	2.086374
332	2589	2.086374
333	2577	2.076703
334	2589	2.086374
335	2601	2.096044
336	2589	2.086374
337	2589	2.086374
338	2597	2.092821
339	2591	2.087985
340	2585	2.083150
341	2589	2.086374
342	2589	2.086374
343	2597	2.092821
344	2589	2.086374
345	2585	2.083150
346	2597	2.092821
347	2601	2.096044
348	2601	2.096044
349	2601	2.096044
350	2597	2.092821
351	2589	2.086374
352	2597	2.092821
353	2589	2.086374
354	2589	2.086374
355	2585	2.083150
356	2589	2.086374
357	2593	2.089597
358	2593	2.089597
359	2601	2.096044
360	2589	2.086374
361	2589	2.086374
362	2601	2.096044
363	2585	2.083150
364	2601	2.096044
365	2597	2.092821
366	2601	2.096044
367	2589	2.086374
368	2601	2.096044
369	2585	2.083150
370	2609	2.102491
371	2601	2.096044
372	2601	2.096044
373	2601	2.096044
374	2601	2.096044
375	2601	2.096044
376	2589	2.086374
377	2597	2.092821
378	2601	2.096044
379	2597	2.092821
380	2601	2.096044
381	2589	2.086374
382	2589	2.086374
383	2585	2.083150
384	2585	2.083150
385	2585	2.083150
386	2593	2.089597
387	2597	2.092821
388	2585	2.083150
389	2581	2.079927
390	2589	2.086374
391	2589	2.086374
392	2597	2.092821
393	2601	2.096044
394	2608	2.101685
395	2597	2.092821
396	2589	2.086374
397	2577	2.076703
398	2601	2.096044
399	2609	2.102491
400	2589	2.086374
401	2585	2.083150
402	2593	2.089597
403	2601	2.096044
404	2597	2.092821
405	2589	2.086374
406	2589	2.086374
407	2589	2.086374
408	2589	2.086374
409	2585	2.083150
410	2589	2.086374
411	2609	2.102491
412	2593	2.089597
413	2609	2.102491
414	2593	2.089597
415	2585	2.083150
416	2589	2.086374
417	2601	2.096044
418	2601	2.096044
419	2601	2.096044
420	2601	2.096044
421	2593	2.089597
422	2601	2.096044
423	2585	2.083150
424	2608	2.101685
425	2597	2.092821
426	2601	2.096044
427	2591	2.087985
428	2597	2.092821
429	2593	2.089597
430	2589	2.086374
431	2601	2.096044
432	2585	2.083150
433	2589	2.086374
434	2589	2.086374
435	2601	2.096044
436	2589	2.086374
437	2597	2.092821
438	2585	2.083150
439	2597	2.092821
440	2601	2.096044
441	2589	2.086374
442	2593	2.089597
443	2601	2.096044
444	2601	2.096044
445	2589	2.086374
446	2601	2.096044
447	2601	2.096044
448	2585	2.083150
449	2589	2.086374
450	2601	2.096044
451	2609	2.102491
452	2597	2.092821
453	2597	2.092821
454	2601	2.096044
455	2589	2.086374
456	2597	2.092821
457	2597	2.092821
458	2609	2.102491
459	2601	2.096044
460	2613	2.105714
461	2597	2.092821
462	2597	2.092821
463	2597	2.092821
464	2601	2.096044
465	2589	2.086374
466	2601	2.096044
467	2601	2.096044
468	2597	2.092821
469	2609	2.102491
470	2597	2.092821
471	2613	2.105714
472	2593	2.089597
473	2609	2.102491
474	2600	2.095238
475	2601	2.096044
476	2601	2.096044
477	2609	2.102491
478	2617	2.108938
479	2597	2.092821
480	2617	2.108938
481	2613	2.105714
482	2609	2.102491
483	2609	2.102491
484	2617	2.108938
485	2617	2.108938
486	2597	2.092821
487	2609	2.102491
488	2617	2.108938
489	2617	2.108938
490	2609	2.102491
491	2597	2.092821
492	2609	2.102491
493	2609	2.102491
494	2609	2.102491
495	2613	2.105714
496	2605	2.099267
497	2609	2.102491
498	2617	2.108938
499	2605	2.099267
500	2608	2.101685
501	2601	2.096044
502	2601	2.096044
503	2597	2.092821
504	2609	2.102491
505	2613	2.105714
506	2601	2.096044
507	2608	2.101685
508	2617	2.108938
509	2609	2.102491
510	2601	2.096044
511	2601	2.096044
512	2600	2.095238
513	2601	2.096044
514	2601	2.096044
515	2601	2.096044
516	2609	2.102491
517	2609	2.102491
518	2601	2.096044
519	2609	2.102491
520	2601	2.096044
521	2601	2.096044
522	2601	2.096044
523	2605	2.099267
524	2597	2.092821
525	2609	2.102491
526	2601	2.096044
527	2617	2.108938
528	2617	2.108938
529	2608	2.101685
530	2625	2.115385
531	2601	2.096044
532	2605	2.099267
533	2601	2.096044
534	2601	2.096044
535	2591	2.087985
536	2609	2.102491
537	2609	2.102491
538	2609	2.102491
539	2601	2.096044
540	2601	2.096044
541	2609	2.102491
542	2616	2.108132
543	2609	2.102491
544	2617	2.108938
545	2621	2.112161
546	2613	2.105714
547	2625	2.115385
548	2625	2.115385
549	2617	2.108938
550	2625	2.115385
551	2625	2.115385
552	2617	2.108938
553	2613	2.105714
554	2609	2.102491
555	2601	2.096044
556	2617	2.108938
557	2613	2.105714
558	2609	2.102491
559	2609	2.102491
560	2625	2.115385
561	2625	2.115385
562	2617	2.108938
563	2609	2.102491
564	2609	2.102491
565	2621	2.112161
566	2608	2.101685
567	2617	2.108938
568	2609	2.102491
569	2609	2.102491
570	2601	2.096044
571	2613	2.105714
572	2609	2.102491
573	2609	2.102491
574	2609	2.102491
575	2617	2.108938
576	2609	2.102491
577	2613	2.105714
578	2609	2.102491
579	2609	2.102491
580	2609	2.102491
581	2609	2.102491
582	2625	2.115385
583	2625	2.115385
584	2613	2.105714
585	2617	2.108938
586	2609	2.102491
587	2621	2.112161
588	2617	2.108938
589	2597	2.092821
590	2608	2.101685
591	2589	2.086374
592	2591	2.087985
593	2609	2.102491
594	2609	2.102491
595	2613	2.105714
596	2605	2.099267
597	2609	2.102491
598	2613	2.105714
599	2617	2.108938
600	2617	2.108938
601	2613	2.105714
602	2601	2.096044
603	2609	2.102491
604	2621	2.112161
605	2609	2.102491
606	2617	2.108938
607	2601	2.096044
608	2589	2.086374
609	2609	2.102491
610	2613	2.105714
611	2609	2.102491
612	2608	2.101685
613	2609	2.102491
614	2605	2.099267
615	2601	2.096044
616	2609	2.102491
617	2617	2.108938
618	2609	2.102491
619	2613	2.105714
620	2613	2.105714
621	2609	2.102491
622	2609	2.102491
623	2617	2.108938
624	2617	2.108938
625	2617	2.108938
626	2601	2.096044
627	2621	2.112161
628	2608	2.101685
629	2609	2.102491
630	2617	2.108938
631	2613	2.105714
632	2617	2.108938
633	2617	2.108938
634	2613	2.105714
635	2589	2.086374
636	2609	2.102491
637	2621	2.112161
638	2609	2.102491
639	2616	2.108132
640	2617	2.108938
641	2617	2.108938
642	2625	2.115385
643	2617	2.108938
644	2609	2.102491
645	2617	2.108938
646	2624	2.114579
647	2625	2.115385
648	2621	2.112161
649	2617	2.108938
650	2613	2.105714
651	2617	2.108938
652	2613	2.105714
653	2609	2.102491
654	2609	2.102491
655	2609	2.102491
656	2609	2.102491
657	2617	2.108938
658	2613	2.105714
659	2609	2.102491
660	2617	2.108938
661	2617	2.108938
662	2621	2.112161
663	2625	2.115385
664	2629	2.118608
665	2617	2.108938
666	2633	2.121832
667	2621	2.112161
668	2629	2.118608
669	2625	2.115385
670	2625	2.115385
671	2625	2.115385
672	2633	2.121832
673	2617	2.108938
674	2613	2.105714
675	2633	2.121832
676	2629	2.118608
677	2625	2.115385
678	2613	2.105714
679	2621	2.112161
680	2625	2.115385
681	2617	2.108938
682	2617	2.108938
683	2621	2.112161
684	2625	2.115385
685	2629	2.118608
686	2613	2.105714
687	2629	2.118608
688	2617	2.108938
689	2625	2.115385
690	2617	2.108938
691	2621	2.112161
692	2609	2.102491
693	2609	2.102491
694	2609	2.102491
695	2609	2.102491
696	2621	2.112161
697	2609	2.102491
698	2640	2.127473
699	2617	2.108938
700	2633	2.121832
701	2625	2.115385
702	2633	2.121832
703	2617	2.108938
704	2625	2.115385
705	2617	2.108938
706	2637	2.125055
707	2625	2.115385
708	2633	2.121832
709	2625	2.115385
710	2629	2.118608
711	2625	2.115385
712	2629	2.118608
713	2625	2.115385
714	2625	2.115385
715	2617	2.108938
716	2609	2.102491
717	2609	2.102491
718	2633	2.121832
719	2625	2.115385
720	2625	2.115385
721	2617	2.108938
722	2616	2.108132
723	2621	2.112161
724	2609	2.102491
725	2609	2.102491
726	2633	2.121832
727	2617	2.108938
728	2621	2.112161
729	2625	2.115385
730	2625	2.115385
731	2629	2.118608
732	2633	2.121832
733	2633	2.121832
734	2625	2.115385
735	2629	2.118608
736	2617	2.108938
737	2625	2.115385
738	2625	2.115385
739	2641	2.128278
740	2632	2.121026
741	2617	2.108938
742	2629	2.118608
743	2625	2.115385
744	2633	2.121832
745	2641	2.128278
746	2625	2.115385
747	2617	2.108938
748	2633	2.121832
749	2625	2.115385
750	2633	2.121832
751	2633	2.121832
752	2625	2.115385
753	2629	2.118608
754	2641	2.128278
755	2616	2.108132
756	2633	2.121832
757	2625	2.115385
758	2629	2.118608
759	2625	2.115385
760	2633	2.121832
761	2633	2.121832
762	2633	2.121832
763	2621	2.112161
764	2633	2.121832
765	2625	2.115385
766	2617	2.108938
767	2629	2.118608
768	2633	2.121832
769	2641	2.128278
770	2633	2.121832
771	2645	2.131502
772	2641	2.128278
773	2625	2.115385
774	2633	2.121832
775	2640	2.127473
776	2625	2.115385
777	2633	2.121832
778	2629	2.118608
779	2640	2.127473
780	2633	2.121832
781	2640	2.127473
782	2641	2.128278
783	2641	2.128278
784	2641	2.128278
785	2641	2.128278
786	2641	2.128278
787	2653	2.137949
788	2633	2.121832
789	2648	2.133919
790	2641	2.128278
791	2633	2.121832
792	2641	2.128278
793	2633	2.121832
794	2625	2.115385
795	2641	2.128278
796	2633	2.121832
797	2645	2.131502
798	2645	2.131502
799	2625	2.115385
800	2649	2.134725
801	2645	2.131502
802	2649	2.134725
803	2641	2.128278
804	2641	2.128278
805	2641	2.128278
806	2641	2.128278
807	2641	2.128278
808	2641	2.128278
809	2649	2.134725
810	2649	2.134725
811	2645	2.131502
812	2645	2.131502
813	2653	2.137949
814	2653	2.137949
815	2653	2.137949
816	2657	2.141172
817	2665	2.147619
818	2653	2.137949
819	2653	2.137949
820	2653	2.137949
821	2641	2.128278
822	2657	2.141172
823	2665	2.147619
824	2657	2.141172
825	2653	2.137949
826	2653	2.137949
827	2649	2.134725
828	2653	2.137949
829	2653	2.137949
830	2640	2.127473
831	2661	2.144396
832	2653	2.137949
833	2653	2.137949
834	2649	2.134725
835	2649	2.134725
836	2649	2.134725
837	2653	2.137949
838	2653	2.137949
839	2649	2.134725
840	2649	2.134725
841	2653	2.137949
842	2649	2.134725
843	2653	2.137949
844	2649	2.134725
845	2653	2.137949
846	2653	2.137949
847	2653	2.137949
848	2669	2.150842
849	2665	2.147619
850	2665	2.147619
851	2655	2.139560
852	2665	2.147619
853	2657	2.141172
854	2673	2.154066
855	2665	2.147619
856	2653	2.137949
857	2649	2.134725
858	2653	2.137949
859	2672	2.153260
860	2657	2.141172
861	2653	2.137949
862	2653	2.137949
863	2665	2.147619
864	2673	2.154066
865	2673	2.154066
866	2673	2.154066
867	2673	2.154066
868	2673	2.154066
869	2681	2.160513
870	2672	2.153260
871	2673	2.154066
872	2697	2.173407
873	2673	2.154066
874	2665	2.147619
875	2677	2.157289
876	2665	2.147619
877	2681	2.160513
878	2661	2.144396
879	2677	2.157289
880	2677	2.157289
881	2665	2.147619
882	2665	2.147619
883	2665	2.147619
884	2673	2.154066
885	2673	2.154066
886	2665	2.147619
887	2680	2.159707
888	2673	2.154066
889	2672	2.153260
890	2665	2.147619
891	2673	2.154066
892	2665	2.147619
893	2665	2.147619
894	2653	2.137949
895	2672	2.153260
896	2665	2.147619
897	2649	2.134725
898	2665	2.147619
899	2657	2.141172
900	2657	2.141172
901	2669	2.150842
902	2653	2.137949
903	2657	2.141172
904	2677	2.157289
905	2653	2.137949
906	2661	2.144396
907	2661	2.144396
908	2653	2.137949
909	2673	2.154066
910	2665	2.147619
911	2677	2.157289
912	2665	2.147619
913	2677	2.157289
914	2665	2.147619
915	2677	2.157289
916	2665	2.147619
917	2677	2.157289
918	2685	2.163736
919	2681	2.160513
920	2673	2.154066
921	2669	2.150842
922	2665	2.147619
923	2673	2.154066
924	2665	2.147619
925	2673	2.154066
926	2653	2.137949
927	2665	2.147619
928	2673	2.154066
929	2672	2.153260
930	2665	2.147619
931	2669	2.150842
932	2681	2.160513
933	2665	2.147619
934	2673	2.154066
935	2673	2.154066
936	2665	2.147619
937	2681	2.160513
938	2673	2.154066
939	2673	2.154066
940	2681	2.160513
941	2673	2.154066
942	2665	2.147619
943	2685	2.163736
944	2673	2.154066
945	2665	2.147619
946	2673	2.154066
947	2665	2.147619
948	2673	2.154066
949	2673	2.154066
950	2681	2.160513
951	2677	2.157289
952	2665	2.147619
953	2681	2.160513
954	2681	2.160513
955	2672	2.153260
956	2681	2.160513
957	2677	2.157289
958	2665	2.147619
959	2673	2.154066
960	2681	2.160513
961	2677	2.157289
962	2665	2.147619
963	2653	2.137949
964	2681	2.160513
965	2673	2.154066
966	2673	2.154066
967	2673	2.154066
968	2677	2.157289
969	2681	2.160513
970	2681	2.160513
971	2673	2.154066
972	2673	2.154066
973	2677	2.157289
974	2685	2.163736
975	2677	2.157289
976	2681	2.160513
977	2673	2.154066
978	2681	2.160513
979	2685	2.163736
980	2673	2.154066
981	2685	2.163736
982	2673	2.154066
983	2672	2.153260
984	2673	2.154066
985	2677	2.157289
986	2673	2.154066
987	2672	2.153260
988	2677	2.157289
989	2672	2.153260
990	2673	2.154066
991	2665	2.147619
992	2685	2.163736
993	2681	2.160513
994	2685	2.163736
995	2697	2.173407
996	2685	2.163736
997	2681	2.160513
998	2697	2.173407
999	2687	2.165348
1000	2696	2.172601
1001	2697	2.173407
1002	2697	2.173407
1003	2693	2.170183
1004	2697	2.173407
1005	2697	2.173407
1006	2681	2.160513
1007	2681	2.160513
1008	2685	2.163736
1009	2685	2.163736
1010	2677	2.157289
1011	2681	2.160513
1012	2697	2.173407
1013	2697	2.173407
1014	2697	2.173407
1015	2685	2.163736
1016	2709	2.183077
1017	2687	2.165348
1018	2687	2.165348
1019	2709	2.183077
1020	2685	2.163736
1021	2685	2.163736
1022	2687	2.165348
1023	2697	2.173407
1024	2705	2.179853
1025	2685	2.163736
1026	2709	2.183077
1027	2685	2.163736
1028	2685	2.163736
1029	2685	2.163736
1030	2685	2.163736
1031	2697	2.173407
1032	2681	2.160513
1033	2685	2.163736
1034	2697	2.173407
1035	2697	2.173407
1036	2681	2.160513
1037	2687	2.165348
1038	2687	2.165348
1039	2687	2.165348
1040	2685	2.163736
1041	2681	2.160513
1042	2685	2.163736
1043	2693	2.170183
1044	2705	2.179853
1045	2705	2.179853
1046	2681	2.160513
1047	2687	2.165348
1048	2687	2.165348
1049	2705	2.179853
1050	2697	2.173407
1051	2697	2.173407
1052	2685	2.163736
1053	2704	2.179048
1054	2697	2.173407
1055	2701	2.176630
1056	2704	2.179048
1057	2687	2.165348
1058	2687	2.165348
1059	2697	2.173407
1060	2687	2.165348
1061	2705	2.179853
1062	2713	2.186300
1063	2705	2.179853
1064	2697	2.173407
1065	2697	2.173407
1066	2717	2.189524
1067	2713	2.186300
1068	2687	2.165348
1069	2697	2.173407
1070	2705	2.179853
1071	2705	2.179853
1072	2704	2.179048
1073	2705	2.179853
1074	2697	2.173407
1075	2687	2.165348
1076	2709	2.183077
1077	2705	2.179853
1078	2697	2.173407
1079	2687	2.165348
1080	2697	2.173407
1081	2697	2.173407
1082	2704	2.179048
1083	2705	2.179853
1084	2709	2.183077
1085	2713	2.186300
1086	2697	2.173407
1087	2705	2.179853
1088	2713	2.186300
1089	2713	2.186300
1090	2705	2.179853
1091	2713	2.186300
1092	2713	2.186300
1093	2713	2.186300
1094	2705	2.179853
1095	2709	2.183077
1096	2697	2.173407
1097	2705	2.179853
1098	2713	2.186300
1099	2705	2.179853
1100	2701	2.176630
1101	2713	2.186300
1102	2697	2.173407
1103	2705	2.179853
1104	2709	2.183077
1105	2705	2.179853
1106	2717	2.189524
1107	2717	2.189524
1108	2705	2.179853
1109	2713	2.186300
1110	2709	2.183077
1111	2713	2.186300
1112	2717	2.189524
1113	2717	2.189524
1114	2704	2.179048
1115	2709	2.183077
1116	2717	2.189524
1117	2713	2.186300
1118	2713	2.186300
1119	2733	2.202418
1120	2705	2.179853
1121	2713	2.186300
1122	2705	2.179853
1123	2713	2.186300
1124	2717	2.189524
1125	2713	2.186300
1126	2717	2.189524
1127	2713	2.186300
1128	2713	2.186300
1129	2717	2.189524
1130	2713	2.186300
1131	2713	2.186300
1132	2717	2.189524
1133	2705	2.179853
1134	2717	2.189524
1135	2717	2.189524
1136	2705	2.179853
1137	2721	2.192747
1138	2713	2.186300
1139	2713	2.186300
1140	2709	2.183077
1141	2705	2.179853
1142	2705	2.179853
1143	2717	2.189524
1144	2713	2.186300
1145	2717	2.189524
1146	2713	2.186300
1147	2729	2.199194
1148	2713	2.186300
1149	2725	2.195971
1150	2717	2.189524
1151	2717	2.189524
1152	2721	2.192747
1153	2717	2.189524
1154	2713	2.186300
1155	2717	2.189524
1156	2737	2.205641
1157	2729	2.199194
1158	2717	2.189524
1159	2713	2.186300
1160	2736	2.204835
1161	2717	2.189524
1162	2717	2.189524
1163	2721	2.192747
1164	2721	2.192747
1165	2717	2.189524
1166	2725	2.195971
1167	2729	2.199194
1168	2713	2.186300
1169	2717	2.189524
1170	2713	2.186300
1171	2729	2.199194
1172	2717	2.189524
1173	2729	2.199194
1174	2729	2.199194
1175	2717	2.189524
1176	2737	2.205641
1177	2729	2.199194
1178	2736	2.204835
1179	2737	2.205641
1180	2729	2.199194
1181	2737	2.205641
1182	2737	2.205641
1183	2729	2.199194
1184	2737	2.205641
1185	2729	2.199194
1186	2736	2.204835
1187	2721	2.192747
1188	2737	2.205641
1189	2729	2.199194
1190	2729	2.199194
1191	2729	2.199194
1192	2737	2.205641
1193	2729	2.199194
1194	2736	2.204835
1195	2737	2.205641
1196	2729	2.199194
1197	2717	2.189524
1198	2725	2.195971
1199	2737	2.205641
1200	2729	2.199194
1201	2737	2.205641
1202	2737	2.205641
1203	2717	2.189524
1204	2737	2.205641
1205	2741	2.208864
1206	2729	2.199194
1207	2729	2.199194
1208	2745	2.212088
1209	2741	2.208864
1210	2729	2.199194
1211	2737	2.205641
1212	2736	2.204835
1213	2737	2.205641
1214	2737	2.205641
1215	2737	2.205641
1216	2729	2.199194
1217	2717	2.189524
1218	2725	2.195971
1219	2736	2.204835
1220	2741	2.208864
1221	2729	2.199194
1222	2729	2.199194
1223	2737	2.205641
1224	2736	2.204835
1225	2729	2.199194
1226	2745	2.212088
1227	2725	2.195971
1228	2745	2.212088
1229	2737	2.205641
1230	2737	2.205641
1231	2736	2.204835
1232	2741	2.208864
1233	2733	2.202418
1234	2729	2.199194
1235	2745	2.212088
1236	2753	2.218535
1237	2749	2.215311
1238	2745	2.212088
1239	2745	2.212088
1240	2745	2.212088
1241	2753	2.218535
1242	2757	2.221758
1243	2745	2.212088
1244	2745	2.212088
1245	2737	2.205641
1246	2737	2.205641
1247	2745	2.212088
1248	2753	2.218535
1249	2737	2.205641
1250	2737	2.205641
1251	2745	2.212088
1252	2745	2.212088
1253	2737	2.205641
1254	2745	2.212088
1255	2757	2.221758
1256	2753	2.218535
1257	2737	2.205641
1258	2757	2.221758
1259	2753	2.218535
1260	2749	2.215311
1261	2752	2.217729
1262	2753	2.218535
1263	2737	2.205641
1264	2753	2.218535
1265	2745	2.212088
1266	2769	2.231429
1267	2761	2.224982
1268	2761	2.224982
1269	2757	2.221758
1270	2761	2.224982
1271	2753	2.218535
1272	2761	2.224982
1273	2757	2.221758
1274	2761	2.224982
1275	2737	2.205641
1276	2757	2.221758
1277	2757	2.221758
1278	2753	2.218535
1279	2753	2.218535
1280	2752	2.217729
1281	2752	2.217729
1282	2753	2.218535
1283	2757	2.221758
1284	2757	2.221758
1285	2753	2.218535
1286	2761	2.224982
1287	2761	2.224982
1288	2753	2.218535
1289	2769	2.231429
1290	2753	2.218535
1291	2761	2.224982
1292	2761	2.224982
1293	2753	2.218535
1294	2753	2.218535
1295	2769	2.231429
1296	2769	2.231429
1297	2753	2.218535
1298	2761	2.224982
1299	2753	2.218535
1300	2753	2.218535
1301	2769	2.231429
1302	2761	2.224982
1303	2769	2.231429
1304	2761	2.224982
1305	2777	2.237875
1306	2757	2.221758
1307	2769	2.231429
1308	2745	2.212088
1309	2761	2.224982
1310	2761	2.224982
1311	2769	2.231429
1312	2769	2.231429
1313	2761	2.224982
1314	2753	2.218535
1315	2768	2.230623
1316	2761	2.224982
1317	2768	2.230623
1318	2768	2.230623
1319	2769	2.231429
1320	2769	2.231429
1321	2753	2.218535
1322	2761	2.224982
1323	2769	2.231429
1324	2761	2.224982
1325	2769	2.231429
1326	2761	2.224982
1327	2769	2.231429
1328	2769	2.231429
1329	2769	2.231429
1330	2765	2.228205
1331	2769	2.231429
1332	2768	2.230623
1333	2785	2.244322
1334	2773	2.234652
1335	2769	2.231429
1336	2777	2.237875
1337	2769	2.231429
1338	2765	2.228205
1339	2777	2.237875
1340	2777	2.237875
1341	2769	2.231429
1342	2773	2.234652
1343	2773	2.234652
1344	2777	2.237875
1345	2781	2.241099
1346	2777	2.237875
1347	2777	2.237875
1348	2777	2.237875
1349	2769	2.231429
1350	2769	2.231429
1351	2781	2.241099
1352	2781	2.241099
1353	2769	2.231429
1354	2769	2.231429
1355	2773	2.234652
1356	2761	2.224982
1357	2768	2.230623
1358	2761	2.224982
1359	2777	2.237875
1360	2777	2.237875
1361	2773	2.234652
1362	2769	2.231429
1363	2777	2.237875
1364	2769	2.231429
1365	2769	2.231429
1366	2785	2.244322
1367	2785	2.244322
1368	2777	2.237875
1369	2761	2.224982
1370	2781	2.241099
1371	2777	2.237875
1372	2781	2.241099
1373	2781	2.241099
1374	2777	2.237875
1375	2769	2.231429
1376	2781	2.241099
1377	2793	2.250769
1378	2781	2.241099
1379	2769	2.231429
1380	2781	2.241099
1381	2781	2.241099
1382	2781	2.241099
1383	2773	2.234652
1384	2777	2.237875
1385	2781	2.241099
1386	2769	2.231429
1387	2768	2.230623
1388	2781	2.241099
1389	2773	2.234652
1390	2777	2.237875
1391	2777	2.237875
1392	2777	2.237875
1393	2781	2.241099
1394	2785	2.244322
1395	2777	2.237875
1396	2785	2.244322
1397	2785	2.244322
1398	2777	2.237875
1399	2761	2.224982
1400	2789	2.247546
1401	2781	2.241099
1402	2781	2.241099
1403	2769	2.231429
1404	2781	2.241099
1405	2785	2.244322
1406	2781	2.241099
1407	2781	2.241099
1408	2781	2.241099
1409	2777	2.237875
1410	2793	2.250769
1411	2785	2.244322
1412	2781	2.241099
1413	2777	2.237875
1414	2781	2.241099
1415	2776	2.237070
1416	2789	2.247546
1417	2781	2.241099
1418	2781	2.241099
1419	2781	2.241099
1420	2781	2.241099
1421	2781	2.241099
1422	2781	2.241099
1423	2785	2.244322
1424	2785	2.244322
1425	2777	2.237875
1426	2801	2.257216
1427	2781	2.241099
1428	2781	2.241099
1429	2789	2.247546
1430	2793	2.250769
1431	2781	2.241099
1432	2781	2.241099
1433	2781	2.241099
1434	2789	2.247546
1435	2781	2.241099
1436	2777	2.237875
1437	2781	2.241099
1438	2781	2.241099
1439	2768	2.230623
1440	2789	2.247546
1441	2781	2.241099
1442	2781	2.241099
1443	2783	2.242711
1444	2777	2.237875
1445	2777	2.237875
1446	2793	2.250769
1447	2783	2.242711
1448	2800	2.256410
1449	2793	2.250769
1450	2777	2.237875
1451	2781	2.241099
1452	2789	2.247546
1453	2793	2.250769
1454	2789	2.247546
1455	2789	2.247546
1456	2781	2.241099
1457	2777	2.237875
1458	2785	2.244322
1459	2789	2.247546
1460	2789	2.247546
1461	2781	2.241099
1462	2793	2.250769
1463	2816	2.269304
1464	2789	2.247546
1465	2781	2.241099
1466	2781	2.241099
1467	2816	2.269304
1468	2793	2.250769
1469	2781	2.241099
1470	2793	2.250769
1471	2789	2.247546
1472	2793	2.250769
1473	2781	2.241099
1474	2777	2.237875
1475	2781	2.241099
1476	2777	2.237875
1477	2789	2.247546
1478	2769	2.231429
1479	2781	2.241099
1480	2781	2.241099
1481	2781	2.241099
1482	2781	2.241099
1483	2777	2.237875
1484	2777	2.237875
1485	2785	2.244322
1486	2777	2.237875
1487	2777	2.237875
1488	2773	2.234652
1489	2777	2.237875
1490	2773	2.234652
1491	2783	2.242711
1492	2785	2.244322
1493	2777	2.237875
1494	2781	2.241099
1495	2777	2.237875
1496	2781	2.241099
1497	2777	2.237875
1498	2769	2.231429
1499	2781	2.241099
1500	2785	2.244322
1501	2781	2.241099
1502	2781	2.241099
1503	2777	2.237875
1504	2793	2.250769
1505	2781	2.241099
1506	2777	2.237875
1507	2781	2.241099
1508	2781	2.241099
1509	2781	2.241099
1510	2777	2.237875
1511	2777	2.237875
1512	2781	2.241099
1513	2781	2.241099
1514	2793	2.250769
1515	2777	2.237875
1516	2777	2.237875
1517	2781	2.241099
1518	2777	2.237875
1519	2777	2.237875
1520	2793	2.250769
1521	2781	2.241099
1522	2781	2.241099
1523	2781	2.241099
1524	2781	2.241099
1525	2777	2.237875
1526	2781	2.241099
1527	2777	2.237875
1528	2785	2.244322
1529	2781	2.241099
1530	2781	2.241099
1531	2777	2.237875
1532	2777	2.237875
1533	2781	2.241099
1534	2769	2.231429
1535	2769	2.231429
1536	2777	2.237875
1537	2769	2.231429
1538	2777	2.237875
1539	2777	2.237875
1540	2781	2.241099
1541	2769	2.231429
1542	2781	2.241099
1543	2777	2.237875
1544	2769	2.231429
1545	2769	2.231429
1546	2777	2.237875
1547	2769	2.231429
1548	2769	2.231429
1549	2769	2.231429
1550	2773	2.234652
1551	2765	2.228205
1552	2777	2.237875
1553	2761	2.224982
1554	2777	2.237875
1555	2761	2.224982
1556	2769	2.231429
1557	2769	2.231429
1558	2769	2.231429
1559	2765	2.228205
1560	2769	2.231429
1561	2757	2.221758
1562	2769	2.231429
1563	2773	2.234652
1564	2769	2.231429
1565	2769	2.231429
1566	2761	2.224982
1567	2753	2.218535
1568	2768	2.230623
1569	2761	2.224982
1570	2761	2.224982
1571	2761	2.224982
1572	2761	2.224982
1573	2761	2.224982
1574	2761	2.224982
1575	2753	2.218535
1576	2753	2.218535
1577	2761	2.224982
1578	2753	2.218535
1579	2753	2.218535
1580	2737	2.205641
1581	2769	2.231429
1582	2753	2.218535
1583	2753	2.218535
1584	2757	2.221758
1585	2752	2.217729
1586	2761	2.224982
1587	2769	2.231429
1588	2753	2.218535
1589	2753	2.218535
1590	2753	2.218535
1591	2753	2.218535
1592	2752	2.217729
1593	2745	2.212088
1594	2769	2.231429
1595	2745	2.212088
1596	2761	2.224982
1597	2745	2.212088
1598	2745	2.212088
1599	2745	2.212088
1600	2752	2.217729
1601	2753	2.218535
1602	2753	2.218535
1603	2761	2.224982
1604	2749	2.215311
1605	2752	2.217729
1606	2737	2.205641
1607	2745	2.212088
1608	2752	2.217729
1609	2745	2.212088
1610	2729	2.199194
1611	2737	2.205641
1612	2745	2.212088
1613	2725	2.195971
1614	2729	2.199194
1615	2729	2.199194
1616	2737	2.205641
1617	2729	2.199194
1618	2729	2.199194
1619	2725	2.195971
1620	2705	2.179853
1621	2729	2.199194
1622	2725	2.195971
1623	2721	2.192747
1624	2717	2.189524
1625	2729	2.199194
1626	2745	2.212088
1627	2717	2.189524
1628	2725	2.195971
1629	2725	2.195971
1630	2725	2.195971
1631	2737	2.205641
1632	2721	2.192747
1633	2725	2.195971
1634	2729	2.199194
1635	2725	2.195971
1636	2721	2.192747
1637	2729	2.199194
1638	2729	2.199194
1639	2713	2.186300
1640	2717	2.189524
1641	2713	2.186300
1642	2717	2.189524
1643	2721	2.192747
1644	2709	2.183077
1645	2713	2.186300
1646	2713	2.186300
1647	2709	2.183077
1648	2687	2.165348
1649	2704	2.179048
1650	2705	2.179853
1651	2705	2.179853
1652	2709	2.183077
1653	2705	2.179853
1654	2704	2.179048
1655	2713	2.186300
1656	2697	2.173407
1657	2697	2.173407
1658	2697	2.173407
1659	2705	2.179853
1660	2685	2.163736
1661	2709	2.183077
1662	2705	2.179853
1663	2697	2.173407
1664	2687	2.165348
1665	2685	2.163736
1666	2693	2.170183
1667	2687	2.165348
1668	2685	2.163736
1669	2685	2.163736
1670	2705	2.179853
1671	2681	2.160513
1672	2687	2.165348
1673	2681	2.160513
1674	2685	2.163736
1675	2685	2.163736
1676	2685	2.163736
1677	2665	2.147619
1678	2681	2.160513
1679	2677	2.157289
1680	2681	2.160513
1681	2673	2.154066
1682	2677	2.157289
1683	2681	2.160513
1684	2673	2.154066
1685	2665	2.147619
1686	2685	2.163736
1687	2673	2.154066
1688	2665	2.147619
1689	2665	2.147619
1690	2665	2.147619
1691	2665	2.147619
1692	2681	2.160513
1693	2673	2.154066
1694	2665	2.147619
1695	2657	2.141172
1696	2665	2.147619
1697	2661	2.144396
1698	2657	2.141172
1699	2657	2.141172
1700	2653	2.137949
1701	2641	2.128278
1702	2653	2.137949
1703	2653	2.137949
1704	2649	2.134725
1705	2653	2.137949
1706	2649	2.134725
1707	2641	2.128278
1708	2633	2.121832
1709	2641	2.128278
1710	2649	2.134725
1711	2649	2.134725
1712	2625	2.115385
1713	2633	2.121832
1714	2641	2.128278
1715	2633	2.121832
1716	2641	2.128278
1717	2633	2.121832
1718	2633	2.121832
1719	2625	2.115385
1720	2629	2.118608
1721	2625	2.115385
1722	2625	2.115385
1723	2625	2.115385
1724	2633	2.121832
1725	2617	2.108938
1726	2609	2.102491
1727	2617	2.108938
1728	2625	2.115385
1729	2621	2.112161
1730	2608	2.101685
1731	2613	2.105714
1732	2617	2.108938
1733	2617	2.108938
1734	2617	2.108938
1735	2608	2.101685
1736	2601	2.096044
1737	2617	2.108938
1738	2608	2.101685
1739	2601	2.096044
1740	2593	2.089597
1741	2601	2.096044
1742	2608	2.101685
1743	2601	2.096044
1744	2589	2.086374
1745	2589	2.086374
1746	2589	2.086374
1747	2589	2.086374
1748	2593	2.089597
1749	2589	2.086374
1750	2589	2.086374
1751	2585	2.083150
1752	2585	2.083150
1753	2585	2.083150
1754	2585	2.083150
1755	2585	2.083150
1756	2581	2.079927
1757	2573	2.073480
1758	2577	2.076703
1759	2576	2.075897
1760	2585	2.083150
1761	2569	2.070256
1762	2573	2.073480
1763	2569	2.070256
1764	2569	2.070256
1765	2565	2.067033
1766	2561	2.063810
1767	2557	2.060586
1768	2569	2.070256
1769	2557	2.060586
1770	2557	2.060586
1771	2553	2.057363
1772	2549	2.054139
1773	2557	2.060586
1774	2545	2.050916
1775	2537	2.044469
1776	2545	2.050916
1777	2544	2.050110
1778	2537	2.044469
1779	2533	2.041245
1780	2529	2.038022
1781	2525	2.034799
1782	2525	2.034799
1783	2537	2.044469
1784	2525	2.034799
1785	2533	2.041245
1786	2537	2.044469
1787	2512	2.024322
1788	2521	2.031575
1789	2513	2.025128
1790	2521	2.031575
1791	2512	2.024322
1792	2537	2.044469
1793	2525	2.034799
1794	2525	2.034799
1795	2513	2.025128
1796	2513	2.025128
1797	2521	2.031575
1798	2505	2.018681
1799	2489	2.005788
1800	2513	2.025128
1801	2505	2.018681
1802	2505	2.018681
1803	2497	2.012234
1804	2505	2.018681
1805	2489	2.005788
1806	2501	2.015458
1807	2489	2.005788
1808	2485	2.002564
1809	2480	1.998535
1810	2489	2.005788
1811	2480	1.998535
1812	2497	2.012234
1813	2481	1.999341
1814	2473	1.992894
1815	2473	1.992894
1816	2481	1.999341
1817	2473	1.992894
1818	2480	1.998535
1819	2489	2.005788
1820	2473	1.992894
1821	2469	1.989670
1822	2461	1.983223
1823	2473	1.992894
1824	2481	1.999341
1825	2463	1.984835
1826	2457	1.980000
1827	2457	1.980000
1828	2469	1.989670
1829	2453	1.976777
1830	2480	1.998535
1831	2461	1.983223
1832	2463	1.984835
1833	2461	1.983223
1834	2449	1.973553
1835	2457	1.980000
1836	2457	1.980000
1837	2449	1.973553
1838	2457	1.980000
1839	2449	1.973553
1840	2437	1.963883
1841	2441	1.967106
1842	2440	1.966300
1843	2449	1.973553
1844	2429	1.957436
1845	2445	1.970330
1846	2429	1.957436
1847	2437	1.963883
1848	2433	1.960659
1849	2441	1.967106
1850	2433	1.960659
1851	2441	1.967106
1852	2425	1.954212
1853	2425	1.954212
1854	2441	1.967106
1855	2425	1.954212
1856	2425	1.954212
1857	2425	1.954212
1858	2417	1.947766
1859	2429	1.957436
1860	2433	1.960659
1861	2416	1.946960
1862	2417	1.947766
1863	2429	1.957436
1864	2421	1.950989
1865	2416	1.946960
1866	2425	1.954212
1867	2425	1.954212
1868	2429	1.957436
1869	2429	1.957436
1870	2417	1.947766
1871	2417	1.947766
1872	2417	1.947766
1873	2441	1.967106
1874	2425	1.954212
1875	2409	1.941319
1876	2409	1.941319
1877	2425	1.954212
1878	2429	1.957436
1879	2429	1.957436
1880	2409	1.941319
1881	2417	1.947766
1882	2409	1.941319
1883	2405	1.938095
1884	2413	1.944542
1885	2425	1.954212
1886	2416	1.946960
1887	2405	1.938095
1888	2397	1.931648
1889	2409	1.941319
1890	2405	1.938095
1891	2405	1.938095
1892	2425	1.954212
1893	2405	1.938095
1894	2409	1.941319
1895	2397	1.931648
1896	2397	1.931648
1897	2399	1.933260
1898	2421	1.950989
1899	2409	1.941319
1900	2409	1.941319
1901	2413	1.944542
1902	2409	1.941319
1903	2397	1.931648
1904	2409	1.941319
1905	2425	1.954212
1906	2397	1.931648
1907	2409	1.941319
1908	2401	1.934872
1909	2409	1.941319
1910	2409	1.941319
1911	2405	1.938095
1912	2409	1.941319
1913	2409	1.941319
1914	2397	1.931648
1915	2401	1.934872
1916	2401	1.934872
1917	2417	1.947766
1918	2405	1.938095
1919	2417	1.947766
1920	2401	1.934872
1921	2409	1.941319
1922	2392	1.927619
1923	2397	1.931648
1924	2397	1.931648
1925	2405	1.938095
1926	2405	1.938095
1927	2416	1.946960
1928	2409	1.941319
1929	2417	1.947766
1930	2409	1.941319
1931	2397	1.931648
1932	2416	1.946960
1933	2409	1.941319
1934	2393	1.928425
1935	2405	1.938095
1936	2393	1.928425
1937	2397	1.931648
1938	2413	1.944542
1939	2409	1.941319
1940	2385	1.921978
1941	2401	1.934872
1942	2409	1.941319
1943	2393	1.928425
1944	2405	1.938095
1945	2397	1.931648
1946	2393	1.928425
1947	2393	1.928425
1948	2409	1.941319
1949	2417	1.947766
1950	2401	1.934872
1951	2393	1.928425
1952	2401	1.934872
1953	2397	1.931648
1954	2389	1.925201
1955	2397	1.931648
1956	2397	1.931648
1957	2397	1.931648
1958	2397	1.931648
1959	2409	1.941319
1960	2397	1.931648
1961	2397	1.931648
1962	2409	1.941319
1963	2389	1.925201
1964	2389	1.925201
1965	2397	1.931648
1966	2409	1.941319
1967	2416	1.946960
1968	2393	1.928425
1969	2397	1.931648
1970	2393	1.928425
1971	2409	1.941319
1972	2397	1.931648
1973	2401	1.934872
1974	2405	1.938095
1975	2389	1.925201
1976	2397	1.931648
1977	2392	1.927619
1978	2393	1.928425
1979	2401	1.934872
1980	2393	1.928425
1981	2397	1.931648
1982	2393	1.928425
1983	2393	1.928425
1984	2409	1.941319
1985	2389	1.925201
1986	2393	1.928425
1987	2393	1.928425
1988	2397	1.931648
1989	2384	1.921172
1990	2393	1.928425
1991	2389	1.925201
1992	2401	1.934872
1993	2392	1.927619
1994	2384	1.921172
1995	2397	1.931648
1996	2397	1.931648
1997	2385	1.921978
1998	2409	1.941319
1999	2401	1.934872
2000	2393	1.928425
2001	2385	1.921978
2002	2385	1.921978
2003	2393	1.928425
2004	2393	1.928425
2005	2393	1.928425
2006	2385	1.921978
2007	2397	1.931648
2008	2385	1.921978
2009	2377	1.915531
2010	2392	1.927619
2011	2393	1.928425
2012	2389	1.925201
2013	2373	1.912308
2014	2384	1.921172
2015	2393	1.928425
2016	2393	1.928425
2017	2385	1.921978
2018	2389	1.925201
2019	2384	1.921172
2020	2385	1.921978
2021	2385	1.921978
2022	2377	1.915531
2023	2397	1.931648
2024	2385	1.921978
2025	2393	1.928425
2026	2385	1.921978
2027	2393	1.928425
2028	2377	1.915531
2029	2385	1.921978
2030	2393	1.928425
2031	2377	1.915531
2032	2389	1.925201
2033	2373	1.912308
2034	2385	1.921978
2035	2369	1.909084
2036	2389	1.925201
2037	2385	1.921978
2038	2389	1.925201
2039	2384	1.921172
2040	2389	1.925201
2041	2401	1.934872
2042	2389	1.925201
2043	2385	1.921978
2044	2385	1.921978
2045	2369	1.909084
2046	2393	1.928425
2047	2384	1.921172
2048	2385	1.921978
2049	2384	1.921172
2050	2385	1.921978
2051	2385	1.921978
2052	2385	1.921978
2053	2381	1.918755
2054	2384	1.921172
2055	2381	1.918755
2056	2377	1.915531
2057	2373	1.912308
2058	2385	1.921978
2059	2377	1.915531
2060	2393	1.928425
2061	2369	1.909084
2062	2376	1.914725
2063	2373	1.912308
2064	2381	1.918755
2065	2377	1.915531
2066	2377	1.915531
2067	2373	1.912308
2068	2373	1.912308
2069	2385	1.921978
2070	2385	1.921978
2071	2397	1.931648
2072	2385	1.921978
2073	2377	1.915531
2074	2377	1.915531
2075	2385	1.921978
2076	2385	1.921978
2077	2377	1.915531
2078	2369	1.909084
2079	2381	1.918755
2080	2377	1.915531
2081	2393	1.928425
2082	2377	1.915531
2083	2385	1.921978
2084	2389	1.925201
2085	2393	1.928425
2086	2389	1.925201
2087	2385	1.921978
2088	2389	1.925201
2089	2397	1.931648
2090	2393	1.928425
2091	2385	1.921978
2092	2397	1.931648
2093	2397	1.931648
2094	2397	1.931648
2095	2397	1.931648
2096	2393	1.928425
2097	2393	1.928425
2098	2377	1.915531
2099	2393	1.928425
2100	2409	1.941319
2101	2405	1.938095
2102	2409	1.941319
2103	2416	1.946960
2104	2397	1.931648
2105	2397	1.931648
2106	2397	1.931648
2107	2401	1.934872
2108	2397	1.931648
2109	2417	1.947766
2110	2417	1.947766
2111	2409	1.941319
2112	2424	1.953407
2113	2417	1.947766
2114	2409	1.941319
2115	2417	1.947766
2116	2409	1.941319
2117	2417	1.947766
2118	2417	1.947766
2119	2417	1.947766
2120	2417	1.947766
2121	2417	1.947766
2122	2421	1.950989
2123	2409	1.941319
2124	2417	1.947766
2125	2417	1.947766
2126	2441	1.967106
2127	2425	1.954212
2128	2437	1.963883
2129	2425	1.954212
2130	2425	1.954212
2131	2437	1.963883
2132	2421	1.950989
2133	2433	1.960659
2134	2441	1.967106
2135	2441	1.967106
2136	2417	1.947766
2137	2448	1.972747
2138	2441	1.967106
2139	2445	1.970330
2140	2441	1.967106
2141	2448	1.972747
2142	2449	1.973553
2143	2449	1.973553
2144	2448	1.972747
2145	2448	1.972747
2146	2449	1.973553
2147	2445	1.970330
2148	2457	1.980000
2149	2457	1.980000
2150	2453	1.976777
2151	2457	1.980000
2152	2461	1.983223
2153	2457	1.980000
2154	2461	1.983223
2155	2461	1.983223
2156	2473	1.992894
2157	2463	1.984835
2158	2469	1.989670
2159	2461	1.983223
2160	2461	1.983223
2161	2473	1.992894
2162	2461	1.983223
2163	2465	1.986447
2164	2481	1.999341
2165	2473	1.992894
2166	2481	1.999341
2167	2481	1.999341
2168	2473	1.992894
2169	2481	1.999341
2170	2481	1.999341
2171	2473	1.992894
2172	2481	1.999341
2173	2481	1.999341
2174	2489	2.005788
2175	2481	1.999341
2176	2496	2.011429
2177	2473	1.992894
2178	2489	2.005788
2179	2473	1.992894
2180	2501	2.015458
2181	2489	2.005788
2182	2496	2.011429
2183	2496	2.011429
2184	2505	2.018681
2185	2489	2.005788
2186	2513	2.025128
2187	2497	2.012234
2188	2505	2.018681
2189	2509	2.021905
2190	2505	2.018681
2191	2513	2.025128
2192	2505	2.018681
2193	2497	2.012234
2194	2505	2.018681
2195	2505	2.018681
2196	2501	2.015458
2197	2505	2.018681
2198	2513	2.025128
2199	2505	2.018681
2200	2505	2.018681
2201	2505	2.018681
2202	2501	2.015458
2203	2505	2.018681
2204	2505	2.018681
2205	2517	2.028352
2206	2505	2.018681
2207	2513	2.025128
2208	2497	2.012234
2209	2517	2.028352
2210	2505	2.018681
2211	2496	2.011429
2212	2517	2.028352
2213	2513	2.025128
2214	2513	2.025128
2215	2512	2.024322
2216	2505	2.018681
2217	2504	2.017875
2218	2489	2.005788
2219	2513	2.025128
2220	2497	2.012234
2221	2501	2.015458
2222	2505	2.018681
2223	2497	2.012234
2224	2501	2.015458
2225	2497	2.012234
2226	2489	2.005788
2227	2497	2.012234
2228	2497	2.012234
2229	2509	2.021905
2230	2497	2.012234
2231	2497	2.012234
2232	2497	2.012234
2233	2497	2.012234
2234	2489	2.005788
2235	2481	1.999341
2236	2489	2.005788
2237	2489	2.005788
2238	2489	2.005788
2239	2489	2.005788
2240	2481	1.999341
2241	2480	1.998535
2242	2497	2.012234
2243	2481	1.999341
2244	2489	2.005788
2245	2473	1.992894
2246	2473	1.992894
2247	2463	1.984835
2248	2481	1.999341
2249	2461	1.983223
2250	2481	1.999341
2251	2469	1.989670
2252	2461	1.983223
2253	2469	1.989670
2254	2473	1.992894
2255	2461	1.983223
2256	2461	1.983223
2257	2457	1.980000
2258	2453	1.976777
2259	2449	1.973553
2260	2453	1.976777
2261	2441	1.967106
2262	2457	1.980000
2263	2441	1.967106
2264	2441	1.967106
2265	2429	1.957436
2266	2429	1.957436
2267	2433	1.960659
2268	2429	1.957436
2269	2425	1.954212
2270	2425	1.954212
2271	2417	1.947766
2272	2417	1.947766
2273	2409	1.941319
2274	2409	1.941319
2275	2409	1.941319
2276	2416	1.946960
2277	2385	1.921978
2278	2393	1.928425
2279	2389	1.925201
2280	2397	1.931648
2281	2377	1.915531
2282	2377	1.915531
2283	2385	1.921978
2284	2385	1.921978
2285	2369	1.909084
2286	2385	1.921978
2287	2361	1.902637
2288	2357	1.899414
2289	2353	1.896190
2290	2352	1.895385
2291	2361	1.902637
2292	2345	1.889744
2293	2329	1.876850
2294	2341	1.886520
2295	2341	1.886520
2296	2321	1.870403
2297	2333	1.880073
2298	2321	1.870403
2299	2305	1.857509
2300	2305	1.857509
2301	2305	1.857509
2302	2305	1.857509
2303	2289	1.844615
2304	2289	1.844615
2305	2281	1.838168
2306	2281	1.838168
2307	2281	1.838168
2308	2265	1.825275
2309	2257	1.818828
2310	2257	1.818828
2311	2257	1.818828
2312	2257	1.818828
2313	2249	1.812381
2314	2257	1.818828
2315	2249	1.812381
2316	2249	1.812381
2317	2233	1.799487
2318	2229	1.796264
2319	2229	1.796264
2320	2225	1.793040
2321	2225	1.793040
2322	2209	1.780147
2323	2225	1.793040
2324	2213	1.783370
2325	2225	1.793040
2326	2209	1.780147
2327	2221	1.789817
2328	2205	1.776923
2329	2193	1.767253
2330	2209	1.780147
2331	2197	1.770476
2332	2201	1.773700
2333	2209	1.780147
2334	2213	1.783370
2335	2207	1.778535
2336	2207	1.778535
2337	2193	1.767253
2338	2205	1.776923
2339	2193	1.767253
2340	2201	1.773700
2341	2205	1.776923
2342	2193	1.767253
2343	2209	1.780147
2344	2217	1.786593
2345	2205	1.776923
2346	2201	1.773700
2347	2205	1.776923
2348	2201	1.773700
2349	2205	1.776923
2350	2205	1.776923
2351	2216	1.785788
2352	2217	1.786593
2353	2217	1.786593
2354	2221	1.789817
2355	2225	1.793040
2356	2213	1.783370
2357	2233	1.799487
2358	2225	1.793040
2359	2225	1.793040
2360	2245	1.809158
2361	2225	1.793040
2362	2249	1.812381
2363	2249	1.812381
2364	2249	1.812381
2365	2257	1.818828
2366	2257	1.818828
2367	2249	1.812381
2368	2265	1.825275
2369	2281	1.838168
2370	2273	1.831722
2371	2257	1.818828
2372	2273	1.831722
2373	2273	1.831722
2374	2288	1.843810
2375	2277	1.834945
2376	2288	1.843810
2377	2301	1.854286
2378	2301	1.854286
2379	2309	1.860733
2380	2293	1.847839
2381	2305	1.857509
2382	2320	1.869597
2383	2325	1.873626
2384	2333	1.880073
2385	2333	1.880073
2386	2325	1.873626
2387	2337	1.883297
2388	2325	1.873626
2389	2345	1.889744
2390	2361	1.902637
2391	2357	1.899414
2392	2361	1.902637
2393	2361	1.902637
2394	2369	1.909084
2395	2377	1.915531
2396	2377	1.915531
2397	2389	1.925201
2398	2389	1.925201
2399	2377	1.915531
2400	2397	1.931648
2401	2397	1.931648
2402	2416	1.946960
2403	2409	1.941319
2404	2425	1.954212
2405	2417	1.947766
2406	2425	1.954212
2407	2429	1.957436
2408	2425	1.954212
2409	2437	1.963883
2410	2441	1.967106
2411	2449	1.973553
2412	2440	1.966300
2413	2449	1.973553
2414	2453	1.976777
2415	2453	1.976777
2416	2461	1.983223
2417	2457	1.980000
2418	2465	1.986447
2419	2469	1.989670
2420	2481	1.999341
2421	2461	1.983223
2422	2461	1.983223
2423	2481	1.999341
2424	2489	2.005788
2425	2489	2.005788
2426	2481	1.999341
2427	2497	2.012234
2428	2497	2.012234
2429	2497	2.012234
2430	2505	2.018681
2431	2505	2.018681
2432	2513	2.025128
2433	2521	2.031575
2434	2513	2.025128
2435	2525	2.034799
2436	2525	2.034799
2437	2525	2.034799
2438	2521	2.031575
2439	2521	2.031575
2440	2545	2.050916
2441	2533	2.041245
2442	2553	2.057363
2443	2549	2.054139
2444	2545	2.050916
2445	2525	2.034799
2446	2544	2.050110
2447	2533	2.041245
2448	2553	2.057363
2449	2553	2.057363
2450	2545	2.050916
2451	2545	2.050916
2452	2557	2.060586
2453	2545	2.050916
2454	2557	2.060586
2455	2561	2.063810
2456	2561	2.063810
2457	2565	2.067033
2458	2565	2.067033
2459	2569	2.070256
2460	2569	2.070256
2461	2565	2.067033
2462	2573	2.073480
2463	2585	2.083150
2464	2581	2.079927
2465	2577	2.076703
2466	2585	2.083150
2467	2589	2.086374
2468	2585	2.083150
2469	2585	2.083150
2470	2589	2.086374
2471	2597	2.092821
2472	2589	2.086374
2473	2585	2.083150
2474	2585	2.083150
2475	2577	2.076703
2476	2589	2.086374
2477	2601	2.096044
2478	2597	2.092821
2479	2589	2.086374
2480	2609	2.102491
2481	2601	2.096044
2482	2609	2.102491
2483	2601	2.096044
2484	2601	2.096044
2485	2605	2.099267
2486	2613	2.105714
2487	2613	2.105714
2488	2621	2.112161
2489	2617	2.108938
2490	2617	2.108938
2491	2625	2.115385
2492	2625	2.115385
2493	2625	2.115385
2494	2625	2.115385
2495	2624	2.114579
2496	2625	2.115385
2497	2633	2.121832
2498	2633	2.121832
2499	2645	2.131502
2500	2645	2.131502
2501	2641	2.128278
2502	2633	2.121832
2503	2641	2.128278
2504	2641	2.128278
2505	2657	2.141172
2506	2661	2.144396
2507	2641	2.128278
2508	2649	2.134725
2509	2653	2.137949
2510	2661	2.144396
2511	2653	2.137949
2512	2653	2.137949
2513	2665	2.147619
2514	2653	2.137949
2515	2673	2.154066
2516	2673	2.154066
2517	2673	2.154066
2518	2673	2.154066
2519	2673	2.154066
2520	2681	2.160513
2521	2673	2.154066
2522	2665	2.147619
2523	2665	2.147619
2524	2681	2.160513
2525	2681	2.160513
2526	2681	2.160513
2527	2673	2.154066
2528	2669	2.150842
2529	2672	2.153260
2530	2681	2.160513
2531	2681	2.160513
2532	2681	2.160513
2533	2681	2.160513
2534	2665	2.147619
2535	2673	2.154066
2536	2681	2.160513
2537	2685	2.163736
2538	2673	2.154066
2539	2665	2.147619
2540	2677	2.157289
2541	2681	2.160513
2542	2687	2.165348
2543	2685	2.163736
2544	2681	2.160513
2545	2681	2.160513
2546	2681	2.160513
2547	2681	2.160513
2548	2685	2.163736
2549	2687	2.165348
2550	2704	2.179048
2551	2687	2.165348
2552	2697	2.173407
2553	2697	2.173407
2554	2687	2.165348
2555	2687	2.165348
2556	2705	2.179853
2557	2705	2.179853
2558	2705	2.179853
2559	2705	2.179853
2560	2713	2.186300
2561	2705	2.179853
2562	2705	2.179853
2563	2705	2.179853
2564	2705	2.179853
2565	2713	2.186300
2566	2713	2.186300
2567	2713	2.186300
2568	2705	2.179853
2569	2705	2.179853
2570	2704	2.179048
2571	2717	2.189524
2572	2709	2.183077
2573	2721	2.192747
2574	2725	2.195971
2575	2709	2.183077
2576	2705	2.179853
2577	2705	2.179853
2578	2709	2.183077
2579	2713	2.186300
2580	2713	2.186300
2581	2687	2.165348
2582	2721	2.192747
2583	2717	2.189524
2584	2725	2.195971
2585	2717	2.189524
2586	2717	2.189524
2587	2713	2.186300
2588	2729	2.199194
2589	2736	2.204835
2590	2725	2.195971
2591	2725	2.195971
2592	2729	2.199194
2593	2736	2.204835
2594	2721	2.192747
2595	2725	2.195971
2596	2729	2.199194
2597	2717	2.189524
2598	2721	2.192747
2599	2721	2.192747
2600	2737	2.205641
2601	2733	2.202418
2602	2729	2.199194
2603	2741	2.208864
2604	2729	2.199194
2605	2737	2.205641
2606	2729	2.199194
2607	2737	2.205641
2608	2745	2.212088
2609	2741	2.208864
2610	2745	2.212088
2611	2741	2.208864
2612	2749	2.215311
2613	2753	2.218535
2614	2749	2.215311
2615	2749	2.215311
2616	2761	2.224982
2617	2745	2.212088
2618	2753	2.218535
2619	2745	2.212088
2620	2753	2.218535
2621	2753	2.218535
2622	2752	2.217729
2623	2769	2.231429
2624	2757	2.221758
2625	2753	2.218535
2626	2753	2.218535
2627	2761	2.224982
2628	2769	2.231429
2629	2768	2.230623
2630	2765	2.228205
2631	2768	2.230623
2632	2769	2.231429
2633	2769	2.231429
2634	2768	2.230623
2635	2785	2.244322
2636	2769	2.231429
2637	2761	2.224982
2638	2769	2.231429
2639	2773	2.234652
2640	2785	2.244322
2641	2781	2.241099
2642	2769	2.231429
2643	2777	2.237875
2644	2777	2.237875
2645	2777	2.237875
2646	2781	2.241099
2647	2789	2.247546
2648	2777	2.237875
2649	2781	2.241099
2650	2781	2.241099
2651	2789	2.247546
2652	2781	2.241099
2653	2781	2.241099
2654	2797	2.253993
2655	2769	2.231429
2656	2785	2.244322
2657	2781	2.241099
2658	2801	2.257216
2659	2781	2.241099
2660	2781	2.241099
2661	2793	2.250769
2662	2793	2.250769
2663	2793	2.250769
2664	2793	2.250769
2665	2789	2.247546
2666	2800	2.256410
2667	2816	2.269304
2668	2801	2.257216
2669	2785	2.244322
2670	2801	2.257216
2671	2793	2.250769
2672	2793	2.250769
2673	2801	2.257216
2674	2816	2.269304
2675	2816	2.269304
2676	2801	2.257216
2677	2801	2.257216
2678	2801	2.257216
2679	2816	2.269304
2680	2801	2.257216
2681	2817	2.270110
2682	2816	2.269304
2683	2816	2.269304
2684	2816	2.269304
2685	2801	2.257216
2686	2816	2.269304
2687	2801	2.257216
2688	2801	2.257216
2689	2801	2.257216
2690	2817	2.270110
2691	2825	2.276557
2692	2816	2.269304
2693	2817	2.270110
2694	2825	2.276557
2695	2801	2.257216
2696	2816	2.269304
2697	2821	2.273333
2698	2821	2.273333
2699	2817	2.270110
2700	2816	2.269304
2701	2817	2.270110
2702	2825	2.276557
2703	2825	2.276557
2704	2832	2.282198
2705	2817	2.270110
2706	2821	2.273333
2707	2825	2.276557
2708	2817	2.270110
2709	2825	2.276557
2710	2817	2.270110
2711	2832	2.282198
2712	2817	2.270110
2713	2817	2.270110
2714	2817	2.270110
2715	2801	2.257216
2716	2833	2.283004
2717	2825	2.276557
2718	2816	2.269304
2719	2821	2.273333
2720	2825	2.276557
2721	2816	2.269304
2722	2832	2.282198
2723	2829	2.279780
2724	2825	2.276557
2725	2817	2.270110
2726	2833	2.283004
2727	2825	2.276557
2728	2833	2.283004
2729	2833	2.283004
2730	2832	2.282198
2731	2833	2.283004
2732	2841	2.289451
2733	2841	2.289451
2734	2837	2.286227
2735	2837	2.286227
2736	2845	2.292674
2737	2821	2.273333
2738	2841	2.289451
2739	2825	2.276557
2740	2832	2.282198
2741	2841	2.289451
2742	2825	2.276557
2743	2833	2.283004
2744	2833	2.283004
2745	2845	2.292674
2746	2833	2.283004
2747	2841	2.289451
2748	2841	2.289451
2749	2841	2.289451
2750	2833	2.283004
2751	2845	2.292674
2752	2841	2.289451
2753	2841	2.289451
2754	2841	2.289451
2755	2845	2.292674
2756	2833	2.283004
2757	2841	2.289451
2758	2845	2.292674
2759	2833	2.283004
2760	2845	2.292674
2761	2841	2.289451
2762	2833	2.283004
2763	2845	2.292674
2764	2853	2.299121
2765	2857	2.302344
2766	2849	2.295897
2767	2857	2.302344
2768	2845	2.292674
2769	2845	2.292674
2770	2857	2.302344
2771	2857	2.302344
2772	2864	2.307985
2773	2857	2.302344
2774	2857	2.302344
2775	2857	2.302344
2776	2845	2.292674
2777	2864	2.307985
2778	2853	2.299121
2779	2865	2.308791
2780	2865	2.308791
2781	2857	2.302344
2782	2873	2.315238
2783	2864	2.307985
2784	2865	2.308791
2785	2857	2.302344
2786	2865	2.308791
2787	2869	2.312015
2788	2869	2.312015
2789	2865	2.308791
2790	2869	2.312015
2791	2873	2.315238
2792	2865	2.308791
2793	2865	2.308791
2794	2865	2.308791
2795	2864	2.307985
2796	2869	2.312015
2797	2869	2.312015
2798	2869	2.312015
2799	2881	2.321685
2800	2873	2.315238
2801	2873	2.315238
2802	2864	2.307985
2803	2877	2.318462
2804	2873	2.315238
2805	2865	2.308791
2806	2889	2.328132
2807	2881	2.321685
2808	2880	2.320879
2809	2865	2.308791
2810	2881	2.321685
2811	2873	2.315238
2812	2865	2.308791
2813	2880	2.320879
2814	2881	2.321685
2815	2885	2.324908
2816	2873	2.315238
2817	2869	2.312015
2818	2873	2.315238
2819	2865	2.308791
2820	2873	2.315238
2821	2877	2.318462
2822	2880	2.320879
2823	2881	2.321685
2824	2881	2.321685
2825	2881	2.321685
2826	2881	2.321685
2827	2881	2.321685
2828	2881	2.321685
2829	2873	2.315238
2830	2881	2.321685
2831	2881	2.321685
2832	2889	2.328132
2833	2881	2.321685
2834	2885	2.324908
2835	2881	2.321685
2836	2881	2.321685
2837	2873	2.315238
2838	2881	2.321685
2839	2885	2.324908
2840	2869	2.312015
2841	2873	2.315238
2842	2889	2.328132
2843	2888	2.327326
2844	2889	2.328132
2845	2889	2.328132
2846	2897	2.334579
2847	2881	2.321685
2848	2896	2.333773
2849	2881	2.321685
2850	2881	2.321685
2851	2889	2.328132
2852	2881	2.321685
2853	2877	2.318462
2854	2897	2.334579
2855	2897	2.334579
2856	2897	2.334579
2857	2881	2.321685
2858	2896	2.333773
2859	2897	2.334579
2860	2897	2.334579
2861	2897	2.334579
2862	2897	2.334579
2863	2905	2.341026
2864	2904	2.340220
2865	2897	2.334579
2866	2897	2.334579
2867	2896	2.333773
2868	2905	2.341026
2869	2889	2.328132
2870	2889	2.328132
2871	2889	2.328132
2872	2889	2.328132
2873	2893	2.331355
2874	2889	2.328132
2875	2896	2.333773
2876	2897	2.334579
2877	2905	2.341026
2878	2889	2.328132
2879	2889	2.328132
2880	2905	2.341026
2881	2897	2.334579
2882	2897	2.334579
2883	2905	2.341026
2884	2897	2.334579
2885	2897	2.334579
2886	2909	2.344249
2887	2905	2.341026
2888	2917	2.350696
2889	2896	2.333773
2890	2909	2.344249
2891	2905	2.341026
2892	2905	2.341026
2893	2897	2.334579
2894	2905	2.341026
2895	2901	2.337802
2896	2921	2.353919
2897	2901	2.337802
2898	2897	2.334579
2899	2889	2.328132
2900	2905	2.341026
2901	2921	2.353919
2902	2909	2.344249
2903	2909	2.344249
2904	2897	2.334579
2905	2905	2.341026
2906	2905	2.341026
2907	2901	2.337802
2908	2905	2.341026
2909	2909	2.344249
2910	2917	2.350696
2911	2905	2.341026
2912	2909	2.344249
2913	2909	2.344249
2914	2909	2.344249
2915	2909	2.344249
2916	2901	2.337802
2917	2905	2.341026
2918	2909	2.344249
2919	2905	2.341026
2920	2905	2.341026
2921	2905	2.341026
2922	2909	2.344249
2923	2917	2.350696
2924	2905	2.341026
2925	2913	2.347473
2926	2921	2.353919
2927	2913	2.347473
2928	2909	2.344249
2929	2905	2.341026
2930	2909	2.344249
2931	2913	2.347473
2932	2909	2.344249
2933	2921	2.353919
2934	2909	2.344249
2935	2905	2.341026
2936	2909	2.344249
2937	2921	2.353919
2938	2909	2.344249
2939	2917	2.350696
2940	2929	2.360366
2941	2921	2.353919
2942	2921	2.353919
2943	2921	2.353919
2944	2929	2.360366
2945	2921	2.353919
2946	2917	2.350696
2947	2921	2.353919
2948	2929	2.360366
2949	2928	2.359560
2950	2909	2.344249
2951	2921	2.353919
2952	2921	2.353919
2953	2929	2.360366
2954	2929	2.360366
2955	2921	2.353919
2956	2921	2.353919
2957	2921	2.353919
2958	2929	2.360366
2959	2928	2.359560
2960	2929	2.360366
2961	2909	2.344249
2962	2921	2.353919
2963	2909	2.344249
2964	2921	2.353919
2965	2921	2.353919
2966	2921	2.353919
2967	2933	2.363590
2968	2921	2.353919
2969	2921	2.353919
2970	2928	2.359560
2971	2929	2.360366
2972	2917	2.350696
2973	2929	2.360366
2974	2928	2.359560
2975	2909	2.344249
2976	2929	2.360366
2977	2929	2.360366
2978	2921	2.353919
2979	2921	2.353919
2980	2933	2.363590
2981	2929	2.360366
2982	2937	2.366813
2983	2921	2.353919
2984	2929	2.360366
2985	2941	2.370037
2986	2933	2.363590
2987	2933	2.363590
2988	2921	2.353919
2989	2928	2.359560
2990	2929	2.360366
2991	2929	2.360366
2992	2909	2.344249
2993	2921	2.353919
2994	2937	2.366813
2995	2929	2.360366
2996	2929	2.360366
2997	2941	2.370037
2998	2929	2.360366
2999	2933	2.363590
3000	2933	2.363590
3001	2929	2.360366
3002	2929	2.360366
3003	2929	2.360366
3004	2937	2.366813
3005	2929	2.360366
3006	2929	2.360366
3007	2933	2.363590
3008	2929	2.360366
3009	2921	2.353919
3010	2933	2.363590
3011	2929	2.360366
3012	2941	2.370037
3013	2937	2.366813
3014	2917	2.350696
3015	2929	2.360366
3016	2937	2.366813
3017	2929	2.360366
3018	2921	2.353919
3019	2937	2.366813
3020	2929	2.360366
3021	2929	2.360366
3022	2928	2.359560
3023	2937	2.366813
3024	2937	2.366813
3025	2929	2.360366
3026	2933	2.363590
3027	2929	2.360366
3028	2933	2.363590
3029	2929	2.360366
3030	2937	2.366813
3031	2933	2.363590
3032	2929	2.360366
3033	2929	2.360366
3034	2937	2.366813
3035	2933	2.363590
3036	2937	2.366813
3037	2929	2.360366
3038	2937	2.366813
3039	2929	2.360366
3040	2929	2.360366
3041	2941	2.370037
3042	2929	2.360366
3043	2921	2.353919
3044	2933	2.363590
3045	2933	2.363590
3046	2933	2.363590
3047	2933	2.363590
3048	2933	2.363590
3049	2937	2.366813
3050	2929	2.360366
3051	2929	2.360366
3052	2933	2.363590
3053	2929	2.360366
3054	2937	2.366813
3055	2937	2.366813
3056	2929	2.360366
3057	2929	2.360366
3058	2929	2.360366
3059	2933	2.363590
3060	2937	2.366813
3061	2941	2.370037
3062	2929	2.360366
3063	2941	2.370037
3064	2937	2.366813
3065	2921	2.353919
3066	2929	2.360366
3067	2937	2.366813
3068	2941	2.370037
3069	2929	2.360366
3070	2937	2.366813
3071	2929	2.360366
3072	2933	2.363590
3073	2933	2.363590
3074	2929	2.360366
3075	2937	2.366813
3076	2945	2.373260
3077	2921	2.353919
3078	2917	2.350696
3079	2929	2.360366
3080	2928	2.359560
3081	2937	2.366813
3082	2941	2.370037
3083	2937	2.366813
3084	2937	2.366813
3085	2937	2.366813
3086	2933	2.363590
3087	2929	2.360366
3088	2936	2.366007
3089	2937	2.366813
3090	2937	2.366813
3091	2929	2.360366
3092	2928	2.359560
3093	2937	2.366813
3094	2941	2.370037
3095	2941	2.370037
3096	2941	2.370037
3097	2941	2.370037
3098	2941	2.370037
3099	2937	2.366813
3100	2937	2.366813
3101	2929	2.360366
3102	2937	2.366813
3103	2941	2.370037
3104	2929	2.360366
3105	2937	2.366813
3106	2937	2.366813
3107	2937	2.366813
3108	2941	2.370037
3109	2941	2.370037
3110	2952	2.378901
3111	2933	2.363590
3112	2933	2.363590
3113	2937	2.366813
3114	2929	2.360366
3115	2937	2.366813
3116	2933	2.363590
3117	2941	2.370037
3118	2929	2.360366
3119	2941	2.370037
3120	2941	2.370037
3121	2937	2.366813
3122	2937	2.366813
3123	2941	2.370037
3124	2937	2.366813
3125	2941	2.370037
3126	2941	2.370037
3127	2929	2.360366
3128	2937	2.366813
3129	2953	2.379707
3130	2945	2.373260
3131	2941	2.370037
3132	2941	2.370037
3133	2941	2.370037
3134	2937	2.366813
3135	2941	2.370037
3136	2941	2.370037
3137	2937	2.366813
3138	2933	2.363590
3139	2937	2.366813
3140	2937	2.366813
3141	2929	2.360366
3142	2937	2.366813
3143	2941	2.370037
3144	2953	2.379707
3145	2949	2.376484
3146	2953	2.379707
3147	2945	2.373260
3148	2937	2.366813
3149	2941	2.370037
3150	2937	2.366813
3151	2937	2.366813
3152	2937	2.366813
3153	2941	2.370037
3154	2941	2.370037
3155	2937	2.366813
3156	2937	2.366813
3157	2949	2.376484
3158	2937	2.366813
3159	2937	2.366813
3160	2949	2.376484
3161	2941	2.370037
3162	2953	2.379707
3163	2941	2.370037
3164	2941	2.370037
3165	2941	2.370037
3166	2961	2.386154
3167	2937	2.366813
3168	2953	2.379707
3169	2937	2.366813
3170	2953	2.379707
3171	2949	2.376484
3172	2941	2.370037
3173	2953	2.379707
3174	2941	2.370037
3175	2937	2.366813
3176	2953	2.379707
3177	2941	2.370037
3178	2937	2.366813
3179	2941	2.370037
3180	2941	2.370037
3181	2945	2.373260
3182	2945	2.373260
3183	2949	2.376484
3184	2937	2.366813
3185	2953	2.379707
3186	2941	2.370037
3187	2941	2.370037
3188	2937	2.366813
3189	2941	2.370037
3190	2941	2.370037
3191	2949	2.376484
3192	2941	2.370037
3193	2937	2.366813
3194	2953	2.379707
3195	2941	2.370037
3196	2949	2.376484
3197	2937	2.366813
3198	2941	2.370037
3199	2937	2.366813
3200	2941	2.370037
3201	2941	2.370037
3202	2953	2.379707
3203	2941	2.370037
3204	2953	2.379707
3205	2937	2.366813
3206	2941	2.370037
3207	2937	2.366813
3208	2937	2.366813
3209	2953	2.379707
3210	2953	2.379707
3211	2933	2.363590
3212	2941	2.370037
3213	2953	2.379707
3214	2941	2.370037
3215	2941	2.370037
3216	2945	2.373260
3217	2943	2.371648
3218	2953	2.379707
3219	2949	2.376484
3220	2945	2.373260
3221	2953	2.379707
3222	2941	2.370037
3223	2941	2.370037
3224	2957	2.382930
3225	2953	2.379707
3226	2949	2.376484
3227	2937	2.366813
3228	2945	2.373260
3229	2941	2.370037
3230	2953	2.379707
3231	2953	2.379707
3232	2961	2.386154
3233	2941	2.370037
3234	2953	2.379707
3235	2953	2.379707
3236	2941	2.370037
3237	2949	2.376484
3238	2953	2.379707
3239	2949	2.376484
3240	2952	2.378901
3241	2949	2.376484
3242	2953	2.379707
3243	2953	2.379707
3244	2953	2.379707
3245	2945	2.373260
3246	2949	2.376484
3247	2953	2.379707
3248	2937	2.366813
3249	2953	2.379707
3250	2941	2.370037
3251	2945	2.373260
3252	2941	2.370037
3253	2953	2.379707
3254	2953	2.379707
3255	2941	2.370037
3256	2957	2.382930
3257	2953	2.379707
3258	2949	2.376484
3259	2953	2.379707
3260	2949	2.376484
3261	2960	2.385348
3262	2953	2.379707
3263	2941	2.370037
3264	2949	2.376484
3265	2953	2.379707
3266	2953	2.379707
3267	2945	2.373260
3268	2949	2.376484
3269	2953	2.379707
3270	2953	2.379707
3271	2953	2.379707
3272	2945	2.373260
3273	2953	2.379707
3274	2953	2.379707
3275	2941	2.370037
3276	2961	2.386154
3277	2953	2.379707
3278	2953	2.379707
3279	2941	2.370037
3280	2945	2.373260
3281	2949	2.376484
3282	2953	2.379707
3283	2953	2.379707
3284	2953	2.379707
3285	2949	2.376484
3286	2953	2.379707
3287	2949	2.376484
3288	2953	2.379707
3289	2953	2.379707
3290	2961	2.386154
3291	2953	2.379707
3292	2953	2.379707
3293	2961	2.386154
3294	2960	2.385348
3295	2941	2.370037
3296	2953	2.379707
3297	2945	2.373260
3298	2953	2.379707
3299	2953	2.379707
3300	2953	2.379707
3301	2953	2.379707
3302	2961	2.386154
3303	2960	2.385348
3304	2953	2.379707
3305	2960	2.385348
3306	2953	2.379707
3307	2945	2.373260
3308	2961	2.386154
3309	2953	2.379707
3310	2945	2.373260
3311	2953	2.379707
3312	2953	2.379707
3313	2960	2.385348
3314	2941	2.370037
3315	2953	2.379707
3316	2960	2.385348
3317	2941	2.370037
3318	2965	2.389377
3319	2949	2.376484
3320	2961	2.386154
3321	2953	2.379707
3322	2953	2.379707
3323	2961	2.386154
3324	2961	2.386154
3325	2953	2.379707
3326	2961	2.386154
3327	2953	2.379707
3328	2953	2.379707
3329	2953	2.379707
3330	2960	2.385348
3331	2953	2.379707
3332	2953	2.379707
3333	2949	2.376484
3334	2961	2.386154
3335	2953	2.379707
3336	2965	2.389377
3337	2953	2.379707
3338	2960	2.385348
3339	2953	2.379707
3340	2953	2.379707
3341	2949	2.376484
3342	2941	2.370037
3343	2961	2.386154
3344	2949	2.376484
3345	2953	2.379707
3346	2960	2.385348
3347	2949	2.376484
3348	2949	2.376484
3349	2960	2.385348
3350	2953	2.379707
3351	2960	2.385348
3352	2949	2.376484
3353	2953	2.379707
3354	2965	2.389377
3355	2953	2.379707
3356	2941	2.370037
3357	2953	2.379707
3358	2961	2.386154
3359	2960	2.385348
3360	2953	2.379707
3361	2949	2.376484
3362	2961	2.386154
3363	2941	2.370037
3364	2961	2.386154
3365	2949	2.376484
3366	2953	2.379707
3367	2960	2.385348
3368	2945	2.373260
3369	2961	2.386154
3370	2961	2.386154
3371	2961	2.386154
3372	2961	2.386154
3373	2953	2.379707
3374	2965	2.389377
3375	2965	2.389377
3376	2961	2.386154
3377	2961	2.386154
3378	2953	2.379707
3379	2961	2.386154
3380	2961	2.386154
3381	2953	2.379707
3382	2960	2.385348
3383	2953	2.379707
3384	2961	2.386154
3385	2949	2.376484
3386	2953	2.379707
3387	2961	2.386154
3388	2941	2.370037
3389	2949	2.376484
3390	2945	2.373260
3391	2953	2.379707
3392	2960	2.385348
3393	2953	2.379707
3394	2953	2.379707
3395	2941	2.370037
3396	2961	2.386154
3397	2961	2.386154
3398	2961	2.386154
3399	2941	2.370037
3400	2941	2.370037
3401	2941	2.370037
3402	2949	2.376484
3403	2960	2.385348
3404	2961	2.386154
3405	2953	2.379707
3406	2949	2.376484
3407	2949	2.376484
3408	2960	2.385348
3409	2961	2.386154
3410	2960	2.385348
3411	2949	2.376484
3412	2960	2.385348
3413	2960	2.385348
3414	2945	2.373260
3415	2961	2.386154
3416	2960	2.385348
3417	2953	2.379707
3418	2961	2.386154
3419	2953	2.379707
3420	2941	2.370037
3421	2953	2.379707
3422	2949	2.376484
3423	2953	2.379707
3424	2945	2.373260
3425	2961	2.386154
3426	2953	2.379707
3427	2961	2.386154
3428	2949	2.376484
3429	2941	2.370037
3430	2961	2.386154
3431	2965	2.389377
3432	2953	2.379707
3433	2960	2.385348
3434	2961	2.386154
3435	2953	2.379707
3436	2941	2.370037
3437	2953	2.379707
3438	2937	2.366813
3439	2953	2.379707
3440	2949	2.376484
3441	2961	2.386154
3442	2961	2.386154
3443	2953	2.379707
3444	2953	2.379707
3445	2949	2.376484
3446	2949	2.376484
3447	2953	2.379707
3448	2949	2.376484
3449	2949	2.376484
3450	2953	2.379707
3451	2961	2.386154
3452	2953	2.379707
3453	2949	2.376484
3454	2961	2.386154
3455	2949	2.376484
3456	2941	2.370037
3457	2943	2.371648
3458	2949	2.376484
3459	2953	2.379707
3460	2949	2.376484
3461	2961	2.386154
3462	2961	2.386154
3463	2949	2.376484
3464	2960	2.385348
3465	2953	2.379707
3466	2949	2.376484
3467	2941	2.370037
3468	2937	2.366813
3469	2941	2.370037
3470	2945	2.373260
3471	2960	2.385348
3472	2965	2.389377
3473	2965	2.389377
3474	2953	2.379707
3475	2941	2.370037
3476	2953	2.379707
3477	2943	2.371648
3478	2961	2.386154
3479	2941	2.370037
3480	2960	2.385348
3481	2953	2.379707
3482	2949	2.376484
3483	2953	2.379707
3484	2941	2.370037
3485	2941	2.370037
3486	2941	2.370037
3487	2937	2.366813
3488	2953	2.379707
3489	2941	2.370037
3490	2953	2.379707
3491	2953	2.379707
3492	2941	2.370037
3493	2941	2.370037
3494	2941	2.370037
3495	2941	2.370037
3496	2941	2.370037
3497	2937	2.366813
3498	2937	2.366813
3499	2949	2.376484
3500	2941	2.370037
3501	2941	2.370037
3502	2941	2.370037
3503	2949	2.376484
3504	2941	2.370037
3505	2937	2.366813
3506	2941	2.370037
3507	2937	2.366813
3508	2937	2.366813
3509	2937	2.366813
3510	2937	2.366813
3511	2941	2.370037
3512	2941	2.370037
3513	2945	2.373260
3514	2953	2.379707
3515	2953	2.379707
3516	2941	2.370037
3517	2941	2.370037
3518	2933	2.363590
3519	2929	2.360366
3520	2941	2.370037
3521	2941	2.370037
3522	2933	2.363590
3523	2929	2.360366
3524	2941	2.370037
3525	2929	2.360366
3526	2929	2.360366
3527	2937	2.366813
3528	2937	2.366813
3529	2929	2.360366
3530	2937	2.366813
3531	2929	2.360366
3532	2941	2.370037
3533	2937	2.366813
3534	2937	2.366813
3535	2937	2.366813
3536	2937	2.366813
3537	2933	2.363590
3538	2929	2.360366
3539	2937	2.366813
3540	2937	2.366813
3541	2937	2.366813
3542	2937	2.366813
3543	2929	2.360366
3544	2929	2.360366
3545	2945	2.373260
3546	2928	2.359560
3547	2937	2.366813
3548	2937	2.366813
3549	2929	2.360366
3550	2929	2.360366
3551	2937	2.366813
3552	2937	2.366813
3553	2945	2.373260
3554	2929	2.360366
3555	2921	2.353919
3556	2937	2.366813
3557	2929	2.360366
3558	2929	2.360366
3559	2928	2.359560
3560	2937	2.366813
3561	2921	2.353919
3562	2937	2.366813
3563	2921	2.353919
3564	2937	2.366813
3565	2937	2.366813
3566	2929	2.360366
3567	2933	2.363590
3568	2928	2.359560
3569	2929	2.360366
3570	2921	2.353919
3571	2933	2.363590
3572	2928	2.359560
3573	2921	2.353919
3574	2929	2.360366
3575	2921	2.353919
3576	2929	2.360366
3577	2928	2.359560
3578	2913	2.347473
3579	2909	2.344249
3580	2921	2.353919
3581	2909	2.344249
3582	2929	2.360366
3583	2909	2.344249
3584	2928	2.359560
3585	2913	2.347473
3586	2909	2.344249
3587	2909	2.344249
3588	2921	2.353919
3589	2921	2.353919
3590	2913	2.347473
3591	2909	2.344249
3592	2909	2.344249
3593	2909	2.344249
3594	2921	2.353919
3595	2909	2.344249
3596	2921	2.353919
3597	2917	2.350696
3598	2921	2.353919
3599	2909	2.344249
3600	2921	2.353919
3601	2913	2.347473
3602	2905	2.341026
3603	2909	2.344249
3604	2921	2.353919
3605	2913	2.347473
3606	2905	2.341026
3607	2909	2.344249
3608	2909	2.344249
3609	2917	2.350696
3610	2909	2.344249
3611	2909	2.344249
3612	2901	2.337802
3613	2901	2.337802
3614	2909	2.344249
3615	2905	2.341026
3616	2909	2.344249
3617	2909	2.344249
3618	2909	2.344249
3619	2897	2.334579
3620	2905	2.341026
3621	2897	2.334579
3622	2905	2.341026
3623	2905	2.341026
3624	2909	2.344249
3625	2905	2.341026
3626	2897	2.334579
3627	2921	2.353919
3628	2905	2.341026
3629	2901	2.337802
3630	2909	2.344249
3631	2905	2.341026
3632	2897	2.334579
3633	2909	2.344249
3634	2909	2.344249
3635	2909	2.344249
3636	2901	2.337802
3637	2905	2.341026
3638	2905	2.341026
3639	2905	2.341026
3640	2896	2.333773
3641	2905	2.341026
3642	2896	2.333773
3643	2897	2.334579
3644	2909	2.344249
3645	2889	2.328132
3646	2913	2.347473
3647	2901	2.337802
