Pixel	ADC	VoltageV
1	3938	3.173480
2	3938	3.173480
3	3938	3.173480
4	3926	3.163810
5	3926	3.163810
6	3926	3.163810
7	3926	3.163810
8	3926	3.163810
9	3926	3.163810
10	3926	3.163810
11	3926	3.163810
12	3926	3.163810
13	3926	3.163810
14	3938	3.173480
15	3930	3.167033
16	3918	3.157363
17	3170	2.554579
18	2530	2.038828
19	2570	2.071062
20	2578	2.077509
21	2559	2.062198
22	2559	2.062198
23	2559	2.062198
24	2558	2.061392
25	2570	2.071062
26	2578	2.077509
27	2559	2.062198
28	2578	2.077509
29	2582	2.080733
30	2578	2.077509
31	2566	2.067839
32	2559	2.062198
33	2574	2.074286
34	2559	2.062198
35	2574	2.074286
36	2574	2.074286
37	2582	2.080733
38	2574	2.074286
39	2574	2.074286
40	2559	2.062198
41	2559	2.062198
42	2570	2.071062
43	2578	2.077509
44	2559	2.062198
45	2574	2.074286
46	2578	2.077509
47	2559	2.062198
48	2570	2.071062
49	2586	2.083956
50	2578	2.077509
51	2559	2.062198
52	2559	2.062198
53	2574	2.074286
54	2574	2.074286
55	2586	2.083956
56	2578	2.077509
57	2582	2.080733
58	2578	2.077509
59	2559	2.062198
60	2594	2.090403
61	2586	2.083956
62	2574	2.074286
63	2578	2.077509
64	2574	2.074286
65	2594	2.090403
66	2574	2.074286
67	2578	2.077509
68	2578	2.077509
69	2582	2.080733
70	2578	2.077509
71	2582	2.080733
72	2574	2.074286
73	2559	2.062198
74	2578	2.077509
75	2558	2.061392
76	2559	2.062198
77	2574	2.074286
78	2582	2.080733
79	2574	2.074286
80	2574	2.074286
81	2574	2.074286
82	2586	2.083956
83	2559	2.062198
84	2582	2.080733
85	2574	2.074286
86	2574	2.074286
87	2559	2.062198
88	2570	2.071062
89	2570	2.071062
90	2559	2.062198
91	2582	2.080733
92	2559	2.062198
93	2574	2.074286
94	2566	2.067839
95	2559	2.062198
96	2574	2.074286
97	2570	2.071062
98	2559	2.062198
99	2586	2.083956
100	2570	2.071062
101	2574	2.074286
102	2578	2.077509
103	2574	2.074286
104	2578	2.077509
105	2586	2.083956
106	2582	2.080733
107	2570	2.071062
108	2574	2.074286
109	2574	2.074286
110	2582	2.080733
111	2574	2.074286
112	2582	2.080733
113	2559	2.062198
114	2559	2.062198
115	2559	2.062198
116	2594	2.090403
117	2574	2.074286
118	2570	2.071062
119	2594	2.090403
120	2574	2.074286
121	2582	2.080733
122	2582	2.080733
123	2570	2.071062
124	2582	2.080733
125	2578	2.077509
126	2594	2.090403
127	2582	2.080733
128	2582	2.080733
129	2574	2.074286
130	2578	2.077509
131	2578	2.077509
132	2570	2.071062
133	2578	2.077509
134	2586	2.083956
135	2570	2.071062
136	2574	2.074286
137	2570	2.071062
138	2574	2.074286
139	2570	2.071062
140	2578	2.077509
141	2582	2.080733
142	2570	2.071062
143	2574	2.074286
144	2578	2.077509
145	2559	2.062198
146	2570	2.071062
147	2582	2.080733
148	2574	2.074286
149	2574	2.074286
150	2570	2.071062
151	2594	2.090403
152	2574	2.074286
153	2582	2.080733
154	2566	2.067839
155	2582	2.080733
156	2582	2.080733
157	2582	2.080733
158	2594	2.090403
159	2574	2.074286
160	2570	2.071062
161	2559	2.062198
162	2570	2.071062
163	2582	2.080733
164	2590	2.087179
165	2594	2.090403
166	2582	2.080733
167	2574	2.074286
168	2582	2.080733
169	2586	2.083956
170	2582	2.080733
171	2582	2.080733
172	2586	2.083956
173	2570	2.071062
174	2582	2.080733
175	2586	2.083956
176	2582	2.080733
177	2586	2.083956
178	2582	2.080733
179	2582	2.080733
180	2574	2.074286
181	2574	2.074286
182	2570	2.071062
183	2582	2.080733
184	2594	2.090403
185	2582	2.080733
186	2578	2.077509
187	2582	2.080733
188	2586	2.083956
189	2586	2.083956
190	2590	2.087179
191	2578	2.077509
192	2594	2.090403
193	2582	2.080733
194	2582	2.080733
195	2570	2.071062
196	2574	2.074286
197	2594	2.090403
198	2582	2.080733
199	2586	2.083956
200	2594	2.090403
201	2586	2.083956
202	2582	2.080733
203	2586	2.083956
204	2578	2.077509
205	2594	2.090403
206	2594	2.090403
207	2570	2.071062
208	2586	2.083956
209	2594	2.090403
210	2566	2.067839
211	2582	2.080733
212	2578	2.077509
213	2578	2.077509
214	2582	2.080733
215	2578	2.077509
216	2594	2.090403
217	2574	2.074286
218	2578	2.077509
219	2582	2.080733
220	2578	2.077509
221	2559	2.062198
222	2586	2.083956
223	2582	2.080733
224	2582	2.080733
225	2582	2.080733
226	2578	2.077509
227	2570	2.071062
228	2582	2.080733
229	2578	2.077509
230	2590	2.087179
231	2574	2.074286
232	2574	2.074286
233	2594	2.090403
234	2574	2.074286
235	2578	2.077509
236	2590	2.087179
237	2586	2.083956
238	2574	2.074286
239	2582	2.080733
240	2578	2.077509
241	2582	2.080733
242	2578	2.077509
243	2582	2.080733
244	2574	2.074286
245	2594	2.090403
246	2574	2.074286
247	2594	2.090403
248	2586	2.083956
249	2586	2.083956
250	2586	2.083956
251	2574	2.074286
252	2594	2.090403
253	2594	2.090403
254	2578	2.077509
255	2574	2.074286
256	2594	2.090403
257	2582	2.080733
258	2586	2.083956
259	2578	2.077509
260	2578	2.077509
261	2590	2.087179
262	2594	2.090403
263	2586	2.083956
264	2594	2.090403
265	2582	2.080733
266	2582	2.080733
267	2578	2.077509
268	2582	2.080733
269	2574	2.074286
270	2582	2.080733
271	2586	2.083956
272	2586	2.083956
273	2586	2.083956
274	2590	2.087179
275	2594	2.090403
276	2586	2.083956
277	2590	2.087179
278	2578	2.077509
279	2578	2.077509
280	2586	2.083956
281	2590	2.087179
282	2574	2.074286
283	2578	2.077509
284	2586	2.083956
285	2586	2.083956
286	2582	2.080733
287	2594	2.090403
288	2582	2.080733
289	2590	2.087179
290	2582	2.080733
291	2582	2.080733
292	2582	2.080733
293	2559	2.062198
294	2582	2.080733
295	2582	2.080733
296	2586	2.083956
297	2582	2.080733
298	2586	2.083956
299	2594	2.090403
300	2582	2.080733
301	2582	2.080733
302	2594	2.090403
303	2586	2.083956
304	2582	2.080733
305	2598	2.093626
306	2602	2.096850
307	2594	2.090403
308	2586	2.083956
309	2598	2.093626
310	2594	2.090403
311	2598	2.093626
312	2594	2.090403
313	2586	2.083956
314	2606	2.100073
315	2582	2.080733
316	2594	2.090403
317	2594	2.090403
318	2582	2.080733
319	2606	2.100073
320	2590	2.087179
321	2586	2.083956
322	2582	2.080733
323	2598	2.093626
324	2590	2.087179
325	2582	2.080733
326	2598	2.093626
327	2594	2.090403
328	2610	2.103297
329	2574	2.074286
330	2594	2.090403
331	2598	2.093626
332	2602	2.096850
333	2582	2.080733
334	2586	2.083956
335	2602	2.096850
336	2586	2.083956
337	2594	2.090403
338	2594	2.090403
339	2594	2.090403
340	2586	2.083956
341	2594	2.090403
342	2606	2.100073
343	2594	2.090403
344	2610	2.103297
345	2594	2.090403
346	2606	2.100073
347	2606	2.100073
348	2602	2.096850
349	2598	2.093626
350	2594	2.090403
351	2590	2.087179
352	2606	2.100073
353	2598	2.093626
354	2594	2.090403
355	2594	2.090403
356	2594	2.090403
357	2598	2.093626
358	2602	2.096850
359	2606	2.100073
360	2594	2.090403
361	2594	2.090403
362	2598	2.093626
363	2602	2.096850
364	2586	2.083956
365	2594	2.090403
366	2598	2.093626
367	2598	2.093626
368	2598	2.093626
369	2594	2.090403
370	2598	2.093626
371	2602	2.096850
372	2598	2.093626
373	2606	2.100073
374	2606	2.100073
375	2606	2.100073
376	2594	2.090403
377	2598	2.093626
378	2594	2.090403
379	2586	2.083956
380	2594	2.090403
381	2582	2.080733
382	2594	2.090403
383	2586	2.083956
384	2598	2.093626
385	2598	2.093626
386	2586	2.083956
387	2598	2.093626
388	2594	2.090403
389	2602	2.096850
390	2594	2.090403
391	2598	2.093626
392	2582	2.080733
393	2594	2.090403
394	2594	2.090403
395	2594	2.090403
396	2594	2.090403
397	2598	2.093626
398	2614	2.106520
399	2602	2.096850
400	2586	2.083956
401	2598	2.093626
402	2602	2.096850
403	2602	2.096850
404	2606	2.100073
405	2614	2.106520
406	2598	2.093626
407	2602	2.096850
408	2606	2.100073
409	2598	2.093626
410	2602	2.096850
411	2606	2.100073
412	2594	2.090403
413	2606	2.100073
414	2598	2.093626
415	2594	2.090403
416	2610	2.103297
417	2602	2.096850
418	2594	2.090403
419	2602	2.096850
420	2606	2.100073
421	2606	2.100073
422	2594	2.090403
423	2602	2.096850
424	2590	2.087179
425	2586	2.083956
426	2598	2.093626
427	2598	2.093626
428	2602	2.096850
429	2614	2.106520
430	2598	2.093626
431	2594	2.090403
432	2594	2.090403
433	2594	2.090403
434	2606	2.100073
435	2606	2.100073
436	2586	2.083956
437	2594	2.090403
438	2598	2.093626
439	2582	2.080733
440	2606	2.100073
441	2594	2.090403
442	2594	2.090403
443	2602	2.096850
444	2598	2.093626
445	2594	2.090403
446	2594	2.090403
447	2598	2.093626
448	2586	2.083956
449	2606	2.100073
450	2594	2.090403
451	2594	2.090403
452	2594	2.090403
453	2598	2.093626
454	2602	2.096850
455	2602	2.096850
456	2598	2.093626
457	2602	2.096850
458	2602	2.096850
459	2606	2.100073
460	2586	2.083956
461	2602	2.096850
462	2598	2.093626
463	2594	2.090403
464	2594	2.090403
465	2606	2.100073
466	2598	2.093626
467	2598	2.093626
468	2598	2.093626
469	2598	2.093626
470	2594	2.090403
471	2598	2.093626
472	2606	2.100073
473	2610	2.103297
474	2598	2.093626
475	2618	2.109744
476	2606	2.100073
477	2614	2.106520
478	2618	2.109744
479	2614	2.106520
480	2622	2.112967
481	2614	2.106520
482	2622	2.112967
483	2614	2.106520
484	2614	2.106520
485	2614	2.106520
486	2606	2.100073
487	2622	2.112967
488	2614	2.106520
489	2606	2.100073
490	2606	2.100073
491	2610	2.103297
492	2594	2.090403
493	2610	2.103297
494	2606	2.100073
495	2606	2.100073
496	2610	2.103297
497	2614	2.106520
498	2606	2.100073
499	2598	2.093626
500	2606	2.100073
501	2610	2.103297
502	2606	2.100073
503	2606	2.100073
504	2606	2.100073
505	2606	2.100073
506	2598	2.093626
507	2602	2.096850
508	2606	2.100073
509	2614	2.106520
510	2598	2.093626
511	2606	2.100073
512	2598	2.093626
513	2606	2.100073
514	2610	2.103297
515	2614	2.106520
516	2602	2.096850
517	2610	2.103297
518	2606	2.100073
519	2594	2.090403
520	2610	2.103297
521	2610	2.103297
522	2622	2.112967
523	2610	2.103297
524	2614	2.106520
525	2622	2.112967
526	2602	2.096850
527	2606	2.100073
528	2606	2.100073
529	2602	2.096850
530	2606	2.100073
531	2606	2.100073
532	2598	2.093626
533	2602	2.096850
534	2618	2.109744
535	2606	2.100073
536	2606	2.100073
537	2594	2.090403
538	2610	2.103297
539	2606	2.100073
540	2606	2.100073
541	2594	2.090403
542	2622	2.112967
543	2606	2.100073
544	2614	2.106520
545	2606	2.100073
546	2618	2.109744
547	2622	2.112967
548	2618	2.109744
549	2602	2.096850
550	2622	2.112967
551	2622	2.112967
552	2622	2.112967
553	2618	2.109744
554	2622	2.112967
555	2606	2.100073
556	2606	2.100073
557	2598	2.093626
558	2610	2.103297
559	2602	2.096850
560	2614	2.106520
561	2606	2.100073
562	2614	2.106520
563	2606	2.100073
564	2622	2.112967
565	2606	2.100073
566	2606	2.100073
567	2610	2.103297
568	2622	2.112967
569	2606	2.100073
570	2598	2.093626
571	2614	2.106520
572	2606	2.100073
573	2606	2.100073
574	2602	2.096850
575	2614	2.106520
576	2606	2.100073
577	2618	2.109744
578	2606	2.100073
579	2622	2.112967
580	2610	2.103297
581	2606	2.100073
582	2598	2.093626
583	2622	2.112967
584	2618	2.109744
585	2622	2.112967
586	2606	2.100073
587	2610	2.103297
588	2618	2.109744
589	2610	2.103297
590	2598	2.093626
591	2606	2.100073
592	2602	2.096850
593	2614	2.106520
594	2598	2.093626
595	2614	2.106520
596	2606	2.100073
597	2614	2.106520
598	2618	2.109744
599	2606	2.100073
600	2602	2.096850
601	2618	2.109744
602	2606	2.100073
603	2614	2.106520
604	2618	2.109744
605	2606	2.100073
606	2618	2.109744
607	2598	2.093626
608	2614	2.106520
609	2598	2.093626
610	2614	2.106520
611	2614	2.106520
612	2606	2.100073
613	2610	2.103297
614	2606	2.100073
615	2614	2.106520
616	2606	2.100073
617	2622	2.112967
618	2622	2.112967
619	2606	2.100073
620	2598	2.093626
621	2614	2.106520
622	2606	2.100073
623	2610	2.103297
624	2606	2.100073
625	2606	2.100073
626	2610	2.103297
627	2618	2.109744
628	2606	2.100073
629	2602	2.096850
630	2606	2.100073
631	2606	2.100073
632	2614	2.106520
633	2606	2.100073
634	2606	2.100073
635	2614	2.106520
636	2610	2.103297
637	2610	2.103297
638	2622	2.112967
639	2614	2.106520
640	2614	2.106520
641	2618	2.109744
642	2606	2.100073
643	2614	2.106520
644	2614	2.106520
645	2614	2.106520
646	2614	2.106520
647	2618	2.109744
648	2626	2.116190
649	2606	2.100073
650	2606	2.100073
651	2614	2.106520
652	2606	2.100073
653	2610	2.103297
654	2594	2.090403
655	2610	2.103297
656	2606	2.100073
657	2606	2.100073
658	2614	2.106520
659	2614	2.106520
660	2618	2.109744
661	2622	2.112967
662	2610	2.103297
663	2614	2.106520
664	2614	2.106520
665	2614	2.106520
666	2614	2.106520
667	2614	2.106520
668	2618	2.109744
669	2614	2.106520
670	2622	2.112967
671	2630	2.119414
672	2618	2.109744
673	2622	2.112967
674	2614	2.106520
675	2622	2.112967
676	2614	2.106520
677	2606	2.100073
678	2606	2.100073
679	2610	2.103297
680	2618	2.109744
681	2618	2.109744
682	2618	2.109744
683	2606	2.100073
684	2622	2.112967
685	2614	2.106520
686	2626	2.116190
687	2614	2.106520
688	2622	2.112967
689	2630	2.119414
690	2614	2.106520
691	2614	2.106520
692	2602	2.096850
693	2606	2.100073
694	2606	2.100073
695	2626	2.116190
696	2606	2.100073
697	2614	2.106520
698	2606	2.100073
699	2622	2.112967
700	2614	2.106520
701	2630	2.119414
702	2622	2.112967
703	2630	2.119414
704	2622	2.112967
705	2622	2.112967
706	2622	2.112967
707	2622	2.112967
708	2630	2.119414
709	2622	2.112967
710	2622	2.112967
711	2622	2.112967
712	2622	2.112967
713	2610	2.103297
714	2618	2.109744
715	2614	2.106520
716	2606	2.100073
717	2606	2.100073
718	2614	2.106520
719	2614	2.106520
720	2602	2.096850
721	2606	2.100073
722	2622	2.112967
723	2606	2.100073
724	2606	2.100073
725	2622	2.112967
726	2614	2.106520
727	2614	2.106520
728	2614	2.106520
729	2618	2.109744
730	2630	2.119414
731	2614	2.106520
732	2622	2.112967
733	2622	2.112967
734	2622	2.112967
735	2638	2.125861
736	2634	2.122637
737	2630	2.119414
738	2622	2.112967
739	2634	2.122637
740	2638	2.125861
741	2630	2.119414
742	2630	2.119414
743	2634	2.122637
744	2622	2.112967
745	2634	2.122637
746	2630	2.119414
747	2630	2.119414
748	2622	2.112967
749	2622	2.112967
750	2630	2.119414
751	2630	2.119414
752	2618	2.109744
753	2630	2.119414
754	2630	2.119414
755	2622	2.112967
756	2622	2.112967
757	2630	2.119414
758	2622	2.112967
759	2622	2.112967
760	2630	2.119414
761	2622	2.112967
762	2634	2.122637
763	2622	2.112967
764	2614	2.106520
765	2626	2.116190
766	2626	2.116190
767	2638	2.125861
768	2630	2.119414
769	2622	2.112967
770	2630	2.119414
771	2622	2.112967
772	2634	2.122637
773	2630	2.119414
774	2638	2.125861
775	2630	2.119414
776	2638	2.125861
777	2630	2.119414
778	2634	2.122637
779	2638	2.125861
780	2634	2.122637
781	2622	2.112967
782	2638	2.125861
783	2634	2.122637
784	2638	2.125861
785	2638	2.125861
786	2634	2.122637
787	2646	2.132308
788	2646	2.132308
789	2646	2.132308
790	2646	2.132308
791	2634	2.122637
792	2638	2.125861
793	2638	2.125861
794	2634	2.122637
795	2638	2.125861
796	2638	2.125861
797	2630	2.119414
798	2634	2.122637
799	2638	2.125861
800	2630	2.119414
801	2646	2.132308
802	2634	2.122637
803	2638	2.125861
804	2634	2.122637
805	2650	2.135531
806	2634	2.122637
807	2638	2.125861
808	2646	2.132308
809	2642	2.129084
810	2658	2.141978
811	2646	2.132308
812	2646	2.132308
813	2654	2.138755
814	2650	2.135531
815	2646	2.132308
816	2654	2.138755
817	2650	2.135531
818	2638	2.125861
819	2638	2.125861
820	2650	2.135531
821	2646	2.132308
822	2650	2.135531
823	2658	2.141978
824	2654	2.138755
825	2658	2.141978
826	2658	2.141978
827	2666	2.148425
828	2658	2.141978
829	2646	2.132308
830	2662	2.145201
831	2650	2.135531
832	2658	2.141978
833	2646	2.132308
834	2658	2.141978
835	2658	2.141978
836	2670	2.151648
837	2650	2.135531
838	2658	2.141978
839	2650	2.135531
840	2658	2.141978
841	2658	2.141978
842	2658	2.141978
843	2646	2.132308
844	2662	2.145201
845	2646	2.132308
846	2662	2.145201
847	2658	2.141978
848	2658	2.141978
849	2662	2.145201
850	2658	2.141978
851	2662	2.145201
852	2658	2.141978
853	2650	2.135531
854	2666	2.148425
855	2658	2.141978
856	2658	2.141978
857	2670	2.151648
858	2662	2.145201
859	2658	2.141978
860	2658	2.141978
861	2658	2.141978
862	2662	2.145201
863	2658	2.141978
864	2674	2.154872
865	2682	2.161319
866	2682	2.161319
867	2674	2.154872
868	2678	2.158095
869	2674	2.154872
870	2670	2.151648
871	2662	2.145201
872	2678	2.158095
873	2662	2.145201
874	2674	2.154872
875	2686	2.164542
876	2670	2.151648
877	2678	2.158095
878	2670	2.151648
879	2687	2.165348
880	2670	2.151648
881	2662	2.145201
882	2670	2.151648
883	2678	2.158095
884	2658	2.141978
885	2670	2.151648
886	2662	2.145201
887	2666	2.148425
888	2662	2.145201
889	2674	2.154872
890	2670	2.151648
891	2670	2.151648
892	2658	2.141978
893	2658	2.141978
894	2658	2.141978
895	2670	2.151648
896	2662	2.145201
897	2670	2.151648
898	2666	2.148425
899	2662	2.145201
900	2658	2.141978
901	2662	2.145201
902	2662	2.145201
903	2662	2.145201
904	2662	2.145201
905	2670	2.151648
906	2670	2.151648
907	2678	2.158095
908	2662	2.145201
909	2670	2.151648
910	2650	2.135531
911	2666	2.148425
912	2666	2.148425
913	2646	2.132308
914	2658	2.141978
915	2666	2.148425
916	2670	2.151648
917	2670	2.151648
918	2682	2.161319
919	2674	2.154872
920	2670	2.151648
921	2662	2.145201
922	2678	2.158095
923	2674	2.154872
924	2666	2.148425
925	2662	2.145201
926	2678	2.158095
927	2678	2.158095
928	2682	2.161319
929	2678	2.158095
930	2666	2.148425
931	2670	2.151648
932	2678	2.158095
933	2678	2.158095
934	2662	2.145201
935	2662	2.145201
936	2666	2.148425
937	2666	2.148425
938	2666	2.148425
939	2670	2.151648
940	2670	2.151648
941	2678	2.158095
942	2666	2.148425
943	2674	2.154872
944	2670	2.151648
945	2662	2.145201
946	2658	2.141978
947	2678	2.158095
948	2678	2.158095
949	2674	2.154872
950	2662	2.145201
951	2662	2.145201
952	2678	2.158095
953	2666	2.148425
954	2670	2.151648
955	2670	2.151648
956	2658	2.141978
957	2670	2.151648
958	2682	2.161319
959	2678	2.158095
960	2678	2.158095
961	2670	2.151648
962	2670	2.151648
963	2666	2.148425
964	2670	2.151648
965	2670	2.151648
966	2678	2.158095
967	2670	2.151648
968	2678	2.158095
969	2670	2.151648
970	2686	2.164542
971	2670	2.151648
972	2674	2.154872
973	2686	2.164542
974	2682	2.161319
975	2686	2.164542
976	2682	2.161319
977	2670	2.151648
978	2682	2.161319
979	2674	2.154872
980	2674	2.154872
981	2686	2.164542
982	2670	2.151648
983	2670	2.151648
984	2670	2.151648
985	2674	2.154872
986	2686	2.164542
987	2674	2.154872
988	2662	2.145201
989	2674	2.154872
990	2678	2.158095
991	2686	2.164542
992	2678	2.158095
993	2682	2.161319
994	2674	2.154872
995	2686	2.164542
996	2687	2.165348
997	2694	2.170989
998	2687	2.165348
999	2687	2.165348
1000	2698	2.174212
1001	2698	2.174212
1002	2687	2.165348
1003	2686	2.164542
1004	2694	2.170989
1005	2682	2.161319
1006	2686	2.164542
1007	2686	2.164542
1008	2686	2.164542
1009	2686	2.164542
1010	2710	2.183883
1011	2687	2.165348
1012	2702	2.177436
1013	2686	2.164542
1014	2687	2.165348
1015	2686	2.164542
1016	2698	2.174212
1017	2686	2.164542
1018	2686	2.164542
1019	2686	2.164542
1020	2687	2.165348
1021	2687	2.165348
1022	2698	2.174212
1023	2702	2.177436
1024	2698	2.174212
1025	2686	2.164542
1026	2702	2.177436
1027	2702	2.177436
1028	2678	2.158095
1029	2686	2.164542
1030	2686	2.164542
1031	2670	2.151648
1032	2686	2.164542
1033	2698	2.174212
1034	2687	2.165348
1035	2702	2.177436
1036	2687	2.165348
1037	2687	2.165348
1038	2686	2.164542
1039	2687	2.165348
1040	2698	2.174212
1041	2678	2.158095
1042	2686	2.164542
1043	2682	2.161319
1044	2687	2.165348
1045	2687	2.165348
1046	2694	2.170989
1047	2686	2.164542
1048	2686	2.164542
1049	2698	2.174212
1050	2686	2.164542
1051	2687	2.165348
1052	2687	2.165348
1053	2686	2.164542
1054	2687	2.165348
1055	2698	2.174212
1056	2686	2.164542
1057	2686	2.164542
1058	2694	2.170989
1059	2687	2.165348
1060	2698	2.174212
1061	2702	2.177436
1062	2702	2.177436
1063	2687	2.165348
1064	2686	2.164542
1065	2702	2.177436
1066	2698	2.174212
1067	2687	2.165348
1068	2710	2.183883
1069	2698	2.174212
1070	2710	2.183883
1071	2698	2.174212
1072	2702	2.177436
1073	2694	2.170989
1074	2686	2.164542
1075	2682	2.161319
1076	2702	2.177436
1077	2710	2.183883
1078	2702	2.177436
1079	2687	2.165348
1080	2702	2.177436
1081	2687	2.165348
1082	2702	2.177436
1083	2698	2.174212
1084	2714	2.187106
1085	2710	2.183883
1086	2702	2.177436
1087	2702	2.177436
1088	2722	2.193553
1089	2710	2.183883
1090	2714	2.187106
1091	2710	2.183883
1092	2702	2.177436
1093	2718	2.190330
1094	2706	2.180659
1095	2702	2.177436
1096	2722	2.193553
1097	2710	2.183883
1098	2722	2.193553
1099	2706	2.180659
1100	2706	2.180659
1101	2710	2.183883
1102	2702	2.177436
1103	2722	2.193553
1104	2710	2.183883
1105	2714	2.187106
1106	2702	2.177436
1107	2714	2.187106
1108	2722	2.193553
1109	2702	2.177436
1110	2710	2.183883
1111	2706	2.180659
1112	2714	2.187106
1113	2722	2.193553
1114	2706	2.180659
1115	2710	2.183883
1116	2702	2.177436
1117	2714	2.187106
1118	2702	2.177436
1119	2706	2.180659
1120	2702	2.177436
1121	2706	2.180659
1122	2714	2.187106
1123	2710	2.183883
1124	2710	2.183883
1125	2687	2.165348
1126	2714	2.187106
1127	2718	2.190330
1128	2714	2.187106
1129	2706	2.180659
1130	2722	2.193553
1131	2722	2.193553
1132	2710	2.183883
1133	2710	2.183883
1134	2710	2.183883
1135	2722	2.193553
1136	2710	2.183883
1137	2702	2.177436
1138	2722	2.193553
1139	2714	2.187106
1140	2722	2.193553
1141	2726	2.196777
1142	2714	2.187106
1143	2714	2.187106
1144	2710	2.183883
1145	2702	2.177436
1146	2718	2.190330
1147	2714	2.187106
1148	2718	2.190330
1149	2722	2.193553
1150	2722	2.193553
1151	2714	2.187106
1152	2722	2.193553
1153	2722	2.193553
1154	2722	2.193553
1155	2722	2.193553
1156	2706	2.180659
1157	2706	2.180659
1158	2730	2.200000
1159	2714	2.187106
1160	2722	2.193553
1161	2714	2.187106
1162	2722	2.193553
1163	2726	2.196777
1164	2726	2.196777
1165	2722	2.193553
1166	2730	2.200000
1167	2722	2.193553
1168	2726	2.196777
1169	2730	2.200000
1170	2726	2.196777
1171	2726	2.196777
1172	2714	2.187106
1173	2726	2.196777
1174	2734	2.203223
1175	2730	2.200000
1176	2738	2.206447
1177	2726	2.196777
1178	2730	2.200000
1179	2726	2.196777
1180	2730	2.200000
1181	2726	2.196777
1182	2722	2.193553
1183	2726	2.196777
1184	2734	2.203223
1185	2726	2.196777
1186	2722	2.193553
1187	2726	2.196777
1188	2742	2.209670
1189	2726	2.196777
1190	2726	2.196777
1191	2722	2.193553
1192	2722	2.193553
1193	2734	2.203223
1194	2742	2.209670
1195	2722	2.193553
1196	2734	2.203223
1197	2726	2.196777
1198	2734	2.203223
1199	2734	2.203223
1200	2726	2.196777
1201	2722	2.193553
1202	2734	2.203223
1203	2730	2.200000
1204	2734	2.203223
1205	2726	2.196777
1206	2722	2.193553
1207	2722	2.193553
1208	2750	2.216117
1209	2738	2.206447
1210	2730	2.200000
1211	2730	2.200000
1212	2734	2.203223
1213	2734	2.203223
1214	2722	2.193553
1215	2726	2.196777
1216	2734	2.203223
1217	2738	2.206447
1218	2730	2.200000
1219	2726	2.196777
1220	2742	2.209670
1221	2722	2.193553
1222	2742	2.209670
1223	2738	2.206447
1224	2730	2.200000
1225	2746	2.212894
1226	2738	2.206447
1227	2738	2.206447
1228	2738	2.206447
1229	2734	2.203223
1230	2742	2.209670
1231	2742	2.209670
1232	2738	2.206447
1233	2722	2.193553
1234	2730	2.200000
1235	2742	2.209670
1236	2750	2.216117
1237	2742	2.209670
1238	2746	2.212894
1239	2742	2.209670
1240	2746	2.212894
1241	2738	2.206447
1242	2738	2.206447
1243	2750	2.216117
1244	2742	2.209670
1245	2746	2.212894
1246	2746	2.212894
1247	2734	2.203223
1248	2734	2.203223
1249	2726	2.196777
1250	2742	2.209670
1251	2746	2.212894
1252	2742	2.209670
1253	2750	2.216117
1254	2738	2.206447
1255	2750	2.216117
1256	2738	2.206447
1257	2742	2.209670
1258	2746	2.212894
1259	2754	2.219341
1260	2750	2.216117
1261	2746	2.212894
1262	2742	2.209670
1263	2742	2.209670
1264	2754	2.219341
1265	2742	2.209670
1266	2742	2.209670
1267	2750	2.216117
1268	2754	2.219341
1269	2746	2.212894
1270	2750	2.216117
1271	2742	2.209670
1272	2754	2.219341
1273	2758	2.222564
1274	2758	2.222564
1275	2758	2.222564
1276	2750	2.216117
1277	2746	2.212894
1278	2754	2.219341
1279	2750	2.216117
1280	2762	2.225788
1281	2742	2.209670
1282	2750	2.216117
1283	2750	2.216117
1284	2750	2.216117
1285	2758	2.222564
1286	2742	2.209670
1287	2758	2.222564
1288	2750	2.216117
1289	2758	2.222564
1290	2746	2.212894
1291	2758	2.222564
1292	2750	2.216117
1293	2746	2.212894
1294	2754	2.219341
1295	2758	2.222564
1296	2754	2.219341
1297	2758	2.222564
1298	2766	2.229011
1299	2742	2.209670
1300	2742	2.209670
1301	2746	2.212894
1302	2762	2.225788
1303	2758	2.222564
1304	2758	2.222564
1305	2750	2.216117
1306	2762	2.225788
1307	2762	2.225788
1308	2754	2.219341
1309	2754	2.219341
1310	2762	2.225788
1311	2766	2.229011
1312	2754	2.219341
1313	2766	2.229011
1314	2766	2.229011
1315	2762	2.225788
1316	2762	2.225788
1317	2758	2.222564
1318	2766	2.229011
1319	2766	2.229011
1320	2758	2.222564
1321	2770	2.232234
1322	2766	2.229011
1323	2774	2.235458
1324	2750	2.216117
1325	2774	2.235458
1326	2762	2.225788
1327	2762	2.225788
1328	2750	2.216117
1329	2754	2.219341
1330	2758	2.222564
1331	2766	2.229011
1332	2762	2.225788
1333	2758	2.222564
1334	2762	2.225788
1335	2766	2.229011
1336	2774	2.235458
1337	2758	2.222564
1338	2786	2.245128
1339	2770	2.232234
1340	2758	2.222564
1341	2762	2.225788
1342	2774	2.235458
1343	2766	2.229011
1344	2758	2.222564
1345	2766	2.229011
1346	2778	2.238681
1347	2766	2.229011
1348	2766	2.229011
1349	2762	2.225788
1350	2766	2.229011
1351	2766	2.229011
1352	2770	2.232234
1353	2766	2.229011
1354	2758	2.222564
1355	2758	2.222564
1356	2758	2.222564
1357	2758	2.222564
1358	2762	2.225788
1359	2758	2.222564
1360	2766	2.229011
1361	2762	2.225788
1362	2762	2.225788
1363	2774	2.235458
1364	2766	2.229011
1365	2774	2.235458
1366	2786	2.245128
1367	2778	2.238681
1368	2778	2.238681
1369	2774	2.235458
1370	2770	2.232234
1371	2766	2.229011
1372	2766	2.229011
1373	2778	2.238681
1374	2778	2.238681
1375	2766	2.229011
1376	2778	2.238681
1377	2786	2.245128
1378	2778	2.238681
1379	2762	2.225788
1380	2774	2.235458
1381	2766	2.229011
1382	2778	2.238681
1383	2790	2.248352
1384	2766	2.229011
1385	2774	2.235458
1386	2774	2.235458
1387	2766	2.229011
1388	2782	2.241905
1389	2786	2.245128
1390	2774	2.235458
1391	2774	2.235458
1392	2782	2.241905
1393	2770	2.232234
1394	2774	2.235458
1395	2786	2.245128
1396	2786	2.245128
1397	2786	2.245128
1398	2786	2.245128
1399	2774	2.235458
1400	2778	2.238681
1401	2782	2.241905
1402	2766	2.229011
1403	2774	2.235458
1404	2774	2.235458
1405	2786	2.245128
1406	2786	2.245128
1407	2786	2.245128
1408	2774	2.235458
1409	2774	2.235458
1410	2778	2.238681
1411	2770	2.232234
1412	2786	2.245128
1413	2774	2.235458
1414	2766	2.229011
1415	2774	2.235458
1416	2786	2.245128
1417	2782	2.241905
1418	2786	2.245128
1419	2782	2.241905
1420	2774	2.235458
1421	2786	2.245128
1422	2786	2.245128
1423	2786	2.245128
1424	2790	2.248352
1425	2782	2.241905
1426	2774	2.235458
1427	2786	2.245128
1428	2786	2.245128
1429	2786	2.245128
1430	2778	2.238681
1431	2778	2.238681
1432	2786	2.245128
1433	2778	2.238681
1434	2786	2.245128
1435	2782	2.241905
1436	2778	2.238681
1437	2786	2.245128
1438	2766	2.229011
1439	2786	2.245128
1440	2790	2.248352
1441	2778	2.238681
1442	2774	2.235458
1443	2774	2.235458
1444	2790	2.248352
1445	2774	2.235458
1446	2766	2.229011
1447	2786	2.245128
1448	2774	2.235458
1449	2786	2.245128
1450	2786	2.245128
1451	2778	2.238681
1452	2790	2.248352
1453	2786	2.245128
1454	2786	2.245128
1455	2778	2.238681
1456	2790	2.248352
1457	2774	2.235458
1458	2766	2.229011
1459	2778	2.238681
1460	2778	2.238681
1461	2774	2.235458
1462	2790	2.248352
1463	2794	2.251575
1464	2790	2.248352
1465	2786	2.245128
1466	2786	2.245128
1467	2798	2.254799
1468	2778	2.238681
1469	2774	2.235458
1470	2790	2.248352
1471	2798	2.254799
1472	2786	2.245128
1473	2782	2.241905
1474	2790	2.248352
1475	2774	2.235458
1476	2778	2.238681
1477	2766	2.229011
1478	2786	2.245128
1479	2774	2.235458
1480	2782	2.241905
1481	2774	2.235458
1482	2786	2.245128
1483	2762	2.225788
1484	2786	2.245128
1485	2774	2.235458
1486	2766	2.229011
1487	2774	2.235458
1488	2774	2.235458
1489	2774	2.235458
1490	2774	2.235458
1491	2766	2.229011
1492	2770	2.232234
1493	2766	2.229011
1494	2774	2.235458
1495	2778	2.238681
1496	2774	2.235458
1497	2786	2.245128
1498	2778	2.238681
1499	2786	2.245128
1500	2786	2.245128
1501	2790	2.248352
1502	2774	2.235458
1503	2782	2.241905
1504	2770	2.232234
1505	2786	2.245128
1506	2794	2.251575
1507	2778	2.238681
1508	2778	2.238681
1509	2770	2.232234
1510	2762	2.225788
1511	2778	2.238681
1512	2770	2.232234
1513	2774	2.235458
1514	2786	2.245128
1515	2770	2.232234
1516	2766	2.229011
1517	2782	2.241905
1518	2774	2.235458
1519	2774	2.235458
1520	2766	2.229011
1521	2770	2.232234
1522	2770	2.232234
1523	2774	2.235458
1524	2766	2.229011
1525	2766	2.229011
1526	2770	2.232234
1527	2762	2.225788
1528	2770	2.232234
1529	2766	2.229011
1530	2762	2.225788
1531	2778	2.238681
1532	2754	2.219341
1533	2762	2.225788
1534	2778	2.238681
1535	2762	2.225788
1536	2758	2.222564
1537	2766	2.229011
1538	2762	2.225788
1539	2766	2.229011
1540	2758	2.222564
1541	2766	2.229011
1542	2746	2.212894
1543	2766	2.229011
1544	2758	2.222564
1545	2762	2.225788
1546	2770	2.232234
1547	2770	2.232234
1548	2774	2.235458
1549	2746	2.212894
1550	2758	2.222564
1551	2750	2.216117
1552	2766	2.229011
1553	2754	2.219341
1554	2758	2.222564
1555	2754	2.219341
1556	2758	2.222564
1557	2770	2.232234
1558	2762	2.225788
1559	2754	2.219341
1560	2762	2.225788
1561	2750	2.216117
1562	2754	2.219341
1563	2750	2.216117
1564	2750	2.216117
1565	2750	2.216117
1566	2758	2.222564
1567	2746	2.212894
1568	2762	2.225788
1569	2754	2.219341
1570	2750	2.216117
1571	2742	2.209670
1572	2750	2.216117
1573	2742	2.209670
1574	2742	2.209670
1575	2750	2.216117
1576	2758	2.222564
1577	2734	2.203223
1578	2742	2.209670
1579	2742	2.209670
1580	2754	2.219341
1581	2738	2.206447
1582	2750	2.216117
1583	2742	2.209670
1584	2750	2.216117
1585	2746	2.212894
1586	2746	2.212894
1587	2750	2.216117
1588	2734	2.203223
1589	2734	2.203223
1590	2734	2.203223
1591	2730	2.200000
1592	2742	2.209670
1593	2734	2.203223
1594	2734	2.203223
1595	2734	2.203223
1596	2738	2.206447
1597	2738	2.206447
1598	2734	2.203223
1599	2734	2.203223
1600	2730	2.200000
1601	2730	2.200000
1602	2730	2.200000
1603	2734	2.203223
1604	2730	2.200000
1605	2734	2.203223
1606	2746	2.212894
1607	2734	2.203223
1608	2726	2.196777
1609	2714	2.187106
1610	2722	2.193553
1611	2706	2.180659
1612	2730	2.200000
1613	2722	2.193553
1614	2722	2.193553
1615	2710	2.183883
1616	2706	2.180659
1617	2718	2.190330
1618	2722	2.193553
1619	2714	2.187106
1620	2710	2.183883
1621	2722	2.193553
1622	2714	2.187106
1623	2710	2.183883
1624	2702	2.177436
1625	2710	2.183883
1626	2714	2.187106
1627	2722	2.193553
1628	2710	2.183883
1629	2702	2.177436
1630	2702	2.177436
1631	2702	2.177436
1632	2702	2.177436
1633	2702	2.177436
1634	2702	2.177436
1635	2702	2.177436
1636	2702	2.177436
1637	2682	2.161319
1638	2702	2.177436
1639	2687	2.165348
1640	2687	2.165348
1641	2698	2.174212
1642	2682	2.161319
1643	2687	2.165348
1644	2698	2.174212
1645	2686	2.164542
1646	2706	2.180659
1647	2698	2.174212
1648	2686	2.164542
1649	2702	2.177436
1650	2678	2.158095
1651	2678	2.158095
1652	2682	2.161319
1653	2682	2.161319
1654	2686	2.164542
1655	2682	2.161319
1656	2686	2.164542
1657	2670	2.151648
1658	2670	2.151648
1659	2678	2.158095
1660	2678	2.158095
1661	2682	2.161319
1662	2666	2.148425
1663	2670	2.151648
1664	2670	2.151648
1665	2666	2.148425
1666	2670	2.151648
1667	2662	2.145201
1668	2662	2.145201
1669	2666	2.148425
1670	2658	2.141978
1671	2658	2.141978
1672	2638	2.125861
1673	2642	2.129084
1674	2658	2.141978
1675	2662	2.145201
1676	2670	2.151648
1677	2658	2.141978
1678	2650	2.135531
1679	2650	2.135531
1680	2658	2.141978
1681	2638	2.125861
1682	2662	2.145201
1683	2654	2.138755
1684	2646	2.132308
1685	2658	2.141978
1686	2638	2.125861
1687	2638	2.125861
1688	2650	2.135531
1689	2658	2.141978
1690	2646	2.132308
1691	2646	2.132308
1692	2630	2.119414
1693	2630	2.119414
1694	2630	2.119414
1695	2638	2.125861
1696	2630	2.119414
1697	2634	2.122637
1698	2630	2.119414
1699	2622	2.112967
1700	2622	2.112967
1701	2630	2.119414
1702	2622	2.112967
1703	2614	2.106520
1704	2618	2.109744
1705	2614	2.106520
1706	2618	2.109744
1707	2614	2.106520
1708	2614	2.106520
1709	2606	2.100073
1710	2606	2.100073
1711	2606	2.100073
1712	2622	2.112967
1713	2606	2.100073
1714	2598	2.093626
1715	2610	2.103297
1716	2602	2.096850
1717	2606	2.100073
1718	2598	2.093626
1719	2598	2.093626
1720	2606	2.100073
1721	2594	2.090403
1722	2594	2.090403
1723	2582	2.080733
1724	2594	2.090403
1725	2594	2.090403
1726	2590	2.087179
1727	2582	2.080733
1728	2594	2.090403
1729	2559	2.062198
1730	2566	2.067839
1731	2574	2.074286
1732	2590	2.087179
1733	2594	2.090403
1734	2578	2.077509
1735	2578	2.077509
1736	2574	2.074286
1737	2582	2.080733
1738	2570	2.071062
1739	2570	2.071062
1740	2559	2.062198
1741	2570	2.071062
1742	2578	2.077509
1743	2574	2.074286
1744	2558	2.061392
1745	2570	2.071062
1746	2559	2.062198
1747	2550	2.054945
1748	2550	2.054945
1749	2534	2.042051
1750	2546	2.051722
1751	2550	2.054945
1752	2534	2.042051
1753	2538	2.045275
1754	2546	2.051722
1755	2542	2.048498
1756	2550	2.054945
1757	2542	2.048498
1758	2550	2.054945
1759	2542	2.048498
1760	2526	2.035604
1761	2530	2.038828
1762	2530	2.038828
1763	2530	2.038828
1764	2530	2.038828
1765	2530	2.038828
1766	2530	2.038828
1767	2510	2.022711
1768	2514	2.025934
1769	2514	2.025934
1770	2502	2.016264
1771	2510	2.022711
1772	2498	2.013040
1773	2490	2.006593
1774	2502	2.016264
1775	2498	2.013040
1776	2502	2.016264
1777	2502	2.016264
1778	2498	2.013040
1779	2494	2.009817
1780	2498	2.013040
1781	2490	2.006593
1782	2486	2.003370
1783	2494	2.009817
1784	2474	1.993700
1785	2482	2.000147
1786	2482	2.000147
1787	2466	1.987253
1788	2478	1.996923
1789	2470	1.990476
1790	2478	1.996923
1791	2478	1.996923
1792	2474	1.993700
1793	2470	1.990476
1794	2466	1.987253
1795	2466	1.987253
1796	2478	1.996923
1797	2458	1.980806
1798	2470	1.990476
1799	2454	1.977582
1800	2458	1.980806
1801	2454	1.977582
1802	2478	1.996923
1803	2446	1.971136
1804	2446	1.971136
1805	2446	1.971136
1806	2438	1.964689
1807	2442	1.967912
1808	2446	1.971136
1809	2442	1.967912
1810	2438	1.964689
1811	2430	1.958242
1812	2446	1.971136
1813	2446	1.971136
1814	2438	1.964689
1815	2430	1.958242
1816	2426	1.955018
1817	2431	1.959048
1818	2418	1.948571
1819	2430	1.958242
1820	2426	1.955018
1821	2426	1.955018
1822	2422	1.951795
1823	2426	1.955018
1824	2418	1.948571
1825	2414	1.945348
1826	2426	1.955018
1827	2414	1.945348
1828	2430	1.958242
1829	2430	1.958242
1830	2422	1.951795
1831	2418	1.948571
1832	2418	1.948571
1833	2422	1.951795
1834	2410	1.942125
1835	2414	1.945348
1836	2414	1.945348
1837	2418	1.948571
1838	2418	1.948571
1839	2410	1.942125
1840	2406	1.938901
1841	2414	1.945348
1842	2406	1.938901
1843	2414	1.945348
1844	2406	1.938901
1845	2406	1.938901
1846	2402	1.935678
1847	2406	1.938901
1848	2402	1.935678
1849	2394	1.929231
1850	2418	1.948571
1851	2390	1.926007
1852	2398	1.932454
1853	2402	1.935678
1854	2398	1.932454
1855	2402	1.935678
1856	2414	1.945348
1857	2406	1.938901
1858	2390	1.926007
1859	2394	1.929231
1860	2414	1.945348
1861	2394	1.929231
1862	2398	1.932454
1863	2402	1.935678
1864	2406	1.938901
1865	2414	1.945348
1866	2406	1.938901
1867	2402	1.935678
1868	2398	1.932454
1869	2402	1.935678
1870	2418	1.948571
1871	2406	1.938901
1872	2422	1.951795
1873	2406	1.938901
1874	2410	1.942125
1875	2414	1.945348
1876	2406	1.938901
1877	2406	1.938901
1878	2406	1.938901
1879	2410	1.942125
1880	2402	1.935678
1881	2406	1.938901
1882	2402	1.935678
1883	2398	1.932454
1884	2406	1.938901
1885	2414	1.945348
1886	2410	1.942125
1887	2406	1.938901
1888	2390	1.926007
1889	2394	1.929231
1890	2406	1.938901
1891	2414	1.945348
1892	2406	1.938901
1893	2410	1.942125
1894	2406	1.938901
1895	2414	1.945348
1896	2406	1.938901
1897	2402	1.935678
1898	2410	1.942125
1899	2422	1.951795
1900	2406	1.938901
1901	2414	1.945348
1902	2414	1.945348
1903	2418	1.948571
1904	2422	1.951795
1905	2430	1.958242
1906	2430	1.958242
1907	2414	1.945348
1908	2438	1.964689
1909	2426	1.955018
1910	2430	1.958242
1911	2422	1.951795
1912	2422	1.951795
1913	2426	1.955018
1914	2422	1.951795
1915	2422	1.951795
1916	2430	1.958242
1917	2414	1.945348
1918	2426	1.955018
1919	2430	1.958242
1920	2422	1.951795
1921	2430	1.958242
1922	2414	1.945348
1923	2431	1.959048
1924	2422	1.951795
1925	2426	1.955018
1926	2422	1.951795
1927	2430	1.958242
1928	2422	1.951795
1929	2430	1.958242
1930	2422	1.951795
1931	2438	1.964689
1932	2430	1.958242
1933	2422	1.951795
1934	2438	1.964689
1935	2418	1.948571
1936	2422	1.951795
1937	2430	1.958242
1938	2422	1.951795
1939	2430	1.958242
1940	2422	1.951795
1941	2414	1.945348
1942	2430	1.958242
1943	2426	1.955018
1944	2430	1.958242
1945	2418	1.948571
1946	2422	1.951795
1947	2438	1.964689
1948	2422	1.951795
1949	2422	1.951795
1950	2422	1.951795
1951	2430	1.958242
1952	2430	1.958242
1953	2426	1.955018
1954	2438	1.964689
1955	2430	1.958242
1956	2431	1.959048
1957	2430	1.958242
1958	2430	1.958242
1959	2430	1.958242
1960	2430	1.958242
1961	2418	1.948571
1962	2430	1.958242
1963	2422	1.951795
1964	2426	1.955018
1965	2418	1.948571
1966	2430	1.958242
1967	2426	1.955018
1968	2431	1.959048
1969	2418	1.948571
1970	2426	1.955018
1971	2422	1.951795
1972	2422	1.951795
1973	2430	1.958242
1974	2422	1.951795
1975	2422	1.951795
1976	2414	1.945348
1977	2430	1.958242
1978	2414	1.945348
1979	2418	1.948571
1980	2422	1.951795
1981	2426	1.955018
1982	2414	1.945348
1983	2414	1.945348
1984	2422	1.951795
1985	2414	1.945348
1986	2414	1.945348
1987	2418	1.948571
1988	2422	1.951795
1989	2418	1.948571
1990	2414	1.945348
1991	2414	1.945348
1992	2414	1.945348
1993	2402	1.935678
1994	2430	1.958242
1995	2410	1.942125
1996	2414	1.945348
1997	2406	1.938901
1998	2414	1.945348
1999	2402	1.935678
2000	2402	1.935678
2001	2406	1.938901
2002	2414	1.945348
2003	2398	1.932454
2004	2414	1.945348
2005	2406	1.938901
2006	2394	1.929231
2007	2402	1.935678
2008	2414	1.945348
2009	2422	1.951795
2010	2410	1.942125
2011	2414	1.945348
2012	2406	1.938901
2013	2406	1.938901
2014	2422	1.951795
2015	2402	1.935678
2016	2402	1.935678
2017	2406	1.938901
2018	2402	1.935678
2019	2402	1.935678
2020	2402	1.935678
2021	2390	1.926007
2022	2386	1.922784
2023	2394	1.929231
2024	2386	1.922784
2025	2402	1.935678
2026	2402	1.935678
2027	2390	1.926007
2028	2402	1.935678
2029	2390	1.926007
2030	2398	1.932454
2031	2398	1.932454
2032	2402	1.935678
2033	2382	1.919560
2034	2382	1.919560
2035	2402	1.935678
2036	2406	1.938901
2037	2390	1.926007
2038	2390	1.926007
2039	2402	1.935678
2040	2382	1.919560
2041	2378	1.916337
2042	2386	1.922784
2043	2390	1.926007
2044	2402	1.935678
2045	2382	1.919560
2046	2394	1.929231
2047	2382	1.919560
2048	2390	1.926007
2049	2402	1.935678
2050	2382	1.919560
2051	2386	1.922784
2052	2382	1.919560
2053	2382	1.919560
2054	2386	1.922784
2055	2394	1.929231
2056	2390	1.926007
2057	2390	1.926007
2058	2382	1.919560
2059	2402	1.935678
2060	2382	1.919560
2061	2386	1.922784
2062	2382	1.919560
2063	2378	1.916337
2064	2382	1.919560
2065	2374	1.913114
2066	2374	1.913114
2067	2382	1.919560
2068	2390	1.926007
2069	2382	1.919560
2070	2366	1.906667
2071	2382	1.919560
2072	2382	1.919560
2073	2382	1.919560
2074	2382	1.919560
2075	2370	1.909890
2076	2382	1.919560
2077	2370	1.909890
2078	2378	1.916337
2079	2374	1.913114
2080	2382	1.919560
2081	2382	1.919560
2082	2394	1.929231
2083	2374	1.913114
2084	2378	1.916337
2085	2382	1.919560
2086	2390	1.926007
2087	2398	1.932454
2088	2390	1.926007
2089	2394	1.929231
2090	2382	1.919560
2091	2394	1.929231
2092	2390	1.926007
2093	2394	1.929231
2094	2382	1.919560
2095	2402	1.935678
2096	2374	1.913114
2097	2394	1.929231
2098	2394	1.929231
2099	2382	1.919560
2100	2402	1.935678
2101	2382	1.919560
2102	2390	1.926007
2103	2390	1.926007
2104	2386	1.922784
2105	2390	1.926007
2106	2406	1.938901
2107	2382	1.919560
2108	2386	1.922784
2109	2398	1.932454
2110	2398	1.932454
2111	2398	1.932454
2112	2386	1.922784
2113	2390	1.926007
2114	2402	1.935678
2115	2406	1.938901
2116	2402	1.935678
2117	2406	1.938901
2118	2406	1.938901
2119	2390	1.926007
2120	2414	1.945348
2121	2402	1.935678
2122	2414	1.945348
2123	2406	1.938901
2124	2406	1.938901
2125	2406	1.938901
2126	2422	1.951795
2127	2406	1.938901
2128	2422	1.951795
2129	2414	1.945348
2130	2406	1.938901
2131	2410	1.942125
2132	2414	1.945348
2133	2414	1.945348
2134	2414	1.945348
2135	2414	1.945348
2136	2422	1.951795
2137	2410	1.942125
2138	2402	1.935678
2139	2418	1.948571
2140	2430	1.958242
2141	2422	1.951795
2142	2426	1.955018
2143	2422	1.951795
2144	2430	1.958242
2145	2430	1.958242
2146	2414	1.945348
2147	2431	1.959048
2148	2438	1.964689
2149	2426	1.955018
2150	2430	1.958242
2151	2438	1.964689
2152	2430	1.958242
2153	2438	1.964689
2154	2430	1.958242
2155	2430	1.958242
2156	2430	1.958242
2157	2446	1.971136
2158	2446	1.971136
2159	2431	1.959048
2160	2446	1.971136
2161	2446	1.971136
2162	2458	1.980806
2163	2442	1.967912
2164	2446	1.971136
2165	2450	1.974359
2166	2446	1.971136
2167	2454	1.977582
2168	2446	1.971136
2169	2446	1.971136
2170	2454	1.977582
2171	2458	1.980806
2172	2438	1.964689
2173	2462	1.984029
2174	2458	1.980806
2175	2446	1.971136
2176	2446	1.971136
2177	2454	1.977582
2178	2466	1.987253
2179	2454	1.977582
2180	2454	1.977582
2181	2462	1.984029
2182	2446	1.971136
2183	2462	1.984029
2184	2462	1.984029
2185	2458	1.980806
2186	2462	1.984029
2187	2458	1.980806
2188	2446	1.971136
2189	2466	1.987253
2190	2466	1.987253
2191	2470	1.990476
2192	2470	1.990476
2193	2474	1.993700
2194	2454	1.977582
2195	2470	1.990476
2196	2466	1.987253
2197	2466	1.987253
2198	2466	1.987253
2199	2454	1.977582
2200	2470	1.990476
2201	2458	1.980806
2202	2458	1.980806
2203	2446	1.971136
2204	2446	1.971136
2205	2470	1.990476
2206	2474	1.993700
2207	2470	1.990476
2208	2474	1.993700
2209	2466	1.987253
2210	2458	1.980806
2211	2466	1.987253
2212	2458	1.980806
2213	2454	1.977582
2214	2454	1.977582
2215	2454	1.977582
2216	2458	1.980806
2217	2454	1.977582
2218	2454	1.977582
2219	2458	1.980806
2220	2454	1.977582
2221	2438	1.964689
2222	2458	1.980806
2223	2446	1.971136
2224	2446	1.971136
2225	2446	1.971136
2226	2446	1.971136
2227	2438	1.964689
2228	2438	1.964689
2229	2431	1.959048
2230	2438	1.964689
2231	2442	1.967912
2232	2438	1.964689
2233	2430	1.958242
2234	2438	1.964689
2235	2430	1.958242
2236	2430	1.958242
2237	2422	1.951795
2238	2442	1.967912
2239	2422	1.951795
2240	2418	1.948571
2241	2430	1.958242
2242	2414	1.945348
2243	2402	1.935678
2244	2418	1.948571
2245	2410	1.942125
2246	2410	1.942125
2247	2402	1.935678
2248	2422	1.951795
2249	2406	1.938901
2250	2402	1.935678
2251	2402	1.935678
2252	2406	1.938901
2253	2390	1.926007
2254	2382	1.919560
2255	2386	1.922784
2256	2386	1.922784
2257	2386	1.922784
2258	2358	1.900220
2259	2366	1.906667
2260	2366	1.906667
2261	2370	1.909890
2262	2374	1.913114
2263	2362	1.903443
2264	2366	1.906667
2265	2354	1.896996
2266	2338	1.884103
2267	2330	1.877656
2268	2338	1.884103
2269	2326	1.874432
2270	2338	1.884103
2271	2318	1.867985
2272	2318	1.867985
2273	2310	1.861538
2274	2318	1.867985
2275	2302	1.855092
2276	2310	1.861538
2277	2306	1.858315
2278	2282	1.838974
2279	2278	1.835751
2280	2294	1.848645
2281	2274	1.832527
2282	2270	1.829304
2283	2266	1.826081
2284	2258	1.819634
2285	2254	1.816410
2286	2254	1.816410
2287	2242	1.806740
2288	2238	1.803516
2289	2222	1.790623
2290	2226	1.793846
2291	2218	1.787399
2292	2210	1.780952
2293	2190	1.764835
2294	2214	1.784176
2295	2194	1.768059
2296	2190	1.764835
2297	2186	1.761612
2298	2174	1.751941
2299	2162	1.742271
2300	2174	1.751941
2301	2162	1.742271
2302	2146	1.729377
2303	2146	1.729377
2304	2138	1.722930
2305	2122	1.710037
2306	2118	1.706813
2307	2118	1.706813
2308	2102	1.693919
2309	2094	1.687473
2310	2094	1.687473
2311	2078	1.674579
2312	2098	1.690696
2313	2086	1.681026
2314	2074	1.671355
2315	2062	1.661685
2316	2062	1.661685
2317	2054	1.655238
2318	2058	1.658462
2319	2058	1.658462
2320	2062	1.661685
2321	2038	1.642344
2322	2030	1.635897
2323	2038	1.642344
2324	2034	1.639121
2325	2038	1.642344
2326	2038	1.642344
2327	2018	1.626227
2328	2022	1.629451
2329	2026	1.632674
2330	2018	1.626227
2331	2018	1.626227
2332	2010	1.619780
2333	2006	1.616557
2334	2030	1.635897
2335	2010	1.619780
2336	2026	1.632674
2337	2018	1.626227
2338	2006	1.616557
2339	2002	1.613333
2340	2006	1.616557
2341	1998	1.610110
2342	2006	1.616557
2343	2022	1.629451
2344	2022	1.629451
2345	2018	1.626227
2346	2018	1.626227
2347	2022	1.629451
2348	2018	1.626227
2349	2038	1.642344
2350	2022	1.629451
2351	2030	1.635897
2352	2038	1.642344
2353	2038	1.642344
2354	2042	1.645568
2355	2030	1.635897
2356	2038	1.642344
2357	2038	1.642344
2358	2026	1.632674
2359	2054	1.655238
2360	2070	1.668132
2361	2062	1.661685
2362	2070	1.668132
2363	2058	1.658462
2364	2062	1.661685
2365	2074	1.671355
2366	2082	1.677802
2367	2090	1.684249
2368	2082	1.677802
2369	2106	1.697143
2370	2094	1.687473
2371	2110	1.700366
2372	2106	1.697143
2373	2114	1.703590
2374	2126	1.713260
2375	2126	1.713260
2376	2134	1.719707
2377	2126	1.713260
2378	2130	1.716484
2379	2146	1.729377
2380	2150	1.732601
2381	2162	1.742271
2382	2158	1.739048
2383	2174	1.751941
2384	2186	1.761612
2385	2182	1.758388
2386	2190	1.764835
2387	2198	1.771282
2388	2190	1.764835
2389	2210	1.780952
2390	2222	1.790623
2391	2214	1.784176
2392	2234	1.800293
2393	2246	1.809963
2394	2234	1.800293
2395	2246	1.809963
2396	2258	1.819634
2397	2270	1.829304
2398	2274	1.832527
2399	2286	1.842198
2400	2286	1.842198
2401	2290	1.845421
2402	2314	1.864762
2403	2310	1.861538
2404	2318	1.867985
2405	2326	1.874432
2406	2326	1.874432
2407	2326	1.874432
2408	2342	1.887326
2409	2334	1.880879
2410	2334	1.880879
2411	2342	1.887326
2412	2338	1.884103
2413	2346	1.890549
2414	2358	1.900220
2415	2362	1.903443
2416	2366	1.906667
2417	2370	1.909890
2418	2374	1.913114
2419	2378	1.916337
2420	2382	1.919560
2421	2378	1.916337
2422	2390	1.926007
2423	2390	1.926007
2424	2406	1.938901
2425	2422	1.951795
2426	2414	1.945348
2427	2430	1.958242
2428	2438	1.964689
2429	2438	1.964689
2430	2454	1.977582
2431	2446	1.971136
2432	2466	1.987253
2433	2454	1.977582
2434	2454	1.977582
2435	2458	1.980806
2436	2454	1.977582
2437	2482	2.000147
2438	2470	1.990476
2439	2470	1.990476
2440	2474	1.993700
2441	2494	2.009817
2442	2486	2.003370
2443	2486	2.003370
2444	2482	2.000147
2445	2482	2.000147
2446	2490	2.006593
2447	2486	2.003370
2448	2490	2.006593
2449	2502	2.016264
2450	2502	2.016264
2451	2510	2.022711
2452	2522	2.032381
2453	2510	2.022711
2454	2506	2.019487
2455	2514	2.025934
2456	2526	2.035604
2457	2522	2.032381
2458	2530	2.038828
2459	2534	2.042051
2460	2530	2.038828
2461	2538	2.045275
2462	2534	2.042051
2463	2542	2.048498
2464	2542	2.048498
2465	2550	2.054945
2466	2558	2.061392
2467	2558	2.061392
2468	2559	2.062198
2469	2554	2.058168
2470	2559	2.062198
2471	2554	2.058168
2472	2546	2.051722
2473	2559	2.062198
2474	2554	2.058168
2475	2554	2.058168
2476	2559	2.062198
2477	2570	2.071062
2478	2570	2.071062
2479	2574	2.074286
2480	2582	2.080733
2481	2594	2.090403
2482	2574	2.074286
2483	2570	2.071062
2484	2559	2.062198
2485	2582	2.080733
2486	2594	2.090403
2487	2594	2.090403
2488	2586	2.083956
2489	2606	2.100073
2490	2598	2.093626
2491	2602	2.096850
2492	2614	2.106520
2493	2610	2.103297
2494	2614	2.106520
2495	2606	2.100073
2496	2622	2.112967
2497	2606	2.100073
2498	2606	2.100073
2499	2618	2.109744
2500	2626	2.116190
2501	2622	2.112967
2502	2630	2.119414
2503	2630	2.119414
2504	2630	2.119414
2505	2634	2.122637
2506	2638	2.125861
2507	2638	2.125861
2508	2638	2.125861
2509	2638	2.125861
2510	2642	2.129084
2511	2638	2.125861
2512	2646	2.132308
2513	2658	2.141978
2514	2654	2.138755
2515	2658	2.141978
2516	2658	2.141978
2517	2658	2.141978
2518	2662	2.145201
2519	2646	2.132308
2520	2662	2.145201
2521	2674	2.154872
2522	2670	2.151648
2523	2654	2.138755
2524	2646	2.132308
2525	2678	2.158095
2526	2662	2.145201
2527	2650	2.135531
2528	2666	2.148425
2529	2658	2.141978
2530	2670	2.151648
2531	2670	2.151648
2532	2662	2.145201
2533	2666	2.148425
2534	2662	2.145201
2535	2658	2.141978
2536	2686	2.164542
2537	2670	2.151648
2538	2662	2.145201
2539	2670	2.151648
2540	2666	2.148425
2541	2682	2.161319
2542	2670	2.151648
2543	2666	2.148425
2544	2686	2.164542
2545	2670	2.151648
2546	2686	2.164542
2547	2678	2.158095
2548	2678	2.158095
2549	2678	2.158095
2550	2686	2.164542
2551	2698	2.174212
2552	2687	2.165348
2553	2678	2.158095
2554	2686	2.164542
2555	2686	2.164542
2556	2687	2.165348
2557	2682	2.161319
2558	2686	2.164542
2559	2698	2.174212
2560	2702	2.177436
2561	2710	2.183883
2562	2687	2.165348
2563	2694	2.170989
2564	2710	2.183883
2565	2710	2.183883
2566	2706	2.180659
2567	2698	2.174212
2568	2702	2.177436
2569	2698	2.174212
2570	2710	2.183883
2571	2714	2.187106
2572	2702	2.177436
2573	2702	2.177436
2574	2702	2.177436
2575	2698	2.174212
2576	2714	2.187106
2577	2702	2.177436
2578	2710	2.183883
2579	2702	2.177436
2580	2702	2.177436
2581	2710	2.183883
2582	2718	2.190330
2583	2702	2.177436
2584	2710	2.183883
2585	2722	2.193553
2586	2710	2.183883
2587	2710	2.183883
2588	2722	2.193553
2589	2722	2.193553
2590	2714	2.187106
2591	2722	2.193553
2592	2726	2.196777
2593	2722	2.193553
2594	2718	2.190330
2595	2722	2.193553
2596	2714	2.187106
2597	2722	2.193553
2598	2722	2.193553
2599	2722	2.193553
2600	2726	2.196777
2601	2722	2.193553
2602	2710	2.183883
2603	2726	2.196777
2604	2722	2.193553
2605	2734	2.203223
2606	2726	2.196777
2607	2734	2.203223
2608	2730	2.200000
2609	2734	2.203223
2610	2726	2.196777
2611	2734	2.203223
2612	2746	2.212894
2613	2730	2.200000
2614	2734	2.203223
2615	2726	2.196777
2616	2742	2.209670
2617	2742	2.209670
2618	2750	2.216117
2619	2742	2.209670
2620	2754	2.219341
2621	2750	2.216117
2622	2734	2.203223
2623	2754	2.219341
2624	2742	2.209670
2625	2742	2.209670
2626	2754	2.219341
2627	2750	2.216117
2628	2758	2.222564
2629	2762	2.225788
2630	2758	2.222564
2631	2754	2.219341
2632	2766	2.229011
2633	2762	2.225788
2634	2758	2.222564
2635	2754	2.219341
2636	2754	2.219341
2637	2770	2.232234
2638	2766	2.229011
2639	2762	2.225788
2640	2754	2.219341
2641	2758	2.222564
2642	2766	2.229011
2643	2766	2.229011
2644	2770	2.232234
2645	2774	2.235458
2646	2778	2.238681
2647	2774	2.235458
2648	2778	2.238681
2649	2774	2.235458
2650	2774	2.235458
2651	2786	2.245128
2652	2786	2.245128
2653	2778	2.238681
2654	2778	2.238681
2655	2786	2.245128
2656	2782	2.241905
2657	2786	2.245128
2658	2790	2.248352
2659	2794	2.251575
2660	2774	2.235458
2661	2786	2.245128
2662	2786	2.245128
2663	2798	2.254799
2664	2786	2.245128
2665	2786	2.245128
2666	2790	2.248352
2667	2778	2.238681
2668	2782	2.241905
2669	2778	2.238681
2670	2790	2.248352
2671	2794	2.251575
2672	2790	2.248352
2673	2790	2.248352
2674	2798	2.254799
2675	2806	2.261245
2676	2798	2.254799
2677	2790	2.248352
2678	2798	2.254799
2679	2806	2.261245
2680	2806	2.261245
2681	2786	2.245128
2682	2806	2.261245
2683	2806	2.261245
2684	2794	2.251575
2685	2790	2.248352
2686	2790	2.248352
2687	2798	2.254799
2688	2794	2.251575
2689	2790	2.248352
2690	2794	2.251575
2691	2802	2.258022
2692	2818	2.270916
2693	2806	2.261245
2694	2806	2.261245
2695	2798	2.254799
2696	2802	2.258022
2697	2818	2.270916
2698	2818	2.270916
2699	2806	2.261245
2700	2816	2.269304
2701	2798	2.254799
2702	2816	2.269304
2703	2822	2.274139
2704	2798	2.254799
2705	2818	2.270916
2706	2818	2.270916
2707	2818	2.270916
2708	2816	2.269304
2709	2806	2.261245
2710	2818	2.270916
2711	2818	2.270916
2712	2818	2.270916
2713	2818	2.270916
2714	2816	2.269304
2715	2818	2.270916
2716	2818	2.270916
2717	2818	2.270916
2718	2830	2.280586
2719	2802	2.258022
2720	2822	2.274139
2721	2818	2.270916
2722	2822	2.274139
2723	2818	2.270916
2724	2830	2.280586
2725	2818	2.270916
2726	2822	2.274139
2727	2818	2.270916
2728	2826	2.277363
2729	2822	2.274139
2730	2822	2.274139
2731	2818	2.270916
2732	2818	2.270916
2733	2826	2.277363
2734	2838	2.287033
2735	2838	2.287033
2736	2822	2.274139
2737	2830	2.280586
2738	2830	2.280586
2739	2838	2.287033
2740	2834	2.283810
2741	2822	2.274139
2742	2830	2.280586
2743	2826	2.277363
2744	2830	2.280586
2745	2842	2.290256
2746	2826	2.277363
2747	2822	2.274139
2748	2830	2.280586
2749	2834	2.283810
2750	2830	2.280586
2751	2838	2.287033
2752	2826	2.277363
2753	2838	2.287033
2754	2838	2.287033
2755	2842	2.290256
2756	2830	2.280586
2757	2842	2.290256
2758	2830	2.280586
2759	2830	2.280586
2760	2834	2.283810
2761	2830	2.280586
2762	2838	2.287033
2763	2850	2.296703
2764	2838	2.287033
2765	2850	2.296703
2766	2850	2.296703
2767	2838	2.287033
2768	2854	2.299927
2769	2850	2.296703
2770	2850	2.296703
2771	2854	2.299927
2772	2846	2.293480
2773	2858	2.303150
2774	2862	2.306374
2775	2854	2.299927
2776	2866	2.309597
2777	2862	2.306374
2778	2862	2.306374
2779	2854	2.299927
2780	2850	2.296703
2781	2854	2.299927
2782	2854	2.299927
2783	2854	2.299927
2784	2862	2.306374
2785	2854	2.299927
2786	2850	2.296703
2787	2862	2.306374
2788	2866	2.309597
2789	2862	2.306374
2790	2862	2.306374
2791	2862	2.306374
2792	2862	2.306374
2793	2866	2.309597
2794	2854	2.299927
2795	2858	2.303150
2796	2854	2.299927
2797	2870	2.312821
2798	2870	2.312821
2799	2866	2.309597
2800	2874	2.316044
2801	2870	2.312821
2802	2858	2.303150
2803	2862	2.306374
2804	2874	2.316044
2805	2866	2.309597
2806	2862	2.306374
2807	2858	2.303150
2808	2858	2.303150
2809	2862	2.306374
2810	2870	2.312821
2811	2874	2.316044
2812	2870	2.312821
2813	2862	2.306374
2814	2870	2.312821
2815	2878	2.319267
2816	2878	2.319267
2817	2878	2.319267
2818	2878	2.319267
2819	2886	2.325714
2820	2866	2.309597
2821	2870	2.312821
2822	2866	2.309597
2823	2878	2.319267
2824	2874	2.316044
2825	2874	2.316044
2826	2870	2.312821
2827	2870	2.312821
2828	2878	2.319267
2829	2878	2.319267
2830	2874	2.316044
2831	2874	2.316044
2832	2870	2.312821
2833	2870	2.312821
2834	2886	2.325714
2835	2886	2.325714
2836	2886	2.325714
2837	2878	2.319267
2838	2878	2.319267
2839	2870	2.312821
2840	2870	2.312821
2841	2870	2.312821
2842	2886	2.325714
2843	2878	2.319267
2844	2878	2.319267
2845	2882	2.322491
2846	2890	2.328938
2847	2878	2.319267
2848	2874	2.316044
2849	2878	2.319267
2850	2886	2.325714
2851	2886	2.325714
2852	2886	2.325714
2853	2894	2.332161
2854	2886	2.325714
2855	2886	2.325714
2856	2878	2.319267
2857	2886	2.325714
2858	2882	2.322491
2859	2886	2.325714
2860	2886	2.325714
2861	2886	2.325714
2862	2882	2.322491
2863	2894	2.332161
2864	2894	2.332161
2865	2890	2.328938
2866	2894	2.332161
2867	2890	2.328938
2868	2894	2.332161
2869	2882	2.322491
2870	2878	2.319267
2871	2886	2.325714
2872	2894	2.332161
2873	2902	2.338608
2874	2894	2.332161
2875	2894	2.332161
2876	2898	2.335385
2877	2890	2.328938
2878	2886	2.325714
2879	2902	2.338608
2880	2898	2.335385
2881	2894	2.332161
2882	2886	2.325714
2883	2910	2.345055
2884	2894	2.332161
2885	2894	2.332161
2886	2898	2.335385
2887	2894	2.332161
2888	2906	2.341832
2889	2894	2.332161
2890	2914	2.348278
2891	2894	2.332161
2892	2914	2.348278
2893	2890	2.328938
2894	2890	2.328938
2895	2886	2.325714
2896	2902	2.338608
2897	2902	2.338608
2898	2894	2.332161
2899	2894	2.332161
2900	2898	2.335385
2901	2918	2.351502
2902	2906	2.341832
2903	2902	2.338608
2904	2914	2.348278
2905	2914	2.348278
2906	2902	2.338608
2907	2894	2.332161
2908	2902	2.338608
2909	2906	2.341832
2910	2902	2.338608
2911	2906	2.341832
2912	2914	2.348278
2913	2886	2.325714
2914	2902	2.338608
2915	2902	2.338608
2916	2906	2.341832
2917	2902	2.338608
2918	2914	2.348278
2919	2914	2.348278
2920	2914	2.348278
2921	2918	2.351502
2922	2918	2.351502
2923	2914	2.348278
2924	2910	2.345055
2925	2906	2.341832
2926	2902	2.338608
2927	2906	2.341832
2928	2918	2.351502
2929	2902	2.338608
2930	2910	2.345055
2931	2898	2.335385
2932	2906	2.341832
2933	2914	2.348278
2934	2914	2.348278
2935	2902	2.338608
2936	2914	2.348278
2937	2910	2.345055
2938	2902	2.338608
2939	2922	2.354725
2940	2902	2.338608
2941	2914	2.348278
2942	2906	2.341832
2943	2914	2.348278
2944	2918	2.351502
2945	2918	2.351502
2946	2902	2.338608
2947	2918	2.351502
2948	2922	2.354725
2949	2914	2.348278
2950	2918	2.351502
2951	2914	2.348278
2952	2918	2.351502
2953	2914	2.348278
2954	2918	2.351502
2955	2914	2.348278
2956	2926	2.357949
2957	2926	2.357949
2958	2918	2.351502
2959	2918	2.351502
2960	2914	2.348278
2961	2918	2.351502
2962	2918	2.351502
2963	2910	2.345055
2964	2918	2.351502
2965	2922	2.354725
2966	2918	2.351502
2967	2914	2.348278
2968	2926	2.357949
2969	2914	2.348278
2970	2906	2.341832
2971	2926	2.357949
2972	2906	2.341832
2973	2902	2.338608
2974	2918	2.351502
2975	2910	2.345055
2976	2926	2.357949
2977	2918	2.351502
2978	2914	2.348278
2979	2918	2.351502
2980	2922	2.354725
2981	2934	2.364396
2982	2930	2.361172
2983	2926	2.357949
2984	2918	2.351502
2985	2918	2.351502
2986	2934	2.364396
2987	2918	2.351502
2988	2934	2.364396
2989	2922	2.354725
2990	2918	2.351502
2991	2930	2.361172
2992	2930	2.361172
2993	2934	2.364396
2994	2934	2.364396
2995	2930	2.361172
2996	2938	2.367619
2997	2922	2.354725
2998	2926	2.357949
2999	2930	2.361172
3000	2934	2.364396
3001	2930	2.361172
3002	2914	2.348278
3003	2922	2.354725
3004	2922	2.354725
3005	2922	2.354725
3006	2926	2.357949
3007	2926	2.357949
3008	2922	2.354725
3009	2922	2.354725
3010	2926	2.357949
3011	2918	2.351502
3012	2926	2.357949
3013	2934	2.364396
3014	2926	2.357949
3015	2926	2.357949
3016	2926	2.357949
3017	2926	2.357949
3018	2914	2.348278
3019	2918	2.351502
3020	2918	2.351502
3021	2926	2.357949
3022	2926	2.357949
3023	2922	2.354725
3024	2938	2.367619
3025	2918	2.351502
3026	2926	2.357949
3027	2934	2.364396
3028	2934	2.364396
3029	2938	2.367619
3030	2926	2.357949
3031	2934	2.364396
3032	2930	2.361172
3033	2926	2.357949
3034	2926	2.357949
3035	2922	2.354725
3036	2922	2.354725
3037	2934	2.364396
3038	2922	2.354725
3039	2934	2.364396
3040	2926	2.357949
3041	2918	2.351502
3042	2934	2.364396
3043	2926	2.357949
3044	2930	2.361172
3045	2938	2.367619
3046	2934	2.364396
3047	2934	2.364396
3048	2922	2.354725
3049	2930	2.361172
3050	2930	2.361172
3051	2918	2.351502
3052	2926	2.357949
3053	2926	2.357949
3054	2926	2.357949
3055	2930	2.361172
3056	2926	2.357949
3057	2926	2.357949
3058	2938	2.367619
3059	2942	2.370842
3060	2934	2.364396
3061	2934	2.364396
3062	2934	2.364396
3063	2930	2.361172
3064	2934	2.364396
3065	2918	2.351502
3066	2926	2.357949
3067	2938	2.367619
3068	2934	2.364396
3069	2930	2.361172
3070	2918	2.351502
3071	2930	2.361172
3072	2926	2.357949
3073	2922	2.354725
3074	2934	2.364396
3075	2926	2.357949
3076	2934	2.364396
3077	2934	2.364396
3078	2942	2.370842
3079	2926	2.357949
3080	2934	2.364396
3081	2922	2.354725
3082	2934	2.364396
3083	2942	2.370842
3084	2934	2.364396
3085	2926	2.357949
3086	2934	2.364396
3087	2934	2.364396
3088	2934	2.364396
3089	2930	2.361172
3090	2942	2.370842
3091	2934	2.364396
3092	2922	2.354725
3093	2938	2.367619
3094	2926	2.357949
3095	2934	2.364396
3096	2943	2.371648
3097	2934	2.364396
3098	2930	2.361172
3099	2926	2.357949
3100	2942	2.370842
3101	2942	2.370842
3102	2930	2.361172
3103	2926	2.357949
3104	2922	2.354725
3105	2934	2.364396
3106	2942	2.370842
3107	2926	2.357949
3108	2942	2.370842
3109	2942	2.370842
3110	2942	2.370842
3111	2926	2.357949
3112	2926	2.357949
3113	2922	2.354725
3114	2938	2.367619
3115	2930	2.361172
3116	2938	2.367619
3117	2942	2.370842
3118	2930	2.361172
3119	2942	2.370842
3120	2938	2.367619
3121	2934	2.364396
3122	2938	2.367619
3123	2938	2.367619
3124	2926	2.357949
3125	2934	2.364396
3126	2938	2.367619
3127	2934	2.364396
3128	2938	2.367619
3129	2942	2.370842
3130	2942	2.370842
3131	2958	2.383736
3132	2934	2.364396
3133	2938	2.367619
3134	2934	2.364396
3135	2934	2.364396
3136	2942	2.370842
3137	2943	2.371648
3138	2942	2.370842
3139	2938	2.367619
3140	2926	2.357949
3141	2938	2.367619
3142	2943	2.371648
3143	2938	2.367619
3144	2942	2.370842
3145	2926	2.357949
3146	2942	2.370842
3147	2938	2.367619
3148	2942	2.370842
3149	2942	2.370842
3150	2934	2.364396
3151	2942	2.370842
3152	2942	2.370842
3153	2943	2.371648
3154	2942	2.370842
3155	2942	2.370842
3156	2942	2.370842
3157	2942	2.370842
3158	2942	2.370842
3159	2942	2.370842
3160	2942	2.370842
3161	2942	2.370842
3162	2942	2.370842
3163	2942	2.370842
3164	2942	2.370842
3165	2934	2.364396
3166	2942	2.370842
3167	2934	2.364396
3168	2938	2.367619
3169	2930	2.361172
3170	2938	2.367619
3171	2934	2.364396
3172	2926	2.357949
3173	2950	2.377289
3174	2942	2.370842
3175	2942	2.370842
3176	2934	2.364396
3177	2942	2.370842
3178	2942	2.370842
3179	2934	2.364396
3180	2942	2.370842
3181	2930	2.361172
3182	2942	2.370842
3183	2938	2.367619
3184	2942	2.370842
3185	2942	2.370842
3186	2954	2.380513
3187	2942	2.370842
3188	2938	2.367619
3189	2934	2.364396
3190	2942	2.370842
3191	2942	2.370842
3192	2942	2.370842
3193	2942	2.370842
3194	2942	2.370842
3195	2934	2.364396
3196	2942	2.370842
3197	2934	2.364396
3198	2942	2.370842
3199	2950	2.377289
3200	2938	2.367619
3201	2934	2.364396
3202	2942	2.370842
3203	2943	2.371648
3204	2938	2.367619
3205	2938	2.367619
3206	2942	2.370842
3207	2950	2.377289
3208	2942	2.370842
3209	2942	2.370842
3210	2938	2.367619
3211	2930	2.361172
3212	2942	2.370842
3213	2942	2.370842
3214	2950	2.377289
3215	2942	2.370842
3216	2934	2.364396
3217	2942	2.370842
3218	2942	2.370842
3219	2938	2.367619
3220	2942	2.370842
3221	2943	2.371648
3222	2942	2.370842
3223	2942	2.370842
3224	2942	2.370842
3225	2942	2.370842
3226	2938	2.367619
3227	2938	2.367619
3228	2954	2.380513
3229	2942	2.370842
3230	2943	2.371648
3231	2942	2.370842
3232	2950	2.377289
3233	2942	2.370842
3234	2943	2.371648
3235	2942	2.370842
3236	2942	2.370842
3237	2942	2.370842
3238	2943	2.371648
3239	2942	2.370842
3240	2943	2.371648
3241	2943	2.371648
3242	2942	2.370842
3243	2954	2.380513
3244	2942	2.370842
3245	2954	2.380513
3246	2958	2.383736
3247	2942	2.370842
3248	2942	2.370842
3249	2942	2.370842
3250	2943	2.371648
3251	2942	2.370842
3252	2942	2.370842
3253	2942	2.370842
3254	2942	2.370842
3255	2942	2.370842
3256	2950	2.377289
3257	2938	2.367619
3258	2958	2.383736
3259	2942	2.370842
3260	2942	2.370842
3261	2942	2.370842
3262	2942	2.370842
3263	2950	2.377289
3264	2942	2.370842
3265	2934	2.364396
3266	2942	2.370842
3267	2942	2.370842
3268	2942	2.370842
3269	2950	2.377289
3270	2950	2.377289
3271	2966	2.390183
3272	2934	2.364396
3273	2954	2.380513
3274	2934	2.364396
3275	2954	2.380513
3276	2942	2.370842
3277	2958	2.383736
3278	2954	2.380513
3279	2954	2.380513
3280	2942	2.370842
3281	2942	2.370842
3282	2950	2.377289
3283	2954	2.380513
3284	2942	2.370842
3285	2950	2.377289
3286	2950	2.377289
3287	2942	2.370842
3288	2942	2.370842
3289	2950	2.377289
3290	2950	2.377289
3291	2958	2.383736
3292	2943	2.371648
3293	2942	2.370842
3294	2950	2.377289
3295	2943	2.371648
3296	2950	2.377289
3297	2954	2.380513
3298	2950	2.377289
3299	2962	2.386960
3300	2950	2.377289
3301	2942	2.370842
3302	2942	2.370842
3303	2950	2.377289
3304	2943	2.371648
3305	2942	2.370842
3306	2943	2.371648
3307	2950	2.377289
3308	2950	2.377289
3309	2943	2.371648
3310	2943	2.371648
3311	2954	2.380513
3312	2942	2.370842
3313	2954	2.380513
3314	2950	2.377289
3315	2934	2.364396
3316	2950	2.377289
3317	2943	2.371648
3318	2954	2.380513
3319	2950	2.377289
3320	2942	2.370842
3321	2943	2.371648
3322	2942	2.370842
3323	2958	2.383736
3324	2950	2.377289
3325	2958	2.383736
3326	2938	2.367619
3327	2954	2.380513
3328	2954	2.380513
3329	2962	2.386960
3330	2958	2.383736
3331	2942	2.370842
3332	2950	2.377289
3333	2958	2.383736
3334	2958	2.383736
3335	2950	2.377289
3336	2954	2.380513
3337	2958	2.383736
3338	2950	2.377289
3339	2950	2.377289
3340	2938	2.367619
3341	2958	2.383736
3342	2950	2.377289
3343	2954	2.380513
3344	2954	2.380513
3345	2942	2.370842
3346	2958	2.383736
3347	2950	2.377289
3348	2958	2.383736
3349	2950	2.377289
3350	2942	2.370842
3351	2958	2.383736
3352	2942	2.370842
3353	2942	2.370842
3354	2954	2.380513
3355	2954	2.380513
3356	2950	2.377289
3357	2942	2.370842
3358	2943	2.371648
3359	2942	2.370842
3360	2950	2.377289
3361	2962	2.386960
3362	2943	2.371648
3363	2942	2.370842
3364	2943	2.371648
3365	2958	2.383736
3366	2958	2.383736
3367	2954	2.380513
3368	2962	2.386960
3369	2950	2.377289
3370	2958	2.383736
3371	2958	2.383736
3372	2966	2.390183
3373	2958	2.383736
3374	2954	2.380513
3375	2943	2.371648
3376	2943	2.371648
3377	2950	2.377289
3378	2942	2.370842
3379	2954	2.380513
3380	2942	2.370842
3381	2943	2.371648
3382	2950	2.377289
3383	2958	2.383736
3384	2966	2.390183
3385	2950	2.377289
3386	2966	2.390183
3387	2954	2.380513
3388	2943	2.371648
3389	2958	2.383736
3390	2962	2.386960
3391	2950	2.377289
3392	2943	2.371648
3393	2943	2.371648
3394	2954	2.380513
3395	2950	2.377289
3396	2954	2.380513
3397	2950	2.377289
3398	2943	2.371648
3399	2954	2.380513
3400	2950	2.377289
3401	2942	2.370842
3402	2942	2.370842
3403	2950	2.377289
3404	2942	2.370842
3405	2958	2.383736
3406	2950	2.377289
3407	2950	2.377289
3408	2954	2.380513
3409	2958	2.383736
3410	2958	2.383736
3411	2950	2.377289
3412	2958	2.383736
3413	2942	2.370842
3414	2954	2.380513
3415	2954	2.380513
3416	2942	2.370842
3417	2950	2.377289
3418	2958	2.383736
3419	2943	2.371648
3420	2943	2.371648
3421	2954	2.380513
3422	2958	2.383736
3423	2958	2.383736
3424	2943	2.371648
3425	2958	2.383736
3426	2942	2.370842
3427	2954	2.380513
3428	2942	2.370842
3429	2950	2.377289
3430	2942	2.370842
3431	2942	2.370842
3432	2962	2.386960
3433	2954	2.380513
3434	2943	2.371648
3435	2942	2.370842
3436	2943	2.371648
3437	2943	2.371648
3438	2942	2.370842
3439	2943	2.371648
3440	2958	2.383736
3441	2942	2.370842
3442	2954	2.380513
3443	2950	2.377289
3444	2950	2.377289
3445	2950	2.377289
3446	2943	2.371648
3447	2943	2.371648
3448	2958	2.383736
3449	2942	2.370842
3450	2942	2.370842
3451	2954	2.380513
3452	2950	2.377289
3453	2942	2.370842
3454	2942	2.370842
3455	2934	2.364396
3456	2942	2.370842
3457	2950	2.377289
3458	2942	2.370842
3459	2950	2.377289
3460	2958	2.383736
3461	2942	2.370842
3462	2942	2.370842
3463	2942	2.370842
3464	2950	2.377289
3465	2942	2.370842
3466	2938	2.367619
3467	2942	2.370842
3468	2942	2.370842
3469	2950	2.377289
3470	2950	2.377289
3471	2942	2.370842
3472	2942	2.370842
3473	2943	2.371648
3474	2954	2.380513
3475	2942	2.370842
3476	2938	2.367619
3477	2938	2.367619
3478	2942	2.370842
3479	2938	2.367619
3480	2942	2.370842
3481	2942	2.370842
3482	2943	2.371648
3483	2938	2.367619
3484	2938	2.367619
3485	2938	2.367619
3486	2942	2.370842
3487	2934	2.364396
3488	2954	2.380513
3489	2934	2.364396
3490	2938	2.367619
3491	2943	2.371648
3492	2926	2.357949
3493	2938	2.367619
3494	2942	2.370842
3495	2950	2.377289
3496	2942	2.370842
3497	2950	2.377289
3498	2938	2.367619
3499	2938	2.367619
3500	2926	2.357949
3501	2942	2.370842
3502	2942	2.370842
3503	2950	2.377289
3504	2942	2.370842
3505	2942	2.370842
3506	2950	2.377289
3507	2938	2.367619
3508	2930	2.361172
3509	2938	2.367619
3510	2926	2.357949
3511	2938	2.367619
3512	2942	2.370842
3513	2942	2.370842
3514	2938	2.367619
3515	2930	2.361172
3516	2934	2.364396
3517	2942	2.370842
3518	2930	2.361172
3519	2942	2.370842
3520	2934	2.364396
3521	2930	2.361172
3522	2942	2.370842
3523	2938	2.367619
3524	2938	2.367619
3525	2934	2.364396
3526	2942	2.370842
3527	2934	2.364396
3528	2943	2.371648
3529	2918	2.351502
3530	2922	2.354725
3531	2926	2.357949
3532	2942	2.370842
3533	2922	2.354725
3534	2942	2.370842
3535	2938	2.367619
3536	2934	2.364396
3537	2942	2.370842
3538	2938	2.367619
3539	2930	2.361172
3540	2934	2.364396
3541	2926	2.357949
3542	2934	2.364396
3543	2926	2.357949
3544	2930	2.361172
3545	2934	2.364396
3546	2922	2.354725
3547	2930	2.361172
3548	2942	2.370842
3549	2918	2.351502
3550	2934	2.364396
3551	2934	2.364396
3552	2938	2.367619
3553	2922	2.354725
3554	2934	2.364396
3555	2926	2.357949
3556	2918	2.351502
3557	2918	2.351502
3558	2914	2.348278
3559	2938	2.367619
3560	2926	2.357949
3561	2922	2.354725
3562	2926	2.357949
3563	2918	2.351502
3564	2922	2.354725
3565	2926	2.357949
3566	2914	2.348278
3567	2926	2.357949
3568	2930	2.361172
3569	2918	2.351502
3570	2922	2.354725
3571	2922	2.354725
3572	2926	2.357949
3573	2914	2.348278
3574	2926	2.357949
3575	2914	2.348278
3576	2934	2.364396
3577	2918	2.351502
3578	2922	2.354725
3579	2914	2.348278
3580	2906	2.341832
3581	2914	2.348278
3582	2918	2.351502
3583	2914	2.348278
3584	2922	2.354725
3585	2922	2.354725
3586	2906	2.341832
3587	2914	2.348278
3588	2922	2.354725
3589	2914	2.348278
3590	2910	2.345055
3591	2910	2.345055
3592	2914	2.348278
3593	2918	2.351502
3594	2902	2.338608
3595	2902	2.338608
3596	2902	2.338608
3597	2910	2.345055
3598	2910	2.345055
3599	2918	2.351502
3600	2918	2.351502
3601	2902	2.338608
3602	2898	2.335385
3603	2906	2.341832
3604	2906	2.341832
3605	2914	2.348278
3606	2902	2.338608
3607	2914	2.348278
3608	2890	2.328938
3609	2906	2.341832
3610	2894	2.332161
3611	2902	2.338608
3612	2902	2.338608
3613	2902	2.338608
3614	2898	2.335385
3615	2894	2.332161
3616	2914	2.348278
3617	2894	2.332161
3618	2910	2.345055
3619	2906	2.341832
3620	2914	2.348278
3621	2890	2.328938
3622	2894	2.332161
3623	2902	2.338608
3624	2902	2.338608
3625	2902	2.338608
3626	2894	2.332161
3627	2898	2.335385
3628	2894	2.332161
3629	2894	2.332161
3630	2890	2.328938
3631	2894	2.332161
3632	2894	2.332161
3633	2902	2.338608
3634	2894	2.332161
3635	2894	2.332161
3636	2902	2.338608
3637	2902	2.338608
3638	2902	2.338608
3639	2902	2.338608
3640	2914	2.348278
3641	2894	2.332161
3642	2914	2.348278
3643	2898	2.335385
3644	2890	2.328938
3645	2898	2.335385
3646	2894	2.332161
3647	2894	2.332161
