Pixel	ADC	VoltageV
1	3938	3.173480
2	3942	3.176703
3	3938	3.173480
4	3926	3.163810
5	3938	3.173480
6	3936	3.171868
7	3936	3.171868
8	3926	3.163810
9	3926	3.163810
10	3938	3.173480
11	3926	3.163810
12	3938	3.173480
13	3936	3.171868
14	3938	3.173480
15	3936	3.171868
16	3926	3.163810
17	3158	2.544908
18	2534	2.042051
19	2550	2.054945
20	2559	2.062198
21	2558	2.061392
22	2559	2.062198
23	2558	2.061392
24	2558	2.061392
25	2558	2.061392
26	2566	2.067839
27	2558	2.061392
28	2558	2.061392
29	2574	2.074286
30	2582	2.080733
31	2558	2.061392
32	2566	2.067839
33	2582	2.080733
34	2594	2.090403
35	2566	2.067839
36	2566	2.067839
37	2574	2.074286
38	2566	2.067839
39	2574	2.074286
40	2594	2.090403
41	2574	2.074286
42	2558	2.061392
43	2559	2.062198
44	2558	2.061392
45	2559	2.062198
46	2582	2.080733
47	2574	2.074286
48	2582	2.080733
49	2574	2.074286
50	2582	2.080733
51	2582	2.080733
52	2574	2.074286
53	2574	2.074286
54	2574	2.074286
55	2582	2.080733
56	2574	2.074286
57	2582	2.080733
58	2578	2.077509
59	2582	2.080733
60	2582	2.080733
61	2594	2.090403
62	2594	2.090403
63	2566	2.067839
64	2574	2.074286
65	2582	2.080733
66	2582	2.080733
67	2574	2.074286
68	2582	2.080733
69	2582	2.080733
70	2578	2.077509
71	2566	2.067839
72	2574	2.074286
73	2582	2.080733
74	2582	2.080733
75	2566	2.067839
76	2594	2.090403
77	2566	2.067839
78	2558	2.061392
79	2574	2.074286
80	2578	2.077509
81	2582	2.080733
82	2574	2.074286
83	2559	2.062198
84	2574	2.074286
85	2566	2.067839
86	2559	2.062198
87	2559	2.062198
88	2558	2.061392
89	2558	2.061392
90	2559	2.062198
91	2566	2.067839
92	2594	2.090403
93	2582	2.080733
94	2559	2.062198
95	2559	2.062198
96	2574	2.074286
97	2566	2.067839
98	2559	2.062198
99	2582	2.080733
100	2559	2.062198
101	2582	2.080733
102	2582	2.080733
103	2574	2.074286
104	2582	2.080733
105	2574	2.074286
106	2582	2.080733
107	2594	2.090403
108	2582	2.080733
109	2574	2.074286
110	2582	2.080733
111	2574	2.074286
112	2582	2.080733
113	2574	2.074286
114	2558	2.061392
115	2574	2.074286
116	2582	2.080733
117	2594	2.090403
118	2574	2.074286
119	2582	2.080733
120	2582	2.080733
121	2582	2.080733
122	2582	2.080733
123	2582	2.080733
124	2578	2.077509
125	2582	2.080733
126	2574	2.074286
127	2582	2.080733
128	2582	2.080733
129	2578	2.077509
130	2582	2.080733
131	2582	2.080733
132	2582	2.080733
133	2582	2.080733
134	2574	2.074286
135	2567	2.068645
136	2578	2.077509
137	2582	2.080733
138	2582	2.080733
139	2574	2.074286
140	2566	2.067839
141	2582	2.080733
142	2574	2.074286
143	2558	2.061392
144	2582	2.080733
145	2578	2.077509
146	2582	2.080733
147	2567	2.068645
148	2582	2.080733
149	2566	2.067839
150	2582	2.080733
151	2594	2.090403
152	2594	2.090403
153	2582	2.080733
154	2594	2.090403
155	2582	2.080733
156	2582	2.080733
157	2582	2.080733
158	2582	2.080733
159	2582	2.080733
160	2566	2.067839
161	2594	2.090403
162	2582	2.080733
163	2582	2.080733
164	2574	2.074286
165	2574	2.074286
166	2582	2.080733
167	2582	2.080733
168	2582	2.080733
169	2598	2.093626
170	2578	2.077509
171	2592	2.088791
172	2574	2.074286
173	2582	2.080733
174	2582	2.080733
175	2582	2.080733
176	2582	2.080733
177	2590	2.087179
178	2578	2.077509
179	2582	2.080733
180	2582	2.080733
181	2582	2.080733
182	2582	2.080733
183	2598	2.093626
184	2594	2.090403
185	2583	2.081538
186	2582	2.080733
187	2598	2.093626
188	2594	2.090403
189	2598	2.093626
190	2594	2.090403
191	2582	2.080733
192	2594	2.090403
193	2594	2.090403
194	2594	2.090403
195	2566	2.067839
196	2582	2.080733
197	2594	2.090403
198	2582	2.080733
199	2598	2.093626
200	2598	2.093626
201	2594	2.090403
202	2582	2.080733
203	2582	2.080733
204	2582	2.080733
205	2590	2.087179
206	2582	2.080733
207	2574	2.074286
208	2582	2.080733
209	2594	2.090403
210	2582	2.080733
211	2574	2.074286
212	2582	2.080733
213	2578	2.077509
214	2578	2.077509
215	2582	2.080733
216	2582	2.080733
217	2598	2.093626
218	2582	2.080733
219	2582	2.080733
220	2582	2.080733
221	2582	2.080733
222	2582	2.080733
223	2582	2.080733
224	2582	2.080733
225	2582	2.080733
226	2582	2.080733
227	2566	2.067839
228	2582	2.080733
229	2582	2.080733
230	2598	2.093626
231	2566	2.067839
232	2582	2.080733
233	2582	2.080733
234	2594	2.090403
235	2582	2.080733
236	2578	2.077509
237	2582	2.080733
238	2582	2.080733
239	2594	2.090403
240	2594	2.090403
241	2574	2.074286
242	2582	2.080733
243	2566	2.067839
244	2594	2.090403
245	2578	2.077509
246	2594	2.090403
247	2582	2.080733
248	2582	2.080733
249	2594	2.090403
250	2574	2.074286
251	2582	2.080733
252	2574	2.074286
253	2582	2.080733
254	2594	2.090403
255	2594	2.090403
256	2599	2.094432
257	2594	2.090403
258	2592	2.088791
259	2583	2.081538
260	2594	2.090403
261	2582	2.080733
262	2582	2.080733
263	2582	2.080733
264	2582	2.080733
265	2598	2.093626
266	2582	2.080733
267	2582	2.080733
268	2582	2.080733
269	2594	2.090403
270	2582	2.080733
271	2578	2.077509
272	2582	2.080733
273	2578	2.077509
274	2582	2.080733
275	2594	2.090403
276	2582	2.080733
277	2598	2.093626
278	2582	2.080733
279	2582	2.080733
280	2594	2.090403
281	2594	2.090403
282	2582	2.080733
283	2598	2.093626
284	2582	2.080733
285	2582	2.080733
286	2582	2.080733
287	2594	2.090403
288	2582	2.080733
289	2582	2.080733
290	2582	2.080733
291	2582	2.080733
292	2583	2.081538
293	2582	2.080733
294	2598	2.093626
295	2598	2.093626
296	2594	2.090403
297	2594	2.090403
298	2582	2.080733
299	2582	2.080733
300	2582	2.080733
301	2582	2.080733
302	2582	2.080733
303	2598	2.093626
304	2582	2.080733
305	2598	2.093626
306	2598	2.093626
307	2582	2.080733
308	2598	2.093626
309	2606	2.100073
310	2594	2.090403
311	2598	2.093626
312	2582	2.080733
313	2582	2.080733
314	2594	2.090403
315	2594	2.090403
316	2594	2.090403
317	2598	2.093626
318	2594	2.090403
319	2582	2.080733
320	2582	2.080733
321	2598	2.093626
322	2582	2.080733
323	2606	2.100073
324	2598	2.093626
325	2594	2.090403
326	2590	2.087179
327	2598	2.093626
328	2583	2.081538
329	2594	2.090403
330	2606	2.100073
331	2594	2.090403
332	2598	2.093626
333	2582	2.080733
334	2610	2.103297
335	2598	2.093626
336	2594	2.090403
337	2594	2.090403
338	2582	2.080733
339	2582	2.080733
340	2598	2.093626
341	2598	2.093626
342	2598	2.093626
343	2598	2.093626
344	2582	2.080733
345	2598	2.093626
346	2598	2.093626
347	2598	2.093626
348	2598	2.093626
349	2598	2.093626
350	2614	2.106520
351	2594	2.090403
352	2598	2.093626
353	2598	2.093626
354	2614	2.106520
355	2594	2.090403
356	2594	2.090403
357	2582	2.080733
358	2610	2.103297
359	2598	2.093626
360	2598	2.093626
361	2598	2.093626
362	2582	2.080733
363	2598	2.093626
364	2598	2.093626
365	2598	2.093626
366	2598	2.093626
367	2594	2.090403
368	2598	2.093626
369	2598	2.093626
370	2598	2.093626
371	2598	2.093626
372	2594	2.090403
373	2582	2.080733
374	2598	2.093626
375	2598	2.093626
376	2598	2.093626
377	2599	2.094432
378	2598	2.093626
379	2598	2.093626
380	2594	2.090403
381	2598	2.093626
382	2598	2.093626
383	2598	2.093626
384	2598	2.093626
385	2594	2.090403
386	2582	2.080733
387	2582	2.080733
388	2582	2.080733
389	2598	2.093626
390	2594	2.090403
391	2594	2.090403
392	2598	2.093626
393	2598	2.093626
394	2594	2.090403
395	2598	2.093626
396	2599	2.094432
397	2594	2.090403
398	2582	2.080733
399	2598	2.093626
400	2598	2.093626
401	2598	2.093626
402	2598	2.093626
403	2598	2.093626
404	2598	2.093626
405	2598	2.093626
406	2614	2.106520
407	2594	2.090403
408	2598	2.093626
409	2598	2.093626
410	2598	2.093626
411	2598	2.093626
412	2599	2.094432
413	2598	2.093626
414	2582	2.080733
415	2582	2.080733
416	2598	2.093626
417	2594	2.090403
418	2599	2.094432
419	2598	2.093626
420	2598	2.093626
421	2594	2.090403
422	2598	2.093626
423	2590	2.087179
424	2606	2.100073
425	2594	2.090403
426	2598	2.093626
427	2582	2.080733
428	2598	2.093626
429	2598	2.093626
430	2598	2.093626
431	2598	2.093626
432	2598	2.093626
433	2598	2.093626
434	2598	2.093626
435	2598	2.093626
436	2598	2.093626
437	2598	2.093626
438	2594	2.090403
439	2598	2.093626
440	2598	2.093626
441	2598	2.093626
442	2598	2.093626
443	2598	2.093626
444	2610	2.103297
445	2598	2.093626
446	2614	2.106520
447	2594	2.090403
448	2598	2.093626
449	2598	2.093626
450	2614	2.106520
451	2598	2.093626
452	2598	2.093626
453	2598	2.093626
454	2598	2.093626
455	2598	2.093626
456	2598	2.093626
457	2598	2.093626
458	2598	2.093626
459	2598	2.093626
460	2606	2.100073
461	2606	2.100073
462	2598	2.093626
463	2598	2.093626
464	2594	2.090403
465	2598	2.093626
466	2598	2.093626
467	2594	2.090403
468	2610	2.103297
469	2598	2.093626
470	2598	2.093626
471	2606	2.100073
472	2598	2.093626
473	2610	2.103297
474	2598	2.093626
475	2610	2.103297
476	2610	2.103297
477	2610	2.103297
478	2614	2.106520
479	2614	2.106520
480	2614	2.106520
481	2626	2.116190
482	2606	2.100073
483	2614	2.106520
484	2614	2.106520
485	2610	2.103297
486	2626	2.116190
487	2626	2.116190
488	2626	2.116190
489	2606	2.100073
490	2610	2.103297
491	2614	2.106520
492	2598	2.093626
493	2594	2.090403
494	2598	2.093626
495	2610	2.103297
496	2614	2.106520
497	2614	2.106520
498	2599	2.094432
499	2598	2.093626
500	2606	2.100073
501	2606	2.100073
502	2606	2.100073
503	2610	2.103297
504	2598	2.093626
505	2606	2.100073
506	2598	2.093626
507	2594	2.090403
508	2622	2.112967
509	2599	2.094432
510	2598	2.093626
511	2614	2.106520
512	2598	2.093626
513	2614	2.106520
514	2614	2.106520
515	2606	2.100073
516	2614	2.106520
517	2598	2.093626
518	2614	2.106520
519	2582	2.080733
520	2614	2.106520
521	2610	2.103297
522	2598	2.093626
523	2606	2.100073
524	2606	2.100073
525	2598	2.093626
526	2622	2.112967
527	2606	2.100073
528	2614	2.106520
529	2598	2.093626
530	2614	2.106520
531	2598	2.093626
532	2626	2.116190
533	2614	2.106520
534	2614	2.106520
535	2614	2.106520
536	2598	2.093626
537	2598	2.093626
538	2614	2.106520
539	2599	2.094432
540	2606	2.100073
541	2606	2.100073
542	2614	2.106520
543	2614	2.106520
544	2614	2.106520
545	2626	2.116190
546	2614	2.106520
547	2614	2.106520
548	2626	2.116190
549	2614	2.106520
550	2614	2.106520
551	2614	2.106520
552	2614	2.106520
553	2614	2.106520
554	2622	2.112967
555	2614	2.106520
556	2614	2.106520
557	2598	2.093626
558	2598	2.093626
559	2614	2.106520
560	2614	2.106520
561	2622	2.112967
562	2626	2.116190
563	2598	2.093626
564	2606	2.100073
565	2606	2.100073
566	2614	2.106520
567	2614	2.106520
568	2614	2.106520
569	2610	2.103297
570	2614	2.106520
571	2614	2.106520
572	2614	2.106520
573	2599	2.094432
574	2614	2.106520
575	2614	2.106520
576	2614	2.106520
577	2614	2.106520
578	2598	2.093626
579	2598	2.093626
580	2606	2.100073
581	2606	2.100073
582	2614	2.106520
583	2614	2.106520
584	2614	2.106520
585	2610	2.103297
586	2630	2.119414
587	2630	2.119414
588	2614	2.106520
589	2610	2.103297
590	2610	2.103297
591	2598	2.093626
592	2614	2.106520
593	2606	2.100073
594	2615	2.107326
595	2614	2.106520
596	2626	2.116190
597	2614	2.106520
598	2598	2.093626
599	2614	2.106520
600	2599	2.094432
601	2615	2.107326
602	2598	2.093626
603	2614	2.106520
604	2614	2.106520
605	2598	2.093626
606	2614	2.106520
607	2614	2.106520
608	2598	2.093626
609	2606	2.100073
610	2610	2.103297
611	2610	2.103297
612	2606	2.100073
613	2610	2.103297
614	2599	2.094432
615	2614	2.106520
616	2598	2.093626
617	2614	2.106520
618	2614	2.106520
619	2610	2.103297
620	2622	2.112967
621	2598	2.093626
622	2606	2.100073
623	2614	2.106520
624	2614	2.106520
625	2626	2.116190
626	2622	2.112967
627	2606	2.100073
628	2614	2.106520
629	2614	2.106520
630	2614	2.106520
631	2614	2.106520
632	2606	2.100073
633	2614	2.106520
634	2614	2.106520
635	2594	2.090403
636	2598	2.093626
637	2614	2.106520
638	2610	2.103297
639	2606	2.100073
640	2606	2.100073
641	2606	2.100073
642	2614	2.106520
643	2606	2.100073
644	2614	2.106520
645	2614	2.106520
646	2614	2.106520
647	2610	2.103297
648	2606	2.100073
649	2606	2.100073
650	2615	2.107326
651	2614	2.106520
652	2614	2.106520
653	2598	2.093626
654	2606	2.100073
655	2614	2.106520
656	2614	2.106520
657	2606	2.100073
658	2610	2.103297
659	2614	2.106520
660	2626	2.116190
661	2630	2.119414
662	2614	2.106520
663	2622	2.112967
664	2615	2.107326
665	2630	2.119414
666	2630	2.119414
667	2630	2.119414
668	2614	2.106520
669	2614	2.106520
670	2626	2.116190
671	2626	2.116190
672	2622	2.112967
673	2614	2.106520
674	2614	2.106520
675	2614	2.106520
676	2630	2.119414
677	2630	2.119414
678	2614	2.106520
679	2630	2.119414
680	2622	2.112967
681	2614	2.106520
682	2614	2.106520
683	2606	2.100073
684	2614	2.106520
685	2630	2.119414
686	2610	2.103297
687	2622	2.112967
688	2614	2.106520
689	2614	2.106520
690	2630	2.119414
691	2614	2.106520
692	2614	2.106520
693	2614	2.106520
694	2614	2.106520
695	2614	2.106520
696	2610	2.103297
697	2610	2.103297
698	2606	2.100073
699	2614	2.106520
700	2626	2.116190
701	2622	2.112967
702	2630	2.119414
703	2614	2.106520
704	2626	2.116190
705	2631	2.120220
706	2626	2.116190
707	2638	2.125861
708	2630	2.119414
709	2630	2.119414
710	2614	2.106520
711	2626	2.116190
712	2614	2.106520
713	2626	2.116190
714	2614	2.106520
715	2614	2.106520
716	2622	2.112967
717	2610	2.103297
718	2610	2.103297
719	2614	2.106520
720	2614	2.106520
721	2610	2.103297
722	2630	2.119414
723	2614	2.106520
724	2622	2.112967
725	2630	2.119414
726	2614	2.106520
727	2622	2.112967
728	2614	2.106520
729	2626	2.116190
730	2630	2.119414
731	2626	2.116190
732	2630	2.119414
733	2638	2.125861
734	2626	2.116190
735	2626	2.116190
736	2626	2.116190
737	2642	2.129084
738	2630	2.119414
739	2631	2.120220
740	2630	2.119414
741	2614	2.106520
742	2630	2.119414
743	2630	2.119414
744	2630	2.119414
745	2638	2.125861
746	2638	2.125861
747	2626	2.116190
748	2622	2.112967
749	2638	2.125861
750	2626	2.116190
751	2638	2.125861
752	2626	2.116190
753	2626	2.116190
754	2622	2.112967
755	2630	2.119414
756	2630	2.119414
757	2626	2.116190
758	2626	2.116190
759	2626	2.116190
760	2615	2.107326
761	2646	2.132308
762	2646	2.132308
763	2630	2.119414
764	2646	2.132308
765	2614	2.106520
766	2614	2.106520
767	2630	2.119414
768	2630	2.119414
769	2631	2.120220
770	2630	2.119414
771	2646	2.132308
772	2630	2.119414
773	2630	2.119414
774	2630	2.119414
775	2642	2.129084
776	2630	2.119414
777	2642	2.129084
778	2642	2.129084
779	2630	2.119414
780	2630	2.119414
781	2638	2.125861
782	2631	2.120220
783	2626	2.116190
784	2638	2.125861
785	2630	2.119414
786	2646	2.132308
787	2646	2.132308
788	2646	2.132308
789	2638	2.125861
790	2646	2.132308
791	2630	2.119414
792	2646	2.132308
793	2646	2.132308
794	2630	2.119414
795	2646	2.132308
796	2630	2.119414
797	2630	2.119414
798	2646	2.132308
799	2630	2.119414
800	2630	2.119414
801	2646	2.132308
802	2642	2.129084
803	2631	2.120220
804	2646	2.132308
805	2630	2.119414
806	2630	2.119414
807	2630	2.119414
808	2646	2.132308
809	2646	2.132308
810	2646	2.132308
811	2646	2.132308
812	2646	2.132308
813	2646	2.132308
814	2662	2.145201
815	2662	2.145201
816	2658	2.141978
817	2658	2.141978
818	2647	2.133114
819	2658	2.141978
820	2646	2.132308
821	2646	2.132308
822	2662	2.145201
823	2658	2.141978
824	2646	2.132308
825	2646	2.132308
826	2662	2.145201
827	2658	2.141978
828	2658	2.141978
829	2646	2.132308
830	2646	2.132308
831	2646	2.132308
832	2646	2.132308
833	2642	2.129084
834	2646	2.132308
835	2646	2.132308
836	2646	2.132308
837	2646	2.132308
838	2646	2.132308
839	2658	2.141978
840	2662	2.145201
841	2662	2.145201
842	2658	2.141978
843	2658	2.141978
844	2662	2.145201
845	2646	2.132308
846	2658	2.141978
847	2662	2.145201
848	2662	2.145201
849	2662	2.145201
850	2662	2.145201
851	2670	2.151648
852	2662	2.145201
853	2658	2.141978
854	2662	2.145201
855	2662	2.145201
856	2658	2.141978
857	2662	2.145201
858	2646	2.132308
859	2662	2.145201
860	2662	2.145201
861	2647	2.133114
862	2662	2.145201
863	2662	2.145201
864	2674	2.154872
865	2678	2.158095
866	2678	2.158095
867	2678	2.158095
868	2678	2.158095
869	2678	2.158095
870	2678	2.158095
871	2686	2.164542
872	2678	2.158095
873	2686	2.164542
874	2678	2.158095
875	2678	2.158095
876	2678	2.158095
877	2662	2.145201
878	2662	2.145201
879	2678	2.158095
880	2678	2.158095
881	2678	2.158095
882	2662	2.145201
883	2662	2.145201
884	2662	2.145201
885	2662	2.145201
886	2662	2.145201
887	2662	2.145201
888	2670	2.151648
889	2646	2.132308
890	2662	2.145201
891	2678	2.158095
892	2662	2.145201
893	2662	2.145201
894	2658	2.141978
895	2663	2.146007
896	2662	2.145201
897	2662	2.145201
898	2670	2.151648
899	2662	2.145201
900	2662	2.145201
901	2662	2.145201
902	2662	2.145201
903	2662	2.145201
904	2658	2.141978
905	2670	2.151648
906	2662	2.145201
907	2658	2.141978
908	2662	2.145201
909	2674	2.154872
910	2670	2.151648
911	2674	2.154872
912	2658	2.141978
913	2662	2.145201
914	2670	2.151648
915	2678	2.158095
916	2678	2.158095
917	2674	2.154872
918	2678	2.158095
919	2686	2.164542
920	2678	2.158095
921	2662	2.145201
922	2662	2.145201
923	2670	2.151648
924	2678	2.158095
925	2678	2.158095
926	2662	2.145201
927	2678	2.158095
928	2662	2.145201
929	2662	2.145201
930	2662	2.145201
931	2662	2.145201
932	2678	2.158095
933	2670	2.151648
934	2670	2.151648
935	2662	2.145201
936	2674	2.154872
937	2678	2.158095
938	2670	2.151648
939	2670	2.151648
940	2662	2.145201
941	2678	2.158095
942	2662	2.145201
943	2662	2.145201
944	2679	2.158901
945	2674	2.154872
946	2662	2.145201
947	2662	2.145201
948	2678	2.158095
949	2670	2.151648
950	2678	2.158095
951	2678	2.158095
952	2678	2.158095
953	2670	2.151648
954	2662	2.145201
955	2662	2.145201
956	2678	2.158095
957	2686	2.164542
958	2679	2.158901
959	2670	2.151648
960	2662	2.145201
961	2670	2.151648
962	2670	2.151648
963	2678	2.158095
964	2662	2.145201
965	2670	2.151648
966	2662	2.145201
967	2670	2.151648
968	2678	2.158095
969	2670	2.151648
970	2674	2.154872
971	2674	2.154872
972	2678	2.158095
973	2678	2.158095
974	2678	2.158095
975	2686	2.164542
976	2686	2.164542
977	2678	2.158095
978	2678	2.158095
979	2678	2.158095
980	2678	2.158095
981	2662	2.145201
982	2678	2.158095
983	2678	2.158095
984	2678	2.158095
985	2674	2.154872
986	2678	2.158095
987	2686	2.164542
988	2678	2.158095
989	2662	2.145201
990	2678	2.158095
991	2678	2.158095
992	2686	2.164542
993	2678	2.158095
994	2686	2.164542
995	2686	2.164542
996	2678	2.158095
997	2686	2.164542
998	2695	2.171795
999	2686	2.164542
1000	2694	2.170989
1001	2687	2.165348
1002	2686	2.164542
1003	2694	2.170989
1004	2687	2.165348
1005	2687	2.165348
1006	2686	2.164542
1007	2686	2.164542
1008	2686	2.164542
1009	2694	2.170989
1010	2695	2.171795
1011	2694	2.170989
1012	2678	2.158095
1013	2694	2.170989
1014	2687	2.165348
1015	2686	2.164542
1016	2706	2.180659
1017	2686	2.164542
1018	2694	2.170989
1019	2710	2.183883
1020	2695	2.171795
1021	2686	2.164542
1022	2694	2.170989
1023	2702	2.177436
1024	2702	2.177436
1025	2694	2.170989
1026	2686	2.164542
1027	2694	2.170989
1028	2686	2.164542
1029	2686	2.164542
1030	2687	2.165348
1031	2686	2.164542
1032	2694	2.170989
1033	2710	2.183883
1034	2694	2.170989
1035	2710	2.183883
1036	2686	2.164542
1037	2686	2.164542
1038	2678	2.158095
1039	2686	2.164542
1040	2702	2.177436
1041	2694	2.170989
1042	2678	2.158095
1043	2686	2.164542
1044	2694	2.170989
1045	2694	2.170989
1046	2702	2.177436
1047	2686	2.164542
1048	2694	2.170989
1049	2687	2.165348
1050	2710	2.183883
1051	2686	2.164542
1052	2678	2.158095
1053	2694	2.170989
1054	2694	2.170989
1055	2702	2.177436
1056	2694	2.170989
1057	2694	2.170989
1058	2694	2.170989
1059	2710	2.183883
1060	2702	2.177436
1061	2710	2.183883
1062	2710	2.183883
1063	2702	2.177436
1064	2710	2.183883
1065	2702	2.177436
1066	2710	2.183883
1067	2706	2.180659
1068	2695	2.171795
1069	2710	2.183883
1070	2694	2.170989
1071	2710	2.183883
1072	2695	2.171795
1073	2710	2.183883
1074	2694	2.170989
1075	2687	2.165348
1076	2694	2.170989
1077	2702	2.177436
1078	2694	2.170989
1079	2694	2.170989
1080	2702	2.177436
1081	2702	2.177436
1082	2702	2.177436
1083	2710	2.183883
1084	2702	2.177436
1085	2710	2.183883
1086	2710	2.183883
1087	2710	2.183883
1088	2710	2.183883
1089	2702	2.177436
1090	2702	2.177436
1091	2694	2.170989
1092	2702	2.177436
1093	2702	2.177436
1094	2710	2.183883
1095	2710	2.183883
1096	2694	2.170989
1097	2706	2.180659
1098	2710	2.183883
1099	2694	2.170989
1100	2710	2.183883
1101	2710	2.183883
1102	2706	2.180659
1103	2702	2.177436
1104	2710	2.183883
1105	2710	2.183883
1106	2722	2.193553
1107	2710	2.183883
1108	2710	2.183883
1109	2710	2.183883
1110	2710	2.183883
1111	2710	2.183883
1112	2726	2.196777
1113	2710	2.183883
1114	2722	2.193553
1115	2710	2.183883
1116	2710	2.183883
1117	2710	2.183883
1118	2694	2.170989
1119	2710	2.183883
1120	2710	2.183883
1121	2722	2.193553
1122	2710	2.183883
1123	2710	2.183883
1124	2710	2.183883
1125	2710	2.183883
1126	2710	2.183883
1127	2710	2.183883
1128	2710	2.183883
1129	2706	2.180659
1130	2710	2.183883
1131	2726	2.196777
1132	2710	2.183883
1133	2722	2.193553
1134	2722	2.193553
1135	2694	2.170989
1136	2726	2.196777
1137	2722	2.193553
1138	2710	2.183883
1139	2710	2.183883
1140	2722	2.193553
1141	2711	2.184689
1142	2710	2.183883
1143	2694	2.170989
1144	2710	2.183883
1145	2722	2.193553
1146	2710	2.183883
1147	2722	2.193553
1148	2710	2.183883
1149	2711	2.184689
1150	2726	2.196777
1151	2710	2.183883
1152	2710	2.183883
1153	2726	2.196777
1154	2710	2.183883
1155	2726	2.196777
1156	2726	2.196777
1157	2722	2.193553
1158	2726	2.196777
1159	2726	2.196777
1160	2722	2.193553
1161	2742	2.209670
1162	2711	2.184689
1163	2726	2.196777
1164	2726	2.196777
1165	2726	2.196777
1166	2726	2.196777
1167	2726	2.196777
1168	2726	2.196777
1169	2726	2.196777
1170	2710	2.183883
1171	2726	2.196777
1172	2726	2.196777
1173	2726	2.196777
1174	2727	2.197582
1175	2738	2.206447
1176	2726	2.196777
1177	2726	2.196777
1178	2726	2.196777
1179	2734	2.203223
1180	2726	2.196777
1181	2726	2.196777
1182	2726	2.196777
1183	2742	2.209670
1184	2726	2.196777
1185	2722	2.193553
1186	2722	2.193553
1187	2710	2.183883
1188	2738	2.206447
1189	2726	2.196777
1190	2738	2.206447
1191	2726	2.196777
1192	2726	2.196777
1193	2726	2.196777
1194	2726	2.196777
1195	2734	2.203223
1196	2726	2.196777
1197	2711	2.184689
1198	2734	2.203223
1199	2738	2.206447
1200	2734	2.203223
1201	2738	2.206447
1202	2727	2.197582
1203	2742	2.209670
1204	2726	2.196777
1205	2726	2.196777
1206	2726	2.196777
1207	2742	2.209670
1208	2726	2.196777
1209	2742	2.209670
1210	2738	2.206447
1211	2742	2.209670
1212	2726	2.196777
1213	2727	2.197582
1214	2726	2.196777
1215	2742	2.209670
1216	2742	2.209670
1217	2734	2.203223
1218	2742	2.209670
1219	2726	2.196777
1220	2734	2.203223
1221	2727	2.197582
1222	2726	2.196777
1223	2742	2.209670
1224	2742	2.209670
1225	2726	2.196777
1226	2742	2.209670
1227	2742	2.209670
1228	2742	2.209670
1229	2742	2.209670
1230	2742	2.209670
1231	2742	2.209670
1232	2726	2.196777
1233	2742	2.209670
1234	2726	2.196777
1235	2734	2.203223
1236	2742	2.209670
1237	2742	2.209670
1238	2742	2.209670
1239	2758	2.222564
1240	2742	2.209670
1241	2742	2.209670
1242	2734	2.203223
1243	2738	2.206447
1244	2742	2.209670
1245	2742	2.209670
1246	2742	2.209670
1247	2734	2.203223
1248	2758	2.222564
1249	2754	2.219341
1250	2742	2.209670
1251	2743	2.210476
1252	2742	2.209670
1253	2726	2.196777
1254	2742	2.209670
1255	2742	2.209670
1256	2754	2.219341
1257	2742	2.209670
1258	2742	2.209670
1259	2742	2.209670
1260	2742	2.209670
1261	2758	2.222564
1262	2742	2.209670
1263	2742	2.209670
1264	2754	2.219341
1265	2754	2.219341
1266	2754	2.219341
1267	2758	2.222564
1268	2754	2.219341
1269	2754	2.219341
1270	2758	2.222564
1271	2754	2.219341
1272	2754	2.219341
1273	2754	2.219341
1274	2759	2.223370
1275	2758	2.222564
1276	2758	2.222564
1277	2754	2.219341
1278	2758	2.222564
1279	2754	2.219341
1280	2758	2.222564
1281	2758	2.222564
1282	2758	2.222564
1283	2758	2.222564
1284	2754	2.219341
1285	2754	2.219341
1286	2754	2.219341
1287	2734	2.203223
1288	2742	2.209670
1289	2758	2.222564
1290	2754	2.219341
1291	2754	2.219341
1292	2766	2.229011
1293	2754	2.219341
1294	2758	2.222564
1295	2758	2.222564
1296	2754	2.219341
1297	2754	2.219341
1298	2758	2.222564
1299	2754	2.219341
1300	2742	2.209670
1301	2758	2.222564
1302	2766	2.229011
1303	2758	2.222564
1304	2758	2.222564
1305	2759	2.223370
1306	2766	2.229011
1307	2754	2.219341
1308	2758	2.222564
1309	2758	2.222564
1310	2774	2.235458
1311	2766	2.229011
1312	2758	2.222564
1313	2758	2.222564
1314	2758	2.222564
1315	2774	2.235458
1316	2758	2.222564
1317	2774	2.235458
1318	2754	2.219341
1319	2758	2.222564
1320	2766	2.229011
1321	2758	2.222564
1322	2758	2.222564
1323	2766	2.229011
1324	2758	2.222564
1325	2770	2.232234
1326	2774	2.235458
1327	2758	2.222564
1328	2770	2.232234
1329	2759	2.223370
1330	2774	2.235458
1331	2766	2.229011
1332	2766	2.229011
1333	2758	2.222564
1334	2766	2.229011
1335	2774	2.235458
1336	2758	2.222564
1337	2770	2.232234
1338	2758	2.222564
1339	2774	2.235458
1340	2770	2.232234
1341	2770	2.232234
1342	2758	2.222564
1343	2774	2.235458
1344	2758	2.222564
1345	2774	2.235458
1346	2774	2.235458
1347	2758	2.222564
1348	2786	2.245128
1349	2770	2.232234
1350	2758	2.222564
1351	2758	2.222564
1352	2766	2.229011
1353	2774	2.235458
1354	2774	2.235458
1355	2758	2.222564
1356	2774	2.235458
1357	2774	2.235458
1358	2774	2.235458
1359	2774	2.235458
1360	2774	2.235458
1361	2766	2.229011
1362	2774	2.235458
1363	2774	2.235458
1364	2766	2.229011
1365	2774	2.235458
1366	2758	2.222564
1367	2766	2.229011
1368	2786	2.245128
1369	2786	2.245128
1370	2774	2.235458
1371	2758	2.222564
1372	2774	2.235458
1373	2770	2.232234
1374	2774	2.235458
1375	2770	2.232234
1376	2774	2.235458
1377	2786	2.245128
1378	2770	2.232234
1379	2774	2.235458
1380	2770	2.232234
1381	2774	2.235458
1382	2770	2.232234
1383	2774	2.235458
1384	2770	2.232234
1385	2774	2.235458
1386	2770	2.232234
1387	2786	2.245128
1388	2774	2.235458
1389	2774	2.235458
1390	2774	2.235458
1391	2786	2.245128
1392	2774	2.235458
1393	2774	2.235458
1394	2786	2.245128
1395	2774	2.235458
1396	2770	2.232234
1397	2786	2.245128
1398	2786	2.245128
1399	2766	2.229011
1400	2774	2.235458
1401	2786	2.245128
1402	2774	2.235458
1403	2790	2.248352
1404	2774	2.235458
1405	2774	2.235458
1406	2786	2.245128
1407	2774	2.235458
1408	2790	2.248352
1409	2774	2.235458
1410	2786	2.245128
1411	2774	2.235458
1412	2774	2.235458
1413	2786	2.245128
1414	2774	2.235458
1415	2774	2.235458
1416	2786	2.245128
1417	2786	2.245128
1418	2786	2.245128
1419	2786	2.245128
1420	2790	2.248352
1421	2790	2.248352
1422	2790	2.248352
1423	2790	2.248352
1424	2786	2.245128
1425	2790	2.248352
1426	2790	2.248352
1427	2774	2.235458
1428	2791	2.249158
1429	2774	2.235458
1430	2774	2.235458
1431	2774	2.235458
1432	2790	2.248352
1433	2774	2.235458
1434	2786	2.245128
1435	2774	2.235458
1436	2790	2.248352
1437	2774	2.235458
1438	2786	2.245128
1439	2786	2.245128
1440	2790	2.248352
1441	2774	2.235458
1442	2786	2.245128
1443	2782	2.241905
1444	2790	2.248352
1445	2774	2.235458
1446	2774	2.235458
1447	2790	2.248352
1448	2774	2.235458
1449	2798	2.254799
1450	2774	2.235458
1451	2790	2.248352
1452	2786	2.245128
1453	2774	2.235458
1454	2774	2.235458
1455	2775	2.236264
1456	2774	2.235458
1457	2790	2.248352
1458	2774	2.235458
1459	2774	2.235458
1460	2786	2.245128
1461	2790	2.248352
1462	2786	2.245128
1463	2786	2.245128
1464	2790	2.248352
1465	2790	2.248352
1466	2774	2.235458
1467	2786	2.245128
1468	2774	2.235458
1469	2790	2.248352
1470	2774	2.235458
1471	2774	2.235458
1472	2786	2.245128
1473	2786	2.245128
1474	2786	2.245128
1475	2774	2.235458
1476	2790	2.248352
1477	2790	2.248352
1478	2774	2.235458
1479	2786	2.245128
1480	2774	2.235458
1481	2770	2.232234
1482	2774	2.235458
1483	2770	2.232234
1484	2774	2.235458
1485	2786	2.245128
1486	2786	2.245128
1487	2774	2.235458
1488	2786	2.245128
1489	2774	2.235458
1490	2774	2.235458
1491	2774	2.235458
1492	2770	2.232234
1493	2766	2.229011
1494	2786	2.245128
1495	2774	2.235458
1496	2774	2.235458
1497	2786	2.245128
1498	2774	2.235458
1499	2774	2.235458
1500	2786	2.245128
1501	2790	2.248352
1502	2758	2.222564
1503	2766	2.229011
1504	2790	2.248352
1505	2774	2.235458
1506	2786	2.245128
1507	2774	2.235458
1508	2774	2.235458
1509	2774	2.235458
1510	2774	2.235458
1511	2774	2.235458
1512	2774	2.235458
1513	2790	2.248352
1514	2786	2.245128
1515	2774	2.235458
1516	2774	2.235458
1517	2786	2.245128
1518	2774	2.235458
1519	2774	2.235458
1520	2774	2.235458
1521	2766	2.229011
1522	2774	2.235458
1523	2774	2.235458
1524	2774	2.235458
1525	2774	2.235458
1526	2790	2.248352
1527	2774	2.235458
1528	2766	2.229011
1529	2758	2.222564
1530	2758	2.222564
1531	2758	2.222564
1532	2774	2.235458
1533	2766	2.229011
1534	2758	2.222564
1535	2774	2.235458
1536	2770	2.232234
1537	2774	2.235458
1538	2758	2.222564
1539	2774	2.235458
1540	2770	2.232234
1541	2758	2.222564
1542	2774	2.235458
1543	2758	2.222564
1544	2766	2.229011
1545	2758	2.222564
1546	2774	2.235458
1547	2758	2.222564
1548	2758	2.222564
1549	2758	2.222564
1550	2758	2.222564
1551	2774	2.235458
1552	2770	2.232234
1553	2754	2.219341
1554	2758	2.222564
1555	2754	2.219341
1556	2758	2.222564
1557	2758	2.222564
1558	2766	2.229011
1559	2758	2.222564
1560	2758	2.222564
1561	2754	2.219341
1562	2754	2.219341
1563	2758	2.222564
1564	2754	2.219341
1565	2754	2.219341
1566	2758	2.222564
1567	2742	2.209670
1568	2742	2.209670
1569	2742	2.209670
1570	2754	2.219341
1571	2754	2.219341
1572	2742	2.209670
1573	2754	2.219341
1574	2754	2.219341
1575	2742	2.209670
1576	2742	2.209670
1577	2742	2.209670
1578	2742	2.209670
1579	2742	2.209670
1580	2742	2.209670
1581	2742	2.209670
1582	2754	2.219341
1583	2754	2.219341
1584	2742	2.209670
1585	2742	2.209670
1586	2738	2.206447
1587	2726	2.196777
1588	2742	2.209670
1589	2734	2.203223
1590	2742	2.209670
1591	2742	2.209670
1592	2738	2.206447
1593	2742	2.209670
1594	2742	2.209670
1595	2742	2.209670
1596	2742	2.209670
1597	2742	2.209670
1598	2734	2.203223
1599	2754	2.219341
1600	2727	2.197582
1601	2738	2.206447
1602	2742	2.209670
1603	2742	2.209670
1604	2742	2.209670
1605	2726	2.196777
1606	2734	2.203223
1607	2726	2.196777
1608	2726	2.196777
1609	2726	2.196777
1610	2726	2.196777
1611	2726	2.196777
1612	2726	2.196777
1613	2726	2.196777
1614	2722	2.193553
1615	2710	2.183883
1616	2722	2.193553
1617	2726	2.196777
1618	2722	2.193553
1619	2694	2.170989
1620	2722	2.193553
1621	2710	2.183883
1622	2710	2.183883
1623	2710	2.183883
1624	2710	2.183883
1625	2710	2.183883
1626	2710	2.183883
1627	2710	2.183883
1628	2702	2.177436
1629	2686	2.164542
1630	2710	2.183883
1631	2702	2.177436
1632	2710	2.183883
1633	2710	2.183883
1634	2710	2.183883
1635	2702	2.177436
1636	2706	2.180659
1637	2702	2.177436
1638	2706	2.180659
1639	2702	2.177436
1640	2710	2.183883
1641	2694	2.170989
1642	2694	2.170989
1643	2694	2.170989
1644	2678	2.158095
1645	2687	2.165348
1646	2710	2.183883
1647	2678	2.158095
1648	2694	2.170989
1649	2686	2.164542
1650	2694	2.170989
1651	2678	2.158095
1652	2678	2.158095
1653	2678	2.158095
1654	2686	2.164542
1655	2662	2.145201
1656	2678	2.158095
1657	2674	2.154872
1658	2678	2.158095
1659	2678	2.158095
1660	2678	2.158095
1661	2670	2.151648
1662	2662	2.145201
1663	2686	2.164542
1664	2662	2.145201
1665	2662	2.145201
1666	2686	2.164542
1667	2678	2.158095
1668	2658	2.141978
1669	2658	2.141978
1670	2658	2.141978
1671	2662	2.145201
1672	2670	2.151648
1673	2662	2.145201
1674	2658	2.141978
1675	2646	2.132308
1676	2658	2.141978
1677	2662	2.145201
1678	2646	2.132308
1679	2658	2.141978
1680	2646	2.132308
1681	2662	2.145201
1682	2646	2.132308
1683	2646	2.132308
1684	2646	2.132308
1685	2646	2.132308
1686	2658	2.141978
1687	2646	2.132308
1688	2658	2.141978
1689	2638	2.125861
1690	2658	2.141978
1691	2630	2.119414
1692	2646	2.132308
1693	2630	2.119414
1694	2646	2.132308
1695	2631	2.120220
1696	2631	2.120220
1697	2630	2.119414
1698	2630	2.119414
1699	2622	2.112967
1700	2642	2.129084
1701	2626	2.116190
1702	2626	2.116190
1703	2626	2.116190
1704	2630	2.119414
1705	2630	2.119414
1706	2630	2.119414
1707	2614	2.106520
1708	2614	2.106520
1709	2614	2.106520
1710	2626	2.116190
1711	2598	2.093626
1712	2626	2.116190
1713	2598	2.093626
1714	2610	2.103297
1715	2614	2.106520
1716	2598	2.093626
1717	2598	2.093626
1718	2598	2.093626
1719	2622	2.112967
1720	2594	2.090403
1721	2598	2.093626
1722	2598	2.093626
1723	2606	2.100073
1724	2598	2.093626
1725	2598	2.093626
1726	2598	2.093626
1727	2599	2.094432
1728	2598	2.093626
1729	2594	2.090403
1730	2594	2.090403
1731	2574	2.074286
1732	2582	2.080733
1733	2582	2.080733
1734	2574	2.074286
1735	2582	2.080733
1736	2566	2.067839
1737	2566	2.067839
1738	2578	2.077509
1739	2574	2.074286
1740	2559	2.062198
1741	2559	2.062198
1742	2582	2.080733
1743	2550	2.054945
1744	2559	2.062198
1745	2558	2.061392
1746	2550	2.054945
1747	2542	2.048498
1748	2550	2.054945
1749	2542	2.048498
1750	2558	2.061392
1751	2550	2.054945
1752	2542	2.048498
1753	2550	2.054945
1754	2535	2.042857
1755	2534	2.042051
1756	2546	2.051722
1757	2534	2.042051
1758	2550	2.054945
1759	2534	2.042051
1760	2534	2.042051
1761	2534	2.042051
1762	2518	2.029158
1763	2530	2.038828
1764	2518	2.029158
1765	2518	2.029158
1766	2518	2.029158
1767	2518	2.029158
1768	2502	2.016264
1769	2510	2.022711
1770	2514	2.025934
1771	2518	2.029158
1772	2502	2.016264
1773	2510	2.022711
1774	2502	2.016264
1775	2498	2.013040
1776	2502	2.016264
1777	2498	2.013040
1778	2502	2.016264
1779	2487	2.004176
1780	2486	2.003370
1781	2486	2.003370
1782	2498	2.013040
1783	2486	2.003370
1784	2486	2.003370
1785	2478	1.996923
1786	2470	1.990476
1787	2482	2.000147
1788	2486	2.003370
1789	2470	1.990476
1790	2470	1.990476
1791	2482	2.000147
1792	2470	1.990476
1793	2466	1.987253
1794	2454	1.977582
1795	2455	1.978388
1796	2470	1.990476
1797	2466	1.987253
1798	2470	1.990476
1799	2454	1.977582
1800	2466	1.987253
1801	2454	1.977582
1802	2454	1.977582
1803	2438	1.964689
1804	2454	1.977582
1805	2454	1.977582
1806	2446	1.971136
1807	2438	1.964689
1808	2439	1.965495
1809	2430	1.958242
1810	2438	1.964689
1811	2450	1.974359
1812	2438	1.964689
1813	2422	1.951795
1814	2446	1.971136
1815	2430	1.958242
1816	2422	1.951795
1817	2422	1.951795
1818	2430	1.958242
1819	2422	1.951795
1820	2422	1.951795
1821	2422	1.951795
1822	2422	1.951795
1823	2430	1.958242
1824	2422	1.951795
1825	2406	1.938901
1826	2418	1.948571
1827	2406	1.938901
1828	2422	1.951795
1829	2414	1.945348
1830	2418	1.948571
1831	2422	1.951795
1832	2430	1.958242
1833	2422	1.951795
1834	2422	1.951795
1835	2422	1.951795
1836	2418	1.948571
1837	2422	1.951795
1838	2414	1.945348
1839	2406	1.938901
1840	2406	1.938901
1841	2402	1.935678
1842	2418	1.948571
1843	2418	1.948571
1844	2406	1.938901
1845	2402	1.935678
1846	2406	1.938901
1847	2402	1.935678
1848	2402	1.935678
1849	2402	1.935678
1850	2406	1.938901
1851	2390	1.926007
1852	2406	1.938901
1853	2406	1.938901
1854	2406	1.938901
1855	2406	1.938901
1856	2402	1.935678
1857	2406	1.938901
1858	2402	1.935678
1859	2406	1.938901
1860	2390	1.926007
1861	2414	1.945348
1862	2391	1.926813
1863	2406	1.938901
1864	2402	1.935678
1865	2402	1.935678
1866	2406	1.938901
1867	2406	1.938901
1868	2406	1.938901
1869	2414	1.945348
1870	2406	1.938901
1871	2406	1.938901
1872	2402	1.935678
1873	2414	1.945348
1874	2406	1.938901
1875	2406	1.938901
1876	2406	1.938901
1877	2406	1.938901
1878	2406	1.938901
1879	2422	1.951795
1880	2407	1.939707
1881	2406	1.938901
1882	2406	1.938901
1883	2390	1.926007
1884	2422	1.951795
1885	2406	1.938901
1886	2418	1.948571
1887	2390	1.926007
1888	2407	1.939707
1889	2406	1.938901
1890	2406	1.938901
1891	2406	1.938901
1892	2414	1.945348
1893	2406	1.938901
1894	2422	1.951795
1895	2406	1.938901
1896	2414	1.945348
1897	2422	1.951795
1898	2406	1.938901
1899	2422	1.951795
1900	2406	1.938901
1901	2406	1.938901
1902	2422	1.951795
1903	2418	1.948571
1904	2414	1.945348
1905	2422	1.951795
1906	2422	1.951795
1907	2430	1.958242
1908	2430	1.958242
1909	2438	1.964689
1910	2422	1.951795
1911	2430	1.958242
1912	2422	1.951795
1913	2418	1.948571
1914	2422	1.951795
1915	2422	1.951795
1916	2430	1.958242
1917	2422	1.951795
1918	2422	1.951795
1919	2422	1.951795
1920	2430	1.958242
1921	2422	1.951795
1922	2422	1.951795
1923	2422	1.951795
1924	2422	1.951795
1925	2422	1.951795
1926	2430	1.958242
1927	2438	1.964689
1928	2430	1.958242
1929	2422	1.951795
1930	2430	1.958242
1931	2430	1.958242
1932	2422	1.951795
1933	2423	1.952601
1934	2438	1.964689
1935	2430	1.958242
1936	2418	1.948571
1937	2414	1.945348
1938	2438	1.964689
1939	2438	1.964689
1940	2422	1.951795
1941	2438	1.964689
1942	2422	1.951795
1943	2438	1.964689
1944	2422	1.951795
1945	2438	1.964689
1946	2430	1.958242
1947	2422	1.951795
1948	2422	1.951795
1949	2422	1.951795
1950	2422	1.951795
1951	2438	1.964689
1952	2430	1.958242
1953	2438	1.964689
1954	2422	1.951795
1955	2438	1.964689
1956	2422	1.951795
1957	2418	1.948571
1958	2438	1.964689
1959	2422	1.951795
1960	2430	1.958242
1961	2430	1.958242
1962	2438	1.964689
1963	2430	1.958242
1964	2418	1.948571
1965	2422	1.951795
1966	2422	1.951795
1967	2422	1.951795
1968	2422	1.951795
1969	2430	1.958242
1970	2422	1.951795
1971	2430	1.958242
1972	2422	1.951795
1973	2438	1.964689
1974	2407	1.939707
1975	2430	1.958242
1976	2422	1.951795
1977	2418	1.948571
1978	2422	1.951795
1979	2422	1.951795
1980	2422	1.951795
1981	2414	1.945348
1982	2414	1.945348
1983	2422	1.951795
1984	2422	1.951795
1985	2422	1.951795
1986	2422	1.951795
1987	2406	1.938901
1988	2422	1.951795
1989	2422	1.951795
1990	2422	1.951795
1991	2414	1.945348
1992	2414	1.945348
1993	2418	1.948571
1994	2406	1.938901
1995	2422	1.951795
1996	2406	1.938901
1997	2418	1.948571
1998	2407	1.939707
1999	2422	1.951795
2000	2407	1.939707
2001	2414	1.945348
2002	2407	1.939707
2003	2414	1.945348
2004	2402	1.935678
2005	2406	1.938901
2006	2406	1.938901
2007	2398	1.932454
2008	2414	1.945348
2009	2406	1.938901
2010	2402	1.935678
2011	2406	1.938901
2012	2402	1.935678
2013	2390	1.926007
2014	2406	1.938901
2015	2414	1.945348
2016	2406	1.938901
2017	2418	1.948571
2018	2406	1.938901
2019	2406	1.938901
2020	2402	1.935678
2021	2402	1.935678
2022	2406	1.938901
2023	2406	1.938901
2024	2402	1.935678
2025	2390	1.926007
2026	2402	1.935678
2027	2402	1.935678
2028	2390	1.926007
2029	2390	1.926007
2030	2402	1.935678
2031	2390	1.926007
2032	2390	1.926007
2033	2390	1.926007
2034	2402	1.935678
2035	2402	1.935678
2036	2402	1.935678
2037	2386	1.922784
2038	2374	1.913114
2039	2406	1.938901
2040	2402	1.935678
2041	2406	1.938901
2042	2390	1.926007
2043	2390	1.926007
2044	2390	1.926007
2045	2390	1.926007
2046	2386	1.922784
2047	2374	1.913114
2048	2386	1.922784
2049	2406	1.938901
2050	2386	1.922784
2051	2390	1.926007
2052	2402	1.935678
2053	2382	1.919560
2054	2402	1.935678
2055	2414	1.945348
2056	2390	1.926007
2057	2390	1.926007
2058	2391	1.926813
2059	2391	1.926813
2060	2402	1.935678
2061	2390	1.926007
2062	2382	1.919560
2063	2390	1.926007
2064	2374	1.913114
2065	2374	1.913114
2066	2390	1.926007
2067	2374	1.913114
2068	2374	1.913114
2069	2374	1.913114
2070	2374	1.913114
2071	2390	1.926007
2072	2386	1.922784
2073	2382	1.919560
2074	2374	1.913114
2075	2390	1.926007
2076	2390	1.926007
2077	2390	1.926007
2078	2390	1.926007
2079	2382	1.919560
2080	2390	1.926007
2081	2386	1.922784
2082	2382	1.919560
2083	2391	1.926813
2084	2390	1.926007
2085	2374	1.913114
2086	2390	1.926007
2087	2390	1.926007
2088	2390	1.926007
2089	2390	1.926007
2090	2386	1.922784
2091	2382	1.919560
2092	2390	1.926007
2093	2382	1.919560
2094	2390	1.926007
2095	2406	1.938901
2096	2390	1.926007
2097	2374	1.913114
2098	2386	1.922784
2099	2390	1.926007
2100	2390	1.926007
2101	2390	1.926007
2102	2402	1.935678
2103	2390	1.926007
2104	2402	1.935678
2105	2374	1.913114
2106	2402	1.935678
2107	2402	1.935678
2108	2374	1.913114
2109	2402	1.935678
2110	2390	1.926007
2111	2406	1.938901
2112	2391	1.926813
2113	2402	1.935678
2114	2402	1.935678
2115	2402	1.935678
2116	2402	1.935678
2117	2406	1.938901
2118	2406	1.938901
2119	2406	1.938901
2120	2402	1.935678
2121	2406	1.938901
2122	2414	1.945348
2123	2406	1.938901
2124	2402	1.935678
2125	2406	1.938901
2126	2414	1.945348
2127	2422	1.951795
2128	2418	1.948571
2129	2418	1.948571
2130	2406	1.938901
2131	2422	1.951795
2132	2414	1.945348
2133	2418	1.948571
2134	2418	1.948571
2135	2422	1.951795
2136	2422	1.951795
2137	2422	1.951795
2138	2422	1.951795
2139	2422	1.951795
2140	2430	1.958242
2141	2438	1.964689
2142	2430	1.958242
2143	2423	1.952601
2144	2422	1.951795
2145	2438	1.964689
2146	2422	1.951795
2147	2423	1.952601
2148	2430	1.958242
2149	2422	1.951795
2150	2438	1.964689
2151	2430	1.958242
2152	2438	1.964689
2153	2446	1.971136
2154	2422	1.951795
2155	2438	1.964689
2156	2430	1.958242
2157	2446	1.971136
2158	2438	1.964689
2159	2438	1.964689
2160	2450	1.974359
2161	2438	1.964689
2162	2450	1.974359
2163	2454	1.977582
2164	2438	1.964689
2165	2466	1.987253
2166	2438	1.964689
2167	2454	1.977582
2168	2454	1.977582
2169	2446	1.971136
2170	2446	1.971136
2171	2454	1.977582
2172	2454	1.977582
2173	2454	1.977582
2174	2446	1.971136
2175	2454	1.977582
2176	2454	1.977582
2177	2446	1.971136
2178	2446	1.971136
2179	2470	1.990476
2180	2454	1.977582
2181	2454	1.977582
2182	2466	1.987253
2183	2466	1.987253
2184	2454	1.977582
2185	2454	1.977582
2186	2454	1.977582
2187	2470	1.990476
2188	2454	1.977582
2189	2454	1.977582
2190	2470	1.990476
2191	2466	1.987253
2192	2455	1.978388
2193	2466	1.987253
2194	2462	1.984029
2195	2454	1.977582
2196	2470	1.990476
2197	2455	1.978388
2198	2462	1.984029
2199	2454	1.977582
2200	2454	1.977582
2201	2466	1.987253
2202	2470	1.990476
2203	2454	1.977582
2204	2466	1.987253
2205	2462	1.984029
2206	2466	1.987253
2207	2470	1.990476
2208	2470	1.990476
2209	2470	1.990476
2210	2466	1.987253
2211	2470	1.990476
2212	2470	1.990476
2213	2454	1.977582
2214	2454	1.977582
2215	2454	1.977582
2216	2454	1.977582
2217	2470	1.990476
2218	2454	1.977582
2219	2454	1.977582
2220	2466	1.987253
2221	2446	1.971136
2222	2454	1.977582
2223	2454	1.977582
2224	2450	1.974359
2225	2446	1.971136
2226	2438	1.964689
2227	2438	1.964689
2228	2438	1.964689
2229	2438	1.964689
2230	2430	1.958242
2231	2439	1.965495
2232	2438	1.964689
2233	2430	1.958242
2234	2422	1.951795
2235	2438	1.964689
2236	2422	1.951795
2237	2422	1.951795
2238	2422	1.951795
2239	2430	1.958242
2240	2422	1.951795
2241	2414	1.945348
2242	2422	1.951795
2243	2422	1.951795
2244	2406	1.938901
2245	2406	1.938901
2246	2406	1.938901
2247	2406	1.938901
2248	2406	1.938901
2249	2406	1.938901
2250	2402	1.935678
2251	2406	1.938901
2252	2390	1.926007
2253	2390	1.926007
2254	2390	1.926007
2255	2386	1.922784
2256	2390	1.926007
2257	2374	1.913114
2258	2374	1.913114
2259	2374	1.913114
2260	2374	1.913114
2261	2366	1.906667
2262	2374	1.913114
2263	2358	1.900220
2264	2342	1.887326
2265	2358	1.900220
2266	2358	1.900220
2267	2342	1.887326
2268	2342	1.887326
2269	2318	1.867985
2270	2326	1.874432
2271	2310	1.861538
2272	2342	1.887326
2273	2326	1.874432
2274	2310	1.861538
2275	2310	1.861538
2276	2302	1.855092
2277	2302	1.855092
2278	2294	1.848645
2279	2286	1.842198
2280	2278	1.835751
2281	2286	1.842198
2282	2278	1.835751
2283	2262	1.822857
2284	2262	1.822857
2285	2262	1.822857
2286	2254	1.816410
2287	2230	1.797070
2288	2226	1.793846
2289	2215	1.784982
2290	2226	1.793846
2291	2226	1.793846
2292	2214	1.784176
2293	2210	1.780952
2294	2214	1.784176
2295	2182	1.758388
2296	2198	1.771282
2297	2174	1.751941
2298	2166	1.745495
2299	2162	1.742271
2300	2174	1.751941
2301	2150	1.732601
2302	2135	1.720513
2303	2150	1.732601
2304	2150	1.732601
2305	2134	1.719707
2306	2130	1.716484
2307	2110	1.700366
2308	2118	1.706813
2309	2102	1.693919
2310	2086	1.681026
2311	2087	1.681832
2312	2086	1.681026
2313	2070	1.668132
2314	2082	1.677802
2315	2082	1.677802
2316	2086	1.681026
2317	2062	1.661685
2318	2054	1.655238
2319	2054	1.655238
2320	2062	1.661685
2321	2038	1.642344
2322	2050	1.652015
2323	2038	1.642344
2324	2030	1.635897
2325	2030	1.635897
2326	2022	1.629451
2327	2022	1.629451
2328	2022	1.629451
2329	2002	1.613333
2330	2022	1.629451
2331	2030	1.635897
2332	2022	1.629451
2333	2022	1.629451
2334	2018	1.626227
2335	2022	1.629451
2336	2002	1.613333
2337	2006	1.616557
2338	2006	1.616557
2339	2018	1.626227
2340	2014	1.623004
2341	2006	1.616557
2342	2018	1.626227
2343	2002	1.613333
2344	2022	1.629451
2345	2016	1.624615
2346	2018	1.626227
2347	2022	1.629451
2348	2030	1.635897
2349	2022	1.629451
2350	2030	1.635897
2351	2038	1.642344
2352	2038	1.642344
2353	2038	1.642344
2354	2038	1.642344
2355	2038	1.642344
2356	2038	1.642344
2357	2046	1.648791
2358	2046	1.648791
2359	2038	1.642344
2360	2050	1.652015
2361	2070	1.668132
2362	2070	1.668132
2363	2054	1.655238
2364	2071	1.668938
2365	2082	1.677802
2366	2086	1.681026
2367	2082	1.677802
2368	2082	1.677802
2369	2102	1.693919
2370	2098	1.690696
2371	2110	1.700366
2372	2118	1.706813
2373	2118	1.706813
2374	2146	1.729377
2375	2114	1.703590
2376	2130	1.716484
2377	2135	1.720513
2378	2150	1.732601
2379	2162	1.742271
2380	2158	1.739048
2381	2158	1.739048
2382	2174	1.751941
2383	2174	1.751941
2384	2175	1.752747
2385	2174	1.751941
2386	2198	1.771282
2387	2210	1.780952
2388	2214	1.784176
2389	2214	1.784176
2390	2214	1.784176
2391	2230	1.797070
2392	2230	1.797070
2393	2242	1.806740
2394	2246	1.809963
2395	2246	1.809963
2396	2274	1.832527
2397	2286	1.842198
2398	2274	1.832527
2399	2286	1.842198
2400	2286	1.842198
2401	2294	1.848645
2402	2302	1.855092
2403	2302	1.855092
2404	2310	1.861538
2405	2311	1.862344
2406	2326	1.874432
2407	2326	1.874432
2408	2342	1.887326
2409	2326	1.874432
2410	2354	1.896996
2411	2342	1.887326
2412	2334	1.880879
2413	2350	1.893773
2414	2359	1.901026
2415	2354	1.896996
2416	2370	1.909890
2417	2374	1.913114
2418	2382	1.919560
2419	2374	1.913114
2420	2390	1.926007
2421	2374	1.913114
2422	2390	1.926007
2423	2390	1.926007
2424	2406	1.938901
2425	2406	1.938901
2426	2414	1.945348
2427	2422	1.951795
2428	2422	1.951795
2429	2430	1.958242
2430	2438	1.964689
2431	2450	1.974359
2432	2450	1.974359
2433	2446	1.971136
2434	2454	1.977582
2435	2470	1.990476
2436	2454	1.977582
2437	2454	1.977582
2438	2466	1.987253
2439	2478	1.996923
2440	2482	2.000147
2441	2486	2.003370
2442	2494	2.009817
2443	2486	2.003370
2444	2486	2.003370
2445	2486	2.003370
2446	2510	2.022711
2447	2498	2.013040
2448	2498	2.013040
2449	2502	2.016264
2450	2502	2.016264
2451	2510	2.022711
2452	2502	2.016264
2453	2518	2.029158
2454	2502	2.016264
2455	2518	2.029158
2456	2518	2.029158
2457	2519	2.029963
2458	2530	2.038828
2459	2530	2.038828
2460	2534	2.042051
2461	2534	2.042051
2462	2534	2.042051
2463	2546	2.051722
2464	2542	2.048498
2465	2558	2.061392
2466	2550	2.054945
2467	2559	2.062198
2468	2550	2.054945
2469	2550	2.054945
2470	2558	2.061392
2471	2550	2.054945
2472	2559	2.062198
2473	2559	2.062198
2474	2566	2.067839
2475	2558	2.061392
2476	2559	2.062198
2477	2582	2.080733
2478	2582	2.080733
2479	2578	2.077509
2480	2582	2.080733
2481	2590	2.087179
2482	2583	2.081538
2483	2582	2.080733
2484	2582	2.080733
2485	2598	2.093626
2486	2598	2.093626
2487	2594	2.090403
2488	2583	2.081538
2489	2610	2.103297
2490	2598	2.093626
2491	2610	2.103297
2492	2610	2.103297
2493	2606	2.100073
2494	2614	2.106520
2495	2614	2.106520
2496	2610	2.103297
2497	2614	2.106520
2498	2614	2.106520
2499	2614	2.106520
2500	2638	2.125861
2501	2630	2.119414
2502	2626	2.116190
2503	2630	2.119414
2504	2638	2.125861
2505	2630	2.119414
2506	2638	2.125861
2507	2638	2.125861
2508	2630	2.119414
2509	2630	2.119414
2510	2658	2.141978
2511	2646	2.132308
2512	2658	2.141978
2513	2646	2.132308
2514	2646	2.132308
2515	2658	2.141978
2516	2662	2.145201
2517	2646	2.132308
2518	2662	2.145201
2519	2662	2.145201
2520	2670	2.151648
2521	2663	2.146007
2522	2662	2.145201
2523	2658	2.141978
2524	2662	2.145201
2525	2662	2.145201
2526	2658	2.141978
2527	2662	2.145201
2528	2662	2.145201
2529	2662	2.145201
2530	2662	2.145201
2531	2663	2.146007
2532	2670	2.151648
2533	2662	2.145201
2534	2670	2.151648
2535	2662	2.145201
2536	2674	2.154872
2537	2670	2.151648
2538	2670	2.151648
2539	2662	2.145201
2540	2674	2.154872
2541	2678	2.158095
2542	2678	2.158095
2543	2678	2.158095
2544	2678	2.158095
2545	2678	2.158095
2546	2678	2.158095
2547	2678	2.158095
2548	2678	2.158095
2549	2686	2.164542
2550	2679	2.158901
2551	2678	2.158095
2552	2694	2.170989
2553	2694	2.170989
2554	2678	2.158095
2555	2694	2.170989
2556	2679	2.158901
2557	2687	2.165348
2558	2694	2.170989
2559	2706	2.180659
2560	2706	2.180659
2561	2710	2.183883
2562	2710	2.183883
2563	2687	2.165348
2564	2702	2.177436
2565	2694	2.170989
2566	2722	2.193553
2567	2694	2.170989
2568	2710	2.183883
2569	2702	2.177436
2570	2686	2.164542
2571	2694	2.170989
2572	2710	2.183883
2573	2710	2.183883
2574	2706	2.180659
2575	2710	2.183883
2576	2702	2.177436
2577	2710	2.183883
2578	2706	2.180659
2579	2722	2.193553
2580	2710	2.183883
2581	2695	2.171795
2582	2706	2.180659
2583	2706	2.180659
2584	2710	2.183883
2585	2711	2.184689
2586	2726	2.196777
2587	2710	2.183883
2588	2710	2.183883
2589	2710	2.183883
2590	2710	2.183883
2591	2710	2.183883
2592	2726	2.196777
2593	2710	2.183883
2594	2726	2.196777
2595	2726	2.196777
2596	2734	2.203223
2597	2726	2.196777
2598	2726	2.196777
2599	2726	2.196777
2600	2726	2.196777
2601	2722	2.193553
2602	2726	2.196777
2603	2726	2.196777
2604	2710	2.183883
2605	2726	2.196777
2606	2726	2.196777
2607	2726	2.196777
2608	2727	2.197582
2609	2726	2.196777
2610	2726	2.196777
2611	2726	2.196777
2612	2742	2.209670
2613	2742	2.209670
2614	2738	2.206447
2615	2754	2.219341
2616	2742	2.209670
2617	2738	2.206447
2618	2742	2.209670
2619	2758	2.222564
2620	2742	2.209670
2621	2742	2.209670
2622	2754	2.219341
2623	2754	2.219341
2624	2743	2.210476
2625	2742	2.209670
2626	2774	2.235458
2627	2758	2.222564
2628	2774	2.235458
2629	2759	2.223370
2630	2758	2.222564
2631	2758	2.222564
2632	2758	2.222564
2633	2758	2.222564
2634	2758	2.222564
2635	2758	2.222564
2636	2774	2.235458
2637	2758	2.222564
2638	2758	2.222564
2639	2758	2.222564
2640	2774	2.235458
2641	2774	2.235458
2642	2770	2.232234
2643	2774	2.235458
2644	2774	2.235458
2645	2774	2.235458
2646	2774	2.235458
2647	2774	2.235458
2648	2774	2.235458
2649	2786	2.245128
2650	2774	2.235458
2651	2774	2.235458
2652	2786	2.245128
2653	2790	2.248352
2654	2790	2.248352
2655	2786	2.245128
2656	2790	2.248352
2657	2774	2.235458
2658	2774	2.235458
2659	2786	2.245128
2660	2786	2.245128
2661	2790	2.248352
2662	2790	2.248352
2663	2798	2.254799
2664	2790	2.248352
2665	2774	2.235458
2666	2790	2.248352
2667	2786	2.245128
2668	2790	2.248352
2669	2798	2.254799
2670	2798	2.254799
2671	2790	2.248352
2672	2798	2.254799
2673	2790	2.248352
2674	2790	2.248352
2675	2790	2.248352
2676	2802	2.258022
2677	2786	2.245128
2678	2806	2.261245
2679	2806	2.261245
2680	2798	2.254799
2681	2798	2.254799
2682	2798	2.254799
2683	2798	2.254799
2684	2818	2.270916
2685	2798	2.254799
2686	2806	2.261245
2687	2791	2.249158
2688	2798	2.254799
2689	2798	2.254799
2690	2816	2.269304
2691	2816	2.269304
2692	2816	2.269304
2693	2806	2.261245
2694	2798	2.254799
2695	2806	2.261245
2696	2806	2.261245
2697	2806	2.261245
2698	2818	2.270916
2699	2802	2.258022
2700	2818	2.270916
2701	2818	2.270916
2702	2802	2.258022
2703	2822	2.274139
2704	2822	2.274139
2705	2818	2.270916
2706	2822	2.274139
2707	2816	2.269304
2708	2822	2.274139
2709	2816	2.269304
2710	2806	2.261245
2711	2802	2.258022
2712	2822	2.274139
2713	2818	2.270916
2714	2806	2.261245
2715	2822	2.274139
2716	2822	2.274139
2717	2818	2.270916
2718	2816	2.269304
2719	2806	2.261245
2720	2818	2.270916
2721	2816	2.269304
2722	2822	2.274139
2723	2818	2.270916
2724	2823	2.274945
2725	2822	2.274139
2726	2822	2.274139
2727	2818	2.270916
2728	2822	2.274139
2729	2830	2.280586
2730	2822	2.274139
2731	2822	2.274139
2732	2830	2.280586
2733	2822	2.274139
2734	2822	2.274139
2735	2822	2.274139
2736	2830	2.280586
2737	2830	2.280586
2738	2834	2.283810
2739	2830	2.280586
2740	2822	2.274139
2741	2818	2.270916
2742	2838	2.287033
2743	2822	2.274139
2744	2838	2.287033
2745	2850	2.296703
2746	2822	2.274139
2747	2838	2.287033
2748	2834	2.283810
2749	2822	2.274139
2750	2838	2.287033
2751	2834	2.283810
2752	2830	2.280586
2753	2834	2.283810
2754	2838	2.287033
2755	2838	2.287033
2756	2838	2.287033
2757	2830	2.280586
2758	2838	2.287033
2759	2822	2.274139
2760	2838	2.287033
2761	2838	2.287033
2762	2838	2.287033
2763	2850	2.296703
2764	2854	2.299927
2765	2850	2.296703
2766	2838	2.287033
2767	2850	2.296703
2768	2854	2.299927
2769	2838	2.287033
2770	2855	2.300733
2771	2850	2.296703
2772	2854	2.299927
2773	2854	2.299927
2774	2850	2.296703
2775	2854	2.299927
2776	2854	2.299927
2777	2854	2.299927
2778	2854	2.299927
2779	2862	2.306374
2780	2855	2.300733
2781	2862	2.306374
2782	2862	2.306374
2783	2854	2.299927
2784	2850	2.296703
2785	2854	2.299927
2786	2870	2.312821
2787	2854	2.299927
2788	2854	2.299927
2789	2854	2.299927
2790	2862	2.306374
2791	2866	2.309597
2792	2854	2.299927
2793	2866	2.309597
2794	2870	2.312821
2795	2866	2.309597
2796	2854	2.299927
2797	2870	2.312821
2798	2862	2.306374
2799	2862	2.306374
2800	2854	2.299927
2801	2854	2.299927
2802	2855	2.300733
2803	2870	2.312821
2804	2854	2.299927
2805	2882	2.322491
2806	2862	2.306374
2807	2870	2.312821
2808	2862	2.306374
2809	2870	2.312821
2810	2854	2.299927
2811	2862	2.306374
2812	2870	2.312821
2813	2870	2.312821
2814	2870	2.312821
2815	2870	2.312821
2816	2870	2.312821
2817	2854	2.299927
2818	2862	2.306374
2819	2870	2.312821
2820	2870	2.312821
2821	2862	2.306374
2822	2866	2.309597
2823	2878	2.319267
2824	2870	2.312821
2825	2870	2.312821
2826	2886	2.325714
2827	2882	2.322491
2828	2882	2.322491
2829	2882	2.322491
2830	2878	2.319267
2831	2870	2.312821
2832	2882	2.322491
2833	2886	2.325714
2834	2886	2.325714
2835	2882	2.322491
2836	2886	2.325714
2837	2886	2.325714
2838	2870	2.312821
2839	2871	2.313626
2840	2878	2.319267
2841	2886	2.325714
2842	2886	2.325714
2843	2886	2.325714
2844	2870	2.312821
2845	2886	2.325714
2846	2870	2.312821
2847	2882	2.322491
2848	2882	2.322491
2849	2882	2.322491
2850	2886	2.325714
2851	2886	2.325714
2852	2886	2.325714
2853	2882	2.322491
2854	2886	2.325714
2855	2882	2.322491
2856	2882	2.322491
2857	2882	2.322491
2858	2898	2.335385
2859	2882	2.322491
2860	2886	2.325714
2861	2898	2.335385
2862	2886	2.325714
2863	2886	2.325714
2864	2886	2.325714
2865	2894	2.332161
2866	2886	2.325714
2867	2882	2.322491
2868	2887	2.326520
2869	2894	2.332161
2870	2894	2.332161
2871	2886	2.325714
2872	2886	2.325714
2873	2894	2.332161
2874	2886	2.325714
2875	2886	2.325714
2876	2886	2.325714
2877	2898	2.335385
2878	2886	2.325714
2879	2886	2.325714
2880	2886	2.325714
2881	2902	2.338608
2882	2902	2.338608
2883	2894	2.332161
2884	2894	2.332161
2885	2902	2.338608
2886	2902	2.338608
2887	2894	2.332161
2888	2902	2.338608
2889	2902	2.338608
2890	2902	2.338608
2891	2914	2.348278
2892	2902	2.338608
2893	2902	2.338608
2894	2882	2.322491
2895	2898	2.335385
2896	2902	2.338608
2897	2894	2.332161
2898	2898	2.335385
2899	2902	2.338608
2900	2902	2.338608
2901	2894	2.332161
2902	2902	2.338608
2903	2886	2.325714
2904	2902	2.338608
2905	2902	2.338608
2906	2914	2.348278
2907	2902	2.338608
2908	2898	2.335385
2909	2898	2.335385
2910	2886	2.325714
2911	2898	2.335385
2912	2886	2.325714
2913	2918	2.351502
2914	2902	2.338608
2915	2902	2.338608
2916	2898	2.335385
2917	2914	2.348278
2918	2902	2.338608
2919	2902	2.338608
2920	2918	2.351502
2921	2918	2.351502
2922	2914	2.348278
2923	2918	2.351502
2924	2902	2.338608
2925	2902	2.338608
2926	2918	2.351502
2927	2902	2.338608
2928	2902	2.338608
2929	2898	2.335385
2930	2902	2.338608
2931	2914	2.348278
2932	2918	2.351502
2933	2914	2.348278
2934	2918	2.351502
2935	2918	2.351502
2936	2902	2.338608
2937	2914	2.348278
2938	2918	2.351502
2939	2918	2.351502
2940	2914	2.348278
2941	2902	2.338608
2942	2918	2.351502
2943	2918	2.351502
2944	2914	2.348278
2945	2914	2.348278
2946	2918	2.351502
2947	2918	2.351502
2948	2918	2.351502
2949	2902	2.338608
2950	2918	2.351502
2951	2934	2.364396
2952	2926	2.357949
2953	2902	2.338608
2954	2902	2.338608
2955	2918	2.351502
2956	2930	2.361172
2957	2914	2.348278
2958	2930	2.361172
2959	2918	2.351502
2960	2918	2.351502
2961	2918	2.351502
2962	2918	2.351502
2963	2918	2.351502
2964	2914	2.348278
2965	2918	2.351502
2966	2918	2.351502
2967	2918	2.351502
2968	2918	2.351502
2969	2918	2.351502
2970	2918	2.351502
2971	2914	2.348278
2972	2914	2.348278
2973	2918	2.351502
2974	2919	2.352308
2975	2914	2.348278
2976	2926	2.357949
2977	2930	2.361172
2978	2934	2.364396
2979	2918	2.351502
2980	2918	2.351502
2981	2930	2.361172
2982	2926	2.357949
2983	2926	2.357949
2984	2918	2.351502
2985	2934	2.364396
2986	2918	2.351502
2987	2918	2.351502
2988	2934	2.364396
2989	2930	2.361172
2990	2918	2.351502
2991	2926	2.357949
2992	2918	2.351502
2993	2934	2.364396
2994	2934	2.364396
2995	2930	2.361172
2996	2930	2.361172
2997	2934	2.364396
2998	2930	2.361172
2999	2918	2.351502
3000	2934	2.364396
3001	2918	2.351502
3002	2934	2.364396
3003	2934	2.364396
3004	2926	2.357949
3005	2918	2.351502
3006	2926	2.357949
3007	2934	2.364396
3008	2934	2.364396
3009	2934	2.364396
3010	2934	2.364396
3011	2926	2.357949
3012	2918	2.351502
3013	2930	2.361172
3014	2918	2.351502
3015	2934	2.364396
3016	2918	2.351502
3017	2930	2.361172
3018	2926	2.357949
3019	2926	2.357949
3020	2934	2.364396
3021	2930	2.361172
3022	2918	2.351502
3023	2918	2.351502
3024	2918	2.351502
3025	2930	2.361172
3026	2934	2.364396
3027	2934	2.364396
3028	2926	2.357949
3029	2919	2.352308
3030	2918	2.351502
3031	2918	2.351502
3032	2934	2.364396
3033	2934	2.364396
3034	2934	2.364396
3035	2918	2.351502
3036	2934	2.364396
3037	2934	2.364396
3038	2934	2.364396
3039	2919	2.352308
3040	2926	2.357949
3041	2918	2.351502
3042	2926	2.357949
3043	2934	2.364396
3044	2926	2.357949
3045	2934	2.364396
3046	2934	2.364396
3047	2934	2.364396
3048	2930	2.361172
3049	2934	2.364396
3050	2918	2.351502
3051	2926	2.357949
3052	2934	2.364396
3053	2926	2.357949
3054	2930	2.361172
3055	2934	2.364396
3056	2930	2.361172
3057	2930	2.361172
3058	2926	2.357949
3059	2934	2.364396
3060	2934	2.364396
3061	2934	2.364396
3062	2926	2.357949
3063	2926	2.357949
3064	2942	2.370842
3065	2934	2.364396
3066	2926	2.357949
3067	2930	2.361172
3068	2930	2.361172
3069	2926	2.357949
3070	2918	2.351502
3071	2930	2.361172
3072	2934	2.364396
3073	2934	2.364396
3074	2934	2.364396
3075	2934	2.364396
3076	2934	2.364396
3077	2934	2.364396
3078	2934	2.364396
3079	2934	2.364396
3080	2934	2.364396
3081	2934	2.364396
3082	2934	2.364396
3083	2942	2.370842
3084	2934	2.364396
3085	2934	2.364396
3086	2934	2.364396
3087	2934	2.364396
3088	2930	2.361172
3089	2934	2.364396
3090	2926	2.357949
3091	2934	2.364396
3092	2934	2.364396
3093	2926	2.357949
3094	2934	2.364396
3095	2934	2.364396
3096	2934	2.364396
3097	2934	2.364396
3098	2934	2.364396
3099	2918	2.351502
3100	2942	2.370842
3101	2934	2.364396
3102	2930	2.361172
3103	2934	2.364396
3104	2934	2.364396
3105	2934	2.364396
3106	2926	2.357949
3107	2934	2.364396
3108	2934	2.364396
3109	2934	2.364396
3110	2942	2.370842
3111	2934	2.364396
3112	2942	2.370842
3113	2934	2.364396
3114	2934	2.364396
3115	2930	2.361172
3116	2942	2.370842
3117	2934	2.364396
3118	2934	2.364396
3119	2934	2.364396
3120	2934	2.364396
3121	2934	2.364396
3122	2934	2.364396
3123	2934	2.364396
3124	2918	2.351502
3125	2930	2.361172
3126	2934	2.364396
3127	2926	2.357949
3128	2942	2.370842
3129	2942	2.370842
3130	2930	2.361172
3131	2934	2.364396
3132	2934	2.364396
3133	2934	2.364396
3134	2934	2.364396
3135	2934	2.364396
3136	2935	2.365201
3137	2942	2.370842
3138	2942	2.370842
3139	2934	2.364396
3140	2934	2.364396
3141	2934	2.364396
3142	2950	2.377289
3143	2942	2.370842
3144	2934	2.364396
3145	2934	2.364396
3146	2934	2.364396
3147	2934	2.364396
3148	2942	2.370842
3149	2934	2.364396
3150	2934	2.364396
3151	2934	2.364396
3152	2942	2.370842
3153	2950	2.377289
3154	2934	2.364396
3155	2934	2.364396
3156	2934	2.364396
3157	2942	2.370842
3158	2950	2.377289
3159	2934	2.364396
3160	2934	2.364396
3161	2934	2.364396
3162	2935	2.365201
3163	2934	2.364396
3164	2942	2.370842
3165	2942	2.370842
3166	2934	2.364396
3167	2934	2.364396
3168	2934	2.364396
3169	2934	2.364396
3170	2950	2.377289
3171	2934	2.364396
3172	2942	2.370842
3173	2934	2.364396
3174	2942	2.370842
3175	2935	2.365201
3176	2942	2.370842
3177	2934	2.364396
3178	2950	2.377289
3179	2934	2.364396
3180	2930	2.361172
3181	2942	2.370842
3182	2950	2.377289
3183	2934	2.364396
3184	2934	2.364396
3185	2942	2.370842
3186	2950	2.377289
3187	2950	2.377289
3188	2950	2.377289
3189	2942	2.370842
3190	2942	2.370842
3191	2934	2.364396
3192	2950	2.377289
3193	2942	2.370842
3194	2950	2.377289
3195	2934	2.364396
3196	2942	2.370842
3197	2934	2.364396
3198	2934	2.364396
3199	2942	2.370842
3200	2942	2.370842
3201	2942	2.370842
3202	2950	2.377289
3203	2934	2.364396
3204	2934	2.364396
3205	2950	2.377289
3206	2934	2.364396
3207	2950	2.377289
3208	2942	2.370842
3209	2934	2.364396
3210	2942	2.370842
3211	2935	2.365201
3212	2951	2.378095
3213	2950	2.377289
3214	2934	2.364396
3215	2942	2.370842
3216	2934	2.364396
3217	2934	2.364396
3218	2950	2.377289
3219	2942	2.370842
3220	2950	2.377289
3221	2950	2.377289
3222	2950	2.377289
3223	2950	2.377289
3224	2950	2.377289
3225	2942	2.370842
3226	2942	2.370842
3227	2942	2.370842
3228	2942	2.370842
3229	2942	2.370842
3230	2950	2.377289
3231	2942	2.370842
3232	2950	2.377289
3233	2942	2.370842
3234	2950	2.377289
3235	2950	2.377289
3236	2950	2.377289
3237	2934	2.364396
3238	2950	2.377289
3239	2934	2.364396
3240	2942	2.370842
3241	2934	2.364396
3242	2934	2.364396
3243	2950	2.377289
3244	2935	2.365201
3245	2958	2.383736
3246	2942	2.370842
3247	2950	2.377289
3248	2950	2.377289
3249	2950	2.377289
3250	2942	2.370842
3251	2934	2.364396
3252	2934	2.364396
3253	2942	2.370842
3254	2934	2.364396
3255	2942	2.370842
3256	2958	2.383736
3257	2935	2.365201
3258	2942	2.370842
3259	2942	2.370842
3260	2950	2.377289
3261	2934	2.364396
3262	2950	2.377289
3263	2942	2.370842
3264	2934	2.364396
3265	2934	2.364396
3266	2966	2.390183
3267	2950	2.377289
3268	2942	2.370842
3269	2950	2.377289
3270	2942	2.370842
3271	2951	2.378095
3272	2942	2.370842
3273	2951	2.378095
3274	2958	2.383736
3275	2942	2.370842
3276	2942	2.370842
3277	2942	2.370842
3278	2942	2.370842
3279	2950	2.377289
3280	2950	2.377289
3281	2950	2.377289
3282	2950	2.377289
3283	2950	2.377289
3284	2942	2.370842
3285	2934	2.364396
3286	2950	2.377289
3287	2958	2.383736
3288	2950	2.377289
3289	2958	2.383736
3290	2942	2.370842
3291	2934	2.364396
3292	2942	2.370842
3293	2950	2.377289
3294	2958	2.383736
3295	2950	2.377289
3296	2942	2.370842
3297	2942	2.370842
3298	2950	2.377289
3299	2942	2.370842
3300	2950	2.377289
3301	2942	2.370842
3302	2950	2.377289
3303	2934	2.364396
3304	2950	2.377289
3305	2950	2.377289
3306	2958	2.383736
3307	2942	2.370842
3308	2950	2.377289
3309	2950	2.377289
3310	2950	2.377289
3311	2950	2.377289
3312	2950	2.377289
3313	2950	2.377289
3314	2950	2.377289
3315	2950	2.377289
3316	2950	2.377289
3317	2950	2.377289
3318	2966	2.390183
3319	2942	2.370842
3320	2950	2.377289
3321	2966	2.390183
3322	2950	2.377289
3323	2950	2.377289
3324	2950	2.377289
3325	2966	2.390183
3326	2950	2.377289
3327	2942	2.370842
3328	2942	2.370842
3329	2950	2.377289
3330	2966	2.390183
3331	2951	2.378095
3332	2950	2.377289
3333	2950	2.377289
3334	2958	2.383736
3335	2942	2.370842
3336	2942	2.370842
3337	2950	2.377289
3338	2934	2.364396
3339	2950	2.377289
3340	2942	2.370842
3341	2950	2.377289
3342	2950	2.377289
3343	2950	2.377289
3344	2942	2.370842
3345	2958	2.383736
3346	2942	2.370842
3347	2950	2.377289
3348	2950	2.377289
3349	2942	2.370842
3350	2950	2.377289
3351	2950	2.377289
3352	2942	2.370842
3353	2950	2.377289
3354	2958	2.383736
3355	2950	2.377289
3356	2966	2.390183
3357	2962	2.386960
3358	2942	2.370842
3359	2962	2.386960
3360	2950	2.377289
3361	2942	2.370842
3362	2962	2.386960
3363	2958	2.383736
3364	2950	2.377289
3365	2966	2.390183
3366	2950	2.377289
3367	2942	2.370842
3368	2942	2.370842
3369	2950	2.377289
3370	2950	2.377289
3371	2950	2.377289
3372	2966	2.390183
3373	2962	2.386960
3374	2962	2.386960
3375	2942	2.370842
3376	2951	2.378095
3377	2950	2.377289
3378	2950	2.377289
3379	2950	2.377289
3380	2942	2.370842
3381	2942	2.370842
3382	2958	2.383736
3383	2958	2.383736
3384	2958	2.383736
3385	2950	2.377289
3386	2950	2.377289
3387	2950	2.377289
3388	2950	2.377289
3389	2962	2.386960
3390	2950	2.377289
3391	2942	2.370842
3392	2950	2.377289
3393	2950	2.377289
3394	2958	2.383736
3395	2950	2.377289
3396	2966	2.390183
3397	2942	2.370842
3398	2934	2.364396
3399	2950	2.377289
3400	2950	2.377289
3401	2950	2.377289
3402	2950	2.377289
3403	2950	2.377289
3404	2950	2.377289
3405	2950	2.377289
3406	2950	2.377289
3407	2950	2.377289
3408	2942	2.370842
3409	2951	2.378095
3410	2950	2.377289
3411	2942	2.370842
3412	2942	2.370842
3413	2950	2.377289
3414	2942	2.370842
3415	2950	2.377289
3416	2950	2.377289
3417	2951	2.378095
3418	2951	2.378095
3419	2942	2.370842
3420	2942	2.370842
3421	2962	2.386960
3422	2950	2.377289
3423	2934	2.364396
3424	2942	2.370842
3425	2935	2.365201
3426	2942	2.370842
3427	2950	2.377289
3428	2942	2.370842
3429	2942	2.370842
3430	2950	2.377289
3431	2950	2.377289
3432	2950	2.377289
3433	2950	2.377289
3434	2950	2.377289
3435	2950	2.377289
3436	2950	2.377289
3437	2942	2.370842
3438	2942	2.370842
3439	2950	2.377289
3440	2966	2.390183
3441	2934	2.364396
3442	2950	2.377289
3443	2942	2.370842
3444	2962	2.386960
3445	2934	2.364396
3446	2950	2.377289
3447	2950	2.377289
3448	2950	2.377289
3449	2942	2.370842
3450	2935	2.365201
3451	2950	2.377289
3452	2942	2.370842
3453	2950	2.377289
3454	2950	2.377289
3455	2950	2.377289
3456	2942	2.370842
3457	2950	2.377289
3458	2950	2.377289
3459	2950	2.377289
3460	2950	2.377289
3461	2942	2.370842
3462	2950	2.377289
3463	2942	2.370842
3464	2950	2.377289
3465	2942	2.370842
3466	2950	2.377289
3467	2942	2.370842
3468	2958	2.383736
3469	2950	2.377289
3470	2950	2.377289
3471	2942	2.370842
3472	2950	2.377289
3473	2950	2.377289
3474	2950	2.377289
3475	2942	2.370842
3476	2950	2.377289
3477	2950	2.377289
3478	2950	2.377289
3479	2934	2.364396
3480	2950	2.377289
3481	2942	2.370842
3482	2942	2.370842
3483	2950	2.377289
3484	2942	2.370842
3485	2951	2.378095
3486	2934	2.364396
3487	2935	2.365201
3488	2950	2.377289
3489	2934	2.364396
3490	2942	2.370842
3491	2950	2.377289
3492	2950	2.377289
3493	2950	2.377289
3494	2930	2.361172
3495	2942	2.370842
3496	2934	2.364396
3497	2950	2.377289
3498	2934	2.364396
3499	2942	2.370842
3500	2934	2.364396
3501	2950	2.377289
3502	2934	2.364396
3503	2934	2.364396
3504	2934	2.364396
3505	2942	2.370842
3506	2934	2.364396
3507	2950	2.377289
3508	2935	2.365201
3509	2934	2.364396
3510	2934	2.364396
3511	2942	2.370842
3512	2934	2.364396
3513	2942	2.370842
3514	2934	2.364396
3515	2934	2.364396
3516	2942	2.370842
3517	2942	2.370842
3518	2934	2.364396
3519	2934	2.364396
3520	2934	2.364396
3521	2942	2.370842
3522	2934	2.364396
3523	2926	2.357949
3524	2934	2.364396
3525	2934	2.364396
3526	2934	2.364396
3527	2934	2.364396
3528	2934	2.364396
3529	2934	2.364396
3530	2942	2.370842
3531	2934	2.364396
3532	2934	2.364396
3533	2918	2.351502
3534	2926	2.357949
3535	2934	2.364396
3536	2935	2.365201
3537	2934	2.364396
3538	2942	2.370842
3539	2934	2.364396
3540	2934	2.364396
3541	2926	2.357949
3542	2926	2.357949
3543	2934	2.364396
3544	2934	2.364396
3545	2934	2.364396
3546	2934	2.364396
3547	2934	2.364396
3548	2934	2.364396
3549	2918	2.351502
3550	2918	2.351502
3551	2934	2.364396
3552	2926	2.357949
3553	2934	2.364396
3554	2934	2.364396
3555	2926	2.357949
3556	2934	2.364396
3557	2930	2.361172
3558	2930	2.361172
3559	2930	2.361172
3560	2926	2.357949
3561	2930	2.361172
3562	2918	2.351502
3563	2918	2.351502
3564	2918	2.351502
3565	2918	2.351502
3566	2918	2.351502
3567	2919	2.352308
3568	2934	2.364396
3569	2934	2.364396
3570	2918	2.351502
3571	2926	2.357949
3572	2918	2.351502
3573	2926	2.357949
3574	2914	2.348278
3575	2918	2.351502
3576	2918	2.351502
3577	2926	2.357949
3578	2918	2.351502
3579	2918	2.351502
3580	2918	2.351502
3581	2918	2.351502
3582	2914	2.348278
3583	2918	2.351502
3584	2914	2.348278
3585	2903	2.339414
3586	2914	2.348278
3587	2918	2.351502
3588	2902	2.338608
3589	2918	2.351502
3590	2918	2.351502
3591	2902	2.338608
3592	2918	2.351502
3593	2914	2.348278
3594	2902	2.338608
3595	2914	2.348278
3596	2918	2.351502
3597	2918	2.351502
3598	2902	2.338608
3599	2914	2.348278
3600	2918	2.351502
3601	2914	2.348278
3602	2902	2.338608
3603	2918	2.351502
3604	2918	2.351502
3605	2902	2.338608
3606	2902	2.338608
3607	2902	2.338608
3608	2902	2.338608
3609	2902	2.338608
3610	2902	2.338608
3611	2902	2.338608
3612	2914	2.348278
3613	2914	2.348278
3614	2902	2.338608
3615	2886	2.325714
3616	2918	2.351502
3617	2902	2.338608
3618	2914	2.348278
3619	2914	2.348278
3620	2902	2.338608
3621	2902	2.338608
3622	2914	2.348278
3623	2902	2.338608
3624	2902	2.338608
3625	2902	2.338608
3626	2902	2.338608
3627	2902	2.338608
3628	2902	2.338608
3629	2902	2.338608
3630	2902	2.338608
3631	2902	2.338608
3632	2902	2.338608
3633	2902	2.338608
3634	2902	2.338608
3635	2902	2.338608
3636	2914	2.348278
3637	2886	2.325714
3638	2898	2.335385
3639	2898	2.335385
3640	2894	2.332161
3641	2902	2.338608
3642	2902	2.338608
3643	2894	2.332161
3644	2894	2.332161
3645	2894	2.332161
3646	2902	2.338608
3647	2902	2.338608
