Pixel	ADC	VoltageV
1	3942	3.176703
2	3938	3.173480
3	3938	3.173480
4	3926	3.163810
5	3938	3.173480
6	3938	3.173480
7	3926	3.163810
8	3926	3.163810
9	3926	3.163810
10	3926	3.163810
11	3926	3.163810
12	3926	3.163810
13	3926	3.163810
14	3926	3.163810
15	3926	3.163810
16	3922	3.160586
17	2710	2.183883
18	1734	1.397363
19	1746	1.407033
20	1746	1.407033
21	1766	1.423150
22	1766	1.423150
23	1750	1.410256
24	1760	1.418315
25	1766	1.423150
26	1758	1.416703
27	1750	1.410256
28	1762	1.419927
29	1782	1.436044
30	1782	1.436044
31	1766	1.423150
32	1766	1.423150
33	1766	1.423150
34	1766	1.423150
35	1762	1.419927
36	1750	1.410256
37	1762	1.419927
38	1762	1.419927
39	1766	1.423150
40	1750	1.410256
41	1762	1.419927
42	1766	1.423150
43	1766	1.423150
44	1750	1.410256
45	1762	1.419927
46	1766	1.423150
47	1766	1.423150
48	1762	1.419927
49	1774	1.429597
50	1766	1.423150
51	1762	1.419927
52	1766	1.423150
53	1774	1.429597
54	1766	1.423150
55	1750	1.410256
56	1762	1.419927
57	1767	1.423956
58	1762	1.419927
59	1766	1.423150
60	1762	1.419927
61	1766	1.423150
62	1778	1.432821
63	1766	1.423150
64	1751	1.411062
65	1766	1.423150
66	1762	1.419927
67	1762	1.419927
68	1762	1.419927
69	1750	1.410256
70	1766	1.423150
71	1762	1.419927
72	1766	1.423150
73	1774	1.429597
74	1774	1.429597
75	1782	1.436044
76	1762	1.419927
77	1766	1.423150
78	1766	1.423150
79	1766	1.423150
80	1767	1.423956
81	1766	1.423150
82	1766	1.423150
83	1767	1.423956
84	1762	1.419927
85	1750	1.410256
86	1750	1.410256
87	1774	1.429597
88	1762	1.419927
89	1762	1.419927
90	1750	1.410256
91	1766	1.423150
92	1751	1.411062
93	1750	1.410256
94	1760	1.418315
95	1766	1.423150
96	1762	1.419927
97	1758	1.416703
98	1778	1.432821
99	1774	1.429597
100	1774	1.429597
101	1762	1.419927
102	1766	1.423150
103	1774	1.429597
104	1774	1.429597
105	1750	1.410256
106	1751	1.411062
107	1774	1.429597
108	1766	1.423150
109	1762	1.419927
110	1762	1.419927
111	1762	1.419927
112	1762	1.419927
113	1762	1.419927
114	1766	1.423150
115	1762	1.419927
116	1766	1.423150
117	1778	1.432821
118	1766	1.423150
119	1774	1.429597
120	1766	1.423150
121	1774	1.429597
122	1782	1.436044
123	1762	1.419927
124	1766	1.423150
125	1766	1.423150
126	1766	1.423150
127	1766	1.423150
128	1766	1.423150
129	1774	1.429597
130	1762	1.419927
131	1766	1.423150
132	1774	1.429597
133	1766	1.423150
134	1766	1.423150
135	1760	1.418315
136	1766	1.423150
137	1750	1.410256
138	1762	1.419927
139	1766	1.423150
140	1762	1.419927
141	1767	1.423956
142	1778	1.432821
143	1766	1.423150
144	1774	1.429597
145	1766	1.423150
146	1774	1.429597
147	1794	1.445714
148	1766	1.423150
149	1750	1.410256
150	1766	1.423150
151	1778	1.432821
152	1790	1.442491
153	1766	1.423150
154	1767	1.423956
155	1782	1.436044
156	1766	1.423150
157	1766	1.423150
158	1766	1.423150
159	1766	1.423150
160	1750	1.410256
161	1766	1.423150
162	1766	1.423150
163	1762	1.419927
164	1782	1.436044
165	1774	1.429597
166	1774	1.429597
167	1774	1.429597
168	1782	1.436044
169	1782	1.436044
170	1774	1.429597
171	1783	1.436850
172	1766	1.423150
173	1766	1.423150
174	1766	1.423150
175	1766	1.423150
176	1766	1.423150
177	1782	1.436044
178	1766	1.423150
179	1767	1.423956
180	1774	1.429597
181	1774	1.429597
182	1774	1.429597
183	1766	1.423150
184	1782	1.436044
185	1782	1.436044
186	1762	1.419927
187	1766	1.423150
188	1766	1.423150
189	1782	1.436044
190	1782	1.436044
191	1766	1.423150
192	1774	1.429597
193	1766	1.423150
194	1774	1.429597
195	1766	1.423150
196	1766	1.423150
197	1766	1.423150
198	1762	1.419927
199	1774	1.429597
200	1774	1.429597
201	1774	1.429597
202	1774	1.429597
203	1762	1.419927
204	1774	1.429597
205	1774	1.429597
206	1774	1.429597
207	1762	1.419927
208	1766	1.423150
209	1766	1.423150
210	1782	1.436044
211	1766	1.423150
212	1766	1.423150
213	1774	1.429597
214	1766	1.423150
215	1782	1.436044
216	1767	1.423956
217	1766	1.423150
218	1766	1.423150
219	1766	1.423150
220	1766	1.423150
221	1782	1.436044
222	1778	1.432821
223	1782	1.436044
224	1750	1.410256
225	1778	1.432821
226	1762	1.419927
227	1762	1.419927
228	1774	1.429597
229	1778	1.432821
230	1782	1.436044
231	1774	1.429597
232	1774	1.429597
233	1766	1.423150
234	1778	1.432821
235	1760	1.418315
236	1762	1.419927
237	1774	1.429597
238	1766	1.423150
239	1782	1.436044
240	1782	1.436044
241	1774	1.429597
242	1762	1.419927
243	1762	1.419927
244	1766	1.423150
245	1766	1.423150
246	1762	1.419927
247	1774	1.429597
248	1766	1.423150
249	1766	1.423150
250	1766	1.423150
251	1774	1.429597
252	1792	1.444103
253	1767	1.423956
254	1782	1.436044
255	1774	1.429597
256	1774	1.429597
257	1774	1.429597
258	1778	1.432821
259	1767	1.423956
260	1778	1.432821
261	1766	1.423150
262	1766	1.423150
263	1782	1.436044
264	1782	1.436044
265	1767	1.423956
266	1766	1.423150
267	1762	1.419927
268	1790	1.442491
269	1782	1.436044
270	1750	1.410256
271	1762	1.419927
272	1798	1.448938
273	1782	1.436044
274	1782	1.436044
275	1762	1.419927
276	1766	1.423150
277	1774	1.429597
278	1774	1.429597
279	1767	1.423956
280	1774	1.429597
281	1778	1.432821
282	1767	1.423956
283	1766	1.423150
284	1766	1.423150
285	1766	1.423150
286	1778	1.432821
287	1766	1.423150
288	1766	1.423150
289	1774	1.429597
290	1766	1.423150
291	1762	1.419927
292	1766	1.423150
293	1766	1.423150
294	1766	1.423150
295	1766	1.423150
296	1778	1.432821
297	1778	1.432821
298	1778	1.432821
299	1774	1.429597
300	1766	1.423150
301	1782	1.436044
302	1794	1.445714
303	1782	1.436044
304	1774	1.429597
305	1767	1.423956
306	1774	1.429597
307	1782	1.436044
308	1794	1.445714
309	1794	1.445714
310	1778	1.432821
311	1782	1.436044
312	1794	1.445714
313	1766	1.423150
314	1782	1.436044
315	1778	1.432821
316	1778	1.432821
317	1778	1.432821
318	1766	1.423150
319	1778	1.432821
320	1778	1.432821
321	1783	1.436850
322	1778	1.432821
323	1783	1.436850
324	1774	1.429597
325	1794	1.445714
326	1782	1.436044
327	1794	1.445714
328	1778	1.432821
329	1790	1.442491
330	1782	1.436044
331	1783	1.436850
332	1782	1.436044
333	1798	1.448938
334	1783	1.436850
335	1778	1.432821
336	1798	1.448938
337	1792	1.444103
338	1782	1.436044
339	1778	1.432821
340	1790	1.442491
341	1782	1.436044
342	1798	1.448938
343	1798	1.448938
344	1778	1.432821
345	1782	1.436044
346	1792	1.444103
347	1798	1.448938
348	1794	1.445714
349	1798	1.448938
350	1798	1.448938
351	1792	1.444103
352	1782	1.436044
353	1782	1.436044
354	1794	1.445714
355	1792	1.444103
356	1782	1.436044
357	1766	1.423150
358	1782	1.436044
359	1798	1.448938
360	1790	1.442491
361	1782	1.436044
362	1778	1.432821
363	1782	1.436044
364	1798	1.448938
365	1794	1.445714
366	1783	1.436850
367	1782	1.436044
368	1782	1.436044
369	1783	1.436850
370	1783	1.436850
371	1794	1.445714
372	1778	1.432821
373	1774	1.429597
374	1806	1.455385
375	1794	1.445714
376	1794	1.445714
377	1798	1.448938
378	1794	1.445714
379	1792	1.444103
380	1782	1.436044
381	1767	1.423956
382	1778	1.432821
383	1782	1.436044
384	1794	1.445714
385	1778	1.432821
386	1782	1.436044
387	1794	1.445714
388	1794	1.445714
389	1790	1.442491
390	1782	1.436044
391	1782	1.436044
392	1794	1.445714
393	1794	1.445714
394	1778	1.432821
395	1798	1.448938
396	1794	1.445714
397	1794	1.445714
398	1798	1.448938
399	1782	1.436044
400	1766	1.423150
401	1794	1.445714
402	1782	1.436044
403	1798	1.448938
404	1798	1.448938
405	1794	1.445714
406	1782	1.436044
407	1792	1.444103
408	1794	1.445714
409	1782	1.436044
410	1782	1.436044
411	1782	1.436044
412	1794	1.445714
413	1798	1.448938
414	1778	1.432821
415	1778	1.432821
416	1798	1.448938
417	1783	1.436850
418	1766	1.423150
419	1806	1.455385
420	1798	1.448938
421	1782	1.436044
422	1782	1.436044
423	1798	1.448938
424	1794	1.445714
425	1798	1.448938
426	1782	1.436044
427	1782	1.436044
428	1783	1.436850
429	1794	1.445714
430	1790	1.442491
431	1794	1.445714
432	1794	1.445714
433	1782	1.436044
434	1782	1.436044
435	1794	1.445714
436	1798	1.448938
437	1782	1.436044
438	1782	1.436044
439	1798	1.448938
440	1794	1.445714
441	1786	1.439267
442	1782	1.436044
443	1798	1.448938
444	1778	1.432821
445	1792	1.444103
446	1798	1.448938
447	1794	1.445714
448	1782	1.436044
449	1782	1.436044
450	1798	1.448938
451	1790	1.442491
452	1794	1.445714
453	1782	1.436044
454	1810	1.458608
455	1778	1.432821
456	1782	1.436044
457	1782	1.436044
458	1794	1.445714
459	1782	1.436044
460	1782	1.436044
461	1798	1.448938
462	1794	1.445714
463	1782	1.436044
464	1794	1.445714
465	1794	1.445714
466	1794	1.445714
467	1782	1.436044
468	1782	1.436044
469	1798	1.448938
470	1798	1.448938
471	1790	1.442491
472	1766	1.423150
473	1794	1.445714
474	1798	1.448938
475	1794	1.445714
476	1792	1.444103
477	1782	1.436044
478	1782	1.436044
479	1794	1.445714
480	1798	1.448938
481	1782	1.436044
482	1783	1.436850
483	1782	1.436044
484	1794	1.445714
485	1794	1.445714
486	1782	1.436044
487	1794	1.445714
488	1782	1.436044
489	1778	1.432821
490	1782	1.436044
491	1794	1.445714
492	1783	1.436850
493	1799	1.449744
494	1766	1.423150
495	1774	1.429597
496	1794	1.445714
497	1782	1.436044
498	1778	1.432821
499	1762	1.419927
500	1767	1.423956
501	1774	1.429597
502	1774	1.429597
503	1766	1.423150
504	1782	1.436044
505	1782	1.436044
506	1750	1.410256
507	1782	1.436044
508	1782	1.436044
509	1794	1.445714
510	1766	1.423150
511	1750	1.410256
512	1782	1.436044
513	1798	1.448938
514	1782	1.436044
515	1766	1.423150
516	1778	1.432821
517	1782	1.436044
518	1762	1.419927
519	1766	1.423150
520	1778	1.432821
521	1778	1.432821
522	1774	1.429597
523	1767	1.423956
524	1782	1.436044
525	1774	1.429597
526	1774	1.429597
527	1774	1.429597
528	1766	1.423150
529	1782	1.436044
530	1766	1.423150
531	1766	1.423150
532	1766	1.423150
533	1766	1.423150
534	1766	1.423150
535	1766	1.423150
536	1758	1.416703
537	1762	1.419927
538	1762	1.419927
539	1750	1.410256
540	1766	1.423150
541	1778	1.432821
542	1762	1.419927
543	1750	1.410256
544	1750	1.410256
545	1762	1.419927
546	1774	1.429597
547	1774	1.429597
548	1762	1.419927
549	1766	1.423150
550	1778	1.432821
551	1774	1.429597
552	1766	1.423150
553	1774	1.429597
554	1750	1.410256
555	1766	1.423150
556	1762	1.419927
557	1762	1.419927
558	1758	1.416703
559	1758	1.416703
560	1762	1.419927
561	1762	1.419927
562	1762	1.419927
563	1778	1.432821
564	1766	1.423150
565	1742	1.403810
566	1742	1.403810
567	1746	1.407033
568	1750	1.410256
569	1751	1.411062
570	1750	1.410256
571	1742	1.403810
572	1742	1.403810
573	1758	1.416703
574	1750	1.410256
575	1734	1.397363
576	1734	1.397363
577	1742	1.403810
578	1750	1.410256
579	1734	1.397363
580	1742	1.403810
581	1734	1.397363
582	1751	1.411062
583	1750	1.410256
584	1746	1.407033
585	1734	1.397363
586	1734	1.397363
587	1746	1.407033
588	1750	1.410256
589	1730	1.394139
590	1742	1.403810
591	1734	1.397363
592	1734	1.397363
593	1742	1.403810
594	1734	1.397363
595	1734	1.397363
596	1718	1.384469
597	1730	1.394139
598	1734	1.397363
599	1730	1.394139
600	1718	1.384469
601	1726	1.390916
602	1718	1.384469
603	1719	1.385275
604	1718	1.384469
605	1718	1.384469
606	1718	1.384469
607	1714	1.381245
608	1714	1.381245
609	1714	1.381245
610	1718	1.384469
611	1714	1.381245
612	1702	1.371575
613	1698	1.368352
614	1714	1.381245
615	1702	1.371575
616	1702	1.371575
617	1694	1.365128
618	1702	1.371575
619	1702	1.371575
620	1710	1.378022
621	1714	1.381245
622	1710	1.378022
623	1702	1.371575
624	1698	1.368352
625	1703	1.372381
626	1686	1.358681
627	1694	1.365128
628	1686	1.358681
629	1670	1.345788
630	1686	1.358681
631	1682	1.355458
632	1686	1.358681
633	1670	1.345788
634	1671	1.346593
635	1678	1.352234
636	1682	1.355458
637	1682	1.355458
638	1670	1.345788
639	1663	1.340147
640	1670	1.345788
641	1670	1.345788
642	1670	1.345788
643	1663	1.340147
644	1655	1.333700
645	1654	1.332894
646	1662	1.339341
647	1678	1.352234
648	1662	1.339341
649	1654	1.332894
650	1654	1.332894
651	1654	1.332894
652	1654	1.332894
653	1654	1.332894
654	1646	1.326447
655	1654	1.332894
656	1654	1.332894
657	1646	1.326447
658	1638	1.320000
659	1646	1.326447
660	1650	1.329670
661	1654	1.332894
662	1646	1.326447
663	1639	1.320806
664	1646	1.326447
665	1638	1.320000
666	1638	1.320000
667	1638	1.320000
668	1638	1.320000
669	1634	1.316777
670	1634	1.316777
671	1638	1.320000
672	1638	1.320000
673	1630	1.313553
674	1634	1.316777
675	1630	1.313553
676	1630	1.313553
677	1630	1.313553
678	1622	1.307106
679	1622	1.307106
680	1622	1.307106
681	1622	1.307106
682	1634	1.316777
683	1623	1.307912
684	1634	1.316777
685	1630	1.313553
686	1622	1.307106
687	1626	1.310330
688	1630	1.313553
689	1630	1.313553
690	1622	1.307106
691	1622	1.307106
692	1623	1.307912
693	1614	1.300659
694	1622	1.307106
695	1622	1.307106
696	1622	1.307106
697	1622	1.307106
698	1622	1.307106
699	1622	1.307106
700	1618	1.303883
701	1626	1.310330
702	1622	1.307106
703	1634	1.316777
704	1638	1.320000
705	1630	1.313553
706	1634	1.316777
707	1630	1.313553
708	1623	1.307912
709	1634	1.316777
710	1634	1.316777
711	1622	1.307106
712	1634	1.316777
713	1634	1.316777
714	1634	1.316777
715	1622	1.307106
716	1618	1.303883
717	1622	1.307106
718	1630	1.313553
719	1630	1.313553
720	1634	1.316777
721	1638	1.320000
722	1634	1.316777
723	1622	1.307106
724	1634	1.316777
725	1638	1.320000
726	1634	1.316777
727	1634	1.316777
728	1630	1.313553
729	1634	1.316777
730	1639	1.320806
731	1638	1.320000
732	1634	1.316777
733	1638	1.320000
734	1654	1.332894
735	1646	1.326447
736	1646	1.326447
737	1638	1.320000
738	1638	1.320000
739	1638	1.320000
740	1638	1.320000
741	1638	1.320000
742	1662	1.339341
743	1655	1.333700
744	1650	1.329670
745	1654	1.332894
746	1654	1.332894
747	1654	1.332894
748	1654	1.332894
749	1662	1.339341
750	1662	1.339341
751	1658	1.336117
752	1662	1.339341
753	1662	1.339341
754	1662	1.339341
755	1662	1.339341
756	1654	1.332894
757	1662	1.339341
758	1662	1.339341
759	1662	1.339341
760	1670	1.345788
761	1670	1.345788
762	1670	1.345788
763	1678	1.352234
764	1678	1.352234
765	1686	1.358681
766	1686	1.358681
767	1686	1.358681
768	1686	1.358681
769	1686	1.358681
770	1686	1.358681
771	1698	1.368352
772	1682	1.355458
773	1686	1.358681
774	1687	1.359487
775	1698	1.368352
776	1698	1.368352
777	1698	1.368352
778	1698	1.368352
779	1698	1.368352
780	1702	1.371575
781	1714	1.381245
782	1710	1.378022
783	1710	1.378022
784	1710	1.378022
785	1718	1.384469
786	1710	1.378022
787	1726	1.390916
788	1734	1.397363
789	1718	1.384469
790	1734	1.397363
791	1734	1.397363
792	1742	1.403810
793	1735	1.398168
794	1746	1.407033
795	1735	1.398168
796	1734	1.397363
797	1750	1.410256
798	1762	1.419927
799	1758	1.416703
800	1766	1.423150
801	1766	1.423150
802	1774	1.429597
803	1766	1.423150
804	1794	1.445714
805	1790	1.442491
806	1782	1.436044
807	1790	1.442491
808	1798	1.448938
809	1799	1.449744
810	1798	1.448938
811	1806	1.455385
812	1814	1.461832
813	1822	1.468278
814	1838	1.481172
815	1830	1.474725
816	1831	1.475531
817	1830	1.474725
818	1830	1.474725
819	1830	1.474725
820	1830	1.474725
821	1830	1.474725
822	1830	1.474725
823	1846	1.487619
824	1838	1.481172
825	1831	1.475531
826	1846	1.487619
827	1862	1.500513
828	1842	1.484396
829	1854	1.494066
830	1858	1.497289
831	1858	1.497289
832	1862	1.500513
833	1846	1.487619
834	1854	1.494066
835	1858	1.497289
836	1854	1.494066
837	1870	1.506960
838	1854	1.494066
839	1858	1.497289
840	1858	1.497289
841	1879	1.514212
842	1862	1.500513
843	1870	1.506960
844	1862	1.500513
845	1874	1.510183
846	1878	1.513407
847	1878	1.513407
848	1874	1.510183
849	1878	1.513407
850	1879	1.514212
851	1862	1.500513
852	1894	1.526300
853	1878	1.513407
854	1878	1.513407
855	1890	1.523077
856	1888	1.521465
857	1890	1.523077
858	1894	1.526300
859	1890	1.523077
860	1894	1.526300
861	1894	1.526300
862	1894	1.526300
863	1906	1.535971
864	1906	1.535971
865	1910	1.539194
866	1910	1.539194
867	1910	1.539194
868	1934	1.558535
869	1910	1.539194
870	1918	1.545641
871	1910	1.539194
872	1926	1.552088
873	1918	1.545641
874	1926	1.552088
875	1926	1.552088
876	1926	1.552088
877	1926	1.552088
878	1918	1.545641
879	1910	1.539194
880	1926	1.552088
881	1926	1.552088
882	1918	1.545641
883	1922	1.548864
884	1934	1.558535
885	1926	1.552088
886	1922	1.548864
887	1942	1.564982
888	1926	1.552088
889	1926	1.552088
890	1918	1.545641
891	1926	1.552088
892	1922	1.548864
893	1926	1.552088
894	1926	1.552088
895	1926	1.552088
896	1927	1.552894
897	1942	1.564982
898	1938	1.561758
899	1938	1.561758
900	1918	1.545641
901	1942	1.564982
902	1942	1.564982
903	1938	1.561758
904	1942	1.564982
905	1934	1.558535
906	1934	1.558535
907	1942	1.564982
908	1938	1.561758
909	1942	1.564982
910	1942	1.564982
911	1926	1.552088
912	1942	1.564982
913	1942	1.564982
914	1954	1.574652
915	1954	1.574652
916	1954	1.574652
917	1950	1.571429
918	1974	1.590769
919	1970	1.587546
920	1958	1.577875
921	1958	1.577875
922	1954	1.574652
923	1958	1.577875
924	1954	1.574652
925	1958	1.577875
926	1958	1.577875
927	1958	1.577875
928	1970	1.587546
929	1974	1.590769
930	1958	1.577875
931	1959	1.578681
932	1970	1.587546
933	1970	1.587546
934	1966	1.584322
935	1954	1.574652
936	1942	1.564982
937	1966	1.584322
938	1958	1.577875
939	1958	1.577875
940	1958	1.577875
941	1958	1.577875
942	1958	1.577875
943	1970	1.587546
944	1958	1.577875
945	1959	1.578681
946	1958	1.577875
947	1970	1.587546
948	1970	1.587546
949	1966	1.584322
950	1970	1.587546
951	1974	1.590769
952	1970	1.587546
953	1974	1.590769
954	1970	1.587546
955	1990	1.603663
956	1966	1.584322
957	1974	1.590769
958	1970	1.587546
959	1966	1.584322
960	1974	1.590769
961	1986	1.600440
962	1982	1.597216
963	1958	1.577875
964	1958	1.577875
965	1970	1.587546
966	1970	1.587546
967	1974	1.590769
968	1982	1.597216
969	1970	1.587546
970	1986	1.600440
971	1975	1.591575
972	1986	1.600440
973	1991	1.604469
974	1998	1.610110
975	1990	1.603663
976	1990	1.603663
977	1998	1.610110
978	1990	1.603663
979	1986	1.600440
980	1990	1.603663
981	1986	1.600440
982	1990	1.603663
983	1990	1.603663
984	1990	1.603663
985	1974	1.590769
986	1974	1.590769
987	1986	1.600440
988	1974	1.590769
989	1974	1.590769
990	1986	1.600440
991	1990	1.603663
992	1990	1.603663
993	2002	1.613333
994	1991	1.604469
995	1998	1.610110
996	1990	1.603663
997	2002	1.613333
998	1986	1.600440
999	1986	1.600440
1000	1998	1.610110
1001	1998	1.610110
1002	1990	1.603663
1003	2006	1.616557
1004	2002	1.613333
1005	1990	1.603663
1006	2002	1.613333
1007	1990	1.603663
1008	1998	1.610110
1009	2002	1.613333
1010	2006	1.616557
1011	1990	1.603663
1012	1991	1.604469
1013	2014	1.623004
1014	2018	1.626227
1015	2006	1.616557
1016	2018	1.626227
1017	2002	1.613333
1018	1990	1.603663
1019	2006	1.616557
1020	2006	1.616557
1021	2018	1.626227
1022	2022	1.629451
1023	2006	1.616557
1024	2018	1.626227
1025	2006	1.616557
1026	2022	1.629451
1027	2002	1.613333
1028	2006	1.616557
1029	1998	1.610110
1030	1998	1.610110
1031	2002	1.613333
1032	2006	1.616557
1033	2006	1.616557
1034	2002	1.613333
1035	2006	1.616557
1036	2006	1.616557
1037	2006	1.616557
1038	1998	1.610110
1039	1998	1.610110
1040	1990	1.603663
1041	1990	1.603663
1042	2002	1.613333
1043	2006	1.616557
1044	2002	1.613333
1045	2006	1.616557
1046	2018	1.626227
1047	2022	1.629451
1048	1998	1.610110
1049	2002	1.613333
1050	2006	1.616557
1051	2006	1.616557
1052	2006	1.616557
1053	2022	1.629451
1054	2006	1.616557
1055	2006	1.616557
1056	1990	1.603663
1057	1990	1.603663
1058	2018	1.626227
1059	1990	1.603663
1060	2006	1.616557
1061	2006	1.616557
1062	1998	1.610110
1063	1990	1.603663
1064	2006	1.616557
1065	1998	1.610110
1066	2002	1.613333
1067	2006	1.616557
1068	2007	1.617363
1069	2006	1.616557
1070	2006	1.616557
1071	2014	1.623004
1072	1998	1.610110
1073	1990	1.603663
1074	2006	1.616557
1075	1998	1.610110
1076	2006	1.616557
1077	1990	1.603663
1078	2006	1.616557
1079	1998	1.610110
1080	1990	1.603663
1081	2002	1.613333
1082	1998	1.610110
1083	2006	1.616557
1084	2006	1.616557
1085	2022	1.629451
1086	1998	1.610110
1087	2006	1.616557
1088	2006	1.616557
1089	1998	1.610110
1090	2006	1.616557
1091	2002	1.613333
1092	2014	1.623004
1093	2014	1.623004
1094	2006	1.616557
1095	2002	1.613333
1096	2006	1.616557
1097	1998	1.610110
1098	2006	1.616557
1099	1998	1.610110
1100	1998	1.610110
1101	2002	1.613333
1102	2018	1.626227
1103	1998	1.610110
1104	2022	1.629451
1105	1998	1.610110
1106	2006	1.616557
1107	1998	1.610110
1108	2002	1.613333
1109	2006	1.616557
1110	2018	1.626227
1111	1991	1.604469
1112	2002	1.613333
1113	1991	1.604469
1114	2006	1.616557
1115	2002	1.613333
1116	1998	1.610110
1117	2006	1.616557
1118	2006	1.616557
1119	1991	1.604469
1120	1990	1.603663
1121	1986	1.600440
1122	1998	1.610110
1123	1986	1.600440
1124	1990	1.603663
1125	1990	1.603663
1126	1998	1.610110
1127	1990	1.603663
1128	1990	1.603663
1129	1998	1.610110
1130	1982	1.597216
1131	1998	1.610110
1132	1982	1.597216
1133	1998	1.610110
1134	1990	1.603663
1135	1998	1.610110
1136	1998	1.610110
1137	2002	1.613333
1138	1998	1.610110
1139	1990	1.603663
1140	1986	1.600440
1141	1975	1.591575
1142	1986	1.600440
1143	1986	1.600440
1144	1990	1.603663
1145	1998	1.610110
1146	1990	1.603663
1147	1990	1.603663
1148	1986	1.600440
1149	1990	1.603663
1150	1990	1.603663
1151	1982	1.597216
1152	1990	1.603663
1153	1986	1.600440
1154	1982	1.597216
1155	1982	1.597216
1156	1986	1.600440
1157	1998	1.610110
1158	1990	1.603663
1159	1986	1.600440
1160	1990	1.603663
1161	1982	1.597216
1162	1975	1.591575
1163	1986	1.600440
1164	1986	1.600440
1165	1975	1.591575
1166	1986	1.600440
1167	1982	1.597216
1168	1970	1.587546
1169	1974	1.590769
1170	1990	1.603663
1171	1982	1.597216
1172	1986	1.600440
1173	1982	1.597216
1174	1986	1.600440
1175	1986	1.600440
1176	1986	1.600440
1177	1986	1.600440
1178	1970	1.587546
1179	1974	1.590769
1180	1986	1.600440
1181	1975	1.591575
1182	1974	1.590769
1183	1990	1.603663
1184	1974	1.590769
1185	1974	1.590769
1186	1986	1.600440
1187	1959	1.578681
1188	1966	1.584322
1189	1958	1.577875
1190	1966	1.584322
1191	1958	1.577875
1192	1970	1.587546
1193	1970	1.587546
1194	1958	1.577875
1195	1958	1.577875
1196	1974	1.590769
1197	1942	1.564982
1198	1974	1.590769
1199	1959	1.578681
1200	1958	1.577875
1201	1966	1.584322
1202	1974	1.590769
1203	1966	1.584322
1204	1970	1.587546
1205	1958	1.577875
1206	1966	1.584322
1207	1958	1.577875
1208	1958	1.577875
1209	1950	1.571429
1210	1958	1.577875
1211	1950	1.571429
1212	1954	1.574652
1213	1954	1.574652
1214	1966	1.584322
1215	1950	1.571429
1216	1958	1.577875
1217	1958	1.577875
1218	1950	1.571429
1219	1954	1.574652
1220	1958	1.577875
1221	1934	1.558535
1222	1954	1.574652
1223	1942	1.564982
1224	1942	1.564982
1225	1966	1.584322
1226	1958	1.577875
1227	1942	1.564982
1228	1958	1.577875
1229	1942	1.564982
1230	1938	1.561758
1231	1938	1.561758
1232	1942	1.564982
1233	1942	1.564982
1234	1938	1.561758
1235	1938	1.561758
1236	1934	1.558535
1237	1934	1.558535
1238	1938	1.561758
1239	1954	1.574652
1240	1934	1.558535
1241	1938	1.561758
1242	1922	1.548864
1243	1926	1.552088
1244	1926	1.552088
1245	1926	1.552088
1246	1926	1.552088
1247	1918	1.545641
1248	1926	1.552088
1249	1911	1.540000
1250	1910	1.539194
1251	1910	1.539194
1252	1910	1.539194
1253	1918	1.545641
1254	1918	1.545641
1255	1922	1.548864
1256	1902	1.532747
1257	1902	1.532747
1258	1918	1.545641
1259	1910	1.539194
1260	1906	1.535971
1261	1910	1.539194
1262	1906	1.535971
1263	1902	1.532747
1264	1906	1.535971
1265	1902	1.532747
1266	1894	1.526300
1267	1910	1.539194
1268	1902	1.532747
1269	1902	1.532747
1270	1910	1.539194
1271	1894	1.526300
1272	1894	1.526300
1273	1890	1.523077
1274	1906	1.535971
1275	1890	1.523077
1276	1878	1.513407
1277	1878	1.513407
1278	1886	1.519853
1279	1890	1.523077
1280	1894	1.526300
1281	1894	1.526300
1282	1902	1.532747
1283	1894	1.526300
1284	1890	1.523077
1285	1890	1.523077
1286	1878	1.513407
1287	1890	1.523077
1288	1878	1.513407
1289	1894	1.526300
1290	1879	1.514212
1291	1886	1.519853
1292	1878	1.513407
1293	1878	1.513407
1294	1874	1.510183
1295	1874	1.510183
1296	1862	1.500513
1297	1863	1.501319
1298	1870	1.506960
1299	1862	1.500513
1300	1854	1.494066
1301	1858	1.497289
1302	1862	1.500513
1303	1862	1.500513
1304	1854	1.494066
1305	1854	1.494066
1306	1846	1.487619
1307	1838	1.481172
1308	1830	1.474725
1309	1830	1.474725
1310	1830	1.474725
1311	1846	1.487619
1312	1838	1.481172
1313	1838	1.481172
1314	1838	1.481172
1315	1822	1.468278
1316	1815	1.462637
1317	1830	1.474725
1318	1830	1.474725
1319	1814	1.461832
1320	1810	1.458608
1321	1822	1.468278
1322	1814	1.461832
1323	1806	1.455385
1324	1814	1.461832
1325	1806	1.455385
1326	1798	1.448938
1327	1810	1.458608
1328	1806	1.455385
1329	1814	1.461832
1330	1794	1.445714
1331	1794	1.445714
1332	1798	1.448938
1333	1782	1.436044
1334	1783	1.436850
1335	1782	1.436044
1336	1794	1.445714
1337	1794	1.445714
1338	1782	1.436044
1339	1778	1.432821
1340	1782	1.436044
1341	1782	1.436044
1342	1762	1.419927
1343	1774	1.429597
1344	1774	1.429597
1345	1762	1.419927
1346	1762	1.419927
1347	1750	1.410256
1348	1762	1.419927
1349	1758	1.416703
1350	1762	1.419927
1351	1750	1.410256
1352	1746	1.407033
1353	1750	1.410256
1354	1750	1.410256
1355	1746	1.407033
1356	1735	1.398168
1357	1750	1.410256
1358	1734	1.397363
1359	1734	1.397363
1360	1734	1.397363
1361	1726	1.390916
1362	1718	1.384469
1363	1730	1.394139
1364	1730	1.394139
1365	1718	1.384469
1366	1718	1.384469
1367	1702	1.371575
1368	1710	1.378022
1369	1703	1.372381
1370	1702	1.371575
1371	1702	1.371575
1372	1702	1.371575
1373	1694	1.365128
1374	1686	1.358681
1375	1694	1.365128
1376	1686	1.358681
1377	1687	1.359487
1378	1686	1.358681
1379	1686	1.358681
1380	1678	1.352234
1381	1678	1.352234
1382	1671	1.346593
1383	1678	1.352234
1384	1670	1.345788
1385	1662	1.339341
1386	1662	1.339341
1387	1662	1.339341
1388	1662	1.339341
1389	1654	1.332894
1390	1662	1.339341
1391	1654	1.332894
1392	1650	1.329670
1393	1650	1.329670
1394	1650	1.329670
1395	1650	1.329670
1396	1638	1.320000
1397	1638	1.320000
1398	1638	1.320000
1399	1634	1.316777
1400	1634	1.316777
1401	1634	1.316777
1402	1634	1.316777
1403	1630	1.313553
1404	1622	1.307106
1405	1622	1.307106
1406	1622	1.307106
1407	1622	1.307106
1408	1614	1.300659
1409	1614	1.300659
1410	1618	1.303883
1411	1606	1.294212
1412	1606	1.294212
1413	1606	1.294212
1414	1602	1.290989
1415	1598	1.287766
1416	1598	1.287766
1417	1598	1.287766
1418	1598	1.287766
1419	1590	1.281319
1420	1590	1.281319
1421	1590	1.281319
1422	1590	1.281319
1423	1590	1.281319
1424	1582	1.274872
1425	1586	1.278095
1426	1582	1.274872
1427	1582	1.274872
1428	1574	1.268425
1429	1575	1.269231
1430	1574	1.268425
1431	1570	1.265201
1432	1574	1.268425
1433	1570	1.265201
1434	1570	1.265201
1435	1570	1.265201
1436	1570	1.265201
1437	1570	1.265201
1438	1566	1.261978
1439	1566	1.261978
1440	1566	1.261978
1441	1558	1.255531
1442	1558	1.255531
1443	1558	1.255531
1444	1558	1.255531
1445	1554	1.252308
1446	1550	1.249084
1447	1550	1.249084
1448	1550	1.249084
1449	1543	1.243443
1450	1542	1.242637
1451	1542	1.242637
1452	1542	1.242637
1453	1538	1.239414
1454	1538	1.239414
1455	1534	1.236190
1456	1534	1.236190
1457	1530	1.232967
1458	1534	1.236190
1459	1527	1.230549
1460	1526	1.229744
1461	1526	1.229744
1462	1522	1.226520
1463	1526	1.229744
1464	1526	1.229744
1465	1522	1.226520
1466	1518	1.223297
1467	1518	1.223297
1468	1518	1.223297
1469	1518	1.223297
1470	1511	1.217656
1471	1510	1.216850
1472	1510	1.216850
1473	1510	1.216850
1474	1510	1.216850
1475	1510	1.216850
1476	1510	1.216850
1477	1510	1.216850
1478	1506	1.213626
1479	1506	1.213626
1480	1506	1.213626
1481	1506	1.213626
1482	1506	1.213626
1483	1502	1.210403
1484	1502	1.210403
1485	1498	1.207179
1486	1494	1.203956
1487	1494	1.203956
1488	1494	1.203956
1489	1494	1.203956
1490	1494	1.203956
1491	1494	1.203956
1492	1494	1.203956
1493	1494	1.203956
1494	1494	1.203956
1495	1490	1.200733
1496	1490	1.200733
1497	1490	1.200733
1498	1486	1.197509
1499	1486	1.197509
1500	1486	1.197509
1501	1486	1.197509
1502	1486	1.197509
1503	1486	1.197509
1504	1486	1.197509
1505	1486	1.197509
1506	1479	1.191868
1507	1479	1.191868
1508	1478	1.191062
1509	1478	1.191062
1510	1478	1.191062
1511	1478	1.191062
1512	1478	1.191062
1513	1478	1.191062
1514	1478	1.191062
1515	1478	1.191062
1516	1478	1.191062
1517	1478	1.191062
1518	1478	1.191062
1519	1478	1.191062
1520	1478	1.191062
1521	1478	1.191062
1522	1474	1.187839
1523	1478	1.191062
1524	1474	1.187839
1525	1474	1.187839
1526	1474	1.187839
1527	1474	1.187839
1528	1474	1.187839
1529	1474	1.187839
1530	1474	1.187839
1531	1474	1.187839
1532	1474	1.187839
1533	1474	1.187839
1534	1474	1.187839
1535	1474	1.187839
1536	1470	1.184615
1537	1470	1.184615
1538	1470	1.184615
1539	1470	1.184615
1540	1470	1.184615
1541	1470	1.184615
1542	1470	1.184615
1543	1470	1.184615
1544	1470	1.184615
1545	1470	1.184615
1546	1470	1.184615
1547	1470	1.184615
1548	1470	1.184615
1549	1470	1.184615
1550	1470	1.184615
1551	1470	1.184615
1552	1466	1.181392
1553	1470	1.184615
1554	1463	1.178974
1555	1466	1.181392
1556	1463	1.178974
1557	1466	1.181392
1558	1463	1.178974
1559	1462	1.178168
1560	1463	1.178974
1561	1463	1.178974
1562	1462	1.178168
1563	1462	1.178168
1564	1462	1.178168
1565	1462	1.178168
1566	1462	1.178168
1567	1462	1.178168
1568	1462	1.178168
1569	1462	1.178168
1570	1462	1.178168
1571	1462	1.178168
1572	1462	1.178168
1573	1462	1.178168
1574	1462	1.178168
1575	1462	1.178168
1576	1462	1.178168
1577	1462	1.178168
1578	1462	1.178168
1579	1462	1.178168
1580	1462	1.178168
1581	1462	1.178168
1582	1462	1.178168
1583	1462	1.178168
1584	1462	1.178168
1585	1462	1.178168
1586	1462	1.178168
1587	1462	1.178168
1588	1462	1.178168
1589	1462	1.178168
1590	1462	1.178168
1591	1462	1.178168
1592	1462	1.178168
1593	1462	1.178168
1594	1462	1.178168
1595	1462	1.178168
1596	1462	1.178168
1597	1462	1.178168
1598	1462	1.178168
1599	1462	1.178168
1600	1462	1.178168
1601	1462	1.178168
1602	1458	1.174945
1603	1462	1.178168
1604	1462	1.178168
1605	1462	1.178168
1606	1462	1.178168
1607	1462	1.178168
1608	1462	1.178168
1609	1462	1.178168
1610	1458	1.174945
1611	1462	1.178168
1612	1458	1.174945
1613	1462	1.178168
1614	1458	1.174945
1615	1458	1.174945
1616	1458	1.174945
1617	1458	1.174945
1618	1458	1.174945
1619	1458	1.174945
1620	1458	1.174945
1621	1458	1.174945
1622	1458	1.174945
1623	1458	1.174945
1624	1458	1.174945
1625	1458	1.174945
1626	1458	1.174945
1627	1458	1.174945
1628	1458	1.174945
1629	1458	1.174945
1630	1458	1.174945
1631	1458	1.174945
1632	1458	1.174945
1633	1458	1.174945
1634	1458	1.174945
1635	1458	1.174945
1636	1458	1.174945
1637	1458	1.174945
1638	1458	1.174945
1639	1458	1.174945
1640	1458	1.174945
1641	1458	1.174945
1642	1458	1.174945
1643	1458	1.174945
1644	1458	1.174945
1645	1458	1.174945
1646	1458	1.174945
1647	1458	1.174945
1648	1458	1.174945
1649	1458	1.174945
1650	1458	1.174945
1651	1458	1.174945
1652	1458	1.174945
1653	1458	1.174945
1654	1458	1.174945
1655	1458	1.174945
1656	1458	1.174945
1657	1458	1.174945
1658	1458	1.174945
1659	1458	1.174945
1660	1454	1.171722
1661	1458	1.174945
1662	1454	1.171722
1663	1458	1.174945
1664	1458	1.174945
1665	1458	1.174945
1666	1458	1.174945
1667	1458	1.174945
1668	1454	1.171722
1669	1458	1.174945
1670	1458	1.174945
1671	1458	1.174945
1672	1458	1.174945
1673	1458	1.174945
1674	1458	1.174945
1675	1458	1.174945
1676	1454	1.171722
1677	1458	1.174945
1678	1454	1.171722
1679	1454	1.171722
1680	1454	1.171722
1681	1454	1.171722
1682	1454	1.171722
1683	1458	1.174945
1684	1454	1.171722
1685	1458	1.174945
1686	1454	1.171722
1687	1454	1.171722
1688	1454	1.171722
1689	1454	1.171722
1690	1454	1.171722
1691	1454	1.171722
1692	1454	1.171722
1693	1454	1.171722
1694	1454	1.171722
1695	1454	1.171722
1696	1454	1.171722
1697	1454	1.171722
1698	1454	1.171722
1699	1454	1.171722
1700	1454	1.171722
1701	1454	1.171722
1702	1454	1.171722
1703	1454	1.171722
1704	1454	1.171722
1705	1454	1.171722
1706	1454	1.171722
1707	1454	1.171722
1708	1454	1.171722
1709	1454	1.171722
1710	1454	1.171722
1711	1454	1.171722
1712	1454	1.171722
1713	1454	1.171722
1714	1454	1.171722
1715	1454	1.171722
1716	1454	1.171722
1717	1454	1.171722
1718	1454	1.171722
1719	1454	1.171722
1720	1454	1.171722
1721	1454	1.171722
1722	1454	1.171722
1723	1454	1.171722
1724	1454	1.171722
1725	1454	1.171722
1726	1454	1.171722
1727	1454	1.171722
1728	1454	1.171722
1729	1454	1.171722
1730	1454	1.171722
1731	1454	1.171722
1732	1454	1.171722
1733	1454	1.171722
1734	1454	1.171722
1735	1454	1.171722
1736	1454	1.171722
1737	1454	1.171722
1738	1454	1.171722
1739	1454	1.171722
1740	1454	1.171722
1741	1454	1.171722
1742	1454	1.171722
1743	1454	1.171722
1744	1454	1.171722
1745	1454	1.171722
1746	1454	1.171722
1747	1454	1.171722
1748	1454	1.171722
1749	1454	1.171722
1750	1454	1.171722
1751	1454	1.171722
1752	1454	1.171722
1753	1454	1.171722
1754	1454	1.171722
1755	1454	1.171722
1756	1454	1.171722
1757	1454	1.171722
1758	1450	1.168498
1759	1454	1.171722
1760	1447	1.166081
1761	1454	1.171722
1762	1454	1.171722
1763	1454	1.171722
1764	1454	1.171722
1765	1454	1.171722
1766	1450	1.168498
1767	1454	1.171722
1768	1450	1.168498
1769	1454	1.171722
1770	1450	1.168498
1771	1454	1.171722
1772	1454	1.171722
1773	1454	1.171722
1774	1447	1.166081
1775	1454	1.171722
1776	1450	1.168498
1777	1454	1.171722
1778	1450	1.168498
1779	1450	1.168498
1780	1447	1.166081
1781	1454	1.171722
1782	1447	1.166081
1783	1454	1.171722
1784	1447	1.166081
1785	1450	1.168498
1786	1447	1.166081
1787	1447	1.166081
1788	1446	1.165275
1789	1450	1.168498
1790	1447	1.166081
1791	1450	1.168498
1792	1447	1.166081
1793	1447	1.166081
1794	1447	1.166081
1795	1450	1.168498
1796	1447	1.166081
1797	1447	1.166081
1798	1447	1.166081
1799	1447	1.166081
1800	1447	1.166081
1801	1447	1.166081
1802	1447	1.166081
1803	1447	1.166081
1804	1447	1.166081
1805	1450	1.168498
1806	1447	1.166081
1807	1447	1.166081
1808	1446	1.165275
1809	1447	1.166081
1810	1447	1.166081
1811	1447	1.166081
1812	1446	1.165275
1813	1450	1.168498
1814	1447	1.166081
1815	1447	1.166081
1816	1446	1.165275
1817	1447	1.166081
1818	1446	1.165275
1819	1447	1.166081
1820	1446	1.165275
1821	1447	1.166081
1822	1446	1.165275
1823	1447	1.166081
1824	1446	1.165275
1825	1447	1.166081
1826	1446	1.165275
1827	1447	1.166081
1828	1446	1.165275
1829	1447	1.166081
1830	1446	1.165275
1831	1447	1.166081
1832	1446	1.165275
1833	1446	1.165275
1834	1446	1.165275
1835	1446	1.165275
1836	1446	1.165275
1837	1446	1.165275
1838	1446	1.165275
1839	1447	1.166081
1840	1446	1.165275
1841	1447	1.166081
1842	1447	1.166081
1843	1446	1.165275
1844	1446	1.165275
1845	1446	1.165275
1846	1446	1.165275
1847	1447	1.166081
1848	1446	1.165275
1849	1446	1.165275
1850	1446	1.165275
1851	1446	1.165275
1852	1446	1.165275
1853	1447	1.166081
1854	1446	1.165275
1855	1446	1.165275
1856	1446	1.165275
1857	1447	1.166081
1858	1446	1.165275
1859	1446	1.165275
1860	1446	1.165275
1861	1446	1.165275
1862	1446	1.165275
1863	1446	1.165275
1864	1446	1.165275
1865	1446	1.165275
1866	1446	1.165275
1867	1446	1.165275
1868	1446	1.165275
1869	1446	1.165275
1870	1446	1.165275
1871	1446	1.165275
1872	1446	1.165275
1873	1446	1.165275
1874	1446	1.165275
1875	1446	1.165275
1876	1446	1.165275
1877	1446	1.165275
1878	1446	1.165275
1879	1446	1.165275
1880	1446	1.165275
1881	1446	1.165275
1882	1446	1.165275
1883	1446	1.165275
1884	1446	1.165275
1885	1446	1.165275
1886	1446	1.165275
1887	1446	1.165275
1888	1446	1.165275
1889	1446	1.165275
1890	1446	1.165275
1891	1446	1.165275
1892	1446	1.165275
1893	1446	1.165275
1894	1446	1.165275
1895	1446	1.165275
1896	1446	1.165275
1897	1446	1.165275
1898	1446	1.165275
1899	1446	1.165275
1900	1446	1.165275
1901	1446	1.165275
1902	1446	1.165275
1903	1446	1.165275
1904	1446	1.165275
1905	1446	1.165275
1906	1446	1.165275
1907	1446	1.165275
1908	1446	1.165275
1909	1446	1.165275
1910	1446	1.165275
1911	1446	1.165275
1912	1446	1.165275
1913	1446	1.165275
1914	1446	1.165275
1915	1446	1.165275
1916	1446	1.165275
1917	1446	1.165275
1918	1446	1.165275
1919	1446	1.165275
1920	1446	1.165275
1921	1446	1.165275
1922	1446	1.165275
1923	1446	1.165275
1924	1446	1.165275
1925	1446	1.165275
1926	1446	1.165275
1927	1446	1.165275
1928	1446	1.165275
1929	1446	1.165275
1930	1446	1.165275
1931	1446	1.165275
1932	1446	1.165275
1933	1446	1.165275
1934	1446	1.165275
1935	1446	1.165275
1936	1446	1.165275
1937	1446	1.165275
1938	1446	1.165275
1939	1446	1.165275
1940	1446	1.165275
1941	1446	1.165275
1942	1446	1.165275
1943	1446	1.165275
1944	1446	1.165275
1945	1446	1.165275
1946	1446	1.165275
1947	1446	1.165275
1948	1446	1.165275
1949	1446	1.165275
1950	1446	1.165275
1951	1446	1.165275
1952	1446	1.165275
1953	1446	1.165275
1954	1446	1.165275
1955	1446	1.165275
1956	1446	1.165275
1957	1446	1.165275
1958	1446	1.165275
1959	1446	1.165275
1960	1446	1.165275
1961	1446	1.165275
1962	1446	1.165275
1963	1446	1.165275
1964	1446	1.165275
1965	1446	1.165275
1966	1446	1.165275
1967	1446	1.165275
1968	1446	1.165275
1969	1446	1.165275
1970	1446	1.165275
1971	1446	1.165275
1972	1446	1.165275
1973	1446	1.165275
1974	1446	1.165275
1975	1446	1.165275
1976	1446	1.165275
1977	1446	1.165275
1978	1446	1.165275
1979	1446	1.165275
1980	1446	1.165275
1981	1446	1.165275
1982	1446	1.165275
1983	1446	1.165275
1984	1446	1.165275
1985	1446	1.165275
1986	1446	1.165275
1987	1446	1.165275
1988	1446	1.165275
1989	1446	1.165275
1990	1446	1.165275
1991	1446	1.165275
1992	1446	1.165275
1993	1446	1.165275
1994	1446	1.165275
1995	1446	1.165275
1996	1446	1.165275
1997	1446	1.165275
1998	1446	1.165275
1999	1446	1.165275
2000	1446	1.165275
2001	1446	1.165275
2002	1446	1.165275
2003	1446	1.165275
2004	1446	1.165275
2005	1446	1.165275
2006	1446	1.165275
2007	1446	1.165275
2008	1446	1.165275
2009	1446	1.165275
2010	1446	1.165275
2011	1446	1.165275
2012	1446	1.165275
2013	1446	1.165275
2014	1446	1.165275
2015	1446	1.165275
2016	1446	1.165275
2017	1446	1.165275
2018	1446	1.165275
2019	1446	1.165275
2020	1446	1.165275
2021	1446	1.165275
2022	1446	1.165275
2023	1446	1.165275
2024	1446	1.165275
2025	1446	1.165275
2026	1446	1.165275
2027	1446	1.165275
2028	1446	1.165275
2029	1446	1.165275
2030	1446	1.165275
2031	1446	1.165275
2032	1446	1.165275
2033	1446	1.165275
2034	1446	1.165275
2035	1446	1.165275
2036	1446	1.165275
2037	1446	1.165275
2038	1446	1.165275
2039	1446	1.165275
2040	1446	1.165275
2041	1446	1.165275
2042	1446	1.165275
2043	1446	1.165275
2044	1446	1.165275
2045	1446	1.165275
2046	1446	1.165275
2047	1446	1.165275
2048	1446	1.165275
2049	1446	1.165275
2050	1446	1.165275
2051	1446	1.165275
2052	1446	1.165275
2053	1446	1.165275
2054	1446	1.165275
2055	1446	1.165275
2056	1446	1.165275
2057	1446	1.165275
2058	1446	1.165275
2059	1446	1.165275
2060	1446	1.165275
2061	1446	1.165275
2062	1446	1.165275
2063	1446	1.165275
2064	1446	1.165275
2065	1446	1.165275
2066	1446	1.165275
2067	1446	1.165275
2068	1446	1.165275
2069	1446	1.165275
2070	1446	1.165275
2071	1446	1.165275
2072	1446	1.165275
2073	1446	1.165275
2074	1446	1.165275
2075	1446	1.165275
2076	1446	1.165275
2077	1446	1.165275
2078	1446	1.165275
2079	1446	1.165275
2080	1446	1.165275
2081	1446	1.165275
2082	1446	1.165275
2083	1446	1.165275
2084	1446	1.165275
2085	1446	1.165275
2086	1446	1.165275
2087	1446	1.165275
2088	1446	1.165275
2089	1446	1.165275
2090	1446	1.165275
2091	1446	1.165275
2092	1446	1.165275
2093	1446	1.165275
2094	1446	1.165275
2095	1446	1.165275
2096	1446	1.165275
2097	1446	1.165275
2098	1446	1.165275
2099	1446	1.165275
2100	1446	1.165275
2101	1446	1.165275
2102	1446	1.165275
2103	1446	1.165275
2104	1446	1.165275
2105	1446	1.165275
2106	1446	1.165275
2107	1446	1.165275
2108	1446	1.165275
2109	1446	1.165275
2110	1442	1.162051
2111	1446	1.165275
2112	1446	1.165275
2113	1446	1.165275
2114	1446	1.165275
2115	1446	1.165275
2116	1446	1.165275
2117	1446	1.165275
2118	1446	1.165275
2119	1446	1.165275
2120	1446	1.165275
2121	1446	1.165275
2122	1442	1.162051
2123	1446	1.165275
2124	1446	1.165275
2125	1446	1.165275
2126	1446	1.165275
2127	1446	1.165275
2128	1446	1.165275
2129	1446	1.165275
2130	1446	1.165275
2131	1446	1.165275
2132	1446	1.165275
2133	1446	1.165275
2134	1446	1.165275
2135	1446	1.165275
2136	1442	1.162051
2137	1446	1.165275
2138	1446	1.165275
2139	1446	1.165275
2140	1446	1.165275
2141	1446	1.165275
2142	1446	1.165275
2143	1446	1.165275
2144	1446	1.165275
2145	1446	1.165275
2146	1442	1.162051
2147	1446	1.165275
2148	1442	1.162051
2149	1446	1.165275
2150	1442	1.162051
2151	1446	1.165275
2152	1446	1.165275
2153	1446	1.165275
2154	1442	1.162051
2155	1446	1.165275
2156	1442	1.162051
2157	1446	1.165275
2158	1442	1.162051
2159	1446	1.165275
2160	1442	1.162051
2161	1446	1.165275
2162	1446	1.165275
2163	1446	1.165275
2164	1446	1.165275
2165	1442	1.162051
2166	1442	1.162051
2167	1446	1.165275
2168	1446	1.165275
2169	1446	1.165275
2170	1442	1.162051
2171	1446	1.165275
2172	1442	1.162051
2173	1446	1.165275
2174	1442	1.162051
2175	1446	1.165275
2176	1446	1.165275
2177	1446	1.165275
2178	1442	1.162051
2179	1446	1.165275
2180	1442	1.162051
2181	1446	1.165275
2182	1442	1.162051
2183	1446	1.165275
2184	1442	1.162051
2185	1446	1.165275
2186	1446	1.165275
2187	1442	1.162051
2188	1446	1.165275
2189	1442	1.162051
2190	1442	1.162051
2191	1442	1.162051
2192	1442	1.162051
2193	1442	1.162051
2194	1442	1.162051
2195	1442	1.162051
2196	1442	1.162051
2197	1442	1.162051
2198	1442	1.162051
2199	1442	1.162051
2200	1442	1.162051
2201	1442	1.162051
2202	1442	1.162051
2203	1442	1.162051
2204	1442	1.162051
2205	1442	1.162051
2206	1442	1.162051
2207	1446	1.165275
2208	1442	1.162051
2209	1442	1.162051
2210	1442	1.162051
2211	1446	1.165275
2212	1442	1.162051
2213	1442	1.162051
2214	1442	1.162051
2215	1442	1.162051
2216	1442	1.162051
2217	1442	1.162051
2218	1442	1.162051
2219	1442	1.162051
2220	1442	1.162051
2221	1442	1.162051
2222	1442	1.162051
2223	1442	1.162051
2224	1442	1.162051
2225	1442	1.162051
2226	1442	1.162051
2227	1442	1.162051
2228	1442	1.162051
2229	1442	1.162051
2230	1442	1.162051
2231	1442	1.162051
2232	1442	1.162051
2233	1442	1.162051
2234	1442	1.162051
2235	1442	1.162051
2236	1442	1.162051
2237	1442	1.162051
2238	1442	1.162051
2239	1442	1.162051
2240	1442	1.162051
2241	1442	1.162051
2242	1442	1.162051
2243	1442	1.162051
2244	1442	1.162051
2245	1442	1.162051
2246	1442	1.162051
2247	1442	1.162051
2248	1442	1.162051
2249	1442	1.162051
2250	1442	1.162051
2251	1442	1.162051
2252	1442	1.162051
2253	1442	1.162051
2254	1442	1.162051
2255	1442	1.162051
2256	1442	1.162051
2257	1442	1.162051
2258	1442	1.162051
2259	1442	1.162051
2260	1442	1.162051
2261	1442	1.162051
2262	1442	1.162051
2263	1442	1.162051
2264	1442	1.162051
2265	1442	1.162051
2266	1442	1.162051
2267	1442	1.162051
2268	1442	1.162051
2269	1442	1.162051
2270	1442	1.162051
2271	1442	1.162051
2272	1442	1.162051
2273	1442	1.162051
2274	1442	1.162051
2275	1442	1.162051
2276	1442	1.162051
2277	1442	1.162051
2278	1442	1.162051
2279	1442	1.162051
2280	1442	1.162051
2281	1442	1.162051
2282	1442	1.162051
2283	1442	1.162051
2284	1442	1.162051
2285	1442	1.162051
2286	1442	1.162051
2287	1442	1.162051
2288	1442	1.162051
2289	1442	1.162051
2290	1442	1.162051
2291	1442	1.162051
2292	1442	1.162051
2293	1442	1.162051
2294	1442	1.162051
2295	1442	1.162051
2296	1442	1.162051
2297	1442	1.162051
2298	1442	1.162051
2299	1442	1.162051
2300	1442	1.162051
2301	1442	1.162051
2302	1442	1.162051
2303	1442	1.162051
2304	1442	1.162051
2305	1442	1.162051
2306	1442	1.162051
2307	1442	1.162051
2308	1442	1.162051
2309	1442	1.162051
2310	1442	1.162051
2311	1442	1.162051
2312	1442	1.162051
2313	1442	1.162051
2314	1442	1.162051
2315	1442	1.162051
2316	1442	1.162051
2317	1442	1.162051
2318	1442	1.162051
2319	1442	1.162051
2320	1442	1.162051
2321	1442	1.162051
2322	1442	1.162051
2323	1442	1.162051
2324	1442	1.162051
2325	1442	1.162051
2326	1442	1.162051
2327	1442	1.162051
2328	1442	1.162051
2329	1442	1.162051
2330	1442	1.162051
2331	1442	1.162051
2332	1442	1.162051
2333	1442	1.162051
2334	1442	1.162051
2335	1442	1.162051
2336	1442	1.162051
2337	1442	1.162051
2338	1442	1.162051
2339	1442	1.162051
2340	1442	1.162051
2341	1442	1.162051
2342	1442	1.162051
2343	1442	1.162051
2344	1442	1.162051
2345	1442	1.162051
2346	1442	1.162051
2347	1442	1.162051
2348	1442	1.162051
2349	1442	1.162051
2350	1442	1.162051
2351	1442	1.162051
2352	1442	1.162051
2353	1442	1.162051
2354	1442	1.162051
2355	1442	1.162051
2356	1442	1.162051
2357	1442	1.162051
2358	1442	1.162051
2359	1442	1.162051
2360	1442	1.162051
2361	1442	1.162051
2362	1442	1.162051
2363	1442	1.162051
2364	1442	1.162051
2365	1442	1.162051
2366	1442	1.162051
2367	1442	1.162051
2368	1442	1.162051
2369	1442	1.162051
2370	1442	1.162051
2371	1442	1.162051
2372	1442	1.162051
2373	1442	1.162051
2374	1442	1.162051
2375	1442	1.162051
2376	1442	1.162051
2377	1442	1.162051
2378	1442	1.162051
2379	1442	1.162051
2380	1442	1.162051
2381	1442	1.162051
2382	1442	1.162051
2383	1442	1.162051
2384	1442	1.162051
2385	1442	1.162051
2386	1442	1.162051
2387	1442	1.162051
2388	1442	1.162051
2389	1442	1.162051
2390	1442	1.162051
2391	1442	1.162051
2392	1442	1.162051
2393	1442	1.162051
2394	1442	1.162051
2395	1442	1.162051
2396	1442	1.162051
2397	1442	1.162051
2398	1442	1.162051
2399	1442	1.162051
2400	1442	1.162051
2401	1442	1.162051
2402	1442	1.162051
2403	1442	1.162051
2404	1442	1.162051
2405	1442	1.162051
2406	1442	1.162051
2407	1442	1.162051
2408	1442	1.162051
2409	1442	1.162051
2410	1442	1.162051
2411	1442	1.162051
2412	1442	1.162051
2413	1442	1.162051
2414	1442	1.162051
2415	1442	1.162051
2416	1442	1.162051
2417	1442	1.162051
2418	1442	1.162051
2419	1442	1.162051
2420	1442	1.162051
2421	1442	1.162051
2422	1442	1.162051
2423	1442	1.162051
2424	1442	1.162051
2425	1442	1.162051
2426	1442	1.162051
2427	1442	1.162051
2428	1442	1.162051
2429	1442	1.162051
2430	1442	1.162051
2431	1442	1.162051
2432	1442	1.162051
2433	1442	1.162051
2434	1442	1.162051
2435	1442	1.162051
2436	1442	1.162051
2437	1442	1.162051
2438	1442	1.162051
2439	1442	1.162051
2440	1442	1.162051
2441	1442	1.162051
2442	1442	1.162051
2443	1442	1.162051
2444	1442	1.162051
2445	1442	1.162051
2446	1442	1.162051
2447	1442	1.162051
2448	1442	1.162051
2449	1442	1.162051
2450	1442	1.162051
2451	1442	1.162051
2452	1442	1.162051
2453	1442	1.162051
2454	1442	1.162051
2455	1442	1.162051
2456	1442	1.162051
2457	1442	1.162051
2458	1442	1.162051
2459	1442	1.162051
2460	1442	1.162051
2461	1442	1.162051
2462	1442	1.162051
2463	1442	1.162051
2464	1442	1.162051
2465	1442	1.162051
2466	1442	1.162051
2467	1442	1.162051
2468	1442	1.162051
2469	1442	1.162051
2470	1442	1.162051
2471	1442	1.162051
2472	1442	1.162051
2473	1442	1.162051
2474	1442	1.162051
2475	1442	1.162051
2476	1442	1.162051
2477	1442	1.162051
2478	1442	1.162051
2479	1442	1.162051
2480	1438	1.158828
2481	1442	1.162051
2482	1442	1.162051
2483	1442	1.162051
2484	1442	1.162051
2485	1442	1.162051
2486	1442	1.162051
2487	1442	1.162051
2488	1442	1.162051
2489	1442	1.162051
2490	1438	1.158828
2491	1442	1.162051
2492	1442	1.162051
2493	1442	1.162051
2494	1442	1.162051
2495	1442	1.162051
2496	1442	1.162051
2497	1438	1.158828
2498	1438	1.158828
2499	1438	1.158828
2500	1438	1.158828
2501	1438	1.158828
2502	1438	1.158828
2503	1438	1.158828
2504	1438	1.158828
2505	1442	1.162051
2506	1442	1.162051
2507	1442	1.162051
2508	1442	1.162051
2509	1442	1.162051
2510	1438	1.158828
2511	1442	1.162051
2512	1438	1.158828
2513	1442	1.162051
2514	1442	1.162051
2515	1442	1.162051
2516	1442	1.162051
2517	1442	1.162051
2518	1442	1.162051
2519	1442	1.162051
2520	1442	1.162051
2521	1442	1.162051
2522	1438	1.158828
2523	1442	1.162051
2524	1442	1.162051
2525	1438	1.158828
2526	1438	1.158828
2527	1438	1.158828
2528	1438	1.158828
2529	1442	1.162051
2530	1442	1.162051
2531	1438	1.158828
2532	1438	1.158828
2533	1438	1.158828
2534	1442	1.162051
2535	1442	1.162051
2536	1438	1.158828
2537	1442	1.162051
2538	1438	1.158828
2539	1442	1.162051
2540	1442	1.162051
2541	1442	1.162051
2542	1442	1.162051
2543	1442	1.162051
2544	1438	1.158828
2545	1442	1.162051
2546	1438	1.158828
2547	1438	1.158828
2548	1438	1.158828
2549	1438	1.158828
2550	1438	1.158828
2551	1438	1.158828
2552	1438	1.158828
2553	1438	1.158828
2554	1438	1.158828
2555	1438	1.158828
2556	1438	1.158828
2557	1438	1.158828
2558	1438	1.158828
2559	1442	1.162051
2560	1438	1.158828
2561	1438	1.158828
2562	1438	1.158828
2563	1442	1.162051
2564	1438	1.158828
2565	1442	1.162051
2566	1438	1.158828
2567	1438	1.158828
2568	1438	1.158828
2569	1438	1.158828
2570	1438	1.158828
2571	1442	1.162051
2572	1438	1.158828
2573	1442	1.162051
2574	1442	1.162051
2575	1442	1.162051
2576	1438	1.158828
2577	1438	1.158828
2578	1438	1.158828
2579	1438	1.158828
2580	1438	1.158828
2581	1438	1.158828
2582	1438	1.158828
2583	1438	1.158828
2584	1438	1.158828
2585	1438	1.158828
2586	1438	1.158828
2587	1438	1.158828
2588	1438	1.158828
2589	1438	1.158828
2590	1438	1.158828
2591	1442	1.162051
2592	1442	1.162051
2593	1442	1.162051
2594	1442	1.162051
2595	1438	1.158828
2596	1438	1.158828
2597	1438	1.158828
2598	1438	1.158828
2599	1438	1.158828
2600	1438	1.158828
2601	1438	1.158828
2602	1438	1.158828
2603	1438	1.158828
2604	1438	1.158828
2605	1438	1.158828
2606	1438	1.158828
2607	1438	1.158828
2608	1438	1.158828
2609	1438	1.158828
2610	1438	1.158828
2611	1442	1.162051
2612	1438	1.158828
2613	1438	1.158828
2614	1438	1.158828
2615	1438	1.158828
2616	1438	1.158828
2617	1442	1.162051
2618	1438	1.158828
2619	1442	1.162051
2620	1438	1.158828
2621	1438	1.158828
2622	1438	1.158828
2623	1438	1.158828
2624	1438	1.158828
2625	1438	1.158828
2626	1438	1.158828
2627	1438	1.158828
2628	1438	1.158828
2629	1438	1.158828
2630	1438	1.158828
2631	1438	1.158828
2632	1438	1.158828
2633	1438	1.158828
2634	1438	1.158828
2635	1438	1.158828
2636	1438	1.158828
2637	1438	1.158828
2638	1438	1.158828
2639	1438	1.158828
2640	1438	1.158828
2641	1438	1.158828
2642	1438	1.158828
2643	1438	1.158828
2644	1438	1.158828
2645	1438	1.158828
2646	1438	1.158828
2647	1438	1.158828
2648	1438	1.158828
2649	1438	1.158828
2650	1438	1.158828
2651	1438	1.158828
2652	1438	1.158828
2653	1438	1.158828
2654	1438	1.158828
2655	1438	1.158828
2656	1438	1.158828
2657	1438	1.158828
2658	1438	1.158828
2659	1438	1.158828
2660	1442	1.162051
2661	1438	1.158828
2662	1438	1.158828
2663	1438	1.158828
2664	1438	1.158828
2665	1438	1.158828
2666	1438	1.158828
2667	1438	1.158828
2668	1438	1.158828
2669	1438	1.158828
2670	1438	1.158828
2671	1438	1.158828
2672	1438	1.158828
2673	1438	1.158828
2674	1438	1.158828
2675	1438	1.158828
2676	1438	1.158828
2677	1438	1.158828
2678	1438	1.158828
2679	1438	1.158828
2680	1438	1.158828
2681	1438	1.158828
2682	1438	1.158828
2683	1438	1.158828
2684	1438	1.158828
2685	1438	1.158828
2686	1438	1.158828
2687	1438	1.158828
2688	1438	1.158828
2689	1438	1.158828
2690	1438	1.158828
2691	1438	1.158828
2692	1438	1.158828
2693	1438	1.158828
2694	1438	1.158828
2695	1438	1.158828
2696	1438	1.158828
2697	1438	1.158828
2698	1438	1.158828
2699	1438	1.158828
2700	1438	1.158828
2701	1438	1.158828
2702	1438	1.158828
2703	1438	1.158828
2704	1438	1.158828
2705	1438	1.158828
2706	1438	1.158828
2707	1438	1.158828
2708	1438	1.158828
2709	1438	1.158828
2710	1438	1.158828
2711	1438	1.158828
2712	1438	1.158828
2713	1438	1.158828
2714	1438	1.158828
2715	1438	1.158828
2716	1438	1.158828
2717	1438	1.158828
2718	1438	1.158828
2719	1438	1.158828
2720	1438	1.158828
2721	1438	1.158828
2722	1438	1.158828
2723	1438	1.158828
2724	1438	1.158828
2725	1438	1.158828
2726	1438	1.158828
2727	1438	1.158828
2728	1438	1.158828
2729	1438	1.158828
2730	1438	1.158828
2731	1438	1.158828
2732	1438	1.158828
2733	1438	1.158828
2734	1438	1.158828
2735	1438	1.158828
2736	1438	1.158828
2737	1438	1.158828
2738	1438	1.158828
2739	1438	1.158828
2740	1438	1.158828
2741	1438	1.158828
2742	1438	1.158828
2743	1438	1.158828
2744	1438	1.158828
2745	1438	1.158828
2746	1438	1.158828
2747	1438	1.158828
2748	1438	1.158828
2749	1438	1.158828
2750	1438	1.158828
2751	1438	1.158828
2752	1438	1.158828
2753	1438	1.158828
2754	1438	1.158828
2755	1438	1.158828
2756	1438	1.158828
2757	1438	1.158828
2758	1438	1.158828
2759	1438	1.158828
2760	1438	1.158828
2761	1438	1.158828
2762	1438	1.158828
2763	1438	1.158828
2764	1438	1.158828
2765	1438	1.158828
2766	1438	1.158828
2767	1438	1.158828
2768	1438	1.158828
2769	1438	1.158828
2770	1438	1.158828
2771	1438	1.158828
2772	1438	1.158828
2773	1438	1.158828
2774	1438	1.158828
2775	1438	1.158828
2776	1438	1.158828
2777	1438	1.158828
2778	1438	1.158828
2779	1438	1.158828
2780	1438	1.158828
2781	1438	1.158828
2782	1438	1.158828
2783	1438	1.158828
2784	1438	1.158828
2785	1438	1.158828
2786	1438	1.158828
2787	1438	1.158828
2788	1438	1.158828
2789	1438	1.158828
2790	1438	1.158828
2791	1438	1.158828
2792	1438	1.158828
2793	1438	1.158828
2794	1438	1.158828
2795	1438	1.158828
2796	1438	1.158828
2797	1438	1.158828
2798	1438	1.158828
2799	1438	1.158828
2800	1438	1.158828
2801	1438	1.158828
2802	1438	1.158828
2803	1438	1.158828
2804	1438	1.158828
2805	1438	1.158828
2806	1438	1.158828
2807	1438	1.158828
2808	1438	1.158828
2809	1438	1.158828
2810	1438	1.158828
2811	1438	1.158828
2812	1438	1.158828
2813	1438	1.158828
2814	1438	1.158828
2815	1438	1.158828
2816	1438	1.158828
2817	1438	1.158828
2818	1438	1.158828
2819	1438	1.158828
2820	1438	1.158828
2821	1438	1.158828
2822	1438	1.158828
2823	1438	1.158828
2824	1438	1.158828
2825	1438	1.158828
2826	1438	1.158828
2827	1438	1.158828
2828	1438	1.158828
2829	1438	1.158828
2830	1438	1.158828
2831	1438	1.158828
2832	1438	1.158828
2833	1438	1.158828
2834	1438	1.158828
2835	1438	1.158828
2836	1438	1.158828
2837	1438	1.158828
2838	1438	1.158828
2839	1438	1.158828
2840	1438	1.158828
2841	1438	1.158828
2842	1438	1.158828
2843	1438	1.158828
2844	1438	1.158828
2845	1438	1.158828
2846	1438	1.158828
2847	1438	1.158828
2848	1438	1.158828
2849	1438	1.158828
2850	1438	1.158828
2851	1438	1.158828
2852	1438	1.158828
2853	1438	1.158828
2854	1438	1.158828
2855	1438	1.158828
2856	1438	1.158828
2857	1438	1.158828
2858	1438	1.158828
2859	1438	1.158828
2860	1438	1.158828
2861	1438	1.158828
2862	1438	1.158828
2863	1438	1.158828
2864	1438	1.158828
2865	1438	1.158828
2866	1438	1.158828
2867	1438	1.158828
2868	1438	1.158828
2869	1438	1.158828
2870	1438	1.158828
2871	1438	1.158828
2872	1438	1.158828
2873	1438	1.158828
2874	1438	1.158828
2875	1438	1.158828
2876	1438	1.158828
2877	1438	1.158828
2878	1438	1.158828
2879	1438	1.158828
2880	1438	1.158828
2881	1438	1.158828
2882	1438	1.158828
2883	1438	1.158828
2884	1438	1.158828
2885	1438	1.158828
2886	1438	1.158828
2887	1438	1.158828
2888	1438	1.158828
2889	1438	1.158828
2890	1438	1.158828
2891	1438	1.158828
2892	1438	1.158828
2893	1438	1.158828
2894	1438	1.158828
2895	1438	1.158828
2896	1438	1.158828
2897	1438	1.158828
2898	1438	1.158828
2899	1438	1.158828
2900	1438	1.158828
2901	1438	1.158828
2902	1438	1.158828
2903	1438	1.158828
2904	1438	1.158828
2905	1438	1.158828
2906	1438	1.158828
2907	1438	1.158828
2908	1438	1.158828
2909	1438	1.158828
2910	1438	1.158828
2911	1438	1.158828
2912	1438	1.158828
2913	1438	1.158828
2914	1438	1.158828
2915	1438	1.158828
2916	1438	1.158828
2917	1438	1.158828
2918	1438	1.158828
2919	1438	1.158828
2920	1438	1.158828
2921	1438	1.158828
2922	1438	1.158828
2923	1438	1.158828
2924	1438	1.158828
2925	1438	1.158828
2926	1438	1.158828
2927	1438	1.158828
2928	1438	1.158828
2929	1438	1.158828
2930	1438	1.158828
2931	1438	1.158828
2932	1438	1.158828
2933	1438	1.158828
2934	1438	1.158828
2935	1438	1.158828
2936	1438	1.158828
2937	1438	1.158828
2938	1438	1.158828
2939	1438	1.158828
2940	1438	1.158828
2941	1438	1.158828
2942	1438	1.158828
2943	1438	1.158828
2944	1438	1.158828
2945	1438	1.158828
2946	1438	1.158828
2947	1438	1.158828
2948	1438	1.158828
2949	1438	1.158828
2950	1438	1.158828
2951	1438	1.158828
2952	1438	1.158828
2953	1438	1.158828
2954	1438	1.158828
2955	1438	1.158828
2956	1438	1.158828
2957	1438	1.158828
2958	1438	1.158828
2959	1438	1.158828
2960	1438	1.158828
2961	1438	1.158828
2962	1438	1.158828
2963	1438	1.158828
2964	1438	1.158828
2965	1438	1.158828
2966	1438	1.158828
2967	1438	1.158828
2968	1438	1.158828
2969	1438	1.158828
2970	1438	1.158828
2971	1438	1.158828
2972	1438	1.158828
2973	1438	1.158828
2974	1438	1.158828
2975	1438	1.158828
2976	1438	1.158828
2977	1438	1.158828
2978	1438	1.158828
2979	1438	1.158828
2980	1438	1.158828
2981	1438	1.158828
2982	1438	1.158828
2983	1438	1.158828
2984	1438	1.158828
2985	1438	1.158828
2986	1438	1.158828
2987	1438	1.158828
2988	1438	1.158828
2989	1438	1.158828
2990	1438	1.158828
2991	1438	1.158828
2992	1438	1.158828
2993	1438	1.158828
2994	1438	1.158828
2995	1438	1.158828
2996	1438	1.158828
2997	1438	1.158828
2998	1438	1.158828
2999	1438	1.158828
3000	1438	1.158828
3001	1438	1.158828
3002	1438	1.158828
3003	1438	1.158828
3004	1438	1.158828
3005	1438	1.158828
3006	1438	1.158828
3007	1438	1.158828
3008	1438	1.158828
3009	1438	1.158828
3010	1438	1.158828
3011	1438	1.158828
3012	1434	1.155604
3013	1438	1.158828
3014	1434	1.155604
3015	1438	1.158828
3016	1434	1.155604
3017	1438	1.158828
3018	1438	1.158828
3019	1438	1.158828
3020	1438	1.158828
3021	1438	1.158828
3022	1438	1.158828
3023	1438	1.158828
3024	1438	1.158828
3025	1438	1.158828
3026	1438	1.158828
3027	1438	1.158828
3028	1438	1.158828
3029	1438	1.158828
3030	1438	1.158828
3031	1438	1.158828
3032	1438	1.158828
3033	1438	1.158828
3034	1434	1.155604
3035	1438	1.158828
3036	1438	1.158828
3037	1438	1.158828
3038	1438	1.158828
3039	1438	1.158828
3040	1434	1.155604
3041	1438	1.158828
3042	1438	1.158828
3043	1438	1.158828
3044	1438	1.158828
3045	1434	1.155604
3046	1434	1.155604
3047	1438	1.158828
3048	1438	1.158828
3049	1438	1.158828
3050	1438	1.158828
3051	1438	1.158828
3052	1438	1.158828
3053	1438	1.158828
3054	1438	1.158828
3055	1438	1.158828
3056	1438	1.158828
3057	1438	1.158828
3058	1438	1.158828
3059	1438	1.158828
3060	1438	1.158828
3061	1438	1.158828
3062	1438	1.158828
3063	1438	1.158828
3064	1438	1.158828
3065	1438	1.158828
3066	1438	1.158828
3067	1438	1.158828
3068	1438	1.158828
3069	1438	1.158828
3070	1438	1.158828
3071	1438	1.158828
3072	1438	1.158828
3073	1438	1.158828
3074	1438	1.158828
3075	1438	1.158828
3076	1438	1.158828
3077	1438	1.158828
3078	1438	1.158828
3079	1438	1.158828
3080	1438	1.158828
3081	1438	1.158828
3082	1438	1.158828
3083	1438	1.158828
3084	1438	1.158828
3085	1438	1.158828
3086	1438	1.158828
3087	1438	1.158828
3088	1438	1.158828
3089	1438	1.158828
3090	1438	1.158828
3091	1438	1.158828
3092	1438	1.158828
3093	1438	1.158828
3094	1434	1.155604
3095	1438	1.158828
3096	1434	1.155604
3097	1438	1.158828
3098	1434	1.155604
3099	1438	1.158828
3100	1434	1.155604
3101	1434	1.155604
3102	1434	1.155604
3103	1434	1.155604
3104	1434	1.155604
3105	1434	1.155604
3106	1434	1.155604
3107	1434	1.155604
3108	1434	1.155604
3109	1434	1.155604
3110	1434	1.155604
3111	1434	1.155604
3112	1431	1.153187
3113	1434	1.155604
3114	1434	1.155604
3115	1438	1.158828
3116	1431	1.153187
3117	1434	1.155604
3118	1434	1.155604
3119	1434	1.155604
3120	1431	1.153187
3121	1434	1.155604
3122	1434	1.155604
3123	1431	1.153187
3124	1431	1.153187
3125	1431	1.153187
3126	1431	1.153187
3127	1431	1.153187
3128	1431	1.153187
3129	1431	1.153187
3130	1431	1.153187
3131	1434	1.155604
3132	1431	1.153187
3133	1431	1.153187
3134	1431	1.153187
3135	1434	1.155604
3136	1434	1.155604
3137	1434	1.155604
3138	1431	1.153187
3139	1438	1.158828
3140	1431	1.153187
3141	1438	1.158828
3142	1431	1.153187
3143	1431	1.153187
3144	1431	1.153187
3145	1438	1.158828
3146	1434	1.155604
3147	1434	1.155604
3148	1434	1.155604
3149	1434	1.155604
3150	1434	1.155604
3151	1434	1.155604
3152	1434	1.155604
3153	1434	1.155604
3154	1434	1.155604
3155	1434	1.155604
3156	1431	1.153187
3157	1438	1.158828
3158	1434	1.155604
3159	1434	1.155604
3160	1431	1.153187
3161	1434	1.155604
3162	1434	1.155604
3163	1434	1.155604
3164	1431	1.153187
3165	1438	1.158828
3166	1431	1.153187
3167	1431	1.153187
3168	1434	1.155604
3169	1434	1.155604
3170	1434	1.155604
3171	1434	1.155604
3172	1434	1.155604
3173	1434	1.155604
3174	1434	1.155604
3175	1434	1.155604
3176	1434	1.155604
3177	1438	1.158828
3178	1438	1.158828
3179	1438	1.158828
3180	1434	1.155604
3181	1438	1.158828
3182	1434	1.155604
3183	1434	1.155604
3184	1434	1.155604
3185	1438	1.158828
3186	1434	1.155604
3187	1434	1.155604
3188	1434	1.155604
3189	1434	1.155604
3190	1434	1.155604
3191	1438	1.158828
3192	1434	1.155604
3193	1434	1.155604
3194	1434	1.155604
3195	1434	1.155604
3196	1434	1.155604
3197	1434	1.155604
3198	1434	1.155604
3199	1434	1.155604
3200	1434	1.155604
3201	1438	1.158828
3202	1430	1.152381
3203	1434	1.155604
3204	1434	1.155604
3205	1438	1.158828
3206	1431	1.153187
3207	1434	1.155604
3208	1434	1.155604
3209	1434	1.155604
3210	1434	1.155604
3211	1434	1.155604
3212	1431	1.153187
3213	1434	1.155604
3214	1431	1.153187
3215	1431	1.153187
3216	1431	1.153187
3217	1434	1.155604
3218	1434	1.155604
3219	1434	1.155604
3220	1431	1.153187
3221	1434	1.155604
3222	1434	1.155604
3223	1431	1.153187
3224	1431	1.153187
3225	1434	1.155604
3226	1431	1.153187
3227	1434	1.155604
3228	1431	1.153187
3229	1431	1.153187
3230	1431	1.153187
3231	1431	1.153187
3232	1431	1.153187
3233	1434	1.155604
3234	1431	1.153187
3235	1431	1.153187
3236	1431	1.153187
3237	1434	1.155604
3238	1431	1.153187
3239	1434	1.155604
3240	1431	1.153187
3241	1434	1.155604
3242	1431	1.153187
3243	1431	1.153187
3244	1431	1.153187
3245	1431	1.153187
3246	1431	1.153187
3247	1434	1.155604
3248	1431	1.153187
3249	1431	1.153187
3250	1431	1.153187
3251	1431	1.153187
3252	1431	1.153187
3253	1431	1.153187
3254	1431	1.153187
3255	1431	1.153187
3256	1434	1.155604
3257	1431	1.153187
3258	1431	1.153187
3259	1431	1.153187
3260	1431	1.153187
3261	1431	1.153187
3262	1431	1.153187
3263	1431	1.153187
3264	1431	1.153187
3265	1431	1.153187
3266	1438	1.158828
3267	1434	1.155604
3268	1430	1.152381
3269	1431	1.153187
3270	1431	1.153187
3271	1434	1.155604
3272	1431	1.153187
3273	1431	1.153187
3274	1431	1.153187
3275	1431	1.153187
3276	1431	1.153187
3277	1431	1.153187
3278	1431	1.153187
3279	1431	1.153187
3280	1431	1.153187
3281	1431	1.153187
3282	1431	1.153187
3283	1431	1.153187
3284	1431	1.153187
3285	1431	1.153187
3286	1431	1.153187
3287	1431	1.153187
3288	1431	1.153187
3289	1431	1.153187
3290	1431	1.153187
3291	1431	1.153187
3292	1431	1.153187
3293	1431	1.153187
3294	1431	1.153187
3295	1431	1.153187
3296	1430	1.152381
3297	1431	1.153187
3298	1430	1.152381
3299	1431	1.153187
3300	1431	1.153187
3301	1431	1.153187
3302	1431	1.153187
3303	1431	1.153187
3304	1431	1.153187
3305	1431	1.153187
3306	1431	1.153187
3307	1431	1.153187
3308	1431	1.153187
3309	1434	1.155604
3310	1431	1.153187
3311	1431	1.153187
3312	1431	1.153187
3313	1431	1.153187
3314	1431	1.153187
3315	1431	1.153187
3316	1431	1.153187
3317	1431	1.153187
3318	1431	1.153187
3319	1431	1.153187
3320	1431	1.153187
3321	1434	1.155604
3322	1431	1.153187
3323	1431	1.153187
3324	1431	1.153187
3325	1431	1.153187
3326	1431	1.153187
3327	1431	1.153187
3328	1431	1.153187
3329	1431	1.153187
3330	1430	1.152381
3331	1431	1.153187
3332	1431	1.153187
3333	1431	1.153187
3334	1431	1.153187
3335	1431	1.153187
3336	1431	1.153187
3337	1431	1.153187
3338	1431	1.153187
3339	1431	1.153187
3340	1430	1.152381
3341	1431	1.153187
3342	1431	1.153187
3343	1431	1.153187
3344	1430	1.152381
3345	1431	1.153187
3346	1430	1.152381
3347	1431	1.153187
3348	1431	1.153187
3349	1430	1.152381
3350	1431	1.153187
3351	1431	1.153187
3352	1431	1.153187
3353	1431	1.153187
3354	1430	1.152381
3355	1430	1.152381
3356	1430	1.152381
3357	1431	1.153187
3358	1430	1.152381
3359	1431	1.153187
3360	1430	1.152381
3361	1431	1.153187
3362	1431	1.153187
3363	1430	1.152381
3364	1430	1.152381
3365	1430	1.152381
3366	1430	1.152381
3367	1431	1.153187
3368	1430	1.152381
3369	1431	1.153187
3370	1430	1.152381
3371	1431	1.153187
3372	1431	1.153187
3373	1431	1.153187
3374	1430	1.152381
3375	1431	1.153187
3376	1430	1.152381
3377	1431	1.153187
3378	1431	1.153187
3379	1431	1.153187
3380	1431	1.153187
3381	1431	1.153187
3382	1430	1.152381
3383	1431	1.153187
3384	1430	1.152381
3385	1431	1.153187
3386	1430	1.152381
3387	1431	1.153187
3388	1431	1.153187
3389	1431	1.153187
3390	1431	1.153187
3391	1431	1.153187
3392	1431	1.153187
3393	1430	1.152381
3394	1430	1.152381
3395	1431	1.153187
3396	1430	1.152381
3397	1431	1.153187
3398	1430	1.152381
3399	1431	1.153187
3400	1431	1.153187
3401	1431	1.153187
3402	1430	1.152381
3403	1431	1.153187
3404	1430	1.152381
3405	1431	1.153187
3406	1430	1.152381
3407	1431	1.153187
3408	1430	1.152381
3409	1431	1.153187
3410	1430	1.152381
3411	1431	1.153187
3412	1431	1.153187
3413	1431	1.153187
3414	1430	1.152381
3415	1431	1.153187
3416	1430	1.152381
3417	1431	1.153187
3418	1431	1.153187
3419	1431	1.153187
3420	1430	1.152381
3421	1430	1.152381
3422	1430	1.152381
3423	1431	1.153187
3424	1430	1.152381
3425	1431	1.153187
3426	1430	1.152381
3427	1431	1.153187
3428	1430	1.152381
3429	1431	1.153187
3430	1430	1.152381
3431	1431	1.153187
3432	1430	1.152381
3433	1430	1.152381
3434	1430	1.152381
3435	1431	1.153187
3436	1430	1.152381
3437	1430	1.152381
3438	1430	1.152381
3439	1430	1.152381
3440	1430	1.152381
3441	1430	1.152381
3442	1430	1.152381
3443	1430	1.152381
3444	1430	1.152381
3445	1430	1.152381
3446	1430	1.152381
3447	1430	1.152381
3448	1430	1.152381
3449	1431	1.153187
3450	1430	1.152381
3451	1431	1.153187
3452	1430	1.152381
3453	1431	1.153187
3454	1430	1.152381
3455	1431	1.153187
3456	1430	1.152381
3457	1430	1.152381
3458	1430	1.152381
3459	1430	1.152381
3460	1430	1.152381
3461	1430	1.152381
3462	1430	1.152381
3463	1430	1.152381
3464	1430	1.152381
3465	1430	1.152381
3466	1430	1.152381
3467	1430	1.152381
3468	1430	1.152381
3469	1430	1.152381
3470	1430	1.152381
3471	1430	1.152381
3472	1431	1.153187
3473	1430	1.152381
3474	1430	1.152381
3475	1430	1.152381
3476	1430	1.152381
3477	1430	1.152381
3478	1430	1.152381
3479	1431	1.153187
3480	1431	1.153187
3481	1431	1.153187
3482	1431	1.153187
3483	1430	1.152381
3484	1430	1.152381
3485	1430	1.152381
3486	1430	1.152381
3487	1430	1.152381
3488	1430	1.152381
3489	1430	1.152381
3490	1430	1.152381
3491	1430	1.152381
3492	1430	1.152381
3493	1430	1.152381
3494	1430	1.152381
3495	1431	1.153187
3496	1430	1.152381
3497	1430	1.152381
3498	1430	1.152381
3499	1430	1.152381
3500	1430	1.152381
3501	1430	1.152381
3502	1430	1.152381
3503	1430	1.152381
3504	1430	1.152381
3505	1430	1.152381
3506	1430	1.152381
3507	1430	1.152381
3508	1430	1.152381
3509	1431	1.153187
3510	1430	1.152381
3511	1430	1.152381
3512	1430	1.152381
3513	1430	1.152381
3514	1430	1.152381
3515	1430	1.152381
3516	1430	1.152381
3517	1430	1.152381
3518	1430	1.152381
3519	1430	1.152381
3520	1430	1.152381
3521	1430	1.152381
3522	1430	1.152381
3523	1430	1.152381
3524	1430	1.152381
3525	1430	1.152381
3526	1430	1.152381
3527	1430	1.152381
3528	1430	1.152381
3529	1430	1.152381
3530	1430	1.152381
3531	1430	1.152381
3532	1430	1.152381
3533	1430	1.152381
3534	1430	1.152381
3535	1430	1.152381
3536	1430	1.152381
3537	1430	1.152381
3538	1430	1.152381
3539	1430	1.152381
3540	1430	1.152381
3541	1430	1.152381
3542	1430	1.152381
3543	1430	1.152381
3544	1430	1.152381
3545	1430	1.152381
3546	1430	1.152381
3547	1430	1.152381
3548	1430	1.152381
3549	1430	1.152381
3550	1430	1.152381
3551	1430	1.152381
3552	1430	1.152381
3553	1430	1.152381
3554	1430	1.152381
3555	1430	1.152381
3556	1430	1.152381
3557	1430	1.152381
3558	1430	1.152381
3559	1431	1.153187
3560	1430	1.152381
3561	1430	1.152381
3562	1430	1.152381
3563	1430	1.152381
3564	1430	1.152381
3565	1430	1.152381
3566	1430	1.152381
3567	1430	1.152381
3568	1430	1.152381
3569	1430	1.152381
3570	1430	1.152381
3571	1430	1.152381
3572	1430	1.152381
3573	1430	1.152381
3574	1430	1.152381
3575	1430	1.152381
3576	1430	1.152381
3577	1430	1.152381
3578	1430	1.152381
3579	1430	1.152381
3580	1430	1.152381
3581	1430	1.152381
3582	1430	1.152381
3583	1430	1.152381
3584	1430	1.152381
3585	1430	1.152381
3586	1430	1.152381
3587	1430	1.152381
3588	1430	1.152381
3589	1430	1.152381
3590	1430	1.152381
3591	1430	1.152381
3592	1430	1.152381
3593	1430	1.152381
3594	1430	1.152381
3595	1430	1.152381
3596	1430	1.152381
3597	1430	1.152381
3598	1430	1.152381
3599	1430	1.152381
3600	1430	1.152381
3601	1430	1.152381
3602	1430	1.152381
3603	1430	1.152381
3604	1430	1.152381
3605	1430	1.152381
3606	1430	1.152381
3607	1430	1.152381
3608	1430	1.152381
3609	1430	1.152381
3610	1430	1.152381
3611	1430	1.152381
3612	1430	1.152381
3613	1430	1.152381
3614	1430	1.152381
3615	1430	1.152381
3616	1430	1.152381
3617	1430	1.152381
3618	1430	1.152381
3619	1430	1.152381
3620	1430	1.152381
3621	1430	1.152381
3622	1430	1.152381
3623	1430	1.152381
3624	1430	1.152381
3625	1430	1.152381
3626	1430	1.152381
3627	1430	1.152381
3628	1430	1.152381
3629	1430	1.152381
3630	1430	1.152381
3631	1430	1.152381
3632	1430	1.152381
3633	1430	1.152381
3634	1430	1.152381
3635	1430	1.152381
3636	1430	1.152381
3637	1430	1.152381
3638	1430	1.152381
3639	1430	1.152381
3640	1430	1.152381
3641	1430	1.152381
3642	1430	1.152381
3643	1430	1.152381
3644	1430	1.152381
3645	1430	1.152381
3646	1430	1.152381
3647	1430	1.152381
