Pixel	ADC	VoltageV
1	3933	3.169451
2	3927	3.164615
3	3927	3.164615
4	3925	3.163004
5	3927	3.164615
6	3925	3.163004
7	3925	3.163004
8	3925	3.163004
9	3924	3.162198
10	3926	3.163810
11	3925	3.163004
12	3927	3.164615
13	3925	3.163004
14	3927	3.164615
15	3924	3.162198
16	3924	3.162198
17	2705	2.179853
18	1738	1.400586
19	1744	1.405421
20	1758	1.416703
21	1759	1.417509
22	1759	1.417509
23	1751	1.411062
24	1765	1.422344
25	1765	1.422344
26	1764	1.421538
27	1740	1.402198
28	1751	1.411062
29	1767	1.423956
30	1767	1.423956
31	1767	1.423956
32	1767	1.423956
33	1764	1.421538
34	1758	1.416703
35	1762	1.419927
36	1758	1.416703
37	1751	1.411062
38	1757	1.415897
39	1751	1.411062
40	1759	1.417509
41	1758	1.416703
42	1759	1.417509
43	1759	1.417509
44	1751	1.411062
45	1751	1.411062
46	1759	1.417509
47	1756	1.415092
48	1744	1.405421
49	1757	1.415897
50	1759	1.417509
51	1751	1.411062
52	1764	1.421538
53	1759	1.417509
54	1756	1.415092
55	1748	1.408645
56	1759	1.417509
57	1764	1.421538
58	1759	1.417509
59	1756	1.415092
60	1759	1.417509
61	1759	1.417509
62	1762	1.419927
63	1756	1.415092
64	1748	1.408645
65	1766	1.423150
66	1764	1.421538
67	1767	1.423956
68	1751	1.411062
69	1748	1.408645
70	1756	1.415092
71	1757	1.415897
72	1751	1.411062
73	1759	1.417509
74	1759	1.417509
75	1767	1.423956
76	1767	1.423956
77	1759	1.417509
78	1759	1.417509
79	1767	1.423956
80	1759	1.417509
81	1750	1.410256
82	1757	1.415897
83	1759	1.417509
84	1758	1.416703
85	1751	1.411062
86	1751	1.411062
87	1758	1.416703
88	1751	1.411062
89	1759	1.417509
90	1753	1.412674
91	1756	1.415092
92	1751	1.411062
93	1758	1.416703
94	1759	1.417509
95	1751	1.411062
96	1759	1.417509
97	1756	1.415092
98	1765	1.422344
99	1773	1.428791
100	1759	1.417509
101	1767	1.423956
102	1759	1.417509
103	1766	1.423150
104	1756	1.415092
105	1759	1.417509
106	1751	1.411062
107	1767	1.423956
108	1766	1.423150
109	1764	1.421538
110	1759	1.417509
111	1759	1.417509
112	1764	1.421538
113	1759	1.417509
114	1759	1.417509
115	1759	1.417509
116	1774	1.429597
117	1767	1.423956
118	1764	1.421538
119	1772	1.427985
120	1757	1.415897
121	1767	1.423956
122	1767	1.423956
123	1766	1.423150
124	1765	1.422344
125	1767	1.423956
126	1756	1.415092
127	1766	1.423150
128	1765	1.422344
129	1751	1.411062
130	1757	1.415897
131	1767	1.423956
132	1764	1.421538
133	1756	1.415092
134	1751	1.411062
135	1757	1.415897
136	1749	1.409451
137	1750	1.410256
138	1758	1.416703
139	1773	1.428791
140	1764	1.421538
141	1767	1.423956
142	1777	1.432015
143	1759	1.417509
144	1764	1.421538
145	1762	1.419927
146	1767	1.423956
147	1772	1.427985
148	1759	1.417509
149	1751	1.411062
150	1757	1.415897
151	1788	1.440879
152	1776	1.431209
153	1776	1.431209
154	1772	1.427985
155	1764	1.421538
156	1776	1.431209
157	1764	1.421538
158	1777	1.432015
159	1773	1.428791
160	1773	1.428791
161	1754	1.413480
162	1766	1.423150
163	1764	1.421538
164	1766	1.423150
165	1764	1.421538
166	1772	1.427985
167	1764	1.421538
168	1776	1.431209
169	1759	1.417509
170	1773	1.428791
171	1767	1.423956
172	1783	1.436850
173	1776	1.431209
174	1756	1.415092
175	1764	1.421538
176	1764	1.421538
177	1767	1.423956
178	1767	1.423956
179	1759	1.417509
180	1781	1.435238
181	1777	1.432015
182	1759	1.417509
183	1767	1.423956
184	1780	1.434432
185	1756	1.415092
186	1767	1.423956
187	1767	1.423956
188	1773	1.428791
189	1777	1.432015
190	1778	1.432821
191	1766	1.423150
192	1778	1.432821
193	1774	1.429597
194	1776	1.431209
195	1759	1.417509
196	1756	1.415092
197	1766	1.423150
198	1759	1.417509
199	1756	1.415092
200	1767	1.423956
201	1766	1.423150
202	1767	1.423956
203	1759	1.417509
204	1764	1.421538
205	1759	1.417509
206	1759	1.417509
207	1776	1.431209
208	1766	1.423150
209	1767	1.423956
210	1773	1.428791
211	1764	1.421538
212	1759	1.417509
213	1745	1.406227
214	1765	1.422344
215	1783	1.436850
216	1756	1.415092
217	1765	1.422344
218	1772	1.427985
219	1766	1.423150
220	1764	1.421538
221	1759	1.417509
222	1772	1.427985
223	1764	1.421538
224	1759	1.417509
225	1767	1.423956
226	1757	1.415897
227	1758	1.416703
228	1766	1.423150
229	1780	1.434432
230	1777	1.432015
231	1776	1.431209
232	1777	1.432015
233	1772	1.427985
234	1767	1.423956
235	1749	1.409451
236	1749	1.409451
237	1759	1.417509
238	1772	1.427985
239	1776	1.431209
240	1780	1.434432
241	1770	1.426374
242	1770	1.426374
243	1744	1.405421
244	1759	1.417509
245	1780	1.434432
246	1758	1.416703
247	1766	1.423150
248	1764	1.421538
249	1766	1.423150
250	1764	1.421538
251	1759	1.417509
252	1764	1.421538
253	1767	1.423956
254	1772	1.427985
255	1767	1.423956
256	1767	1.423956
257	1764	1.421538
258	1777	1.432015
259	1764	1.421538
260	1766	1.423150
261	1758	1.416703
262	1776	1.431209
263	1776	1.431209
264	1772	1.427985
265	1767	1.423956
266	1751	1.411062
267	1756	1.415092
268	1767	1.423956
269	1777	1.432015
270	1749	1.409451
271	1749	1.409451
272	1780	1.434432
273	1790	1.442491
274	1781	1.435238
275	1757	1.415897
276	1754	1.413480
277	1774	1.429597
278	1773	1.428791
279	1758	1.416703
280	1782	1.436044
281	1767	1.423956
282	1759	1.417509
283	1767	1.423956
284	1758	1.416703
285	1751	1.411062
286	1767	1.423956
287	1766	1.423150
288	1767	1.423956
289	1772	1.427985
290	1767	1.423956
291	1756	1.415092
292	1765	1.422344
293	1756	1.415092
294	1767	1.423956
295	1767	1.423956
296	1767	1.423956
297	1772	1.427985
298	1767	1.423956
299	1772	1.427985
300	1758	1.416703
301	1767	1.423956
302	1772	1.427985
303	1777	1.432015
304	1765	1.422344
305	1767	1.423956
306	1772	1.427985
307	1777	1.432015
308	1778	1.432821
309	1759	1.417509
310	1764	1.421538
311	1776	1.431209
312	1781	1.435238
313	1770	1.426374
314	1759	1.417509
315	1767	1.423956
316	1783	1.436850
317	1773	1.428791
318	1767	1.423956
319	1767	1.423956
320	1772	1.427985
321	1773	1.428791
322	1776	1.431209
323	1782	1.436044
324	1778	1.432821
325	1776	1.431209
326	1783	1.436850
327	1772	1.427985
328	1759	1.417509
329	1788	1.440879
330	1783	1.436850
331	1783	1.436850
332	1782	1.436044
333	1781	1.435238
334	1783	1.436850
335	1783	1.436850
336	1777	1.432015
337	1772	1.427985
338	1782	1.436044
339	1775	1.430403
340	1777	1.432015
341	1791	1.443297
342	1781	1.435238
343	1783	1.436850
344	1777	1.432015
345	1774	1.429597
346	1783	1.436850
347	1780	1.434432
348	1777	1.432015
349	1776	1.431209
350	1777	1.432015
351	1781	1.435238
352	1772	1.427985
353	1783	1.436850
354	1783	1.436850
355	1773	1.428791
356	1767	1.423956
357	1767	1.423956
358	1783	1.436850
359	1791	1.443297
360	1781	1.435238
361	1767	1.423956
362	1780	1.434432
363	1774	1.429597
364	1782	1.436044
365	1782	1.436044
366	1783	1.436850
367	1788	1.440879
368	1788	1.440879
369	1776	1.431209
370	1783	1.436850
371	1786	1.439267
372	1776	1.431209
373	1782	1.436044
374	1789	1.441685
375	1783	1.436850
376	1780	1.434432
377	1797	1.448132
378	1791	1.443297
379	1780	1.434432
380	1780	1.434432
381	1783	1.436850
382	1772	1.427985
383	1781	1.435238
384	1786	1.439267
385	1783	1.436850
386	1783	1.436850
387	1791	1.443297
388	1788	1.440879
389	1783	1.436850
390	1783	1.436850
391	1778	1.432821
392	1783	1.436850
393	1788	1.440879
394	1780	1.434432
395	1777	1.432015
396	1788	1.440879
397	1788	1.440879
398	1783	1.436850
399	1773	1.428791
400	1781	1.435238
401	1789	1.441685
402	1780	1.434432
403	1796	1.447326
404	1788	1.440879
405	1782	1.436044
406	1782	1.436044
407	1791	1.443297
408	1797	1.448132
409	1780	1.434432
410	1776	1.431209
411	1788	1.440879
412	1783	1.436850
413	1777	1.432015
414	1767	1.423956
415	1778	1.432821
416	1780	1.434432
417	1774	1.429597
418	1767	1.423956
419	1782	1.436044
420	1788	1.440879
421	1772	1.427985
422	1780	1.434432
423	1781	1.435238
424	1781	1.435238
425	1793	1.444908
426	1776	1.431209
427	1772	1.427985
428	1790	1.442491
429	1783	1.436850
430	1783	1.436850
431	1780	1.434432
432	1772	1.427985
433	1788	1.440879
434	1783	1.436850
435	1783	1.436850
436	1780	1.434432
437	1776	1.431209
438	1783	1.436850
439	1788	1.440879
440	1783	1.436850
441	1773	1.428791
442	1776	1.431209
443	1776	1.431209
444	1777	1.432015
445	1780	1.434432
446	1783	1.436850
447	1781	1.435238
448	1782	1.436044
449	1778	1.432821
450	1781	1.435238
451	1780	1.434432
452	1793	1.444908
453	1795	1.446520
454	1783	1.436850
455	1780	1.434432
456	1777	1.432015
457	1780	1.434432
458	1788	1.440879
459	1777	1.432015
460	1788	1.440879
461	1788	1.440879
462	1788	1.440879
463	1778	1.432821
464	1790	1.442491
465	1793	1.444908
466	1783	1.436850
467	1782	1.436044
468	1783	1.436850
469	1790	1.442491
470	1778	1.432821
471	1776	1.431209
472	1788	1.440879
473	1791	1.443297
474	1783	1.436850
475	1783	1.436850
476	1783	1.436850
477	1783	1.436850
478	1773	1.428791
479	1790	1.442491
480	1791	1.443297
481	1782	1.436044
482	1779	1.433626
483	1767	1.423956
484	1780	1.434432
485	1776	1.431209
486	1772	1.427985
487	1783	1.436850
488	1783	1.436850
489	1772	1.427985
490	1783	1.436850
491	1776	1.431209
492	1791	1.443297
493	1791	1.443297
494	1764	1.421538
495	1773	1.428791
496	1774	1.429597
497	1783	1.436850
498	1767	1.423956
499	1759	1.417509
500	1774	1.429597
501	1771	1.427179
502	1776	1.431209
503	1764	1.421538
504	1762	1.419927
505	1783	1.436850
506	1757	1.415897
507	1777	1.432015
508	1788	1.440879
509	1788	1.440879
510	1767	1.423956
511	1748	1.408645
512	1767	1.423956
513	1799	1.449744
514	1767	1.423956
515	1765	1.422344
516	1781	1.435238
517	1780	1.434432
518	1758	1.416703
519	1764	1.421538
520	1794	1.445714
521	1780	1.434432
522	1776	1.431209
523	1767	1.423956
524	1776	1.431209
525	1776	1.431209
526	1773	1.428791
527	1759	1.417509
528	1780	1.434432
529	1772	1.427985
530	1772	1.427985
531	1759	1.417509
532	1764	1.421538
533	1758	1.416703
534	1770	1.426374
535	1767	1.423956
536	1748	1.408645
537	1748	1.408645
538	1758	1.416703
539	1751	1.411062
540	1767	1.423956
541	1759	1.417509
542	1757	1.415897
543	1758	1.416703
544	1751	1.411062
545	1757	1.415897
546	1757	1.415897
547	1756	1.415092
548	1756	1.415092
549	1764	1.421538
550	1780	1.434432
551	1756	1.415092
552	1751	1.411062
553	1756	1.415092
554	1750	1.410256
555	1754	1.413480
556	1759	1.417509
557	1751	1.411062
558	1756	1.415092
559	1744	1.405421
560	1746	1.407033
561	1762	1.419927
562	1764	1.421538
563	1765	1.422344
564	1767	1.423956
565	1748	1.408645
566	1751	1.411062
567	1740	1.402198
568	1734	1.397363
569	1764	1.421538
570	1744	1.405421
571	1744	1.405421
572	1735	1.398168
573	1744	1.405421
574	1744	1.405421
575	1742	1.403810
576	1750	1.410256
577	1735	1.398168
578	1741	1.403004
579	1741	1.403004
580	1735	1.398168
581	1741	1.403004
582	1741	1.403004
583	1740	1.402198
584	1741	1.403004
585	1735	1.398168
586	1735	1.398168
587	1734	1.397363
588	1742	1.403810
589	1740	1.402198
590	1730	1.394139
591	1732	1.395751
592	1718	1.384469
593	1728	1.392527
594	1735	1.398168
595	1740	1.402198
596	1728	1.392527
597	1732	1.395751
598	1732	1.395751
599	1728	1.392527
600	1716	1.382857
601	1719	1.385275
602	1702	1.371575
603	1728	1.392527
604	1717	1.383663
605	1710	1.378022
606	1708	1.376410
607	1708	1.376410
608	1709	1.377216
609	1716	1.382857
610	1716	1.382857
611	1716	1.382857
612	1703	1.372381
613	1687	1.359487
614	1703	1.372381
615	1700	1.369963
616	1701	1.370769
617	1700	1.369963
618	1695	1.365934
619	1703	1.372381
620	1702	1.371575
621	1687	1.359487
622	1695	1.365934
623	1684	1.357070
624	1692	1.363516
625	1687	1.359487
626	1687	1.359487
627	1687	1.359487
628	1676	1.350623
629	1684	1.357070
630	1682	1.355458
631	1687	1.359487
632	1684	1.357070
633	1677	1.351429
634	1669	1.344982
635	1663	1.340147
636	1671	1.346593
637	1671	1.346593
638	1668	1.344176
639	1669	1.344982
640	1663	1.340147
641	1668	1.344176
642	1668	1.344176
643	1668	1.344176
644	1661	1.338535
645	1652	1.331282
646	1662	1.339341
647	1662	1.339341
648	1655	1.333700
649	1648	1.328059
650	1653	1.332088
651	1649	1.328864
652	1652	1.331282
653	1646	1.326447
654	1639	1.320806
655	1650	1.329670
656	1648	1.328059
657	1639	1.320806
658	1639	1.320806
659	1648	1.328059
660	1639	1.320806
661	1644	1.324835
662	1648	1.328059
663	1639	1.320806
664	1644	1.324835
665	1636	1.318388
666	1637	1.319194
667	1636	1.318388
668	1628	1.311941
669	1634	1.316777
670	1631	1.314359
671	1631	1.314359
672	1631	1.314359
673	1629	1.312747
674	1628	1.311941
675	1628	1.311941
676	1623	1.307912
677	1625	1.309524
678	1620	1.305495
679	1620	1.305495
680	1623	1.307912
681	1623	1.307912
682	1623	1.307912
683	1628	1.311941
684	1628	1.311941
685	1621	1.306300
686	1626	1.310330
687	1621	1.306300
688	1623	1.307912
689	1626	1.310330
690	1616	1.302271
691	1620	1.305495
692	1620	1.305495
693	1612	1.299048
694	1621	1.306300
695	1622	1.307106
696	1618	1.303883
697	1617	1.303077
698	1620	1.305495
699	1617	1.303077
700	1620	1.305495
701	1619	1.304689
702	1617	1.303077
703	1628	1.311941
704	1626	1.310330
705	1621	1.306300
706	1631	1.314359
707	1629	1.312747
708	1626	1.310330
709	1631	1.314359
710	1621	1.306300
711	1623	1.307912
712	1621	1.306300
713	1628	1.311941
714	1631	1.314359
715	1622	1.307106
716	1618	1.303883
717	1620	1.305495
718	1623	1.307912
719	1623	1.307912
720	1629	1.312747
721	1629	1.312747
722	1623	1.307912
723	1622	1.307106
724	1628	1.311941
725	1637	1.319194
726	1631	1.314359
727	1629	1.312747
728	1629	1.312747
729	1631	1.314359
730	1636	1.318388
731	1631	1.314359
732	1623	1.307912
733	1631	1.314359
734	1644	1.324835
735	1644	1.324835
736	1644	1.324835
737	1639	1.320806
738	1645	1.325641
739	1636	1.318388
740	1631	1.314359
741	1636	1.318388
742	1655	1.333700
743	1654	1.332894
744	1650	1.329670
745	1655	1.333700
746	1649	1.328864
747	1649	1.328864
748	1658	1.336117
749	1658	1.336117
750	1652	1.331282
751	1655	1.333700
752	1650	1.329670
753	1655	1.333700
754	1662	1.339341
755	1662	1.339341
756	1658	1.336117
757	1660	1.337729
758	1660	1.337729
759	1661	1.338535
760	1669	1.344982
761	1663	1.340147
762	1681	1.354652
763	1677	1.351429
764	1677	1.351429
765	1681	1.354652
766	1684	1.357070
767	1681	1.354652
768	1684	1.357070
769	1693	1.364322
770	1695	1.365934
771	1681	1.354652
772	1684	1.357070
773	1687	1.359487
774	1687	1.359487
775	1695	1.365934
776	1690	1.361905
777	1694	1.365128
778	1695	1.365934
779	1694	1.365128
780	1692	1.363516
781	1703	1.372381
782	1711	1.378828
783	1701	1.370769
784	1695	1.365934
785	1712	1.379634
786	1716	1.382857
787	1718	1.384469
788	1728	1.392527
789	1728	1.392527
790	1717	1.383663
791	1728	1.392527
792	1740	1.402198
793	1732	1.395751
794	1732	1.395751
795	1740	1.402198
796	1735	1.398168
797	1746	1.407033
798	1759	1.417509
799	1751	1.411062
800	1759	1.417509
801	1759	1.417509
802	1772	1.427985
803	1772	1.427985
804	1781	1.435238
805	1783	1.436850
806	1773	1.428791
807	1788	1.440879
808	1791	1.443297
809	1805	1.454579
810	1783	1.436850
811	1799	1.449744
812	1813	1.461026
813	1815	1.462637
814	1823	1.469084
815	1823	1.469084
816	1831	1.475531
817	1820	1.466667
818	1820	1.466667
819	1813	1.461026
820	1821	1.467473
821	1836	1.479560
822	1830	1.474725
823	1837	1.480366
824	1846	1.487619
825	1842	1.484396
826	1844	1.486007
827	1846	1.487619
828	1856	1.495678
829	1842	1.484396
830	1851	1.491648
831	1845	1.486813
832	1847	1.488425
833	1856	1.495678
834	1856	1.495678
835	1856	1.495678
836	1856	1.495678
837	1860	1.498901
838	1858	1.497289
839	1863	1.501319
840	1847	1.488425
841	1856	1.495678
842	1863	1.501319
843	1869	1.506154
844	1857	1.496484
845	1869	1.506154
846	1876	1.511795
847	1884	1.518242
848	1877	1.512601
849	1878	1.513407
850	1893	1.525495
851	1885	1.519048
852	1879	1.514212
853	1884	1.518242
854	1884	1.518242
855	1879	1.514212
856	1892	1.524689
857	1887	1.520659
858	1879	1.514212
859	1879	1.514212
860	1885	1.519048
861	1895	1.527106
862	1893	1.525495
863	1895	1.527106
864	1895	1.527106
865	1895	1.527106
866	1911	1.540000
867	1911	1.540000
868	1927	1.552894
869	1921	1.548059
870	1916	1.544029
871	1916	1.544029
872	1927	1.552894
873	1911	1.540000
874	1924	1.550476
875	1904	1.534359
876	1924	1.550476
877	1927	1.552894
878	1911	1.540000
879	1920	1.547253
880	1916	1.544029
881	1940	1.563370
882	1925	1.551282
883	1924	1.550476
884	1924	1.550476
885	1911	1.540000
886	1927	1.552894
887	1924	1.550476
888	1917	1.544835
889	1922	1.548864
890	1932	1.556923
891	1920	1.547253
892	1924	1.550476
893	1911	1.540000
894	1932	1.556923
895	1924	1.550476
896	1924	1.550476
897	1932	1.556923
898	1941	1.564176
899	1937	1.560952
900	1940	1.563370
901	1933	1.557729
902	1934	1.558535
903	1927	1.552894
904	1940	1.563370
905	1936	1.560147
906	1941	1.564176
907	1943	1.565788
908	1942	1.564982
909	1949	1.570623
910	1946	1.568205
911	1925	1.551282
912	1943	1.565788
913	1936	1.560147
914	1940	1.563370
915	1951	1.572234
916	1951	1.572234
917	1933	1.557729
918	1948	1.569817
919	1959	1.578681
920	1951	1.572234
921	1959	1.578681
922	1942	1.564982
923	1956	1.576264
924	1943	1.565788
925	1956	1.576264
926	1959	1.578681
927	1948	1.569817
928	1959	1.578681
929	1968	1.585934
930	1951	1.572234
931	1968	1.585934
932	1973	1.589963
933	1957	1.577070
934	1968	1.585934
935	1937	1.560952
936	1951	1.572234
937	1951	1.572234
938	1966	1.584322
939	1948	1.569817
940	1964	1.582711
941	1951	1.572234
942	1966	1.584322
943	1968	1.585934
944	1951	1.572234
945	1972	1.589158
946	1959	1.578681
947	1968	1.585934
948	1972	1.589158
949	1964	1.582711
950	1984	1.598828
951	1984	1.598828
952	1959	1.578681
953	1968	1.585934
954	1951	1.572234
955	1984	1.598828
956	1984	1.598828
957	1968	1.585934
958	1974	1.590769
959	1969	1.586740
960	1972	1.589158
961	1959	1.578681
962	1968	1.585934
963	1958	1.577875
964	1989	1.602857
965	1972	1.589158
966	1966	1.584322
967	1951	1.572234
968	1964	1.582711
969	1964	1.582711
970	1972	1.589158
971	1972	1.589158
972	1984	1.598828
973	1996	1.608498
974	1991	1.604469
975	1991	1.604469
976	1986	1.600440
977	1996	1.608498
978	1996	1.608498
979	1984	1.598828
980	1984	1.598828
981	1984	1.598828
982	1984	1.598828
983	1989	1.602857
984	1988	1.602051
985	1969	1.586740
986	1991	1.604469
987	1984	1.598828
988	1973	1.589963
989	1985	1.599634
990	1969	1.586740
991	1984	1.598828
992	1989	1.602857
993	1984	1.598828
994	1991	1.604469
995	2007	1.617363
996	1991	1.604469
997	2006	1.616557
998	1988	1.602051
999	1998	1.610110
1000	2000	1.611722
1001	1990	1.603663
1002	1989	1.602857
1003	2012	1.621392
1004	2012	1.621392
1005	2015	1.623810
1006	1991	1.604469
1007	1996	1.608498
1008	2007	1.617363
1009	1998	1.610110
1010	1996	1.608498
1011	2007	1.617363
1012	2000	1.611722
1013	1991	1.604469
1014	2007	1.617363
1015	2007	1.617363
1016	1996	1.608498
1017	1997	1.609304
1018	2000	1.611722
1019	2007	1.617363
1020	2007	1.617363
1021	2012	1.621392
1022	2001	1.612527
1023	2012	1.621392
1024	2006	1.616557
1025	2007	1.617363
1026	2007	1.617363
1027	2001	1.612527
1028	1988	1.602051
1029	2001	1.612527
1030	1998	1.610110
1031	1990	1.603663
1032	1997	1.609304
1033	1988	1.602051
1034	1991	1.604469
1035	1988	1.602051
1036	2006	1.616557
1037	2000	1.611722
1038	1991	1.604469
1039	1991	1.604469
1040	1987	1.601245
1041	2001	1.612527
1042	2012	1.621392
1043	1991	1.604469
1044	2004	1.614945
1045	2004	1.614945
1046	2007	1.617363
1047	2004	1.614945
1048	2007	1.617363
1049	1996	1.608498
1050	1998	1.610110
1051	2000	1.611722
1052	2002	1.613333
1053	2000	1.611722
1054	2000	1.611722
1055	1990	1.603663
1056	1996	1.608498
1057	2007	1.617363
1058	2000	1.611722
1059	2001	1.612527
1060	1991	1.604469
1061	1991	1.604469
1062	2000	1.611722
1063	2000	1.611722
1064	1985	1.599634
1065	1996	1.608498
1066	2007	1.617363
1067	2006	1.616557
1068	2004	1.614945
1069	2015	1.623810
1070	2014	1.623004
1071	2000	1.611722
1072	1998	1.610110
1073	2000	1.611722
1074	2000	1.611722
1075	1988	1.602051
1076	2004	1.614945
1077	2001	1.612527
1078	1989	1.602857
1079	1984	1.598828
1080	2014	1.623004
1081	2004	1.614945
1082	1996	1.608498
1083	2004	1.614945
1084	2000	1.611722
1085	2015	1.623810
1086	2007	1.617363
1087	1991	1.604469
1088	1996	1.608498
1089	2007	1.617363
1090	2013	1.622198
1091	2007	1.617363
1092	1996	1.608498
1093	2007	1.617363
1094	1991	1.604469
1095	1996	1.608498
1096	2012	1.621392
1097	1996	1.608498
1098	2000	1.611722
1099	2007	1.617363
1100	2000	1.611722
1101	2005	1.615751
1102	1996	1.608498
1103	1991	1.604469
1104	2007	1.617363
1105	2005	1.615751
1106	1991	1.604469
1107	1997	1.609304
1108	1991	1.604469
1109	1991	1.604469
1110	2007	1.617363
1111	1988	1.602051
1112	1994	1.606886
1113	2001	1.612527
1114	1997	1.609304
1115	2002	1.613333
1116	2004	1.614945
1117	2000	1.611722
1118	1985	1.599634
1119	1990	1.603663
1120	2005	1.615751
1121	1991	1.604469
1122	1988	1.602051
1123	1991	1.604469
1124	1996	1.608498
1125	1984	1.598828
1126	1985	1.599634
1127	1991	1.604469
1128	1984	1.598828
1129	1996	1.608498
1130	1997	1.609304
1131	1970	1.587546
1132	1988	1.602051
1133	1997	1.609304
1134	1988	1.602051
1135	1984	1.598828
1136	1984	1.598828
1137	1985	1.599634
1138	1996	1.608498
1139	1975	1.591575
1140	1984	1.598828
1141	1984	1.598828
1142	1984	1.598828
1143	1984	1.598828
1144	1984	1.598828
1145	1988	1.602051
1146	1984	1.598828
1147	1984	1.598828
1148	1991	1.604469
1149	1984	1.598828
1150	1984	1.598828
1151	1984	1.598828
1152	1986	1.600440
1153	1984	1.598828
1154	1984	1.598828
1155	1985	1.599634
1156	1996	1.608498
1157	1975	1.591575
1158	1988	1.602051
1159	1984	1.598828
1160	1984	1.598828
1161	1985	1.599634
1162	1984	1.598828
1163	1974	1.590769
1164	1969	1.586740
1165	1973	1.589963
1166	1991	1.604469
1167	1975	1.591575
1168	1988	1.602051
1169	1974	1.590769
1170	1972	1.589158
1171	1984	1.598828
1172	1989	1.602857
1173	1968	1.585934
1174	1984	1.598828
1175	1972	1.589158
1176	1984	1.598828
1177	1975	1.591575
1178	1984	1.598828
1179	1984	1.598828
1180	1984	1.598828
1181	1974	1.590769
1182	1985	1.599634
1183	1984	1.598828
1184	1970	1.587546
1185	1972	1.589158
1186	1984	1.598828
1187	1959	1.578681
1188	1970	1.587546
1189	1956	1.576264
1190	1972	1.589158
1191	1968	1.585934
1192	1969	1.586740
1193	1959	1.578681
1194	1972	1.589158
1195	1956	1.576264
1196	1951	1.572234
1197	1959	1.578681
1198	1957	1.577070
1199	1948	1.569817
1200	1951	1.572234
1201	1964	1.582711
1202	1959	1.578681
1203	1948	1.569817
1204	1951	1.572234
1205	1951	1.572234
1206	1965	1.583516
1207	1965	1.583516
1208	1948	1.569817
1209	1951	1.572234
1210	1959	1.578681
1211	1951	1.572234
1212	1943	1.565788
1213	1943	1.565788
1214	1951	1.572234
1215	1949	1.570623
1216	1943	1.565788
1217	1951	1.572234
1218	1951	1.572234
1219	1943	1.565788
1220	1956	1.576264
1221	1941	1.564176
1222	1943	1.565788
1223	1959	1.578681
1224	1957	1.577070
1225	1943	1.565788
1226	1959	1.578681
1227	1942	1.564982
1228	1948	1.569817
1229	1948	1.569817
1230	1934	1.558535
1231	1927	1.552894
1232	1948	1.569817
1233	1940	1.563370
1234	1936	1.560147
1235	1943	1.565788
1236	1925	1.551282
1237	1940	1.563370
1238	1938	1.561758
1239	1927	1.552894
1240	1942	1.564982
1241	1941	1.564176
1242	1924	1.550476
1243	1933	1.557729
1244	1924	1.550476
1245	1921	1.548059
1246	1920	1.547253
1247	1920	1.547253
1248	1932	1.556923
1249	1925	1.551282
1250	1907	1.536777
1251	1909	1.538388
1252	1907	1.536777
1253	1916	1.544029
1254	1904	1.534359
1255	1921	1.548059
1256	1921	1.548059
1257	1927	1.552894
1258	1916	1.544029
1259	1904	1.534359
1260	1901	1.531941
1261	1908	1.537582
1262	1909	1.538388
1263	1901	1.531941
1264	1900	1.531136
1265	1900	1.531136
1266	1911	1.540000
1267	1908	1.537582
1268	1911	1.540000
1269	1905	1.535165
1270	1908	1.537582
1271	1909	1.538388
1272	1911	1.540000
1273	1895	1.527106
1274	1898	1.529524
1275	1895	1.527106
1276	1886	1.519853
1277	1879	1.514212
1278	1885	1.519048
1279	1895	1.527106
1280	1884	1.518242
1281	1878	1.513407
1282	1895	1.527106
1283	1878	1.513407
1284	1887	1.520659
1285	1884	1.518242
1286	1882	1.516630
1287	1895	1.527106
1288	1868	1.505348
1289	1872	1.508571
1290	1869	1.506154
1291	1879	1.514212
1292	1885	1.519048
1293	1876	1.511795
1294	1863	1.501319
1295	1872	1.508571
1296	1868	1.505348
1297	1863	1.501319
1298	1856	1.495678
1299	1847	1.488425
1300	1847	1.488425
1301	1868	1.505348
1302	1860	1.498901
1303	1858	1.497289
1304	1863	1.501319
1305	1842	1.484396
1306	1844	1.486007
1307	1831	1.475531
1308	1838	1.481172
1309	1836	1.479560
1310	1840	1.482784
1311	1831	1.475531
1312	1830	1.474725
1313	1836	1.479560
1314	1831	1.475531
1315	1831	1.475531
1316	1831	1.475531
1317	1823	1.469084
1318	1820	1.466667
1319	1821	1.467473
1320	1815	1.462637
1321	1823	1.469084
1322	1815	1.462637
1323	1823	1.469084
1324	1820	1.466667
1325	1809	1.457802
1326	1809	1.457802
1327	1812	1.460220
1328	1796	1.447326
1329	1799	1.449744
1330	1797	1.448132
1331	1796	1.447326
1332	1791	1.443297
1333	1783	1.436850
1334	1789	1.441685
1335	1786	1.439267
1336	1789	1.441685
1337	1767	1.423956
1338	1782	1.436044
1339	1767	1.423956
1340	1770	1.426374
1341	1774	1.429597
1342	1759	1.417509
1343	1774	1.429597
1344	1773	1.428791
1345	1767	1.423956
1346	1759	1.417509
1347	1759	1.417509
1348	1750	1.410256
1349	1750	1.410256
1350	1749	1.409451
1351	1746	1.407033
1352	1748	1.408645
1353	1744	1.405421
1354	1741	1.403004
1355	1728	1.392527
1356	1733	1.396557
1357	1738	1.400586
1358	1734	1.397363
1359	1732	1.395751
1360	1728	1.392527
1361	1728	1.392527
1362	1728	1.392527
1363	1728	1.392527
1364	1728	1.392527
1365	1719	1.385275
1366	1710	1.378022
1367	1714	1.381245
1368	1709	1.377216
1369	1703	1.372381
1370	1700	1.369963
1371	1695	1.365934
1372	1700	1.369963
1373	1702	1.371575
1374	1695	1.365934
1375	1694	1.365128
1376	1695	1.365934
1377	1686	1.358681
1378	1687	1.359487
1379	1687	1.359487
1380	1682	1.355458
1381	1669	1.344982
1382	1671	1.346593
1383	1671	1.346593
1384	1671	1.346593
1385	1662	1.339341
1386	1668	1.344176
1387	1661	1.338535
1388	1660	1.337729
1389	1660	1.337729
1390	1655	1.333700
1391	1652	1.331282
1392	1652	1.331282
1393	1645	1.325641
1394	1644	1.324835
1395	1648	1.328059
1396	1639	1.320806
1397	1637	1.319194
1398	1638	1.320000
1399	1637	1.319194
1400	1631	1.314359
1401	1631	1.314359
1402	1627	1.311136
1403	1623	1.307912
1404	1620	1.305495
1405	1621	1.306300
1406	1623	1.307912
1407	1616	1.302271
1408	1617	1.303077
1409	1616	1.302271
1410	1607	1.295018
1411	1610	1.297436
1412	1607	1.295018
1413	1602	1.290989
1414	1605	1.293407
1415	1601	1.290183
1416	1600	1.289377
1417	1600	1.289377
1418	1600	1.289377
1419	1594	1.284542
1420	1590	1.281319
1421	1590	1.281319
1422	1585	1.277289
1423	1585	1.277289
1424	1585	1.277289
1425	1581	1.274066
1426	1581	1.274066
1427	1580	1.273260
1428	1575	1.269231
1429	1575	1.269231
1430	1575	1.269231
1431	1567	1.262784
1432	1567	1.262784
1433	1567	1.262784
1434	1567	1.262784
1435	1567	1.262784
1436	1567	1.262784
1437	1567	1.262784
1438	1566	1.261978
1439	1564	1.260366
1440	1559	1.256337
1441	1559	1.256337
1442	1558	1.255531
1443	1556	1.253919
1444	1557	1.254725
1445	1553	1.251502
1446	1550	1.249084
1447	1550	1.249084
1448	1548	1.247473
1449	1548	1.247473
1450	1543	1.243443
1451	1543	1.243443
1452	1542	1.242637
1453	1541	1.241832
1454	1540	1.241026
1455	1537	1.238608
1456	1536	1.237802
1457	1532	1.234579
1458	1532	1.234579
1459	1527	1.230549
1460	1527	1.230549
1461	1526	1.229744
1462	1524	1.228132
1463	1522	1.226520
1464	1522	1.226520
1465	1520	1.224908
1466	1519	1.224103
1467	1516	1.221685
1468	1516	1.221685
1469	1514	1.220073
1470	1516	1.221685
1471	1511	1.217656
1472	1511	1.217656
1473	1510	1.216850
1474	1510	1.216850
1475	1509	1.216044
1476	1508	1.215238
1477	1508	1.215238
1478	1506	1.213626
1479	1503	1.211209
1480	1503	1.211209
1481	1503	1.211209
1482	1501	1.209597
1483	1500	1.208791
1484	1498	1.207179
1485	1498	1.207179
1486	1495	1.204762
1487	1495	1.204762
1488	1494	1.203956
1489	1493	1.203150
1490	1492	1.202344
1491	1493	1.203150
1492	1492	1.202344
1493	1492	1.202344
1494	1490	1.200733
1495	1489	1.199927
1496	1489	1.199927
1497	1488	1.199121
1498	1487	1.198315
1499	1485	1.196703
1500	1485	1.196703
1501	1485	1.196703
1502	1484	1.195897
1503	1484	1.195897
1504	1482	1.194286
1505	1482	1.194286
1506	1479	1.191868
1507	1479	1.191868
1508	1479	1.191868
1509	1479	1.191868
1510	1479	1.191868
1511	1479	1.191868
1512	1479	1.191868
1513	1479	1.191868
1514	1478	1.191062
1515	1478	1.191062
1516	1477	1.190256
1517	1477	1.190256
1518	1476	1.189451
1519	1476	1.189451
1520	1476	1.189451
1521	1476	1.189451
1522	1476	1.189451
1523	1474	1.187839
1524	1474	1.187839
1525	1474	1.187839
1526	1473	1.187033
1527	1473	1.187033
1528	1473	1.187033
1529	1472	1.186227
1530	1472	1.186227
1531	1472	1.186227
1532	1472	1.186227
1533	1472	1.186227
1534	1472	1.186227
1535	1472	1.186227
1536	1472	1.186227
1537	1472	1.186227
1538	1472	1.186227
1539	1472	1.186227
1540	1472	1.186227
1541	1472	1.186227
1542	1472	1.186227
1543	1472	1.186227
1544	1472	1.186227
1545	1472	1.186227
1546	1472	1.186227
1547	1472	1.186227
1548	1472	1.186227
1549	1472	1.186227
1550	1472	1.186227
1551	1472	1.186227
1552	1472	1.186227
1553	1472	1.186227
1554	1472	1.186227
1555	1472	1.186227
1556	1472	1.186227
1557	1472	1.186227
1558	1472	1.186227
1559	1472	1.186227
1560	1472	1.186227
1561	1463	1.178974
1562	1463	1.178974
1563	1463	1.178974
1564	1463	1.178974
1565	1463	1.178974
1566	1463	1.178974
1567	1463	1.178974
1568	1463	1.178974
1569	1463	1.178974
1570	1463	1.178974
1571	1463	1.178974
1572	1463	1.178974
1573	1463	1.178974
1574	1463	1.178974
1575	1463	1.178974
1576	1463	1.178974
1577	1463	1.178974
1578	1463	1.178974
1579	1463	1.178974
1580	1463	1.178974
1581	1462	1.178168
1582	1461	1.177363
1583	1462	1.178168
1584	1462	1.178168
1585	1462	1.178168
1586	1461	1.177363
1587	1462	1.178168
1588	1461	1.177363
1589	1462	1.178168
1590	1461	1.177363
1591	1461	1.177363
1592	1461	1.177363
1593	1461	1.177363
1594	1460	1.176557
1595	1461	1.177363
1596	1460	1.176557
1597	1461	1.177363
1598	1461	1.177363
1599	1461	1.177363
1600	1461	1.177363
1601	1461	1.177363
1602	1460	1.176557
1603	1460	1.176557
1604	1460	1.176557
1605	1460	1.176557
1606	1460	1.176557
1607	1460	1.176557
1608	1460	1.176557
1609	1460	1.176557
1610	1460	1.176557
1611	1460	1.176557
1612	1460	1.176557
1613	1460	1.176557
1614	1460	1.176557
1615	1460	1.176557
1616	1458	1.174945
1617	1460	1.176557
1618	1458	1.174945
1619	1460	1.176557
1620	1458	1.174945
1621	1459	1.175751
1622	1458	1.174945
1623	1458	1.174945
1624	1458	1.174945
1625	1458	1.174945
1626	1458	1.174945
1627	1460	1.176557
1628	1458	1.174945
1629	1459	1.175751
1630	1458	1.174945
1631	1460	1.176557
1632	1457	1.174139
1633	1457	1.174139
1634	1456	1.173333
1635	1457	1.174139
1636	1457	1.174139
1637	1458	1.174945
1638	1457	1.174139
1639	1457	1.174139
1640	1457	1.174139
1641	1457	1.174139
1642	1457	1.174139
1643	1457	1.174139
1644	1456	1.173333
1645	1457	1.174139
1646	1456	1.173333
1647	1456	1.173333
1648	1456	1.173333
1649	1457	1.174139
1650	1456	1.173333
1651	1457	1.174139
1652	1456	1.173333
1653	1456	1.173333
1654	1456	1.173333
1655	1457	1.174139
1656	1456	1.173333
1657	1456	1.173333
1658	1456	1.173333
1659	1456	1.173333
1660	1456	1.173333
1661	1457	1.174139
1662	1456	1.173333
1663	1456	1.173333
1664	1456	1.173333
1665	1456	1.173333
1666	1456	1.173333
1667	1456	1.173333
1668	1456	1.173333
1669	1456	1.173333
1670	1456	1.173333
1671	1456	1.173333
1672	1456	1.173333
1673	1456	1.173333
1674	1456	1.173333
1675	1456	1.173333
1676	1456	1.173333
1677	1456	1.173333
1678	1456	1.173333
1679	1456	1.173333
1680	1456	1.173333
1681	1456	1.173333
1682	1456	1.173333
1683	1456	1.173333
1684	1453	1.170916
1685	1453	1.170916
1686	1453	1.170916
1687	1454	1.171722
1688	1454	1.171722
1689	1454	1.171722
1690	1454	1.171722
1691	1454	1.171722
1692	1454	1.171722
1693	1454	1.171722
1694	1453	1.170916
1695	1454	1.171722
1696	1453	1.170916
1697	1454	1.171722
1698	1453	1.170916
1699	1454	1.171722
1700	1453	1.170916
1701	1454	1.171722
1702	1453	1.170916
1703	1454	1.171722
1704	1453	1.170916
1705	1453	1.170916
1706	1452	1.170110
1707	1454	1.171722
1708	1453	1.170916
1709	1453	1.170916
1710	1453	1.170916
1711	1453	1.170916
1712	1452	1.170110
1713	1453	1.170916
1714	1453	1.170916
1715	1453	1.170916
1716	1452	1.170110
1717	1453	1.170916
1718	1452	1.170110
1719	1453	1.170916
1720	1452	1.170110
1721	1453	1.170916
1722	1453	1.170916
1723	1453	1.170916
1724	1452	1.170110
1725	1452	1.170110
1726	1452	1.170110
1727	1453	1.170916
1728	1452	1.170110
1729	1452	1.170110
1730	1452	1.170110
1731	1452	1.170110
1732	1452	1.170110
1733	1453	1.170916
1734	1452	1.170110
1735	1453	1.170916
1736	1452	1.170110
1737	1452	1.170110
1738	1452	1.170110
1739	1453	1.170916
1740	1452	1.170110
1741	1453	1.170916
1742	1452	1.170110
1743	1452	1.170110
1744	1452	1.170110
1745	1452	1.170110
1746	1452	1.170110
1747	1452	1.170110
1748	1452	1.170110
1749	1452	1.170110
1750	1452	1.170110
1751	1452	1.170110
1752	1452	1.170110
1753	1452	1.170110
1754	1452	1.170110
1755	1452	1.170110
1756	1452	1.170110
1757	1452	1.170110
1758	1452	1.170110
1759	1452	1.170110
1760	1452	1.170110
1761	1452	1.170110
1762	1452	1.170110
1763	1452	1.170110
1764	1452	1.170110
1765	1452	1.170110
1766	1452	1.170110
1767	1452	1.170110
1768	1451	1.169304
1769	1452	1.170110
1770	1452	1.170110
1771	1452	1.170110
1772	1451	1.169304
1773	1452	1.170110
1774	1450	1.168498
1775	1452	1.170110
1776	1450	1.168498
1777	1451	1.169304
1778	1450	1.168498
1779	1450	1.168498
1780	1450	1.168498
1781	1452	1.170110
1782	1450	1.168498
1783	1452	1.170110
1784	1450	1.168498
1785	1452	1.170110
1786	1452	1.170110
1787	1452	1.170110
1788	1451	1.169304
1789	1452	1.170110
1790	1450	1.168498
1791	1451	1.169304
1792	1449	1.167692
1793	1449	1.167692
1794	1447	1.166081
1795	1450	1.168498
1796	1450	1.168498
1797	1449	1.167692
1798	1447	1.166081
1799	1450	1.168498
1800	1450	1.168498
1801	1450	1.168498
1802	1447	1.166081
1803	1450	1.168498
1804	1447	1.166081
1805	1450	1.168498
1806	1447	1.166081
1807	1450	1.168498
1808	1447	1.166081
1809	1447	1.166081
1810	1450	1.168498
1811	1450	1.168498
1812	1447	1.166081
1813	1447	1.166081
1814	1447	1.166081
1815	1447	1.166081
1816	1447	1.166081
1817	1447	1.166081
1818	1447	1.166081
1819	1447	1.166081
1820	1447	1.166081
1821	1450	1.168498
1822	1447	1.166081
1823	1447	1.166081
1824	1447	1.166081
1825	1447	1.166081
1826	1447	1.166081
1827	1447	1.166081
1828	1447	1.166081
1829	1447	1.166081
1830	1447	1.166081
1831	1447	1.166081
1832	1447	1.166081
1833	1447	1.166081
1834	1447	1.166081
1835	1447	1.166081
1836	1447	1.166081
1837	1447	1.166081
1838	1447	1.166081
1839	1447	1.166081
1840	1447	1.166081
1841	1447	1.166081
1842	1447	1.166081
1843	1447	1.166081
1844	1447	1.166081
1845	1447	1.166081
1846	1447	1.166081
1847	1447	1.166081
1848	1447	1.166081
1849	1447	1.166081
1850	1447	1.166081
1851	1447	1.166081
1852	1447	1.166081
1853	1447	1.166081
1854	1447	1.166081
1855	1447	1.166081
1856	1447	1.166081
1857	1447	1.166081
1858	1447	1.166081
1859	1447	1.166081
1860	1447	1.166081
1861	1447	1.166081
1862	1447	1.166081
1863	1447	1.166081
1864	1447	1.166081
1865	1447	1.166081
1866	1447	1.166081
1867	1447	1.166081
1868	1447	1.166081
1869	1447	1.166081
1870	1447	1.166081
1871	1447	1.166081
1872	1447	1.166081
1873	1447	1.166081
1874	1447	1.166081
1875	1447	1.166081
1876	1447	1.166081
1877	1447	1.166081
1878	1447	1.166081
1879	1447	1.166081
1880	1447	1.166081
1881	1447	1.166081
1882	1447	1.166081
1883	1447	1.166081
1884	1447	1.166081
1885	1447	1.166081
1886	1447	1.166081
1887	1447	1.166081
1888	1447	1.166081
1889	1447	1.166081
1890	1447	1.166081
1891	1447	1.166081
1892	1447	1.166081
1893	1447	1.166081
1894	1446	1.165275
1895	1447	1.166081
1896	1447	1.166081
1897	1447	1.166081
1898	1447	1.166081
1899	1447	1.166081
1900	1447	1.166081
1901	1447	1.166081
1902	1446	1.165275
1903	1447	1.166081
1904	1446	1.165275
1905	1447	1.166081
1906	1446	1.165275
1907	1447	1.166081
1908	1447	1.166081
1909	1447	1.166081
1910	1447	1.166081
1911	1447	1.166081
1912	1446	1.165275
1913	1447	1.166081
1914	1447	1.166081
1915	1447	1.166081
1916	1446	1.165275
1917	1447	1.166081
1918	1447	1.166081
1919	1447	1.166081
1920	1446	1.165275
1921	1447	1.166081
1922	1447	1.166081
1923	1447	1.166081
1924	1446	1.165275
1925	1447	1.166081
1926	1446	1.165275
1927	1447	1.166081
1928	1446	1.165275
1929	1447	1.166081
1930	1447	1.166081
1931	1447	1.166081
1932	1447	1.166081
1933	1447	1.166081
1934	1445	1.164469
1935	1446	1.165275
1936	1447	1.166081
1937	1447	1.166081
1938	1446	1.165275
1939	1447	1.166081
1940	1446	1.165275
1941	1447	1.166081
1942	1447	1.166081
1943	1446	1.165275
1944	1446	1.165275
1945	1447	1.166081
1946	1446	1.165275
1947	1447	1.166081
1948	1447	1.166081
1949	1447	1.166081
1950	1446	1.165275
1951	1447	1.166081
1952	1446	1.165275
1953	1447	1.166081
1954	1445	1.164469
1955	1446	1.165275
1956	1446	1.165275
1957	1446	1.165275
1958	1446	1.165275
1959	1446	1.165275
1960	1446	1.165275
1961	1447	1.166081
1962	1446	1.165275
1963	1446	1.165275
1964	1446	1.165275
1965	1446	1.165275
1966	1446	1.165275
1967	1446	1.165275
1968	1446	1.165275
1969	1446	1.165275
1970	1445	1.164469
1971	1446	1.165275
1972	1446	1.165275
1973	1446	1.165275
1974	1446	1.165275
1975	1447	1.166081
1976	1446	1.165275
1977	1446	1.165275
1978	1446	1.165275
1979	1446	1.165275
1980	1445	1.164469
1981	1445	1.164469
1982	1445	1.164469
1983	1446	1.165275
1984	1445	1.164469
1985	1445	1.164469
1986	1445	1.164469
1987	1446	1.165275
1988	1445	1.164469
1989	1445	1.164469
1990	1445	1.164469
1991	1446	1.165275
1992	1445	1.164469
1993	1445	1.164469
1994	1445	1.164469
1995	1445	1.164469
1996	1445	1.164469
1997	1445	1.164469
1998	1445	1.164469
1999	1446	1.165275
2000	1445	1.164469
2001	1445	1.164469
2002	1445	1.164469
2003	1445	1.164469
2004	1445	1.164469
2005	1445	1.164469
2006	1445	1.164469
2007	1445	1.164469
2008	1445	1.164469
2009	1446	1.165275
2010	1445	1.164469
2011	1445	1.164469
2012	1445	1.164469
2013	1445	1.164469
2014	1445	1.164469
2015	1445	1.164469
2016	1444	1.163663
2017	1445	1.164469
2018	1445	1.164469
2019	1445	1.164469
2020	1445	1.164469
2021	1446	1.165275
2022	1446	1.165275
2023	1445	1.164469
2024	1445	1.164469
2025	1445	1.164469
2026	1444	1.163663
2027	1444	1.163663
2028	1444	1.163663
2029	1444	1.163663
2030	1444	1.163663
2031	1445	1.164469
2032	1445	1.164469
2033	1445	1.164469
2034	1444	1.163663
2035	1445	1.164469
2036	1444	1.163663
2037	1445	1.164469
2038	1444	1.163663
2039	1445	1.164469
2040	1444	1.163663
2041	1444	1.163663
2042	1444	1.163663
2043	1445	1.164469
2044	1445	1.164469
2045	1445	1.164469
2046	1444	1.163663
2047	1444	1.163663
2048	1444	1.163663
2049	1444	1.163663
2050	1444	1.163663
2051	1444	1.163663
2052	1444	1.163663
2053	1444	1.163663
2054	1444	1.163663
2055	1445	1.164469
2056	1444	1.163663
2057	1444	1.163663
2058	1444	1.163663
2059	1444	1.163663
2060	1444	1.163663
2061	1444	1.163663
2062	1444	1.163663
2063	1444	1.163663
2064	1444	1.163663
2065	1444	1.163663
2066	1444	1.163663
2067	1445	1.164469
2068	1444	1.163663
2069	1444	1.163663
2070	1444	1.163663
2071	1445	1.164469
2072	1444	1.163663
2073	1444	1.163663
2074	1444	1.163663
2075	1444	1.163663
2076	1439	1.159634
2077	1439	1.159634
2078	1439	1.159634
2079	1439	1.159634
2080	1439	1.159634
2081	1439	1.159634
2082	1439	1.159634
2083	1439	1.159634
2084	1439	1.159634
2085	1444	1.163663
2086	1444	1.163663
2087	1444	1.163663
2088	1444	1.163663
2089	1444	1.163663
2090	1439	1.159634
2091	1444	1.163663
2092	1439	1.159634
2093	1439	1.159634
2094	1439	1.159634
2095	1439	1.159634
2096	1439	1.159634
2097	1444	1.163663
2098	1439	1.159634
2099	1444	1.163663
2100	1444	1.163663
2101	1444	1.163663
2102	1439	1.159634
2103	1439	1.159634
2104	1439	1.159634
2105	1439	1.159634
2106	1439	1.159634
2107	1439	1.159634
2108	1439	1.159634
2109	1439	1.159634
2110	1439	1.159634
2111	1439	1.159634
2112	1439	1.159634
2113	1444	1.163663
2114	1439	1.159634
2115	1439	1.159634
2116	1439	1.159634
2117	1439	1.159634
2118	1439	1.159634
2119	1439	1.159634
2120	1439	1.159634
2121	1439	1.159634
2122	1444	1.163663
2123	1444	1.163663
2124	1444	1.163663
2125	1439	1.159634
2126	1439	1.159634
2127	1439	1.159634
2128	1439	1.159634
2129	1439	1.159634
2130	1439	1.159634
2131	1439	1.159634
2132	1439	1.159634
2133	1439	1.159634
2134	1439	1.159634
2135	1439	1.159634
2136	1439	1.159634
2137	1439	1.159634
2138	1439	1.159634
2139	1439	1.159634
2140	1439	1.159634
2141	1439	1.159634
2142	1439	1.159634
2143	1439	1.159634
2144	1439	1.159634
2145	1439	1.159634
2146	1439	1.159634
2147	1439	1.159634
2148	1439	1.159634
2149	1439	1.159634
2150	1439	1.159634
2151	1439	1.159634
2152	1439	1.159634
2153	1439	1.159634
2154	1439	1.159634
2155	1439	1.159634
2156	1439	1.159634
2157	1439	1.159634
2158	1439	1.159634
2159	1439	1.159634
2160	1439	1.159634
2161	1439	1.159634
2162	1439	1.159634
2163	1439	1.159634
2164	1439	1.159634
2165	1439	1.159634
2166	1439	1.159634
2167	1439	1.159634
2168	1439	1.159634
2169	1439	1.159634
2170	1439	1.159634
2171	1439	1.159634
2172	1439	1.159634
2173	1439	1.159634
2174	1439	1.159634
2175	1439	1.159634
2176	1439	1.159634
2177	1439	1.159634
2178	1439	1.159634
2179	1439	1.159634
2180	1439	1.159634
2181	1439	1.159634
2182	1439	1.159634
2183	1439	1.159634
2184	1439	1.159634
2185	1439	1.159634
2186	1439	1.159634
2187	1439	1.159634
2188	1439	1.159634
2189	1439	1.159634
2190	1439	1.159634
2191	1439	1.159634
2192	1439	1.159634
2193	1439	1.159634
2194	1439	1.159634
2195	1439	1.159634
2196	1439	1.159634
2197	1439	1.159634
2198	1439	1.159634
2199	1439	1.159634
2200	1439	1.159634
2201	1439	1.159634
2202	1439	1.159634
2203	1439	1.159634
2204	1439	1.159634
2205	1439	1.159634
2206	1439	1.159634
2207	1439	1.159634
2208	1439	1.159634
2209	1439	1.159634
2210	1439	1.159634
2211	1439	1.159634
2212	1439	1.159634
2213	1439	1.159634
2214	1439	1.159634
2215	1439	1.159634
2216	1439	1.159634
2217	1439	1.159634
2218	1439	1.159634
2219	1439	1.159634
2220	1439	1.159634
2221	1439	1.159634
2222	1439	1.159634
2223	1439	1.159634
2224	1439	1.159634
2225	1439	1.159634
2226	1439	1.159634
2227	1439	1.159634
2228	1439	1.159634
2229	1439	1.159634
2230	1439	1.159634
2231	1439	1.159634
2232	1439	1.159634
2233	1439	1.159634
2234	1439	1.159634
2235	1439	1.159634
2236	1439	1.159634
2237	1439	1.159634
2238	1439	1.159634
2239	1439	1.159634
2240	1439	1.159634
2241	1439	1.159634
2242	1439	1.159634
2243	1439	1.159634
2244	1439	1.159634
2245	1439	1.159634
2246	1439	1.159634
2247	1439	1.159634
2248	1439	1.159634
2249	1439	1.159634
2250	1439	1.159634
2251	1439	1.159634
2252	1439	1.159634
2253	1439	1.159634
2254	1439	1.159634
2255	1439	1.159634
2256	1439	1.159634
2257	1439	1.159634
2258	1439	1.159634
2259	1439	1.159634
2260	1439	1.159634
2261	1439	1.159634
2262	1439	1.159634
2263	1439	1.159634
2264	1439	1.159634
2265	1439	1.159634
2266	1439	1.159634
2267	1439	1.159634
2268	1439	1.159634
2269	1439	1.159634
2270	1439	1.159634
2271	1439	1.159634
2272	1439	1.159634
2273	1439	1.159634
2274	1439	1.159634
2275	1439	1.159634
2276	1439	1.159634
2277	1439	1.159634
2278	1439	1.159634
2279	1439	1.159634
2280	1439	1.159634
2281	1439	1.159634
2282	1439	1.159634
2283	1439	1.159634
2284	1439	1.159634
2285	1439	1.159634
2286	1439	1.159634
2287	1439	1.159634
2288	1439	1.159634
2289	1439	1.159634
2290	1439	1.159634
2291	1439	1.159634
2292	1439	1.159634
2293	1439	1.159634
2294	1439	1.159634
2295	1439	1.159634
2296	1439	1.159634
2297	1439	1.159634
2298	1439	1.159634
2299	1439	1.159634
2300	1439	1.159634
2301	1439	1.159634
2302	1439	1.159634
2303	1439	1.159634
2304	1439	1.159634
2305	1439	1.159634
2306	1439	1.159634
2307	1439	1.159634
2308	1439	1.159634
2309	1439	1.159634
2310	1439	1.159634
2311	1439	1.159634
2312	1439	1.159634
2313	1439	1.159634
2314	1439	1.159634
2315	1439	1.159634
2316	1439	1.159634
2317	1439	1.159634
2318	1439	1.159634
2319	1439	1.159634
2320	1439	1.159634
2321	1439	1.159634
2322	1439	1.159634
2323	1439	1.159634
2324	1439	1.159634
2325	1439	1.159634
2326	1439	1.159634
2327	1439	1.159634
2328	1439	1.159634
2329	1439	1.159634
2330	1439	1.159634
2331	1439	1.159634
2332	1439	1.159634
2333	1439	1.159634
2334	1439	1.159634
2335	1439	1.159634
2336	1439	1.159634
2337	1439	1.159634
2338	1439	1.159634
2339	1439	1.159634
2340	1439	1.159634
2341	1439	1.159634
2342	1439	1.159634
2343	1439	1.159634
2344	1439	1.159634
2345	1439	1.159634
2346	1439	1.159634
2347	1439	1.159634
2348	1439	1.159634
2349	1439	1.159634
2350	1439	1.159634
2351	1439	1.159634
2352	1439	1.159634
2353	1439	1.159634
2354	1439	1.159634
2355	1439	1.159634
2356	1439	1.159634
2357	1439	1.159634
2358	1439	1.159634
2359	1439	1.159634
2360	1439	1.159634
2361	1439	1.159634
2362	1439	1.159634
2363	1439	1.159634
2364	1439	1.159634
2365	1439	1.159634
2366	1439	1.159634
2367	1439	1.159634
2368	1439	1.159634
2369	1439	1.159634
2370	1439	1.159634
2371	1439	1.159634
2372	1439	1.159634
2373	1439	1.159634
2374	1439	1.159634
2375	1439	1.159634
2376	1439	1.159634
2377	1439	1.159634
2378	1439	1.159634
2379	1439	1.159634
2380	1439	1.159634
2381	1439	1.159634
2382	1439	1.159634
2383	1439	1.159634
2384	1439	1.159634
2385	1439	1.159634
2386	1439	1.159634
2387	1439	1.159634
2388	1439	1.159634
2389	1439	1.159634
2390	1439	1.159634
2391	1439	1.159634
2392	1439	1.159634
2393	1439	1.159634
2394	1439	1.159634
2395	1439	1.159634
2396	1439	1.159634
2397	1439	1.159634
2398	1439	1.159634
2399	1439	1.159634
2400	1439	1.159634
2401	1439	1.159634
2402	1439	1.159634
2403	1439	1.159634
2404	1439	1.159634
2405	1439	1.159634
2406	1439	1.159634
2407	1439	1.159634
2408	1439	1.159634
2409	1439	1.159634
2410	1439	1.159634
2411	1439	1.159634
2412	1439	1.159634
2413	1439	1.159634
2414	1439	1.159634
2415	1439	1.159634
2416	1439	1.159634
2417	1439	1.159634
2418	1439	1.159634
2419	1439	1.159634
2420	1439	1.159634
2421	1439	1.159634
2422	1439	1.159634
2423	1439	1.159634
2424	1439	1.159634
2425	1439	1.159634
2426	1439	1.159634
2427	1439	1.159634
2428	1439	1.159634
2429	1439	1.159634
2430	1439	1.159634
2431	1439	1.159634
2432	1439	1.159634
2433	1439	1.159634
2434	1439	1.159634
2435	1439	1.159634
2436	1439	1.159634
2437	1439	1.159634
2438	1439	1.159634
2439	1439	1.159634
2440	1439	1.159634
2441	1439	1.159634
2442	1439	1.159634
2443	1439	1.159634
2444	1439	1.159634
2445	1439	1.159634
2446	1439	1.159634
2447	1439	1.159634
2448	1439	1.159634
2449	1439	1.159634
2450	1438	1.158828
2451	1439	1.159634
2452	1438	1.158828
2453	1439	1.159634
2454	1438	1.158828
2455	1439	1.159634
2456	1439	1.159634
2457	1439	1.159634
2458	1439	1.159634
2459	1439	1.159634
2460	1439	1.159634
2461	1439	1.159634
2462	1439	1.159634
2463	1439	1.159634
2464	1439	1.159634
2465	1439	1.159634
2466	1439	1.159634
2467	1439	1.159634
2468	1439	1.159634
2469	1439	1.159634
2470	1439	1.159634
2471	1439	1.159634
2472	1439	1.159634
2473	1439	1.159634
2474	1439	1.159634
2475	1439	1.159634
2476	1439	1.159634
2477	1439	1.159634
2478	1438	1.158828
2479	1439	1.159634
2480	1439	1.159634
2481	1439	1.159634
2482	1438	1.158828
2483	1439	1.159634
2484	1438	1.158828
2485	1439	1.159634
2486	1439	1.159634
2487	1439	1.159634
2488	1439	1.159634
2489	1439	1.159634
2490	1439	1.159634
2491	1439	1.159634
2492	1438	1.158828
2493	1439	1.159634
2494	1439	1.159634
2495	1439	1.159634
2496	1438	1.158828
2497	1439	1.159634
2498	1438	1.158828
2499	1439	1.159634
2500	1438	1.158828
2501	1439	1.159634
2502	1439	1.159634
2503	1439	1.159634
2504	1439	1.159634
2505	1439	1.159634
2506	1439	1.159634
2507	1439	1.159634
2508	1437	1.158022
2509	1438	1.158828
2510	1438	1.158828
2511	1439	1.159634
2512	1438	1.158828
2513	1439	1.159634
2514	1438	1.158828
2515	1439	1.159634
2516	1438	1.158828
2517	1439	1.159634
2518	1438	1.158828
2519	1438	1.158828
2520	1438	1.158828
2521	1439	1.159634
2522	1438	1.158828
2523	1438	1.158828
2524	1438	1.158828
2525	1438	1.158828
2526	1438	1.158828
2527	1439	1.159634
2528	1438	1.158828
2529	1439	1.159634
2530	1438	1.158828
2531	1438	1.158828
2532	1439	1.159634
2533	1439	1.159634
2534	1438	1.158828
2535	1439	1.159634
2536	1438	1.158828
2537	1439	1.159634
2538	1438	1.158828
2539	1439	1.159634
2540	1437	1.158022
2541	1438	1.158828
2542	1438	1.158828
2543	1438	1.158828
2544	1438	1.158828
2545	1438	1.158828
2546	1438	1.158828
2547	1439	1.159634
2548	1438	1.158828
2549	1438	1.158828
2550	1438	1.158828
2551	1438	1.158828
2552	1438	1.158828
2553	1438	1.158828
2554	1438	1.158828
2555	1438	1.158828
2556	1438	1.158828
2557	1438	1.158828
2558	1438	1.158828
2559	1439	1.159634
2560	1438	1.158828
2561	1439	1.159634
2562	1439	1.159634
2563	1439	1.159634
2564	1438	1.158828
2565	1439	1.159634
2566	1437	1.158022
2567	1437	1.158022
2568	1438	1.158828
2569	1438	1.158828
2570	1438	1.158828
2571	1439	1.159634
2572	1438	1.158828
2573	1438	1.158828
2574	1438	1.158828
2575	1438	1.158828
2576	1438	1.158828
2577	1438	1.158828
2578	1438	1.158828
2579	1438	1.158828
2580	1438	1.158828
2581	1438	1.158828
2582	1438	1.158828
2583	1438	1.158828
2584	1438	1.158828
2585	1438	1.158828
2586	1438	1.158828
2587	1438	1.158828
2588	1438	1.158828
2589	1438	1.158828
2590	1437	1.158022
2591	1437	1.158022
2592	1438	1.158828
2593	1438	1.158828
2594	1438	1.158828
2595	1438	1.158828
2596	1438	1.158828
2597	1438	1.158828
2598	1438	1.158828
2599	1438	1.158828
2600	1437	1.158022
2601	1437	1.158022
2602	1437	1.158022
2603	1437	1.158022
2604	1437	1.158022
2605	1438	1.158828
2606	1438	1.158828
2607	1439	1.159634
2608	1438	1.158828
2609	1438	1.158828
2610	1438	1.158828
2611	1438	1.158828
2612	1438	1.158828
2613	1437	1.158022
2614	1437	1.158022
2615	1437	1.158022
2616	1437	1.158022
2617	1438	1.158828
2618	1437	1.158022
2619	1438	1.158828
2620	1438	1.158828
2621	1437	1.158022
2622	1438	1.158828
2623	1438	1.158828
2624	1437	1.158022
2625	1438	1.158828
2626	1438	1.158828
2627	1438	1.158828
2628	1438	1.158828
2629	1437	1.158022
2630	1437	1.158022
2631	1438	1.158828
2632	1437	1.158022
2633	1438	1.158828
2634	1438	1.158828
2635	1438	1.158828
2636	1437	1.158022
2637	1438	1.158828
2638	1438	1.158828
2639	1438	1.158828
2640	1437	1.158022
2641	1437	1.158022
2642	1437	1.158022
2643	1438	1.158828
2644	1437	1.158022
2645	1438	1.158828
2646	1437	1.158022
2647	1437	1.158022
2648	1437	1.158022
2649	1438	1.158828
2650	1437	1.158022
2651	1437	1.158022
2652	1437	1.158022
2653	1437	1.158022
2654	1437	1.158022
2655	1437	1.158022
2656	1437	1.158022
2657	1437	1.158022
2658	1437	1.158022
2659	1438	1.158828
2660	1437	1.158022
2661	1437	1.158022
2662	1438	1.158828
2663	1438	1.158828
2664	1438	1.158828
2665	1438	1.158828
2666	1437	1.158022
2667	1437	1.158022
2668	1436	1.157216
2669	1438	1.158828
2670	1437	1.158022
2671	1437	1.158022
2672	1437	1.158022
2673	1437	1.158022
2674	1437	1.158022
2675	1437	1.158022
2676	1437	1.158022
2677	1437	1.158022
2678	1437	1.158022
2679	1437	1.158022
2680	1437	1.158022
2681	1437	1.158022
2682	1437	1.158022
2683	1437	1.158022
2684	1437	1.158022
2685	1438	1.158828
2686	1437	1.158022
2687	1437	1.158022
2688	1437	1.158022
2689	1437	1.158022
2690	1437	1.158022
2691	1437	1.158022
2692	1437	1.158022
2693	1437	1.158022
2694	1436	1.157216
2695	1437	1.158022
2696	1437	1.158022
2697	1437	1.158022
2698	1437	1.158022
2699	1437	1.158022
2700	1437	1.158022
2701	1437	1.158022
2702	1437	1.158022
2703	1437	1.158022
2704	1437	1.158022
2705	1437	1.158022
2706	1437	1.158022
2707	1437	1.158022
2708	1437	1.158022
2709	1437	1.158022
2710	1437	1.158022
2711	1437	1.158022
2712	1437	1.158022
2713	1437	1.158022
2714	1437	1.158022
2715	1437	1.158022
2716	1436	1.157216
2717	1436	1.157216
2718	1436	1.157216
2719	1437	1.158022
2720	1436	1.157216
2721	1437	1.158022
2722	1436	1.157216
2723	1436	1.157216
2724	1437	1.158022
2725	1437	1.158022
2726	1437	1.158022
2727	1437	1.158022
2728	1437	1.158022
2729	1437	1.158022
2730	1437	1.158022
2731	1437	1.158022
2732	1437	1.158022
2733	1436	1.157216
2734	1437	1.158022
2735	1437	1.158022
2736	1436	1.157216
2737	1437	1.158022
2738	1437	1.158022
2739	1437	1.158022
2740	1437	1.158022
2741	1437	1.158022
2742	1436	1.157216
2743	1437	1.158022
2744	1436	1.157216
2745	1437	1.158022
2746	1436	1.157216
2747	1437	1.158022
2748	1436	1.157216
2749	1437	1.158022
2750	1437	1.158022
2751	1437	1.158022
2752	1437	1.158022
2753	1436	1.157216
2754	1437	1.158022
2755	1437	1.158022
2756	1436	1.157216
2757	1437	1.158022
2758	1436	1.157216
2759	1437	1.158022
2760	1436	1.157216
2761	1437	1.158022
2762	1436	1.157216
2763	1436	1.157216
2764	1436	1.157216
2765	1436	1.157216
2766	1436	1.157216
2767	1437	1.158022
2768	1436	1.157216
2769	1437	1.158022
2770	1436	1.157216
2771	1437	1.158022
2772	1437	1.158022
2773	1437	1.158022
2774	1436	1.157216
2775	1437	1.158022
2776	1437	1.158022
2777	1437	1.158022
2778	1437	1.158022
2779	1436	1.157216
2780	1436	1.157216
2781	1437	1.158022
2782	1436	1.157216
2783	1437	1.158022
2784	1436	1.157216
2785	1437	1.158022
2786	1436	1.157216
2787	1437	1.158022
2788	1436	1.157216
2789	1436	1.157216
2790	1437	1.158022
2791	1437	1.158022
2792	1436	1.157216
2793	1437	1.158022
2794	1436	1.157216
2795	1437	1.158022
2796	1436	1.157216
2797	1436	1.157216
2798	1436	1.157216
2799	1436	1.157216
2800	1436	1.157216
2801	1436	1.157216
2802	1437	1.158022
2803	1436	1.157216
2804	1436	1.157216
2805	1436	1.157216
2806	1436	1.157216
2807	1436	1.157216
2808	1436	1.157216
2809	1436	1.157216
2810	1436	1.157216
2811	1436	1.157216
2812	1437	1.158022
2813	1436	1.157216
2814	1436	1.157216
2815	1436	1.157216
2816	1436	1.157216
2817	1436	1.157216
2818	1436	1.157216
2819	1436	1.157216
2820	1436	1.157216
2821	1436	1.157216
2822	1436	1.157216
2823	1436	1.157216
2824	1436	1.157216
2825	1436	1.157216
2826	1436	1.157216
2827	1436	1.157216
2828	1436	1.157216
2829	1436	1.157216
2830	1436	1.157216
2831	1437	1.158022
2832	1436	1.157216
2833	1437	1.158022
2834	1436	1.157216
2835	1436	1.157216
2836	1436	1.157216
2837	1436	1.157216
2838	1436	1.157216
2839	1436	1.157216
2840	1436	1.157216
2841	1436	1.157216
2842	1437	1.158022
2843	1436	1.157216
2844	1436	1.157216
2845	1436	1.157216
2846	1436	1.157216
2847	1436	1.157216
2848	1436	1.157216
2849	1436	1.157216
2850	1436	1.157216
2851	1436	1.157216
2852	1436	1.157216
2853	1436	1.157216
2854	1436	1.157216
2855	1436	1.157216
2856	1436	1.157216
2857	1436	1.157216
2858	1436	1.157216
2859	1436	1.157216
2860	1436	1.157216
2861	1436	1.157216
2862	1436	1.157216
2863	1437	1.158022
2864	1436	1.157216
2865	1436	1.157216
2866	1436	1.157216
2867	1437	1.158022
2868	1436	1.157216
2869	1436	1.157216
2870	1436	1.157216
2871	1436	1.157216
2872	1436	1.157216
2873	1436	1.157216
2874	1436	1.157216
2875	1436	1.157216
2876	1436	1.157216
2877	1436	1.157216
2878	1436	1.157216
2879	1436	1.157216
2880	1436	1.157216
2881	1436	1.157216
2882	1436	1.157216
2883	1437	1.158022
2884	1437	1.158022
2885	1437	1.158022
2886	1436	1.157216
2887	1437	1.158022
2888	1436	1.157216
2889	1437	1.158022
2890	1436	1.157216
2891	1437	1.158022
2892	1436	1.157216
2893	1436	1.157216
2894	1436	1.157216
2895	1436	1.157216
2896	1436	1.157216
2897	1436	1.157216
2898	1436	1.157216
2899	1436	1.157216
2900	1436	1.157216
2901	1436	1.157216
2902	1436	1.157216
2903	1436	1.157216
2904	1436	1.157216
2905	1436	1.157216
2906	1436	1.157216
2907	1436	1.157216
2908	1436	1.157216
2909	1436	1.157216
2910	1436	1.157216
2911	1436	1.157216
2912	1436	1.157216
2913	1436	1.157216
2914	1436	1.157216
2915	1436	1.157216
2916	1436	1.157216
2917	1436	1.157216
2918	1436	1.157216
2919	1436	1.157216
2920	1436	1.157216
2921	1436	1.157216
2922	1436	1.157216
2923	1436	1.157216
2924	1436	1.157216
2925	1436	1.157216
2926	1436	1.157216
2927	1436	1.157216
2928	1436	1.157216
2929	1436	1.157216
2930	1436	1.157216
2931	1436	1.157216
2932	1436	1.157216
2933	1436	1.157216
2934	1436	1.157216
2935	1436	1.157216
2936	1436	1.157216
2937	1436	1.157216
2938	1436	1.157216
2939	1436	1.157216
2940	1436	1.157216
2941	1436	1.157216
2942	1436	1.157216
2943	1436	1.157216
2944	1436	1.157216
2945	1436	1.157216
2946	1436	1.157216
2947	1436	1.157216
2948	1436	1.157216
2949	1436	1.157216
2950	1436	1.157216
2951	1436	1.157216
2952	1436	1.157216
2953	1436	1.157216
2954	1436	1.157216
2955	1436	1.157216
2956	1436	1.157216
2957	1436	1.157216
2958	1435	1.156410
2959	1436	1.157216
2960	1436	1.157216
2961	1436	1.157216
2962	1436	1.157216
2963	1436	1.157216
2964	1436	1.157216
2965	1436	1.157216
2966	1436	1.157216
2967	1436	1.157216
2968	1436	1.157216
2969	1436	1.157216
2970	1436	1.157216
2971	1436	1.157216
2972	1436	1.157216
2973	1436	1.157216
2974	1436	1.157216
2975	1436	1.157216
2976	1436	1.157216
2977	1436	1.157216
2978	1436	1.157216
2979	1436	1.157216
2980	1436	1.157216
2981	1436	1.157216
2982	1436	1.157216
2983	1436	1.157216
2984	1436	1.157216
2985	1436	1.157216
2986	1436	1.157216
2987	1436	1.157216
2988	1436	1.157216
2989	1436	1.157216
2990	1436	1.157216
2991	1436	1.157216
2992	1436	1.157216
2993	1435	1.156410
2994	1436	1.157216
2995	1436	1.157216
2996	1436	1.157216
2997	1436	1.157216
2998	1436	1.157216
2999	1436	1.157216
3000	1436	1.157216
3001	1436	1.157216
3002	1436	1.157216
3003	1436	1.157216
3004	1436	1.157216
3005	1436	1.157216
3006	1436	1.157216
3007	1436	1.157216
3008	1436	1.157216
3009	1436	1.157216
3010	1436	1.157216
3011	1436	1.157216
3012	1436	1.157216
3013	1436	1.157216
3014	1436	1.157216
3015	1436	1.157216
3016	1434	1.155604
3017	1434	1.155604
3018	1436	1.157216
3019	1436	1.157216
3020	1436	1.157216
3021	1436	1.157216
3022	1436	1.157216
3023	1436	1.157216
3024	1436	1.157216
3025	1436	1.157216
3026	1436	1.157216
3027	1436	1.157216
3028	1436	1.157216
3029	1436	1.157216
3030	1436	1.157216
3031	1436	1.157216
3032	1436	1.157216
3033	1436	1.157216
3034	1436	1.157216
3035	1436	1.157216
3036	1436	1.157216
3037	1436	1.157216
3038	1436	1.157216
3039	1435	1.156410
3040	1435	1.156410
3041	1435	1.156410
3042	1435	1.156410
3043	1435	1.156410
3044	1436	1.157216
3045	1436	1.157216
3046	1436	1.157216
3047	1436	1.157216
3048	1436	1.157216
3049	1436	1.157216
3050	1436	1.157216
3051	1436	1.157216
3052	1434	1.155604
3053	1436	1.157216
3054	1434	1.155604
3055	1436	1.157216
3056	1436	1.157216
3057	1436	1.157216
3058	1436	1.157216
3059	1436	1.157216
3060	1434	1.155604
3061	1436	1.157216
3062	1436	1.157216
3063	1436	1.157216
3064	1434	1.155604
3065	1434	1.155604
3066	1436	1.157216
3067	1435	1.156410
3068	1434	1.155604
3069	1436	1.157216
3070	1436	1.157216
3071	1436	1.157216
3072	1436	1.157216
3073	1436	1.157216
3074	1436	1.157216
3075	1436	1.157216
3076	1434	1.155604
3077	1434	1.155604
3078	1435	1.156410
3079	1435	1.156410
3080	1435	1.156410
3081	1434	1.155604
3082	1434	1.155604
3083	1436	1.157216
3084	1434	1.155604
3085	1434	1.155604
3086	1434	1.155604
3087	1435	1.156410
3088	1436	1.157216
3089	1436	1.157216
3090	1434	1.155604
3091	1436	1.157216
3092	1434	1.155604
3093	1434	1.155604
3094	1436	1.157216
3095	1436	1.157216
3096	1434	1.155604
3097	1436	1.157216
3098	1435	1.156410
3099	1436	1.157216
3100	1434	1.155604
3101	1436	1.157216
3102	1434	1.155604
3103	1436	1.157216
3104	1435	1.156410
3105	1434	1.155604
3106	1434	1.155604
3107	1434	1.155604
3108	1436	1.157216
3109	1436	1.157216
3110	1434	1.155604
3111	1435	1.156410
3112	1434	1.155604
3113	1436	1.157216
3114	1434	1.155604
3115	1434	1.155604
3116	1434	1.155604
3117	1434	1.155604
3118	1434	1.155604
3119	1436	1.157216
3120	1436	1.157216
3121	1435	1.156410
3122	1434	1.155604
3123	1436	1.157216
3124	1436	1.157216
3125	1436	1.157216
3126	1436	1.157216
3127	1436	1.157216
3128	1436	1.157216
3129	1436	1.157216
3130	1436	1.157216
3131	1434	1.155604
3132	1433	1.154799
3133	1434	1.155604
3134	1434	1.155604
3135	1434	1.155604
3136	1434	1.155604
3137	1434	1.155604
3138	1434	1.155604
3139	1434	1.155604
3140	1434	1.155604
3141	1435	1.156410
3142	1434	1.155604
3143	1434	1.155604
3144	1434	1.155604
3145	1434	1.155604
3146	1434	1.155604
3147	1434	1.155604
3148	1434	1.155604
3149	1434	1.155604
3150	1434	1.155604
3151	1434	1.155604
3152	1435	1.156410
3153	1434	1.155604
3154	1434	1.155604
3155	1434	1.155604
3156	1434	1.155604
3157	1434	1.155604
3158	1434	1.155604
3159	1434	1.155604
3160	1434	1.155604
3161	1435	1.156410
3162	1434	1.155604
3163	1434	1.155604
3164	1434	1.155604
3165	1434	1.155604
3166	1434	1.155604
3167	1435	1.156410
3168	1434	1.155604
3169	1434	1.155604
3170	1434	1.155604
3171	1434	1.155604
3172	1434	1.155604
3173	1434	1.155604
3174	1436	1.157216
3175	1436	1.157216
3176	1434	1.155604
3177	1434	1.155604
3178	1433	1.154799
3179	1434	1.155604
3180	1434	1.155604
3181	1434	1.155604
3182	1434	1.155604
3183	1434	1.155604
3184	1434	1.155604
3185	1434	1.155604
3186	1433	1.154799
3187	1434	1.155604
3188	1434	1.155604
3189	1434	1.155604
3190	1434	1.155604
3191	1434	1.155604
3192	1434	1.155604
3193	1434	1.155604
3194	1434	1.155604
3195	1434	1.155604
3196	1434	1.155604
3197	1434	1.155604
3198	1434	1.155604
3199	1434	1.155604
3200	1434	1.155604
3201	1434	1.155604
3202	1434	1.155604
3203	1434	1.155604
3204	1434	1.155604
3205	1434	1.155604
3206	1434	1.155604
3207	1434	1.155604
3208	1434	1.155604
3209	1434	1.155604
3210	1434	1.155604
3211	1434	1.155604
3212	1434	1.155604
3213	1434	1.155604
3214	1434	1.155604
3215	1434	1.155604
3216	1434	1.155604
3217	1434	1.155604
3218	1433	1.154799
3219	1434	1.155604
3220	1433	1.154799
3221	1434	1.155604
3222	1433	1.154799
3223	1433	1.154799
3224	1434	1.155604
3225	1433	1.154799
3226	1433	1.154799
3227	1434	1.155604
3228	1434	1.155604
3229	1434	1.155604
3230	1434	1.155604
3231	1434	1.155604
3232	1435	1.156410
3233	1434	1.155604
3234	1435	1.156410
3235	1434	1.155604
3236	1433	1.154799
3237	1433	1.154799
3238	1433	1.154799
3239	1433	1.154799
3240	1433	1.154799
3241	1434	1.155604
3242	1434	1.155604
3243	1434	1.155604
3244	1434	1.155604
3245	1433	1.154799
3246	1433	1.154799
3247	1434	1.155604
3248	1433	1.154799
3249	1434	1.155604
3250	1433	1.154799
3251	1434	1.155604
3252	1433	1.154799
3253	1434	1.155604
3254	1434	1.155604
3255	1434	1.155604
3256	1433	1.154799
3257	1433	1.154799
3258	1433	1.154799
3259	1431	1.153187
3260	1431	1.153187
3261	1434	1.155604
3262	1431	1.153187
3263	1434	1.155604
3264	1433	1.154799
3265	1433	1.154799
3266	1433	1.154799
3267	1433	1.154799
3268	1431	1.153187
3269	1431	1.153187
3270	1433	1.154799
3271	1434	1.155604
3272	1433	1.154799
3273	1433	1.154799
3274	1433	1.154799
3275	1434	1.155604
3276	1433	1.154799
3277	1431	1.153187
3278	1431	1.153187
3279	1431	1.153187
3280	1433	1.154799
3281	1433	1.154799
3282	1433	1.154799
3283	1434	1.155604
3284	1434	1.155604
3285	1434	1.155604
3286	1431	1.153187
3287	1433	1.154799
3288	1431	1.153187
3289	1431	1.153187
3290	1431	1.153187
3291	1433	1.154799
3292	1431	1.153187
3293	1433	1.154799
3294	1434	1.155604
3295	1433	1.154799
3296	1431	1.153187
3297	1433	1.154799
3298	1431	1.153187
3299	1431	1.153187
3300	1431	1.153187
3301	1433	1.154799
3302	1431	1.153187
3303	1431	1.153187
3304	1431	1.153187
3305	1433	1.154799
3306	1433	1.154799
3307	1431	1.153187
3308	1431	1.153187
3309	1431	1.153187
3310	1431	1.153187
3311	1431	1.153187
3312	1431	1.153187
3313	1431	1.153187
3314	1431	1.153187
3315	1433	1.154799
3316	1433	1.154799
3317	1433	1.154799
3318	1431	1.153187
3319	1431	1.153187
3320	1431	1.153187
3321	1431	1.153187
3322	1431	1.153187
3323	1431	1.153187
3324	1431	1.153187
3325	1433	1.154799
3326	1433	1.154799
3327	1431	1.153187
3328	1431	1.153187
3329	1431	1.153187
3330	1431	1.153187
3331	1434	1.155604
3332	1431	1.153187
3333	1434	1.155604
3334	1431	1.153187
3335	1434	1.155604
3336	1434	1.155604
3337	1434	1.155604
3338	1433	1.154799
3339	1433	1.154799
3340	1431	1.153187
3341	1433	1.154799
3342	1431	1.153187
3343	1431	1.153187
3344	1431	1.153187
3345	1431	1.153187
3346	1431	1.153187
3347	1431	1.153187
3348	1431	1.153187
3349	1431	1.153187
3350	1431	1.153187
3351	1431	1.153187
3352	1431	1.153187
3353	1431	1.153187
3354	1431	1.153187
3355	1431	1.153187
3356	1431	1.153187
3357	1431	1.153187
3358	1431	1.153187
3359	1431	1.153187
3360	1431	1.153187
3361	1431	1.153187
3362	1431	1.153187
3363	1431	1.153187
3364	1431	1.153187
3365	1431	1.153187
3366	1431	1.153187
3367	1431	1.153187
3368	1431	1.153187
3369	1431	1.153187
3370	1431	1.153187
3371	1431	1.153187
3372	1431	1.153187
3373	1431	1.153187
3374	1431	1.153187
3375	1431	1.153187
3376	1431	1.153187
3377	1433	1.154799
3378	1431	1.153187
3379	1431	1.153187
3380	1431	1.153187
3381	1431	1.153187
3382	1431	1.153187
3383	1431	1.153187
3384	1434	1.155604
3385	1431	1.153187
3386	1431	1.153187
3387	1433	1.154799
3388	1431	1.153187
3389	1431	1.153187
3390	1431	1.153187
3391	1431	1.153187
3392	1431	1.153187
3393	1431	1.153187
3394	1431	1.153187
3395	1431	1.153187
3396	1431	1.153187
3397	1431	1.153187
3398	1431	1.153187
3399	1431	1.153187
3400	1431	1.153187
3401	1431	1.153187
3402	1431	1.153187
3403	1431	1.153187
3404	1431	1.153187
3405	1431	1.153187
3406	1431	1.153187
3407	1431	1.153187
3408	1431	1.153187
3409	1431	1.153187
3410	1431	1.153187
3411	1431	1.153187
3412	1431	1.153187
3413	1431	1.153187
3414	1431	1.153187
3415	1431	1.153187
3416	1431	1.153187
3417	1431	1.153187
3418	1431	1.153187
3419	1431	1.153187
3420	1431	1.153187
3421	1431	1.153187
3422	1431	1.153187
3423	1431	1.153187
3424	1431	1.153187
3425	1431	1.153187
3426	1431	1.153187
3427	1431	1.153187
3428	1431	1.153187
3429	1431	1.153187
3430	1431	1.153187
3431	1431	1.153187
3432	1431	1.153187
3433	1431	1.153187
3434	1431	1.153187
3435	1431	1.153187
3436	1431	1.153187
3437	1431	1.153187
3438	1431	1.153187
3439	1431	1.153187
3440	1431	1.153187
3441	1431	1.153187
3442	1431	1.153187
3443	1431	1.153187
3444	1431	1.153187
3445	1431	1.153187
3446	1431	1.153187
3447	1431	1.153187
3448	1431	1.153187
3449	1431	1.153187
3450	1431	1.153187
3451	1431	1.153187
3452	1431	1.153187
3453	1431	1.153187
3454	1431	1.153187
3455	1431	1.153187
3456	1431	1.153187
3457	1431	1.153187
3458	1431	1.153187
3459	1431	1.153187
3460	1431	1.153187
3461	1431	1.153187
3462	1431	1.153187
3463	1431	1.153187
3464	1431	1.153187
3465	1431	1.153187
3466	1431	1.153187
3467	1431	1.153187
3468	1431	1.153187
3469	1431	1.153187
3470	1431	1.153187
3471	1431	1.153187
3472	1431	1.153187
3473	1431	1.153187
3474	1431	1.153187
3475	1431	1.153187
3476	1431	1.153187
3477	1431	1.153187
3478	1431	1.153187
3479	1431	1.153187
3480	1431	1.153187
3481	1431	1.153187
3482	1431	1.153187
3483	1431	1.153187
3484	1431	1.153187
3485	1431	1.153187
3486	1431	1.153187
3487	1431	1.153187
3488	1431	1.153187
3489	1431	1.153187
3490	1431	1.153187
3491	1431	1.153187
3492	1431	1.153187
3493	1431	1.153187
3494	1431	1.153187
3495	1431	1.153187
3496	1431	1.153187
3497	1431	1.153187
3498	1431	1.153187
3499	1431	1.153187
3500	1431	1.153187
3501	1431	1.153187
3502	1431	1.153187
3503	1431	1.153187
3504	1431	1.153187
3505	1431	1.153187
3506	1431	1.153187
3507	1431	1.153187
3508	1431	1.153187
3509	1431	1.153187
3510	1431	1.153187
3511	1431	1.153187
3512	1431	1.153187
3513	1431	1.153187
3514	1431	1.153187
3515	1431	1.153187
3516	1431	1.153187
3517	1431	1.153187
3518	1431	1.153187
3519	1431	1.153187
3520	1431	1.153187
3521	1431	1.153187
3522	1431	1.153187
3523	1431	1.153187
3524	1431	1.153187
3525	1431	1.153187
3526	1431	1.153187
3527	1431	1.153187
3528	1431	1.153187
3529	1431	1.153187
3530	1431	1.153187
3531	1431	1.153187
3532	1431	1.153187
3533	1431	1.153187
3534	1431	1.153187
3535	1431	1.153187
3536	1431	1.153187
3537	1431	1.153187
3538	1431	1.153187
3539	1431	1.153187
3540	1431	1.153187
3541	1431	1.153187
3542	1431	1.153187
3543	1431	1.153187
3544	1431	1.153187
3545	1431	1.153187
3546	1431	1.153187
3547	1431	1.153187
3548	1431	1.153187
3549	1431	1.153187
3550	1431	1.153187
3551	1431	1.153187
3552	1431	1.153187
3553	1431	1.153187
3554	1431	1.153187
3555	1431	1.153187
3556	1431	1.153187
3557	1431	1.153187
3558	1431	1.153187
3559	1431	1.153187
3560	1431	1.153187
3561	1431	1.153187
3562	1431	1.153187
3563	1431	1.153187
3564	1431	1.153187
3565	1431	1.153187
3566	1431	1.153187
3567	1431	1.153187
3568	1431	1.153187
3569	1431	1.153187
3570	1431	1.153187
3571	1431	1.153187
3572	1431	1.153187
3573	1431	1.153187
3574	1431	1.153187
3575	1431	1.153187
3576	1431	1.153187
3577	1431	1.153187
3578	1431	1.153187
3579	1431	1.153187
3580	1431	1.153187
3581	1431	1.153187
3582	1431	1.153187
3583	1431	1.153187
3584	1431	1.153187
3585	1431	1.153187
3586	1431	1.153187
3587	1431	1.153187
3588	1431	1.153187
3589	1431	1.153187
3590	1431	1.153187
3591	1431	1.153187
3592	1431	1.153187
3593	1431	1.153187
3594	1431	1.153187
3595	1431	1.153187
3596	1431	1.153187
3597	1431	1.153187
3598	1431	1.153187
3599	1431	1.153187
3600	1431	1.153187
3601	1431	1.153187
3602	1431	1.153187
3603	1431	1.153187
3604	1431	1.153187
3605	1431	1.153187
3606	1431	1.153187
3607	1431	1.153187
3608	1431	1.153187
3609	1431	1.153187
3610	1431	1.153187
3611	1431	1.153187
3612	1431	1.153187
3613	1431	1.153187
3614	1431	1.153187
3615	1431	1.153187
3616	1431	1.153187
3617	1431	1.153187
3618	1431	1.153187
3619	1431	1.153187
3620	1431	1.153187
3621	1431	1.153187
3622	1431	1.153187
3623	1431	1.153187
3624	1431	1.153187
3625	1431	1.153187
3626	1431	1.153187
3627	1431	1.153187
3628	1431	1.153187
3629	1431	1.153187
3630	1431	1.153187
3631	1431	1.153187
3632	1431	1.153187
3633	1431	1.153187
3634	1431	1.153187
3635	1431	1.153187
3636	1431	1.153187
3637	1431	1.153187
3638	1431	1.153187
3639	1431	1.153187
3640	1431	1.153187
3641	1431	1.153187
3642	1431	1.153187
3643	1431	1.153187
3644	1431	1.153187
3645	1431	1.153187
3646	1431	1.153187
3647	1431	1.153187
