Pixel	ADC	VoltageV
1	3938	3.173480
2	3938	3.173480
3	3938	3.173480
4	3936	3.171868
5	3936	3.171868
6	3936	3.171868
7	3938	3.173480
8	3936	3.171868
9	3936	3.171868
10	3936	3.171868
11	3936	3.171868
12	3936	3.171868
13	3936	3.171868
14	3938	3.173480
15	3936	3.171868
16	3936	3.171868
17	3138	2.528791
18	2490	2.006593
19	2530	2.038828
20	2515	2.026740
21	2528	2.037216
22	2515	2.026740
23	2530	2.038828
24	2511	2.023516
25	2528	2.037216
26	2530	2.038828
27	2507	2.020293
28	2530	2.038828
29	2528	2.037216
30	2530	2.038828
31	2507	2.020293
32	2530	2.038828
33	2528	2.037216
34	2528	2.037216
35	2515	2.026740
36	2528	2.037216
37	2528	2.037216
38	2530	2.038828
39	2515	2.026740
40	2538	2.045275
41	2528	2.037216
42	2528	2.037216
43	2530	2.038828
44	2528	2.037216
45	2528	2.037216
46	2538	2.045275
47	2530	2.038828
48	2528	2.037216
49	2531	2.039634
50	2539	2.046081
51	2538	2.045275
52	2520	2.030769
53	2528	2.037216
54	2530	2.038828
55	2538	2.045275
56	2530	2.038828
57	2543	2.049304
58	2539	2.046081
59	2528	2.037216
60	2547	2.052527
61	2543	2.049304
62	2539	2.046081
63	2536	2.043663
64	2530	2.038828
65	2538	2.045275
66	2539	2.046081
67	2538	2.045275
68	2520	2.030769
69	2530	2.038828
70	2531	2.039634
71	2530	2.038828
72	2539	2.046081
73	2514	2.025934
74	2528	2.037216
75	2536	2.043663
76	2538	2.045275
77	2528	2.037216
78	2530	2.038828
79	2528	2.037216
80	2538	2.045275
81	2538	2.045275
82	2528	2.037216
83	2515	2.026740
84	2528	2.037216
85	2536	2.043663
86	2531	2.039634
87	2530	2.038828
88	2538	2.045275
89	2530	2.038828
90	2530	2.038828
91	2530	2.038828
92	2522	2.032381
93	2539	2.046081
94	2531	2.039634
95	2528	2.037216
96	2536	2.043663
97	2531	2.039634
98	2536	2.043663
99	2531	2.039634
100	2531	2.039634
101	2536	2.043663
102	2543	2.049304
103	2530	2.038828
104	2539	2.046081
105	2539	2.046081
106	2539	2.046081
107	2547	2.052527
108	2539	2.046081
109	2538	2.045275
110	2538	2.045275
111	2539	2.046081
112	2531	2.039634
113	2528	2.037216
114	2531	2.039634
115	2531	2.039634
116	2547	2.052527
117	2538	2.045275
118	2528	2.037216
119	2539	2.046081
120	2543	2.049304
121	2538	2.045275
122	2539	2.046081
123	2536	2.043663
124	2538	2.045275
125	2528	2.037216
126	2539	2.046081
127	2538	2.045275
128	2538	2.045275
129	2530	2.038828
130	2530	2.038828
131	2538	2.045275
132	2530	2.038828
133	2536	2.043663
134	2530	2.038828
135	2538	2.045275
136	2539	2.046081
137	2538	2.045275
138	2530	2.038828
139	2531	2.039634
140	2531	2.039634
141	2543	2.049304
142	2538	2.045275
143	2530	2.038828
144	2538	2.045275
145	2531	2.039634
146	2538	2.045275
147	2538	2.045275
148	2528	2.037216
149	2530	2.038828
150	2530	2.038828
151	2536	2.043663
152	2538	2.045275
153	2554	2.058168
154	2547	2.052527
155	2538	2.045275
156	2538	2.045275
157	2528	2.037216
158	2536	2.043663
159	2530	2.038828
160	2538	2.045275
161	2531	2.039634
162	2539	2.046081
163	2531	2.039634
164	2531	2.039634
165	2531	2.039634
166	2531	2.039634
167	2538	2.045275
168	2539	2.046081
169	2538	2.045275
170	2539	2.046081
171	2530	2.038828
172	2543	2.049304
173	2528	2.037216
174	2543	2.049304
175	2528	2.037216
176	2543	2.049304
177	2528	2.037216
178	2530	2.038828
179	2539	2.046081
180	2538	2.045275
181	2554	2.058168
182	2539	2.046081
183	2546	2.051722
184	2554	2.058168
185	2547	2.052527
186	2531	2.039634
187	2538	2.045275
188	2554	2.058168
189	2552	2.056557
190	2543	2.049304
191	2554	2.058168
192	2559	2.062198
193	2543	2.049304
194	2539	2.046081
195	2543	2.049304
196	2555	2.058974
197	2539	2.046081
198	2531	2.039634
199	2542	2.048498
200	2555	2.058974
201	2539	2.046081
202	2547	2.052527
203	2536	2.043663
204	2539	2.046081
205	2538	2.045275
206	2547	2.052527
207	2528	2.037216
208	2554	2.058168
209	2530	2.038828
210	2539	2.046081
211	2538	2.045275
212	2530	2.038828
213	2531	2.039634
214	2539	2.046081
215	2530	2.038828
216	2538	2.045275
217	2538	2.045275
218	2538	2.045275
219	2543	2.049304
220	2539	2.046081
221	2538	2.045275
222	2554	2.058168
223	2539	2.046081
224	2531	2.039634
225	2538	2.045275
226	2539	2.046081
227	2531	2.039634
228	2539	2.046081
229	2539	2.046081
230	2543	2.049304
231	2547	2.052527
232	2538	2.045275
233	2543	2.049304
234	2543	2.049304
235	2539	2.046081
236	2538	2.045275
237	2547	2.052527
238	2543	2.049304
239	2552	2.056557
240	2538	2.045275
241	2531	2.039634
242	2539	2.046081
243	2543	2.049304
244	2543	2.049304
245	2539	2.046081
246	2543	2.049304
247	2547	2.052527
248	2555	2.058974
249	2539	2.046081
250	2543	2.049304
251	2538	2.045275
252	2552	2.056557
253	2555	2.058974
254	2543	2.049304
255	2539	2.046081
256	2555	2.058974
257	2547	2.052527
258	2559	2.062198
259	2554	2.058168
260	2555	2.058974
261	2539	2.046081
262	2547	2.052527
263	2538	2.045275
264	2552	2.056557
265	2543	2.049304
266	2554	2.058168
267	2554	2.058168
268	2555	2.058974
269	2543	2.049304
270	2543	2.049304
271	2543	2.049304
272	2546	2.051722
273	2559	2.062198
274	2547	2.052527
275	2554	2.058168
276	2539	2.046081
277	2559	2.062198
278	2539	2.046081
279	2543	2.049304
280	2554	2.058168
281	2543	2.049304
282	2543	2.049304
283	2539	2.046081
284	2547	2.052527
285	2555	2.058974
286	2554	2.058168
287	2547	2.052527
288	2539	2.046081
289	2539	2.046081
290	2555	2.058974
291	2547	2.052527
292	2563	2.065421
293	2552	2.056557
294	2539	2.046081
295	2538	2.045275
296	2538	2.045275
297	2552	2.056557
298	2538	2.045275
299	2543	2.049304
300	2547	2.052527
301	2559	2.062198
302	2559	2.062198
303	2554	2.058168
304	2539	2.046081
305	2547	2.052527
306	2555	2.058974
307	2554	2.058168
308	2555	2.058974
309	2559	2.062198
310	2555	2.058974
311	2547	2.052527
312	2555	2.058974
313	2555	2.058974
314	2559	2.062198
315	2555	2.058974
316	2555	2.058974
317	2559	2.062198
318	2559	2.062198
319	2570	2.071062
320	2555	2.058974
321	2555	2.058974
322	2554	2.058168
323	2555	2.058974
324	2570	2.071062
325	2570	2.071062
326	2559	2.062198
327	2555	2.058974
328	2568	2.069451
329	2552	2.056557
330	2554	2.058168
331	2563	2.065421
332	2570	2.071062
333	2554	2.058168
334	2555	2.058974
335	2555	2.058974
336	2555	2.058974
337	2552	2.056557
338	2559	2.062198
339	2568	2.069451
340	2554	2.058168
341	2559	2.062198
342	2559	2.062198
343	2559	2.062198
344	2559	2.062198
345	2552	2.056557
346	2555	2.058974
347	2554	2.058168
348	2570	2.071062
349	2563	2.065421
350	2555	2.058974
351	2543	2.049304
352	2570	2.071062
353	2554	2.058168
354	2563	2.065421
355	2559	2.062198
356	2555	2.058974
357	2559	2.062198
358	2559	2.062198
359	2555	2.058974
360	2559	2.062198
361	2555	2.058974
362	2568	2.069451
363	2559	2.062198
364	2555	2.058974
365	2570	2.071062
366	2559	2.062198
367	2547	2.052527
368	2559	2.062198
369	2559	2.062198
370	2563	2.065421
371	2563	2.065421
372	2555	2.058974
373	2555	2.058974
374	2559	2.062198
375	2555	2.058974
376	2555	2.058974
377	2559	2.062198
378	2559	2.062198
379	2555	2.058974
380	2555	2.058974
381	2555	2.058974
382	2571	2.071868
383	2555	2.058974
384	2555	2.058974
385	2559	2.062198
386	2547	2.052527
387	2559	2.062198
388	2559	2.062198
389	2554	2.058168
390	2554	2.058168
391	2570	2.071062
392	2568	2.069451
393	2559	2.062198
394	2570	2.071062
395	2554	2.058168
396	2554	2.058168
397	2570	2.071062
398	2559	2.062198
399	2559	2.062198
400	2559	2.062198
401	2570	2.071062
402	2570	2.071062
403	2555	2.058974
404	2579	2.078315
405	2584	2.082344
406	2571	2.071868
407	2554	2.058168
408	2559	2.062198
409	2568	2.069451
410	2575	2.075092
411	2555	2.058974
412	2570	2.071062
413	2555	2.058974
414	2559	2.062198
415	2559	2.062198
416	2571	2.071868
417	2559	2.062198
418	2570	2.071062
419	2563	2.065421
420	2570	2.071062
421	2559	2.062198
422	2568	2.069451
423	2559	2.062198
424	2555	2.058974
425	2571	2.071868
426	2570	2.071062
427	2559	2.062198
428	2570	2.071062
429	2554	2.058168
430	2559	2.062198
431	2568	2.069451
432	2555	2.058974
433	2559	2.062198
434	2570	2.071062
435	2575	2.075092
436	2559	2.062198
437	2570	2.071062
438	2570	2.071062
439	2575	2.075092
440	2559	2.062198
441	2571	2.071868
442	2570	2.071062
443	2555	2.058974
444	2555	2.058974
445	2570	2.071062
446	2570	2.071062
447	2554	2.058168
448	2571	2.071868
449	2570	2.071062
450	2554	2.058168
451	2559	2.062198
452	2571	2.071868
453	2559	2.062198
454	2570	2.071062
455	2571	2.071868
456	2571	2.071868
457	2570	2.071062
458	2570	2.071062
459	2559	2.062198
460	2555	2.058974
461	2568	2.069451
462	2570	2.071062
463	2552	2.056557
464	2579	2.078315
465	2568	2.069451
466	2570	2.071062
467	2563	2.065421
468	2559	2.062198
469	2575	2.075092
470	2559	2.062198
471	2575	2.075092
472	2570	2.071062
473	2571	2.071868
474	2571	2.071868
475	2584	2.082344
476	2559	2.062198
477	2592	2.088791
478	2592	2.088791
479	2586	2.083956
480	2571	2.071868
481	2579	2.078315
482	2579	2.078315
483	2594	2.090403
484	2586	2.083956
485	2592	2.088791
486	2594	2.090403
487	2571	2.071868
488	2592	2.088791
489	2592	2.088791
490	2586	2.083956
491	2579	2.078315
492	2575	2.075092
493	2571	2.071868
494	2579	2.078315
495	2571	2.071868
496	2571	2.071868
497	2559	2.062198
498	2571	2.071868
499	2563	2.065421
500	2570	2.071062
501	2555	2.058974
502	2570	2.071062
503	2568	2.069451
504	2568	2.069451
505	2575	2.075092
506	2559	2.062198
507	2571	2.071868
508	2575	2.075092
509	2575	2.075092
510	2570	2.071062
511	2578	2.077509
512	2575	2.075092
513	2592	2.088791
514	2586	2.083956
515	2575	2.075092
516	2575	2.075092
517	2571	2.071868
518	2579	2.078315
519	2571	2.071868
520	2579	2.078315
521	2571	2.071868
522	2592	2.088791
523	2570	2.071062
524	2592	2.088791
525	2575	2.075092
526	2563	2.065421
527	2579	2.078315
528	2586	2.083956
529	2555	2.058974
530	2575	2.075092
531	2571	2.071868
532	2571	2.071868
533	2571	2.071868
534	2592	2.088791
535	2571	2.071868
536	2570	2.071062
537	2571	2.071868
538	2570	2.071062
539	2579	2.078315
540	2559	2.062198
541	2571	2.071868
542	2575	2.075092
543	2571	2.071868
544	2592	2.088791
545	2571	2.071868
546	2592	2.088791
547	2592	2.088791
548	2586	2.083956
549	2586	2.083956
550	2592	2.088791
551	2592	2.088791
552	2592	2.088791
553	2579	2.078315
554	2592	2.088791
555	2584	2.082344
556	2586	2.083956
557	2592	2.088791
558	2575	2.075092
559	2575	2.075092
560	2579	2.078315
561	2575	2.075092
562	2595	2.091209
563	2584	2.082344
564	2579	2.078315
565	2579	2.078315
566	2575	2.075092
567	2595	2.091209
568	2594	2.090403
569	2575	2.075092
570	2592	2.088791
571	2586	2.083956
572	2594	2.090403
573	2586	2.083956
574	2594	2.090403
575	2592	2.088791
576	2571	2.071868
577	2575	2.075092
578	2584	2.082344
579	2575	2.075092
580	2575	2.075092
581	2586	2.083956
582	2584	2.082344
583	2592	2.088791
584	2570	2.071062
585	2592	2.088791
586	2575	2.075092
587	2571	2.071868
588	2579	2.078315
589	2586	2.083956
590	2586	2.083956
591	2575	2.075092
592	2595	2.091209
593	2575	2.075092
594	2584	2.082344
595	2571	2.071868
596	2584	2.082344
597	2595	2.091209
598	2586	2.083956
599	2584	2.082344
600	2592	2.088791
601	2575	2.075092
602	2575	2.075092
603	2568	2.069451
604	2571	2.071868
605	2575	2.075092
606	2592	2.088791
607	2575	2.075092
608	2579	2.078315
609	2584	2.082344
610	2575	2.075092
611	2584	2.082344
612	2570	2.071062
613	2575	2.075092
614	2594	2.090403
615	2575	2.075092
616	2571	2.071868
617	2575	2.075092
618	2568	2.069451
619	2592	2.088791
620	2586	2.083956
621	2579	2.078315
622	2584	2.082344
623	2579	2.078315
624	2594	2.090403
625	2594	2.090403
626	2584	2.082344
627	2584	2.082344
628	2579	2.078315
629	2592	2.088791
630	2592	2.088791
631	2592	2.088791
632	2586	2.083956
633	2592	2.088791
634	2594	2.090403
635	2575	2.075092
636	2575	2.075092
637	2595	2.091209
638	2579	2.078315
639	2592	2.088791
640	2584	2.082344
641	2586	2.083956
642	2594	2.090403
643	2592	2.088791
644	2594	2.090403
645	2594	2.090403
646	2592	2.088791
647	2592	2.088791
648	2592	2.088791
649	2579	2.078315
650	2595	2.091209
651	2584	2.082344
652	2594	2.090403
653	2592	2.088791
654	2592	2.088791
655	2592	2.088791
656	2592	2.088791
657	2571	2.071868
658	2592	2.088791
659	2575	2.075092
660	2579	2.078315
661	2592	2.088791
662	2575	2.075092
663	2595	2.091209
664	2602	2.096850
665	2592	2.088791
666	2603	2.097656
667	2575	2.075092
668	2592	2.088791
669	2592	2.088791
670	2600	2.095238
671	2595	2.091209
672	2595	2.091209
673	2579	2.078315
674	2603	2.097656
675	2592	2.088791
676	2594	2.090403
677	2592	2.088791
678	2602	2.096850
679	2600	2.095238
680	2602	2.096850
681	2595	2.091209
682	2592	2.088791
683	2602	2.096850
684	2594	2.090403
685	2603	2.097656
686	2603	2.097656
687	2592	2.088791
688	2594	2.090403
689	2592	2.088791
690	2594	2.090403
691	2579	2.078315
692	2594	2.090403
693	2594	2.090403
694	2603	2.097656
695	2592	2.088791
696	2602	2.096850
697	2579	2.078315
698	2603	2.097656
699	2579	2.078315
700	2592	2.088791
701	2600	2.095238
702	2594	2.090403
703	2594	2.090403
704	2594	2.090403
705	2595	2.091209
706	2602	2.096850
707	2595	2.091209
708	2611	2.104103
709	2602	2.096850
710	2592	2.088791
711	2594	2.090403
712	2592	2.088791
713	2595	2.091209
714	2602	2.096850
715	2594	2.090403
716	2594	2.090403
717	2602	2.096850
718	2600	2.095238
719	2594	2.090403
720	2594	2.090403
721	2594	2.090403
722	2592	2.088791
723	2592	2.088791
724	2594	2.090403
725	2602	2.096850
726	2594	2.090403
727	2575	2.075092
728	2603	2.097656
729	2602	2.096850
730	2602	2.096850
731	2595	2.091209
732	2575	2.075092
733	2592	2.088791
734	2600	2.095238
735	2603	2.097656
736	2602	2.096850
737	2603	2.097656
738	2602	2.096850
739	2607	2.100879
740	2618	2.109744
741	2595	2.091209
742	2611	2.104103
743	2594	2.090403
744	2594	2.090403
745	2610	2.103297
746	2618	2.109744
747	2603	2.097656
748	2595	2.091209
749	2618	2.109744
750	2602	2.096850
751	2603	2.097656
752	2607	2.100879
753	2594	2.090403
754	2603	2.097656
755	2603	2.097656
756	2594	2.090403
757	2594	2.090403
758	2607	2.100879
759	2594	2.090403
760	2603	2.097656
761	2602	2.096850
762	2602	2.096850
763	2602	2.096850
764	2600	2.095238
765	2602	2.096850
766	2603	2.097656
767	2607	2.100879
768	2607	2.100879
769	2602	2.096850
770	2619	2.110549
771	2618	2.109744
772	2618	2.109744
773	2603	2.097656
774	2607	2.100879
775	2618	2.109744
776	2600	2.095238
777	2607	2.100879
778	2595	2.091209
779	2607	2.100879
780	2607	2.100879
781	2607	2.100879
782	2602	2.096850
783	2618	2.109744
784	2600	2.095238
785	2626	2.116190
786	2619	2.110549
787	2619	2.110549
788	2619	2.110549
789	2611	2.104103
790	2618	2.109744
791	2618	2.109744
792	2607	2.100879
793	2618	2.109744
794	2627	2.116996
795	2603	2.097656
796	2603	2.097656
797	2611	2.104103
798	2626	2.116190
799	2618	2.109744
800	2619	2.110549
801	2607	2.100879
802	2619	2.110549
803	2616	2.108132
804	2626	2.116190
805	2611	2.104103
806	2616	2.108132
807	2626	2.116190
808	2618	2.109744
809	2626	2.116190
810	2627	2.116996
811	2618	2.109744
812	2619	2.110549
813	2619	2.110549
814	2626	2.116190
815	2626	2.116190
816	2634	2.122637
817	2626	2.116190
818	2618	2.109744
819	2634	2.122637
820	2626	2.116190
821	2626	2.116190
822	2627	2.116996
823	2611	2.104103
824	2626	2.116190
825	2626	2.116190
826	2639	2.126667
827	2634	2.122637
828	2627	2.116996
829	2627	2.116996
830	2632	2.121026
831	2635	2.123443
832	2632	2.121026
833	2626	2.116190
834	2626	2.116190
835	2634	2.122637
836	2639	2.126667
837	2619	2.110549
838	2626	2.116190
839	2627	2.116996
840	2626	2.116190
841	2635	2.123443
842	2634	2.122637
843	2627	2.116996
844	2635	2.123443
845	2635	2.123443
846	2634	2.122637
847	2634	2.122637
848	2639	2.126667
849	2635	2.123443
850	2635	2.123443
851	2635	2.123443
852	2635	2.123443
853	2634	2.122637
854	2634	2.122637
855	2639	2.126667
856	2626	2.116190
857	2635	2.123443
858	2618	2.109744
859	2632	2.121026
860	2624	2.114579
861	2632	2.121026
862	2632	2.121026
863	2634	2.122637
864	2658	2.141978
865	2635	2.123443
866	2650	2.135531
867	2658	2.141978
868	2643	2.129890
869	2656	2.140366
870	2643	2.129890
871	2658	2.141978
872	2648	2.133919
873	2656	2.140366
874	2656	2.140366
875	2659	2.142784
876	2656	2.140366
877	2656	2.140366
878	2656	2.140366
879	2658	2.141978
880	2643	2.129890
881	2656	2.140366
882	2648	2.133919
883	2639	2.126667
884	2658	2.141978
885	2650	2.135531
886	2635	2.123443
887	2648	2.133919
888	2656	2.140366
889	2656	2.140366
890	2650	2.135531
891	2643	2.129890
892	2635	2.123443
893	2635	2.123443
894	2634	2.122637
895	2635	2.123443
896	2656	2.140366
897	2635	2.123443
898	2635	2.123443
899	2632	2.121026
900	2643	2.129890
901	2635	2.123443
902	2634	2.122637
903	2639	2.126667
904	2635	2.123443
905	2656	2.140366
906	2648	2.133919
907	2656	2.140366
908	2656	2.140366
909	2656	2.140366
910	2643	2.129890
911	2626	2.116190
912	2643	2.129890
913	2635	2.123443
914	2656	2.140366
915	2656	2.140366
916	2643	2.129890
917	2643	2.129890
918	2666	2.148425
919	2658	2.141978
920	2658	2.141978
921	2648	2.133919
922	2658	2.141978
923	2658	2.141978
924	2658	2.141978
925	2656	2.140366
926	2643	2.129890
927	2635	2.123443
928	2658	2.141978
929	2656	2.140366
930	2656	2.140366
931	2635	2.123443
932	2658	2.141978
933	2659	2.142784
934	2656	2.140366
935	2656	2.140366
936	2656	2.140366
937	2658	2.141978
938	2656	2.140366
939	2635	2.123443
940	2659	2.142784
941	2634	2.122637
942	2648	2.133919
943	2648	2.133919
944	2656	2.140366
945	2658	2.141978
946	2634	2.122637
947	2658	2.141978
948	2627	2.116996
949	2656	2.140366
950	2650	2.135531
951	2643	2.129890
952	2643	2.129890
953	2658	2.141978
954	2658	2.141978
955	2656	2.140366
956	2656	2.140366
957	2643	2.129890
958	2656	2.140366
959	2656	2.140366
960	2658	2.141978
961	2658	2.141978
962	2656	2.140366
963	2656	2.140366
964	2656	2.140366
965	2648	2.133919
966	2659	2.142784
967	2658	2.141978
968	2656	2.140366
969	2648	2.133919
970	2666	2.148425
971	2643	2.129890
972	2658	2.141978
973	2656	2.140366
974	2666	2.148425
975	2659	2.142784
976	2658	2.141978
977	2667	2.149231
978	2671	2.152454
979	2659	2.142784
980	2656	2.140366
981	2643	2.129890
982	2666	2.148425
983	2656	2.140366
984	2656	2.140366
985	2656	2.140366
986	2656	2.140366
987	2648	2.133919
988	2656	2.140366
989	2659	2.142784
990	2643	2.129890
991	2656	2.140366
992	2656	2.140366
993	2666	2.148425
994	2658	2.141978
995	2682	2.161319
996	2658	2.141978
997	2667	2.149231
998	2671	2.152454
999	2671	2.152454
1000	2666	2.148425
1001	2682	2.161319
1002	2671	2.152454
1003	2667	2.149231
1004	2675	2.155678
1005	2666	2.148425
1006	2683	2.162125
1007	2671	2.152454
1008	2680	2.159707
1009	2666	2.148425
1010	2675	2.155678
1011	2667	2.149231
1012	2682	2.161319
1013	2675	2.155678
1014	2666	2.148425
1015	2667	2.149231
1016	2667	2.149231
1017	2667	2.149231
1018	2671	2.152454
1019	2671	2.152454
1020	2671	2.152454
1021	2680	2.159707
1022	2682	2.161319
1023	2680	2.159707
1024	2667	2.149231
1025	2675	2.155678
1026	2675	2.155678
1027	2675	2.155678
1028	2667	2.149231
1029	2675	2.155678
1030	2659	2.142784
1031	2667	2.149231
1032	2671	2.152454
1033	2666	2.148425
1034	2667	2.149231
1035	2666	2.148425
1036	2675	2.155678
1037	2664	2.146813
1038	2666	2.148425
1039	2667	2.149231
1040	2675	2.155678
1041	2667	2.149231
1042	2671	2.152454
1043	2671	2.152454
1044	2680	2.159707
1045	2683	2.162125
1046	2675	2.155678
1047	2682	2.161319
1048	2680	2.159707
1049	2667	2.149231
1050	2675	2.155678
1051	2683	2.162125
1052	2682	2.161319
1053	2675	2.155678
1054	2682	2.161319
1055	2671	2.152454
1056	2683	2.162125
1057	2671	2.152454
1058	2675	2.155678
1059	2675	2.155678
1060	2683	2.162125
1061	2664	2.146813
1062	2683	2.162125
1063	2683	2.162125
1064	2682	2.161319
1065	2680	2.159707
1066	2691	2.168571
1067	2683	2.162125
1068	2687	2.165348
1069	2683	2.162125
1070	2682	2.161319
1071	2687	2.165348
1072	2683	2.162125
1073	2687	2.165348
1074	2671	2.152454
1075	2682	2.161319
1076	2683	2.162125
1077	2682	2.161319
1078	2675	2.155678
1079	2683	2.162125
1080	2682	2.161319
1081	2683	2.162125
1082	2680	2.159707
1083	2683	2.162125
1084	2687	2.165348
1085	2683	2.162125
1086	2682	2.161319
1087	2698	2.174212
1088	2698	2.174212
1089	2687	2.165348
1090	2698	2.174212
1091	2687	2.165348
1092	2683	2.162125
1093	2698	2.174212
1094	2683	2.162125
1095	2683	2.162125
1096	2687	2.165348
1097	2691	2.168571
1098	2687	2.165348
1099	2687	2.165348
1100	2687	2.165348
1101	2680	2.159707
1102	2683	2.162125
1103	2687	2.165348
1104	2682	2.161319
1105	2682	2.161319
1106	2698	2.174212
1107	2698	2.174212
1108	2696	2.172601
1109	2687	2.165348
1110	2691	2.168571
1111	2682	2.161319
1112	2707	2.181465
1113	2691	2.168571
1114	2687	2.165348
1115	2687	2.165348
1116	2687	2.165348
1117	2683	2.162125
1118	2687	2.165348
1119	2687	2.165348
1120	2698	2.174212
1121	2682	2.161319
1122	2687	2.165348
1123	2703	2.178242
1124	2696	2.172601
1125	2683	2.162125
1126	2682	2.161319
1127	2698	2.174212
1128	2707	2.181465
1129	2691	2.168571
1130	2698	2.174212
1131	2683	2.162125
1132	2703	2.178242
1133	2698	2.174212
1134	2698	2.174212
1135	2703	2.178242
1136	2707	2.181465
1137	2703	2.178242
1138	2707	2.181465
1139	2699	2.175018
1140	2707	2.181465
1141	2696	2.172601
1142	2687	2.165348
1143	2687	2.165348
1144	2687	2.165348
1145	2683	2.162125
1146	2703	2.178242
1147	2699	2.175018
1148	2720	2.191941
1149	2698	2.174212
1150	2698	2.174212
1151	2703	2.178242
1152	2712	2.185495
1153	2699	2.175018
1154	2699	2.175018
1155	2703	2.178242
1156	2699	2.175018
1157	2703	2.178242
1158	2703	2.178242
1159	2698	2.174212
1160	2698	2.174212
1161	2687	2.165348
1162	2707	2.181465
1163	2699	2.175018
1164	2707	2.181465
1165	2699	2.175018
1166	2720	2.191941
1167	2720	2.191941
1168	2720	2.191941
1169	2707	2.181465
1170	2699	2.175018
1171	2703	2.178242
1172	2687	2.165348
1173	2707	2.181465
1174	2698	2.174212
1175	2720	2.191941
1176	2720	2.191941
1177	2703	2.178242
1178	2703	2.178242
1179	2720	2.191941
1180	2707	2.181465
1181	2707	2.181465
1182	2699	2.175018
1183	2707	2.181465
1184	2714	2.187106
1185	2703	2.178242
1186	2720	2.191941
1187	2730	2.200000
1188	2722	2.193553
1189	2712	2.185495
1190	2698	2.174212
1191	2720	2.191941
1192	2720	2.191941
1193	2714	2.187106
1194	2714	2.187106
1195	2707	2.181465
1196	2714	2.187106
1197	2703	2.178242
1198	2712	2.185495
1199	2723	2.194359
1200	2703	2.178242
1201	2703	2.178242
1202	2720	2.191941
1203	2712	2.185495
1204	2728	2.198388
1205	2714	2.187106
1206	2722	2.193553
1207	2720	2.191941
1208	2722	2.193553
1209	2720	2.191941
1210	2720	2.191941
1211	2723	2.194359
1212	2703	2.178242
1213	2722	2.193553
1214	2722	2.193553
1215	2722	2.193553
1216	2707	2.181465
1217	2722	2.193553
1218	2722	2.193553
1219	2720	2.191941
1220	2720	2.191941
1221	2722	2.193553
1222	2714	2.187106
1223	2720	2.191941
1224	2720	2.191941
1225	2730	2.200000
1226	2728	2.198388
1227	2723	2.194359
1228	2730	2.200000
1229	2720	2.191941
1230	2720	2.191941
1231	2731	2.200806
1232	2722	2.193553
1233	2723	2.194359
1234	2731	2.200806
1235	2728	2.198388
1236	2730	2.200000
1237	2731	2.200806
1238	2720	2.191941
1239	2731	2.200806
1240	2722	2.193553
1241	2731	2.200806
1242	2731	2.200806
1243	2731	2.200806
1244	2735	2.204029
1245	2731	2.200806
1246	2730	2.200000
1247	2722	2.193553
1248	2730	2.200000
1249	2722	2.193553
1250	2723	2.194359
1251	2722	2.193553
1252	2722	2.193553
1253	2730	2.200000
1254	2730	2.200000
1255	2731	2.200806
1256	2730	2.200000
1257	2744	2.211282
1258	2728	2.198388
1259	2735	2.204029
1260	2735	2.204029
1261	2735	2.204029
1262	2731	2.200806
1263	2728	2.198388
1264	2730	2.200000
1265	2739	2.207253
1266	2731	2.200806
1267	2739	2.207253
1268	2730	2.200000
1269	2747	2.213700
1270	2754	2.219341
1271	2731	2.200806
1272	2747	2.213700
1273	2746	2.212894
1274	2744	2.211282
1275	2746	2.212894
1276	2744	2.211282
1277	2746	2.212894
1278	2744	2.211282
1279	2731	2.200806
1280	2735	2.204029
1281	2730	2.200000
1282	2744	2.211282
1283	2752	2.217729
1284	2746	2.212894
1285	2746	2.212894
1286	2739	2.207253
1287	2739	2.207253
1288	2739	2.207253
1289	2744	2.211282
1290	2752	2.217729
1291	2735	2.204029
1292	2730	2.200000
1293	2744	2.211282
1294	2755	2.220147
1295	2747	2.213700
1296	2747	2.213700
1297	2754	2.219341
1298	2739	2.207253
1299	2730	2.200000
1300	2739	2.207253
1301	2744	2.211282
1302	2746	2.212894
1303	2744	2.211282
1304	2746	2.212894
1305	2739	2.207253
1306	2735	2.204029
1307	2738	2.206447
1308	2739	2.207253
1309	2754	2.219341
1310	2754	2.219341
1311	2752	2.217729
1312	2754	2.219341
1313	2746	2.212894
1314	2747	2.213700
1315	2746	2.212894
1316	2744	2.211282
1317	2752	2.217729
1318	2754	2.219341
1319	2739	2.207253
1320	2752	2.217729
1321	2755	2.220147
1322	2746	2.212894
1323	2754	2.219341
1324	2754	2.219341
1325	2747	2.213700
1326	2746	2.212894
1327	2735	2.204029
1328	2754	2.219341
1329	2755	2.220147
1330	2754	2.219341
1331	2754	2.219341
1332	2754	2.219341
1333	2747	2.213700
1334	2762	2.225788
1335	2754	2.219341
1336	2755	2.220147
1337	2755	2.220147
1338	2762	2.225788
1339	2754	2.219341
1340	2754	2.219341
1341	2754	2.219341
1342	2754	2.219341
1343	2762	2.225788
1344	2746	2.212894
1345	2763	2.226593
1346	2762	2.225788
1347	2754	2.219341
1348	2754	2.219341
1349	2746	2.212894
1350	2754	2.219341
1351	2755	2.220147
1352	2763	2.226593
1353	2771	2.233040
1354	2762	2.225788
1355	2755	2.220147
1356	2754	2.219341
1357	2763	2.226593
1358	2762	2.225788
1359	2767	2.229817
1360	2755	2.220147
1361	2752	2.217729
1362	2762	2.225788
1363	2760	2.224176
1364	2755	2.220147
1365	2762	2.225788
1366	2767	2.229817
1367	2767	2.229817
1368	2778	2.238681
1369	2763	2.226593
1370	2760	2.224176
1371	2762	2.225788
1372	2763	2.226593
1373	2762	2.225788
1374	2763	2.226593
1375	2763	2.226593
1376	2762	2.225788
1377	2762	2.225788
1378	2762	2.225788
1379	2762	2.225788
1380	2784	2.243516
1381	2763	2.226593
1382	2763	2.226593
1383	2762	2.225788
1384	2762	2.225788
1385	2767	2.229817
1386	2767	2.229817
1387	2763	2.226593
1388	2755	2.220147
1389	2763	2.226593
1390	2776	2.237070
1391	2762	2.225788
1392	2784	2.243516
1393	2762	2.225788
1394	2760	2.224176
1395	2763	2.226593
1396	2786	2.245128
1397	2763	2.226593
1398	2762	2.225788
1399	2762	2.225788
1400	2776	2.237070
1401	2763	2.226593
1402	2784	2.243516
1403	2767	2.229817
1404	2786	2.245128
1405	2784	2.243516
1406	2763	2.226593
1407	2771	2.233040
1408	2776	2.237070
1409	2767	2.229817
1410	2762	2.225788
1411	2784	2.243516
1412	2778	2.238681
1413	2776	2.237070
1414	2767	2.229817
1415	2762	2.225788
1416	2776	2.237070
1417	2763	2.226593
1418	2771	2.233040
1419	2784	2.243516
1420	2786	2.245128
1421	2771	2.233040
1422	2784	2.243516
1423	2786	2.245128
1424	2776	2.237070
1425	2784	2.243516
1426	2767	2.229817
1427	2763	2.226593
1428	2784	2.243516
1429	2762	2.225788
1430	2767	2.229817
1431	2767	2.229817
1432	2767	2.229817
1433	2778	2.238681
1434	2786	2.245128
1435	2767	2.229817
1436	2784	2.243516
1437	2771	2.233040
1438	2771	2.233040
1439	2763	2.226593
1440	2767	2.229817
1441	2767	2.229817
1442	2786	2.245128
1443	2784	2.243516
1444	2776	2.237070
1445	2771	2.233040
1446	2767	2.229817
1447	2784	2.243516
1448	2786	2.245128
1449	2767	2.229817
1450	2778	2.238681
1451	2784	2.243516
1452	2784	2.243516
1453	2786	2.245128
1454	2787	2.245934
1455	2792	2.249963
1456	2794	2.251575
1457	2784	2.243516
1458	2786	2.245128
1459	2784	2.243516
1460	2784	2.243516
1461	2784	2.243516
1462	2767	2.229817
1463	2787	2.245934
1464	2784	2.243516
1465	2787	2.245934
1466	2795	2.252381
1467	2787	2.245934
1468	2771	2.233040
1469	2794	2.251575
1470	2776	2.237070
1471	2786	2.245128
1472	2767	2.229817
1473	2787	2.245934
1474	2786	2.245128
1475	2784	2.243516
1476	2771	2.233040
1477	2767	2.229817
1478	2771	2.233040
1479	2786	2.245128
1480	2771	2.233040
1481	2786	2.245128
1482	2784	2.243516
1483	2763	2.226593
1484	2784	2.243516
1485	2767	2.229817
1486	2767	2.229817
1487	2767	2.229817
1488	2794	2.251575
1489	2767	2.229817
1490	2767	2.229817
1491	2784	2.243516
1492	2784	2.243516
1493	2784	2.243516
1494	2784	2.243516
1495	2763	2.226593
1496	2784	2.243516
1497	2784	2.243516
1498	2786	2.245128
1499	2784	2.243516
1500	2784	2.243516
1501	2784	2.243516
1502	2771	2.233040
1503	2771	2.233040
1504	2776	2.237070
1505	2784	2.243516
1506	2784	2.243516
1507	2763	2.226593
1508	2786	2.245128
1509	2784	2.243516
1510	2767	2.229817
1511	2771	2.233040
1512	2778	2.238681
1513	2784	2.243516
1514	2767	2.229817
1515	2771	2.233040
1516	2784	2.243516
1517	2784	2.243516
1518	2778	2.238681
1519	2778	2.238681
1520	2767	2.229817
1521	2767	2.229817
1522	2784	2.243516
1523	2784	2.243516
1524	2778	2.238681
1525	2763	2.226593
1526	2767	2.229817
1527	2784	2.243516
1528	2762	2.225788
1529	2755	2.220147
1530	2762	2.225788
1531	2784	2.243516
1532	2762	2.225788
1533	2771	2.233040
1534	2771	2.233040
1535	2763	2.226593
1536	2762	2.225788
1537	2776	2.237070
1538	2760	2.224176
1539	2771	2.233040
1540	2771	2.233040
1541	2763	2.226593
1542	2767	2.229817
1543	2784	2.243516
1544	2784	2.243516
1545	2767	2.229817
1546	2763	2.226593
1547	2784	2.243516
1548	2763	2.226593
1549	2762	2.225788
1550	2754	2.219341
1551	2762	2.225788
1552	2767	2.229817
1553	2760	2.224176
1554	2763	2.226593
1555	2762	2.225788
1556	2762	2.225788
1557	2762	2.225788
1558	2763	2.226593
1559	2755	2.220147
1560	2762	2.225788
1561	2762	2.225788
1562	2776	2.237070
1563	2760	2.224176
1564	2767	2.229817
1565	2762	2.225788
1566	2771	2.233040
1567	2754	2.219341
1568	2762	2.225788
1569	2747	2.213700
1570	2754	2.219341
1571	2755	2.220147
1572	2754	2.219341
1573	2755	2.220147
1574	2760	2.224176
1575	2754	2.219341
1576	2762	2.225788
1577	2763	2.226593
1578	2747	2.213700
1579	2755	2.220147
1580	2762	2.225788
1581	2763	2.226593
1582	2762	2.225788
1583	2746	2.212894
1584	2754	2.219341
1585	2752	2.217729
1586	2754	2.219341
1587	2755	2.220147
1588	2752	2.217729
1589	2754	2.219341
1590	2760	2.224176
1591	2752	2.217729
1592	2735	2.204029
1593	2746	2.212894
1594	2744	2.211282
1595	2755	2.220147
1596	2754	2.219341
1597	2747	2.213700
1598	2735	2.204029
1599	2752	2.217729
1600	2754	2.219341
1601	2747	2.213700
1602	2735	2.204029
1603	2746	2.212894
1604	2746	2.212894
1605	2746	2.212894
1606	2739	2.207253
1607	2746	2.212894
1608	2746	2.212894
1609	2752	2.217729
1610	2752	2.217729
1611	2752	2.217729
1612	2731	2.200806
1613	2744	2.211282
1614	2728	2.198388
1615	2746	2.212894
1616	2730	2.200000
1617	2735	2.204029
1618	2735	2.204029
1619	2722	2.193553
1620	2723	2.194359
1621	2739	2.207253
1622	2731	2.200806
1623	2730	2.200000
1624	2720	2.191941
1625	2731	2.200806
1626	2723	2.194359
1627	2739	2.207253
1628	2723	2.194359
1629	2722	2.193553
1630	2735	2.204029
1631	2723	2.194359
1632	2730	2.200000
1633	2722	2.193553
1634	2730	2.200000
1635	2722	2.193553
1636	2730	2.200000
1637	2712	2.185495
1638	2731	2.200806
1639	2720	2.191941
1640	2720	2.191941
1641	2720	2.191941
1642	2699	2.175018
1643	2720	2.191941
1644	2703	2.178242
1645	2723	2.194359
1646	2712	2.185495
1647	2714	2.187106
1648	2699	2.175018
1649	2720	2.191941
1650	2714	2.187106
1651	2720	2.191941
1652	2703	2.178242
1653	2720	2.191941
1654	2699	2.175018
1655	2698	2.174212
1656	2714	2.187106
1657	2698	2.174212
1658	2703	2.178242
1659	2687	2.165348
1660	2699	2.175018
1661	2696	2.172601
1662	2687	2.165348
1663	2682	2.161319
1664	2699	2.175018
1665	2698	2.174212
1666	2687	2.165348
1667	2683	2.162125
1668	2683	2.162125
1669	2698	2.174212
1670	2698	2.174212
1671	2698	2.174212
1672	2682	2.161319
1673	2671	2.152454
1674	2687	2.165348
1675	2683	2.162125
1676	2687	2.165348
1677	2687	2.165348
1678	2671	2.152454
1679	2687	2.165348
1680	2683	2.162125
1681	2683	2.162125
1682	2687	2.165348
1683	2682	2.161319
1684	2683	2.162125
1685	2675	2.155678
1686	2671	2.152454
1687	2667	2.149231
1688	2682	2.161319
1689	2675	2.155678
1690	2667	2.149231
1691	2683	2.162125
1692	2682	2.161319
1693	2666	2.148425
1694	2667	2.149231
1695	2656	2.140366
1696	2667	2.149231
1697	2667	2.149231
1698	2666	2.148425
1699	2658	2.141978
1700	2667	2.149231
1701	2659	2.142784
1702	2666	2.148425
1703	2643	2.129890
1704	2659	2.142784
1705	2656	2.140366
1706	2664	2.146813
1707	2650	2.135531
1708	2658	2.141978
1709	2639	2.126667
1710	2656	2.140366
1711	2656	2.140366
1712	2643	2.129890
1713	2650	2.135531
1714	2635	2.123443
1715	2642	2.129084
1716	2643	2.129890
1717	2650	2.135531
1718	2635	2.123443
1719	2635	2.123443
1720	2634	2.122637
1721	2634	2.122637
1722	2648	2.133919
1723	2634	2.122637
1724	2635	2.123443
1725	2635	2.123443
1726	2635	2.123443
1727	2627	2.116996
1728	2619	2.110549
1729	2634	2.122637
1730	2618	2.109744
1731	2619	2.110549
1732	2626	2.116190
1733	2635	2.123443
1734	2607	2.100879
1735	2607	2.100879
1736	2634	2.122637
1737	2627	2.116996
1738	2626	2.116190
1739	2611	2.104103
1740	2618	2.109744
1741	2626	2.116190
1742	2626	2.116190
1743	2618	2.109744
1744	2594	2.090403
1745	2616	2.108132
1746	2602	2.096850
1747	2595	2.091209
1748	2603	2.097656
1749	2595	2.091209
1750	2607	2.100879
1751	2602	2.096850
1752	2595	2.091209
1753	2592	2.088791
1754	2594	2.090403
1755	2594	2.090403
1756	2594	2.090403
1757	2594	2.090403
1758	2592	2.088791
1759	2592	2.088791
1760	2579	2.078315
1761	2594	2.090403
1762	2571	2.071868
1763	2584	2.082344
1764	2592	2.088791
1765	2571	2.071868
1766	2592	2.088791
1767	2571	2.071868
1768	2559	2.062198
1769	2571	2.071868
1770	2592	2.088791
1771	2570	2.071062
1772	2559	2.062198
1773	2559	2.062198
1774	2554	2.058168
1775	2559	2.062198
1776	2559	2.062198
1777	2554	2.058168
1778	2570	2.071062
1779	2559	2.062198
1780	2552	2.056557
1781	2547	2.052527
1782	2555	2.058974
1783	2555	2.058974
1784	2539	2.046081
1785	2538	2.045275
1786	2538	2.045275
1787	2528	2.037216
1788	2539	2.046081
1789	2530	2.038828
1790	2539	2.046081
1791	2538	2.045275
1792	2538	2.045275
1793	2528	2.037216
1794	2522	2.032381
1795	2530	2.038828
1796	2531	2.039634
1797	2531	2.039634
1798	2531	2.039634
1799	2520	2.030769
1800	2528	2.037216
1801	2522	2.032381
1802	2515	2.026740
1803	2530	2.038828
1804	2506	2.019487
1805	2528	2.037216
1806	2510	2.022711
1807	2507	2.020293
1808	2506	2.019487
1809	2506	2.019487
1810	2504	2.017875
1811	2511	2.023516
1812	2506	2.019487
1813	2506	2.019487
1814	2498	2.013040
1815	2499	2.013846
1816	2491	2.007399
1817	2496	2.011429
1818	2490	2.006593
1819	2496	2.011429
1820	2475	1.994505
1821	2507	2.020293
1822	2496	2.011429
1823	2482	2.000147
1824	2467	1.988059
1825	2490	2.006593
1826	2472	1.992088
1827	2475	1.994505
1828	2496	2.011429
1829	2483	2.000952
1830	2479	1.997729
1831	2488	2.004982
1832	2467	1.988059
1833	2479	1.997729
1834	2474	1.993700
1835	2483	2.000952
1836	2466	1.987253
1837	2464	1.985641
1838	2467	1.988059
1839	2464	1.985641
1840	2464	1.985641
1841	2464	1.985641
1842	2466	1.987253
1843	2467	1.988059
1844	2443	1.968718
1845	2458	1.980806
1846	2443	1.968718
1847	2464	1.985641
1848	2447	1.971941
1849	2443	1.968718
1850	2458	1.980806
1851	2464	1.985641
1852	2443	1.968718
1853	2442	1.967912
1854	2435	1.962271
1855	2435	1.962271
1856	2431	1.959048
1857	2424	1.953407
1858	2435	1.962271
1859	2431	1.959048
1860	2442	1.967912
1861	2424	1.953407
1862	2424	1.953407
1863	2443	1.968718
1864	2431	1.959048
1865	2415	1.946154
1866	2442	1.967912
1867	2442	1.967912
1868	2415	1.946154
1869	2427	1.955824
1870	2415	1.946154
1871	2424	1.953407
1872	2426	1.955018
1873	2411	1.942930
1874	2419	1.949377
1875	2408	1.940513
1876	2415	1.946154
1877	2400	1.934066
1878	2410	1.942125
1879	2403	1.936484
1880	2402	1.935678
1881	2408	1.940513
1882	2402	1.935678
1883	2400	1.934066
1884	2402	1.935678
1885	2378	1.916337
1886	2403	1.936484
1887	2392	1.927619
1888	2394	1.929231
1889	2383	1.920366
1890	2383	1.920366
1891	2392	1.927619
1892	2392	1.927619
1893	2383	1.920366
1894	2379	1.917143
1895	2383	1.920366
1896	2400	1.934066
1897	2378	1.916337
1898	2371	1.910696
1899	2378	1.916337
1900	2370	1.909890
1901	2363	1.904249
1902	2378	1.916337
1903	2363	1.904249
1904	2371	1.910696
1905	2383	1.920366
1906	2363	1.904249
1907	2371	1.910696
1908	2376	1.914725
1909	2370	1.909890
1910	2370	1.909890
1911	2355	1.897802
1912	2347	1.891355
1913	2355	1.897802
1914	2363	1.904249
1915	2360	1.901832
1916	2351	1.894579
1917	2347	1.891355
1918	2351	1.894579
1919	2351	1.894579
1920	2370	1.909890
1921	2355	1.897802
1922	2347	1.891355
1923	2344	1.888938
1924	2355	1.897802
1925	2346	1.890549
1926	2346	1.890549
1927	2355	1.897802
1928	2347	1.891355
1929	2346	1.890549
1930	2339	1.884908
1931	2338	1.884103
1932	2339	1.884908
1933	2336	1.882491
1934	2336	1.882491
1935	2347	1.891355
1936	2344	1.888938
1937	2336	1.882491
1938	2330	1.877656
1939	2336	1.882491
1940	2323	1.872015
1941	2315	1.865568
1942	2328	1.876044
1943	2336	1.882491
1944	2328	1.876044
1945	2336	1.882491
1946	2319	1.868791
1947	2336	1.882491
1948	2323	1.872015
1949	2328	1.876044
1950	2323	1.872015
1951	2336	1.882491
1952	2336	1.882491
1953	2323	1.872015
1954	2307	1.859121
1955	2315	1.865568
1956	2323	1.872015
1957	2315	1.865568
1958	2323	1.872015
1959	2314	1.864762
1960	2312	1.863150
1961	2303	1.855897
1962	2307	1.859121
1963	2307	1.859121
1964	2322	1.871209
1965	2319	1.868791
1966	2303	1.855897
1967	2319	1.868791
1968	2307	1.859121
1969	2303	1.855897
1970	2315	1.865568
1971	2315	1.865568
1972	2314	1.864762
1973	2315	1.865568
1974	2303	1.855897
1975	2307	1.859121
1976	2303	1.855897
1977	2302	1.855092
1978	2299	1.852674
1979	2287	1.843004
1980	2299	1.852674
1981	2299	1.852674
1982	2299	1.852674
1983	2280	1.837363
1984	2291	1.846227
1985	2299	1.852674
1986	2307	1.859121
1987	2303	1.855897
1988	2303	1.855897
1989	2291	1.846227
1990	2298	1.851868
1991	2298	1.851868
1992	2298	1.851868
1993	2287	1.843004
1994	2303	1.855897
1995	2299	1.852674
1996	2299	1.852674
1997	2291	1.846227
1998	2291	1.846227
1999	2299	1.852674
2000	2291	1.846227
2001	2298	1.851868
2002	2291	1.846227
2003	2282	1.838974
2004	2298	1.851868
2005	2283	1.839780
2006	2298	1.851868
2007	2296	1.850256
2008	2287	1.843004
2009	2291	1.846227
2010	2299	1.852674
2011	2287	1.843004
2012	2299	1.852674
2013	2298	1.851868
2014	2298	1.851868
2015	2283	1.839780
2016	2298	1.851868
2017	2296	1.850256
2018	2291	1.846227
2019	2274	1.832527
2020	2298	1.851868
2021	2296	1.850256
2022	2283	1.839780
2023	2287	1.843004
2024	2283	1.839780
2025	2287	1.843004
2026	2274	1.832527
2027	2283	1.839780
2028	2283	1.839780
2029	2298	1.851868
2030	2287	1.843004
2031	2282	1.838974
2032	2287	1.843004
2033	2287	1.843004
2034	2291	1.846227
2035	2283	1.839780
2036	2296	1.850256
2037	2299	1.852674
2038	2274	1.832527
2039	2291	1.846227
2040	2290	1.845421
2041	2299	1.852674
2042	2291	1.846227
2043	2296	1.850256
2044	2291	1.846227
2045	2282	1.838974
2046	2299	1.852674
2047	2296	1.850256
2048	2303	1.855897
2049	2291	1.846227
2050	2298	1.851868
2051	2298	1.851868
2052	2299	1.852674
2053	2298	1.851868
2054	2296	1.850256
2055	2287	1.843004
2056	2299	1.852674
2057	2296	1.850256
2058	2303	1.855897
2059	2291	1.846227
2060	2287	1.843004
2061	2299	1.852674
2062	2287	1.843004
2063	2296	1.850256
2064	2296	1.850256
2065	2291	1.846227
2066	2290	1.845421
2067	2287	1.843004
2068	2303	1.855897
2069	2299	1.852674
2070	2298	1.851868
2071	2303	1.855897
2072	2303	1.855897
2073	2296	1.850256
2074	2299	1.852674
2075	2303	1.855897
2076	2298	1.851868
2077	2299	1.852674
2078	2298	1.851868
2079	2298	1.851868
2080	2299	1.852674
2081	2299	1.852674
2082	2314	1.864762
2083	2298	1.851868
2084	2299	1.852674
2085	2303	1.855897
2086	2314	1.864762
2087	2312	1.863150
2088	2314	1.864762
2089	2307	1.859121
2090	2307	1.859121
2091	2314	1.864762
2092	2307	1.859121
2093	2314	1.864762
2094	2312	1.863150
2095	2307	1.859121
2096	2319	1.868791
2097	2315	1.865568
2098	2315	1.865568
2099	2319	1.868791
2100	2314	1.864762
2101	2314	1.864762
2102	2319	1.868791
2103	2319	1.868791
2104	2314	1.864762
2105	2338	1.884103
2106	2319	1.868791
2107	2338	1.884103
2108	2315	1.865568
2109	2323	1.872015
2110	2338	1.884103
2111	2339	1.884908
2112	2323	1.872015
2113	2339	1.884908
2114	2346	1.890549
2115	2336	1.882491
2116	2339	1.884908
2117	2336	1.882491
2118	2336	1.882491
2119	2346	1.890549
2120	2347	1.891355
2121	2346	1.890549
2122	2346	1.890549
2123	2330	1.877656
2124	2351	1.894579
2125	2338	1.884103
2126	2355	1.897802
2127	2354	1.896996
2128	2355	1.897802
2129	2370	1.909890
2130	2362	1.903443
2131	2362	1.903443
2132	2363	1.904249
2133	2362	1.903443
2134	2378	1.916337
2135	2363	1.904249
2136	2360	1.901832
2137	2362	1.903443
2138	2376	1.914725
2139	2371	1.910696
2140	2363	1.904249
2141	2378	1.916337
2142	2379	1.917143
2143	2379	1.917143
2144	2387	1.923590
2145	2376	1.914725
2146	2378	1.916337
2147	2376	1.914725
2148	2383	1.920366
2149	2383	1.920366
2150	2387	1.923590
2151	2383	1.920366
2152	2392	1.927619
2153	2400	1.934066
2154	2387	1.923590
2155	2394	1.929231
2156	2383	1.920366
2157	2403	1.936484
2158	2402	1.935678
2159	2394	1.929231
2160	2400	1.934066
2161	2402	1.935678
2162	2415	1.946154
2163	2400	1.934066
2164	2403	1.936484
2165	2410	1.942125
2166	2410	1.942125
2167	2410	1.942125
2168	2415	1.946154
2169	2415	1.946154
2170	2415	1.946154
2171	2408	1.940513
2172	2411	1.942930
2173	2427	1.955824
2174	2427	1.955824
2175	2415	1.946154
2176	2427	1.955824
2177	2419	1.949377
2178	2415	1.946154
2179	2415	1.946154
2180	2424	1.953407
2181	2424	1.953407
2182	2426	1.955018
2183	2427	1.955824
2184	2435	1.962271
2185	2427	1.955824
2186	2426	1.955018
2187	2435	1.962271
2188	2427	1.955824
2189	2426	1.955018
2190	2440	1.966300
2191	2427	1.955824
2192	2443	1.968718
2193	2442	1.967912
2194	2435	1.962271
2195	2435	1.962271
2196	2442	1.967912
2197	2442	1.967912
2198	2443	1.968718
2199	2442	1.967912
2200	2442	1.967912
2201	2434	1.961465
2202	2440	1.966300
2203	2442	1.967912
2204	2451	1.975165
2205	2435	1.962271
2206	2427	1.955824
2207	2435	1.962271
2208	2435	1.962271
2209	2440	1.966300
2210	2427	1.955824
2211	2435	1.962271
2212	2447	1.971941
2213	2434	1.961465
2214	2435	1.962271
2215	2451	1.975165
2216	2427	1.955824
2217	2440	1.966300
2218	2443	1.968718
2219	2427	1.955824
2220	2431	1.959048
2221	2427	1.955824
2222	2431	1.959048
2223	2419	1.949377
2224	2434	1.961465
2225	2415	1.946154
2226	2430	1.958242
2227	2427	1.955824
2228	2426	1.955018
2229	2442	1.967912
2230	2426	1.955018
2231	2411	1.942930
2232	2431	1.959048
2233	2418	1.948571
2234	2418	1.948571
2235	2426	1.955018
2236	2418	1.948571
2237	2427	1.955824
2238	2415	1.946154
2239	2410	1.942125
2240	2411	1.942930
2241	2400	1.934066
2242	2411	1.942930
2243	2400	1.934066
2244	2400	1.934066
2245	2410	1.942125
2246	2392	1.927619
2247	2383	1.920366
2248	2383	1.920366
2249	2378	1.916337
2250	2383	1.920366
2251	2387	1.923590
2252	2371	1.910696
2253	2379	1.917143
2254	2370	1.909890
2255	2360	1.901832
2256	2370	1.909890
2257	2351	1.894579
2258	2351	1.894579
2259	2344	1.888938
2260	2351	1.894579
2261	2355	1.897802
2262	2346	1.890549
2263	2339	1.884908
2264	2336	1.882491
2265	2338	1.884103
2266	2336	1.882491
2267	2330	1.877656
2268	2323	1.872015
2269	2315	1.865568
2270	2315	1.865568
2271	2299	1.852674
2272	2303	1.855897
2273	2287	1.843004
2274	2283	1.839780
2275	2282	1.838974
2276	2282	1.838974
2277	2274	1.832527
2278	2272	1.830916
2279	2272	1.830916
2280	2255	1.817216
2281	2264	1.824469
2282	2264	1.824469
2283	2234	1.800293
2284	2234	1.800293
2285	2234	1.800293
2286	2219	1.788205
2287	2216	1.785788
2288	2208	1.779341
2289	2208	1.779341
2290	2208	1.779341
2291	2210	1.780952
2292	2200	1.772894
2293	2184	1.760000
2294	2175	1.752747
2295	2170	1.748718
2296	2175	1.752747
2297	2154	1.735824
2298	2159	1.739853
2299	2155	1.736630
2300	2126	1.713260
2301	2131	1.717289
2302	2120	1.708425
2303	2106	1.697143
2304	2114	1.703590
2305	2095	1.688278
2306	2088	1.682637
2307	2082	1.677802
2308	2067	1.665714
2309	2058	1.658462
2310	2082	1.677802
2311	2072	1.669744
2312	2067	1.665714
2313	2043	1.646374
2314	2035	1.639927
2315	2027	1.633480
2316	2035	1.639927
2317	2018	1.626227
2318	2027	1.633480
2319	2019	1.627033
2320	2018	1.626227
2321	2003	1.614139
2322	2016	1.624615
2323	1999	1.610916
2324	2003	1.614139
2325	1987	1.601245
2326	1994	1.606886
2327	1994	1.606886
2328	1994	1.606886
2329	1992	1.605275
2330	1987	1.601245
2331	1994	1.606886
2332	1990	1.603663
2333	1994	1.606886
2334	1986	1.600440
2335	1967	1.585128
2336	1978	1.593993
2337	1984	1.598828
2338	1979	1.594799
2339	1978	1.593993
2340	1987	1.601245
2341	1978	1.593993
2342	1986	1.600440
2343	1986	1.600440
2344	1994	1.606886
2345	1986	1.600440
2346	1995	1.607692
2347	1987	1.601245
2348	1999	1.610916
2349	1987	1.601245
2350	1995	1.607692
2351	2002	1.613333
2352	2003	1.614139
2353	2003	1.614139
2354	1999	1.610916
2355	2016	1.624615
2356	2018	1.626227
2357	2016	1.624615
2358	2019	1.627033
2359	2019	1.627033
2360	2035	1.639927
2361	2026	1.632674
2362	2043	1.646374
2363	2034	1.639121
2364	2042	1.645568
2365	2031	1.636703
2366	2047	1.649597
2367	2051	1.652821
2368	2058	1.658462
2369	2059	1.659267
2370	2088	1.682637
2371	2091	1.685055
2372	2082	1.677802
2373	2090	1.684249
2374	2111	1.701172
2375	2106	1.697143
2376	2120	1.708425
2377	2123	1.710842
2378	2123	1.710842
2379	2136	1.721319
2380	2152	1.734212
2381	2146	1.729377
2382	2159	1.739853
2383	2163	1.743077
2384	2170	1.748718
2385	2163	1.743077
2386	2187	1.762418
2387	2175	1.752747
2388	2186	1.761612
2389	2195	1.768864
2390	2191	1.765641
2391	2208	1.779341
2392	2218	1.787399
2393	2234	1.800293
2394	2223	1.791429
2395	2235	1.801099
2396	2250	1.813187
2397	2272	1.830916
2398	2266	1.826081
2399	2266	1.826081
2400	2275	1.833333
2401	2283	1.839780
2402	2291	1.846227
2403	2298	1.851868
2404	2312	1.863150
2405	2303	1.855897
2406	2303	1.855897
2407	2319	1.868791
2408	2323	1.872015
2409	2338	1.884103
2410	2347	1.891355
2411	2338	1.884103
2412	2338	1.884103
2413	2339	1.884908
2414	2346	1.890549
2415	2354	1.896996
2416	2371	1.910696
2417	2362	1.903443
2418	2383	1.920366
2419	2378	1.916337
2420	2392	1.927619
2421	2379	1.917143
2422	2400	1.934066
2423	2400	1.934066
2424	2424	1.953407
2425	2410	1.942125
2426	2419	1.949377
2427	2426	1.955018
2428	2426	1.955018
2429	2426	1.955018
2430	2458	1.980806
2431	2456	1.979194
2432	2464	1.985641
2433	2464	1.985641
2434	2472	1.992088
2435	2466	1.987253
2436	2474	1.993700
2437	2467	1.988059
2438	2474	1.993700
2439	2490	2.006593
2440	2474	1.993700
2441	2488	2.004982
2442	2491	2.007399
2443	2490	2.006593
2444	2496	2.011429
2445	2498	2.013040
2446	2504	2.017875
2447	2511	2.023516
2448	2506	2.019487
2449	2511	2.023516
2450	2511	2.023516
2451	2515	2.026740
2452	2528	2.037216
2453	2528	2.037216
2454	2536	2.043663
2455	2531	2.039634
2456	2528	2.037216
2457	2536	2.043663
2458	2543	2.049304
2459	2539	2.046081
2460	2539	2.046081
2461	2538	2.045275
2462	2543	2.049304
2463	2543	2.049304
2464	2555	2.058974
2465	2570	2.071062
2466	2570	2.071062
2467	2559	2.062198
2468	2559	2.062198
2469	2555	2.058974
2470	2570	2.071062
2471	2570	2.071062
2472	2570	2.071062
2473	2559	2.062198
2474	2570	2.071062
2475	2563	2.065421
2476	2575	2.075092
2477	2586	2.083956
2478	2579	2.078315
2479	2592	2.088791
2480	2592	2.088791
2481	2575	2.075092
2482	2579	2.078315
2483	2586	2.083956
2484	2592	2.088791
2485	2592	2.088791
2486	2602	2.096850
2487	2602	2.096850
2488	2603	2.097656
2489	2603	2.097656
2490	2602	2.096850
2491	2602	2.096850
2492	2626	2.116190
2493	2618	2.109744
2494	2603	2.097656
2495	2603	2.097656
2496	2611	2.104103
2497	2618	2.109744
2498	2619	2.110549
2499	2626	2.116190
2500	2634	2.122637
2501	2634	2.122637
2502	2626	2.116190
2503	2635	2.123443
2504	2650	2.135531
2505	2658	2.141978
2506	2639	2.126667
2507	2643	2.129890
2508	2656	2.140366
2509	2656	2.140366
2510	2632	2.121026
2511	2658	2.141978
2512	2643	2.129890
2513	2639	2.126667
2514	2656	2.140366
2515	2666	2.148425
2516	2666	2.148425
2517	2674	2.154872
2518	2659	2.142784
2519	2659	2.142784
2520	2667	2.149231
2521	2666	2.148425
2522	2666	2.148425
2523	2659	2.142784
2524	2666	2.148425
2525	2658	2.141978
2526	2666	2.148425
2527	2682	2.161319
2528	2667	2.149231
2529	2658	2.141978
2530	2667	2.149231
2531	2666	2.148425
2532	2671	2.152454
2533	2666	2.148425
2534	2667	2.149231
2535	2682	2.161319
2536	2667	2.149231
2537	2671	2.152454
2538	2682	2.161319
2539	2666	2.148425
2540	2680	2.159707
2541	2682	2.161319
2542	2682	2.161319
2543	2671	2.152454
2544	2671	2.152454
2545	2675	2.155678
2546	2675	2.155678
2547	2687	2.165348
2548	2687	2.165348
2549	2682	2.161319
2550	2699	2.175018
2551	2683	2.162125
2552	2687	2.165348
2553	2687	2.165348
2554	2699	2.175018
2555	2687	2.165348
2556	2687	2.165348
2557	2687	2.165348
2558	2691	2.168571
2559	2687	2.165348
2560	2703	2.178242
2561	2699	2.175018
2562	2720	2.191941
2563	2696	2.172601
2564	2699	2.175018
2565	2703	2.178242
2566	2703	2.178242
2567	2698	2.174212
2568	2703	2.178242
2569	2720	2.191941
2570	2707	2.181465
2571	2699	2.175018
2572	2699	2.175018
2573	2703	2.178242
2574	2714	2.187106
2575	2703	2.178242
2576	2720	2.191941
2577	2703	2.178242
2578	2707	2.181465
2579	2707	2.181465
2580	2720	2.191941
2581	2720	2.191941
2582	2714	2.187106
2583	2698	2.174212
2584	2723	2.194359
2585	2712	2.185495
2586	2703	2.178242
2587	2720	2.191941
2588	2707	2.181465
2589	2707	2.181465
2590	2722	2.193553
2591	2722	2.193553
2592	2731	2.200806
2593	2722	2.193553
2594	2723	2.194359
2595	2722	2.193553
2596	2722	2.193553
2597	2731	2.200806
2598	2720	2.191941
2599	2720	2.191941
2600	2723	2.194359
2601	2722	2.193553
2602	2720	2.191941
2603	2723	2.194359
2604	2722	2.193553
2605	2730	2.200000
2606	2731	2.200806
2607	2735	2.204029
2608	2731	2.200806
2609	2739	2.207253
2610	2731	2.200806
2611	2730	2.200000
2612	2746	2.212894
2613	2747	2.213700
2614	2731	2.200806
2615	2730	2.200000
2616	2731	2.200806
2617	2746	2.212894
2618	2754	2.219341
2619	2746	2.212894
2620	2746	2.212894
2621	2735	2.204029
2622	2746	2.212894
2623	2754	2.219341
2624	2755	2.220147
2625	2762	2.225788
2626	2752	2.217729
2627	2760	2.224176
2628	2755	2.220147
2629	2754	2.219341
2630	2762	2.225788
2631	2771	2.233040
2632	2762	2.225788
2633	2760	2.224176
2634	2752	2.217729
2635	2767	2.229817
2636	2767	2.229817
2637	2755	2.220147
2638	2762	2.225788
2639	2763	2.226593
2640	2762	2.225788
2641	2763	2.226593
2642	2767	2.229817
2643	2776	2.237070
2644	2770	2.232234
2645	2762	2.225788
2646	2771	2.233040
2647	2786	2.245128
2648	2786	2.245128
2649	2787	2.245934
2650	2784	2.243516
2651	2784	2.243516
2652	2784	2.243516
2653	2763	2.226593
2654	2786	2.245128
2655	2784	2.243516
2656	2784	2.243516
2657	2784	2.243516
2658	2794	2.251575
2659	2786	2.245128
2660	2771	2.233040
2661	2794	2.251575
2662	2794	2.251575
2663	2784	2.243516
2664	2771	2.233040
2665	2784	2.243516
2666	2784	2.243516
2667	2786	2.245128
2668	2786	2.245128
2669	2786	2.245128
2670	2787	2.245934
2671	2786	2.245128
2672	2795	2.252381
2673	2795	2.252381
2674	2799	2.255604
2675	2794	2.251575
2676	2784	2.243516
2677	2786	2.245128
2678	2799	2.255604
2679	2810	2.264469
2680	2799	2.255604
2681	2794	2.251575
2682	2795	2.252381
2683	2810	2.264469
2684	2795	2.252381
2685	2795	2.252381
2686	2810	2.264469
2687	2799	2.255604
2688	2803	2.258828
2689	2816	2.269304
2690	2816	2.269304
2691	2816	2.269304
2692	2810	2.264469
2693	2816	2.269304
2694	2819	2.271722
2695	2808	2.262857
2696	2819	2.271722
2697	2799	2.255604
2698	2816	2.269304
2699	2810	2.264469
2700	2816	2.269304
2701	2818	2.270916
2702	2819	2.271722
2703	2818	2.270916
2704	2818	2.270916
2705	2816	2.269304
2706	2816	2.269304
2707	2816	2.269304
2708	2824	2.275751
2709	2819	2.271722
2710	2816	2.269304
2711	2816	2.269304
2712	2816	2.269304
2713	2816	2.269304
2714	2816	2.269304
2715	2818	2.270916
2716	2818	2.270916
2717	2818	2.270916
2718	2826	2.277363
2719	2819	2.271722
2720	2819	2.271722
2721	2824	2.275751
2722	2826	2.277363
2723	2819	2.271722
2724	2824	2.275751
2725	2819	2.271722
2726	2831	2.281392
2727	2826	2.277363
2728	2819	2.271722
2729	2826	2.277363
2730	2818	2.270916
2731	2827	2.278168
2732	2831	2.281392
2733	2826	2.277363
2734	2842	2.290256
2735	2827	2.278168
2736	2831	2.281392
2737	2826	2.277363
2738	2826	2.277363
2739	2826	2.277363
2740	2826	2.277363
2741	2831	2.281392
2742	2827	2.278168
2743	2818	2.270916
2744	2848	2.295092
2745	2831	2.281392
2746	2827	2.278168
2747	2827	2.278168
2748	2831	2.281392
2749	2831	2.281392
2750	2840	2.288645
2751	2848	2.295092
2752	2835	2.284615
2753	2851	2.297509
2754	2827	2.278168
2755	2848	2.295092
2756	2848	2.295092
2757	2827	2.278168
2758	2831	2.281392
2759	2848	2.295092
2760	2831	2.281392
2761	2827	2.278168
2762	2848	2.295092
2763	2848	2.295092
2764	2851	2.297509
2765	2848	2.295092
2766	2850	2.296703
2767	2851	2.297509
2768	2850	2.296703
2769	2848	2.295092
2770	2851	2.297509
2771	2858	2.303150
2772	2858	2.303150
2773	2851	2.297509
2774	2858	2.303150
2775	2863	2.307179
2776	2858	2.303150
2777	2848	2.295092
2778	2859	2.303956
2779	2850	2.296703
2780	2858	2.303150
2781	2859	2.303956
2782	2858	2.303150
2783	2851	2.297509
2784	2851	2.297509
2785	2851	2.297509
2786	2858	2.303150
2787	2848	2.295092
2788	2859	2.303956
2789	2858	2.303150
2790	2851	2.297509
2791	2859	2.303956
2792	2874	2.316044
2793	2874	2.316044
2794	2863	2.307179
2795	2867	2.310403
2796	2863	2.307179
2797	2851	2.297509
2798	2874	2.316044
2799	2863	2.307179
2800	2858	2.303150
2801	2863	2.307179
2802	2863	2.307179
2803	2858	2.303150
2804	2867	2.310403
2805	2874	2.316044
2806	2874	2.316044
2807	2874	2.316044
2808	2867	2.310403
2809	2863	2.307179
2810	2883	2.323297
2811	2867	2.310403
2812	2859	2.303956
2813	2863	2.307179
2814	2863	2.307179
2815	2874	2.316044
2816	2863	2.307179
2817	2874	2.316044
2818	2874	2.316044
2819	2882	2.322491
2820	2882	2.322491
2821	2882	2.322491
2822	2872	2.314432
2823	2874	2.316044
2824	2863	2.307179
2825	2874	2.316044
2826	2882	2.322491
2827	2874	2.316044
2828	2882	2.322491
2829	2867	2.310403
2830	2863	2.307179
2831	2863	2.307179
2832	2882	2.322491
2833	2874	2.316044
2834	2872	2.314432
2835	2875	2.316850
2836	2875	2.316850
2837	2882	2.322491
2838	2888	2.327326
2839	2883	2.323297
2840	2874	2.316044
2841	2888	2.327326
2842	2912	2.346667
2843	2867	2.310403
2844	2890	2.328938
2845	2875	2.316850
2846	2883	2.323297
2847	2875	2.316850
2848	2882	2.322491
2849	2882	2.322491
2850	2882	2.322491
2851	2882	2.322491
2852	2874	2.316044
2853	2895	2.332967
2854	2890	2.328938
2855	2883	2.323297
2856	2890	2.328938
2857	2899	2.336190
2858	2888	2.327326
2859	2890	2.328938
2860	2891	2.329744
2861	2882	2.322491
2862	2888	2.327326
2863	2906	2.341832
2864	2891	2.329744
2865	2882	2.322491
2866	2891	2.329744
2867	2863	2.307179
2868	2890	2.328938
2869	2891	2.329744
2870	2891	2.329744
2871	2890	2.328938
2872	2891	2.329744
2873	2890	2.328938
2874	2891	2.329744
2875	2895	2.332967
2876	2912	2.346667
2877	2906	2.341832
2878	2899	2.336190
2879	2890	2.328938
2880	2890	2.328938
2881	2891	2.329744
2882	2890	2.328938
2883	2906	2.341832
2884	2891	2.329744
2885	2890	2.328938
2886	2891	2.329744
2887	2891	2.329744
2888	2890	2.328938
2889	2895	2.332967
2890	2912	2.346667
2891	2899	2.336190
2892	2899	2.336190
2893	2899	2.336190
2894	2891	2.329744
2895	2890	2.328938
2896	2895	2.332967
2897	2891	2.329744
2898	2890	2.328938
2899	2895	2.332967
2900	2914	2.348278
2901	2904	2.340220
2902	2895	2.332967
2903	2899	2.336190
2904	2914	2.348278
2905	2912	2.346667
2906	2904	2.340220
2907	2899	2.336190
2908	2890	2.328938
2909	2899	2.336190
2910	2895	2.332967
2911	2920	2.353114
2912	2895	2.332967
2913	2906	2.341832
2914	2904	2.340220
2915	2912	2.346667
2916	2912	2.346667
2917	2912	2.346667
2918	2915	2.349084
2919	2912	2.346667
2920	2912	2.346667
2921	2912	2.346667
2922	2904	2.340220
2923	2912	2.346667
2924	2904	2.340220
2925	2895	2.332967
2926	2891	2.329744
2927	2906	2.341832
2928	2914	2.348278
2929	2914	2.348278
2930	2912	2.346667
2931	2895	2.332967
2932	2895	2.332967
2933	2912	2.346667
2934	2914	2.348278
2935	2914	2.348278
2936	2915	2.349084
2937	2912	2.346667
2938	2912	2.346667
2939	2914	2.348278
2940	2922	2.354725
2941	2914	2.348278
2942	2912	2.346667
2943	2912	2.346667
2944	2915	2.349084
2945	2914	2.348278
2946	2912	2.346667
2947	2922	2.354725
2948	2914	2.348278
2949	2912	2.346667
2950	2923	2.355531
2951	2914	2.348278
2952	2922	2.354725
2953	2927	2.358755
2954	2912	2.346667
2955	2914	2.348278
2956	2915	2.349084
2957	2922	2.354725
2958	2922	2.354725
2959	2922	2.354725
2960	2912	2.346667
2961	2922	2.354725
2962	2922	2.354725
2963	2912	2.346667
2964	2927	2.358755
2965	2912	2.346667
2966	2915	2.349084
2967	2914	2.348278
2968	2923	2.355531
2969	2927	2.358755
2970	2923	2.355531
2971	2923	2.355531
2972	2936	2.366007
2973	2920	2.353114
2974	2922	2.354725
2975	2915	2.349084
2976	2915	2.349084
2977	2927	2.358755
2978	2923	2.355531
2979	2922	2.354725
2980	2927	2.358755
2981	2927	2.358755
2982	2923	2.355531
2983	2922	2.354725
2984	2923	2.355531
2985	2922	2.354725
2986	2922	2.354725
2987	2923	2.355531
2988	2922	2.354725
2989	2922	2.354725
2990	2914	2.348278
2991	2915	2.349084
2992	2922	2.354725
2993	2923	2.355531
2994	2931	2.361978
2995	2938	2.367619
2996	2927	2.358755
2997	2923	2.355531
2998	2927	2.358755
2999	2922	2.354725
3000	2923	2.355531
3001	2915	2.349084
3002	2931	2.361978
3003	2923	2.355531
3004	2923	2.355531
3005	2923	2.355531
3006	2922	2.354725
3007	2923	2.355531
3008	2939	2.368425
3009	2927	2.358755
3010	2927	2.358755
3011	2923	2.355531
3012	2931	2.361978
3013	2923	2.355531
3014	2920	2.353114
3015	2922	2.354725
3016	2923	2.355531
3017	2923	2.355531
3018	2927	2.358755
3019	2927	2.358755
3020	2922	2.354725
3021	2914	2.348278
3022	2927	2.358755
3023	2923	2.355531
3024	2938	2.367619
3025	2923	2.355531
3026	2927	2.358755
3027	2939	2.368425
3028	2939	2.368425
3029	2923	2.355531
3030	2927	2.358755
3031	2922	2.354725
3032	2922	2.354725
3033	2922	2.354725
3034	2936	2.366007
3035	2922	2.354725
3036	2923	2.355531
3037	2922	2.354725
3038	2939	2.368425
3039	2923	2.355531
3040	2923	2.355531
3041	2923	2.355531
3042	2927	2.358755
3043	2939	2.368425
3044	2923	2.355531
3045	2923	2.355531
3046	2938	2.367619
3047	2927	2.358755
3048	2927	2.358755
3049	2938	2.367619
3050	2927	2.358755
3051	2927	2.358755
3052	2927	2.358755
3053	2939	2.368425
3054	2931	2.361978
3055	2931	2.361978
3056	2923	2.355531
3057	2939	2.368425
3058	2938	2.367619
3059	2927	2.358755
3060	2936	2.366007
3061	2931	2.361978
3062	2927	2.358755
3063	2923	2.355531
3064	2936	2.366007
3065	2923	2.355531
3066	2938	2.367619
3067	2927	2.358755
3068	2927	2.358755
3069	2922	2.354725
3070	2923	2.355531
3071	2927	2.358755
3072	2923	2.355531
3073	2931	2.361978
3074	2938	2.367619
3075	2923	2.355531
3076	2939	2.368425
3077	2922	2.354725
3078	2938	2.367619
3079	2938	2.367619
3080	2938	2.367619
3081	2927	2.358755
3082	2923	2.355531
3083	2943	2.371648
3084	2936	2.366007
3085	2923	2.355531
3086	2938	2.367619
3087	2931	2.361978
3088	2927	2.358755
3089	2939	2.368425
3090	2938	2.367619
3091	2927	2.358755
3092	2923	2.355531
3093	2927	2.358755
3094	2939	2.368425
3095	2936	2.366007
3096	2931	2.361978
3097	2946	2.374066
3098	2939	2.368425
3099	2938	2.367619
3100	2927	2.358755
3101	2938	2.367619
3102	2936	2.366007
3103	2931	2.361978
3104	2939	2.368425
3105	2938	2.367619
3106	2923	2.355531
3107	2952	2.378901
3108	2939	2.368425
3109	2923	2.355531
3110	2939	2.368425
3111	2938	2.367619
3112	2938	2.367619
3113	2936	2.366007
3114	2931	2.361978
3115	2938	2.367619
3116	2927	2.358755
3117	2939	2.368425
3118	2938	2.367619
3119	2939	2.368425
3120	2943	2.371648
3121	2938	2.367619
3122	2938	2.367619
3123	2938	2.367619
3124	2931	2.361978
3125	2938	2.367619
3126	2943	2.371648
3127	2943	2.371648
3128	2939	2.368425
3129	2927	2.358755
3130	2938	2.367619
3131	2939	2.368425
3132	2936	2.366007
3133	2943	2.371648
3134	2927	2.358755
3135	2939	2.368425
3136	2927	2.358755
3137	2939	2.368425
3138	2954	2.380513
3139	2947	2.374872
3140	2927	2.358755
3141	2931	2.361978
3142	2938	2.367619
3143	2939	2.368425
3144	2938	2.367619
3145	2939	2.368425
3146	2939	2.368425
3147	2938	2.367619
3148	2938	2.367619
3149	2938	2.367619
3150	2943	2.371648
3151	2931	2.361978
3152	2923	2.355531
3153	2954	2.380513
3154	2939	2.368425
3155	2938	2.367619
3156	2939	2.368425
3157	2939	2.368425
3158	2939	2.368425
3159	2927	2.358755
3160	2947	2.374872
3161	2939	2.368425
3162	2943	2.371648
3163	2943	2.371648
3164	2939	2.368425
3165	2939	2.368425
3166	2939	2.368425
3167	2938	2.367619
3168	2947	2.374872
3169	2938	2.367619
3170	2946	2.374066
3171	2947	2.374872
3172	2927	2.358755
3173	2936	2.366007
3174	2947	2.374872
3175	2927	2.358755
3176	2943	2.371648
3177	2946	2.374066
3178	2931	2.361978
3179	2946	2.374066
3180	2939	2.368425
3181	2946	2.374066
3182	2952	2.378901
3183	2943	2.371648
3184	2923	2.355531
3185	2939	2.368425
3186	2938	2.367619
3187	2931	2.361978
3188	2947	2.374872
3189	2931	2.361978
3190	2947	2.374872
3191	2939	2.368425
3192	2954	2.380513
3193	2939	2.368425
3194	2939	2.368425
3195	2943	2.371648
3196	2938	2.367619
3197	2939	2.368425
3198	2938	2.367619
3199	2939	2.368425
3200	2952	2.378901
3201	2947	2.374872
3202	2938	2.367619
3203	2952	2.378901
3204	2939	2.368425
3205	2939	2.368425
3206	2939	2.368425
3207	2939	2.368425
3208	2939	2.368425
3209	2947	2.374872
3210	2939	2.368425
3211	2943	2.371648
3212	2943	2.371648
3213	2947	2.374872
3214	2939	2.368425
3215	2938	2.367619
3216	2938	2.367619
3217	2943	2.371648
3218	2938	2.367619
3219	2943	2.371648
3220	2938	2.367619
3221	2955	2.381319
3222	2954	2.380513
3223	2943	2.371648
3224	2943	2.371648
3225	2939	2.368425
3226	2954	2.380513
3227	2939	2.368425
3228	2946	2.374066
3229	2938	2.367619
3230	2943	2.371648
3231	2939	2.368425
3232	2952	2.378901
3233	2943	2.371648
3234	2939	2.368425
3235	2947	2.374872
3236	2947	2.374872
3237	2938	2.367619
3238	2943	2.371648
3239	2931	2.361978
3240	2952	2.378901
3241	2952	2.378901
3242	2955	2.381319
3243	2939	2.368425
3244	2954	2.380513
3245	2943	2.371648
3246	2946	2.374066
3247	2943	2.371648
3248	2939	2.368425
3249	2939	2.368425
3250	2943	2.371648
3251	2939	2.368425
3252	2938	2.367619
3253	2939	2.368425
3254	2931	2.361978
3255	2938	2.367619
3256	2938	2.367619
3257	2938	2.367619
3258	2939	2.368425
3259	2943	2.371648
3260	2947	2.374872
3261	2954	2.380513
3262	2936	2.366007
3263	2954	2.380513
3264	2943	2.371648
3265	2943	2.371648
3266	2954	2.380513
3267	2938	2.367619
3268	2939	2.368425
3269	2943	2.371648
3270	2952	2.378901
3271	2954	2.380513
3272	2939	2.368425
3273	2939	2.368425
3274	2939	2.368425
3275	2927	2.358755
3276	2939	2.368425
3277	2954	2.380513
3278	2952	2.378901
3279	2938	2.367619
3280	2954	2.380513
3281	2939	2.368425
3282	2938	2.367619
3283	2954	2.380513
3284	2947	2.374872
3285	2955	2.381319
3286	2947	2.374872
3287	2954	2.380513
3288	2959	2.384542
3289	2954	2.380513
3290	2943	2.371648
3291	2954	2.380513
3292	2955	2.381319
3293	2954	2.380513
3294	2955	2.381319
3295	2954	2.380513
3296	2959	2.384542
3297	2954	2.380513
3298	2954	2.380513
3299	2947	2.374872
3300	2954	2.380513
3301	2954	2.380513
3302	2946	2.374066
3303	2954	2.380513
3304	2955	2.381319
3305	2952	2.378901
3306	2954	2.380513
3307	2963	2.387766
3308	2947	2.374872
3309	2947	2.374872
3310	2952	2.378901
3311	2947	2.374872
3312	2939	2.368425
3313	2939	2.368425
3314	2954	2.380513
3315	2947	2.374872
3316	2947	2.374872
3317	2939	2.368425
3318	2939	2.368425
3319	2939	2.368425
3320	2938	2.367619
3321	2954	2.380513
3322	2946	2.374066
3323	2959	2.384542
3324	2946	2.374066
3325	2959	2.384542
3326	2954	2.380513
3327	2952	2.378901
3328	2939	2.368425
3329	2955	2.381319
3330	2954	2.380513
3331	2954	2.380513
3332	2946	2.374066
3333	2959	2.384542
3334	2943	2.371648
3335	2954	2.380513
3336	2947	2.374872
3337	2943	2.371648
3338	2954	2.380513
3339	2952	2.378901
3340	2954	2.380513
3341	2939	2.368425
3342	2943	2.371648
3343	2954	2.380513
3344	2955	2.381319
3345	2963	2.387766
3346	2955	2.381319
3347	2955	2.381319
3348	2946	2.374066
3349	2952	2.378901
3350	2954	2.380513
3351	2947	2.374872
3352	2954	2.380513
3353	2943	2.371648
3354	2954	2.380513
3355	2947	2.374872
3356	2959	2.384542
3357	2959	2.384542
3358	2939	2.368425
3359	2939	2.368425
3360	2955	2.381319
3361	2943	2.371648
3362	2955	2.381319
3363	2954	2.380513
3364	2954	2.380513
3365	2954	2.380513
3366	2943	2.371648
3367	2943	2.371648
3368	2955	2.381319
3369	2954	2.380513
3370	2939	2.368425
3371	2952	2.378901
3372	2946	2.374066
3373	2955	2.381319
3374	2954	2.380513
3375	2943	2.371648
3376	2954	2.380513
3377	2954	2.380513
3378	2939	2.368425
3379	2954	2.380513
3380	2954	2.380513
3381	2954	2.380513
3382	2955	2.381319
3383	2938	2.367619
3384	2952	2.378901
3385	2952	2.378901
3386	2955	2.381319
3387	2955	2.381319
3388	2947	2.374872
3389	2943	2.371648
3390	2954	2.380513
3391	2952	2.378901
3392	2955	2.381319
3393	2954	2.380513
3394	2938	2.367619
3395	2939	2.368425
3396	2954	2.380513
3397	2954	2.380513
3398	2946	2.374066
3399	2954	2.380513
3400	2955	2.381319
3401	2938	2.367619
3402	2938	2.367619
3403	2954	2.380513
3404	2954	2.380513
3405	2943	2.371648
3406	2955	2.381319
3407	2959	2.384542
3408	2954	2.380513
3409	2955	2.381319
3410	2943	2.371648
3411	2939	2.368425
3412	2954	2.380513
3413	2955	2.381319
3414	2947	2.374872
3415	2938	2.367619
3416	2954	2.380513
3417	2943	2.371648
3418	2955	2.381319
3419	2954	2.380513
3420	2954	2.380513
3421	2947	2.374872
3422	2959	2.384542
3423	2954	2.380513
3424	2946	2.374066
3425	2946	2.374066
3426	2939	2.368425
3427	2946	2.374066
3428	2947	2.374872
3429	2939	2.368425
3430	2955	2.381319
3431	2954	2.380513
3432	2954	2.380513
3433	2943	2.371648
3434	2939	2.368425
3435	2954	2.380513
3436	2939	2.368425
3437	2939	2.368425
3438	2943	2.371648
3439	2955	2.381319
3440	2947	2.374872
3441	2938	2.367619
3442	2952	2.378901
3443	2952	2.378901
3444	2943	2.371648
3445	2943	2.371648
3446	2939	2.368425
3447	2954	2.380513
3448	2939	2.368425
3449	2946	2.374066
3450	2947	2.374872
3451	2943	2.371648
3452	2927	2.358755
3453	2939	2.368425
3454	2954	2.380513
3455	2939	2.368425
3456	2938	2.367619
3457	2954	2.380513
3458	2955	2.381319
3459	2952	2.378901
3460	2947	2.374872
3461	2947	2.374872
3462	2954	2.380513
3463	2955	2.381319
3464	2943	2.371648
3465	2954	2.380513
3466	2947	2.374872
3467	2939	2.368425
3468	2947	2.374872
3469	2954	2.380513
3470	2939	2.368425
3471	2938	2.367619
3472	2947	2.374872
3473	2954	2.380513
3474	2954	2.380513
3475	2939	2.368425
3476	2939	2.368425
3477	2939	2.368425
3478	2939	2.368425
3479	2943	2.371648
3480	2947	2.374872
3481	2943	2.371648
3482	2938	2.367619
3483	2952	2.378901
3484	2943	2.371648
3485	2954	2.380513
3486	2939	2.368425
3487	2939	2.368425
3488	2947	2.374872
3489	2927	2.358755
3490	2943	2.371648
3491	2939	2.368425
3492	2939	2.368425
3493	2923	2.355531
3494	2939	2.368425
3495	2939	2.368425
3496	2931	2.361978
3497	2954	2.380513
3498	2939	2.368425
3499	2938	2.367619
3500	2927	2.358755
3501	2936	2.366007
3502	2938	2.367619
3503	2927	2.358755
3504	2943	2.371648
3505	2938	2.367619
3506	2947	2.374872
3507	2938	2.367619
3508	2939	2.368425
3509	2938	2.367619
3510	2954	2.380513
3511	2936	2.366007
3512	2938	2.367619
3513	2939	2.368425
3514	2927	2.358755
3515	2943	2.371648
3516	2936	2.366007
3517	2938	2.367619
3518	2939	2.368425
3519	2939	2.368425
3520	2938	2.367619
3521	2938	2.367619
3522	2954	2.380513
3523	2931	2.361978
3524	2939	2.368425
3525	2931	2.361978
3526	2938	2.367619
3527	2923	2.355531
3528	2931	2.361978
3529	2931	2.361978
3530	2931	2.361978
3531	2936	2.366007
3532	2922	2.354725
3533	2923	2.355531
3534	2927	2.358755
3535	2938	2.367619
3536	2939	2.368425
3537	2927	2.358755
3538	2938	2.367619
3539	2936	2.366007
3540	2939	2.368425
3541	2927	2.358755
3542	2946	2.374066
3543	2927	2.358755
3544	2922	2.354725
3545	2923	2.355531
3546	2938	2.367619
3547	2936	2.366007
3548	2923	2.355531
3549	2922	2.354725
3550	2927	2.358755
3551	2923	2.355531
3552	2931	2.361978
3553	2923	2.355531
3554	2923	2.355531
3555	2927	2.358755
3556	2938	2.367619
3557	2922	2.354725
3558	2923	2.355531
3559	2915	2.349084
3560	2914	2.348278
3561	2927	2.358755
3562	2922	2.354725
3563	2927	2.358755
3564	2923	2.355531
3565	2923	2.355531
3566	2927	2.358755
3567	2915	2.349084
3568	2923	2.355531
3569	2922	2.354725
3570	2923	2.355531
3571	2922	2.354725
3572	2922	2.354725
3573	2914	2.348278
3574	2922	2.354725
3575	2923	2.355531
3576	2914	2.348278
3577	2923	2.355531
3578	2915	2.349084
3579	2922	2.354725
3580	2922	2.354725
3581	2922	2.354725
3582	2914	2.348278
3583	2914	2.348278
3584	2927	2.358755
3585	2923	2.355531
3586	2912	2.346667
3587	2923	2.355531
3588	2914	2.348278
3589	2912	2.346667
3590	2912	2.346667
3591	2904	2.340220
3592	2912	2.346667
3593	2912	2.346667
3594	2914	2.348278
3595	2912	2.346667
3596	2899	2.336190
3597	2914	2.348278
3598	2912	2.346667
3599	2912	2.346667
3600	2914	2.348278
3601	2920	2.353114
3602	2914	2.348278
3603	2912	2.346667
3604	2906	2.341832
3605	2914	2.348278
3606	2912	2.346667
3607	2912	2.346667
3608	2914	2.348278
3609	2899	2.336190
3610	2912	2.346667
3611	2912	2.346667
3612	2914	2.348278
3613	2912	2.346667
3614	2895	2.332967
3615	2895	2.332967
3616	2904	2.340220
3617	2895	2.332967
3618	2920	2.353114
3619	2915	2.349084
3620	2912	2.346667
3621	2912	2.346667
3622	2912	2.346667
3623	2895	2.332967
3624	2912	2.346667
3625	2895	2.332967
3626	2895	2.332967
3627	2912	2.346667
3628	2912	2.346667
3629	2891	2.329744
3630	2912	2.346667
3631	2891	2.329744
3632	2891	2.329744
3633	2895	2.332967
3634	2912	2.346667
3635	2891	2.329744
3636	2890	2.328938
3637	2895	2.332967
3638	2895	2.332967
3639	2891	2.329744
3640	2912	2.346667
3641	2895	2.332967
3642	2891	2.329744
3643	2890	2.328938
3644	2895	2.332967
3645	2890	2.328938
3646	2895	2.332967
3647	2883	2.323297
