Pixel	ADC	VoltageV
1	3939	3.174286
2	3938	3.173480
3	3938	3.173480
4	3936	3.171868
5	3936	3.171868
6	3936	3.171868
7	3936	3.171868
8	3936	3.171868
9	3936	3.171868
10	3936	3.171868
11	3936	3.171868
12	3936	3.171868
13	3938	3.173480
14	3938	3.173480
15	3936	3.171868
16	3936	3.171868
17	3119	2.513480
18	2472	1.992088
19	2504	2.017875
20	2506	2.019487
21	2498	2.013040
22	2498	2.013040
23	2507	2.020293
24	2498	2.013040
25	2511	2.023516
26	2496	2.011429
27	2504	2.017875
28	2504	2.017875
29	2496	2.011429
30	2506	2.019487
31	2520	2.030769
32	2515	2.026740
33	2498	2.013040
34	2507	2.020293
35	2499	2.013846
36	2498	2.013040
37	2507	2.020293
38	2520	2.030769
39	2507	2.020293
40	2511	2.023516
41	2506	2.019487
42	2507	2.020293
43	2507	2.020293
44	2520	2.030769
45	2498	2.013040
46	2507	2.020293
47	2507	2.020293
48	2511	2.023516
49	2507	2.020293
50	2511	2.023516
51	2511	2.023516
52	2507	2.020293
53	2520	2.030769
54	2511	2.023516
55	2520	2.030769
56	2511	2.023516
57	2530	2.038828
58	2522	2.032381
59	2511	2.023516
60	2530	2.038828
61	2507	2.020293
62	2528	2.037216
63	2528	2.037216
64	2522	2.032381
65	2522	2.032381
66	2511	2.023516
67	2528	2.037216
68	2522	2.032381
69	2511	2.023516
70	2506	2.019487
71	2528	2.037216
72	2511	2.023516
73	2511	2.023516
74	2511	2.023516
75	2511	2.023516
76	2511	2.023516
77	2507	2.020293
78	2528	2.037216
79	2506	2.019487
80	2528	2.037216
81	2520	2.030769
82	2528	2.037216
83	2511	2.023516
84	2490	2.006593
85	2515	2.026740
86	2511	2.023516
87	2507	2.020293
88	2496	2.011429
89	2506	2.019487
90	2488	2.004982
91	2511	2.023516
92	2507	2.020293
93	2520	2.030769
94	2528	2.037216
95	2507	2.020293
96	2528	2.037216
97	2507	2.020293
98	2507	2.020293
99	2507	2.020293
100	2507	2.020293
101	2530	2.038828
102	2506	2.019487
103	2507	2.020293
104	2507	2.020293
105	2511	2.023516
106	2515	2.026740
107	2507	2.020293
108	2520	2.030769
109	2528	2.037216
110	2528	2.037216
111	2511	2.023516
112	2507	2.020293
113	2511	2.023516
114	2511	2.023516
115	2528	2.037216
116	2528	2.037216
117	2515	2.026740
118	2520	2.030769
119	2520	2.030769
120	2528	2.037216
121	2528	2.037216
122	2528	2.037216
123	2511	2.023516
124	2507	2.020293
125	2511	2.023516
126	2515	2.026740
127	2520	2.030769
128	2496	2.011429
129	2515	2.026740
130	2520	2.030769
131	2507	2.020293
132	2520	2.030769
133	2511	2.023516
134	2506	2.019487
135	2499	2.013846
136	2515	2.026740
137	2504	2.017875
138	2511	2.023516
139	2511	2.023516
140	2507	2.020293
141	2511	2.023516
142	2515	2.026740
143	2511	2.023516
144	2511	2.023516
145	2507	2.020293
146	2507	2.020293
147	2515	2.026740
148	2520	2.030769
149	2515	2.026740
150	2507	2.020293
151	2520	2.030769
152	2528	2.037216
153	2520	2.030769
154	2515	2.026740
155	2511	2.023516
156	2530	2.038828
157	2511	2.023516
158	2507	2.020293
159	2511	2.023516
160	2530	2.038828
161	2528	2.037216
162	2520	2.030769
163	2507	2.020293
164	2528	2.037216
165	2531	2.039634
166	2528	2.037216
167	2507	2.020293
168	2520	2.030769
169	2528	2.037216
170	2515	2.026740
171	2530	2.038828
172	2511	2.023516
173	2515	2.026740
174	2528	2.037216
175	2520	2.030769
176	2528	2.037216
177	2530	2.038828
178	2528	2.037216
179	2528	2.037216
180	2538	2.045275
181	2528	2.037216
182	2528	2.037216
183	2528	2.037216
184	2536	2.043663
185	2528	2.037216
186	2528	2.037216
187	2539	2.046081
188	2530	2.038828
189	2531	2.039634
190	2538	2.045275
191	2528	2.037216
192	2539	2.046081
193	2522	2.032381
194	2528	2.037216
195	2531	2.039634
196	2528	2.037216
197	2531	2.039634
198	2528	2.037216
199	2528	2.037216
200	2536	2.043663
201	2522	2.032381
202	2511	2.023516
203	2531	2.039634
204	2515	2.026740
205	2528	2.037216
206	2528	2.037216
207	2522	2.032381
208	2528	2.037216
209	2530	2.038828
210	2536	2.043663
211	2528	2.037216
212	2507	2.020293
213	2507	2.020293
214	2511	2.023516
215	2528	2.037216
216	2531	2.039634
217	2539	2.046081
218	2520	2.030769
219	2515	2.026740
220	2522	2.032381
221	2522	2.032381
222	2520	2.030769
223	2531	2.039634
224	2522	2.032381
225	2528	2.037216
226	2528	2.037216
227	2528	2.037216
228	2520	2.030769
229	2528	2.037216
230	2528	2.037216
231	2520	2.030769
232	2515	2.026740
233	2538	2.045275
234	2511	2.023516
235	2522	2.032381
236	2539	2.046081
237	2520	2.030769
238	2538	2.045275
239	2528	2.037216
240	2530	2.038828
241	2520	2.030769
242	2511	2.023516
243	2522	2.032381
244	2528	2.037216
245	2528	2.037216
246	2528	2.037216
247	2520	2.030769
248	2528	2.037216
249	2530	2.038828
250	2536	2.043663
251	2528	2.037216
252	2531	2.039634
253	2538	2.045275
254	2528	2.037216
255	2528	2.037216
256	2552	2.056557
257	2530	2.038828
258	2538	2.045275
259	2531	2.039634
260	2530	2.038828
261	2528	2.037216
262	2531	2.039634
263	2536	2.043663
264	2531	2.039634
265	2536	2.043663
266	2539	2.046081
267	2528	2.037216
268	2522	2.032381
269	2522	2.032381
270	2528	2.037216
271	2531	2.039634
272	2543	2.049304
273	2536	2.043663
274	2539	2.046081
275	2528	2.037216
276	2536	2.043663
277	2528	2.037216
278	2538	2.045275
279	2536	2.043663
280	2528	2.037216
281	2531	2.039634
282	2528	2.037216
283	2538	2.045275
284	2539	2.046081
285	2528	2.037216
286	2528	2.037216
287	2528	2.037216
288	2528	2.037216
289	2528	2.037216
290	2531	2.039634
291	2528	2.037216
292	2539	2.046081
293	2539	2.046081
294	2530	2.038828
295	2531	2.039634
296	2528	2.037216
297	2531	2.039634
298	2538	2.045275
299	2522	2.032381
300	2539	2.046081
301	2522	2.032381
302	2530	2.038828
303	2531	2.039634
304	2538	2.045275
305	2539	2.046081
306	2536	2.043663
307	2539	2.046081
308	2539	2.046081
309	2543	2.049304
310	2528	2.037216
311	2538	2.045275
312	2539	2.046081
313	2531	2.039634
314	2531	2.039634
315	2552	2.056557
316	2543	2.049304
317	2539	2.046081
318	2538	2.045275
319	2536	2.043663
320	2539	2.046081
321	2528	2.037216
322	2536	2.043663
323	2539	2.046081
324	2539	2.046081
325	2543	2.049304
326	2539	2.046081
327	2531	2.039634
328	2539	2.046081
329	2531	2.039634
330	2539	2.046081
331	2543	2.049304
332	2552	2.056557
333	2554	2.058168
334	2531	2.039634
335	2536	2.043663
336	2531	2.039634
337	2539	2.046081
338	2552	2.056557
339	2539	2.046081
340	2538	2.045275
341	2538	2.045275
342	2528	2.037216
343	2543	2.049304
344	2531	2.039634
345	2536	2.043663
346	2539	2.046081
347	2536	2.043663
348	2539	2.046081
349	2543	2.049304
350	2539	2.046081
351	2543	2.049304
352	2543	2.049304
353	2538	2.045275
354	2539	2.046081
355	2539	2.046081
356	2539	2.046081
357	2539	2.046081
358	2552	2.056557
359	2543	2.049304
360	2539	2.046081
361	2543	2.049304
362	2536	2.043663
363	2539	2.046081
364	2543	2.049304
365	2547	2.052527
366	2543	2.049304
367	2539	2.046081
368	2536	2.043663
369	2539	2.046081
370	2539	2.046081
371	2554	2.058168
372	2539	2.046081
373	2539	2.046081
374	2539	2.046081
375	2539	2.046081
376	2539	2.046081
377	2531	2.039634
378	2530	2.038828
379	2539	2.046081
380	2538	2.045275
381	2539	2.046081
382	2539	2.046081
383	2539	2.046081
384	2528	2.037216
385	2531	2.039634
386	2539	2.046081
387	2530	2.038828
388	2554	2.058168
389	2539	2.046081
390	2536	2.043663
391	2539	2.046081
392	2554	2.058168
393	2539	2.046081
394	2539	2.046081
395	2543	2.049304
396	2536	2.043663
397	2543	2.049304
398	2547	2.052527
399	2539	2.046081
400	2543	2.049304
401	2539	2.046081
402	2539	2.046081
403	2539	2.046081
404	2554	2.058168
405	2539	2.046081
406	2547	2.052527
407	2543	2.049304
408	2543	2.049304
409	2531	2.039634
410	2539	2.046081
411	2554	2.058168
412	2538	2.045275
413	2539	2.046081
414	2538	2.045275
415	2543	2.049304
416	2552	2.056557
417	2539	2.046081
418	2555	2.058974
419	2559	2.062198
420	2554	2.058168
421	2543	2.049304
422	2554	2.058168
423	2543	2.049304
424	2539	2.046081
425	2547	2.052527
426	2539	2.046081
427	2554	2.058168
428	2539	2.046081
429	2555	2.058974
430	2552	2.056557
431	2539	2.046081
432	2536	2.043663
433	2539	2.046081
434	2539	2.046081
435	2539	2.046081
436	2552	2.056557
437	2543	2.049304
438	2543	2.049304
439	2554	2.058168
440	2543	2.049304
441	2539	2.046081
442	2554	2.058168
443	2554	2.058168
444	2547	2.052527
445	2543	2.049304
446	2552	2.056557
447	2555	2.058974
448	2543	2.049304
449	2539	2.046081
450	2554	2.058168
451	2539	2.046081
452	2547	2.052527
453	2554	2.058168
454	2555	2.058974
455	2547	2.052527
456	2554	2.058168
457	2538	2.045275
458	2543	2.049304
459	2552	2.056557
460	2554	2.058168
461	2555	2.058974
462	2543	2.049304
463	2559	2.062198
464	2552	2.056557
465	2555	2.058974
466	2539	2.046081
467	2539	2.046081
468	2539	2.046081
469	2555	2.058974
470	2555	2.058974
471	2555	2.058974
472	2543	2.049304
473	2570	2.071062
474	2568	2.069451
475	2539	2.046081
476	2571	2.071868
477	2559	2.062198
478	2555	2.058974
479	2571	2.071868
480	2559	2.062198
481	2555	2.058974
482	2571	2.071868
483	2555	2.058974
484	2555	2.058974
485	2559	2.062198
486	2571	2.071868
487	2559	2.062198
488	2571	2.071868
489	2555	2.058974
490	2555	2.058974
491	2552	2.056557
492	2559	2.062198
493	2554	2.058168
494	2539	2.046081
495	2559	2.062198
496	2555	2.058974
497	2543	2.049304
498	2552	2.056557
499	2547	2.052527
500	2555	2.058974
501	2543	2.049304
502	2552	2.056557
503	2552	2.056557
504	2552	2.056557
505	2559	2.062198
506	2555	2.058974
507	2555	2.058974
508	2543	2.049304
509	2539	2.046081
510	2555	2.058974
511	2552	2.056557
512	2555	2.058974
513	2555	2.058974
514	2539	2.046081
515	2552	2.056557
516	2552	2.056557
517	2555	2.058974
518	2539	2.046081
519	2543	2.049304
520	2555	2.058974
521	2554	2.058168
522	2555	2.058974
523	2568	2.069451
524	2555	2.058974
525	2555	2.058974
526	2555	2.058974
527	2552	2.056557
528	2547	2.052527
529	2555	2.058974
530	2559	2.062198
531	2543	2.049304
532	2555	2.058974
533	2543	2.049304
534	2555	2.058974
535	2559	2.062198
536	2543	2.049304
537	2555	2.058974
538	2559	2.062198
539	2555	2.058974
540	2559	2.062198
541	2555	2.058974
542	2559	2.062198
543	2559	2.062198
544	2570	2.071062
545	2571	2.071868
546	2568	2.069451
547	2575	2.075092
548	2568	2.069451
549	2571	2.071868
550	2555	2.058974
551	2559	2.062198
552	2575	2.075092
553	2559	2.062198
554	2571	2.071868
555	2568	2.069451
556	2571	2.071868
557	2575	2.075092
558	2559	2.062198
559	2555	2.058974
560	2570	2.071062
561	2559	2.062198
562	2571	2.071868
563	2555	2.058974
564	2570	2.071062
565	2559	2.062198
566	2555	2.058974
567	2570	2.071062
568	2570	2.071062
569	2555	2.058974
570	2555	2.058974
571	2554	2.058168
572	2571	2.071868
573	2559	2.062198
574	2555	2.058974
575	2552	2.056557
576	2568	2.069451
577	2555	2.058974
578	2555	2.058974
579	2570	2.071062
580	2563	2.065421
581	2570	2.071062
582	2559	2.062198
583	2570	2.071062
584	2555	2.058974
585	2559	2.062198
586	2555	2.058974
587	2570	2.071062
588	2571	2.071868
589	2568	2.069451
590	2555	2.058974
591	2555	2.058974
592	2571	2.071868
593	2571	2.071868
594	2570	2.071062
595	2568	2.069451
596	2555	2.058974
597	2559	2.062198
598	2568	2.069451
599	2571	2.071868
600	2554	2.058168
601	2559	2.062198
602	2554	2.058168
603	2559	2.062198
604	2559	2.062198
605	2571	2.071868
606	2568	2.069451
607	2555	2.058974
608	2559	2.062198
609	2575	2.075092
610	2568	2.069451
611	2555	2.058974
612	2543	2.049304
613	2555	2.058974
614	2555	2.058974
615	2555	2.058974
616	2555	2.058974
617	2555	2.058974
618	2554	2.058168
619	2559	2.062198
620	2571	2.071868
621	2555	2.058974
622	2563	2.065421
623	2559	2.062198
624	2555	2.058974
625	2563	2.065421
626	2568	2.069451
627	2555	2.058974
628	2570	2.071062
629	2559	2.062198
630	2555	2.058974
631	2568	2.069451
632	2571	2.071868
633	2552	2.056557
634	2571	2.071868
635	2568	2.069451
636	2559	2.062198
637	2571	2.071868
638	2575	2.075092
639	2555	2.058974
640	2559	2.062198
641	2568	2.069451
642	2568	2.069451
643	2592	2.088791
644	2570	2.071062
645	2575	2.075092
646	2559	2.062198
647	2555	2.058974
648	2559	2.062198
649	2555	2.058974
650	2555	2.058974
651	2559	2.062198
652	2570	2.071062
653	2568	2.069451
654	2552	2.056557
655	2563	2.065421
656	2568	2.069451
657	2555	2.058974
658	2559	2.062198
659	2571	2.071868
660	2570	2.071062
661	2575	2.075092
662	2586	2.083956
663	2571	2.071868
664	2592	2.088791
665	2563	2.065421
666	2584	2.082344
667	2570	2.071062
668	2571	2.071868
669	2571	2.071868
670	2570	2.071062
671	2575	2.075092
672	2571	2.071868
673	2571	2.071868
674	2555	2.058974
675	2575	2.075092
676	2571	2.071868
677	2575	2.075092
678	2571	2.071868
679	2579	2.078315
680	2571	2.071868
681	2586	2.083956
682	2571	2.071868
683	2571	2.071868
684	2575	2.075092
685	2571	2.071868
686	2568	2.069451
687	2571	2.071868
688	2579	2.078315
689	2575	2.075092
690	2579	2.078315
691	2571	2.071868
692	2584	2.082344
693	2568	2.069451
694	2579	2.078315
695	2584	2.082344
696	2570	2.071062
697	2571	2.071868
698	2571	2.071868
699	2555	2.058974
700	2575	2.075092
701	2584	2.082344
702	2584	2.082344
703	2571	2.071868
704	2586	2.083956
705	2592	2.088791
706	2586	2.083956
707	2592	2.088791
708	2586	2.083956
709	2586	2.083956
710	2571	2.071868
711	2570	2.071062
712	2584	2.082344
713	2579	2.078315
714	2575	2.075092
715	2584	2.082344
716	2559	2.062198
717	2575	2.075092
718	2559	2.062198
719	2571	2.071868
720	2579	2.078315
721	2584	2.082344
722	2571	2.071868
723	2568	2.069451
724	2579	2.078315
725	2571	2.071868
726	2575	2.075092
727	2592	2.088791
728	2568	2.069451
729	2571	2.071868
730	2571	2.071868
731	2571	2.071868
732	2592	2.088791
733	2586	2.083956
734	2575	2.075092
735	2575	2.075092
736	2592	2.088791
737	2571	2.071868
738	2592	2.088791
739	2575	2.075092
740	2584	2.082344
741	2592	2.088791
742	2594	2.090403
743	2586	2.083956
744	2595	2.091209
745	2584	2.082344
746	2592	2.088791
747	2575	2.075092
748	2586	2.083956
749	2587	2.084762
750	2592	2.088791
751	2595	2.091209
752	2571	2.071868
753	2571	2.071868
754	2586	2.083956
755	2594	2.090403
756	2586	2.083956
757	2586	2.083956
758	2579	2.078315
759	2592	2.088791
760	2575	2.075092
761	2579	2.078315
762	2602	2.096850
763	2571	2.071868
764	2595	2.091209
765	2584	2.082344
766	2592	2.088791
767	2600	2.095238
768	2595	2.091209
769	2592	2.088791
770	2592	2.088791
771	2584	2.082344
772	2600	2.095238
773	2592	2.088791
774	2584	2.082344
775	2586	2.083956
776	2595	2.091209
777	2592	2.088791
778	2592	2.088791
779	2594	2.090403
780	2595	2.091209
781	2602	2.096850
782	2607	2.100879
783	2595	2.091209
784	2592	2.088791
785	2595	2.091209
786	2595	2.091209
787	2603	2.097656
788	2595	2.091209
789	2600	2.095238
790	2594	2.090403
791	2592	2.088791
792	2603	2.097656
793	2602	2.096850
794	2602	2.096850
795	2595	2.091209
796	2600	2.095238
797	2595	2.091209
798	2595	2.091209
799	2595	2.091209
800	2586	2.083956
801	2603	2.097656
802	2595	2.091209
803	2594	2.090403
804	2594	2.090403
805	2584	2.082344
806	2592	2.088791
807	2600	2.095238
808	2600	2.095238
809	2616	2.108132
810	2595	2.091209
811	2603	2.097656
812	2603	2.097656
813	2607	2.100879
814	2607	2.100879
815	2618	2.109744
816	2607	2.100879
817	2627	2.116996
818	2607	2.100879
819	2618	2.109744
820	2603	2.097656
821	2600	2.095238
822	2603	2.097656
823	2627	2.116996
824	2619	2.110549
825	2616	2.108132
826	2607	2.100879
827	2607	2.100879
828	2603	2.097656
829	2618	2.109744
830	2616	2.108132
831	2607	2.100879
832	2603	2.097656
833	2603	2.097656
834	2603	2.097656
835	2619	2.110549
836	2603	2.097656
837	2603	2.097656
838	2607	2.100879
839	2603	2.097656
840	2624	2.114579
841	2603	2.097656
842	2616	2.108132
843	2607	2.100879
844	2616	2.108132
845	2616	2.108132
846	2616	2.108132
847	2624	2.114579
848	2627	2.116996
849	2619	2.110549
850	2619	2.110549
851	2626	2.116190
852	2616	2.108132
853	2607	2.100879
854	2619	2.110549
855	2627	2.116996
856	2618	2.109744
857	2616	2.108132
858	2603	2.097656
859	2603	2.097656
860	2607	2.100879
861	2619	2.110549
862	2616	2.108132
863	2626	2.116190
864	2619	2.110549
865	2627	2.116996
866	2634	2.122637
867	2635	2.123443
868	2639	2.126667
869	2635	2.123443
870	2639	2.126667
871	2632	2.121026
872	2634	2.122637
873	2635	2.123443
874	2624	2.114579
875	2639	2.126667
876	2635	2.123443
877	2634	2.122637
878	2634	2.122637
879	2648	2.133919
880	2627	2.116996
881	2624	2.114579
882	2627	2.116996
883	2627	2.116996
884	2626	2.116190
885	2635	2.123443
886	2634	2.122637
887	2627	2.116996
888	2627	2.116996
889	2635	2.123443
890	2618	2.109744
891	2634	2.122637
892	2627	2.116996
893	2619	2.110549
894	2607	2.100879
895	2618	2.109744
896	2635	2.123443
897	2619	2.110549
898	2624	2.114579
899	2627	2.116996
900	2619	2.110549
901	2627	2.116996
902	2603	2.097656
903	2603	2.097656
904	2624	2.114579
905	2619	2.110549
906	2626	2.116190
907	2627	2.116996
908	2634	2.122637
909	2624	2.114579
910	2624	2.114579
911	2619	2.110549
912	2619	2.110549
913	2626	2.116190
914	2632	2.121026
915	2634	2.122637
916	2639	2.126667
917	2635	2.123443
918	2656	2.140366
919	2648	2.133919
920	2627	2.116996
921	2634	2.122637
922	2632	2.121026
923	2632	2.121026
924	2635	2.123443
925	2627	2.116996
926	2627	2.116996
927	2656	2.140366
928	2635	2.123443
929	2643	2.129890
930	2619	2.110549
931	2635	2.123443
932	2635	2.123443
933	2639	2.126667
934	2626	2.116190
935	2624	2.114579
936	2626	2.116190
937	2627	2.116996
938	2627	2.116996
939	2626	2.116190
940	2627	2.116996
941	2618	2.109744
942	2635	2.123443
943	2619	2.110549
944	2635	2.123443
945	2619	2.110549
946	2627	2.116996
947	2635	2.123443
948	2635	2.123443
949	2619	2.110549
950	2635	2.123443
951	2634	2.122637
952	2648	2.133919
953	2626	2.116190
954	2639	2.126667
955	2632	2.121026
956	2627	2.116996
957	2626	2.116190
958	2648	2.133919
959	2634	2.122637
960	2634	2.122637
961	2626	2.116190
962	2635	2.123443
963	2635	2.123443
964	2632	2.121026
965	2624	2.114579
966	2632	2.121026
967	2632	2.121026
968	2635	2.123443
969	2635	2.123443
970	2634	2.122637
971	2635	2.123443
972	2635	2.123443
973	2656	2.140366
974	2658	2.141978
975	2635	2.123443
976	2659	2.142784
977	2635	2.123443
978	2643	2.129890
979	2634	2.122637
980	2639	2.126667
981	2643	2.129890
982	2650	2.135531
983	2626	2.116190
984	2627	2.116996
985	2639	2.126667
986	2639	2.126667
987	2626	2.116190
988	2632	2.121026
989	2627	2.116996
990	2656	2.140366
991	2639	2.126667
992	2643	2.129890
993	2639	2.126667
994	2650	2.135531
995	2643	2.129890
996	2656	2.140366
997	2658	2.141978
998	2658	2.141978
999	2659	2.142784
1000	2639	2.126667
1001	2656	2.140366
1002	2664	2.146813
1003	2659	2.142784
1004	2659	2.142784
1005	2656	2.140366
1006	2656	2.140366
1007	2656	2.140366
1008	2659	2.142784
1009	2656	2.140366
1010	2667	2.149231
1011	2656	2.140366
1012	2658	2.141978
1013	2667	2.149231
1014	2664	2.146813
1015	2658	2.141978
1016	2659	2.142784
1017	2658	2.141978
1018	2656	2.140366
1019	2658	2.141978
1020	2656	2.140366
1021	2650	2.135531
1022	2659	2.142784
1023	2656	2.140366
1024	2666	2.148425
1025	2656	2.140366
1026	2664	2.146813
1027	2658	2.141978
1028	2658	2.141978
1029	2656	2.140366
1030	2659	2.142784
1031	2666	2.148425
1032	2656	2.140366
1033	2666	2.148425
1034	2666	2.148425
1035	2635	2.123443
1036	2658	2.141978
1037	2659	2.142784
1038	2656	2.140366
1039	2659	2.142784
1040	2650	2.135531
1041	2656	2.140366
1042	2664	2.146813
1043	2664	2.146813
1044	2656	2.140366
1045	2656	2.140366
1046	2656	2.140366
1047	2639	2.126667
1048	2667	2.149231
1049	2656	2.140366
1050	2656	2.140366
1051	2667	2.149231
1052	2659	2.142784
1053	2643	2.129890
1054	2656	2.140366
1055	2656	2.140366
1056	2650	2.135531
1057	2664	2.146813
1058	2656	2.140366
1059	2664	2.146813
1060	2667	2.149231
1061	2659	2.142784
1062	2671	2.152454
1063	2659	2.142784
1064	2666	2.148425
1065	2667	2.149231
1066	2666	2.148425
1067	2664	2.146813
1068	2659	2.142784
1069	2666	2.148425
1070	2659	2.142784
1071	2680	2.159707
1072	2658	2.141978
1073	2656	2.140366
1074	2667	2.149231
1075	2656	2.140366
1076	2666	2.148425
1077	2650	2.135531
1078	2656	2.140366
1079	2667	2.149231
1080	2659	2.142784
1081	2664	2.146813
1082	2666	2.148425
1083	2671	2.152454
1084	2667	2.149231
1085	2667	2.149231
1086	2658	2.141978
1087	2680	2.159707
1088	2667	2.149231
1089	2667	2.149231
1090	2671	2.152454
1091	2667	2.149231
1092	2680	2.159707
1093	2671	2.152454
1094	2664	2.146813
1095	2675	2.155678
1096	2667	2.149231
1097	2667	2.149231
1098	2664	2.146813
1099	2675	2.155678
1100	2666	2.148425
1101	2667	2.149231
1102	2667	2.149231
1103	2667	2.149231
1104	2683	2.162125
1105	2667	2.149231
1106	2671	2.152454
1107	2671	2.152454
1108	2683	2.162125
1109	2675	2.155678
1110	2680	2.159707
1111	2667	2.149231
1112	2666	2.148425
1113	2664	2.146813
1114	2683	2.162125
1115	2680	2.159707
1116	2666	2.148425
1117	2667	2.149231
1118	2667	2.149231
1119	2682	2.161319
1120	2680	2.159707
1121	2675	2.155678
1122	2682	2.161319
1123	2667	2.149231
1124	2667	2.149231
1125	2664	2.146813
1126	2667	2.149231
1127	2667	2.149231
1128	2680	2.159707
1129	2671	2.152454
1130	2671	2.152454
1131	2664	2.146813
1132	2683	2.162125
1133	2671	2.152454
1134	2671	2.152454
1135	2680	2.159707
1136	2682	2.161319
1137	2680	2.159707
1138	2680	2.159707
1139	2683	2.162125
1140	2680	2.159707
1141	2671	2.152454
1142	2667	2.149231
1143	2667	2.149231
1144	2671	2.152454
1145	2680	2.159707
1146	2667	2.149231
1147	2683	2.162125
1148	2680	2.159707
1149	2680	2.159707
1150	2682	2.161319
1151	2675	2.155678
1152	2687	2.165348
1153	2687	2.165348
1154	2683	2.162125
1155	2680	2.159707
1156	2683	2.162125
1157	2687	2.165348
1158	2680	2.159707
1159	2687	2.165348
1160	2687	2.165348
1161	2683	2.162125
1162	2687	2.165348
1163	2680	2.159707
1164	2699	2.175018
1165	2687	2.165348
1166	2687	2.165348
1167	2683	2.162125
1168	2683	2.162125
1169	2687	2.165348
1170	2683	2.162125
1171	2683	2.162125
1172	2683	2.162125
1173	2687	2.165348
1174	2683	2.162125
1175	2687	2.165348
1176	2683	2.162125
1177	2683	2.162125
1178	2683	2.162125
1179	2687	2.165348
1180	2683	2.162125
1181	2687	2.165348
1182	2699	2.175018
1183	2687	2.165348
1184	2683	2.162125
1185	2687	2.165348
1186	2682	2.161319
1187	2698	2.174212
1188	2699	2.175018
1189	2696	2.172601
1190	2699	2.175018
1191	2683	2.162125
1192	2682	2.161319
1193	2683	2.162125
1194	2699	2.175018
1195	2699	2.175018
1196	2683	2.162125
1197	2683	2.162125
1198	2699	2.175018
1199	2687	2.165348
1200	2698	2.174212
1201	2703	2.178242
1202	2703	2.178242
1203	2698	2.174212
1204	2698	2.174212
1205	2687	2.165348
1206	2696	2.172601
1207	2712	2.185495
1208	2683	2.162125
1209	2699	2.175018
1210	2707	2.181465
1211	2699	2.175018
1212	2699	2.175018
1213	2683	2.162125
1214	2687	2.165348
1215	2703	2.178242
1216	2698	2.174212
1217	2698	2.174212
1218	2703	2.178242
1219	2687	2.165348
1220	2699	2.175018
1221	2698	2.174212
1222	2698	2.174212
1223	2696	2.172601
1224	2698	2.174212
1225	2699	2.175018
1226	2703	2.178242
1227	2699	2.175018
1228	2698	2.174212
1229	2699	2.175018
1230	2696	2.172601
1231	2720	2.191941
1232	2707	2.181465
1233	2703	2.178242
1234	2699	2.175018
1235	2720	2.191941
1236	2703	2.178242
1237	2720	2.191941
1238	2714	2.187106
1239	2712	2.185495
1240	2720	2.191941
1241	2703	2.178242
1242	2703	2.178242
1243	2720	2.191941
1244	2720	2.191941
1245	2714	2.187106
1246	2703	2.178242
1247	2707	2.181465
1248	2720	2.191941
1249	2703	2.178242
1250	2699	2.175018
1251	2699	2.175018
1252	2722	2.193553
1253	2720	2.191941
1254	2712	2.185495
1255	2720	2.191941
1256	2720	2.191941
1257	2720	2.191941
1258	2720	2.191941
1259	2723	2.194359
1260	2712	2.185495
1261	2707	2.181465
1262	2720	2.191941
1263	2720	2.191941
1264	2714	2.187106
1265	2720	2.191941
1266	2712	2.185495
1267	2720	2.191941
1268	2720	2.191941
1269	2728	2.198388
1270	2720	2.191941
1271	2720	2.191941
1272	2731	2.200806
1273	2722	2.193553
1274	2720	2.191941
1275	2728	2.198388
1276	2730	2.200000
1277	2722	2.193553
1278	2712	2.185495
1279	2720	2.191941
1280	2714	2.187106
1281	2720	2.191941
1282	2731	2.200806
1283	2714	2.187106
1284	2731	2.200806
1285	2720	2.191941
1286	2720	2.191941
1287	2720	2.191941
1288	2728	2.198388
1289	2720	2.191941
1290	2720	2.191941
1291	2728	2.198388
1292	2730	2.200000
1293	2723	2.194359
1294	2720	2.191941
1295	2731	2.200806
1296	2720	2.191941
1297	2722	2.193553
1298	2723	2.194359
1299	2720	2.191941
1300	2730	2.200000
1301	2728	2.198388
1302	2731	2.200806
1303	2731	2.200806
1304	2731	2.200806
1305	2723	2.194359
1306	2730	2.200000
1307	2723	2.194359
1308	2731	2.200806
1309	2728	2.198388
1310	2735	2.204029
1311	2722	2.193553
1312	2731	2.200806
1313	2731	2.200806
1314	2731	2.200806
1315	2731	2.200806
1316	2731	2.200806
1317	2731	2.200806
1318	2739	2.207253
1319	2731	2.200806
1320	2728	2.198388
1321	2731	2.200806
1322	2735	2.204029
1323	2722	2.193553
1324	2731	2.200806
1325	2728	2.198388
1326	2735	2.204029
1327	2723	2.194359
1328	2735	2.204029
1329	2735	2.204029
1330	2735	2.204029
1331	2739	2.207253
1332	2744	2.211282
1333	2731	2.200806
1334	2731	2.200806
1335	2735	2.204029
1336	2722	2.193553
1337	2739	2.207253
1338	2735	2.204029
1339	2744	2.211282
1340	2744	2.211282
1341	2739	2.207253
1342	2731	2.200806
1343	2728	2.198388
1344	2739	2.207253
1345	2747	2.213700
1346	2735	2.204029
1347	2731	2.200806
1348	2744	2.211282
1349	2730	2.200000
1350	2735	2.204029
1351	2731	2.200806
1352	2746	2.212894
1353	2731	2.200806
1354	2731	2.200806
1355	2744	2.211282
1356	2735	2.204029
1357	2746	2.212894
1358	2735	2.204029
1359	2739	2.207253
1360	2744	2.211282
1361	2735	2.204029
1362	2747	2.213700
1363	2735	2.204029
1364	2744	2.211282
1365	2755	2.220147
1366	2747	2.213700
1367	2754	2.219341
1368	2747	2.213700
1369	2731	2.200806
1370	2752	2.217729
1371	2746	2.212894
1372	2760	2.224176
1373	2746	2.212894
1374	2760	2.224176
1375	2755	2.220147
1376	2755	2.220147
1377	2746	2.212894
1378	2752	2.217729
1379	2746	2.212894
1380	2735	2.204029
1381	2752	2.217729
1382	2755	2.220147
1383	2752	2.217729
1384	2744	2.211282
1385	2754	2.219341
1386	2752	2.217729
1387	2731	2.200806
1388	2744	2.211282
1389	2752	2.217729
1390	2752	2.217729
1391	2752	2.217729
1392	2754	2.219341
1393	2754	2.219341
1394	2760	2.224176
1395	2735	2.204029
1396	2735	2.204029
1397	2752	2.217729
1398	2755	2.220147
1399	2752	2.217729
1400	2735	2.204029
1401	2763	2.226593
1402	2760	2.224176
1403	2752	2.217729
1404	2760	2.224176
1405	2755	2.220147
1406	2752	2.217729
1407	2754	2.219341
1408	2760	2.224176
1409	2763	2.226593
1410	2762	2.225788
1411	2763	2.226593
1412	2752	2.217729
1413	2754	2.219341
1414	2746	2.212894
1415	2752	2.217729
1416	2755	2.220147
1417	2754	2.219341
1418	2762	2.225788
1419	2755	2.220147
1420	2746	2.212894
1421	2760	2.224176
1422	2754	2.219341
1423	2767	2.229817
1424	2763	2.226593
1425	2754	2.219341
1426	2762	2.225788
1427	2760	2.224176
1428	2762	2.225788
1429	2760	2.224176
1430	2752	2.217729
1431	2763	2.226593
1432	2755	2.220147
1433	2752	2.217729
1434	2752	2.217729
1435	2746	2.212894
1436	2762	2.225788
1437	2762	2.225788
1438	2762	2.225788
1439	2755	2.220147
1440	2760	2.224176
1441	2746	2.212894
1442	2762	2.225788
1443	2755	2.220147
1444	2755	2.220147
1445	2754	2.219341
1446	2763	2.226593
1447	2763	2.226593
1448	2762	2.225788
1449	2762	2.225788
1450	2763	2.226593
1451	2762	2.225788
1452	2755	2.220147
1453	2755	2.220147
1454	2762	2.225788
1455	2763	2.226593
1456	2754	2.219341
1457	2755	2.220147
1458	2755	2.220147
1459	2752	2.217729
1460	2776	2.237070
1461	2760	2.224176
1462	2760	2.224176
1463	2767	2.229817
1464	2763	2.226593
1465	2767	2.229817
1466	2755	2.220147
1467	2763	2.226593
1468	2763	2.226593
1469	2763	2.226593
1470	2754	2.219341
1471	2767	2.229817
1472	2760	2.224176
1473	2762	2.225788
1474	2763	2.226593
1475	2755	2.220147
1476	2763	2.226593
1477	2767	2.229817
1478	2746	2.212894
1479	2762	2.225788
1480	2784	2.243516
1481	2760	2.224176
1482	2747	2.213700
1483	2754	2.219341
1484	2752	2.217729
1485	2763	2.226593
1486	2754	2.219341
1487	2760	2.224176
1488	2763	2.226593
1489	2746	2.212894
1490	2755	2.220147
1491	2754	2.219341
1492	2763	2.226593
1493	2760	2.224176
1494	2763	2.226593
1495	2755	2.220147
1496	2778	2.238681
1497	2776	2.237070
1498	2755	2.220147
1499	2763	2.226593
1500	2755	2.220147
1501	2763	2.226593
1502	2755	2.220147
1503	2767	2.229817
1504	2763	2.226593
1505	2755	2.220147
1506	2747	2.213700
1507	2760	2.224176
1508	2763	2.226593
1509	2746	2.212894
1510	2752	2.217729
1511	2755	2.220147
1512	2754	2.219341
1513	2760	2.224176
1514	2763	2.226593
1515	2752	2.217729
1516	2754	2.219341
1517	2760	2.224176
1518	2760	2.224176
1519	2755	2.220147
1520	2762	2.225788
1521	2746	2.212894
1522	2755	2.220147
1523	2767	2.229817
1524	2762	2.225788
1525	2746	2.212894
1526	2755	2.220147
1527	2755	2.220147
1528	2746	2.212894
1529	2760	2.224176
1530	2744	2.211282
1531	2763	2.226593
1532	2760	2.224176
1533	2746	2.212894
1534	2760	2.224176
1535	2755	2.220147
1536	2752	2.217729
1537	2747	2.213700
1538	2747	2.213700
1539	2747	2.213700
1540	2767	2.229817
1541	2752	2.217729
1542	2752	2.217729
1543	2760	2.224176
1544	2755	2.220147
1545	2752	2.217729
1546	2744	2.211282
1547	2747	2.213700
1548	2755	2.220147
1549	2752	2.217729
1550	2755	2.220147
1551	2752	2.217729
1552	2746	2.212894
1553	2731	2.200806
1554	2744	2.211282
1555	2735	2.204029
1556	2752	2.217729
1557	2731	2.200806
1558	2755	2.220147
1559	2746	2.212894
1560	2746	2.212894
1561	2747	2.213700
1562	2739	2.207253
1563	2744	2.211282
1564	2746	2.212894
1565	2739	2.207253
1566	2744	2.211282
1567	2728	2.198388
1568	2731	2.200806
1569	2731	2.200806
1570	2746	2.212894
1571	2731	2.200806
1572	2747	2.213700
1573	2746	2.212894
1574	2739	2.207253
1575	2747	2.213700
1576	2731	2.200806
1577	2735	2.204029
1578	2731	2.200806
1579	2735	2.204029
1580	2731	2.200806
1581	2723	2.194359
1582	2730	2.200000
1583	2731	2.200806
1584	2735	2.204029
1585	2731	2.200806
1586	2720	2.191941
1587	2731	2.200806
1588	2744	2.211282
1589	2735	2.204029
1590	2731	2.200806
1591	2720	2.191941
1592	2730	2.200000
1593	2730	2.200000
1594	2723	2.194359
1595	2735	2.204029
1596	2735	2.204029
1597	2731	2.200806
1598	2735	2.204029
1599	2735	2.204029
1600	2730	2.200000
1601	2728	2.198388
1602	2720	2.191941
1603	2723	2.194359
1604	2731	2.200806
1605	2731	2.200806
1606	2728	2.198388
1607	2731	2.200806
1608	2735	2.204029
1609	2731	2.200806
1610	2722	2.193553
1611	2720	2.191941
1612	2714	2.187106
1613	2720	2.191941
1614	2731	2.200806
1615	2714	2.187106
1616	2720	2.191941
1617	2720	2.191941
1618	2714	2.187106
1619	2712	2.185495
1620	2712	2.185495
1621	2712	2.185495
1622	2720	2.191941
1623	2720	2.191941
1624	2703	2.178242
1625	2714	2.187106
1626	2712	2.185495
1627	2707	2.181465
1628	2698	2.174212
1629	2720	2.191941
1630	2703	2.178242
1631	2703	2.178242
1632	2699	2.175018
1633	2720	2.191941
1634	2720	2.191941
1635	2714	2.187106
1636	2703	2.178242
1637	2699	2.175018
1638	2699	2.175018
1639	2698	2.174212
1640	2699	2.175018
1641	2687	2.165348
1642	2696	2.172601
1643	2698	2.174212
1644	2699	2.175018
1645	2687	2.165348
1646	2687	2.165348
1647	2687	2.165348
1648	2696	2.172601
1649	2683	2.162125
1650	2687	2.165348
1651	2682	2.161319
1652	2687	2.165348
1653	2699	2.175018
1654	2683	2.162125
1655	2671	2.152454
1656	2683	2.162125
1657	2683	2.162125
1658	2683	2.162125
1659	2680	2.159707
1660	2687	2.165348
1661	2680	2.159707
1662	2682	2.161319
1663	2687	2.165348
1664	2680	2.159707
1665	2683	2.162125
1666	2667	2.149231
1667	2671	2.152454
1668	2680	2.159707
1669	2667	2.149231
1670	2675	2.155678
1671	2667	2.149231
1672	2666	2.148425
1673	2671	2.152454
1674	2658	2.141978
1675	2667	2.149231
1676	2667	2.149231
1677	2671	2.152454
1678	2667	2.149231
1679	2648	2.133919
1680	2680	2.159707
1681	2656	2.140366
1682	2671	2.152454
1683	2656	2.140366
1684	2659	2.142784
1685	2664	2.146813
1686	2659	2.142784
1687	2656	2.140366
1688	2656	2.140366
1689	2658	2.141978
1690	2659	2.142784
1691	2659	2.142784
1692	2656	2.140366
1693	2639	2.126667
1694	2659	2.142784
1695	2648	2.133919
1696	2656	2.140366
1697	2656	2.140366
1698	2648	2.133919
1699	2639	2.126667
1700	2659	2.142784
1701	2639	2.126667
1702	2639	2.126667
1703	2635	2.123443
1704	2635	2.123443
1705	2639	2.126667
1706	2627	2.116996
1707	2639	2.126667
1708	2634	2.122637
1709	2619	2.110549
1710	2635	2.123443
1711	2635	2.123443
1712	2639	2.126667
1713	2627	2.116996
1714	2626	2.116190
1715	2627	2.116996
1716	2632	2.121026
1717	2634	2.122637
1718	2632	2.121026
1719	2619	2.110549
1720	2619	2.110549
1721	2626	2.116190
1722	2632	2.121026
1723	2619	2.110549
1724	2627	2.116996
1725	2624	2.114579
1726	2624	2.114579
1727	2618	2.109744
1728	2607	2.100879
1729	2607	2.100879
1730	2603	2.097656
1731	2607	2.100879
1732	2603	2.097656
1733	2619	2.110549
1734	2600	2.095238
1735	2602	2.096850
1736	2603	2.097656
1737	2602	2.096850
1738	2602	2.096850
1739	2594	2.090403
1740	2595	2.091209
1741	2592	2.088791
1742	2603	2.097656
1743	2594	2.090403
1744	2600	2.095238
1745	2595	2.091209
1746	2571	2.071868
1747	2575	2.075092
1748	2592	2.088791
1749	2592	2.088791
1750	2575	2.075092
1751	2571	2.071868
1752	2571	2.071868
1753	2584	2.082344
1754	2571	2.071868
1755	2571	2.071868
1756	2559	2.062198
1757	2559	2.062198
1758	2575	2.075092
1759	2555	2.058974
1760	2559	2.062198
1761	2568	2.069451
1762	2555	2.058974
1763	2570	2.071062
1764	2555	2.058974
1765	2555	2.058974
1766	2563	2.065421
1767	2552	2.056557
1768	2555	2.058974
1769	2559	2.062198
1770	2568	2.069451
1771	2538	2.045275
1772	2547	2.052527
1773	2547	2.052527
1774	2552	2.056557
1775	2539	2.046081
1776	2552	2.056557
1777	2536	2.043663
1778	2539	2.046081
1779	2547	2.052527
1780	2536	2.043663
1781	2531	2.039634
1782	2531	2.039634
1783	2538	2.045275
1784	2528	2.037216
1785	2531	2.039634
1786	2528	2.037216
1787	2507	2.020293
1788	2538	2.045275
1789	2528	2.037216
1790	2522	2.032381
1791	2528	2.037216
1792	2520	2.030769
1793	2528	2.037216
1794	2507	2.020293
1795	2511	2.023516
1796	2507	2.020293
1797	2507	2.020293
1798	2499	2.013846
1799	2504	2.017875
1800	2507	2.020293
1801	2504	2.017875
1802	2499	2.013846
1803	2511	2.023516
1804	2504	2.017875
1805	2491	2.007399
1806	2491	2.007399
1807	2498	2.013040
1808	2475	1.994505
1809	2488	2.004982
1810	2488	2.004982
1811	2479	1.997729
1812	2475	1.994505
1813	2488	2.004982
1814	2475	1.994505
1815	2475	1.994505
1816	2479	1.997729
1817	2475	1.994505
1818	2475	1.994505
1819	2472	1.992088
1820	2475	1.994505
1821	2472	1.992088
1822	2474	1.993700
1823	2456	1.979194
1824	2467	1.988059
1825	2474	1.993700
1826	2459	1.981612
1827	2464	1.985641
1828	2458	1.980806
1829	2466	1.987253
1830	2456	1.979194
1831	2472	1.992088
1832	2447	1.971941
1833	2464	1.985641
1834	2466	1.987253
1835	2459	1.981612
1836	2467	1.988059
1837	2451	1.975165
1838	2466	1.987253
1839	2435	1.962271
1840	2447	1.971941
1841	2427	1.955824
1842	2443	1.968718
1843	2443	1.968718
1844	2440	1.966300
1845	2419	1.949377
1846	2435	1.962271
1847	2427	1.955824
1848	2424	1.953407
1849	2427	1.955824
1850	2424	1.953407
1851	2426	1.955018
1852	2419	1.949377
1853	2426	1.955018
1854	2411	1.942930
1855	2427	1.955824
1856	2419	1.949377
1857	2408	1.940513
1858	2411	1.942930
1859	2408	1.940513
1860	2415	1.946154
1861	2415	1.946154
1862	2403	1.936484
1863	2410	1.942125
1864	2400	1.934066
1865	2411	1.942930
1866	2408	1.940513
1867	2403	1.936484
1868	2400	1.934066
1869	2402	1.935678
1870	2400	1.934066
1871	2400	1.934066
1872	2403	1.936484
1873	2392	1.927619
1874	2392	1.927619
1875	2403	1.936484
1876	2400	1.934066
1877	2400	1.934066
1878	2403	1.936484
1879	2400	1.934066
1880	2379	1.917143
1881	2379	1.917143
1882	2379	1.917143
1883	2400	1.934066
1884	2387	1.923590
1885	2376	1.914725
1886	2363	1.904249
1887	2363	1.904249
1888	2378	1.916337
1889	2378	1.916337
1890	2371	1.910696
1891	2362	1.903443
1892	2362	1.903443
1893	2362	1.903443
1894	2379	1.917143
1895	2355	1.897802
1896	2360	1.901832
1897	2351	1.894579
1898	2371	1.910696
1899	2363	1.904249
1900	2347	1.891355
1901	2347	1.891355
1902	2360	1.901832
1903	2347	1.891355
1904	2363	1.904249
1905	2339	1.884908
1906	2347	1.891355
1907	2347	1.891355
1908	2346	1.890549
1909	2351	1.894579
1910	2347	1.891355
1911	2360	1.901832
1912	2347	1.891355
1913	2346	1.890549
1914	2338	1.884103
1915	2347	1.891355
1916	2351	1.894579
1917	2347	1.891355
1918	2338	1.884103
1919	2338	1.884103
1920	2344	1.888938
1921	2346	1.890549
1922	2339	1.884908
1923	2336	1.882491
1924	2330	1.877656
1925	2314	1.864762
1926	2328	1.876044
1927	2336	1.882491
1928	2330	1.877656
1929	2336	1.882491
1930	2331	1.878462
1931	2315	1.865568
1932	2328	1.876044
1933	2303	1.855897
1934	2299	1.852674
1935	2314	1.864762
1936	2314	1.864762
1937	2315	1.865568
1938	2319	1.868791
1939	2312	1.863150
1940	2299	1.852674
1941	2314	1.864762
1942	2319	1.868791
1943	2319	1.868791
1944	2315	1.865568
1945	2319	1.868791
1946	2314	1.864762
1947	2314	1.864762
1948	2303	1.855897
1949	2315	1.865568
1950	2296	1.850256
1951	2287	1.843004
1952	2303	1.855897
1953	2299	1.852674
1954	2299	1.852674
1955	2299	1.852674
1956	2291	1.846227
1957	2303	1.855897
1958	2299	1.852674
1959	2291	1.846227
1960	2299	1.852674
1961	2287	1.843004
1962	2299	1.852674
1963	2296	1.850256
1964	2299	1.852674
1965	2291	1.846227
1966	2283	1.839780
1967	2299	1.852674
1968	2303	1.855897
1969	2291	1.846227
1970	2283	1.839780
1971	2275	1.833333
1972	2291	1.846227
1973	2296	1.850256
1974	2299	1.852674
1975	2299	1.852674
1976	2283	1.839780
1977	2287	1.843004
1978	2275	1.833333
1979	2282	1.838974
1980	2287	1.843004
1981	2287	1.843004
1982	2299	1.852674
1983	2283	1.839780
1984	2283	1.839780
1985	2291	1.846227
1986	2275	1.833333
1987	2272	1.830916
1988	2287	1.843004
1989	2282	1.838974
1990	2287	1.843004
1991	2282	1.838974
1992	2287	1.843004
1993	2264	1.824469
1994	2280	1.837363
1995	2283	1.839780
1996	2283	1.839780
1997	2283	1.839780
1998	2283	1.839780
1999	2266	1.826081
2000	2287	1.843004
2001	2272	1.830916
2002	2280	1.837363
2003	2275	1.833333
2004	2287	1.843004
2005	2274	1.832527
2006	2272	1.830916
2007	2275	1.833333
2008	2266	1.826081
2009	2280	1.837363
2010	2283	1.839780
2011	2275	1.833333
2012	2274	1.832527
2013	2264	1.824469
2014	2275	1.833333
2015	2282	1.838974
2016	2280	1.837363
2017	2274	1.832527
2018	2283	1.839780
2019	2274	1.832527
2020	2280	1.837363
2021	2275	1.833333
2022	2275	1.833333
2023	2283	1.839780
2024	2255	1.817216
2025	2259	1.820440
2026	2259	1.820440
2027	2283	1.839780
2028	2251	1.813993
2029	2264	1.824469
2030	2274	1.832527
2031	2272	1.830916
2032	2274	1.832527
2033	2283	1.839780
2034	2280	1.837363
2035	2280	1.837363
2036	2274	1.832527
2037	2283	1.839780
2038	2255	1.817216
2039	2280	1.837363
2040	2272	1.830916
2041	2274	1.832527
2042	2274	1.832527
2043	2275	1.833333
2044	2275	1.833333
2045	2275	1.833333
2046	2272	1.830916
2047	2275	1.833333
2048	2283	1.839780
2049	2282	1.838974
2050	2283	1.839780
2051	2272	1.830916
2052	2272	1.830916
2053	2275	1.833333
2054	2272	1.830916
2055	2275	1.833333
2056	2283	1.839780
2057	2272	1.830916
2058	2287	1.843004
2059	2283	1.839780
2060	2275	1.833333
2061	2296	1.850256
2062	2282	1.838974
2063	2283	1.839780
2064	2282	1.838974
2065	2283	1.839780
2066	2275	1.833333
2067	2275	1.833333
2068	2283	1.839780
2069	2275	1.833333
2070	2282	1.838974
2071	2272	1.830916
2072	2274	1.832527
2073	2282	1.838974
2074	2280	1.837363
2075	2283	1.839780
2076	2283	1.839780
2077	2275	1.833333
2078	2275	1.833333
2079	2283	1.839780
2080	2272	1.830916
2081	2291	1.846227
2082	2280	1.837363
2083	2291	1.846227
2084	2283	1.839780
2085	2283	1.839780
2086	2283	1.839780
2087	2291	1.846227
2088	2296	1.850256
2089	2287	1.843004
2090	2291	1.846227
2091	2296	1.850256
2092	2291	1.846227
2093	2296	1.850256
2094	2283	1.839780
2095	2299	1.852674
2096	2283	1.839780
2097	2299	1.852674
2098	2299	1.852674
2099	2298	1.851868
2100	2303	1.855897
2101	2296	1.850256
2102	2312	1.863150
2103	2307	1.859121
2104	2303	1.855897
2105	2299	1.852674
2106	2303	1.855897
2107	2303	1.855897
2108	2303	1.855897
2109	2299	1.852674
2110	2291	1.846227
2111	2328	1.876044
2112	2314	1.864762
2113	2312	1.863150
2114	2319	1.868791
2115	2312	1.863150
2116	2315	1.865568
2117	2314	1.864762
2118	2328	1.876044
2119	2336	1.882491
2120	2323	1.872015
2121	2315	1.865568
2122	2319	1.868791
2123	2339	1.884908
2124	2319	1.868791
2125	2328	1.876044
2126	2344	1.888938
2127	2339	1.884908
2128	2330	1.877656
2129	2338	1.884103
2130	2346	1.890549
2131	2347	1.891355
2132	2336	1.882491
2133	2347	1.891355
2134	2347	1.891355
2135	2347	1.891355
2136	2351	1.894579
2137	2347	1.891355
2138	2347	1.891355
2139	2351	1.894579
2140	2351	1.894579
2141	2351	1.894579
2142	2371	1.910696
2143	2347	1.891355
2144	2362	1.903443
2145	2363	1.904249
2146	2351	1.894579
2147	2371	1.910696
2148	2368	1.908278
2149	2379	1.917143
2150	2362	1.903443
2151	2371	1.910696
2152	2371	1.910696
2153	2371	1.910696
2154	2371	1.910696
2155	2383	1.920366
2156	2383	1.920366
2157	2379	1.917143
2158	2383	1.920366
2159	2383	1.920366
2160	2392	1.927619
2161	2379	1.917143
2162	2392	1.927619
2163	2387	1.923590
2164	2379	1.917143
2165	2400	1.934066
2166	2402	1.935678
2167	2402	1.935678
2168	2400	1.934066
2169	2387	1.923590
2170	2411	1.942930
2171	2403	1.936484
2172	2400	1.934066
2173	2403	1.936484
2174	2392	1.927619
2175	2408	1.940513
2176	2410	1.942125
2177	2402	1.935678
2178	2415	1.946154
2179	2411	1.942930
2180	2411	1.942930
2181	2411	1.942930
2182	2411	1.942930
2183	2419	1.949377
2184	2402	1.935678
2185	2411	1.942930
2186	2408	1.940513
2187	2431	1.959048
2188	2427	1.955824
2189	2431	1.959048
2190	2411	1.942930
2191	2411	1.942930
2192	2427	1.955824
2193	2411	1.942930
2194	2411	1.942930
2195	2415	1.946154
2196	2411	1.942930
2197	2424	1.953407
2198	2427	1.955824
2199	2415	1.946154
2200	2411	1.942930
2201	2419	1.949377
2202	2424	1.953407
2203	2415	1.946154
2204	2415	1.946154
2205	2419	1.949377
2206	2424	1.953407
2207	2403	1.936484
2208	2424	1.953407
2209	2419	1.949377
2210	2427	1.955824
2211	2419	1.949377
2212	2427	1.955824
2213	2419	1.949377
2214	2419	1.949377
2215	2415	1.946154
2216	2403	1.936484
2217	2415	1.946154
2218	2403	1.936484
2219	2419	1.949377
2220	2415	1.946154
2221	2408	1.940513
2222	2427	1.955824
2223	2411	1.942930
2224	2415	1.946154
2225	2411	1.942930
2226	2411	1.942930
2227	2408	1.940513
2228	2403	1.936484
2229	2408	1.940513
2230	2408	1.940513
2231	2410	1.942125
2232	2400	1.934066
2233	2400	1.934066
2234	2394	1.929231
2235	2400	1.934066
2236	2402	1.935678
2237	2400	1.934066
2238	2400	1.934066
2239	2383	1.920366
2240	2379	1.917143
2241	2379	1.917143
2242	2403	1.936484
2243	2371	1.910696
2244	2383	1.920366
2245	2371	1.910696
2246	2379	1.917143
2247	2371	1.910696
2248	2371	1.910696
2249	2376	1.914725
2250	2371	1.910696
2251	2368	1.908278
2252	2376	1.914725
2253	2363	1.904249
2254	2344	1.888938
2255	2360	1.901832
2256	2347	1.891355
2257	2330	1.877656
2258	2347	1.891355
2259	2336	1.882491
2260	2336	1.882491
2261	2336	1.882491
2262	2319	1.868791
2263	2336	1.882491
2264	2319	1.868791
2265	2299	1.852674
2266	2312	1.863150
2267	2303	1.855897
2268	2299	1.852674
2269	2296	1.850256
2270	2299	1.852674
2271	2299	1.852674
2272	2282	1.838974
2273	2283	1.839780
2274	2272	1.830916
2275	2255	1.817216
2276	2272	1.830916
2277	2251	1.813993
2278	2248	1.811575
2279	2242	1.806740
2280	2242	1.806740
2281	2219	1.788205
2282	2234	1.800293
2283	2223	1.791429
2284	2219	1.788205
2285	2208	1.779341
2286	2210	1.780952
2287	2208	1.779341
2288	2202	1.774505
2289	2191	1.765641
2290	2191	1.765641
2291	2175	1.752747
2292	2168	1.747106
2293	2175	1.752747
2294	2147	1.730183
2295	2152	1.734212
2296	2146	1.729377
2297	2146	1.729377
2298	2131	1.717289
2299	2138	1.722930
2300	2122	1.710037
2301	2114	1.703590
2302	2107	1.697949
2303	2090	1.684249
2304	2082	1.677802
2305	2083	1.678608
2306	2067	1.665714
2307	2083	1.678608
2308	2056	1.656850
2309	2047	1.649597
2310	2027	1.633480
2311	2035	1.639927
2312	2040	1.643956
2313	2035	1.639927
2314	2019	1.627033
2315	2016	1.624615
2316	2008	1.618168
2317	2016	1.624615
2318	2008	1.618168
2319	1993	1.606081
2320	1987	1.601245
2321	1993	1.606081
2322	1999	1.610916
2323	1984	1.598828
2324	1976	1.592381
2325	1984	1.598828
2326	1979	1.594799
2327	1967	1.585128
2328	1967	1.585128
2329	1979	1.594799
2330	1971	1.588352
2331	1978	1.593993
2332	1967	1.585128
2333	1971	1.588352
2334	1971	1.588352
2335	1955	1.575458
2336	1967	1.585128
2337	1967	1.585128
2338	1963	1.581905
2339	1967	1.585128
2340	1967	1.585128
2341	1963	1.581905
2342	1971	1.588352
2343	1963	1.581905
2344	1963	1.581905
2345	1960	1.579487
2346	1967	1.585128
2347	1971	1.588352
2348	1963	1.581905
2349	1986	1.600440
2350	1992	1.605275
2351	1994	1.606886
2352	1979	1.594799
2353	1987	1.601245
2354	1979	1.594799
2355	1979	1.594799
2356	1999	1.610916
2357	1995	1.607692
2358	1999	1.610916
2359	1999	1.610916
2360	2018	1.626227
2361	2018	1.626227
2362	2024	1.631062
2363	2016	1.624615
2364	2024	1.631062
2365	2035	1.639927
2366	2035	1.639927
2367	2051	1.652821
2368	2047	1.649597
2369	2056	1.656850
2370	2058	1.658462
2371	2063	1.662491
2372	2067	1.665714
2373	2082	1.677802
2374	2083	1.678608
2375	2095	1.688278
2376	2095	1.688278
2377	2091	1.685055
2378	2112	1.701978
2379	2127	1.714066
2380	2120	1.708425
2381	2127	1.714066
2382	2127	1.714066
2383	2136	1.721319
2384	2144	1.727766
2385	2159	1.739853
2386	2146	1.729377
2387	2168	1.747106
2388	2168	1.747106
2389	2184	1.760000
2390	2184	1.760000
2391	2187	1.762418
2392	2208	1.779341
2393	2211	1.781758
2394	2216	1.785788
2395	2219	1.788205
2396	2227	1.794652
2397	2242	1.806740
2398	2243	1.807546
2399	2255	1.817216
2400	2251	1.813993
2401	2264	1.824469
2402	2275	1.833333
2403	2275	1.833333
2404	2280	1.837363
2405	2291	1.846227
2406	2287	1.843004
2407	2299	1.852674
2408	2303	1.855897
2409	2328	1.876044
2410	2312	1.863150
2411	2330	1.877656
2412	2323	1.872015
2413	2319	1.868791
2414	2323	1.872015
2415	2336	1.882491
2416	2351	1.894579
2417	2346	1.890549
2418	2363	1.904249
2419	2371	1.910696
2420	2371	1.910696
2421	2363	1.904249
2422	2371	1.910696
2423	2376	1.914725
2424	2378	1.916337
2425	2400	1.934066
2426	2410	1.942125
2427	2415	1.946154
2428	2394	1.929231
2429	2431	1.959048
2430	2431	1.959048
2431	2435	1.962271
2432	2427	1.955824
2433	2440	1.966300
2434	2435	1.962271
2435	2447	1.971941
2436	2443	1.968718
2437	2442	1.967912
2438	2458	1.980806
2439	2467	1.988059
2440	2474	1.993700
2441	2467	1.988059
2442	2475	1.994505
2443	2475	1.994505
2444	2491	2.007399
2445	2483	2.000952
2446	2483	2.000952
2447	2479	1.997729
2448	2496	2.011429
2449	2499	2.013846
2450	2498	2.013040
2451	2488	2.004982
2452	2498	2.013040
2453	2504	2.017875
2454	2504	2.017875
2455	2507	2.020293
2456	2511	2.023516
2457	2507	2.020293
2458	2522	2.032381
2459	2511	2.023516
2460	2515	2.026740
2461	2528	2.037216
2462	2528	2.037216
2463	2528	2.037216
2464	2536	2.043663
2465	2539	2.046081
2466	2539	2.046081
2467	2539	2.046081
2468	2547	2.052527
2469	2539	2.046081
2470	2539	2.046081
2471	2559	2.062198
2472	2554	2.058168
2473	2547	2.052527
2474	2539	2.046081
2475	2543	2.049304
2476	2555	2.058974
2477	2559	2.062198
2478	2555	2.058974
2479	2555	2.058974
2480	2559	2.062198
2481	2570	2.071062
2482	2563	2.065421
2483	2559	2.062198
2484	2563	2.065421
2485	2563	2.065421
2486	2575	2.075092
2487	2592	2.088791
2488	2592	2.088791
2489	2586	2.083956
2490	2594	2.090403
2491	2592	2.088791
2492	2603	2.097656
2493	2603	2.097656
2494	2595	2.091209
2495	2595	2.091209
2496	2602	2.096850
2497	2594	2.090403
2498	2616	2.108132
2499	2607	2.100879
2500	2611	2.104103
2501	2611	2.104103
2502	2627	2.116996
2503	2618	2.109744
2504	2632	2.121026
2505	2616	2.108132
2506	2635	2.123443
2507	2626	2.116190
2508	2627	2.116996
2509	2626	2.116190
2510	2627	2.116996
2511	2635	2.123443
2512	2624	2.114579
2513	2632	2.121026
2514	2635	2.123443
2515	2635	2.123443
2516	2635	2.123443
2517	2648	2.133919
2518	2643	2.129890
2519	2648	2.133919
2520	2656	2.140366
2521	2648	2.133919
2522	2659	2.142784
2523	2656	2.140366
2524	2639	2.126667
2525	2659	2.142784
2526	2635	2.123443
2527	2658	2.141978
2528	2656	2.140366
2529	2656	2.140366
2530	2656	2.140366
2531	2667	2.149231
2532	2666	2.148425
2533	2639	2.126667
2534	2656	2.140366
2535	2658	2.141978
2536	2671	2.152454
2537	2666	2.148425
2538	2658	2.141978
2539	2656	2.140366
2540	2658	2.141978
2541	2664	2.146813
2542	2666	2.148425
2543	2666	2.148425
2544	2666	2.148425
2545	2664	2.146813
2546	2659	2.142784
2547	2667	2.149231
2548	2667	2.149231
2549	2666	2.148425
2550	2667	2.149231
2551	2659	2.142784
2552	2675	2.155678
2553	2683	2.162125
2554	2682	2.161319
2555	2683	2.162125
2556	2671	2.152454
2557	2680	2.159707
2558	2666	2.148425
2559	2698	2.174212
2560	2687	2.165348
2561	2667	2.149231
2562	2687	2.165348
2563	2687	2.165348
2564	2687	2.165348
2565	2671	2.152454
2566	2687	2.165348
2567	2680	2.159707
2568	2687	2.165348
2569	2687	2.165348
2570	2687	2.165348
2571	2699	2.175018
2572	2683	2.162125
2573	2698	2.174212
2574	2687	2.165348
2575	2687	2.165348
2576	2687	2.165348
2577	2683	2.162125
2578	2687	2.165348
2579	2699	2.175018
2580	2683	2.162125
2581	2687	2.165348
2582	2687	2.165348
2583	2683	2.162125
2584	2687	2.165348
2585	2696	2.172601
2586	2703	2.178242
2587	2698	2.174212
2588	2699	2.175018
2589	2699	2.175018
2590	2699	2.175018
2591	2703	2.178242
2592	2714	2.187106
2593	2714	2.187106
2594	2722	2.193553
2595	2712	2.185495
2596	2703	2.178242
2597	2698	2.174212
2598	2703	2.178242
2599	2699	2.175018
2600	2696	2.172601
2601	2703	2.178242
2602	2722	2.193553
2603	2712	2.185495
2604	2703	2.178242
2605	2703	2.178242
2606	2722	2.193553
2607	2712	2.185495
2608	2720	2.191941
2609	2707	2.181465
2610	2723	2.194359
2611	2712	2.185495
2612	2723	2.194359
2613	2723	2.194359
2614	2731	2.200806
2615	2722	2.193553
2616	2712	2.185495
2617	2720	2.191941
2618	2730	2.200000
2619	2730	2.200000
2620	2735	2.204029
2621	2731	2.200806
2622	2723	2.194359
2623	2728	2.198388
2624	2728	2.198388
2625	2731	2.200806
2626	2731	2.200806
2627	2739	2.207253
2628	2735	2.204029
2629	2731	2.200806
2630	2752	2.217729
2631	2752	2.217729
2632	2731	2.200806
2633	2735	2.204029
2634	2747	2.213700
2635	2746	2.212894
2636	2744	2.211282
2637	2747	2.213700
2638	2752	2.217729
2639	2752	2.217729
2640	2747	2.213700
2641	2739	2.207253
2642	2731	2.200806
2643	2755	2.220147
2644	2752	2.217729
2645	2760	2.224176
2646	2747	2.213700
2647	2762	2.225788
2648	2760	2.224176
2649	2754	2.219341
2650	2763	2.226593
2651	2763	2.226593
2652	2763	2.226593
2653	2760	2.224176
2654	2762	2.225788
2655	2760	2.224176
2656	2760	2.224176
2657	2771	2.233040
2658	2767	2.229817
2659	2755	2.220147
2660	2763	2.226593
2661	2776	2.237070
2662	2767	2.229817
2663	2784	2.243516
2664	2767	2.229817
2665	2763	2.226593
2666	2778	2.238681
2667	2763	2.226593
2668	2767	2.229817
2669	2763	2.226593
2670	2776	2.237070
2671	2784	2.243516
2672	2778	2.238681
2673	2763	2.226593
2674	2763	2.226593
2675	2784	2.243516
2676	2776	2.237070
2677	2784	2.243516
2678	2784	2.243516
2679	2786	2.245128
2680	2784	2.243516
2681	2771	2.233040
2682	2784	2.243516
2683	2784	2.243516
2684	2792	2.249963
2685	2787	2.245934
2686	2794	2.251575
2687	2787	2.245934
2688	2784	2.243516
2689	2787	2.245934
2690	2794	2.251575
2691	2792	2.249963
2692	2786	2.245128
2693	2795	2.252381
2694	2792	2.249963
2695	2794	2.251575
2696	2799	2.255604
2697	2792	2.249963
2698	2794	2.251575
2699	2795	2.252381
2700	2795	2.252381
2701	2795	2.252381
2702	2792	2.249963
2703	2794	2.251575
2704	2795	2.252381
2705	2795	2.252381
2706	2795	2.252381
2707	2784	2.243516
2708	2803	2.258828
2709	2795	2.252381
2710	2792	2.249963
2711	2816	2.269304
2712	2808	2.262857
2713	2794	2.251575
2714	2799	2.255604
2715	2808	2.262857
2716	2794	2.251575
2717	2799	2.255604
2718	2795	2.252381
2719	2794	2.251575
2720	2799	2.255604
2721	2795	2.252381
2722	2795	2.252381
2723	2808	2.262857
2724	2795	2.252381
2725	2795	2.252381
2726	2799	2.255604
2727	2803	2.258828
2728	2808	2.262857
2729	2810	2.264469
2730	2799	2.255604
2731	2816	2.269304
2732	2816	2.269304
2733	2794	2.251575
2734	2808	2.262857
2735	2818	2.270916
2736	2808	2.262857
2737	2803	2.258828
2738	2810	2.264469
2739	2819	2.271722
2740	2810	2.264469
2741	2808	2.262857
2742	2803	2.258828
2743	2811	2.265275
2744	2816	2.269304
2745	2810	2.264469
2746	2818	2.270916
2747	2810	2.264469
2748	2818	2.270916
2749	2826	2.277363
2750	2818	2.270916
2751	2824	2.275751
2752	2827	2.278168
2753	2816	2.269304
2754	2811	2.265275
2755	2826	2.277363
2756	2818	2.270916
2757	2827	2.278168
2758	2824	2.275751
2759	2816	2.269304
2760	2818	2.270916
2761	2819	2.271722
2762	2824	2.275751
2763	2827	2.278168
2764	2824	2.275751
2765	2827	2.278168
2766	2827	2.278168
2767	2827	2.278168
2768	2824	2.275751
2769	2824	2.275751
2770	2842	2.290256
2771	2827	2.278168
2772	2827	2.278168
2773	2831	2.281392
2774	2831	2.281392
2775	2840	2.288645
2776	2827	2.278168
2777	2842	2.290256
2778	2827	2.278168
2779	2826	2.277363
2780	2848	2.295092
2781	2831	2.281392
2782	2851	2.297509
2783	2842	2.290256
2784	2848	2.295092
2785	2835	2.284615
2786	2851	2.297509
2787	2831	2.281392
2788	2851	2.297509
2789	2850	2.296703
2790	2842	2.290256
2791	2848	2.295092
2792	2842	2.290256
2793	2840	2.288645
2794	2848	2.295092
2795	2848	2.295092
2796	2848	2.295092
2797	2848	2.295092
2798	2858	2.303150
2799	2848	2.295092
2800	2851	2.297509
2801	2848	2.295092
2802	2858	2.303150
2803	2850	2.296703
2804	2848	2.295092
2805	2850	2.296703
2806	2848	2.295092
2807	2850	2.296703
2808	2858	2.303150
2809	2851	2.297509
2810	2856	2.301538
2811	2851	2.297509
2812	2848	2.295092
2813	2856	2.301538
2814	2848	2.295092
2815	2848	2.295092
2816	2851	2.297509
2817	2848	2.295092
2818	2858	2.303150
2819	2863	2.307179
2820	2851	2.297509
2821	2856	2.301538
2822	2850	2.296703
2823	2875	2.316850
2824	2859	2.303956
2825	2850	2.296703
2826	2858	2.303150
2827	2863	2.307179
2828	2863	2.307179
2829	2872	2.314432
2830	2856	2.301538
2831	2863	2.307179
2832	2859	2.303956
2833	2851	2.297509
2834	2859	2.303956
2835	2863	2.307179
2836	2859	2.303956
2837	2851	2.297509
2838	2859	2.303956
2839	2863	2.307179
2840	2863	2.307179
2841	2859	2.303956
2842	2851	2.297509
2843	2872	2.314432
2844	2858	2.303150
2845	2872	2.314432
2846	2859	2.303956
2847	2858	2.303150
2848	2859	2.303956
2849	2863	2.307179
2850	2859	2.303956
2851	2859	2.303956
2852	2859	2.303956
2853	2863	2.307179
2854	2880	2.320879
2855	2859	2.303956
2856	2872	2.314432
2857	2867	2.310403
2858	2859	2.303956
2859	2874	2.316044
2860	2875	2.316850
2861	2874	2.316044
2862	2875	2.316850
2863	2880	2.320879
2864	2872	2.314432
2865	2883	2.323297
2866	2863	2.307179
2867	2863	2.307179
2868	2882	2.322491
2869	2882	2.322491
2870	2874	2.316044
2871	2858	2.303150
2872	2863	2.307179
2873	2875	2.316850
2874	2875	2.316850
2875	2863	2.307179
2876	2863	2.307179
2877	2875	2.316850
2878	2880	2.320879
2879	2874	2.316044
2880	2883	2.323297
2881	2874	2.316044
2882	2891	2.329744
2883	2859	2.303956
2884	2890	2.328938
2885	2874	2.316044
2886	2888	2.327326
2887	2880	2.320879
2888	2880	2.320879
2889	2880	2.320879
2890	2883	2.323297
2891	2882	2.322491
2892	2874	2.316044
2893	2890	2.328938
2894	2882	2.322491
2895	2882	2.322491
2896	2880	2.320879
2897	2875	2.316850
2898	2880	2.320879
2899	2883	2.323297
2900	2882	2.322491
2901	2883	2.323297
2902	2890	2.328938
2903	2883	2.323297
2904	2883	2.323297
2905	2883	2.323297
2906	2890	2.328938
2907	2888	2.327326
2908	2882	2.322491
2909	2888	2.327326
2910	2880	2.320879
2911	2890	2.328938
2912	2882	2.322491
2913	2882	2.322491
2914	2883	2.323297
2915	2890	2.328938
2916	2883	2.323297
2917	2888	2.327326
2918	2895	2.332967
2919	2891	2.329744
2920	2883	2.323297
2921	2888	2.327326
2922	2890	2.328938
2923	2883	2.323297
2924	2890	2.328938
2925	2890	2.328938
2926	2882	2.322491
2927	2895	2.332967
2928	2891	2.329744
2929	2891	2.329744
2930	2890	2.328938
2931	2891	2.329744
2932	2882	2.322491
2933	2891	2.329744
2934	2891	2.329744
2935	2875	2.316850
2936	2883	2.323297
2937	2888	2.327326
2938	2891	2.329744
2939	2895	2.332967
2940	2890	2.328938
2941	2891	2.329744
2942	2891	2.329744
2943	2895	2.332967
2944	2891	2.329744
2945	2888	2.327326
2946	2891	2.329744
2947	2895	2.332967
2948	2891	2.329744
2949	2895	2.332967
2950	2895	2.332967
2951	2912	2.346667
2952	2906	2.341832
2953	2899	2.336190
2954	2912	2.346667
2955	2895	2.332967
2956	2891	2.329744
2957	2891	2.329744
2958	2912	2.346667
2959	2883	2.323297
2960	2891	2.329744
2961	2895	2.332967
2962	2895	2.332967
2963	2912	2.346667
2964	2906	2.341832
2965	2895	2.332967
2966	2904	2.340220
2967	2904	2.340220
2968	2912	2.346667
2969	2891	2.329744
2970	2895	2.332967
2971	2912	2.346667
2972	2895	2.332967
2973	2912	2.346667
2974	2912	2.346667
2975	2912	2.346667
2976	2891	2.329744
2977	2912	2.346667
2978	2914	2.348278
2979	2895	2.332967
2980	2895	2.332967
2981	2912	2.346667
2982	2912	2.346667
2983	2912	2.346667
2984	2912	2.346667
2985	2912	2.346667
2986	2923	2.355531
2987	2912	2.346667
2988	2915	2.349084
2989	2912	2.346667
2990	2912	2.346667
2991	2915	2.349084
2992	2912	2.346667
2993	2912	2.346667
2994	2915	2.349084
2995	2915	2.349084
2996	2914	2.348278
2997	2906	2.341832
2998	2912	2.346667
2999	2920	2.353114
3000	2912	2.346667
3001	2912	2.346667
3002	2904	2.340220
3003	2891	2.329744
3004	2912	2.346667
3005	2904	2.340220
3006	2912	2.346667
3007	2912	2.346667
3008	2912	2.346667
3009	2912	2.346667
3010	2915	2.349084
3011	2923	2.355531
3012	2912	2.346667
3013	2912	2.346667
3014	2912	2.346667
3015	2906	2.341832
3016	2912	2.346667
3017	2912	2.346667
3018	2912	2.346667
3019	2914	2.348278
3020	2895	2.332967
3021	2912	2.346667
3022	2912	2.346667
3023	2904	2.340220
3024	2912	2.346667
3025	2920	2.353114
3026	2922	2.354725
3027	2915	2.349084
3028	2920	2.353114
3029	2912	2.346667
3030	2912	2.346667
3031	2912	2.346667
3032	2914	2.348278
3033	2912	2.346667
3034	2915	2.349084
3035	2912	2.346667
3036	2904	2.340220
3037	2912	2.346667
3038	2912	2.346667
3039	2915	2.349084
3040	2915	2.349084
3041	2912	2.346667
3042	2912	2.346667
3043	2915	2.349084
3044	2912	2.346667
3045	2904	2.340220
3046	2920	2.353114
3047	2912	2.346667
3048	2912	2.346667
3049	2915	2.349084
3050	2912	2.346667
3051	2922	2.354725
3052	2912	2.346667
3053	2920	2.353114
3054	2912	2.346667
3055	2915	2.349084
3056	2906	2.341832
3057	2912	2.346667
3058	2914	2.348278
3059	2922	2.354725
3060	2923	2.355531
3061	2915	2.349084
3062	2912	2.346667
3063	2927	2.358755
3064	2920	2.353114
3065	2899	2.336190
3066	2914	2.348278
3067	2912	2.346667
3068	2912	2.346667
3069	2914	2.348278
3070	2920	2.353114
3071	2912	2.346667
3072	2912	2.346667
3073	2920	2.353114
3074	2915	2.349084
3075	2923	2.355531
3076	2914	2.348278
3077	2914	2.348278
3078	2914	2.348278
3079	2915	2.349084
3080	2915	2.349084
3081	2914	2.348278
3082	2920	2.353114
3083	2920	2.353114
3084	2920	2.353114
3085	2914	2.348278
3086	2920	2.353114
3087	2914	2.348278
3088	2915	2.349084
3089	2922	2.354725
3090	2923	2.355531
3091	2920	2.353114
3092	2912	2.346667
3093	2915	2.349084
3094	2912	2.346667
3095	2922	2.354725
3096	2923	2.355531
3097	2923	2.355531
3098	2923	2.355531
3099	2914	2.348278
3100	2915	2.349084
3101	2920	2.353114
3102	2923	2.355531
3103	2923	2.355531
3104	2920	2.353114
3105	2920	2.353114
3106	2915	2.349084
3107	2912	2.346667
3108	2920	2.353114
3109	2923	2.355531
3110	2915	2.349084
3111	2915	2.349084
3112	2914	2.348278
3113	2922	2.354725
3114	2914	2.348278
3115	2920	2.353114
3116	2914	2.348278
3117	2915	2.349084
3118	2922	2.354725
3119	2920	2.353114
3120	2923	2.355531
3121	2923	2.355531
3122	2923	2.355531
3123	2912	2.346667
3124	2923	2.355531
3125	2914	2.348278
3126	2922	2.354725
3127	2922	2.354725
3128	2920	2.353114
3129	2923	2.355531
3130	2923	2.355531
3131	2915	2.349084
3132	2923	2.355531
3133	2920	2.353114
3134	2936	2.366007
3135	2920	2.353114
3136	2923	2.355531
3137	2923	2.355531
3138	2923	2.355531
3139	2923	2.355531
3140	2920	2.353114
3141	2915	2.349084
3142	2922	2.354725
3143	2914	2.348278
3144	2923	2.355531
3145	2923	2.355531
3146	2922	2.354725
3147	2923	2.355531
3148	2923	2.355531
3149	2923	2.355531
3150	2922	2.354725
3151	2923	2.355531
3152	2920	2.353114
3153	2923	2.355531
3154	2922	2.354725
3155	2915	2.349084
3156	2922	2.354725
3157	2923	2.355531
3158	2922	2.354725
3159	2927	2.358755
3160	2931	2.361978
3161	2923	2.355531
3162	2922	2.354725
3163	2920	2.353114
3164	2923	2.355531
3165	2938	2.367619
3166	2923	2.355531
3167	2923	2.355531
3168	2922	2.354725
3169	2923	2.355531
3170	2923	2.355531
3171	2923	2.355531
3172	2923	2.355531
3173	2927	2.358755
3174	2922	2.354725
3175	2920	2.353114
3176	2922	2.354725
3177	2923	2.355531
3178	2914	2.348278
3179	2923	2.355531
3180	2915	2.349084
3181	2915	2.349084
3182	2938	2.367619
3183	2927	2.358755
3184	2915	2.349084
3185	2915	2.349084
3186	2923	2.355531
3187	2927	2.358755
3188	2922	2.354725
3189	2922	2.354725
3190	2922	2.354725
3191	2922	2.354725
3192	2923	2.355531
3193	2920	2.353114
3194	2923	2.355531
3195	2923	2.355531
3196	2936	2.366007
3197	2923	2.355531
3198	2920	2.353114
3199	2923	2.355531
3200	2923	2.355531
3201	2923	2.355531
3202	2920	2.353114
3203	2923	2.355531
3204	2922	2.354725
3205	2922	2.354725
3206	2923	2.355531
3207	2927	2.358755
3208	2923	2.355531
3209	2922	2.354725
3210	2923	2.355531
3211	2923	2.355531
3212	2939	2.368425
3213	2923	2.355531
3214	2914	2.348278
3215	2936	2.366007
3216	2923	2.355531
3217	2923	2.355531
3218	2927	2.358755
3219	2922	2.354725
3220	2927	2.358755
3221	2915	2.349084
3222	2923	2.355531
3223	2915	2.349084
3224	2923	2.355531
3225	2923	2.355531
3226	2920	2.353114
3227	2936	2.366007
3228	2922	2.354725
3229	2923	2.355531
3230	2923	2.355531
3231	2922	2.354725
3232	2923	2.355531
3233	2931	2.361978
3234	2923	2.355531
3235	2939	2.368425
3236	2923	2.355531
3237	2920	2.353114
3238	2922	2.354725
3239	2923	2.355531
3240	2922	2.354725
3241	2923	2.355531
3242	2923	2.355531
3243	2936	2.366007
3244	2923	2.355531
3245	2927	2.358755
3246	2936	2.366007
3247	2923	2.355531
3248	2923	2.355531
3249	2927	2.358755
3250	2936	2.366007
3251	2923	2.355531
3252	2923	2.355531
3253	2923	2.355531
3254	2938	2.367619
3255	2923	2.355531
3256	2936	2.366007
3257	2927	2.358755
3258	2936	2.366007
3259	2927	2.358755
3260	2923	2.355531
3261	2927	2.358755
3262	2923	2.355531
3263	2936	2.366007
3264	2915	2.349084
3265	2920	2.353114
3266	2923	2.355531
3267	2938	2.367619
3268	2923	2.355531
3269	2927	2.358755
3270	2939	2.368425
3271	2938	2.367619
3272	2923	2.355531
3273	2923	2.355531
3274	2927	2.358755
3275	2923	2.355531
3276	2923	2.355531
3277	2927	2.358755
3278	2927	2.358755
3279	2923	2.355531
3280	2939	2.368425
3281	2920	2.353114
3282	2923	2.355531
3283	2939	2.368425
3284	2931	2.361978
3285	2938	2.367619
3286	2927	2.358755
3287	2922	2.354725
3288	2927	2.358755
3289	2923	2.355531
3290	2927	2.358755
3291	2927	2.358755
3292	2936	2.366007
3293	2927	2.358755
3294	2938	2.367619
3295	2938	2.367619
3296	2922	2.354725
3297	2923	2.355531
3298	2927	2.358755
3299	2936	2.366007
3300	2938	2.367619
3301	2923	2.355531
3302	2923	2.355531
3303	2927	2.358755
3304	2927	2.358755
3305	2927	2.358755
3306	2927	2.358755
3307	2938	2.367619
3308	2938	2.367619
3309	2927	2.358755
3310	2927	2.358755
3311	2923	2.355531
3312	2927	2.358755
3313	2920	2.353114
3314	2936	2.366007
3315	2936	2.366007
3316	2939	2.368425
3317	2922	2.354725
3318	2938	2.367619
3319	2947	2.374872
3320	2927	2.358755
3321	2939	2.368425
3322	2927	2.358755
3323	2923	2.355531
3324	2936	2.366007
3325	2936	2.366007
3326	2938	2.367619
3327	2936	2.366007
3328	2939	2.368425
3329	2923	2.355531
3330	2927	2.358755
3331	2927	2.358755
3332	2923	2.355531
3333	2938	2.367619
3334	2923	2.355531
3335	2923	2.355531
3336	2939	2.368425
3337	2939	2.368425
3338	2922	2.354725
3339	2922	2.354725
3340	2922	2.354725
3341	2927	2.358755
3342	2939	2.368425
3343	2927	2.358755
3344	2939	2.368425
3345	2938	2.367619
3346	2923	2.355531
3347	2923	2.355531
3348	2938	2.367619
3349	2939	2.368425
3350	2927	2.358755
3351	2939	2.368425
3352	2927	2.358755
3353	2927	2.358755
3354	2931	2.361978
3355	2943	2.371648
3356	2923	2.355531
3357	2923	2.355531
3358	2923	2.355531
3359	2922	2.354725
3360	2939	2.368425
3361	2927	2.358755
3362	2931	2.361978
3363	2923	2.355531
3364	2938	2.367619
3365	2927	2.358755
3366	2939	2.368425
3367	2923	2.355531
3368	2936	2.366007
3369	2938	2.367619
3370	2927	2.358755
3371	2952	2.378901
3372	2938	2.367619
3373	2936	2.366007
3374	2923	2.355531
3375	2938	2.367619
3376	2923	2.355531
3377	2938	2.367619
3378	2927	2.358755
3379	2936	2.366007
3380	2931	2.361978
3381	2923	2.355531
3382	2939	2.368425
3383	2923	2.355531
3384	2943	2.371648
3385	2927	2.358755
3386	2939	2.368425
3387	2939	2.368425
3388	2938	2.367619
3389	2938	2.367619
3390	2927	2.358755
3391	2936	2.366007
3392	2936	2.366007
3393	2939	2.368425
3394	2923	2.355531
3395	2936	2.366007
3396	2939	2.368425
3397	2923	2.355531
3398	2923	2.355531
3399	2923	2.355531
3400	2936	2.366007
3401	2938	2.367619
3402	2938	2.367619
3403	2936	2.366007
3404	2939	2.368425
3405	2939	2.368425
3406	2923	2.355531
3407	2923	2.355531
3408	2923	2.355531
3409	2927	2.358755
3410	2936	2.366007
3411	2923	2.355531
3412	2923	2.355531
3413	2927	2.358755
3414	2915	2.349084
3415	2936	2.366007
3416	2923	2.355531
3417	2943	2.371648
3418	2938	2.367619
3419	2936	2.366007
3420	2923	2.355531
3421	2936	2.366007
3422	2938	2.367619
3423	2927	2.358755
3424	2938	2.367619
3425	2927	2.358755
3426	2923	2.355531
3427	2939	2.368425
3428	2920	2.353114
3429	2923	2.355531
3430	2923	2.355531
3431	2927	2.358755
3432	2927	2.358755
3433	2923	2.355531
3434	2938	2.367619
3435	2923	2.355531
3436	2922	2.354725
3437	2923	2.355531
3438	2936	2.366007
3439	2939	2.368425
3440	2936	2.366007
3441	2920	2.353114
3442	2920	2.353114
3443	2936	2.366007
3444	2939	2.368425
3445	2920	2.353114
3446	2923	2.355531
3447	2927	2.358755
3448	2927	2.358755
3449	2927	2.358755
3450	2923	2.355531
3451	2920	2.353114
3452	2923	2.355531
3453	2923	2.355531
3454	2923	2.355531
3455	2923	2.355531
3456	2923	2.355531
3457	2927	2.358755
3458	2923	2.355531
3459	2936	2.366007
3460	2923	2.355531
3461	2923	2.355531
3462	2936	2.366007
3463	2931	2.361978
3464	2923	2.355531
3465	2927	2.358755
3466	2939	2.368425
3467	2936	2.366007
3468	2927	2.358755
3469	2915	2.349084
3470	2923	2.355531
3471	2923	2.355531
3472	2927	2.358755
3473	2923	2.355531
3474	2938	2.367619
3475	2938	2.367619
3476	2923	2.355531
3477	2920	2.353114
3478	2927	2.358755
3479	2923	2.355531
3480	2936	2.366007
3481	2922	2.354725
3482	2927	2.358755
3483	2938	2.367619
3484	2923	2.355531
3485	2923	2.355531
3486	2922	2.354725
3487	2922	2.354725
3488	2927	2.358755
3489	2923	2.355531
3490	2923	2.355531
3491	2927	2.358755
3492	2923	2.355531
3493	2922	2.354725
3494	2923	2.355531
3495	2927	2.358755
3496	2923	2.355531
3497	2927	2.358755
3498	2923	2.355531
3499	2923	2.355531
3500	2922	2.354725
3501	2923	2.355531
3502	2922	2.354725
3503	2923	2.355531
3504	2915	2.349084
3505	2920	2.353114
3506	2920	2.353114
3507	2915	2.349084
3508	2927	2.358755
3509	2922	2.354725
3510	2923	2.355531
3511	2923	2.355531
3512	2914	2.348278
3513	2923	2.355531
3514	2912	2.346667
3515	2923	2.355531
3516	2914	2.348278
3517	2920	2.353114
3518	2915	2.349084
3519	2922	2.354725
3520	2923	2.355531
3521	2920	2.353114
3522	2920	2.353114
3523	2920	2.353114
3524	2923	2.355531
3525	2912	2.346667
3526	2923	2.355531
3527	2914	2.348278
3528	2912	2.346667
3529	2923	2.355531
3530	2912	2.346667
3531	2920	2.353114
3532	2923	2.355531
3533	2912	2.346667
3534	2914	2.348278
3535	2915	2.349084
3536	2912	2.346667
3537	2915	2.349084
3538	2920	2.353114
3539	2915	2.349084
3540	2912	2.346667
3541	2912	2.346667
3542	2914	2.348278
3543	2914	2.348278
3544	2912	2.346667
3545	2912	2.346667
3546	2895	2.332967
3547	2915	2.349084
3548	2912	2.346667
3549	2895	2.332967
3550	2904	2.340220
3551	2920	2.353114
3552	2914	2.348278
3553	2912	2.346667
3554	2912	2.346667
3555	2912	2.346667
3556	2912	2.346667
3557	2912	2.346667
3558	2914	2.348278
3559	2912	2.346667
3560	2915	2.349084
3561	2914	2.348278
3562	2912	2.346667
3563	2912	2.346667
3564	2891	2.329744
3565	2891	2.329744
3566	2904	2.340220
3567	2891	2.329744
3568	2915	2.349084
3569	2912	2.346667
3570	2912	2.346667
3571	2895	2.332967
3572	2912	2.346667
3573	2912	2.346667
3574	2904	2.340220
3575	2891	2.329744
3576	2904	2.340220
3577	2914	2.348278
3578	2912	2.346667
3579	2912	2.346667
3580	2891	2.329744
3581	2904	2.340220
3582	2912	2.346667
3583	2890	2.328938
3584	2895	2.332967
3585	2895	2.332967
3586	2895	2.332967
3587	2890	2.328938
3588	2891	2.329744
3589	2891	2.329744
3590	2891	2.329744
3591	2883	2.323297
3592	2891	2.329744
3593	2888	2.327326
3594	2883	2.323297
3595	2891	2.329744
3596	2883	2.323297
3597	2891	2.329744
3598	2890	2.328938
3599	2891	2.329744
3600	2895	2.332967
3601	2891	2.329744
3602	2875	2.316850
3603	2882	2.322491
3604	2882	2.322491
3605	2891	2.329744
3606	2882	2.322491
3607	2883	2.323297
3608	2891	2.329744
3609	2891	2.329744
3610	2883	2.323297
3611	2883	2.323297
3612	2891	2.329744
3613	2883	2.323297
3614	2880	2.320879
3615	2890	2.328938
3616	2890	2.328938
3617	2895	2.332967
3618	2882	2.322491
3619	2891	2.329744
3620	2883	2.323297
3621	2888	2.327326
3622	2883	2.323297
3623	2888	2.327326
3624	2875	2.316850
3625	2888	2.327326
3626	2880	2.320879
3627	2883	2.323297
3628	2882	2.322491
3629	2875	2.316850
3630	2888	2.327326
3631	2882	2.322491
3632	2875	2.316850
3633	2882	2.322491
3634	2875	2.316850
3635	2874	2.316044
3636	2875	2.316850
3637	2874	2.316044
3638	2880	2.320879
3639	2875	2.316850
3640	2880	2.320879
3641	2882	2.322491
3642	2880	2.320879
3643	2875	2.316850
3644	2863	2.307179
3645	2875	2.316850
3646	2867	2.310403
3647	2875	2.316850
