Pixel	ADC	VoltageV
1	3933	3.169451
2	3933	3.169451
3	3933	3.169451
4	3929	3.166227
5	3925	3.163004
6	3925	3.163004
7	3929	3.166227
8	3925	3.163004
9	3921	3.159780
10	3929	3.166227
11	3925	3.163004
12	3925	3.163004
13	3925	3.163004
14	3925	3.163004
15	3929	3.166227
16	3921	3.159780
17	3177	2.560220
18	2569	2.070256
19	2609	2.102491
20	2613	2.105714
21	2613	2.105714
22	2609	2.102491
23	2608	2.101685
24	2609	2.102491
25	2613	2.105714
26	2605	2.099267
27	2608	2.101685
28	2617	2.108938
29	2609	2.102491
30	2617	2.108938
31	2613	2.105714
32	2617	2.108938
33	2621	2.112161
34	2601	2.096044
35	2621	2.112161
36	2617	2.108938
37	2624	2.114579
38	2608	2.101685
39	2625	2.115385
40	2624	2.114579
41	2616	2.108132
42	2617	2.108938
43	2608	2.101685
44	2608	2.101685
45	2617	2.108938
46	2609	2.102491
47	2621	2.112161
48	2609	2.102491
49	2601	2.096044
50	2617	2.108938
51	2621	2.112161
52	2613	2.105714
53	2625	2.115385
54	2621	2.112161
55	2625	2.115385
56	2621	2.112161
57	2637	2.125055
58	2629	2.118608
59	2625	2.115385
60	2625	2.115385
61	2621	2.112161
62	2617	2.108938
63	2625	2.115385
64	2629	2.118608
65	2617	2.108938
66	2625	2.115385
67	2625	2.115385
68	2625	2.115385
69	2621	2.112161
70	2625	2.115385
71	2613	2.105714
72	2625	2.115385
73	2613	2.105714
74	2625	2.115385
75	2633	2.121832
76	2625	2.115385
77	2613	2.105714
78	2621	2.112161
79	2621	2.112161
80	2617	2.108938
81	2621	2.112161
82	2625	2.115385
83	2608	2.101685
84	2613	2.105714
85	2617	2.108938
86	2616	2.108132
87	2617	2.108938
88	2609	2.102491
89	2609	2.102491
90	2621	2.112161
91	2616	2.108132
92	2605	2.099267
93	2609	2.102491
94	2613	2.105714
95	2613	2.105714
96	2601	2.096044
97	2625	2.115385
98	2605	2.099267
99	2613	2.105714
100	2621	2.112161
101	2617	2.108938
102	2632	2.121026
103	2625	2.115385
104	2617	2.108938
105	2625	2.115385
106	2617	2.108938
107	2613	2.105714
108	2633	2.121832
109	2613	2.105714
110	2629	2.118608
111	2629	2.118608
112	2625	2.115385
113	2617	2.108938
114	2617	2.108938
115	2625	2.115385
116	2617	2.108938
117	2624	2.114579
118	2617	2.108938
119	2625	2.115385
120	2613	2.105714
121	2621	2.112161
122	2621	2.112161
123	2617	2.108938
124	2617	2.108938
125	2637	2.125055
126	2613	2.105714
127	2613	2.105714
128	2625	2.115385
129	2617	2.108938
130	2617	2.108938
131	2621	2.112161
132	2629	2.118608
133	2617	2.108938
134	2609	2.102491
135	2617	2.108938
136	2613	2.105714
137	2609	2.102491
138	2625	2.115385
139	2613	2.105714
140	2617	2.108938
141	2613	2.105714
142	2633	2.121832
143	2613	2.105714
144	2625	2.115385
145	2613	2.105714
146	2605	2.099267
147	2621	2.112161
148	2609	2.102491
149	2621	2.112161
150	2621	2.112161
151	2633	2.121832
152	2629	2.118608
153	2617	2.108938
154	2633	2.121832
155	2621	2.112161
156	2629	2.118608
157	2629	2.118608
158	2617	2.108938
159	2616	2.108132
160	2625	2.115385
161	2625	2.115385
162	2621	2.112161
163	2637	2.125055
164	2629	2.118608
165	2629	2.118608
166	2625	2.115385
167	2613	2.105714
168	2625	2.115385
169	2625	2.115385
170	2609	2.102491
171	2624	2.114579
172	2633	2.121832
173	2617	2.108938
174	2617	2.108938
175	2613	2.105714
176	2621	2.112161
177	2625	2.115385
178	2625	2.115385
179	2637	2.125055
180	2629	2.118608
181	2617	2.108938
182	2617	2.108938
183	2625	2.115385
184	2632	2.121026
185	2617	2.108938
186	2629	2.118608
187	2632	2.121026
188	2640	2.127473
189	2629	2.118608
190	2633	2.121832
191	2641	2.128278
192	2641	2.128278
193	2625	2.115385
194	2616	2.108132
195	2637	2.125055
196	2617	2.108938
197	2625	2.115385
198	2625	2.115385
199	2625	2.115385
200	2625	2.115385
201	2621	2.112161
202	2625	2.115385
203	2621	2.112161
204	2625	2.115385
205	2625	2.115385
206	2613	2.105714
207	2617	2.108938
208	2613	2.105714
209	2617	2.108938
210	2621	2.112161
211	2625	2.115385
212	2625	2.115385
213	2633	2.121832
214	2613	2.105714
215	2617	2.108938
216	2625	2.115385
217	2633	2.121832
218	2617	2.108938
219	2609	2.102491
220	2625	2.115385
221	2617	2.108938
222	2633	2.121832
223	2633	2.121832
224	2625	2.115385
225	2633	2.121832
226	2617	2.108938
227	2609	2.102491
228	2629	2.118608
229	2625	2.115385
230	2617	2.108938
231	2617	2.108938
232	2613	2.105714
233	2637	2.125055
234	2625	2.115385
235	2621	2.112161
236	2609	2.102491
237	2625	2.115385
238	2625	2.115385
239	2629	2.118608
240	2616	2.108132
241	2625	2.115385
242	2617	2.108938
243	2609	2.102491
244	2613	2.105714
245	2621	2.112161
246	2625	2.115385
247	2624	2.114579
248	2625	2.115385
249	2629	2.118608
250	2625	2.115385
251	2621	2.112161
252	2621	2.112161
253	2633	2.121832
254	2633	2.121832
255	2621	2.112161
256	2625	2.115385
257	2625	2.115385
258	2633	2.121832
259	2624	2.114579
260	2633	2.121832
261	2640	2.127473
262	2625	2.115385
263	2625	2.115385
264	2625	2.115385
265	2617	2.108938
266	2624	2.114579
267	2617	2.108938
268	2625	2.115385
269	2625	2.115385
270	2629	2.118608
271	2621	2.112161
272	2625	2.115385
273	2629	2.118608
274	2625	2.115385
275	2621	2.112161
276	2633	2.121832
277	2621	2.112161
278	2629	2.118608
279	2617	2.108938
280	2633	2.121832
281	2617	2.108938
282	2640	2.127473
283	2617	2.108938
284	2617	2.108938
285	2621	2.112161
286	2617	2.108938
287	2625	2.115385
288	2625	2.115385
289	2621	2.112161
290	2641	2.128278
291	2617	2.108938
292	2625	2.115385
293	2629	2.118608
294	2629	2.118608
295	2629	2.118608
296	2621	2.112161
297	2625	2.115385
298	2625	2.115385
299	2629	2.118608
300	2633	2.121832
301	2629	2.118608
302	2633	2.121832
303	2621	2.112161
304	2633	2.121832
305	2633	2.121832
306	2640	2.127473
307	2633	2.121832
308	2633	2.121832
309	2625	2.115385
310	2629	2.118608
311	2625	2.115385
312	2645	2.131502
313	2629	2.118608
314	2640	2.127473
315	2633	2.121832
316	2640	2.127473
317	2625	2.115385
318	2640	2.127473
319	2637	2.125055
320	2641	2.128278
321	2625	2.115385
322	2640	2.127473
323	2625	2.115385
324	2637	2.125055
325	2629	2.118608
326	2637	2.125055
327	2617	2.108938
328	2629	2.118608
329	2641	2.128278
330	2640	2.127473
331	2633	2.121832
332	2640	2.127473
333	2633	2.121832
334	2633	2.121832
335	2637	2.125055
336	2629	2.118608
337	2633	2.121832
338	2637	2.125055
339	2621	2.112161
340	2633	2.121832
341	2633	2.121832
342	2649	2.134725
343	2633	2.121832
344	2645	2.131502
345	2633	2.121832
346	2640	2.127473
347	2629	2.118608
348	2641	2.128278
349	2629	2.118608
350	2649	2.134725
351	2621	2.112161
352	2633	2.121832
353	2637	2.125055
354	2633	2.121832
355	2633	2.121832
356	2641	2.128278
357	2641	2.128278
358	2641	2.128278
359	2633	2.121832
360	2633	2.121832
361	2645	2.131502
362	2637	2.125055
363	2633	2.121832
364	2629	2.118608
365	2645	2.131502
366	2641	2.128278
367	2629	2.118608
368	2641	2.128278
369	2637	2.125055
370	2625	2.115385
371	2633	2.121832
372	2640	2.127473
373	2645	2.131502
374	2640	2.127473
375	2648	2.133919
376	2633	2.121832
377	2641	2.128278
378	2641	2.128278
379	2637	2.125055
380	2629	2.118608
381	2633	2.121832
382	2641	2.128278
383	2633	2.121832
384	2640	2.127473
385	2621	2.112161
386	2621	2.112161
387	2625	2.115385
388	2640	2.127473
389	2640	2.127473
390	2633	2.121832
391	2633	2.121832
392	2633	2.121832
393	2641	2.128278
394	2632	2.121026
395	2641	2.128278
396	2641	2.128278
397	2645	2.131502
398	2641	2.128278
399	2621	2.112161
400	2641	2.128278
401	2640	2.127473
402	2640	2.127473
403	2633	2.121832
404	2640	2.127473
405	2632	2.121026
406	2633	2.121832
407	2649	2.134725
408	2637	2.125055
409	2637	2.125055
410	2633	2.121832
411	2629	2.118608
412	2641	2.128278
413	2629	2.118608
414	2625	2.115385
415	2633	2.121832
416	2633	2.121832
417	2641	2.128278
418	2641	2.128278
419	2637	2.125055
420	2649	2.134725
421	2637	2.125055
422	2641	2.128278
423	2633	2.121832
424	2640	2.127473
425	2653	2.137949
426	2633	2.121832
427	2625	2.115385
428	2640	2.127473
429	2641	2.128278
430	2641	2.128278
431	2649	2.134725
432	2633	2.121832
433	2640	2.127473
434	2640	2.127473
435	2640	2.127473
436	2637	2.125055
437	2633	2.121832
438	2629	2.118608
439	2640	2.127473
440	2637	2.125055
441	2641	2.128278
442	2637	2.125055
443	2637	2.125055
444	2641	2.128278
445	2633	2.121832
446	2641	2.128278
447	2641	2.128278
448	2637	2.125055
449	2649	2.134725
450	2633	2.121832
451	2649	2.134725
452	2649	2.134725
453	2629	2.118608
454	2649	2.134725
455	2641	2.128278
456	2641	2.128278
457	2653	2.137949
458	2653	2.137949
459	2641	2.128278
460	2649	2.134725
461	2625	2.115385
462	2645	2.131502
463	2629	2.118608
464	2641	2.128278
465	2640	2.127473
466	2641	2.128278
467	2649	2.134725
468	2641	2.128278
469	2653	2.137949
470	2648	2.133919
471	2649	2.134725
472	2640	2.127473
473	2653	2.137949
474	2641	2.128278
475	2653	2.137949
476	2640	2.127473
477	2661	2.144396
478	2649	2.134725
479	2653	2.137949
480	2649	2.134725
481	2665	2.147619
482	2645	2.131502
483	2653	2.137949
484	2653	2.137949
485	2649	2.134725
486	2649	2.134725
487	2649	2.134725
488	2653	2.137949
489	2653	2.137949
490	2653	2.137949
491	2641	2.128278
492	2641	2.128278
493	2641	2.128278
494	2653	2.137949
495	2641	2.128278
496	2653	2.137949
497	2645	2.131502
498	2649	2.134725
499	2640	2.127473
500	2633	2.121832
501	2641	2.128278
502	2641	2.128278
503	2645	2.131502
504	2649	2.134725
505	2657	2.141172
506	2645	2.131502
507	2649	2.134725
508	2653	2.137949
509	2649	2.134725
510	2645	2.131502
511	2645	2.131502
512	2653	2.137949
513	2645	2.131502
514	2645	2.131502
515	2648	2.133919
516	2641	2.128278
517	2649	2.134725
518	2641	2.128278
519	2633	2.121832
520	2645	2.131502
521	2649	2.134725
522	2640	2.127473
523	2648	2.133919
524	2653	2.137949
525	2641	2.128278
526	2641	2.128278
527	2653	2.137949
528	2649	2.134725
529	2641	2.128278
530	2641	2.128278
531	2649	2.134725
532	2641	2.128278
533	2629	2.118608
534	2641	2.128278
535	2641	2.128278
536	2629	2.118608
537	2653	2.137949
538	2649	2.134725
539	2641	2.128278
540	2649	2.134725
541	2649	2.134725
542	2649	2.134725
543	2649	2.134725
544	2653	2.137949
545	2661	2.144396
546	2653	2.137949
547	2649	2.134725
548	2665	2.147619
549	2669	2.150842
550	2657	2.141172
551	2649	2.134725
552	2673	2.154066
553	2653	2.137949
554	2649	2.134725
555	2653	2.137949
556	2653	2.137949
557	2637	2.125055
558	2653	2.137949
559	2645	2.131502
560	2661	2.144396
561	2653	2.137949
562	2653	2.137949
563	2645	2.131502
564	2657	2.141172
565	2661	2.144396
566	2653	2.137949
567	2645	2.131502
568	2657	2.141172
569	2652	2.137143
570	2653	2.137949
571	2664	2.146813
572	2645	2.131502
573	2661	2.144396
574	2649	2.134725
575	2649	2.134725
576	2645	2.131502
577	2665	2.147619
578	2665	2.147619
579	2649	2.134725
580	2653	2.137949
581	2653	2.137949
582	2653	2.137949
583	2653	2.137949
584	2653	2.137949
585	2645	2.131502
586	2641	2.128278
587	2657	2.141172
588	2665	2.147619
589	2640	2.127473
590	2641	2.128278
591	2649	2.134725
592	2645	2.131502
593	2657	2.141172
594	2653	2.137949
595	2665	2.147619
596	2653	2.137949
597	2649	2.134725
598	2653	2.137949
599	2653	2.137949
600	2641	2.128278
601	2649	2.134725
602	2641	2.128278
603	2657	2.141172
604	2653	2.137949
605	2661	2.144396
606	2653	2.137949
607	2640	2.127473
608	2665	2.147619
609	2653	2.137949
610	2657	2.141172
611	2653	2.137949
612	2645	2.131502
613	2653	2.137949
614	2645	2.131502
615	2649	2.134725
616	2653	2.137949
617	2653	2.137949
618	2661	2.144396
619	2653	2.137949
620	2653	2.137949
621	2648	2.133919
622	2665	2.147619
623	2649	2.134725
624	2645	2.131502
625	2653	2.137949
626	2653	2.137949
627	2661	2.144396
628	2641	2.128278
629	2657	2.141172
630	2661	2.144396
631	2657	2.141172
632	2649	2.134725
633	2665	2.147619
634	2648	2.133919
635	2653	2.137949
636	2657	2.141172
637	2665	2.147619
638	2657	2.141172
639	2661	2.144396
640	2657	2.141172
641	2661	2.144396
642	2661	2.144396
643	2653	2.137949
644	2653	2.137949
645	2653	2.137949
646	2669	2.150842
647	2661	2.144396
648	2657	2.141172
649	2641	2.128278
650	2641	2.128278
651	2669	2.150842
652	2653	2.137949
653	2661	2.144396
654	2649	2.134725
655	2653	2.137949
656	2640	2.127473
657	2641	2.128278
658	2653	2.137949
659	2648	2.133919
660	2653	2.137949
661	2669	2.150842
662	2649	2.134725
663	2664	2.146813
664	2657	2.141172
665	2653	2.137949
666	2661	2.144396
667	2673	2.154066
668	2653	2.137949
669	2665	2.147619
670	2657	2.141172
671	2657	2.141172
672	2653	2.137949
673	2673	2.154066
674	2665	2.147619
675	2653	2.137949
676	2653	2.137949
677	2665	2.147619
678	2661	2.144396
679	2665	2.147619
680	2672	2.153260
681	2649	2.134725
682	2673	2.154066
683	2653	2.137949
684	2653	2.137949
685	2657	2.141172
686	2665	2.147619
687	2665	2.147619
688	2673	2.154066
689	2661	2.144396
690	2665	2.147619
691	2649	2.134725
692	2665	2.147619
693	2661	2.144396
694	2653	2.137949
695	2669	2.150842
696	2669	2.150842
697	2665	2.147619
698	2673	2.154066
699	2661	2.144396
700	2661	2.144396
701	2661	2.144396
702	2673	2.154066
703	2665	2.147619
704	2672	2.153260
705	2661	2.144396
706	2677	2.157289
707	2673	2.154066
708	2677	2.157289
709	2665	2.147619
710	2665	2.147619
711	2665	2.147619
712	2653	2.137949
713	2669	2.150842
714	2661	2.144396
715	2669	2.150842
716	2648	2.133919
717	2657	2.141172
718	2672	2.153260
719	2653	2.137949
720	2665	2.147619
721	2661	2.144396
722	2661	2.144396
723	2657	2.141172
724	2665	2.147619
725	2677	2.157289
726	2653	2.137949
727	2669	2.150842
728	2665	2.147619
729	2673	2.154066
730	2681	2.160513
731	2673	2.154066
732	2669	2.150842
733	2673	2.154066
734	2685	2.163736
735	2677	2.157289
736	2673	2.154066
737	2665	2.147619
738	2673	2.154066
739	2672	2.153260
740	2673	2.154066
741	2672	2.153260
742	2653	2.137949
743	2681	2.160513
744	2669	2.150842
745	2677	2.157289
746	2665	2.147619
747	2669	2.150842
748	2665	2.147619
749	2681	2.160513
750	2657	2.141172
751	2669	2.150842
752	2673	2.154066
753	2673	2.154066
754	2673	2.154066
755	2665	2.147619
756	2661	2.144396
757	2669	2.150842
758	2669	2.150842
759	2665	2.147619
760	2681	2.160513
761	2681	2.160513
762	2677	2.157289
763	2685	2.163736
764	2677	2.157289
765	2673	2.154066
766	2681	2.160513
767	2672	2.153260
768	2685	2.163736
769	2681	2.160513
770	2677	2.157289
771	2673	2.154066
772	2685	2.163736
773	2673	2.154066
774	2685	2.163736
775	2681	2.160513
776	2669	2.150842
777	2677	2.157289
778	2681	2.160513
779	2669	2.150842
780	2673	2.154066
781	2673	2.154066
782	2677	2.157289
783	2677	2.157289
784	2685	2.163736
785	2677	2.157289
786	2685	2.163736
787	2685	2.163736
788	2685	2.163736
789	2672	2.153260
790	2673	2.154066
791	2681	2.160513
792	2685	2.163736
793	2673	2.154066
794	2681	2.160513
795	2681	2.160513
796	2681	2.160513
797	2677	2.157289
798	2685	2.163736
799	2677	2.157289
800	2673	2.154066
801	2687	2.165348
802	2685	2.163736
803	2687	2.165348
804	2687	2.165348
805	2685	2.163736
806	2673	2.154066
807	2687	2.165348
808	2681	2.160513
809	2681	2.160513
810	2687	2.165348
811	2687	2.165348
812	2681	2.160513
813	2687	2.165348
814	2685	2.163736
815	2685	2.163736
816	2704	2.179048
817	2685	2.163736
818	2697	2.173407
819	2680	2.159707
820	2685	2.163736
821	2681	2.160513
822	2685	2.163736
823	2687	2.165348
824	2687	2.165348
825	2685	2.163736
826	2697	2.173407
827	2687	2.165348
828	2693	2.170183
829	2685	2.163736
830	2685	2.163736
831	2685	2.163736
832	2685	2.163736
833	2681	2.160513
834	2685	2.163736
835	2693	2.170183
836	2697	2.173407
837	2685	2.163736
838	2701	2.176630
839	2685	2.163736
840	2677	2.157289
841	2697	2.173407
842	2697	2.173407
843	2685	2.163736
844	2685	2.163736
845	2701	2.176630
846	2697	2.173407
847	2705	2.179853
848	2709	2.183077
849	2697	2.173407
850	2685	2.163736
851	2705	2.179853
852	2705	2.179853
853	2687	2.165348
854	2687	2.165348
855	2705	2.179853
856	2685	2.163736
857	2685	2.163736
858	2685	2.163736
859	2685	2.163736
860	2687	2.165348
861	2685	2.163736
862	2709	2.183077
863	2713	2.186300
864	2687	2.165348
865	2717	2.189524
866	2712	2.185495
867	2709	2.183077
868	2713	2.186300
869	2717	2.189524
870	2717	2.189524
871	2721	2.192747
872	2736	2.204835
873	2713	2.186300
874	2728	2.198388
875	2729	2.199194
876	2717	2.189524
877	2709	2.183077
878	2705	2.179853
879	2713	2.186300
880	2717	2.189524
881	2709	2.183077
882	2713	2.186300
883	2713	2.186300
884	2705	2.179853
885	2704	2.179048
886	2705	2.179853
887	2705	2.179853
888	2713	2.186300
889	2705	2.179853
890	2713	2.186300
891	2701	2.176630
892	2713	2.186300
893	2713	2.186300
894	2697	2.173407
895	2704	2.179048
896	2697	2.173407
897	2705	2.179853
898	2697	2.173407
899	2697	2.173407
900	2701	2.176630
901	2705	2.179853
902	2704	2.179048
903	2709	2.183077
904	2705	2.179853
905	2705	2.179853
906	2696	2.172601
907	2697	2.173407
908	2713	2.186300
909	2709	2.183077
910	2705	2.179853
911	2713	2.186300
912	2709	2.183077
913	2704	2.179048
914	2717	2.189524
915	2717	2.189524
916	2713	2.186300
917	2713	2.186300
918	2717	2.189524
919	2717	2.189524
920	2701	2.176630
921	2701	2.176630
922	2709	2.183077
923	2717	2.189524
924	2717	2.189524
925	2717	2.189524
926	2704	2.179048
927	2709	2.183077
928	2712	2.185495
929	2725	2.195971
930	2709	2.183077
931	2697	2.173407
932	2705	2.179853
933	2713	2.186300
934	2713	2.186300
935	2705	2.179853
936	2704	2.179048
937	2717	2.189524
938	2717	2.189524
939	2713	2.186300
940	2709	2.183077
941	2709	2.183077
942	2713	2.186300
943	2721	2.192747
944	2713	2.186300
945	2717	2.189524
946	2705	2.179853
947	2705	2.179853
948	2713	2.186300
949	2713	2.186300
950	2717	2.189524
951	2713	2.186300
952	2713	2.186300
953	2725	2.195971
954	2713	2.186300
955	2717	2.189524
956	2705	2.179853
957	2713	2.186300
958	2717	2.189524
959	2713	2.186300
960	2709	2.183077
961	2705	2.179853
962	2713	2.186300
963	2717	2.189524
964	2709	2.183077
965	2705	2.179853
966	2709	2.183077
967	2704	2.179048
968	2717	2.189524
969	2729	2.199194
970	2717	2.189524
971	2721	2.192747
972	2717	2.189524
973	2737	2.205641
974	2729	2.199194
975	2717	2.189524
976	2713	2.186300
977	2713	2.186300
978	2728	2.198388
979	2717	2.189524
980	2717	2.189524
981	2729	2.199194
982	2713	2.186300
983	2717	2.189524
984	2713	2.186300
985	2717	2.189524
986	2717	2.189524
987	2717	2.189524
988	2713	2.186300
989	2721	2.192747
990	2725	2.195971
991	2713	2.186300
992	2717	2.189524
993	2717	2.189524
994	2729	2.199194
995	2737	2.205641
996	2729	2.199194
997	2729	2.199194
998	2729	2.199194
999	2736	2.204835
1000	2737	2.205641
1001	2737	2.205641
1002	2729	2.199194
1003	2729	2.199194
1004	2729	2.199194
1005	2717	2.189524
1006	2741	2.208864
1007	2725	2.195971
1008	2733	2.202418
1009	2729	2.199194
1010	2721	2.192747
1011	2737	2.205641
1012	2737	2.205641
1013	2733	2.202418
1014	2737	2.205641
1015	2741	2.208864
1016	2737	2.205641
1017	2729	2.199194
1018	2729	2.199194
1019	2737	2.205641
1020	2729	2.199194
1021	2741	2.208864
1022	2737	2.205641
1023	2737	2.205641
1024	2737	2.205641
1025	2736	2.204835
1026	2745	2.212088
1027	2729	2.199194
1028	2737	2.205641
1029	2717	2.189524
1030	2729	2.199194
1031	2725	2.195971
1032	2736	2.204835
1033	2721	2.192747
1034	2737	2.205641
1035	2737	2.205641
1036	2745	2.212088
1037	2736	2.204835
1038	2725	2.195971
1039	2729	2.199194
1040	2717	2.189524
1041	2721	2.192747
1042	2725	2.195971
1043	2733	2.202418
1044	2733	2.202418
1045	2745	2.212088
1046	2745	2.212088
1047	2729	2.199194
1048	2736	2.204835
1049	2729	2.199194
1050	2741	2.208864
1051	2737	2.205641
1052	2736	2.204835
1053	2736	2.204835
1054	2745	2.212088
1055	2729	2.199194
1056	2745	2.212088
1057	2745	2.212088
1058	2737	2.205641
1059	2737	2.205641
1060	2741	2.208864
1061	2745	2.212088
1062	2752	2.217729
1063	2741	2.208864
1064	2737	2.205641
1065	2737	2.205641
1066	2752	2.217729
1067	2749	2.215311
1068	2745	2.212088
1069	2737	2.205641
1070	2744	2.211282
1071	2745	2.212088
1072	2745	2.212088
1073	2741	2.208864
1074	2741	2.208864
1075	2745	2.212088
1076	2725	2.195971
1077	2744	2.211282
1078	2733	2.202418
1079	2741	2.208864
1080	2745	2.212088
1081	2745	2.212088
1082	2745	2.212088
1083	2745	2.212088
1084	2765	2.228205
1085	2753	2.218535
1086	2752	2.217729
1087	2757	2.221758
1088	2761	2.224982
1089	2745	2.212088
1090	2749	2.215311
1091	2749	2.215311
1092	2761	2.224982
1093	2745	2.212088
1094	2752	2.217729
1095	2745	2.212088
1096	2745	2.212088
1097	2753	2.218535
1098	2749	2.215311
1099	2753	2.218535
1100	2752	2.217729
1101	2737	2.205641
1102	2752	2.217729
1103	2741	2.208864
1104	2765	2.228205
1105	2753	2.218535
1106	2752	2.217729
1107	2753	2.218535
1108	2757	2.221758
1109	2745	2.212088
1110	2768	2.230623
1111	2753	2.218535
1112	2753	2.218535
1113	2761	2.224982
1114	2765	2.228205
1115	2753	2.218535
1116	2745	2.212088
1117	2761	2.224982
1118	2761	2.224982
1119	2752	2.217729
1120	2753	2.218535
1121	2757	2.221758
1122	2753	2.218535
1123	2757	2.221758
1124	2757	2.221758
1125	2757	2.221758
1126	2745	2.212088
1127	2761	2.224982
1128	2753	2.218535
1129	2753	2.218535
1130	2753	2.218535
1131	2768	2.230623
1132	2753	2.218535
1133	2761	2.224982
1134	2752	2.217729
1135	2757	2.221758
1136	2761	2.224982
1137	2757	2.221758
1138	2757	2.221758
1139	2753	2.218535
1140	2749	2.215311
1141	2752	2.217729
1142	2761	2.224982
1143	2768	2.230623
1144	2761	2.224982
1145	2749	2.215311
1146	2757	2.221758
1147	2761	2.224982
1148	2768	2.230623
1149	2761	2.224982
1150	2761	2.224982
1151	2753	2.218535
1152	2753	2.218535
1153	2768	2.230623
1154	2765	2.228205
1155	2768	2.230623
1156	2769	2.231429
1157	2757	2.221758
1158	2757	2.221758
1159	2761	2.224982
1160	2769	2.231429
1161	2761	2.224982
1162	2761	2.224982
1163	2769	2.231429
1164	2765	2.228205
1165	2768	2.230623
1166	2776	2.237070
1167	2773	2.234652
1168	2776	2.237070
1169	2769	2.231429
1170	2769	2.231429
1171	2761	2.224982
1172	2768	2.230623
1173	2773	2.234652
1174	2773	2.234652
1175	2781	2.241099
1176	2769	2.231429
1177	2769	2.231429
1178	2781	2.241099
1179	2781	2.241099
1180	2777	2.237875
1181	2769	2.231429
1182	2777	2.237875
1183	2769	2.231429
1184	2777	2.237875
1185	2777	2.237875
1186	2769	2.231429
1187	2769	2.231429
1188	2777	2.237875
1189	2776	2.237070
1190	2776	2.237070
1191	2761	2.224982
1192	2773	2.234652
1193	2777	2.237875
1194	2781	2.241099
1195	2773	2.234652
1196	2777	2.237875
1197	2777	2.237875
1198	2777	2.237875
1199	2777	2.237875
1200	2773	2.234652
1201	2777	2.237875
1202	2773	2.234652
1203	2781	2.241099
1204	2769	2.231429
1205	2777	2.237875
1206	2781	2.241099
1207	2773	2.234652
1208	2777	2.237875
1209	2781	2.241099
1210	2781	2.241099
1211	2781	2.241099
1212	2773	2.234652
1213	2769	2.231429
1214	2781	2.241099
1215	2769	2.231429
1216	2769	2.231429
1217	2777	2.237875
1218	2777	2.237875
1219	2781	2.241099
1220	2781	2.241099
1221	2781	2.241099
1222	2777	2.237875
1223	2777	2.237875
1224	2781	2.241099
1225	2781	2.241099
1226	2793	2.250769
1227	2781	2.241099
1228	2777	2.237875
1229	2785	2.244322
1230	2785	2.244322
1231	2773	2.234652
1232	2789	2.247546
1233	2777	2.237875
1234	2793	2.250769
1235	2777	2.237875
1236	2789	2.247546
1237	2793	2.250769
1238	2816	2.269304
1239	2781	2.241099
1240	2793	2.250769
1241	2800	2.256410
1242	2785	2.244322
1243	2793	2.250769
1244	2781	2.241099
1245	2785	2.244322
1246	2781	2.241099
1247	2793	2.250769
1248	2801	2.257216
1249	2785	2.244322
1250	2785	2.244322
1251	2781	2.241099
1252	2793	2.250769
1253	2777	2.237875
1254	2801	2.257216
1255	2792	2.249963
1256	2793	2.250769
1257	2793	2.250769
1258	2801	2.257216
1259	2785	2.244322
1260	2801	2.257216
1261	2805	2.260440
1262	2816	2.269304
1263	2793	2.250769
1264	2816	2.269304
1265	2793	2.250769
1266	2800	2.256410
1267	2793	2.250769
1268	2793	2.250769
1269	2793	2.250769
1270	2801	2.257216
1271	2801	2.257216
1272	2793	2.250769
1273	2816	2.269304
1274	2801	2.257216
1275	2789	2.247546
1276	2793	2.250769
1277	2801	2.257216
1278	2800	2.256410
1279	2793	2.250769
1280	2797	2.253993
1281	2793	2.250769
1282	2801	2.257216
1283	2816	2.269304
1284	2801	2.257216
1285	2801	2.257216
1286	2801	2.257216
1287	2793	2.250769
1288	2816	2.269304
1289	2797	2.253993
1290	2801	2.257216
1291	2816	2.269304
1292	2793	2.250769
1293	2801	2.257216
1294	2793	2.250769
1295	2801	2.257216
1296	2800	2.256410
1297	2816	2.269304
1298	2816	2.269304
1299	2816	2.269304
1300	2800	2.256410
1301	2801	2.257216
1302	2801	2.257216
1303	2816	2.269304
1304	2801	2.257216
1305	2816	2.269304
1306	2801	2.257216
1307	2816	2.269304
1308	2801	2.257216
1309	2801	2.257216
1310	2800	2.256410
1311	2816	2.269304
1312	2816	2.269304
1313	2825	2.276557
1314	2816	2.269304
1315	2816	2.269304
1316	2816	2.269304
1317	2817	2.270110
1318	2816	2.269304
1319	2816	2.269304
1320	2816	2.269304
1321	2825	2.276557
1322	2816	2.269304
1323	2816	2.269304
1324	2816	2.269304
1325	2816	2.269304
1326	2816	2.269304
1327	2797	2.253993
1328	2816	2.269304
1329	2805	2.260440
1330	2816	2.269304
1331	2816	2.269304
1332	2821	2.273333
1333	2816	2.269304
1334	2817	2.270110
1335	2816	2.269304
1336	2817	2.270110
1337	2817	2.270110
1338	2817	2.270110
1339	2821	2.273333
1340	2817	2.270110
1341	2825	2.276557
1342	2817	2.270110
1343	2817	2.270110
1344	2816	2.269304
1345	2824	2.275751
1346	2816	2.269304
1347	2825	2.276557
1348	2816	2.269304
1349	2821	2.273333
1350	2816	2.269304
1351	2816	2.269304
1352	2829	2.279780
1353	2817	2.270110
1354	2821	2.273333
1355	2821	2.273333
1356	2821	2.273333
1357	2816	2.269304
1358	2816	2.269304
1359	2816	2.269304
1360	2816	2.269304
1361	2825	2.276557
1362	2821	2.273333
1363	2817	2.270110
1364	2825	2.276557
1365	2832	2.282198
1366	2817	2.270110
1367	2825	2.276557
1368	2821	2.273333
1369	2817	2.270110
1370	2817	2.270110
1371	2817	2.270110
1372	2825	2.276557
1373	2833	2.283004
1374	2829	2.279780
1375	2825	2.276557
1376	2825	2.276557
1377	2825	2.276557
1378	2832	2.282198
1379	2833	2.283004
1380	2833	2.283004
1381	2821	2.273333
1382	2825	2.276557
1383	2825	2.276557
1384	2817	2.270110
1385	2825	2.276557
1386	2825	2.276557
1387	2817	2.270110
1388	2821	2.273333
1389	2829	2.279780
1390	2825	2.276557
1391	2833	2.283004
1392	2821	2.273333
1393	2825	2.276557
1394	2825	2.276557
1395	2829	2.279780
1396	2817	2.270110
1397	2821	2.273333
1398	2825	2.276557
1399	2825	2.276557
1400	2845	2.292674
1401	2837	2.286227
1402	2821	2.273333
1403	2832	2.282198
1404	2833	2.283004
1405	2825	2.276557
1406	2825	2.276557
1407	2837	2.286227
1408	2841	2.289451
1409	2825	2.276557
1410	2825	2.276557
1411	2833	2.283004
1412	2837	2.286227
1413	2829	2.279780
1414	2841	2.289451
1415	2825	2.276557
1416	2833	2.283004
1417	2833	2.283004
1418	2821	2.273333
1419	2817	2.270110
1420	2833	2.283004
1421	2833	2.283004
1422	2837	2.286227
1423	2832	2.282198
1424	2832	2.282198
1425	2833	2.283004
1426	2837	2.286227
1427	2832	2.282198
1428	2841	2.289451
1429	2841	2.289451
1430	2841	2.289451
1431	2825	2.276557
1432	2821	2.273333
1433	2833	2.283004
1434	2833	2.283004
1435	2833	2.283004
1436	2837	2.286227
1437	2833	2.283004
1438	2825	2.276557
1439	2833	2.283004
1440	2833	2.283004
1441	2821	2.273333
1442	2832	2.282198
1443	2837	2.286227
1444	2833	2.283004
1445	2825	2.276557
1446	2833	2.283004
1447	2824	2.275751
1448	2845	2.292674
1449	2837	2.286227
1450	2837	2.286227
1451	2833	2.283004
1452	2840	2.288645
1453	2825	2.276557
1454	2837	2.286227
1455	2829	2.279780
1456	2837	2.286227
1457	2833	2.283004
1458	2832	2.282198
1459	2841	2.289451
1460	2833	2.283004
1461	2832	2.282198
1462	2833	2.283004
1463	2845	2.292674
1464	2845	2.292674
1465	2833	2.283004
1466	2833	2.283004
1467	2841	2.289451
1468	2832	2.282198
1469	2837	2.286227
1470	2832	2.282198
1471	2837	2.286227
1472	2837	2.286227
1473	2833	2.283004
1474	2841	2.289451
1475	2833	2.283004
1476	2845	2.292674
1477	2825	2.276557
1478	2837	2.286227
1479	2837	2.286227
1480	2825	2.276557
1481	2829	2.279780
1482	2829	2.279780
1483	2833	2.283004
1484	2833	2.283004
1485	2825	2.276557
1486	2825	2.276557
1487	2833	2.283004
1488	2825	2.276557
1489	2832	2.282198
1490	2832	2.282198
1491	2833	2.283004
1492	2832	2.282198
1493	2833	2.283004
1494	2829	2.279780
1495	2825	2.276557
1496	2821	2.273333
1497	2829	2.279780
1498	2841	2.289451
1499	2829	2.279780
1500	2841	2.289451
1501	2837	2.286227
1502	2833	2.283004
1503	2833	2.283004
1504	2837	2.286227
1505	2829	2.279780
1506	2825	2.276557
1507	2833	2.283004
1508	2833	2.283004
1509	2833	2.283004
1510	2821	2.273333
1511	2833	2.283004
1512	2825	2.276557
1513	2837	2.286227
1514	2837	2.286227
1515	2833	2.283004
1516	2825	2.276557
1517	2825	2.276557
1518	2825	2.276557
1519	2829	2.279780
1520	2833	2.283004
1521	2821	2.273333
1522	2833	2.283004
1523	2821	2.273333
1524	2829	2.279780
1525	2832	2.282198
1526	2832	2.282198
1527	2829	2.279780
1528	2825	2.276557
1529	2825	2.276557
1530	2816	2.269304
1531	2825	2.276557
1532	2829	2.279780
1533	2821	2.273333
1534	2821	2.273333
1535	2817	2.270110
1536	2825	2.276557
1537	2833	2.283004
1538	2821	2.273333
1539	2817	2.270110
1540	2837	2.286227
1541	2817	2.270110
1542	2825	2.276557
1543	2821	2.273333
1544	2829	2.279780
1545	2821	2.273333
1546	2817	2.270110
1547	2816	2.269304
1548	2821	2.273333
1549	2817	2.270110
1550	2821	2.273333
1551	2829	2.279780
1552	2816	2.269304
1553	2816	2.269304
1554	2825	2.276557
1555	2816	2.269304
1556	2816	2.269304
1557	2816	2.269304
1558	2816	2.269304
1559	2816	2.269304
1560	2816	2.269304
1561	2816	2.269304
1562	2816	2.269304
1563	2816	2.269304
1564	2817	2.270110
1565	2817	2.270110
1566	2816	2.269304
1567	2816	2.269304
1568	2817	2.270110
1569	2801	2.257216
1570	2801	2.257216
1571	2816	2.269304
1572	2793	2.250769
1573	2801	2.257216
1574	2800	2.256410
1575	2817	2.270110
1576	2816	2.269304
1577	2800	2.256410
1578	2816	2.269304
1579	2793	2.250769
1580	2816	2.269304
1581	2801	2.257216
1582	2801	2.257216
1583	2816	2.269304
1584	2801	2.257216
1585	2781	2.241099
1586	2801	2.257216
1587	2801	2.257216
1588	2789	2.247546
1589	2793	2.250769
1590	2801	2.257216
1591	2793	2.250769
1592	2793	2.250769
1593	2789	2.247546
1594	2781	2.241099
1595	2785	2.244322
1596	2801	2.257216
1597	2789	2.247546
1598	2793	2.250769
1599	2789	2.247546
1600	2785	2.244322
1601	2793	2.250769
1602	2801	2.257216
1603	2777	2.237875
1604	2785	2.244322
1605	2785	2.244322
1606	2781	2.241099
1607	2785	2.244322
1608	2793	2.250769
1609	2793	2.250769
1610	2793	2.250769
1611	2785	2.244322
1612	2781	2.241099
1613	2769	2.231429
1614	2781	2.241099
1615	2781	2.241099
1616	2773	2.234652
1617	2773	2.234652
1618	2769	2.231429
1619	2769	2.231429
1620	2777	2.237875
1621	2768	2.230623
1622	2765	2.228205
1623	2768	2.230623
1624	2765	2.228205
1625	2765	2.228205
1626	2776	2.237070
1627	2757	2.221758
1628	2761	2.224982
1629	2761	2.224982
1630	2757	2.221758
1631	2769	2.231429
1632	2757	2.221758
1633	2769	2.231429
1634	2761	2.224982
1635	2769	2.231429
1636	2761	2.224982
1637	2765	2.228205
1638	2753	2.218535
1639	2753	2.218535
1640	2749	2.215311
1641	2753	2.218535
1642	2745	2.212088
1643	2761	2.224982
1644	2757	2.221758
1645	2752	2.217729
1646	2761	2.224982
1647	2745	2.212088
1648	2744	2.211282
1649	2753	2.218535
1650	2745	2.212088
1651	2737	2.205641
1652	2741	2.208864
1653	2753	2.218535
1654	2753	2.218535
1655	2729	2.199194
1656	2741	2.208864
1657	2737	2.205641
1658	2737	2.205641
1659	2729	2.199194
1660	2736	2.204835
1661	2729	2.199194
1662	2737	2.205641
1663	2729	2.199194
1664	2721	2.192747
1665	2725	2.195971
1666	2713	2.186300
1667	2737	2.205641
1668	2729	2.199194
1669	2725	2.195971
1670	2725	2.195971
1671	2713	2.186300
1672	2717	2.189524
1673	2713	2.186300
1674	2736	2.204835
1675	2709	2.183077
1676	2717	2.189524
1677	2709	2.183077
1678	2713	2.186300
1679	2717	2.189524
1680	2709	2.183077
1681	2704	2.179048
1682	2717	2.189524
1683	2729	2.199194
1684	2701	2.176630
1685	2709	2.183077
1686	2709	2.183077
1687	2697	2.173407
1688	2709	2.183077
1689	2705	2.179853
1690	2713	2.186300
1691	2705	2.179853
1692	2701	2.176630
1693	2687	2.165348
1694	2697	2.173407
1695	2693	2.170183
1696	2701	2.176630
1697	2687	2.165348
1698	2697	2.173407
1699	2681	2.160513
1700	2687	2.165348
1701	2685	2.163736
1702	2677	2.157289
1703	2681	2.160513
1704	2669	2.150842
1705	2685	2.163736
1706	2685	2.163736
1707	2669	2.150842
1708	2677	2.157289
1709	2681	2.160513
1710	2661	2.144396
1711	2677	2.157289
1712	2685	2.163736
1713	2677	2.157289
1714	2672	2.153260
1715	2669	2.150842
1716	2664	2.146813
1717	2661	2.144396
1718	2653	2.137949
1719	2669	2.150842
1720	2665	2.147619
1721	2661	2.144396
1722	2669	2.150842
1723	2653	2.137949
1724	2640	2.127473
1725	2665	2.147619
1726	2657	2.141172
1727	2649	2.134725
1728	2645	2.131502
1729	2641	2.128278
1730	2633	2.121832
1731	2645	2.131502
1732	2637	2.125055
1733	2637	2.125055
1734	2633	2.121832
1735	2641	2.128278
1736	2633	2.121832
1737	2645	2.131502
1738	2637	2.125055
1739	2633	2.121832
1740	2633	2.121832
1741	2609	2.102491
1742	2625	2.115385
1743	2625	2.115385
1744	2617	2.108938
1745	2621	2.112161
1746	2609	2.102491
1747	2621	2.112161
1748	2617	2.108938
1749	2617	2.108938
1750	2597	2.092821
1751	2609	2.102491
1752	2621	2.112161
1753	2601	2.096044
1754	2601	2.096044
1755	2617	2.108938
1756	2601	2.096044
1757	2613	2.105714
1758	2608	2.101685
1759	2589	2.086374
1760	2585	2.083150
1761	2585	2.083150
1762	2589	2.086374
1763	2577	2.076703
1764	2589	2.086374
1765	2581	2.079927
1766	2589	2.086374
1767	2581	2.079927
1768	2585	2.083150
1769	2585	2.083150
1770	2589	2.086374
1771	2569	2.070256
1772	2565	2.067033
1773	2573	2.073480
1774	2577	2.076703
1775	2568	2.069451
1776	2576	2.075897
1777	2557	2.060586
1778	2573	2.073480
1779	2561	2.063810
1780	2553	2.057363
1781	2557	2.060586
1782	2557	2.060586
1783	2545	2.050916
1784	2553	2.057363
1785	2553	2.057363
1786	2553	2.057363
1787	2545	2.050916
1788	2549	2.054139
1789	2557	2.060586
1790	2553	2.057363
1791	2549	2.054139
1792	2557	2.060586
1793	2541	2.047692
1794	2553	2.057363
1795	2549	2.054139
1796	2537	2.044469
1797	2545	2.050916
1798	2537	2.044469
1799	2533	2.041245
1800	2537	2.044469
1801	2541	2.047692
1802	2529	2.038022
1803	2537	2.044469
1804	2537	2.044469
1805	2545	2.050916
1806	2537	2.044469
1807	2525	2.034799
1808	2536	2.043663
1809	2537	2.044469
1810	2517	2.028352
1811	2537	2.044469
1812	2533	2.041245
1813	2525	2.034799
1814	2536	2.043663
1815	2533	2.041245
1816	2525	2.034799
1817	2525	2.034799
1818	2525	2.034799
1819	2529	2.038022
1820	2533	2.041245
1821	2529	2.038022
1822	2525	2.034799
1823	2525	2.034799
1824	2525	2.034799
1825	2537	2.044469
1826	2541	2.047692
1827	2544	2.050110
1828	2549	2.054139
1829	2525	2.034799
1830	2537	2.044469
1831	2536	2.043663
1832	2545	2.050916
1833	2537	2.044469
1834	2545	2.050916
1835	2541	2.047692
1836	2525	2.034799
1837	2537	2.044469
1838	2545	2.050916
1839	2537	2.044469
1840	2533	2.041245
1841	2552	2.056557
1842	2525	2.034799
1843	2537	2.044469
1844	2529	2.038022
1845	2533	2.041245
1846	2525	2.034799
1847	2545	2.050916
1848	2533	2.041245
1849	2521	2.031575
1850	2545	2.050916
1851	2545	2.050916
1852	2553	2.057363
1853	2545	2.050916
1854	2541	2.047692
1855	2545	2.050916
1856	2549	2.054139
1857	2533	2.041245
1858	2552	2.056557
1859	2537	2.044469
1860	2549	2.054139
1861	2537	2.044469
1862	2565	2.067033
1863	2557	2.060586
1864	2561	2.063810
1865	2553	2.057363
1866	2565	2.067033
1867	2557	2.060586
1868	2557	2.060586
1869	2553	2.057363
1870	2557	2.060586
1871	2573	2.073480
1872	2576	2.075897
1873	2585	2.083150
1874	2569	2.070256
1875	2565	2.067033
1876	2577	2.076703
1877	2585	2.083150
1878	2577	2.076703
1879	2585	2.083150
1880	2581	2.079927
1881	2581	2.079927
1882	2584	2.082344
1883	2576	2.075897
1884	2569	2.070256
1885	2585	2.083150
1886	2577	2.076703
1887	2568	2.069451
1888	2585	2.083150
1889	2589	2.086374
1890	2577	2.076703
1891	2576	2.075897
1892	2577	2.076703
1893	2573	2.073480
1894	2589	2.086374
1895	2589	2.086374
1896	2589	2.086374
1897	2573	2.073480
1898	2581	2.079927
1899	2585	2.083150
1900	2581	2.079927
1901	2589	2.086374
1902	2589	2.086374
1903	2589	2.086374
1904	2601	2.096044
1905	2585	2.083150
1906	2601	2.096044
1907	2605	2.099267
1908	2601	2.096044
1909	2613	2.105714
1910	2608	2.101685
1911	2601	2.096044
1912	2600	2.095238
1913	2601	2.096044
1914	2601	2.096044
1915	2608	2.101685
1916	2601	2.096044
1917	2617	2.108938
1918	2617	2.108938
1919	2605	2.099267
1920	2609	2.102491
1921	2609	2.102491
1922	2613	2.105714
1923	2613	2.105714
1924	2605	2.099267
1925	2605	2.099267
1926	2601	2.096044
1927	2609	2.102491
1928	2624	2.114579
1929	2625	2.115385
1930	2629	2.118608
1931	2613	2.105714
1932	2621	2.112161
1933	2613	2.105714
1934	2625	2.115385
1935	2617	2.108938
1936	2617	2.108938
1937	2609	2.102491
1938	2601	2.096044
1939	2605	2.099267
1940	2613	2.105714
1941	2617	2.108938
1942	2621	2.112161
1943	2621	2.112161
1944	2609	2.102491
1945	2621	2.112161
1946	2617	2.108938
1947	2608	2.101685
1948	2613	2.105714
1949	2621	2.112161
1950	2624	2.114579
1951	2609	2.102491
1952	2609	2.102491
1953	2609	2.102491
1954	2621	2.112161
1955	2629	2.118608
1956	2621	2.112161
1957	2617	2.108938
1958	2617	2.108938
1959	2617	2.108938
1960	2617	2.108938
1961	2609	2.102491
1962	2609	2.102491
1963	2609	2.102491
1964	2624	2.114579
1965	2617	2.108938
1966	2617	2.108938
1967	2617	2.108938
1968	2621	2.112161
1969	2601	2.096044
1970	2617	2.108938
1971	2601	2.096044
1972	2613	2.105714
1973	2613	2.105714
1974	2633	2.121832
1975	2613	2.105714
1976	2609	2.102491
1977	2617	2.108938
1978	2617	2.108938
1979	2613	2.105714
1980	2609	2.102491
1981	2609	2.102491
1982	2616	2.108132
1983	2605	2.099267
1984	2609	2.102491
1985	2617	2.108938
1986	2601	2.096044
1987	2600	2.095238
1988	2609	2.102491
1989	2609	2.102491
1990	2601	2.096044
1991	2601	2.096044
1992	2616	2.108132
1993	2601	2.096044
1994	2601	2.096044
1995	2601	2.096044
1996	2601	2.096044
1997	2601	2.096044
1998	2605	2.099267
1999	2597	2.092821
2000	2609	2.102491
2001	2605	2.099267
2002	2601	2.096044
2003	2597	2.092821
2004	2601	2.096044
2005	2609	2.102491
2006	2593	2.089597
2007	2601	2.096044
2008	2589	2.086374
2009	2589	2.086374
2010	2589	2.086374
2011	2597	2.092821
2012	2605	2.099267
2013	2589	2.086374
2014	2597	2.092821
2015	2593	2.089597
2016	2589	2.086374
2017	2585	2.083150
2018	2589	2.086374
2019	2577	2.076703
2020	2593	2.089597
2021	2584	2.082344
2022	2585	2.083150
2023	2581	2.079927
2024	2585	2.083150
2025	2577	2.076703
2026	2597	2.092821
2027	2577	2.076703
2028	2585	2.083150
2029	2585	2.083150
2030	2585	2.083150
2031	2577	2.076703
2032	2601	2.096044
2033	2577	2.076703
2034	2581	2.079927
2035	2573	2.073480
2036	2589	2.086374
2037	2585	2.083150
2038	2573	2.073480
2039	2577	2.076703
2040	2577	2.076703
2041	2581	2.079927
2042	2577	2.076703
2043	2576	2.075897
2044	2557	2.060586
2045	2576	2.075897
2046	2581	2.079927
2047	2569	2.070256
2048	2576	2.075897
2049	2576	2.075897
2050	2565	2.067033
2051	2569	2.070256
2052	2569	2.070256
2053	2565	2.067033
2054	2569	2.070256
2055	2573	2.073480
2056	2576	2.075897
2057	2577	2.076703
2058	2584	2.082344
2059	2573	2.073480
2060	2573	2.073480
2061	2576	2.075897
2062	2584	2.082344
2063	2565	2.067033
2064	2565	2.067033
2065	2573	2.073480
2066	2565	2.067033
2067	2549	2.054139
2068	2581	2.079927
2069	2553	2.057363
2070	2573	2.073480
2071	2557	2.060586
2072	2573	2.073480
2073	2553	2.057363
2074	2569	2.070256
2075	2565	2.067033
2076	2569	2.070256
2077	2557	2.060586
2078	2569	2.070256
2079	2557	2.060586
2080	2557	2.060586
2081	2569	2.070256
2082	2565	2.067033
2083	2557	2.060586
2084	2557	2.060586
2085	2557	2.060586
2086	2565	2.067033
2087	2553	2.057363
2088	2557	2.060586
2089	2561	2.063810
2090	2569	2.070256
2091	2557	2.060586
2092	2576	2.075897
2093	2565	2.067033
2094	2557	2.060586
2095	2577	2.076703
2096	2569	2.070256
2097	2576	2.075897
2098	2569	2.070256
2099	2561	2.063810
2100	2581	2.079927
2101	2565	2.067033
2102	2553	2.057363
2103	2569	2.070256
2104	2557	2.060586
2105	2573	2.073480
2106	2557	2.060586
2107	2569	2.070256
2108	2573	2.073480
2109	2569	2.070256
2110	2569	2.070256
2111	2585	2.083150
2112	2561	2.063810
2113	2569	2.070256
2114	2576	2.075897
2115	2577	2.076703
2116	2576	2.075897
2117	2573	2.073480
2118	2581	2.079927
2119	2569	2.070256
2120	2577	2.076703
2121	2573	2.073480
2122	2577	2.076703
2123	2581	2.079927
2124	2573	2.073480
2125	2569	2.070256
2126	2577	2.076703
2127	2577	2.076703
2128	2585	2.083150
2129	2597	2.092821
2130	2589	2.086374
2131	2589	2.086374
2132	2585	2.083150
2133	2576	2.075897
2134	2581	2.079927
2135	2589	2.086374
2136	2581	2.079927
2137	2565	2.067033
2138	2577	2.076703
2139	2585	2.083150
2140	2601	2.096044
2141	2589	2.086374
2142	2589	2.086374
2143	2589	2.086374
2144	2601	2.096044
2145	2605	2.099267
2146	2597	2.092821
2147	2601	2.096044
2148	2601	2.096044
2149	2597	2.092821
2150	2609	2.102491
2151	2589	2.086374
2152	2608	2.101685
2153	2593	2.089597
2154	2601	2.096044
2155	2589	2.086374
2156	2609	2.102491
2157	2597	2.092821
2158	2613	2.105714
2159	2609	2.102491
2160	2601	2.096044
2161	2601	2.096044
2162	2613	2.105714
2163	2608	2.101685
2164	2608	2.101685
2165	2609	2.102491
2166	2609	2.102491
2167	2613	2.105714
2168	2605	2.099267
2169	2613	2.105714
2170	2625	2.115385
2171	2613	2.105714
2172	2609	2.102491
2173	2616	2.108132
2174	2608	2.101685
2175	2617	2.108938
2176	2625	2.115385
2177	2609	2.102491
2178	2621	2.112161
2179	2609	2.102491
2180	2617	2.108938
2181	2617	2.108938
2182	2620	2.111355
2183	2613	2.105714
2184	2621	2.112161
2185	2617	2.108938
2186	2633	2.121832
2187	2629	2.118608
2188	2629	2.118608
2189	2625	2.115385
2190	2616	2.108132
2191	2617	2.108938
2192	2633	2.121832
2193	2625	2.115385
2194	2609	2.102491
2195	2625	2.115385
2196	2625	2.115385
2197	2625	2.115385
2198	2629	2.118608
2199	2617	2.108938
2200	2621	2.112161
2201	2625	2.115385
2202	2617	2.108938
2203	2637	2.125055
2204	2621	2.112161
2205	2625	2.115385
2206	2625	2.115385
2207	2629	2.118608
2208	2637	2.125055
2209	2633	2.121832
2210	2625	2.115385
2211	2629	2.118608
2212	2613	2.105714
2213	2617	2.108938
2214	2633	2.121832
2215	2633	2.121832
2216	2633	2.121832
2217	2621	2.112161
2218	2617	2.108938
2219	2641	2.128278
2220	2629	2.118608
2221	2621	2.112161
2222	2625	2.115385
2223	2621	2.112161
2224	2613	2.105714
2225	2617	2.108938
2226	2617	2.108938
2227	2617	2.108938
2228	2629	2.118608
2229	2625	2.115385
2230	2629	2.118608
2231	2629	2.118608
2232	2641	2.128278
2233	2609	2.102491
2234	2613	2.105714
2235	2621	2.112161
2236	2625	2.115385
2237	2617	2.108938
2238	2625	2.115385
2239	2621	2.112161
2240	2629	2.118608
2241	2617	2.108938
2242	2625	2.115385
2243	2621	2.112161
2244	2613	2.105714
2245	2613	2.105714
2246	2621	2.112161
2247	2617	2.108938
2248	2629	2.118608
2249	2617	2.108938
2250	2621	2.112161
2251	2608	2.101685
2252	2617	2.108938
2253	2609	2.102491
2254	2609	2.102491
2255	2609	2.102491
2256	2609	2.102491
2257	2609	2.102491
2258	2600	2.095238
2259	2597	2.092821
2260	2601	2.096044
2261	2593	2.089597
2262	2613	2.105714
2263	2589	2.086374
2264	2589	2.086374
2265	2601	2.096044
2266	2589	2.086374
2267	2589	2.086374
2268	2601	2.096044
2269	2577	2.076703
2270	2589	2.086374
2271	2565	2.067033
2272	2581	2.079927
2273	2569	2.070256
2274	2577	2.076703
2275	2585	2.083150
2276	2581	2.079927
2277	2569	2.070256
2278	2565	2.067033
2279	2569	2.070256
2280	2573	2.073480
2281	2557	2.060586
2282	2565	2.067033
2283	2565	2.067033
2284	2565	2.067033
2285	2553	2.057363
2286	2553	2.057363
2287	2545	2.050916
2288	2552	2.056557
2289	2536	2.043663
2290	2545	2.050916
2291	2545	2.050916
2292	2544	2.050110
2293	2537	2.044469
2294	2525	2.034799
2295	2525	2.034799
2296	2525	2.034799
2297	2533	2.041245
2298	2529	2.038022
2299	2537	2.044469
2300	2517	2.028352
2301	2525	2.034799
2302	2525	2.034799
2303	2512	2.024322
2304	2521	2.031575
2305	2496	2.011429
2306	2505	2.018681
2307	2501	2.015458
2308	2509	2.021905
2309	2505	2.018681
2310	2501	2.015458
2311	2481	1.999341
2312	2497	2.012234
2313	2501	2.015458
2314	2496	2.011429
2315	2489	2.005788
2316	2489	2.005788
2317	2489	2.005788
2318	2481	1.999341
2319	2480	1.998535
2320	2485	2.002564
2321	2469	1.989670
2322	2481	1.999341
2323	2469	1.989670
2324	2473	1.992894
2325	2469	1.989670
2326	2457	1.980000
2327	2473	1.992894
2328	2461	1.983223
2329	2473	1.992894
2330	2469	1.989670
2331	2469	1.989670
2332	2461	1.983223
2333	2477	1.996117
2334	2461	1.983223
2335	2461	1.983223
2336	2461	1.983223
2337	2473	1.992894
2338	2469	1.989670
2339	2469	1.989670
2340	2461	1.983223
2341	2465	1.986447
2342	2473	1.992894
2343	2461	1.983223
2344	2461	1.983223
2345	2465	1.986447
2346	2453	1.976777
2347	2473	1.992894
2348	2461	1.983223
2349	2461	1.983223
2350	2469	1.989670
2351	2473	1.992894
2352	2461	1.983223
2353	2477	1.996117
2354	2465	1.986447
2355	2481	1.999341
2356	2473	1.992894
2357	2481	1.999341
2358	2473	1.992894
2359	2481	1.999341
2360	2489	2.005788
2361	2489	2.005788
2362	2497	2.012234
2363	2481	1.999341
2364	2481	1.999341
2365	2501	2.015458
2366	2501	2.015458
2367	2497	2.012234
2368	2505	2.018681
2369	2505	2.018681
2370	2493	2.009011
2371	2513	2.025128
2372	2497	2.012234
2373	2505	2.018681
2374	2513	2.025128
2375	2512	2.024322
2376	2517	2.028352
2377	2512	2.024322
2378	2521	2.031575
2379	2525	2.034799
2380	2513	2.025128
2381	2521	2.031575
2382	2541	2.047692
2383	2545	2.050916
2384	2525	2.034799
2385	2536	2.043663
2386	2557	2.060586
2387	2544	2.050110
2388	2537	2.044469
2389	2541	2.047692
2390	2553	2.057363
2391	2545	2.050916
2392	2553	2.057363
2393	2553	2.057363
2394	2553	2.057363
2395	2549	2.054139
2396	2569	2.070256
2397	2557	2.060586
2398	2569	2.070256
2399	2573	2.073480
2400	2573	2.073480
2401	2569	2.070256
2402	2589	2.086374
2403	2584	2.082344
2404	2581	2.079927
2405	2585	2.083150
2406	2581	2.079927
2407	2597	2.092821
2408	2577	2.076703
2409	2589	2.086374
2410	2581	2.079927
2411	2581	2.079927
2412	2589	2.086374
2413	2589	2.086374
2414	2608	2.101685
2415	2605	2.099267
2416	2601	2.096044
2417	2617	2.108938
2418	2613	2.105714
2419	2609	2.102491
2420	2613	2.105714
2421	2609	2.102491
2422	2613	2.105714
2423	2613	2.105714
2424	2613	2.105714
2425	2609	2.102491
2426	2613	2.105714
2427	2621	2.112161
2428	2625	2.115385
2429	2625	2.115385
2430	2633	2.121832
2431	2633	2.121832
2432	2641	2.128278
2433	2629	2.118608
2434	2633	2.121832
2435	2633	2.121832
2436	2625	2.115385
2437	2640	2.127473
2438	2645	2.131502
2439	2633	2.121832
2440	2640	2.127473
2441	2637	2.125055
2442	2645	2.131502
2443	2637	2.125055
2444	2645	2.131502
2445	2640	2.127473
2446	2649	2.134725
2447	2649	2.134725
2448	2645	2.131502
2449	2653	2.137949
2450	2653	2.137949
2451	2641	2.128278
2452	2645	2.131502
2453	2641	2.128278
2454	2657	2.141172
2455	2649	2.134725
2456	2649	2.134725
2457	2657	2.141172
2458	2653	2.137949
2459	2637	2.125055
2460	2653	2.137949
2461	2645	2.131502
2462	2661	2.144396
2463	2657	2.141172
2464	2657	2.141172
2465	2673	2.154066
2466	2673	2.154066
2467	2665	2.147619
2468	2673	2.154066
2469	2665	2.147619
2470	2673	2.154066
2471	2673	2.154066
2472	2677	2.157289
2473	2669	2.150842
2474	2657	2.141172
2475	2673	2.154066
2476	2673	2.154066
2477	2673	2.154066
2478	2665	2.147619
2479	2673	2.154066
2480	2673	2.154066
2481	2685	2.163736
2482	2681	2.160513
2483	2677	2.157289
2484	2673	2.154066
2485	2685	2.163736
2486	2681	2.160513
2487	2685	2.163736
2488	2685	2.163736
2489	2685	2.163736
2490	2697	2.173407
2491	2687	2.165348
2492	2685	2.163736
2493	2693	2.170183
2494	2685	2.163736
2495	2687	2.165348
2496	2687	2.165348
2497	2687	2.165348
2498	2697	2.173407
2499	2697	2.173407
2500	2713	2.186300
2501	2709	2.183077
2502	2705	2.179853
2503	2713	2.186300
2504	2713	2.186300
2505	2717	2.189524
2506	2728	2.198388
2507	2705	2.179853
2508	2717	2.189524
2509	2713	2.186300
2510	2717	2.189524
2511	2713	2.186300
2512	2713	2.186300
2513	2729	2.199194
2514	2717	2.189524
2515	2713	2.186300
2516	2745	2.212088
2517	2725	2.195971
2518	2737	2.205641
2519	2729	2.199194
2520	2737	2.205641
2521	2737	2.205641
2522	2737	2.205641
2523	2725	2.195971
2524	2737	2.205641
2525	2736	2.204835
2526	2736	2.204835
2527	2729	2.199194
2528	2729	2.199194
2529	2741	2.208864
2530	2729	2.199194
2531	2745	2.212088
2532	2745	2.212088
2533	2737	2.205641
2534	2745	2.212088
2535	2737	2.205641
2536	2745	2.212088
2537	2745	2.212088
2538	2721	2.192747
2539	2736	2.204835
2540	2729	2.199194
2541	2736	2.204835
2542	2737	2.205641
2543	2752	2.217729
2544	2745	2.212088
2545	2737	2.205641
2546	2745	2.212088
2547	2745	2.212088
2548	2757	2.221758
2549	2745	2.212088
2550	2749	2.215311
2551	2745	2.212088
2552	2753	2.218535
2553	2753	2.218535
2554	2753	2.218535
2555	2749	2.215311
2556	2753	2.218535
2557	2761	2.224982
2558	2768	2.230623
2559	2753	2.218535
2560	2765	2.228205
2561	2761	2.224982
2562	2768	2.230623
2563	2761	2.224982
2564	2769	2.231429
2565	2753	2.218535
2566	2769	2.231429
2567	2768	2.230623
2568	2776	2.237070
2569	2769	2.231429
2570	2769	2.231429
2571	2757	2.221758
2572	2761	2.224982
2573	2761	2.224982
2574	2776	2.237070
2575	2761	2.224982
2576	2769	2.231429
2577	2757	2.221758
2578	2761	2.224982
2579	2753	2.218535
2580	2769	2.231429
2581	2773	2.234652
2582	2761	2.224982
2583	2769	2.231429
2584	2765	2.228205
2585	2761	2.224982
2586	2769	2.231429
2587	2769	2.231429
2588	2765	2.228205
2589	2785	2.244322
2590	2773	2.234652
2591	2773	2.234652
2592	2793	2.250769
2593	2777	2.237875
2594	2789	2.247546
2595	2773	2.234652
2596	2789	2.247546
2597	2793	2.250769
2598	2777	2.237875
2599	2781	2.241099
2600	2797	2.253993
2601	2785	2.244322
2602	2781	2.241099
2603	2776	2.237070
2604	2773	2.234652
2605	2789	2.247546
2606	2785	2.244322
2607	2789	2.247546
2608	2781	2.241099
2609	2797	2.253993
2610	2793	2.250769
2611	2800	2.256410
2612	2793	2.250769
2613	2789	2.247546
2614	2781	2.241099
2615	2801	2.257216
2616	2816	2.269304
2617	2789	2.247546
2618	2816	2.269304
2619	2816	2.269304
2620	2816	2.269304
2621	2816	2.269304
2622	2816	2.269304
2623	2817	2.270110
2624	2816	2.269304
2625	2797	2.253993
2626	2817	2.270110
2627	2817	2.270110
2628	2816	2.269304
2629	2817	2.270110
2630	2817	2.270110
2631	2821	2.273333
2632	2817	2.270110
2633	2816	2.269304
2634	2825	2.276557
2635	2825	2.276557
2636	2817	2.270110
2637	2829	2.279780
2638	2821	2.273333
2639	2816	2.269304
2640	2817	2.270110
2641	2817	2.270110
2642	2825	2.276557
2643	2833	2.283004
2644	2833	2.283004
2645	2833	2.283004
2646	2841	2.289451
2647	2825	2.276557
2648	2832	2.282198
2649	2837	2.286227
2650	2845	2.292674
2651	2832	2.282198
2652	2841	2.289451
2653	2821	2.273333
2654	2841	2.289451
2655	2841	2.289451
2656	2817	2.270110
2657	2837	2.286227
2658	2833	2.283004
2659	2841	2.289451
2660	2845	2.292674
2661	2841	2.289451
2662	2845	2.292674
2663	2833	2.283004
2664	2845	2.292674
2665	2841	2.289451
2666	2837	2.286227
2667	2845	2.292674
2668	2845	2.292674
2669	2841	2.289451
2670	2845	2.292674
2671	2833	2.283004
2672	2841	2.289451
2673	2841	2.289451
2674	2849	2.295897
2675	2849	2.295897
2676	2841	2.289451
2677	2845	2.292674
2678	2861	2.305568
2679	2853	2.299121
2680	2857	2.302344
2681	2857	2.302344
2682	2845	2.292674
2683	2845	2.292674
2684	2845	2.292674
2685	2845	2.292674
2686	2864	2.307985
2687	2845	2.292674
2688	2849	2.295897
2689	2857	2.302344
2690	2857	2.302344
2691	2864	2.307985
2692	2861	2.305568
2693	2861	2.305568
2694	2865	2.308791
2695	2861	2.305568
2696	2865	2.308791
2697	2853	2.299121
2698	2869	2.312015
2699	2873	2.315238
2700	2865	2.308791
2701	2865	2.308791
2702	2857	2.302344
2703	2861	2.305568
2704	2865	2.308791
2705	2865	2.308791
2706	2865	2.308791
2707	2865	2.308791
2708	2865	2.308791
2709	2857	2.302344
2710	2861	2.305568
2711	2869	2.312015
2712	2869	2.312015
2713	2877	2.318462
2714	2869	2.312015
2715	2864	2.307985
2716	2873	2.315238
2717	2857	2.302344
2718	2881	2.321685
2719	2873	2.315238
2720	2880	2.320879
2721	2865	2.308791
2722	2881	2.321685
2723	2869	2.312015
2724	2880	2.320879
2725	2873	2.315238
2726	2869	2.312015
2727	2869	2.312015
2728	2877	2.318462
2729	2881	2.321685
2730	2885	2.324908
2731	2877	2.318462
2732	2881	2.321685
2733	2885	2.324908
2734	2885	2.324908
2735	2873	2.315238
2736	2889	2.328132
2737	2873	2.315238
2738	2881	2.321685
2739	2881	2.321685
2740	2881	2.321685
2741	2889	2.328132
2742	2873	2.315238
2743	2881	2.321685
2744	2893	2.331355
2745	2896	2.333773
2746	2881	2.321685
2747	2881	2.321685
2748	2877	2.318462
2749	2893	2.331355
2750	2889	2.328132
2751	2889	2.328132
2752	2889	2.328132
2753	2888	2.327326
2754	2893	2.331355
2755	2873	2.315238
2756	2889	2.328132
2757	2888	2.327326
2758	2885	2.324908
2759	2889	2.328132
2760	2896	2.333773
2761	2901	2.337802
2762	2893	2.331355
2763	2897	2.334579
2764	2896	2.333773
2765	2893	2.331355
2766	2897	2.334579
2767	2897	2.334579
2768	2897	2.334579
2769	2897	2.334579
2770	2897	2.334579
2771	2897	2.334579
2772	2897	2.334579
2773	2909	2.344249
2774	2901	2.337802
2775	2897	2.334579
2776	2905	2.341026
2777	2905	2.341026
2778	2917	2.350696
2779	2909	2.344249
2780	2909	2.344249
2781	2896	2.333773
2782	2905	2.341026
2783	2909	2.344249
2784	2905	2.341026
2785	2909	2.344249
2786	2905	2.341026
2787	2909	2.344249
2788	2909	2.344249
2789	2909	2.344249
2790	2905	2.341026
2791	2917	2.350696
2792	2905	2.341026
2793	2909	2.344249
2794	2921	2.353919
2795	2909	2.344249
2796	2909	2.344249
2797	2909	2.344249
2798	2905	2.341026
2799	2905	2.341026
2800	2921	2.353919
2801	2909	2.344249
2802	2909	2.344249
2803	2921	2.353919
2804	2909	2.344249
2805	2909	2.344249
2806	2909	2.344249
2807	2905	2.341026
2808	2913	2.347473
2809	2917	2.350696
2810	2917	2.350696
2811	2913	2.347473
2812	2917	2.350696
2813	2921	2.353919
2814	2921	2.353919
2815	2917	2.350696
2816	2909	2.344249
2817	2913	2.347473
2818	2925	2.357143
2819	2921	2.353919
2820	2913	2.347473
2821	2917	2.350696
2822	2925	2.357143
2823	2933	2.363590
2824	2929	2.360366
2825	2917	2.350696
2826	2928	2.359560
2827	2917	2.350696
2828	2925	2.357143
2829	2920	2.353114
2830	2917	2.350696
2831	2929	2.360366
2832	2929	2.360366
2833	2929	2.360366
2834	2929	2.360366
2835	2928	2.359560
2836	2929	2.360366
2837	2929	2.360366
2838	2929	2.360366
2839	2933	2.363590
2840	2929	2.360366
2841	2929	2.360366
2842	2929	2.360366
2843	2933	2.363590
2844	2929	2.360366
2845	2933	2.363590
2846	2933	2.363590
2847	2937	2.366813
2848	2929	2.360366
2849	2929	2.360366
2850	2929	2.360366
2851	2929	2.360366
2852	2921	2.353919
2853	2929	2.360366
2854	2933	2.363590
2855	2937	2.366813
2856	2925	2.357143
2857	2933	2.363590
2858	2937	2.366813
2859	2921	2.353919
2860	2937	2.366813
2861	2941	2.370037
2862	2929	2.360366
2863	2941	2.370037
2864	2929	2.360366
2865	2921	2.353919
2866	2937	2.366813
2867	2933	2.363590
2868	2941	2.370037
2869	2937	2.366813
2870	2941	2.370037
2871	2941	2.370037
2872	2933	2.363590
2873	2937	2.366813
2874	2941	2.370037
2875	2937	2.366813
2876	2941	2.370037
2877	2941	2.370037
2878	2921	2.353919
2879	2933	2.363590
2880	2937	2.366813
2881	2937	2.366813
2882	2941	2.370037
2883	2933	2.363590
2884	2937	2.366813
2885	2937	2.366813
2886	2941	2.370037
2887	2941	2.370037
2888	2941	2.370037
2889	2941	2.370037
2890	2941	2.370037
2891	2929	2.360366
2892	2941	2.370037
2893	2941	2.370037
2894	2953	2.379707
2895	2937	2.366813
2896	2941	2.370037
2897	2937	2.366813
2898	2949	2.376484
2899	2949	2.376484
2900	2953	2.379707
2901	2949	2.376484
2902	2941	2.370037
2903	2937	2.366813
2904	2953	2.379707
2905	2941	2.370037
2906	2941	2.370037
2907	2953	2.379707
2908	2936	2.366007
2909	2949	2.376484
2910	2949	2.376484
2911	2953	2.379707
2912	2941	2.370037
2913	2941	2.370037
2914	2937	2.366813
2915	2957	2.382930
2916	2957	2.382930
2917	2941	2.370037
2918	2953	2.379707
2919	2961	2.386154
2920	2953	2.379707
2921	2953	2.379707
2922	2957	2.382930
2923	2961	2.386154
2924	2941	2.370037
2925	2949	2.376484
2926	2965	2.389377
2927	2949	2.376484
2928	2949	2.376484
2929	2961	2.386154
2930	2941	2.370037
2931	2949	2.376484
2932	2941	2.370037
2933	2965	2.389377
2934	2949	2.376484
2935	2941	2.370037
2936	2949	2.376484
2937	2941	2.370037
2938	2953	2.379707
2939	2952	2.378901
2940	2965	2.389377
2941	2953	2.379707
2942	2960	2.385348
2943	2960	2.385348
2944	2961	2.386154
2945	2953	2.379707
2946	2941	2.370037
2947	2960	2.385348
2948	2953	2.379707
2949	2949	2.376484
2950	2961	2.386154
2951	2965	2.389377
2952	2969	2.392601
2953	2953	2.379707
2954	2949	2.376484
2955	2953	2.379707
2956	2968	2.391795
2957	2965	2.389377
2958	2953	2.379707
2959	2960	2.385348
2960	2961	2.386154
2961	2957	2.382930
2962	2953	2.379707
2963	2941	2.370037
2964	2960	2.385348
2965	2961	2.386154
2966	2953	2.379707
2967	2961	2.386154
2968	2953	2.379707
2969	2961	2.386154
2970	2960	2.385348
2971	2973	2.395824
2972	2949	2.376484
2973	2973	2.395824
2974	2969	2.392601
2975	2949	2.376484
2976	2965	2.389377
2977	2961	2.386154
2978	2957	2.382930
2979	2969	2.392601
2980	2969	2.392601
2981	2965	2.389377
2982	2961	2.386154
2983	2973	2.395824
2984	2961	2.386154
2985	2969	2.392601
2986	2973	2.395824
2987	2969	2.392601
2988	2969	2.392601
2989	2965	2.389377
2990	2960	2.385348
2991	2965	2.389377
2992	2961	2.386154
2993	2961	2.386154
2994	2981	2.402271
2995	2973	2.395824
2996	2973	2.395824
2997	2960	2.385348
2998	2965	2.389377
2999	2960	2.385348
3000	2973	2.395824
3001	2961	2.386154
3002	2969	2.392601
3003	2969	2.392601
3004	2965	2.389377
3005	2953	2.379707
3006	2957	2.382930
3007	2973	2.395824
3008	2965	2.389377
3009	2969	2.392601
3010	2961	2.386154
3011	2965	2.389377
3012	2973	2.395824
3013	2961	2.386154
3014	2957	2.382930
3015	2961	2.386154
3016	2969	2.392601
3017	2965	2.389377
3018	2965	2.389377
3019	2969	2.392601
3020	2961	2.386154
3021	2969	2.392601
3022	2973	2.395824
3023	2973	2.395824
3024	2961	2.386154
3025	2969	2.392601
3026	2973	2.395824
3027	2961	2.386154
3028	2969	2.392601
3029	2961	2.386154
3030	2961	2.386154
3031	2969	2.392601
3032	2969	2.392601
3033	2969	2.392601
3034	2965	2.389377
3035	2953	2.379707
3036	2960	2.385348
3037	2973	2.395824
3038	2965	2.389377
3039	2965	2.389377
3040	2965	2.389377
3041	2961	2.386154
3042	2973	2.395824
3043	2973	2.395824
3044	2957	2.382930
3045	2965	2.389377
3046	2965	2.389377
3047	2960	2.385348
3048	2969	2.392601
3049	2969	2.392601
3050	2961	2.386154
3051	2973	2.395824
3052	2961	2.386154
3053	2957	2.382930
3054	2969	2.392601
3055	2969	2.392601
3056	2965	2.389377
3057	2973	2.395824
3058	2973	2.395824
3059	2961	2.386154
3060	2969	2.392601
3061	2973	2.395824
3062	2969	2.392601
3063	2973	2.395824
3064	2969	2.392601
3065	2969	2.392601
3066	2961	2.386154
3067	2969	2.392601
3068	2973	2.395824
3069	2969	2.392601
3070	2973	2.395824
3071	2969	2.392601
3072	2969	2.392601
3073	2973	2.395824
3074	2973	2.395824
3075	2973	2.395824
3076	2965	2.389377
3077	2973	2.395824
3078	2973	2.395824
3079	2969	2.392601
3080	2973	2.395824
3081	2969	2.392601
3082	2973	2.395824
3083	2977	2.399048
3084	2973	2.395824
3085	2961	2.386154
3086	2969	2.392601
3087	2973	2.395824
3088	2969	2.392601
3089	2969	2.392601
3090	2973	2.395824
3091	2973	2.395824
3092	2969	2.392601
3093	2960	2.385348
3094	2977	2.399048
3095	2973	2.395824
3096	2981	2.402271
3097	2977	2.399048
3098	2981	2.402271
3099	2969	2.392601
3100	2981	2.402271
3101	2973	2.395824
3102	2965	2.389377
3103	2973	2.395824
3104	2985	2.405495
3105	2969	2.392601
3106	2969	2.392601
3107	2973	2.395824
3108	2969	2.392601
3109	2961	2.386154
3110	2981	2.402271
3111	2969	2.392601
3112	2973	2.395824
3113	2981	2.402271
3114	2973	2.395824
3115	2965	2.389377
3116	2973	2.395824
3117	2969	2.392601
3118	2965	2.389377
3119	2977	2.399048
3120	2969	2.392601
3121	2973	2.395824
3122	2981	2.402271
3123	2981	2.402271
3124	2969	2.392601
3125	2973	2.395824
3126	2973	2.395824
3127	2973	2.395824
3128	2981	2.402271
3129	2981	2.402271
3130	2973	2.395824
3131	2973	2.395824
3132	2981	2.402271
3133	2981	2.402271
3134	2977	2.399048
3135	2981	2.402271
3136	2969	2.392601
3137	2969	2.392601
3138	2985	2.405495
3139	2973	2.395824
3140	2977	2.399048
3141	2969	2.392601
3142	2981	2.402271
3143	2973	2.395824
3144	2973	2.395824
3145	2997	2.415165
3146	2985	2.405495
3147	2969	2.392601
3148	2981	2.402271
3149	2981	2.402271
3150	2973	2.395824
3151	2985	2.405495
3152	2973	2.395824
3153	2977	2.399048
3154	2973	2.395824
3155	2985	2.405495
3156	2985	2.405495
3157	2973	2.395824
3158	2981	2.402271
3159	2977	2.399048
3160	2985	2.405495
3161	2981	2.402271
3162	2973	2.395824
3163	2973	2.395824
3164	2981	2.402271
3165	2981	2.402271
3166	2989	2.408718
3167	2981	2.402271
3168	2977	2.399048
3169	2985	2.405495
3170	2969	2.392601
3171	2985	2.405495
3172	2977	2.399048
3173	2977	2.399048
3174	2977	2.399048
3175	2985	2.405495
3176	2977	2.399048
3177	2973	2.395824
3178	2973	2.395824
3179	2977	2.399048
3180	2973	2.395824
3181	2969	2.392601
3182	2985	2.405495
3183	2985	2.405495
3184	2989	2.408718
3185	2981	2.402271
3186	2985	2.405495
3187	2973	2.395824
3188	2985	2.405495
3189	2977	2.399048
3190	2973	2.395824
3191	2973	2.395824
3192	2981	2.402271
3193	2977	2.399048
3194	2973	2.395824
3195	2973	2.395824
3196	2981	2.402271
3197	2977	2.399048
3198	2989	2.408718
3199	2985	2.405495
3200	2985	2.405495
3201	2981	2.402271
3202	2993	2.411941
3203	2973	2.395824
3204	2985	2.405495
3205	2973	2.395824
3206	2981	2.402271
3207	2981	2.402271
3208	2993	2.411941
3209	2993	2.411941
3210	2981	2.402271
3211	2993	2.411941
3212	2997	2.415165
3213	2985	2.405495
3214	2973	2.395824
3215	2985	2.405495
3216	2981	2.402271
3217	2989	2.408718
3218	2989	2.408718
3219	2981	2.402271
3220	2969	2.392601
3221	2985	2.405495
3222	2993	2.411941
3223	2973	2.395824
3224	2981	2.402271
3225	2977	2.399048
3226	2985	2.405495
3227	2981	2.402271
3228	2973	2.395824
3229	2981	2.402271
3230	3001	2.418388
3231	2985	2.405495
3232	2985	2.405495
3233	2993	2.411941
3234	2985	2.405495
3235	2993	2.411941
3236	2997	2.415165
3237	2973	2.395824
3238	2981	2.402271
3239	2985	2.405495
3240	2984	2.404689
3241	2973	2.395824
3242	2981	2.402271
3243	2981	2.402271
3244	2973	2.395824
3245	2993	2.411941
3246	2992	2.411136
3247	2985	2.405495
3248	2985	2.405495
3249	2981	2.402271
3250	2977	2.399048
3251	2981	2.402271
3252	2985	2.405495
3253	2985	2.405495
3254	2973	2.395824
3255	2985	2.405495
3256	2973	2.395824
3257	2973	2.395824
3258	2985	2.405495
3259	2985	2.405495
3260	2992	2.411136
3261	2985	2.405495
3262	2989	2.408718
3263	2993	2.411941
3264	2981	2.402271
3265	2981	2.402271
3266	2985	2.405495
3267	2973	2.395824
3268	2985	2.405495
3269	2985	2.405495
3270	2985	2.405495
3271	2977	2.399048
3272	2985	2.405495
3273	2985	2.405495
3274	2985	2.405495
3275	2973	2.395824
3276	2981	2.402271
3277	2992	2.411136
3278	2985	2.405495
3279	2985	2.405495
3280	2997	2.415165
3281	2981	2.402271
3282	2985	2.405495
3283	2993	2.411941
3284	2985	2.405495
3285	2993	2.411941
3286	2993	2.411941
3287	3001	2.418388
3288	2992	2.411136
3289	2969	2.392601
3290	2997	2.415165
3291	2985	2.405495
3292	2993	2.411941
3293	2981	2.402271
3294	2989	2.408718
3295	2993	2.411941
3296	2993	2.411941
3297	3001	2.418388
3298	2993	2.411941
3299	2981	2.402271
3300	2989	2.408718
3301	2981	2.402271
3302	2989	2.408718
3303	2985	2.405495
3304	2985	2.405495
3305	2981	2.402271
3306	2993	2.411941
3307	2992	2.411136
3308	2977	2.399048
3309	2985	2.405495
3310	2985	2.405495
3311	2993	2.411941
3312	2992	2.411136
3313	2997	2.415165
3314	2992	2.411136
3315	2992	2.411136
3316	2993	2.411941
3317	2981	2.402271
3318	2985	2.405495
3319	2997	2.415165
3320	2981	2.402271
3321	3001	2.418388
3322	2973	2.395824
3323	2993	2.411941
3324	2993	2.411941
3325	2997	2.415165
3326	2973	2.395824
3327	2993	2.411941
3328	2989	2.408718
3329	2989	2.408718
3330	2993	2.411941
3331	2985	2.405495
3332	2997	2.415165
3333	2989	2.408718
3334	2997	2.415165
3335	2993	2.411941
3336	2985	2.405495
3337	2985	2.405495
3338	2993	2.411941
3339	2993	2.411941
3340	2985	2.405495
3341	2985	2.405495
3342	2985	2.405495
3343	2997	2.415165
3344	3000	2.417582
3345	2981	2.402271
3346	2989	2.408718
3347	3001	2.418388
3348	2985	2.405495
3349	2993	2.411941
3350	2993	2.411941
3351	2992	2.411136
3352	2989	2.408718
3353	2985	2.405495
3354	2989	2.408718
3355	2993	2.411941
3356	2981	2.402271
3357	2993	2.411941
3358	2985	2.405495
3359	2985	2.405495
3360	2992	2.411136
3361	2989	2.408718
3362	2993	2.411941
3363	2985	2.405495
3364	2993	2.411941
3365	2993	2.411941
3366	2992	2.411136
3367	2993	2.411941
3368	2985	2.405495
3369	2981	2.402271
3370	2977	2.399048
3371	2993	2.411941
3372	2981	2.402271
3373	2981	2.402271
3374	2985	2.405495
3375	2985	2.405495
3376	2989	2.408718
3377	2993	2.411941
3378	2985	2.405495
3379	2992	2.411136
3380	2985	2.405495
3381	2977	2.399048
3382	2993	2.411941
3383	2985	2.405495
3384	2997	2.415165
3385	3001	2.418388
3386	2989	2.408718
3387	2981	2.402271
3388	2981	2.402271
3389	2997	2.415165
3390	2985	2.405495
3391	2992	2.411136
3392	2997	2.415165
3393	2997	2.415165
3394	2985	2.405495
3395	2993	2.411941
3396	2973	2.395824
3397	2985	2.405495
3398	2985	2.405495
3399	2973	2.395824
3400	2985	2.405495
3401	2997	2.415165
3402	2989	2.408718
3403	2992	2.411136
3404	2993	2.411941
3405	2985	2.405495
3406	2989	2.408718
3407	2992	2.411136
3408	2993	2.411941
3409	2981	2.402271
3410	2993	2.411941
3411	2992	2.411136
3412	2993	2.411941
3413	2985	2.405495
3414	2973	2.395824
3415	2992	2.411136
3416	2973	2.395824
3417	2985	2.405495
3418	2981	2.402271
3419	2981	2.402271
3420	2973	2.395824
3421	2985	2.405495
3422	2985	2.405495
3423	2993	2.411941
3424	2993	2.411941
3425	2985	2.405495
3426	2981	2.402271
3427	2985	2.405495
3428	2981	2.402271
3429	2985	2.405495
3430	2977	2.399048
3431	2992	2.411136
3432	2997	2.415165
3433	2989	2.408718
3434	2988	2.407912
3435	2993	2.411941
3436	2992	2.411136
3437	2993	2.411941
3438	2981	2.402271
3439	2985	2.405495
3440	2992	2.411136
3441	2985	2.405495
3442	2985	2.405495
3443	2993	2.411941
3444	2973	2.395824
3445	2985	2.405495
3446	2993	2.411941
3447	2985	2.405495
3448	2977	2.399048
3449	2993	2.411941
3450	2989	2.408718
3451	2985	2.405495
3452	2993	2.411941
3453	2993	2.411941
3454	2981	2.402271
3455	2985	2.405495
3456	2985	2.405495
3457	2981	2.402271
3458	2993	2.411941
3459	3001	2.418388
3460	2985	2.405495
3461	2985	2.405495
3462	2993	2.411941
3463	2985	2.405495
3464	2985	2.405495
3465	2981	2.402271
3466	2997	2.415165
3467	2981	2.402271
3468	2993	2.411941
3469	2985	2.405495
3470	2993	2.411941
3471	2985	2.405495
3472	2989	2.408718
3473	2997	2.415165
3474	2985	2.405495
3475	2981	2.402271
3476	2985	2.405495
3477	2977	2.399048
3478	2985	2.405495
3479	2981	2.402271
3480	2993	2.411941
3481	2977	2.399048
3482	2985	2.405495
3483	2989	2.408718
3484	2981	2.402271
3485	2985	2.405495
3486	2981	2.402271
3487	2985	2.405495
3488	2981	2.402271
3489	2969	2.392601
3490	2989	2.408718
3491	2981	2.402271
3492	2993	2.411941
3493	2973	2.395824
3494	2985	2.405495
3495	2984	2.404689
3496	2985	2.405495
3497	2973	2.395824
3498	2985	2.405495
3499	2993	2.411941
3500	2973	2.395824
3501	2993	2.411941
3502	2985	2.405495
3503	2981	2.402271
3504	2985	2.405495
3505	2985	2.405495
3506	2973	2.395824
3507	2977	2.399048
3508	2985	2.405495
3509	2989	2.408718
3510	2992	2.411136
3511	2985	2.405495
3512	2985	2.405495
3513	2961	2.386154
3514	2985	2.405495
3515	2981	2.402271
3516	2977	2.399048
3517	2969	2.392601
3518	2977	2.399048
3519	2969	2.392601
3520	2973	2.395824
3521	2973	2.395824
3522	2981	2.402271
3523	2973	2.395824
3524	2981	2.402271
3525	2977	2.399048
3526	2969	2.392601
3527	2973	2.395824
3528	2977	2.399048
3529	2969	2.392601
3530	2981	2.402271
3531	2973	2.395824
3532	2973	2.395824
3533	2969	2.392601
3534	2973	2.395824
3535	2973	2.395824
3536	2969	2.392601
3537	2973	2.395824
3538	2973	2.395824
3539	2969	2.392601
3540	2973	2.395824
3541	2973	2.395824
3542	2969	2.392601
3543	2969	2.392601
3544	2973	2.395824
3545	2961	2.386154
3546	2973	2.395824
3547	2973	2.395824
3548	2969	2.392601
3549	2973	2.395824
3550	2973	2.395824
3551	2969	2.392601
3552	2973	2.395824
3553	2973	2.395824
3554	2973	2.395824
3555	2973	2.395824
3556	2961	2.386154
3557	2969	2.392601
3558	2973	2.395824
3559	2969	2.392601
3560	2973	2.395824
3561	2969	2.392601
3562	2969	2.392601
3563	2961	2.386154
3564	2960	2.385348
3565	2973	2.395824
3566	2965	2.389377
3567	2969	2.392601
3568	2965	2.389377
3569	2949	2.376484
3570	2960	2.385348
3571	2969	2.392601
3572	2960	2.385348
3573	2961	2.386154
3574	2969	2.392601
3575	2961	2.386154
3576	2968	2.391795
3577	2973	2.395824
3578	2960	2.385348
3579	2969	2.392601
3580	2965	2.389377
3581	2960	2.385348
3582	2965	2.389377
3583	2961	2.386154
3584	2965	2.389377
3585	2953	2.379707
3586	2949	2.376484
3587	2949	2.376484
3588	2953	2.379707
3589	2949	2.376484
3590	2957	2.382930
3591	2953	2.379707
3592	2961	2.386154
3593	2953	2.379707
3594	2961	2.386154
3595	2953	2.379707
3596	2953	2.379707
3597	2961	2.386154
3598	2961	2.386154
3599	2953	2.379707
3600	2953	2.379707
3601	2949	2.376484
3602	2953	2.379707
3603	2949	2.376484
3604	2961	2.386154
3605	2949	2.376484
3606	2941	2.370037
3607	2953	2.379707
3608	2953	2.379707
3609	2953	2.379707
3610	2953	2.379707
3611	2961	2.386154
3612	2961	2.386154
3613	2953	2.379707
3614	2949	2.376484
3615	2953	2.379707
3616	2941	2.370037
3617	2953	2.379707
3618	2949	2.376484
3619	2949	2.376484
3620	2961	2.386154
3621	2949	2.376484
3622	2953	2.379707
3623	2937	2.366813
3624	2953	2.379707
3625	2937	2.366813
3626	2941	2.370037
3627	2943	2.371648
3628	2941	2.370037
3629	2941	2.370037
3630	2937	2.366813
3631	2941	2.370037
3632	2953	2.379707
3633	2941	2.370037
3634	2953	2.379707
3635	2937	2.366813
3636	2953	2.379707
3637	2941	2.370037
3638	2941	2.370037
3639	2941	2.370037
3640	2941	2.370037
3641	2949	2.376484
3642	2953	2.379707
3643	2953	2.379707
3644	2941	2.370037
3645	2941	2.370037
3646	2952	2.378901
3647	2953	2.379707
