Pixel	ADC	VoltageV
1	3942	3.176703
2	3938	3.173480
3	3942	3.176703
4	3938	3.173480
5	3938	3.173480
6	3938	3.173480
7	3936	3.171868
8	3926	3.163810
9	3926	3.163810
10	3938	3.173480
11	3926	3.163810
12	3938	3.173480
13	3938	3.173480
14	3938	3.173480
15	3936	3.171868
16	3926	3.163810
17	3186	2.567473
18	2582	2.080733
19	2614	2.106520
20	2614	2.106520
21	2610	2.103297
22	2606	2.100073
23	2614	2.106520
24	2614	2.106520
25	2598	2.093626
26	2614	2.106520
27	2606	2.100073
28	2614	2.106520
29	2606	2.100073
30	2614	2.106520
31	2614	2.106520
32	2614	2.106520
33	2622	2.112967
34	2614	2.106520
35	2614	2.106520
36	2614	2.106520
37	2614	2.106520
38	2630	2.119414
39	2626	2.116190
40	2630	2.119414
41	2614	2.106520
42	2614	2.106520
43	2614	2.106520
44	2614	2.106520
45	2614	2.106520
46	2622	2.112967
47	2622	2.112967
48	2614	2.106520
49	2614	2.106520
50	2615	2.107326
51	2630	2.119414
52	2614	2.106520
53	2626	2.116190
54	2614	2.106520
55	2626	2.116190
56	2614	2.106520
57	2614	2.106520
58	2630	2.119414
59	2630	2.119414
60	2626	2.116190
61	2630	2.119414
62	2614	2.106520
63	2630	2.119414
64	2630	2.119414
65	2630	2.119414
66	2638	2.125861
67	2615	2.107326
68	2626	2.116190
69	2626	2.116190
70	2630	2.119414
71	2614	2.106520
72	2622	2.112967
73	2626	2.116190
74	2626	2.116190
75	2630	2.119414
76	2630	2.119414
77	2622	2.112967
78	2622	2.112967
79	2626	2.116190
80	2614	2.106520
81	2614	2.106520
82	2614	2.106520
83	2614	2.106520
84	2614	2.106520
85	2626	2.116190
86	2630	2.119414
87	2614	2.106520
88	2630	2.119414
89	2615	2.107326
90	2614	2.106520
91	2614	2.106520
92	2626	2.116190
93	2630	2.119414
94	2626	2.116190
95	2626	2.116190
96	2614	2.106520
97	2598	2.093626
98	2630	2.119414
99	2630	2.119414
100	2630	2.119414
101	2622	2.112967
102	2626	2.116190
103	2626	2.116190
104	2630	2.119414
105	2626	2.116190
106	2638	2.125861
107	2638	2.125861
108	2622	2.112967
109	2614	2.106520
110	2626	2.116190
111	2626	2.116190
112	2630	2.119414
113	2622	2.112967
114	2630	2.119414
115	2614	2.106520
116	2630	2.119414
117	2614	2.106520
118	2630	2.119414
119	2626	2.116190
120	2614	2.106520
121	2630	2.119414
122	2614	2.106520
123	2614	2.106520
124	2626	2.116190
125	2626	2.116190
126	2614	2.106520
127	2614	2.106520
128	2626	2.116190
129	2614	2.106520
130	2614	2.106520
131	2622	2.112967
132	2622	2.112967
133	2622	2.112967
134	2622	2.112967
135	2614	2.106520
136	2630	2.119414
137	2614	2.106520
138	2630	2.119414
139	2615	2.107326
140	2622	2.112967
141	2614	2.106520
142	2630	2.119414
143	2622	2.112967
144	2630	2.119414
145	2614	2.106520
146	2630	2.119414
147	2630	2.119414
148	2626	2.116190
149	2630	2.119414
150	2615	2.107326
151	2614	2.106520
152	2614	2.106520
153	2630	2.119414
154	2630	2.119414
155	2626	2.116190
156	2626	2.116190
157	2630	2.119414
158	2630	2.119414
159	2626	2.116190
160	2630	2.119414
161	2626	2.116190
162	2626	2.116190
163	2614	2.106520
164	2630	2.119414
165	2626	2.116190
166	2614	2.106520
167	2630	2.119414
168	2630	2.119414
169	2630	2.119414
170	2630	2.119414
171	2630	2.119414
172	2614	2.106520
173	2626	2.116190
174	2622	2.112967
175	2626	2.116190
176	2630	2.119414
177	2630	2.119414
178	2638	2.125861
179	2614	2.106520
180	2630	2.119414
181	2615	2.107326
182	2631	2.120220
183	2646	2.132308
184	2638	2.125861
185	2630	2.119414
186	2630	2.119414
187	2631	2.120220
188	2631	2.120220
189	2630	2.119414
190	2646	2.132308
191	2630	2.119414
192	2646	2.132308
193	2630	2.119414
194	2630	2.119414
195	2630	2.119414
196	2630	2.119414
197	2630	2.119414
198	2626	2.116190
199	2630	2.119414
200	2630	2.119414
201	2630	2.119414
202	2614	2.106520
203	2630	2.119414
204	2630	2.119414
205	2622	2.112967
206	2630	2.119414
207	2630	2.119414
208	2630	2.119414
209	2630	2.119414
210	2626	2.116190
211	2622	2.112967
212	2630	2.119414
213	2615	2.107326
214	2630	2.119414
215	2626	2.116190
216	2630	2.119414
217	2630	2.119414
218	2630	2.119414
219	2630	2.119414
220	2614	2.106520
221	2630	2.119414
222	2630	2.119414
223	2642	2.129084
224	2615	2.107326
225	2630	2.119414
226	2630	2.119414
227	2614	2.106520
228	2626	2.116190
229	2630	2.119414
230	2630	2.119414
231	2630	2.119414
232	2622	2.112967
233	2630	2.119414
234	2630	2.119414
235	2626	2.116190
236	2626	2.116190
237	2626	2.116190
238	2626	2.116190
239	2630	2.119414
240	2630	2.119414
241	2638	2.125861
242	2630	2.119414
243	2630	2.119414
244	2630	2.119414
245	2626	2.116190
246	2630	2.119414
247	2626	2.116190
248	2646	2.132308
249	2630	2.119414
250	2630	2.119414
251	2630	2.119414
252	2630	2.119414
253	2630	2.119414
254	2614	2.106520
255	2630	2.119414
256	2646	2.132308
257	2638	2.125861
258	2630	2.119414
259	2630	2.119414
260	2638	2.125861
261	2630	2.119414
262	2630	2.119414
263	2630	2.119414
264	2630	2.119414
265	2614	2.106520
266	2630	2.119414
267	2622	2.112967
268	2622	2.112967
269	2630	2.119414
270	2622	2.112967
271	2614	2.106520
272	2630	2.119414
273	2638	2.125861
274	2630	2.119414
275	2630	2.119414
276	2630	2.119414
277	2626	2.116190
278	2630	2.119414
279	2622	2.112967
280	2630	2.119414
281	2630	2.119414
282	2626	2.116190
283	2630	2.119414
284	2630	2.119414
285	2630	2.119414
286	2630	2.119414
287	2626	2.116190
288	2630	2.119414
289	2630	2.119414
290	2630	2.119414
291	2630	2.119414
292	2630	2.119414
293	2630	2.119414
294	2626	2.116190
295	2626	2.116190
296	2630	2.119414
297	2638	2.125861
298	2630	2.119414
299	2638	2.125861
300	2631	2.120220
301	2630	2.119414
302	2631	2.120220
303	2646	2.132308
304	2638	2.125861
305	2626	2.116190
306	2630	2.119414
307	2638	2.125861
308	2630	2.119414
309	2642	2.129084
310	2646	2.132308
311	2646	2.132308
312	2646	2.132308
313	2638	2.125861
314	2646	2.132308
315	2638	2.125861
316	2658	2.141978
317	2630	2.119414
318	2638	2.125861
319	2638	2.125861
320	2638	2.125861
321	2630	2.119414
322	2638	2.125861
323	2638	2.125861
324	2630	2.119414
325	2630	2.119414
326	2638	2.125861
327	2638	2.125861
328	2630	2.119414
329	2642	2.129084
330	2630	2.119414
331	2638	2.125861
332	2638	2.125861
333	2630	2.119414
334	2646	2.132308
335	2638	2.125861
336	2631	2.120220
337	2646	2.132308
338	2630	2.119414
339	2630	2.119414
340	2646	2.132308
341	2630	2.119414
342	2646	2.132308
343	2646	2.132308
344	2630	2.119414
345	2630	2.119414
346	2630	2.119414
347	2646	2.132308
348	2646	2.132308
349	2630	2.119414
350	2630	2.119414
351	2638	2.125861
352	2646	2.132308
353	2630	2.119414
354	2630	2.119414
355	2642	2.129084
356	2630	2.119414
357	2646	2.132308
358	2630	2.119414
359	2646	2.132308
360	2630	2.119414
361	2646	2.132308
362	2638	2.125861
363	2646	2.132308
364	2630	2.119414
365	2631	2.120220
366	2646	2.132308
367	2630	2.119414
368	2646	2.132308
369	2642	2.129084
370	2646	2.132308
371	2630	2.119414
372	2630	2.119414
373	2630	2.119414
374	2646	2.132308
375	2630	2.119414
376	2638	2.125861
377	2646	2.132308
378	2630	2.119414
379	2630	2.119414
380	2630	2.119414
381	2630	2.119414
382	2630	2.119414
383	2638	2.125861
384	2626	2.116190
385	2630	2.119414
386	2646	2.132308
387	2638	2.125861
388	2638	2.125861
389	2638	2.125861
390	2646	2.132308
391	2642	2.129084
392	2630	2.119414
393	2638	2.125861
394	2638	2.125861
395	2638	2.125861
396	2638	2.125861
397	2662	2.145201
398	2646	2.132308
399	2646	2.132308
400	2646	2.132308
401	2630	2.119414
402	2642	2.129084
403	2646	2.132308
404	2646	2.132308
405	2642	2.129084
406	2646	2.132308
407	2646	2.132308
408	2646	2.132308
409	2646	2.132308
410	2646	2.132308
411	2646	2.132308
412	2646	2.132308
413	2642	2.129084
414	2642	2.129084
415	2630	2.119414
416	2638	2.125861
417	2646	2.132308
418	2631	2.120220
419	2646	2.132308
420	2646	2.132308
421	2646	2.132308
422	2638	2.125861
423	2630	2.119414
424	2638	2.125861
425	2646	2.132308
426	2646	2.132308
427	2630	2.119414
428	2638	2.125861
429	2630	2.119414
430	2646	2.132308
431	2646	2.132308
432	2646	2.132308
433	2658	2.141978
434	2642	2.129084
435	2638	2.125861
436	2638	2.125861
437	2638	2.125861
438	2630	2.119414
439	2642	2.129084
440	2662	2.145201
441	2646	2.132308
442	2638	2.125861
443	2646	2.132308
444	2638	2.125861
445	2638	2.125861
446	2630	2.119414
447	2646	2.132308
448	2646	2.132308
449	2638	2.125861
450	2638	2.125861
451	2638	2.125861
452	2646	2.132308
453	2638	2.125861
454	2642	2.129084
455	2646	2.132308
456	2646	2.132308
457	2630	2.119414
458	2638	2.125861
459	2646	2.132308
460	2646	2.132308
461	2630	2.119414
462	2646	2.132308
463	2646	2.132308
464	2646	2.132308
465	2630	2.119414
466	2642	2.129084
467	2646	2.132308
468	2646	2.132308
469	2658	2.141978
470	2630	2.119414
471	2646	2.132308
472	2646	2.132308
473	2646	2.132308
474	2658	2.141978
475	2646	2.132308
476	2646	2.132308
477	2662	2.145201
478	2646	2.132308
479	2662	2.145201
480	2662	2.145201
481	2662	2.145201
482	2658	2.141978
483	2658	2.141978
484	2658	2.141978
485	2646	2.132308
486	2658	2.141978
487	2646	2.132308
488	2662	2.145201
489	2662	2.145201
490	2646	2.132308
491	2646	2.132308
492	2658	2.141978
493	2658	2.141978
494	2646	2.132308
495	2646	2.132308
496	2646	2.132308
497	2662	2.145201
498	2646	2.132308
499	2646	2.132308
500	2642	2.129084
501	2646	2.132308
502	2646	2.132308
503	2638	2.125861
504	2658	2.141978
505	2646	2.132308
506	2638	2.125861
507	2646	2.132308
508	2646	2.132308
509	2638	2.125861
510	2646	2.132308
511	2646	2.132308
512	2646	2.132308
513	2646	2.132308
514	2630	2.119414
515	2662	2.145201
516	2646	2.132308
517	2658	2.141978
518	2646	2.132308
519	2638	2.125861
520	2638	2.125861
521	2662	2.145201
522	2646	2.132308
523	2646	2.132308
524	2658	2.141978
525	2646	2.132308
526	2646	2.132308
527	2658	2.141978
528	2662	2.145201
529	2658	2.141978
530	2630	2.119414
531	2638	2.125861
532	2638	2.125861
533	2646	2.132308
534	2646	2.132308
535	2646	2.132308
536	2630	2.119414
537	2646	2.132308
538	2658	2.141978
539	2646	2.132308
540	2646	2.132308
541	2658	2.141978
542	2646	2.132308
543	2646	2.132308
544	2662	2.145201
545	2662	2.145201
546	2662	2.145201
547	2670	2.151648
548	2658	2.141978
549	2662	2.145201
550	2658	2.141978
551	2662	2.145201
552	2678	2.158095
553	2670	2.151648
554	2662	2.145201
555	2646	2.132308
556	2662	2.145201
557	2646	2.132308
558	2646	2.132308
559	2662	2.145201
560	2662	2.145201
561	2662	2.145201
562	2658	2.141978
563	2670	2.151648
564	2662	2.145201
565	2658	2.141978
566	2662	2.145201
567	2662	2.145201
568	2646	2.132308
569	2658	2.141978
570	2658	2.141978
571	2662	2.145201
572	2646	2.132308
573	2646	2.132308
574	2646	2.132308
575	2658	2.141978
576	2662	2.145201
577	2646	2.132308
578	2658	2.141978
579	2658	2.141978
580	2662	2.145201
581	2662	2.145201
582	2658	2.141978
583	2662	2.145201
584	2646	2.132308
585	2662	2.145201
586	2662	2.145201
587	2662	2.145201
588	2662	2.145201
589	2646	2.132308
590	2662	2.145201
591	2662	2.145201
592	2646	2.132308
593	2662	2.145201
594	2658	2.141978
595	2658	2.141978
596	2658	2.141978
597	2662	2.145201
598	2646	2.132308
599	2646	2.132308
600	2662	2.145201
601	2646	2.132308
602	2658	2.141978
603	2646	2.132308
604	2658	2.141978
605	2646	2.132308
606	2646	2.132308
607	2646	2.132308
608	2646	2.132308
609	2646	2.132308
610	2658	2.141978
611	2662	2.145201
612	2658	2.141978
613	2658	2.141978
614	2646	2.132308
615	2662	2.145201
616	2658	2.141978
617	2658	2.141978
618	2646	2.132308
619	2662	2.145201
620	2658	2.141978
621	2662	2.145201
622	2658	2.141978
623	2663	2.146007
624	2662	2.145201
625	2662	2.145201
626	2658	2.141978
627	2658	2.141978
628	2662	2.145201
629	2662	2.145201
630	2662	2.145201
631	2662	2.145201
632	2662	2.145201
633	2662	2.145201
634	2658	2.141978
635	2670	2.151648
636	2662	2.145201
637	2662	2.145201
638	2670	2.151648
639	2662	2.145201
640	2670	2.151648
641	2662	2.145201
642	2662	2.145201
643	2670	2.151648
644	2662	2.145201
645	2658	2.141978
646	2670	2.151648
647	2646	2.132308
648	2658	2.141978
649	2646	2.132308
650	2670	2.151648
651	2662	2.145201
652	2658	2.141978
653	2662	2.145201
654	2663	2.146007
655	2662	2.145201
656	2662	2.145201
657	2662	2.145201
658	2646	2.132308
659	2658	2.141978
660	2678	2.158095
661	2674	2.154872
662	2662	2.145201
663	2656	2.140366
664	2662	2.145201
665	2670	2.151648
666	2674	2.154872
667	2663	2.146007
668	2678	2.158095
669	2662	2.145201
670	2662	2.145201
671	2678	2.158095
672	2662	2.145201
673	2662	2.145201
674	2662	2.145201
675	2658	2.141978
676	2662	2.145201
677	2674	2.154872
678	2662	2.145201
679	2662	2.145201
680	2678	2.158095
681	2662	2.145201
682	2646	2.132308
683	2662	2.145201
684	2678	2.158095
685	2662	2.145201
686	2662	2.145201
687	2674	2.154872
688	2670	2.151648
689	2662	2.145201
690	2662	2.145201
691	2662	2.145201
692	2670	2.151648
693	2662	2.145201
694	2662	2.145201
695	2670	2.151648
696	2662	2.145201
697	2670	2.151648
698	2670	2.151648
699	2662	2.145201
700	2662	2.145201
701	2678	2.158095
702	2662	2.145201
703	2678	2.158095
704	2670	2.151648
705	2670	2.151648
706	2678	2.158095
707	2663	2.146007
708	2670	2.151648
709	2662	2.145201
710	2662	2.145201
711	2678	2.158095
712	2678	2.158095
713	2674	2.154872
714	2670	2.151648
715	2662	2.145201
716	2646	2.132308
717	2662	2.145201
718	2662	2.145201
719	2662	2.145201
720	2662	2.145201
721	2678	2.158095
722	2662	2.145201
723	2662	2.145201
724	2658	2.141978
725	2662	2.145201
726	2670	2.151648
727	2670	2.151648
728	2662	2.145201
729	2662	2.145201
730	2678	2.158095
731	2678	2.158095
732	2674	2.154872
733	2658	2.141978
734	2678	2.158095
735	2670	2.151648
736	2670	2.151648
737	2678	2.158095
738	2674	2.154872
739	2670	2.151648
740	2686	2.164542
741	2678	2.158095
742	2678	2.158095
743	2678	2.158095
744	2678	2.158095
745	2678	2.158095
746	2678	2.158095
747	2674	2.154872
748	2662	2.145201
749	2686	2.164542
750	2670	2.151648
751	2670	2.151648
752	2678	2.158095
753	2678	2.158095
754	2662	2.145201
755	2662	2.145201
756	2686	2.164542
757	2670	2.151648
758	2670	2.151648
759	2678	2.158095
760	2678	2.158095
761	2678	2.158095
762	2678	2.158095
763	2678	2.158095
764	2686	2.164542
765	2678	2.158095
766	2678	2.158095
767	2678	2.158095
768	2678	2.158095
769	2678	2.158095
770	2678	2.158095
771	2678	2.158095
772	2674	2.154872
773	2678	2.158095
774	2662	2.145201
775	2679	2.158901
776	2678	2.158095
777	2662	2.145201
778	2678	2.158095
779	2678	2.158095
780	2678	2.158095
781	2678	2.158095
782	2686	2.164542
783	2678	2.158095
784	2678	2.158095
785	2686	2.164542
786	2678	2.158095
787	2687	2.165348
788	2686	2.164542
789	2678	2.158095
790	2678	2.158095
791	2674	2.154872
792	2686	2.164542
793	2694	2.170989
794	2678	2.158095
795	2678	2.158095
796	2678	2.158095
797	2694	2.170989
798	2687	2.165348
799	2678	2.158095
800	2670	2.151648
801	2686	2.164542
802	2686	2.164542
803	2678	2.158095
804	2678	2.158095
805	2686	2.164542
806	2686	2.164542
807	2686	2.164542
808	2686	2.164542
809	2694	2.170989
810	2678	2.158095
811	2686	2.164542
812	2686	2.164542
813	2694	2.170989
814	2702	2.177436
815	2686	2.164542
816	2694	2.170989
817	2694	2.170989
818	2687	2.165348
819	2678	2.158095
820	2686	2.164542
821	2694	2.170989
822	2694	2.170989
823	2694	2.170989
824	2686	2.164542
825	2687	2.165348
826	2695	2.171795
827	2687	2.165348
828	2695	2.171795
829	2694	2.170989
830	2694	2.170989
831	2686	2.164542
832	2686	2.164542
833	2687	2.165348
834	2694	2.170989
835	2686	2.164542
836	2694	2.170989
837	2694	2.170989
838	2686	2.164542
839	2702	2.177436
840	2694	2.170989
841	2694	2.170989
842	2702	2.177436
843	2710	2.183883
844	2694	2.170989
845	2686	2.164542
846	2702	2.177436
847	2710	2.183883
848	2710	2.183883
849	2710	2.183883
850	2710	2.183883
851	2702	2.177436
852	2710	2.183883
853	2687	2.165348
854	2695	2.171795
855	2694	2.170989
856	2687	2.165348
857	2686	2.164542
858	2694	2.170989
859	2694	2.170989
860	2706	2.180659
861	2695	2.171795
862	2687	2.165348
863	2694	2.170989
864	2702	2.177436
865	2710	2.183883
866	2702	2.177436
867	2710	2.183883
868	2711	2.184689
869	2710	2.183883
870	2722	2.193553
871	2710	2.183883
872	2726	2.196777
873	2726	2.196777
874	2722	2.193553
875	2726	2.196777
876	2710	2.183883
877	2710	2.183883
878	2710	2.183883
879	2722	2.193553
880	2711	2.184689
881	2722	2.193553
882	2710	2.183883
883	2711	2.184689
884	2695	2.171795
885	2726	2.196777
886	2710	2.183883
887	2694	2.170989
888	2711	2.184689
889	2710	2.183883
890	2726	2.196777
891	2710	2.183883
892	2702	2.177436
893	2702	2.177436
894	2686	2.164542
895	2706	2.180659
896	2694	2.170989
897	2722	2.193553
898	2710	2.183883
899	2710	2.183883
900	2694	2.170989
901	2710	2.183883
902	2694	2.170989
903	2687	2.165348
904	2710	2.183883
905	2694	2.170989
906	2706	2.180659
907	2694	2.170989
908	2702	2.177436
909	2722	2.193553
910	2710	2.183883
911	2710	2.183883
912	2710	2.183883
913	2710	2.183883
914	2722	2.193553
915	2710	2.183883
916	2722	2.193553
917	2734	2.203223
918	2726	2.196777
919	2710	2.183883
920	2710	2.183883
921	2722	2.193553
922	2710	2.183883
923	2726	2.196777
924	2710	2.183883
925	2706	2.180659
926	2710	2.183883
927	2710	2.183883
928	2722	2.193553
929	2726	2.196777
930	2710	2.183883
931	2710	2.183883
932	2710	2.183883
933	2710	2.183883
934	2710	2.183883
935	2702	2.177436
936	2694	2.170989
937	2706	2.180659
938	2710	2.183883
939	2710	2.183883
940	2726	2.196777
941	2710	2.183883
942	2710	2.183883
943	2710	2.183883
944	2722	2.193553
945	2726	2.196777
946	2722	2.193553
947	2710	2.183883
948	2710	2.183883
949	2722	2.193553
950	2722	2.193553
951	2726	2.196777
952	2702	2.177436
953	2722	2.193553
954	2726	2.196777
955	2726	2.196777
956	2722	2.193553
957	2726	2.196777
958	2726	2.196777
959	2702	2.177436
960	2710	2.183883
961	2710	2.183883
962	2710	2.183883
963	2726	2.196777
964	2710	2.183883
965	2710	2.183883
966	2710	2.183883
967	2722	2.193553
968	2722	2.193553
969	2710	2.183883
970	2726	2.196777
971	2722	2.193553
972	2738	2.206447
973	2727	2.197582
974	2734	2.203223
975	2726	2.196777
976	2734	2.203223
977	2726	2.196777
978	2726	2.196777
979	2726	2.196777
980	2726	2.196777
981	2722	2.193553
982	2722	2.193553
983	2722	2.193553
984	2722	2.193553
985	2710	2.183883
986	2722	2.193553
987	2710	2.183883
988	2726	2.196777
989	2710	2.183883
990	2710	2.183883
991	2702	2.177436
992	2726	2.196777
993	2726	2.196777
994	2734	2.203223
995	2734	2.203223
996	2734	2.203223
997	2742	2.209670
998	2734	2.203223
999	2742	2.209670
1000	2742	2.209670
1001	2734	2.203223
1002	2742	2.209670
1003	2742	2.209670
1004	2738	2.206447
1005	2738	2.206447
1006	2726	2.196777
1007	2742	2.209670
1008	2726	2.196777
1009	2734	2.203223
1010	2742	2.209670
1011	2734	2.203223
1012	2742	2.209670
1013	2726	2.196777
1014	2742	2.209670
1015	2726	2.196777
1016	2734	2.203223
1017	2726	2.196777
1018	2726	2.196777
1019	2726	2.196777
1020	2742	2.209670
1021	2734	2.203223
1022	2754	2.219341
1023	2742	2.209670
1024	2734	2.203223
1025	2734	2.203223
1026	2738	2.206447
1027	2734	2.203223
1028	2726	2.196777
1029	2726	2.196777
1030	2722	2.193553
1031	2738	2.206447
1032	2734	2.203223
1033	2734	2.203223
1034	2742	2.209670
1035	2734	2.203223
1036	2734	2.203223
1037	2726	2.196777
1038	2734	2.203223
1039	2742	2.209670
1040	2734	2.203223
1041	2726	2.196777
1042	2742	2.209670
1043	2742	2.209670
1044	2742	2.209670
1045	2742	2.209670
1046	2726	2.196777
1047	2738	2.206447
1048	2742	2.209670
1049	2734	2.203223
1050	2726	2.196777
1051	2734	2.203223
1052	2722	2.193553
1053	2734	2.203223
1054	2742	2.209670
1055	2742	2.209670
1056	2742	2.209670
1057	2742	2.209670
1058	2734	2.203223
1059	2754	2.219341
1060	2742	2.209670
1061	2738	2.206447
1062	2742	2.209670
1063	2726	2.196777
1064	2734	2.203223
1065	2742	2.209670
1066	2726	2.196777
1067	2742	2.209670
1068	2742	2.209670
1069	2742	2.209670
1070	2742	2.209670
1071	2726	2.196777
1072	2758	2.222564
1073	2758	2.222564
1074	2754	2.219341
1075	2742	2.209670
1076	2742	2.209670
1077	2754	2.219341
1078	2738	2.206447
1079	2742	2.209670
1080	2742	2.209670
1081	2742	2.209670
1082	2758	2.222564
1083	2742	2.209670
1084	2766	2.229011
1085	2754	2.219341
1086	2758	2.222564
1087	2758	2.222564
1088	2754	2.219341
1089	2754	2.219341
1090	2742	2.209670
1091	2742	2.209670
1092	2754	2.219341
1093	2758	2.222564
1094	2754	2.219341
1095	2754	2.219341
1096	2742	2.209670
1097	2742	2.209670
1098	2758	2.222564
1099	2742	2.209670
1100	2742	2.209670
1101	2754	2.219341
1102	2758	2.222564
1103	2754	2.219341
1104	2758	2.222564
1105	2758	2.222564
1106	2758	2.222564
1107	2758	2.222564
1108	2758	2.222564
1109	2758	2.222564
1110	2774	2.235458
1111	2742	2.209670
1112	2758	2.222564
1113	2774	2.235458
1114	2742	2.209670
1115	2758	2.222564
1116	2766	2.229011
1117	2742	2.209670
1118	2754	2.219341
1119	2758	2.222564
1120	2759	2.223370
1121	2758	2.222564
1122	2758	2.222564
1123	2758	2.222564
1124	2754	2.219341
1125	2758	2.222564
1126	2758	2.222564
1127	2754	2.219341
1128	2758	2.222564
1129	2758	2.222564
1130	2758	2.222564
1131	2758	2.222564
1132	2770	2.232234
1133	2759	2.223370
1134	2766	2.229011
1135	2758	2.222564
1136	2758	2.222564
1137	2766	2.229011
1138	2758	2.222564
1139	2759	2.223370
1140	2766	2.229011
1141	2754	2.219341
1142	2758	2.222564
1143	2774	2.235458
1144	2758	2.222564
1145	2758	2.222564
1146	2758	2.222564
1147	2766	2.229011
1148	2774	2.235458
1149	2758	2.222564
1150	2758	2.222564
1151	2758	2.222564
1152	2770	2.232234
1153	2770	2.232234
1154	2758	2.222564
1155	2766	2.229011
1156	2774	2.235458
1157	2758	2.222564
1158	2766	2.229011
1159	2759	2.223370
1160	2774	2.235458
1161	2758	2.222564
1162	2758	2.222564
1163	2758	2.222564
1164	2770	2.232234
1165	2759	2.223370
1166	2758	2.222564
1167	2774	2.235458
1168	2766	2.229011
1169	2774	2.235458
1170	2774	2.235458
1171	2770	2.232234
1172	2758	2.222564
1173	2770	2.232234
1174	2774	2.235458
1175	2774	2.235458
1176	2774	2.235458
1177	2786	2.245128
1178	2774	2.235458
1179	2786	2.245128
1180	2766	2.229011
1181	2774	2.235458
1182	2774	2.235458
1183	2774	2.235458
1184	2774	2.235458
1185	2758	2.222564
1186	2786	2.245128
1187	2774	2.235458
1188	2766	2.229011
1189	2774	2.235458
1190	2774	2.235458
1191	2786	2.245128
1192	2786	2.245128
1193	2775	2.236264
1194	2790	2.248352
1195	2774	2.235458
1196	2774	2.235458
1197	2774	2.235458
1198	2774	2.235458
1199	2774	2.235458
1200	2774	2.235458
1201	2770	2.232234
1202	2774	2.235458
1203	2774	2.235458
1204	2786	2.245128
1205	2770	2.232234
1206	2774	2.235458
1207	2786	2.245128
1208	2774	2.235458
1209	2774	2.235458
1210	2774	2.235458
1211	2786	2.245128
1212	2774	2.235458
1213	2774	2.235458
1214	2774	2.235458
1215	2774	2.235458
1216	2786	2.245128
1217	2786	2.245128
1218	2774	2.235458
1219	2790	2.248352
1220	2790	2.248352
1221	2774	2.235458
1222	2770	2.232234
1223	2774	2.235458
1224	2786	2.245128
1225	2790	2.248352
1226	2786	2.245128
1227	2786	2.245128
1228	2790	2.248352
1229	2786	2.245128
1230	2774	2.235458
1231	2790	2.248352
1232	2790	2.248352
1233	2786	2.245128
1234	2786	2.245128
1235	2790	2.248352
1236	2790	2.248352
1237	2802	2.258022
1238	2802	2.258022
1239	2786	2.245128
1240	2790	2.248352
1241	2790	2.248352
1242	2791	2.249158
1243	2791	2.249158
1244	2790	2.248352
1245	2790	2.248352
1246	2790	2.248352
1247	2790	2.248352
1248	2790	2.248352
1249	2790	2.248352
1250	2790	2.248352
1251	2786	2.245128
1252	2790	2.248352
1253	2790	2.248352
1254	2790	2.248352
1255	2806	2.261245
1256	2786	2.245128
1257	2790	2.248352
1258	2790	2.248352
1259	2806	2.261245
1260	2790	2.248352
1261	2790	2.248352
1262	2798	2.254799
1263	2790	2.248352
1264	2806	2.261245
1265	2806	2.261245
1266	2790	2.248352
1267	2798	2.254799
1268	2806	2.261245
1269	2816	2.269304
1270	2798	2.254799
1271	2802	2.258022
1272	2802	2.258022
1273	2790	2.248352
1274	2806	2.261245
1275	2790	2.248352
1276	2798	2.254799
1277	2806	2.261245
1278	2806	2.261245
1279	2806	2.261245
1280	2802	2.258022
1281	2790	2.248352
1282	2806	2.261245
1283	2806	2.261245
1284	2806	2.261245
1285	2806	2.261245
1286	2806	2.261245
1287	2816	2.269304
1288	2790	2.248352
1289	2818	2.270916
1290	2816	2.269304
1291	2802	2.258022
1292	2822	2.274139
1293	2806	2.261245
1294	2816	2.269304
1295	2806	2.261245
1296	2806	2.261245
1297	2806	2.261245
1298	2818	2.270916
1299	2816	2.269304
1300	2818	2.270916
1301	2816	2.269304
1302	2806	2.261245
1303	2798	2.254799
1304	2816	2.269304
1305	2816	2.269304
1306	2806	2.261245
1307	2802	2.258022
1308	2806	2.261245
1309	2806	2.261245
1310	2816	2.269304
1311	2806	2.261245
1312	2822	2.274139
1313	2806	2.261245
1314	2822	2.274139
1315	2818	2.270916
1316	2818	2.270916
1317	2822	2.274139
1318	2822	2.274139
1319	2822	2.274139
1320	2806	2.261245
1321	2816	2.269304
1322	2822	2.274139
1323	2806	2.261245
1324	2806	2.261245
1325	2822	2.274139
1326	2816	2.269304
1327	2818	2.270916
1328	2818	2.270916
1329	2818	2.270916
1330	2822	2.274139
1331	2822	2.274139
1332	2823	2.274945
1333	2822	2.274139
1334	2822	2.274139
1335	2822	2.274139
1336	2818	2.270916
1337	2806	2.261245
1338	2822	2.274139
1339	2822	2.274139
1340	2822	2.274139
1341	2822	2.274139
1342	2822	2.274139
1343	2822	2.274139
1344	2822	2.274139
1345	2822	2.274139
1346	2822	2.274139
1347	2822	2.274139
1348	2822	2.274139
1349	2818	2.270916
1350	2822	2.274139
1351	2822	2.274139
1352	2806	2.261245
1353	2818	2.270916
1354	2818	2.270916
1355	2822	2.274139
1356	2818	2.270916
1357	2830	2.280586
1358	2818	2.270916
1359	2818	2.270916
1360	2822	2.274139
1361	2822	2.274139
1362	2822	2.274139
1363	2830	2.280586
1364	2822	2.274139
1365	2830	2.280586
1366	2838	2.287033
1367	2823	2.274945
1368	2830	2.280586
1369	2822	2.274139
1370	2822	2.274139
1371	2822	2.274139
1372	2830	2.280586
1373	2838	2.287033
1374	2838	2.287033
1375	2822	2.274139
1376	2838	2.287033
1377	2822	2.274139
1378	2834	2.283810
1379	2822	2.274139
1380	2834	2.283810
1381	2838	2.287033
1382	2822	2.274139
1383	2822	2.274139
1384	2830	2.280586
1385	2834	2.283810
1386	2822	2.274139
1387	2838	2.287033
1388	2823	2.274945
1389	2834	2.283810
1390	2822	2.274139
1391	2822	2.274139
1392	2830	2.280586
1393	2838	2.287033
1394	2838	2.287033
1395	2830	2.280586
1396	2822	2.274139
1397	2838	2.287033
1398	2822	2.274139
1399	2838	2.287033
1400	2838	2.287033
1401	2822	2.274139
1402	2830	2.280586
1403	2834	2.283810
1404	2838	2.287033
1405	2822	2.274139
1406	2830	2.280586
1407	2834	2.283810
1408	2822	2.274139
1409	2838	2.287033
1410	2838	2.287033
1411	2838	2.287033
1412	2838	2.287033
1413	2834	2.283810
1414	2822	2.274139
1415	2822	2.274139
1416	2838	2.287033
1417	2822	2.274139
1418	2822	2.274139
1419	2822	2.274139
1420	2838	2.287033
1421	2838	2.287033
1422	2838	2.287033
1423	2830	2.280586
1424	2838	2.287033
1425	2823	2.274945
1426	2838	2.287033
1427	2838	2.287033
1428	2838	2.287033
1429	2838	2.287033
1430	2838	2.287033
1431	2830	2.280586
1432	2834	2.283810
1433	2838	2.287033
1434	2838	2.287033
1435	2838	2.287033
1436	2823	2.274945
1437	2838	2.287033
1438	2834	2.283810
1439	2838	2.287033
1440	2834	2.283810
1441	2834	2.283810
1442	2830	2.280586
1443	2838	2.287033
1444	2838	2.287033
1445	2823	2.274945
1446	2838	2.287033
1447	2834	2.283810
1448	2822	2.274139
1449	2838	2.287033
1450	2838	2.287033
1451	2838	2.287033
1452	2838	2.287033
1453	2854	2.299927
1454	2838	2.287033
1455	2838	2.287033
1456	2854	2.299927
1457	2838	2.287033
1458	2838	2.287033
1459	2854	2.299927
1460	2838	2.287033
1461	2838	2.287033
1462	2838	2.287033
1463	2850	2.296703
1464	2838	2.287033
1465	2850	2.296703
1466	2838	2.287033
1467	2854	2.299927
1468	2838	2.287033
1469	2838	2.287033
1470	2838	2.287033
1471	2838	2.287033
1472	2838	2.287033
1473	2838	2.287033
1474	2838	2.287033
1475	2822	2.274139
1476	2838	2.287033
1477	2822	2.274139
1478	2838	2.287033
1479	2838	2.287033
1480	2838	2.287033
1481	2838	2.287033
1482	2838	2.287033
1483	2838	2.287033
1484	2822	2.274139
1485	2838	2.287033
1486	2822	2.274139
1487	2838	2.287033
1488	2838	2.287033
1489	2830	2.280586
1490	2854	2.299927
1491	2850	2.296703
1492	2838	2.287033
1493	2838	2.287033
1494	2830	2.280586
1495	2834	2.283810
1496	2838	2.287033
1497	2822	2.274139
1498	2822	2.274139
1499	2838	2.287033
1500	2834	2.283810
1501	2834	2.283810
1502	2850	2.296703
1503	2834	2.283810
1504	2838	2.287033
1505	2822	2.274139
1506	2834	2.283810
1507	2838	2.287033
1508	2838	2.287033
1509	2822	2.274139
1510	2822	2.274139
1511	2830	2.280586
1512	2838	2.287033
1513	2838	2.287033
1514	2838	2.287033
1515	2838	2.287033
1516	2838	2.287033
1517	2834	2.283810
1518	2838	2.287033
1519	2822	2.274139
1520	2838	2.287033
1521	2823	2.274945
1522	2830	2.280586
1523	2838	2.287033
1524	2823	2.274945
1525	2830	2.280586
1526	2822	2.274139
1527	2818	2.270916
1528	2823	2.274945
1529	2822	2.274139
1530	2822	2.274139
1531	2822	2.274139
1532	2838	2.287033
1533	2822	2.274139
1534	2830	2.280586
1535	2830	2.280586
1536	2822	2.274139
1537	2822	2.274139
1538	2822	2.274139
1539	2822	2.274139
1540	2838	2.287033
1541	2830	2.280586
1542	2822	2.274139
1543	2834	2.283810
1544	2822	2.274139
1545	2822	2.274139
1546	2818	2.270916
1547	2838	2.287033
1548	2818	2.270916
1549	2818	2.270916
1550	2818	2.270916
1551	2822	2.274139
1552	2818	2.270916
1553	2822	2.274139
1554	2816	2.269304
1555	2818	2.270916
1556	2806	2.261245
1557	2818	2.270916
1558	2818	2.270916
1559	2818	2.270916
1560	2818	2.270916
1561	2806	2.261245
1562	2823	2.274945
1563	2806	2.261245
1564	2822	2.274139
1565	2822	2.274139
1566	2822	2.274139
1567	2802	2.258022
1568	2802	2.258022
1569	2798	2.254799
1570	2806	2.261245
1571	2818	2.270916
1572	2806	2.261245
1573	2802	2.258022
1574	2806	2.261245
1575	2816	2.269304
1576	2816	2.269304
1577	2818	2.270916
1578	2816	2.269304
1579	2798	2.254799
1580	2806	2.261245
1581	2798	2.254799
1582	2806	2.261245
1583	2798	2.254799
1584	2816	2.269304
1585	2790	2.248352
1586	2791	2.249158
1587	2816	2.269304
1588	2806	2.261245
1589	2798	2.254799
1590	2798	2.254799
1591	2802	2.258022
1592	2790	2.248352
1593	2786	2.245128
1594	2790	2.248352
1595	2790	2.248352
1596	2806	2.261245
1597	2790	2.248352
1598	2791	2.249158
1599	2806	2.261245
1600	2790	2.248352
1601	2790	2.248352
1602	2790	2.248352
1603	2798	2.254799
1604	2791	2.249158
1605	2790	2.248352
1606	2790	2.248352
1607	2790	2.248352
1608	2790	2.248352
1609	2786	2.245128
1610	2790	2.248352
1611	2774	2.235458
1612	2790	2.248352
1613	2786	2.245128
1614	2786	2.245128
1615	2766	2.229011
1616	2774	2.235458
1617	2774	2.235458
1618	2774	2.235458
1619	2774	2.235458
1620	2790	2.248352
1621	2786	2.245128
1622	2774	2.235458
1623	2766	2.229011
1624	2766	2.229011
1625	2774	2.235458
1626	2774	2.235458
1627	2758	2.222564
1628	2770	2.232234
1629	2758	2.222564
1630	2758	2.222564
1631	2766	2.229011
1632	2758	2.222564
1633	2774	2.235458
1634	2766	2.229011
1635	2774	2.235458
1636	2758	2.222564
1637	2758	2.222564
1638	2774	2.235458
1639	2758	2.222564
1640	2758	2.222564
1641	2754	2.219341
1642	2766	2.229011
1643	2754	2.219341
1644	2742	2.209670
1645	2742	2.209670
1646	2754	2.219341
1647	2754	2.219341
1648	2742	2.209670
1649	2758	2.222564
1650	2758	2.222564
1651	2742	2.209670
1652	2758	2.222564
1653	2742	2.209670
1654	2742	2.209670
1655	2742	2.209670
1656	2734	2.203223
1657	2742	2.209670
1658	2742	2.209670
1659	2726	2.196777
1660	2726	2.196777
1661	2742	2.209670
1662	2754	2.219341
1663	2734	2.203223
1664	2726	2.196777
1665	2742	2.209670
1666	2734	2.203223
1667	2726	2.196777
1668	2727	2.197582
1669	2726	2.196777
1670	2742	2.209670
1671	2726	2.196777
1672	2710	2.183883
1673	2726	2.196777
1674	2726	2.196777
1675	2726	2.196777
1676	2710	2.183883
1677	2710	2.183883
1678	2726	2.196777
1679	2710	2.183883
1680	2722	2.193553
1681	2710	2.183883
1682	2710	2.183883
1683	2710	2.183883
1684	2726	2.196777
1685	2710	2.183883
1686	2722	2.193553
1687	2694	2.170989
1688	2710	2.183883
1689	2694	2.170989
1690	2710	2.183883
1691	2710	2.183883
1692	2722	2.193553
1693	2706	2.180659
1694	2694	2.170989
1695	2710	2.183883
1696	2694	2.170989
1697	2706	2.180659
1698	2694	2.170989
1699	2695	2.171795
1700	2686	2.164542
1701	2686	2.164542
1702	2686	2.164542
1703	2686	2.164542
1704	2678	2.158095
1705	2678	2.158095
1706	2686	2.164542
1707	2678	2.158095
1708	2678	2.158095
1709	2678	2.158095
1710	2678	2.158095
1711	2678	2.158095
1712	2678	2.158095
1713	2678	2.158095
1714	2670	2.151648
1715	2662	2.145201
1716	2670	2.151648
1717	2662	2.145201
1718	2662	2.145201
1719	2670	2.151648
1720	2662	2.145201
1721	2662	2.145201
1722	2662	2.145201
1723	2647	2.133114
1724	2646	2.132308
1725	2646	2.132308
1726	2646	2.132308
1727	2646	2.132308
1728	2646	2.132308
1729	2646	2.132308
1730	2638	2.125861
1731	2646	2.132308
1732	2646	2.132308
1733	2646	2.132308
1734	2646	2.132308
1735	2630	2.119414
1736	2638	2.125861
1737	2630	2.119414
1738	2630	2.119414
1739	2646	2.132308
1740	2638	2.125861
1741	2631	2.120220
1742	2630	2.119414
1743	2638	2.125861
1744	2630	2.119414
1745	2630	2.119414
1746	2622	2.112967
1747	2622	2.112967
1748	2614	2.106520
1749	2614	2.106520
1750	2614	2.106520
1751	2606	2.100073
1752	2606	2.100073
1753	2610	2.103297
1754	2598	2.093626
1755	2594	2.090403
1756	2606	2.100073
1757	2606	2.100073
1758	2598	2.093626
1759	2606	2.100073
1760	2598	2.093626
1761	2598	2.093626
1762	2594	2.090403
1763	2598	2.093626
1764	2594	2.090403
1765	2598	2.093626
1766	2578	2.077509
1767	2574	2.074286
1768	2598	2.093626
1769	2582	2.080733
1770	2578	2.077509
1771	2594	2.090403
1772	2567	2.068645
1773	2582	2.080733
1774	2566	2.067839
1775	2558	2.061392
1776	2558	2.061392
1777	2558	2.061392
1778	2559	2.062198
1779	2566	2.067839
1780	2578	2.077509
1781	2558	2.061392
1782	2550	2.054945
1783	2558	2.061392
1784	2550	2.054945
1785	2558	2.061392
1786	2559	2.062198
1787	2550	2.054945
1788	2550	2.054945
1789	2550	2.054945
1790	2550	2.054945
1791	2542	2.048498
1792	2550	2.054945
1793	2542	2.048498
1794	2550	2.054945
1795	2550	2.054945
1796	2542	2.048498
1797	2550	2.054945
1798	2542	2.048498
1799	2534	2.042051
1800	2542	2.048498
1801	2542	2.048498
1802	2534	2.042051
1803	2550	2.054945
1804	2534	2.042051
1805	2546	2.051722
1806	2534	2.042051
1807	2534	2.042051
1808	2542	2.048498
1809	2534	2.042051
1810	2534	2.042051
1811	2530	2.038828
1812	2535	2.042857
1813	2534	2.042051
1814	2534	2.042051
1815	2534	2.042051
1816	2534	2.042051
1817	2530	2.038828
1818	2519	2.029963
1819	2542	2.048498
1820	2550	2.054945
1821	2530	2.038828
1822	2534	2.042051
1823	2534	2.042051
1824	2530	2.038828
1825	2534	2.042051
1826	2534	2.042051
1827	2518	2.029158
1828	2534	2.042051
1829	2534	2.042051
1830	2534	2.042051
1831	2550	2.054945
1832	2534	2.042051
1833	2550	2.054945
1834	2546	2.051722
1835	2534	2.042051
1836	2534	2.042051
1837	2542	2.048498
1838	2550	2.054945
1839	2534	2.042051
1840	2550	2.054945
1841	2534	2.042051
1842	2542	2.048498
1843	2542	2.048498
1844	2534	2.042051
1845	2534	2.042051
1846	2534	2.042051
1847	2550	2.054945
1848	2542	2.048498
1849	2546	2.051722
1850	2550	2.054945
1851	2534	2.042051
1852	2534	2.042051
1853	2546	2.051722
1854	2558	2.061392
1855	2558	2.061392
1856	2550	2.054945
1857	2550	2.054945
1858	2550	2.054945
1859	2550	2.054945
1860	2542	2.048498
1861	2558	2.061392
1862	2558	2.061392
1863	2558	2.061392
1864	2566	2.067839
1865	2558	2.061392
1866	2559	2.062198
1867	2566	2.067839
1868	2558	2.061392
1869	2558	2.061392
1870	2566	2.067839
1871	2559	2.062198
1872	2582	2.080733
1873	2559	2.062198
1874	2558	2.061392
1875	2574	2.074286
1876	2582	2.080733
1877	2582	2.080733
1878	2574	2.074286
1879	2582	2.080733
1880	2590	2.087179
1881	2582	2.080733
1882	2582	2.080733
1883	2574	2.074286
1884	2582	2.080733
1885	2582	2.080733
1886	2590	2.087179
1887	2550	2.054945
1888	2582	2.080733
1889	2594	2.090403
1890	2590	2.087179
1891	2582	2.080733
1892	2594	2.090403
1893	2590	2.087179
1894	2590	2.087179
1895	2598	2.093626
1896	2598	2.093626
1897	2594	2.090403
1898	2582	2.080733
1899	2582	2.080733
1900	2598	2.093626
1901	2598	2.093626
1902	2606	2.100073
1903	2598	2.093626
1904	2610	2.103297
1905	2598	2.093626
1906	2598	2.093626
1907	2614	2.106520
1908	2606	2.100073
1909	2606	2.100073
1910	2614	2.106520
1911	2598	2.093626
1912	2606	2.100073
1913	2614	2.106520
1914	2606	2.100073
1915	2598	2.093626
1916	2610	2.103297
1917	2614	2.106520
1918	2606	2.100073
1919	2614	2.106520
1920	2606	2.100073
1921	2614	2.106520
1922	2614	2.106520
1923	2598	2.093626
1924	2598	2.093626
1925	2598	2.093626
1926	2626	2.116190
1927	2598	2.093626
1928	2614	2.106520
1929	2610	2.103297
1930	2626	2.116190
1931	2610	2.103297
1932	2614	2.106520
1933	2614	2.106520
1934	2626	2.116190
1935	2599	2.094432
1936	2614	2.106520
1937	2614	2.106520
1938	2614	2.106520
1939	2614	2.106520
1940	2626	2.116190
1941	2598	2.093626
1942	2610	2.103297
1943	2614	2.106520
1944	2622	2.112967
1945	2626	2.116190
1946	2614	2.106520
1947	2615	2.107326
1948	2598	2.093626
1949	2614	2.106520
1950	2630	2.119414
1951	2614	2.106520
1952	2614	2.106520
1953	2614	2.106520
1954	2630	2.119414
1955	2615	2.107326
1956	2626	2.116190
1957	2615	2.107326
1958	2614	2.106520
1959	2626	2.116190
1960	2622	2.112967
1961	2630	2.119414
1962	2626	2.116190
1963	2614	2.106520
1964	2614	2.106520
1965	2606	2.100073
1966	2614	2.106520
1967	2610	2.103297
1968	2598	2.093626
1969	2615	2.107326
1970	2614	2.106520
1971	2614	2.106520
1972	2614	2.106520
1973	2614	2.106520
1974	2614	2.106520
1975	2614	2.106520
1976	2614	2.106520
1977	2614	2.106520
1978	2614	2.106520
1979	2614	2.106520
1980	2606	2.100073
1981	2614	2.106520
1982	2614	2.106520
1983	2610	2.103297
1984	2614	2.106520
1985	2606	2.100073
1986	2614	2.106520
1987	2606	2.100073
1988	2614	2.106520
1989	2614	2.106520
1990	2614	2.106520
1991	2606	2.100073
1992	2614	2.106520
1993	2598	2.093626
1994	2614	2.106520
1995	2614	2.106520
1996	2599	2.094432
1997	2598	2.093626
1998	2610	2.103297
1999	2614	2.106520
2000	2598	2.093626
2001	2594	2.090403
2002	2594	2.090403
2003	2599	2.094432
2004	2598	2.093626
2005	2598	2.093626
2006	2598	2.093626
2007	2594	2.090403
2008	2594	2.090403
2009	2598	2.093626
2010	2598	2.093626
2011	2598	2.093626
2012	2590	2.087179
2013	2598	2.093626
2014	2606	2.100073
2015	2598	2.093626
2016	2594	2.090403
2017	2598	2.093626
2018	2594	2.090403
2019	2590	2.087179
2020	2598	2.093626
2021	2606	2.100073
2022	2598	2.093626
2023	2582	2.080733
2024	2598	2.093626
2025	2582	2.080733
2026	2582	2.080733
2027	2582	2.080733
2028	2582	2.080733
2029	2582	2.080733
2030	2598	2.093626
2031	2574	2.074286
2032	2578	2.077509
2033	2574	2.074286
2034	2574	2.074286
2035	2594	2.090403
2036	2582	2.080733
2037	2594	2.090403
2038	2582	2.080733
2039	2594	2.090403
2040	2566	2.067839
2041	2574	2.074286
2042	2582	2.080733
2043	2582	2.080733
2044	2582	2.080733
2045	2582	2.080733
2046	2566	2.067839
2047	2574	2.074286
2048	2582	2.080733
2049	2574	2.074286
2050	2574	2.074286
2051	2559	2.062198
2052	2574	2.074286
2053	2567	2.068645
2054	2567	2.068645
2055	2574	2.074286
2056	2566	2.067839
2057	2582	2.080733
2058	2559	2.062198
2059	2582	2.080733
2060	2559	2.062198
2061	2558	2.061392
2062	2558	2.061392
2063	2558	2.061392
2064	2578	2.077509
2065	2558	2.061392
2066	2566	2.067839
2067	2558	2.061392
2068	2550	2.054945
2069	2566	2.067839
2070	2558	2.061392
2071	2566	2.067839
2072	2550	2.054945
2073	2578	2.077509
2074	2559	2.062198
2075	2558	2.061392
2076	2566	2.067839
2077	2574	2.074286
2078	2559	2.062198
2079	2551	2.055751
2080	2558	2.061392
2081	2559	2.062198
2082	2566	2.067839
2083	2559	2.062198
2084	2578	2.077509
2085	2559	2.062198
2086	2559	2.062198
2087	2574	2.074286
2088	2558	2.061392
2089	2558	2.061392
2090	2559	2.062198
2091	2558	2.061392
2092	2559	2.062198
2093	2559	2.062198
2094	2550	2.054945
2095	2558	2.061392
2096	2566	2.067839
2097	2574	2.074286
2098	2574	2.074286
2099	2574	2.074286
2100	2559	2.062198
2101	2578	2.077509
2102	2566	2.067839
2103	2559	2.062198
2104	2566	2.067839
2105	2558	2.061392
2106	2559	2.062198
2107	2558	2.061392
2108	2558	2.061392
2109	2582	2.080733
2110	2559	2.062198
2111	2578	2.077509
2112	2582	2.080733
2113	2559	2.062198
2114	2582	2.080733
2115	2594	2.090403
2116	2559	2.062198
2117	2582	2.080733
2118	2582	2.080733
2119	2582	2.080733
2120	2582	2.080733
2121	2578	2.077509
2122	2582	2.080733
2123	2582	2.080733
2124	2582	2.080733
2125	2582	2.080733
2126	2582	2.080733
2127	2582	2.080733
2128	2590	2.087179
2129	2582	2.080733
2130	2582	2.080733
2131	2582	2.080733
2132	2574	2.074286
2133	2598	2.093626
2134	2590	2.087179
2135	2582	2.080733
2136	2582	2.080733
2137	2594	2.090403
2138	2594	2.090403
2139	2582	2.080733
2140	2582	2.080733
2141	2598	2.093626
2142	2598	2.093626
2143	2598	2.093626
2144	2598	2.093626
2145	2598	2.093626
2146	2598	2.093626
2147	2606	2.100073
2148	2598	2.093626
2149	2614	2.106520
2150	2598	2.093626
2151	2614	2.106520
2152	2598	2.093626
2153	2594	2.090403
2154	2598	2.093626
2155	2606	2.100073
2156	2606	2.100073
2157	2598	2.093626
2158	2614	2.106520
2159	2598	2.093626
2160	2606	2.100073
2161	2598	2.093626
2162	2606	2.100073
2163	2614	2.106520
2164	2606	2.100073
2165	2606	2.100073
2166	2606	2.100073
2167	2615	2.107326
2168	2606	2.100073
2169	2606	2.100073
2170	2626	2.116190
2171	2614	2.106520
2172	2606	2.100073
2173	2626	2.116190
2174	2630	2.119414
2175	2598	2.093626
2176	2630	2.119414
2177	2614	2.106520
2178	2615	2.107326
2179	2626	2.116190
2180	2622	2.112967
2181	2630	2.119414
2182	2630	2.119414
2183	2630	2.119414
2184	2622	2.112967
2185	2626	2.116190
2186	2615	2.107326
2187	2630	2.119414
2188	2630	2.119414
2189	2630	2.119414
2190	2630	2.119414
2191	2630	2.119414
2192	2642	2.129084
2193	2615	2.107326
2194	2630	2.119414
2195	2631	2.120220
2196	2630	2.119414
2197	2630	2.119414
2198	2630	2.119414
2199	2614	2.106520
2200	2631	2.120220
2201	2630	2.119414
2202	2638	2.125861
2203	2638	2.125861
2204	2626	2.116190
2205	2646	2.132308
2206	2630	2.119414
2207	2626	2.116190
2208	2630	2.119414
2209	2630	2.119414
2210	2638	2.125861
2211	2638	2.125861
2212	2646	2.132308
2213	2630	2.119414
2214	2630	2.119414
2215	2626	2.116190
2216	2638	2.125861
2217	2630	2.119414
2218	2631	2.120220
2219	2630	2.119414
2220	2630	2.119414
2221	2626	2.116190
2222	2630	2.119414
2223	2622	2.112967
2224	2614	2.106520
2225	2614	2.106520
2226	2630	2.119414
2227	2626	2.116190
2228	2614	2.106520
2229	2630	2.119414
2230	2630	2.119414
2231	2630	2.119414
2232	2638	2.125861
2233	2646	2.132308
2234	2622	2.112967
2235	2626	2.116190
2236	2630	2.119414
2237	2626	2.116190
2238	2626	2.116190
2239	2630	2.119414
2240	2622	2.112967
2241	2626	2.116190
2242	2614	2.106520
2243	2614	2.106520
2244	2630	2.119414
2245	2626	2.116190
2246	2626	2.116190
2247	2614	2.106520
2248	2614	2.106520
2249	2614	2.106520
2250	2614	2.106520
2251	2614	2.106520
2252	2614	2.106520
2253	2614	2.106520
2254	2610	2.103297
2255	2614	2.106520
2256	2614	2.106520
2257	2614	2.106520
2258	2622	2.112967
2259	2598	2.093626
2260	2598	2.093626
2261	2606	2.100073
2262	2606	2.100073
2263	2598	2.093626
2264	2598	2.093626
2265	2594	2.090403
2266	2582	2.080733
2267	2598	2.093626
2268	2582	2.080733
2269	2594	2.090403
2270	2582	2.080733
2271	2582	2.080733
2272	2567	2.068645
2273	2582	2.080733
2274	2582	2.080733
2275	2582	2.080733
2276	2582	2.080733
2277	2583	2.081538
2278	2566	2.067839
2279	2559	2.062198
2280	2574	2.074286
2281	2550	2.054945
2282	2559	2.062198
2283	2558	2.061392
2284	2558	2.061392
2285	2559	2.062198
2286	2559	2.062198
2287	2542	2.048498
2288	2558	2.061392
2289	2546	2.051722
2290	2558	2.061392
2291	2551	2.055751
2292	2550	2.054945
2293	2534	2.042051
2294	2546	2.051722
2295	2550	2.054945
2296	2542	2.048498
2297	2534	2.042051
2298	2530	2.038828
2299	2518	2.029158
2300	2542	2.048498
2301	2518	2.029158
2302	2518	2.029158
2303	2518	2.029158
2304	2510	2.022711
2305	2502	2.016264
2306	2518	2.029158
2307	2518	2.029158
2308	2502	2.016264
2309	2510	2.022711
2310	2510	2.022711
2311	2502	2.016264
2312	2498	2.013040
2313	2486	2.003370
2314	2486	2.003370
2315	2498	2.013040
2316	2487	2.004176
2317	2470	1.990476
2318	2486	2.003370
2319	2486	2.003370
2320	2486	2.003370
2321	2486	2.003370
2322	2486	2.003370
2323	2478	1.996923
2324	2470	1.990476
2325	2482	2.000147
2326	2470	1.990476
2327	2478	1.996923
2328	2466	1.987253
2329	2470	1.990476
2330	2470	1.990476
2331	2466	1.987253
2332	2470	1.990476
2333	2470	1.990476
2334	2454	1.977582
2335	2470	1.990476
2336	2482	2.000147
2337	2466	1.987253
2338	2470	1.990476
2339	2470	1.990476
2340	2471	1.991282
2341	2470	1.990476
2342	2470	1.990476
2343	2470	1.990476
2344	2470	1.990476
2345	2454	1.977582
2346	2470	1.990476
2347	2478	1.996923
2348	2454	1.977582
2349	2470	1.990476
2350	2482	2.000147
2351	2486	2.003370
2352	2470	1.990476
2353	2470	1.990476
2354	2478	1.996923
2355	2478	1.996923
2356	2478	1.996923
2357	2486	2.003370
2358	2486	2.003370
2359	2478	1.996923
2360	2498	2.013040
2361	2486	2.003370
2362	2498	2.013040
2363	2486	2.003370
2364	2486	2.003370
2365	2486	2.003370
2366	2502	2.016264
2367	2498	2.013040
2368	2502	2.016264
2369	2510	2.022711
2370	2487	2.004176
2371	2510	2.022711
2372	2510	2.022711
2373	2502	2.016264
2374	2518	2.029158
2375	2518	2.029158
2376	2518	2.029158
2377	2518	2.029158
2378	2518	2.029158
2379	2518	2.029158
2380	2530	2.038828
2381	2518	2.029158
2382	2535	2.042857
2383	2534	2.042051
2384	2542	2.048498
2385	2550	2.054945
2386	2534	2.042051
2387	2542	2.048498
2388	2534	2.042051
2389	2534	2.042051
2390	2534	2.042051
2391	2550	2.054945
2392	2550	2.054945
2393	2550	2.054945
2394	2558	2.061392
2395	2558	2.061392
2396	2574	2.074286
2397	2550	2.054945
2398	2558	2.061392
2399	2574	2.074286
2400	2574	2.074286
2401	2578	2.077509
2402	2574	2.074286
2403	2582	2.080733
2404	2594	2.090403
2405	2582	2.080733
2406	2582	2.080733
2407	2582	2.080733
2408	2598	2.093626
2409	2582	2.080733
2410	2599	2.094432
2411	2582	2.080733
2412	2594	2.090403
2413	2598	2.093626
2414	2606	2.100073
2415	2582	2.080733
2416	2606	2.100073
2417	2610	2.103297
2418	2614	2.106520
2419	2606	2.100073
2420	2614	2.106520
2421	2614	2.106520
2422	2614	2.106520
2423	2614	2.106520
2424	2614	2.106520
2425	2614	2.106520
2426	2614	2.106520
2427	2630	2.119414
2428	2630	2.119414
2429	2630	2.119414
2430	2630	2.119414
2431	2642	2.129084
2432	2638	2.125861
2433	2646	2.132308
2434	2630	2.119414
2435	2646	2.132308
2436	2630	2.119414
2437	2646	2.132308
2438	2646	2.132308
2439	2638	2.125861
2440	2654	2.138755
2441	2638	2.125861
2442	2646	2.132308
2443	2658	2.141978
2444	2646	2.132308
2445	2638	2.125861
2446	2642	2.129084
2447	2630	2.119414
2448	2662	2.145201
2449	2646	2.132308
2450	2646	2.132308
2451	2658	2.141978
2452	2646	2.132308
2453	2647	2.133114
2454	2646	2.132308
2455	2646	2.132308
2456	2662	2.145201
2457	2662	2.145201
2458	2662	2.145201
2459	2662	2.145201
2460	2658	2.141978
2461	2658	2.141978
2462	2662	2.145201
2463	2662	2.145201
2464	2674	2.154872
2465	2678	2.158095
2466	2678	2.158095
2467	2678	2.158095
2468	2678	2.158095
2469	2674	2.154872
2470	2662	2.145201
2471	2662	2.145201
2472	2678	2.158095
2473	2662	2.145201
2474	2670	2.151648
2475	2670	2.151648
2476	2678	2.158095
2477	2678	2.158095
2478	2686	2.164542
2479	2670	2.151648
2480	2686	2.164542
2481	2670	2.151648
2482	2686	2.164542
2483	2678	2.158095
2484	2686	2.164542
2485	2686	2.164542
2486	2678	2.158095
2487	2678	2.158095
2488	2686	2.164542
2489	2686	2.164542
2490	2694	2.170989
2491	2694	2.170989
2492	2706	2.180659
2493	2686	2.164542
2494	2687	2.165348
2495	2694	2.170989
2496	2702	2.177436
2497	2694	2.170989
2498	2710	2.183883
2499	2710	2.183883
2500	2710	2.183883
2501	2711	2.184689
2502	2710	2.183883
2503	2702	2.177436
2504	2726	2.196777
2505	2726	2.196777
2506	2722	2.193553
2507	2722	2.193553
2508	2710	2.183883
2509	2710	2.183883
2510	2722	2.193553
2511	2710	2.183883
2512	2726	2.196777
2513	2710	2.183883
2514	2710	2.183883
2515	2726	2.196777
2516	2742	2.209670
2517	2742	2.209670
2518	2738	2.206447
2519	2734	2.203223
2520	2742	2.209670
2521	2726	2.196777
2522	2734	2.203223
2523	2726	2.196777
2524	2726	2.196777
2525	2726	2.196777
2526	2738	2.206447
2527	2734	2.203223
2528	2734	2.203223
2529	2722	2.193553
2530	2742	2.209670
2531	2742	2.209670
2532	2742	2.209670
2533	2738	2.206447
2534	2726	2.196777
2535	2742	2.209670
2536	2742	2.209670
2537	2754	2.219341
2538	2742	2.209670
2539	2742	2.209670
2540	2726	2.196777
2541	2754	2.219341
2542	2742	2.209670
2543	2743	2.210476
2544	2754	2.219341
2545	2742	2.209670
2546	2758	2.222564
2547	2742	2.209670
2548	2754	2.219341
2549	2754	2.219341
2550	2754	2.219341
2551	2754	2.219341
2552	2770	2.232234
2553	2758	2.222564
2554	2754	2.219341
2555	2754	2.219341
2556	2758	2.222564
2557	2742	2.209670
2558	2742	2.209670
2559	2758	2.222564
2560	2758	2.222564
2561	2786	2.245128
2562	2774	2.235458
2563	2766	2.229011
2564	2758	2.222564
2565	2758	2.222564
2566	2770	2.232234
2567	2758	2.222564
2568	2766	2.229011
2569	2758	2.222564
2570	2766	2.229011
2571	2774	2.235458
2572	2774	2.235458
2573	2759	2.223370
2574	2774	2.235458
2575	2758	2.222564
2576	2758	2.222564
2577	2758	2.222564
2578	2786	2.245128
2579	2770	2.232234
2580	2774	2.235458
2581	2774	2.235458
2582	2784	2.243516
2583	2774	2.235458
2584	2774	2.235458
2585	2774	2.235458
2586	2790	2.248352
2587	2774	2.235458
2588	2774	2.235458
2589	2790	2.248352
2590	2786	2.245128
2591	2790	2.248352
2592	2786	2.245128
2593	2790	2.248352
2594	2790	2.248352
2595	2790	2.248352
2596	2786	2.245128
2597	2774	2.235458
2598	2774	2.235458
2599	2774	2.235458
2600	2786	2.245128
2601	2790	2.248352
2602	2774	2.235458
2603	2790	2.248352
2604	2790	2.248352
2605	2774	2.235458
2606	2790	2.248352
2607	2798	2.254799
2608	2790	2.248352
2609	2790	2.248352
2610	2790	2.248352
2611	2802	2.258022
2612	2816	2.269304
2613	2790	2.248352
2614	2798	2.254799
2615	2790	2.248352
2616	2806	2.261245
2617	2806	2.261245
2618	2806	2.261245
2619	2822	2.274139
2620	2806	2.261245
2621	2816	2.269304
2622	2818	2.270916
2623	2818	2.270916
2624	2816	2.269304
2625	2818	2.270916
2626	2806	2.261245
2627	2816	2.269304
2628	2818	2.270916
2629	2822	2.274139
2630	2822	2.274139
2631	2822	2.274139
2632	2822	2.274139
2633	2822	2.274139
2634	2822	2.274139
2635	2822	2.274139
2636	2822	2.274139
2637	2822	2.274139
2638	2834	2.283810
2639	2830	2.280586
2640	2822	2.274139
2641	2822	2.274139
2642	2822	2.274139
2643	2830	2.280586
2644	2834	2.283810
2645	2830	2.280586
2646	2834	2.283810
2647	2838	2.287033
2648	2838	2.287033
2649	2838	2.287033
2650	2854	2.299927
2651	2854	2.299927
2652	2854	2.299927
2653	2838	2.287033
2654	2838	2.287033
2655	2822	2.274139
2656	2838	2.287033
2657	2838	2.287033
2658	2838	2.287033
2659	2838	2.287033
2660	2838	2.287033
2661	2854	2.299927
2662	2850	2.296703
2663	2838	2.287033
2664	2838	2.287033
2665	2854	2.299927
2666	2838	2.287033
2667	2838	2.287033
2668	2854	2.299927
2669	2850	2.296703
2670	2838	2.287033
2671	2854	2.299927
2672	2850	2.296703
2673	2854	2.299927
2674	2854	2.299927
2675	2838	2.287033
2676	2850	2.296703
2677	2854	2.299927
2678	2854	2.299927
2679	2862	2.306374
2680	2854	2.299927
2681	2854	2.299927
2682	2862	2.306374
2683	2854	2.299927
2684	2870	2.312821
2685	2862	2.306374
2686	2854	2.299927
2687	2854	2.299927
2688	2854	2.299927
2689	2854	2.299927
2690	2862	2.306374
2691	2862	2.306374
2692	2866	2.309597
2693	2870	2.312821
2694	2854	2.299927
2695	2870	2.312821
2696	2882	2.322491
2697	2854	2.299927
2698	2870	2.312821
2699	2878	2.319267
2700	2870	2.312821
2701	2862	2.306374
2702	2870	2.312821
2703	2854	2.299927
2704	2870	2.312821
2705	2854	2.299927
2706	2870	2.312821
2707	2870	2.312821
2708	2870	2.312821
2709	2862	2.306374
2710	2870	2.312821
2711	2870	2.312821
2712	2878	2.319267
2713	2878	2.319267
2714	2870	2.312821
2715	2882	2.322491
2716	2870	2.312821
2717	2878	2.319267
2718	2870	2.312821
2719	2870	2.312821
2720	2870	2.312821
2721	2870	2.312821
2722	2882	2.322491
2723	2878	2.319267
2724	2882	2.322491
2725	2882	2.322491
2726	2870	2.312821
2727	2870	2.312821
2728	2870	2.312821
2729	2882	2.322491
2730	2886	2.325714
2731	2886	2.325714
2732	2886	2.325714
2733	2886	2.325714
2734	2886	2.325714
2735	2886	2.325714
2736	2882	2.322491
2737	2882	2.322491
2738	2886	2.325714
2739	2882	2.322491
2740	2870	2.312821
2741	2870	2.312821
2742	2886	2.325714
2743	2886	2.325714
2744	2886	2.325714
2745	2882	2.322491
2746	2886	2.325714
2747	2886	2.325714
2748	2902	2.338608
2749	2894	2.332161
2750	2886	2.325714
2751	2886	2.325714
2752	2894	2.332161
2753	2894	2.332161
2754	2886	2.325714
2755	2886	2.325714
2756	2870	2.312821
2757	2886	2.325714
2758	2886	2.325714
2759	2886	2.325714
2760	2886	2.325714
2761	2898	2.335385
2762	2902	2.338608
2763	2902	2.338608
2764	2902	2.338608
2765	2902	2.338608
2766	2914	2.348278
2767	2902	2.338608
2768	2902	2.338608
2769	2902	2.338608
2770	2914	2.348278
2771	2902	2.338608
2772	2914	2.348278
2773	2914	2.348278
2774	2914	2.348278
2775	2902	2.338608
2776	2918	2.351502
2777	2902	2.338608
2778	2902	2.338608
2779	2902	2.338608
2780	2914	2.348278
2781	2914	2.348278
2782	2902	2.338608
2783	2902	2.338608
2784	2918	2.351502
2785	2918	2.351502
2786	2902	2.338608
2787	2918	2.351502
2788	2918	2.351502
2789	2918	2.351502
2790	2918	2.351502
2791	2918	2.351502
2792	2918	2.351502
2793	2918	2.351502
2794	2918	2.351502
2795	2918	2.351502
2796	2914	2.348278
2797	2918	2.351502
2798	2914	2.348278
2799	2926	2.357949
2800	2926	2.357949
2801	2902	2.338608
2802	2918	2.351502
2803	2914	2.348278
2804	2926	2.357949
2805	2918	2.351502
2806	2914	2.348278
2807	2918	2.351502
2808	2918	2.351502
2809	2926	2.357949
2810	2918	2.351502
2811	2918	2.351502
2812	2914	2.348278
2813	2926	2.357949
2814	2930	2.361172
2815	2914	2.348278
2816	2934	2.364396
2817	2918	2.351502
2818	2926	2.357949
2819	2934	2.364396
2820	2918	2.351502
2821	2918	2.351502
2822	2914	2.348278
2823	2934	2.364396
2824	2926	2.357949
2825	2926	2.357949
2826	2926	2.357949
2827	2918	2.351502
2828	2926	2.357949
2829	2934	2.364396
2830	2918	2.351502
2831	2926	2.357949
2832	2918	2.351502
2833	2934	2.364396
2834	2926	2.357949
2835	2934	2.364396
2836	2919	2.352308
2837	2926	2.357949
2838	2934	2.364396
2839	2918	2.351502
2840	2934	2.364396
2841	2930	2.361172
2842	2934	2.364396
2843	2930	2.361172
2844	2934	2.364396
2845	2934	2.364396
2846	2934	2.364396
2847	2926	2.357949
2848	2934	2.364396
2849	2918	2.351502
2850	2918	2.351502
2851	2918	2.351502
2852	2934	2.364396
2853	2934	2.364396
2854	2934	2.364396
2855	2926	2.357949
2856	2942	2.370842
2857	2934	2.364396
2858	2934	2.364396
2859	2926	2.357949
2860	2942	2.370842
2861	2935	2.365201
2862	2934	2.364396
2863	2934	2.364396
2864	2934	2.364396
2865	2934	2.364396
2866	2926	2.357949
2867	2926	2.357949
2868	2950	2.377289
2869	2950	2.377289
2870	2926	2.357949
2871	2934	2.364396
2872	2934	2.364396
2873	2942	2.370842
2874	2942	2.370842
2875	2934	2.364396
2876	2950	2.377289
2877	2934	2.364396
2878	2942	2.370842
2879	2934	2.364396
2880	2934	2.364396
2881	2950	2.377289
2882	2950	2.377289
2883	2942	2.370842
2884	2942	2.370842
2885	2942	2.370842
2886	2942	2.370842
2887	2950	2.377289
2888	2950	2.377289
2889	2950	2.377289
2890	2950	2.377289
2891	2942	2.370842
2892	2942	2.370842
2893	2934	2.364396
2894	2942	2.370842
2895	2942	2.370842
2896	2950	2.377289
2897	2942	2.370842
2898	2942	2.370842
2899	2942	2.370842
2900	2950	2.377289
2901	2950	2.377289
2902	2950	2.377289
2903	2950	2.377289
2904	2942	2.370842
2905	2942	2.370842
2906	2942	2.370842
2907	2950	2.377289
2908	2942	2.370842
2909	2950	2.377289
2910	2950	2.377289
2911	2958	2.383736
2912	2950	2.377289
2913	2950	2.377289
2914	2950	2.377289
2915	2942	2.370842
2916	2950	2.377289
2917	2950	2.377289
2918	2950	2.377289
2919	2958	2.383736
2920	2958	2.383736
2921	2950	2.377289
2922	2951	2.378095
2923	2950	2.377289
2924	2958	2.383736
2925	2950	2.377289
2926	2962	2.386960
2927	2942	2.370842
2928	2950	2.377289
2929	2950	2.377289
2930	2950	2.377289
2931	2950	2.377289
2932	2950	2.377289
2933	2962	2.386960
2934	2966	2.390183
2935	2958	2.383736
2936	2962	2.386960
2937	2950	2.377289
2938	2950	2.377289
2939	2966	2.390183
2940	2966	2.390183
2941	2942	2.370842
2942	2958	2.383736
2943	2962	2.386960
2944	2966	2.390183
2945	2950	2.377289
2946	2950	2.377289
2947	2950	2.377289
2948	2958	2.383736
2949	2950	2.377289
2950	2982	2.403077
2951	2966	2.390183
2952	2958	2.383736
2953	2966	2.390183
2954	2958	2.383736
2955	2962	2.386960
2956	2966	2.390183
2957	2950	2.377289
2958	2950	2.377289
2959	2950	2.377289
2960	2966	2.390183
2961	2958	2.383736
2962	2951	2.378095
2963	2966	2.390183
2964	2950	2.377289
2965	2966	2.390183
2966	2966	2.390183
2967	2950	2.377289
2968	2966	2.390183
2969	2958	2.383736
2970	2966	2.390183
2971	2966	2.390183
2972	2966	2.390183
2973	2966	2.390183
2974	2966	2.390183
2975	2978	2.399853
2976	2978	2.399853
2977	2966	2.390183
2978	2966	2.390183
2979	2966	2.390183
2980	2962	2.386960
2981	2966	2.390183
2982	2966	2.390183
2983	2966	2.390183
2984	2958	2.383736
2985	2966	2.390183
2986	2966	2.390183
2987	2966	2.390183
2988	2966	2.390183
2989	2958	2.383736
2990	2966	2.390183
2991	2966	2.390183
2992	2966	2.390183
2993	2966	2.390183
2994	2966	2.390183
2995	2966	2.390183
2996	2966	2.390183
2997	2966	2.390183
2998	2966	2.390183
2999	2966	2.390183
3000	2966	2.390183
3001	2966	2.390183
3002	2966	2.390183
3003	2966	2.390183
3004	2966	2.390183
3005	2966	2.390183
3006	2966	2.390183
3007	2978	2.399853
3008	2966	2.390183
3009	2966	2.390183
3010	2966	2.390183
3011	2978	2.399853
3012	2966	2.390183
3013	2966	2.390183
3014	2966	2.390183
3015	2966	2.390183
3016	2966	2.390183
3017	2966	2.390183
3018	2966	2.390183
3019	2978	2.399853
3020	2978	2.399853
3021	2978	2.399853
3022	2966	2.390183
3023	2966	2.390183
3024	2966	2.390183
3025	2966	2.390183
3026	2966	2.390183
3027	2978	2.399853
3028	2966	2.390183
3029	2982	2.403077
3030	2966	2.390183
3031	2978	2.399853
3032	2962	2.386960
3033	2966	2.390183
3034	2958	2.383736
3035	2966	2.390183
3036	2966	2.390183
3037	2966	2.390183
3038	2978	2.399853
3039	2966	2.390183
3040	2966	2.390183
3041	2966	2.390183
3042	2966	2.390183
3043	2966	2.390183
3044	2966	2.390183
3045	2978	2.399853
3046	2978	2.399853
3047	2978	2.399853
3048	2982	2.403077
3049	2978	2.399853
3050	2978	2.399853
3051	2978	2.399853
3052	2967	2.390989
3053	2982	2.403077
3054	2966	2.390183
3055	2978	2.399853
3056	2966	2.390183
3057	2966	2.390183
3058	2966	2.390183
3059	2978	2.399853
3060	2966	2.390183
3061	2982	2.403077
3062	2982	2.403077
3063	2978	2.399853
3064	2978	2.399853
3065	2966	2.390183
3066	2982	2.403077
3067	2966	2.390183
3068	2982	2.403077
3069	2966	2.390183
3070	2966	2.390183
3071	2978	2.399853
3072	2978	2.399853
3073	2982	2.403077
3074	2978	2.399853
3075	2966	2.390183
3076	2978	2.399853
3077	2978	2.399853
3078	2982	2.403077
3079	2982	2.403077
3080	2982	2.403077
3081	2966	2.390183
3082	2982	2.403077
3083	2966	2.390183
3084	2978	2.399853
3085	2982	2.403077
3086	2982	2.403077
3087	2982	2.403077
3088	2982	2.403077
3089	2982	2.403077
3090	2978	2.399853
3091	2982	2.403077
3092	2966	2.390183
3093	2978	2.399853
3094	2978	2.399853
3095	2982	2.403077
3096	2982	2.403077
3097	2982	2.403077
3098	2982	2.403077
3099	2978	2.399853
3100	2966	2.390183
3101	2978	2.399853
3102	2978	2.399853
3103	2982	2.403077
3104	2966	2.390183
3105	2966	2.390183
3106	2966	2.390183
3107	2966	2.390183
3108	2982	2.403077
3109	2982	2.403077
3110	2982	2.403077
3111	2990	2.409524
3112	2978	2.399853
3113	2978	2.399853
3114	2982	2.403077
3115	2978	2.399853
3116	2966	2.390183
3117	2966	2.390183
3118	2982	2.403077
3119	2978	2.399853
3120	2978	2.399853
3121	2962	2.386960
3122	2982	2.403077
3123	2978	2.399853
3124	2982	2.403077
3125	2978	2.399853
3126	2982	2.403077
3127	2978	2.399853
3128	2978	2.399853
3129	2978	2.399853
3130	2966	2.390183
3131	2982	2.403077
3132	2982	2.403077
3133	2966	2.390183
3134	2982	2.403077
3135	2982	2.403077
3136	2982	2.403077
3137	2982	2.403077
3138	2982	2.403077
3139	2966	2.390183
3140	2966	2.390183
3141	2982	2.403077
3142	2982	2.403077
3143	2982	2.403077
3144	2990	2.409524
3145	2978	2.399853
3146	2990	2.409524
3147	2983	2.403883
3148	2966	2.390183
3149	2982	2.403077
3150	2982	2.403077
3151	2982	2.403077
3152	2966	2.390183
3153	2982	2.403077
3154	2982	2.403077
3155	2982	2.403077
3156	2982	2.403077
3157	2982	2.403077
3158	2982	2.403077
3159	2978	2.399853
3160	2982	2.403077
3161	2978	2.399853
3162	2982	2.403077
3163	2982	2.403077
3164	2982	2.403077
3165	2982	2.403077
3166	2982	2.403077
3167	2982	2.403077
3168	2982	2.403077
3169	2982	2.403077
3170	2982	2.403077
3171	2998	2.415971
3172	2978	2.399853
3173	2983	2.403883
3174	2982	2.403077
3175	2990	2.409524
3176	2998	2.415971
3177	2982	2.403077
3178	2982	2.403077
3179	2982	2.403077
3180	2982	2.403077
3181	2982	2.403077
3182	2982	2.403077
3183	2990	2.409524
3184	2983	2.403883
3185	2982	2.403077
3186	2982	2.403077
3187	2982	2.403077
3188	2982	2.403077
3189	2982	2.403077
3190	2978	2.399853
3191	2982	2.403077
3192	2982	2.403077
3193	2990	2.409524
3194	2982	2.403077
3195	2982	2.403077
3196	2978	2.399853
3197	2982	2.403077
3198	2982	2.403077
3199	2978	2.399853
3200	2982	2.403077
3201	2982	2.403077
3202	2982	2.403077
3203	2982	2.403077
3204	2982	2.403077
3205	2982	2.403077
3206	2982	2.403077
3207	2994	2.412747
3208	2978	2.399853
3209	2982	2.403077
3210	2982	2.403077
3211	2982	2.403077
3212	2982	2.403077
3213	2982	2.403077
3214	2978	2.399853
3215	2982	2.403077
3216	2982	2.403077
3217	2966	2.390183
3218	2982	2.403077
3219	2982	2.403077
3220	2998	2.415971
3221	2982	2.403077
3222	2978	2.399853
3223	2982	2.403077
3224	2982	2.403077
3225	2982	2.403077
3226	2998	2.415971
3227	2982	2.403077
3228	2982	2.403077
3229	2982	2.403077
3230	2982	2.403077
3231	2982	2.403077
3232	2982	2.403077
3233	2982	2.403077
3234	2998	2.415971
3235	2990	2.409524
3236	2982	2.403077
3237	2982	2.403077
3238	2982	2.403077
3239	2982	2.403077
3240	2982	2.403077
3241	2982	2.403077
3242	2982	2.403077
3243	2982	2.403077
3244	2982	2.403077
3245	2982	2.403077
3246	2982	2.403077
3247	2982	2.403077
3248	2982	2.403077
3249	2982	2.403077
3250	2982	2.403077
3251	2982	2.403077
3252	2982	2.403077
3253	2994	2.412747
3254	2982	2.403077
3255	2982	2.403077
3256	2982	2.403077
3257	2990	2.409524
3258	2983	2.403883
3259	2982	2.403077
3260	2990	2.409524
3261	2990	2.409524
3262	2998	2.415971
3263	2982	2.403077
3264	2982	2.403077
3265	2982	2.403077
3266	2982	2.403077
3267	2990	2.409524
3268	2982	2.403077
3269	2998	2.415971
3270	2982	2.403077
3271	2990	2.409524
3272	2982	2.403077
3273	2990	2.409524
3274	2990	2.409524
3275	2982	2.403077
3276	2998	2.415971
3277	2998	2.415971
3278	2994	2.412747
3279	2990	2.409524
3280	2994	2.412747
3281	2994	2.412747
3282	2982	2.403077
3283	2982	2.403077
3284	2998	2.415971
3285	2990	2.409524
3286	2982	2.403077
3287	2990	2.409524
3288	2982	2.403077
3289	2982	2.403077
3290	2998	2.415971
3291	2994	2.412747
3292	2998	2.415971
3293	2990	2.409524
3294	2982	2.403077
3295	2998	2.415971
3296	2983	2.403883
3297	2982	2.403077
3298	2990	2.409524
3299	2998	2.415971
3300	2990	2.409524
3301	2982	2.403077
3302	2990	2.409524
3303	2982	2.403077
3304	2998	2.415971
3305	2990	2.409524
3306	2990	2.409524
3307	2982	2.403077
3308	2982	2.403077
3309	2998	2.415971
3310	3010	2.425641
3311	2982	2.403077
3312	2998	2.415971
3313	2998	2.415971
3314	2990	2.409524
3315	2982	2.403077
3316	2998	2.415971
3317	2990	2.409524
3318	2982	2.403077
3319	2994	2.412747
3320	2994	2.412747
3321	2998	2.415971
3322	2982	2.403077
3323	2998	2.415971
3324	2982	2.403077
3325	2982	2.403077
3326	2998	2.415971
3327	2990	2.409524
3328	2998	2.415971
3329	2998	2.415971
3330	2990	2.409524
3331	2982	2.403077
3332	2998	2.415971
3333	2990	2.409524
3334	2990	2.409524
3335	2994	2.412747
3336	2998	2.415971
3337	2982	2.403077
3338	2998	2.415971
3339	2990	2.409524
3340	2998	2.415971
3341	2994	2.412747
3342	2994	2.412747
3343	2998	2.415971
3344	2990	2.409524
3345	2982	2.403077
3346	2982	2.403077
3347	2982	2.403077
3348	2998	2.415971
3349	3010	2.425641
3350	2982	2.403077
3351	2998	2.415971
3352	2990	2.409524
3353	2982	2.403077
3354	2990	2.409524
3355	2998	2.415971
3356	2998	2.415971
3357	2982	2.403077
3358	2994	2.412747
3359	2982	2.403077
3360	2998	2.415971
3361	2982	2.403077
3362	2998	2.415971
3363	2998	2.415971
3364	2982	2.403077
3365	2990	2.409524
3366	2998	2.415971
3367	2990	2.409524
3368	2998	2.415971
3369	2998	2.415971
3370	2982	2.403077
3371	2998	2.415971
3372	2998	2.415971
3373	2998	2.415971
3374	2982	2.403077
3375	2994	2.412747
3376	2982	2.403077
3377	2982	2.403077
3378	2998	2.415971
3379	2998	2.415971
3380	2998	2.415971
3381	2990	2.409524
3382	2990	2.409524
3383	2982	2.403077
3384	2998	2.415971
3385	2982	2.403077
3386	2998	2.415971
3387	2998	2.415971
3388	2990	2.409524
3389	2982	2.403077
3390	2998	2.415971
3391	2982	2.403077
3392	2998	2.415971
3393	2998	2.415971
3394	2998	2.415971
3395	2982	2.403077
3396	2998	2.415971
3397	2982	2.403077
3398	2982	2.403077
3399	2998	2.415971
3400	2982	2.403077
3401	2990	2.409524
3402	2982	2.403077
3403	2994	2.412747
3404	2982	2.403077
3405	2998	2.415971
3406	3010	2.425641
3407	2990	2.409524
3408	2982	2.403077
3409	2998	2.415971
3410	2998	2.415971
3411	2998	2.415971
3412	2990	2.409524
3413	2990	2.409524
3414	2994	2.412747
3415	2994	2.412747
3416	2982	2.403077
3417	2998	2.415971
3418	2990	2.409524
3419	2998	2.415971
3420	2982	2.403077
3421	2982	2.403077
3422	2990	2.409524
3423	2983	2.403883
3424	2982	2.403077
3425	2998	2.415971
3426	2983	2.403883
3427	2978	2.399853
3428	2982	2.403077
3429	2982	2.403077
3430	2994	2.412747
3431	2990	2.409524
3432	2982	2.403077
3433	2982	2.403077
3434	2994	2.412747
3435	2982	2.403077
3436	2982	2.403077
3437	2982	2.403077
3438	2998	2.415971
3439	2998	2.415971
3440	2998	2.415971
3441	2990	2.409524
3442	2990	2.409524
3443	2990	2.409524
3444	2990	2.409524
3445	2990	2.409524
3446	2990	2.409524
3447	2982	2.403077
3448	2982	2.403077
3449	2990	2.409524
3450	2998	2.415971
3451	2982	2.403077
3452	2990	2.409524
3453	2982	2.403077
3454	2994	2.412747
3455	2998	2.415971
3456	2982	2.403077
3457	2982	2.403077
3458	2998	2.415971
3459	2982	2.403077
3460	2982	2.403077
3461	2994	2.412747
3462	2994	2.412747
3463	2983	2.403883
3464	2982	2.403077
3465	2998	2.415971
3466	2998	2.415971
3467	2990	2.409524
3468	2998	2.415971
3469	2982	2.403077
3470	2982	2.403077
3471	2978	2.399853
3472	2994	2.412747
3473	2998	2.415971
3474	2982	2.403077
3475	2982	2.403077
3476	2982	2.403077
3477	2982	2.403077
3478	2998	2.415971
3479	2982	2.403077
3480	2982	2.403077
3481	2990	2.409524
3482	2990	2.409524
3483	2990	2.409524
3484	2982	2.403077
3485	2982	2.403077
3486	2983	2.403883
3487	2990	2.409524
3488	2983	2.403883
3489	2983	2.403883
3490	2998	2.415971
3491	2982	2.403077
3492	2983	2.403883
3493	2982	2.403077
3494	2990	2.409524
3495	2982	2.403077
3496	2994	2.412747
3497	2982	2.403077
3498	2982	2.403077
3499	2982	2.403077
3500	2982	2.403077
3501	2982	2.403077
3502	2982	2.403077
3503	2982	2.403077
3504	2982	2.403077
3505	2978	2.399853
3506	2982	2.403077
3507	2978	2.399853
3508	2982	2.403077
3509	2982	2.403077
3510	2982	2.403077
3511	2982	2.403077
3512	2982	2.403077
3513	2966	2.390183
3514	2982	2.403077
3515	2978	2.399853
3516	2966	2.390183
3517	2990	2.409524
3518	2966	2.390183
3519	2982	2.403077
3520	2982	2.403077
3521	2982	2.403077
3522	2982	2.403077
3523	2982	2.403077
3524	2978	2.399853
3525	2998	2.415971
3526	2982	2.403077
3527	2966	2.390183
3528	2982	2.403077
3529	2978	2.399853
3530	2982	2.403077
3531	2966	2.390183
3532	2990	2.409524
3533	2978	2.399853
3534	2966	2.390183
3535	2967	2.390989
3536	2978	2.399853
3537	2978	2.399853
3538	2966	2.390183
3539	2982	2.403077
3540	2982	2.403077
3541	2966	2.390183
3542	2978	2.399853
3543	2966	2.390183
3544	2966	2.390183
3545	2982	2.403077
3546	2982	2.403077
3547	2978	2.399853
3548	2982	2.403077
3549	2966	2.390183
3550	2966	2.390183
3551	2966	2.390183
3552	2978	2.399853
3553	2966	2.390183
3554	2982	2.403077
3555	2966	2.390183
3556	2982	2.403077
3557	2982	2.403077
3558	2978	2.399853
3559	2966	2.390183
3560	2978	2.399853
3561	2982	2.403077
3562	2978	2.399853
3563	2966	2.390183
3564	2982	2.403077
3565	2978	2.399853
3566	2966	2.390183
3567	2966	2.390183
3568	2966	2.390183
3569	2966	2.390183
3570	2966	2.390183
3571	2966	2.390183
3572	2978	2.399853
3573	2966	2.390183
3574	2962	2.386960
3575	2978	2.399853
3576	2978	2.399853
3577	2966	2.390183
3578	2966	2.390183
3579	2958	2.383736
3580	2950	2.377289
3581	2950	2.377289
3582	2978	2.399853
3583	2966	2.390183
3584	2966	2.390183
3585	2966	2.390183
3586	2958	2.383736
3587	2950	2.377289
3588	2950	2.377289
3589	2950	2.377289
3590	2966	2.390183
3591	2950	2.377289
3592	2958	2.383736
3593	2966	2.390183
3594	2950	2.377289
3595	2962	2.386960
3596	2978	2.399853
3597	2966	2.390183
3598	2950	2.377289
3599	2966	2.390183
3600	2950	2.377289
3601	2950	2.377289
3602	2950	2.377289
3603	2950	2.377289
3604	2958	2.383736
3605	2950	2.377289
3606	2966	2.390183
3607	2958	2.383736
3608	2950	2.377289
3609	2950	2.377289
3610	2966	2.390183
3611	2966	2.390183
3612	2958	2.383736
3613	2950	2.377289
3614	2950	2.377289
3615	2958	2.383736
3616	2966	2.390183
3617	2958	2.383736
3618	2962	2.386960
3619	2942	2.370842
3620	2942	2.370842
3621	2950	2.377289
3622	2942	2.370842
3623	2950	2.377289
3624	2942	2.370842
3625	2950	2.377289
3626	2958	2.383736
3627	2966	2.390183
3628	2942	2.370842
3629	2950	2.377289
3630	2950	2.377289
3631	2942	2.370842
3632	2958	2.383736
3633	2942	2.370842
3634	2950	2.377289
3635	2935	2.365201
3636	2950	2.377289
3637	2958	2.383736
3638	2950	2.377289
3639	2950	2.377289
3640	2942	2.370842
3641	2950	2.377289
3642	2934	2.364396
3643	2950	2.377289
3644	2942	2.370842
3645	2934	2.364396
3646	2934	2.364396
3647	2950	2.377289
