Pixel	ADC	VoltageV
1	3933	3.169451
2	3933	3.169451
3	3933	3.169451
4	3932	3.168645
5	3917	3.156557
6	3932	3.168645
7	3932	3.168645
8	3917	3.156557
9	3917	3.156557
10	3932	3.168645
11	3917	3.156557
12	3917	3.156557
13	3932	3.168645
14	3933	3.169451
15	3932	3.168645
16	3917	3.156557
17	3181	2.563443
18	2589	2.086374
19	2605	2.099267
20	2613	2.105714
21	2613	2.105714
22	2620	2.111355
23	2605	2.099267
24	2620	2.111355
25	2620	2.111355
26	2605	2.099267
27	2605	2.099267
28	2621	2.112161
29	2605	2.099267
30	2621	2.112161
31	2604	2.098462
32	2605	2.099267
33	2607	2.100879
34	2621	2.112161
35	2620	2.111355
36	2605	2.099267
37	2605	2.099267
38	2607	2.100879
39	2621	2.112161
40	2605	2.099267
41	2620	2.111355
42	2621	2.112161
43	2605	2.099267
44	2628	2.117802
45	2605	2.099267
46	2605	2.099267
47	2613	2.105714
48	2620	2.111355
49	2621	2.112161
50	2605	2.099267
51	2613	2.105714
52	2605	2.099267
53	2621	2.112161
54	2620	2.111355
55	2629	2.118608
56	2628	2.117802
57	2620	2.111355
58	2628	2.117802
59	2636	2.124249
60	2629	2.118608
61	2621	2.112161
62	2620	2.111355
63	2636	2.124249
64	2621	2.112161
65	2620	2.111355
66	2620	2.111355
67	2621	2.112161
68	2605	2.099267
69	2621	2.112161
70	2621	2.112161
71	2621	2.112161
72	2621	2.112161
73	2621	2.112161
74	2607	2.100879
75	2620	2.111355
76	2620	2.111355
77	2629	2.118608
78	2613	2.105714
79	2616	2.108132
80	2620	2.111355
81	2605	2.099267
82	2621	2.112161
83	2629	2.118608
84	2620	2.111355
85	2620	2.111355
86	2620	2.111355
87	2605	2.099267
88	2620	2.111355
89	2613	2.105714
90	2620	2.111355
91	2605	2.099267
92	2621	2.112161
93	2620	2.111355
94	2604	2.098462
95	2620	2.111355
96	2620	2.111355
97	2620	2.111355
98	2621	2.112161
99	2628	2.117802
100	2620	2.111355
101	2628	2.117802
102	2628	2.117802
103	2613	2.105714
104	2636	2.124249
105	2621	2.112161
106	2621	2.112161
107	2628	2.117802
108	2628	2.117802
109	2628	2.117802
110	2636	2.124249
111	2621	2.112161
112	2621	2.112161
113	2605	2.099267
114	2620	2.111355
115	2621	2.112161
116	2621	2.112161
117	2620	2.111355
118	2628	2.117802
119	2637	2.125055
120	2628	2.117802
121	2620	2.111355
122	2620	2.111355
123	2637	2.125055
124	2613	2.105714
125	2620	2.111355
126	2621	2.112161
127	2621	2.112161
128	2621	2.112161
129	2620	2.111355
130	2629	2.118608
131	2628	2.117802
132	2629	2.118608
133	2620	2.111355
134	2621	2.112161
135	2621	2.112161
136	2628	2.117802
137	2604	2.098462
138	2605	2.099267
139	2620	2.111355
140	2620	2.111355
141	2628	2.117802
142	2636	2.124249
143	2604	2.098462
144	2629	2.118608
145	2621	2.112161
146	2628	2.117802
147	2605	2.099267
148	2605	2.099267
149	2621	2.112161
150	2620	2.111355
151	2621	2.112161
152	2637	2.125055
153	2629	2.118608
154	2605	2.099267
155	2613	2.105714
156	2607	2.100879
157	2621	2.112161
158	2607	2.100879
159	2605	2.099267
160	2637	2.125055
161	2621	2.112161
162	2613	2.105714
163	2620	2.111355
164	2621	2.112161
165	2636	2.124249
166	2621	2.112161
167	2605	2.099267
168	2620	2.111355
169	2628	2.117802
170	2629	2.118608
171	2620	2.111355
172	2629	2.118608
173	2637	2.125055
174	2621	2.112161
175	2621	2.112161
176	2636	2.124249
177	2620	2.111355
178	2629	2.118608
179	2621	2.112161
180	2639	2.126667
181	2637	2.125055
182	2621	2.112161
183	2636	2.124249
184	2628	2.117802
185	2628	2.117802
186	2636	2.124249
187	2636	2.124249
188	2636	2.124249
189	2637	2.125055
190	2629	2.118608
191	2628	2.117802
192	2621	2.112161
193	2636	2.124249
194	2637	2.125055
195	2621	2.112161
196	2636	2.124249
197	2621	2.112161
198	2621	2.112161
199	2636	2.124249
200	2636	2.124249
201	2629	2.118608
202	2636	2.124249
203	2620	2.111355
204	2620	2.111355
205	2621	2.112161
206	2621	2.112161
207	2629	2.118608
208	2628	2.117802
209	2636	2.124249
210	2620	2.111355
211	2620	2.111355
212	2629	2.118608
213	2613	2.105714
214	2621	2.112161
215	2620	2.111355
216	2636	2.124249
217	2621	2.112161
218	2628	2.117802
219	2621	2.112161
220	2620	2.111355
221	2628	2.117802
222	2621	2.112161
223	2629	2.118608
224	2628	2.117802
225	2636	2.124249
226	2621	2.112161
227	2628	2.117802
228	2629	2.118608
229	2629	2.118608
230	2637	2.125055
231	2636	2.124249
232	2621	2.112161
233	2636	2.124249
234	2620	2.111355
235	2636	2.124249
236	2620	2.111355
237	2621	2.112161
238	2629	2.118608
239	2636	2.124249
240	2637	2.125055
241	2613	2.105714
242	2628	2.117802
243	2621	2.112161
244	2621	2.112161
245	2621	2.112161
246	2621	2.112161
247	2636	2.124249
248	2628	2.117802
249	2621	2.112161
250	2621	2.112161
251	2621	2.112161
252	2636	2.124249
253	2637	2.125055
254	2637	2.125055
255	2621	2.112161
256	2629	2.118608
257	2620	2.111355
258	2636	2.124249
259	2629	2.118608
260	2607	2.100879
261	2628	2.117802
262	2629	2.118608
263	2629	2.118608
264	2637	2.125055
265	2620	2.111355
266	2629	2.118608
267	2629	2.118608
268	2636	2.124249
269	2636	2.124249
270	2621	2.112161
271	2636	2.124249
272	2636	2.124249
273	2628	2.117802
274	2637	2.125055
275	2629	2.118608
276	2636	2.124249
277	2636	2.124249
278	2621	2.112161
279	2629	2.118608
280	2636	2.124249
281	2629	2.118608
282	2636	2.124249
283	2605	2.099267
284	2628	2.117802
285	2629	2.118608
286	2613	2.105714
287	2621	2.112161
288	2620	2.111355
289	2628	2.117802
290	2629	2.118608
291	2636	2.124249
292	2629	2.118608
293	2636	2.124249
294	2636	2.124249
295	2621	2.112161
296	2621	2.112161
297	2636	2.124249
298	2636	2.124249
299	2632	2.121026
300	2628	2.117802
301	2628	2.117802
302	2637	2.125055
303	2621	2.112161
304	2620	2.111355
305	2639	2.126667
306	2637	2.125055
307	2637	2.125055
308	2636	2.124249
309	2637	2.125055
310	2645	2.131502
311	2636	2.124249
312	2636	2.124249
313	2636	2.124249
314	2637	2.125055
315	2652	2.137143
316	2637	2.125055
317	2637	2.125055
318	2637	2.125055
319	2637	2.125055
320	2636	2.124249
321	2637	2.125055
322	2629	2.118608
323	2652	2.137143
324	2636	2.124249
325	2636	2.124249
326	2637	2.125055
327	2637	2.125055
328	2637	2.125055
329	2636	2.124249
330	2636	2.124249
331	2636	2.124249
332	2652	2.137143
333	2637	2.125055
334	2652	2.137143
335	2652	2.137143
336	2637	2.125055
337	2637	2.125055
338	2639	2.126667
339	2637	2.125055
340	2636	2.124249
341	2636	2.124249
342	2637	2.125055
343	2628	2.117802
344	2636	2.124249
345	2637	2.125055
346	2637	2.125055
347	2637	2.125055
348	2652	2.137143
349	2637	2.125055
350	2637	2.125055
351	2637	2.125055
352	2637	2.125055
353	2637	2.125055
354	2629	2.118608
355	2639	2.126667
356	2639	2.126667
357	2637	2.125055
358	2636	2.124249
359	2636	2.124249
360	2637	2.125055
361	2636	2.124249
362	2621	2.112161
363	2636	2.124249
364	2637	2.125055
365	2636	2.124249
366	2636	2.124249
367	2637	2.125055
368	2645	2.131502
369	2636	2.124249
370	2645	2.131502
371	2637	2.125055
372	2652	2.137143
373	2637	2.125055
374	2636	2.124249
375	2629	2.118608
376	2636	2.124249
377	2637	2.125055
378	2637	2.125055
379	2636	2.124249
380	2637	2.125055
381	2636	2.124249
382	2636	2.124249
383	2636	2.124249
384	2628	2.117802
385	2637	2.125055
386	2636	2.124249
387	2636	2.124249
388	2637	2.125055
389	2637	2.125055
390	2637	2.125055
391	2636	2.124249
392	2637	2.125055
393	2636	2.124249
394	2637	2.125055
395	2636	2.124249
396	2629	2.118608
397	2636	2.124249
398	2637	2.125055
399	2637	2.125055
400	2637	2.125055
401	2637	2.125055
402	2645	2.131502
403	2628	2.117802
404	2637	2.125055
405	2636	2.124249
406	2636	2.124249
407	2637	2.125055
408	2648	2.133919
409	2652	2.137143
410	2637	2.125055
411	2637	2.125055
412	2637	2.125055
413	2636	2.124249
414	2636	2.124249
415	2637	2.125055
416	2639	2.126667
417	2645	2.131502
418	2629	2.118608
419	2645	2.131502
420	2639	2.126667
421	2639	2.126667
422	2636	2.124249
423	2648	2.133919
424	2652	2.137143
425	2637	2.125055
426	2637	2.125055
427	2637	2.125055
428	2637	2.125055
429	2636	2.124249
430	2645	2.131502
431	2637	2.125055
432	2637	2.125055
433	2639	2.126667
434	2637	2.125055
435	2637	2.125055
436	2652	2.137143
437	2637	2.125055
438	2637	2.125055
439	2637	2.125055
440	2637	2.125055
441	2637	2.125055
442	2636	2.124249
443	2637	2.125055
444	2653	2.137949
445	2636	2.124249
446	2637	2.125055
447	2637	2.125055
448	2652	2.137143
449	2637	2.125055
450	2652	2.137143
451	2652	2.137143
452	2645	2.131502
453	2639	2.126667
454	2652	2.137143
455	2636	2.124249
456	2639	2.126667
457	2637	2.125055
458	2637	2.125055
459	2637	2.125055
460	2639	2.126667
461	2639	2.126667
462	2645	2.131502
463	2637	2.125055
464	2653	2.137949
465	2637	2.125055
466	2637	2.125055
467	2645	2.131502
468	2652	2.137143
469	2652	2.137143
470	2637	2.125055
471	2645	2.131502
472	2653	2.137949
473	2653	2.137949
474	2652	2.137143
475	2645	2.131502
476	2652	2.137143
477	2653	2.137949
478	2661	2.144396
479	2639	2.126667
480	2653	2.137949
481	2652	2.137143
482	2653	2.137949
483	2660	2.143590
484	2661	2.144396
485	2668	2.150037
486	2653	2.137949
487	2660	2.143590
488	2661	2.144396
489	2653	2.137949
490	2652	2.137143
491	2645	2.131502
492	2653	2.137949
493	2639	2.126667
494	2653	2.137949
495	2653	2.137949
496	2637	2.125055
497	2660	2.143590
498	2637	2.125055
499	2652	2.137143
500	2653	2.137949
501	2637	2.125055
502	2637	2.125055
503	2636	2.124249
504	2652	2.137143
505	2653	2.137949
506	2639	2.126667
507	2660	2.143590
508	2637	2.125055
509	2637	2.125055
510	2645	2.131502
511	2652	2.137143
512	2639	2.126667
513	2637	2.125055
514	2660	2.143590
515	2653	2.137949
516	2639	2.126667
517	2637	2.125055
518	2637	2.125055
519	2636	2.124249
520	2637	2.125055
521	2637	2.125055
522	2653	2.137949
523	2637	2.125055
524	2653	2.137949
525	2661	2.144396
526	2652	2.137143
527	2652	2.137143
528	2660	2.143590
529	2652	2.137143
530	2637	2.125055
531	2652	2.137143
532	2652	2.137143
533	2652	2.137143
534	2653	2.137949
535	2636	2.124249
536	2652	2.137143
537	2652	2.137143
538	2652	2.137143
539	2648	2.133919
540	2653	2.137949
541	2645	2.131502
542	2660	2.143590
543	2639	2.126667
544	2668	2.150037
545	2653	2.137949
546	2653	2.137949
547	2668	2.150037
548	2669	2.150842
549	2669	2.150842
550	2668	2.150037
551	2652	2.137143
552	2669	2.150842
553	2661	2.144396
554	2668	2.150037
555	2653	2.137949
556	2668	2.150037
557	2652	2.137143
558	2652	2.137143
559	2637	2.125055
560	2652	2.137143
561	2653	2.137949
562	2661	2.144396
563	2660	2.143590
564	2660	2.143590
565	2653	2.137949
566	2653	2.137949
567	2661	2.144396
568	2653	2.137949
569	2652	2.137143
570	2660	2.143590
571	2652	2.137143
572	2669	2.150842
573	2660	2.143590
574	2652	2.137143
575	2653	2.137949
576	2653	2.137949
577	2669	2.150842
578	2652	2.137143
579	2653	2.137949
580	2660	2.143590
581	2660	2.143590
582	2653	2.137949
583	2660	2.143590
584	2668	2.150037
585	2653	2.137949
586	2661	2.144396
587	2668	2.150037
588	2668	2.150037
589	2653	2.137949
590	2652	2.137143
591	2637	2.125055
592	2653	2.137949
593	2652	2.137143
594	2653	2.137949
595	2661	2.144396
596	2668	2.150037
597	2653	2.137949
598	2660	2.143590
599	2660	2.143590
600	2653	2.137949
601	2661	2.144396
602	2660	2.143590
603	2652	2.137143
604	2668	2.150037
605	2652	2.137143
606	2645	2.131502
607	2653	2.137949
608	2660	2.143590
609	2653	2.137949
610	2639	2.126667
611	2668	2.150037
612	2637	2.125055
613	2653	2.137949
614	2668	2.150037
615	2653	2.137949
616	2652	2.137143
617	2652	2.137143
618	2653	2.137949
619	2653	2.137949
620	2652	2.137143
621	2668	2.150037
622	2645	2.131502
623	2660	2.143590
624	2653	2.137949
625	2645	2.131502
626	2669	2.150842
627	2660	2.143590
628	2660	2.143590
629	2660	2.143590
630	2653	2.137949
631	2637	2.125055
632	2653	2.137949
633	2669	2.150842
634	2661	2.144396
635	2653	2.137949
636	2660	2.143590
637	2653	2.137949
638	2653	2.137949
639	2653	2.137949
640	2668	2.150037
641	2660	2.143590
642	2660	2.143590
643	2653	2.137949
644	2668	2.150037
645	2669	2.150842
646	2660	2.143590
647	2668	2.150037
648	2653	2.137949
649	2660	2.143590
650	2653	2.137949
651	2653	2.137949
652	2652	2.137143
653	2668	2.150037
654	2639	2.126667
655	2652	2.137143
656	2668	2.150037
657	2653	2.137949
658	2653	2.137949
659	2653	2.137949
660	2653	2.137949
661	2669	2.150842
662	2660	2.143590
663	2660	2.143590
664	2669	2.150842
665	2668	2.150037
666	2668	2.150037
667	2653	2.137949
668	2668	2.150037
669	2653	2.137949
670	2668	2.150037
671	2677	2.157289
672	2668	2.150037
673	2669	2.150842
674	2653	2.137949
675	2661	2.144396
676	2669	2.150842
677	2653	2.137949
678	2661	2.144396
679	2669	2.150842
680	2653	2.137949
681	2660	2.143590
682	2653	2.137949
683	2669	2.150842
684	2668	2.150037
685	2653	2.137949
686	2668	2.150037
687	2669	2.150842
688	2661	2.144396
689	2668	2.150037
690	2669	2.150842
691	2653	2.137949
692	2661	2.144396
693	2661	2.144396
694	2669	2.150842
695	2661	2.144396
696	2668	2.150037
697	2653	2.137949
698	2664	2.146813
699	2669	2.150842
700	2669	2.150842
701	2669	2.150842
702	2661	2.144396
703	2668	2.150037
704	2669	2.150842
705	2669	2.150842
706	2669	2.150842
707	2671	2.152454
708	2669	2.150842
709	2669	2.150842
710	2661	2.144396
711	2660	2.143590
712	2661	2.144396
713	2677	2.157289
714	2669	2.150842
715	2653	2.137949
716	2668	2.150037
717	2653	2.137949
718	2668	2.150037
719	2653	2.137949
720	2652	2.137143
721	2668	2.150037
722	2669	2.150842
723	2660	2.143590
724	2668	2.150037
725	2668	2.150037
726	2669	2.150842
727	2661	2.144396
728	2669	2.150842
729	2684	2.162930
730	2669	2.150842
731	2669	2.150842
732	2668	2.150037
733	2677	2.157289
734	2684	2.162930
735	2685	2.163736
736	2668	2.150037
737	2677	2.157289
738	2684	2.162930
739	2685	2.163736
740	2669	2.150842
741	2669	2.150842
742	2684	2.162930
743	2692	2.169377
744	2669	2.150842
745	2669	2.150842
746	2684	2.162930
747	2671	2.152454
748	2669	2.150842
749	2669	2.150842
750	2685	2.163736
751	2684	2.162930
752	2668	2.150037
753	2669	2.150842
754	2669	2.150842
755	2653	2.137949
756	2668	2.150037
757	2661	2.144396
758	2669	2.150842
759	2684	2.162930
760	2669	2.150842
761	2669	2.150842
762	2661	2.144396
763	2669	2.150842
764	2684	2.162930
765	2669	2.150842
766	2669	2.150842
767	2684	2.162930
768	2684	2.162930
769	2685	2.163736
770	2677	2.157289
771	2684	2.162930
772	2684	2.162930
773	2669	2.150842
774	2685	2.163736
775	2684	2.162930
776	2684	2.162930
777	2684	2.162930
778	2669	2.150842
779	2684	2.162930
780	2684	2.162930
781	2684	2.162930
782	2685	2.163736
783	2684	2.162930
784	2685	2.163736
785	2677	2.157289
786	2685	2.163736
787	2669	2.150842
788	2700	2.175824
789	2692	2.169377
790	2693	2.170183
791	2669	2.150842
792	2685	2.163736
793	2684	2.162930
794	2685	2.163736
795	2669	2.150842
796	2692	2.169377
797	2684	2.162930
798	2669	2.150842
799	2671	2.152454
800	2693	2.170183
801	2685	2.163736
802	2684	2.162930
803	2684	2.162930
804	2669	2.150842
805	2692	2.169377
806	2685	2.163736
807	2685	2.163736
808	2692	2.169377
809	2685	2.163736
810	2692	2.169377
811	2685	2.163736
812	2685	2.163736
813	2701	2.176630
814	2693	2.170183
815	2700	2.175824
816	2684	2.162930
817	2692	2.169377
818	2685	2.163736
819	2684	2.162930
820	2700	2.175824
821	2685	2.163736
822	2693	2.170183
823	2701	2.176630
824	2701	2.176630
825	2701	2.176630
826	2701	2.176630
827	2693	2.170183
828	2701	2.176630
829	2701	2.176630
830	2700	2.175824
831	2700	2.175824
832	2692	2.169377
833	2700	2.175824
834	2701	2.176630
835	2685	2.163736
836	2693	2.170183
837	2692	2.169377
838	2701	2.176630
839	2692	2.169377
840	2700	2.175824
841	2700	2.175824
842	2701	2.176630
843	2692	2.169377
844	2701	2.176630
845	2701	2.176630
846	2692	2.169377
847	2701	2.176630
848	2693	2.170183
849	2709	2.183077
850	2685	2.163736
851	2700	2.175824
852	2701	2.176630
853	2701	2.176630
854	2701	2.176630
855	2700	2.175824
856	2701	2.176630
857	2685	2.163736
858	2700	2.175824
859	2700	2.175824
860	2700	2.175824
861	2701	2.176630
862	2701	2.176630
863	2700	2.175824
864	2716	2.188718
865	2701	2.176630
866	2709	2.183077
867	2717	2.189524
868	2724	2.195165
869	2716	2.188718
870	2709	2.183077
871	2717	2.189524
872	2725	2.195971
873	2717	2.189524
874	2724	2.195165
875	2717	2.189524
876	2717	2.189524
877	2701	2.176630
878	2701	2.176630
879	2717	2.189524
880	2701	2.176630
881	2709	2.183077
882	2716	2.188718
883	2701	2.176630
884	2701	2.176630
885	2716	2.188718
886	2709	2.183077
887	2701	2.176630
888	2716	2.188718
889	2716	2.188718
890	2701	2.176630
891	2716	2.188718
892	2712	2.185495
893	2701	2.176630
894	2701	2.176630
895	2700	2.175824
896	2700	2.175824
897	2701	2.176630
898	2700	2.175824
899	2700	2.175824
900	2693	2.170183
901	2717	2.189524
902	2701	2.176630
903	2700	2.175824
904	2701	2.176630
905	2701	2.176630
906	2700	2.175824
907	2701	2.176630
908	2716	2.188718
909	2716	2.188718
910	2701	2.176630
911	2693	2.170183
912	2716	2.188718
913	2701	2.176630
914	2717	2.189524
915	2732	2.201612
916	2725	2.195971
917	2717	2.189524
918	2733	2.202418
919	2717	2.189524
920	2709	2.183077
921	2717	2.189524
922	2716	2.188718
923	2701	2.176630
924	2717	2.189524
925	2716	2.188718
926	2703	2.178242
927	2717	2.189524
928	2716	2.188718
929	2717	2.189524
930	2716	2.188718
931	2717	2.189524
932	2716	2.188718
933	2712	2.185495
934	2717	2.189524
935	2712	2.185495
936	2701	2.176630
937	2716	2.188718
938	2701	2.176630
939	2716	2.188718
940	2716	2.188718
941	2701	2.176630
942	2716	2.188718
943	2716	2.188718
944	2709	2.183077
945	2693	2.170183
946	2701	2.176630
947	2701	2.176630
948	2716	2.188718
949	2701	2.176630
950	2716	2.188718
951	2701	2.176630
952	2717	2.189524
953	2701	2.176630
954	2717	2.189524
955	2717	2.189524
956	2716	2.188718
957	2717	2.189524
958	2716	2.188718
959	2701	2.176630
960	2725	2.195971
961	2701	2.176630
962	2703	2.178242
963	2703	2.178242
964	2716	2.188718
965	2709	2.183077
966	2716	2.188718
967	2716	2.188718
968	2717	2.189524
969	2717	2.189524
970	2717	2.189524
971	2717	2.189524
972	2733	2.202418
973	2733	2.202418
974	2733	2.202418
975	2717	2.189524
976	2733	2.202418
977	2725	2.195971
978	2724	2.195165
979	2717	2.189524
980	2725	2.195971
981	2725	2.195971
982	2701	2.176630
983	2725	2.195971
984	2717	2.189524
985	2725	2.195971
986	2724	2.195165
987	2717	2.189524
988	2709	2.183077
989	2716	2.188718
990	2717	2.189524
991	2717	2.189524
992	2724	2.195165
993	2725	2.195971
994	2725	2.195971
995	2733	2.202418
996	2725	2.195971
997	2732	2.201612
998	2748	2.214505
999	2732	2.201612
1000	2733	2.202418
1001	2735	2.204029
1002	2733	2.202418
1003	2733	2.202418
1004	2733	2.202418
1005	2748	2.214505
1006	2733	2.202418
1007	2732	2.201612
1008	2733	2.202418
1009	2733	2.202418
1010	2748	2.214505
1011	2732	2.201612
1012	2733	2.202418
1013	2748	2.214505
1014	2732	2.201612
1015	2732	2.201612
1016	2733	2.202418
1017	2725	2.195971
1018	2733	2.202418
1019	2733	2.202418
1020	2733	2.202418
1021	2741	2.208864
1022	2735	2.204029
1023	2748	2.214505
1024	2733	2.202418
1025	2732	2.201612
1026	2741	2.208864
1027	2733	2.202418
1028	2725	2.195971
1029	2717	2.189524
1030	2733	2.202418
1031	2732	2.201612
1032	2733	2.202418
1033	2735	2.204029
1034	2748	2.214505
1035	2735	2.204029
1036	2748	2.214505
1037	2733	2.202418
1038	2732	2.201612
1039	2733	2.202418
1040	2733	2.202418
1041	2732	2.201612
1042	2732	2.201612
1043	2733	2.202418
1044	2749	2.215311
1045	2741	2.208864
1046	2741	2.208864
1047	2733	2.202418
1048	2748	2.214505
1049	2733	2.202418
1050	2733	2.202418
1051	2733	2.202418
1052	2733	2.202418
1053	2717	2.189524
1054	2748	2.214505
1055	2733	2.202418
1056	2733	2.202418
1057	2733	2.202418
1058	2741	2.208864
1059	2733	2.202418
1060	2733	2.202418
1061	2733	2.202418
1062	2733	2.202418
1063	2749	2.215311
1064	2741	2.208864
1065	2749	2.215311
1066	2749	2.215311
1067	2764	2.227399
1068	2741	2.208864
1069	2733	2.202418
1070	2733	2.202418
1071	2733	2.202418
1072	2732	2.201612
1073	2733	2.202418
1074	2748	2.214505
1075	2748	2.214505
1076	2749	2.215311
1077	2748	2.214505
1078	2733	2.202418
1079	2733	2.202418
1080	2749	2.215311
1081	2749	2.215311
1082	2735	2.204029
1083	2748	2.214505
1084	2756	2.220952
1085	2748	2.214505
1086	2744	2.211282
1087	2749	2.215311
1088	2748	2.214505
1089	2756	2.220952
1090	2756	2.220952
1091	2756	2.220952
1092	2748	2.214505
1093	2756	2.220952
1094	2764	2.227399
1095	2756	2.220952
1096	2748	2.214505
1097	2756	2.220952
1098	2764	2.227399
1099	2748	2.214505
1100	2733	2.202418
1101	2756	2.220952
1102	2748	2.214505
1103	2733	2.202418
1104	2744	2.211282
1105	2756	2.220952
1106	2756	2.220952
1107	2757	2.221758
1108	2748	2.214505
1109	2756	2.220952
1110	2757	2.221758
1111	2757	2.221758
1112	2764	2.227399
1113	2756	2.220952
1114	2764	2.227399
1115	2756	2.220952
1116	2749	2.215311
1117	2756	2.220952
1118	2748	2.214505
1119	2748	2.214505
1120	2765	2.228205
1121	2757	2.221758
1122	2764	2.227399
1123	2749	2.215311
1124	2749	2.215311
1125	2756	2.220952
1126	2757	2.221758
1127	2765	2.228205
1128	2757	2.221758
1129	2764	2.227399
1130	2757	2.221758
1131	2765	2.228205
1132	2765	2.228205
1133	2756	2.220952
1134	2756	2.220952
1135	2756	2.220952
1136	2765	2.228205
1137	2765	2.228205
1138	2764	2.227399
1139	2756	2.220952
1140	2764	2.227399
1141	2756	2.220952
1142	2756	2.220952
1143	2765	2.228205
1144	2764	2.227399
1145	2757	2.221758
1146	2765	2.228205
1147	2757	2.221758
1148	2764	2.227399
1149	2764	2.227399
1150	2765	2.228205
1151	2765	2.228205
1152	2765	2.228205
1153	2757	2.221758
1154	2765	2.228205
1155	2765	2.228205
1156	2757	2.221758
1157	2780	2.240293
1158	2765	2.228205
1159	2764	2.227399
1160	2765	2.228205
1161	2765	2.228205
1162	2765	2.228205
1163	2764	2.227399
1164	2765	2.228205
1165	2764	2.227399
1166	2780	2.240293
1167	2765	2.228205
1168	2781	2.241099
1169	2781	2.241099
1170	2764	2.227399
1171	2780	2.240293
1172	2764	2.227399
1173	2765	2.228205
1174	2781	2.241099
1175	2773	2.234652
1176	2781	2.241099
1177	2765	2.228205
1178	2781	2.241099
1179	2781	2.241099
1180	2764	2.227399
1181	2780	2.240293
1182	2765	2.228205
1183	2781	2.241099
1184	2780	2.240293
1185	2765	2.228205
1186	2780	2.240293
1187	2757	2.221758
1188	2765	2.228205
1189	2773	2.234652
1190	2765	2.228205
1191	2765	2.228205
1192	2773	2.234652
1193	2780	2.240293
1194	2780	2.240293
1195	2788	2.246740
1196	2781	2.241099
1197	2765	2.228205
1198	2788	2.246740
1199	2773	2.234652
1200	2781	2.241099
1201	2788	2.246740
1202	2780	2.240293
1203	2765	2.228205
1204	2781	2.241099
1205	2781	2.241099
1206	2765	2.228205
1207	2773	2.234652
1208	2788	2.246740
1209	2781	2.241099
1210	2781	2.241099
1211	2781	2.241099
1212	2780	2.240293
1213	2780	2.240293
1214	2781	2.241099
1215	2788	2.246740
1216	2789	2.247546
1217	2788	2.246740
1218	2796	2.253187
1219	2781	2.241099
1220	2765	2.228205
1221	2788	2.246740
1222	2781	2.241099
1223	2781	2.241099
1224	2765	2.228205
1225	2780	2.240293
1226	2781	2.241099
1227	2796	2.253187
1228	2788	2.246740
1229	2765	2.228205
1230	2788	2.246740
1231	2788	2.246740
1232	2780	2.240293
1233	2796	2.253187
1234	2780	2.240293
1235	2781	2.241099
1236	2788	2.246740
1237	2796	2.253187
1238	2797	2.253993
1239	2797	2.253993
1240	2789	2.247546
1241	2796	2.253187
1242	2797	2.253993
1243	2788	2.246740
1244	2796	2.253187
1245	2789	2.247546
1246	2789	2.247546
1247	2796	2.253187
1248	2781	2.241099
1249	2780	2.240293
1250	2796	2.253187
1251	2797	2.253993
1252	2781	2.241099
1253	2797	2.253993
1254	2789	2.247546
1255	2781	2.241099
1256	2797	2.253993
1257	2789	2.247546
1258	2796	2.253187
1259	2797	2.253993
1260	2796	2.253187
1261	2797	2.253993
1262	2797	2.253993
1263	2797	2.253993
1264	2796	2.253187
1265	2799	2.255604
1266	2796	2.253187
1267	2797	2.253993
1268	2797	2.253993
1269	2812	2.266081
1270	2797	2.253993
1271	2796	2.253187
1272	2797	2.253993
1273	2797	2.253993
1274	2797	2.253993
1275	2797	2.253993
1276	2796	2.253187
1277	2797	2.253993
1278	2799	2.255604
1279	2805	2.260440
1280	2799	2.255604
1281	2812	2.266081
1282	2812	2.266081
1283	2805	2.260440
1284	2812	2.266081
1285	2813	2.266886
1286	2797	2.253993
1287	2812	2.266081
1288	2797	2.253993
1289	2797	2.253993
1290	2797	2.253993
1291	2805	2.260440
1292	2797	2.253993
1293	2805	2.260440
1294	2799	2.255604
1295	2812	2.266081
1296	2813	2.266886
1297	2797	2.253993
1298	2797	2.253993
1299	2797	2.253993
1300	2797	2.253993
1301	2805	2.260440
1302	2797	2.253993
1303	2813	2.266886
1304	2820	2.272527
1305	2799	2.255604
1306	2797	2.253993
1307	2797	2.253993
1308	2797	2.253993
1309	2799	2.255604
1310	2813	2.266886
1311	2805	2.260440
1312	2813	2.266886
1313	2812	2.266081
1314	2797	2.253993
1315	2813	2.266886
1316	2812	2.266081
1317	2812	2.266081
1318	2797	2.253993
1319	2812	2.266081
1320	2820	2.272527
1321	2812	2.266081
1322	2820	2.272527
1323	2812	2.266081
1324	2828	2.278974
1325	2797	2.253993
1326	2797	2.253993
1327	2813	2.266886
1328	2805	2.260440
1329	2813	2.266886
1330	2797	2.253993
1331	2812	2.266081
1332	2829	2.279780
1333	2813	2.266886
1334	2828	2.278974
1335	2829	2.279780
1336	2820	2.272527
1337	2813	2.266886
1338	2829	2.279780
1339	2813	2.266886
1340	2820	2.272527
1341	2821	2.273333
1342	2820	2.272527
1343	2812	2.266081
1344	2821	2.273333
1345	2813	2.266886
1346	2821	2.273333
1347	2820	2.272527
1348	2813	2.266886
1349	2812	2.266081
1350	2828	2.278974
1351	2812	2.266081
1352	2821	2.273333
1353	2821	2.273333
1354	2820	2.272527
1355	2813	2.266886
1356	2821	2.273333
1357	2813	2.266886
1358	2821	2.273333
1359	2828	2.278974
1360	2820	2.272527
1361	2813	2.266886
1362	2828	2.278974
1363	2820	2.272527
1364	2829	2.279780
1365	2828	2.278974
1366	2828	2.278974
1367	2821	2.273333
1368	2829	2.279780
1369	2820	2.272527
1370	2820	2.272527
1371	2821	2.273333
1372	2829	2.279780
1373	2821	2.273333
1374	2829	2.279780
1375	2829	2.279780
1376	2829	2.279780
1377	2829	2.279780
1378	2829	2.279780
1379	2813	2.266886
1380	2829	2.279780
1381	2821	2.273333
1382	2829	2.279780
1383	2813	2.266886
1384	2820	2.272527
1385	2829	2.279780
1386	2828	2.278974
1387	2812	2.266081
1388	2828	2.278974
1389	2828	2.278974
1390	2829	2.279780
1391	2828	2.278974
1392	2821	2.273333
1393	2821	2.273333
1394	2829	2.279780
1395	2829	2.279780
1396	2821	2.273333
1397	2829	2.279780
1398	2829	2.279780
1399	2837	2.286227
1400	2829	2.279780
1401	2829	2.279780
1402	2829	2.279780
1403	2829	2.279780
1404	2829	2.279780
1405	2829	2.279780
1406	2829	2.279780
1407	2821	2.273333
1408	2828	2.278974
1409	2829	2.279780
1410	2844	2.291868
1411	2829	2.279780
1412	2829	2.279780
1413	2828	2.278974
1414	2837	2.286227
1415	2828	2.278974
1416	2829	2.279780
1417	2829	2.279780
1418	2829	2.279780
1419	2837	2.286227
1420	2829	2.279780
1421	2829	2.279780
1422	2828	2.278974
1423	2844	2.291868
1424	2844	2.291868
1425	2828	2.278974
1426	2829	2.279780
1427	2844	2.291868
1428	2844	2.291868
1429	2828	2.278974
1430	2829	2.279780
1431	2829	2.279780
1432	2829	2.279780
1433	2828	2.278974
1434	2844	2.291868
1435	2829	2.279780
1436	2829	2.279780
1437	2829	2.279780
1438	2837	2.286227
1439	2829	2.279780
1440	2829	2.279780
1441	2831	2.281392
1442	2829	2.279780
1443	2829	2.279780
1444	2829	2.279780
1445	2829	2.279780
1446	2837	2.286227
1447	2844	2.291868
1448	2845	2.292674
1449	2829	2.279780
1450	2829	2.279780
1451	2844	2.291868
1452	2844	2.291868
1453	2844	2.291868
1454	2844	2.291868
1455	2829	2.279780
1456	2829	2.279780
1457	2844	2.291868
1458	2829	2.279780
1459	2844	2.291868
1460	2829	2.279780
1461	2844	2.291868
1462	2829	2.279780
1463	2845	2.292674
1464	2844	2.291868
1465	2829	2.279780
1466	2844	2.291868
1467	2844	2.291868
1468	2845	2.292674
1469	2845	2.292674
1470	2844	2.291868
1471	2829	2.279780
1472	2844	2.291868
1473	2829	2.279780
1474	2852	2.298315
1475	2829	2.279780
1476	2829	2.279780
1477	2828	2.278974
1478	2829	2.279780
1479	2829	2.279780
1480	2829	2.279780
1481	2829	2.279780
1482	2828	2.278974
1483	2829	2.279780
1484	2844	2.291868
1485	2829	2.279780
1486	2829	2.279780
1487	2829	2.279780
1488	2828	2.278974
1489	2828	2.278974
1490	2828	2.278974
1491	2831	2.281392
1492	2829	2.279780
1493	2844	2.291868
1494	2829	2.279780
1495	2831	2.281392
1496	2844	2.291868
1497	2820	2.272527
1498	2829	2.279780
1499	2837	2.286227
1500	2829	2.279780
1501	2844	2.291868
1502	2829	2.279780
1503	2845	2.292674
1504	2829	2.279780
1505	2828	2.278974
1506	2828	2.278974
1507	2829	2.279780
1508	2829	2.279780
1509	2828	2.278974
1510	2829	2.279780
1511	2829	2.279780
1512	2829	2.279780
1513	2828	2.278974
1514	2828	2.278974
1515	2829	2.279780
1516	2821	2.273333
1517	2829	2.279780
1518	2829	2.279780
1519	2829	2.279780
1520	2828	2.278974
1521	2829	2.279780
1522	2829	2.279780
1523	2844	2.291868
1524	2829	2.279780
1525	2821	2.273333
1526	2829	2.279780
1527	2837	2.286227
1528	2828	2.278974
1529	2821	2.273333
1530	2831	2.281392
1531	2829	2.279780
1532	2844	2.291868
1533	2828	2.278974
1534	2828	2.278974
1535	2821	2.273333
1536	2813	2.266886
1537	2821	2.273333
1538	2828	2.278974
1539	2829	2.279780
1540	2829	2.279780
1541	2828	2.278974
1542	2828	2.278974
1543	2829	2.279780
1544	2828	2.278974
1545	2828	2.278974
1546	2820	2.272527
1547	2828	2.278974
1548	2812	2.266081
1549	2828	2.278974
1550	2821	2.273333
1551	2812	2.266081
1552	2821	2.273333
1553	2820	2.272527
1554	2813	2.266886
1555	2813	2.266886
1556	2813	2.266886
1557	2820	2.272527
1558	2828	2.278974
1559	2813	2.266886
1560	2821	2.273333
1561	2813	2.266886
1562	2812	2.266081
1563	2821	2.273333
1564	2829	2.279780
1565	2812	2.266081
1566	2812	2.266081
1567	2820	2.272527
1568	2812	2.266081
1569	2797	2.253993
1570	2812	2.266081
1571	2812	2.266081
1572	2797	2.253993
1573	2805	2.260440
1574	2796	2.253187
1575	2812	2.266081
1576	2805	2.260440
1577	2797	2.253993
1578	2797	2.253993
1579	2805	2.260440
1580	2797	2.253993
1581	2813	2.266886
1582	2828	2.278974
1583	2797	2.253993
1584	2797	2.253993
1585	2797	2.253993
1586	2797	2.253993
1587	2797	2.253993
1588	2797	2.253993
1589	2796	2.253187
1590	2797	2.253993
1591	2797	2.253993
1592	2797	2.253993
1593	2797	2.253993
1594	2796	2.253187
1595	2796	2.253187
1596	2781	2.241099
1597	2796	2.253187
1598	2789	2.247546
1599	2797	2.253993
1600	2789	2.247546
1601	2789	2.247546
1602	2797	2.253993
1603	2789	2.247546
1604	2797	2.253993
1605	2789	2.247546
1606	2797	2.253993
1607	2781	2.241099
1608	2792	2.249963
1609	2789	2.247546
1610	2796	2.253187
1611	2797	2.253993
1612	2781	2.241099
1613	2781	2.241099
1614	2781	2.241099
1615	2780	2.240293
1616	2788	2.246740
1617	2781	2.241099
1618	2780	2.240293
1619	2781	2.241099
1620	2780	2.240293
1621	2788	2.246740
1622	2767	2.229817
1623	2765	2.228205
1624	2764	2.227399
1625	2780	2.240293
1626	2781	2.241099
1627	2765	2.228205
1628	2757	2.221758
1629	2764	2.227399
1630	2765	2.228205
1631	2765	2.228205
1632	2765	2.228205
1633	2765	2.228205
1634	2765	2.228205
1635	2765	2.228205
1636	2764	2.227399
1637	2764	2.227399
1638	2756	2.220952
1639	2764	2.227399
1640	2749	2.215311
1641	2749	2.215311
1642	2765	2.228205
1643	2757	2.221758
1644	2756	2.220952
1645	2757	2.221758
1646	2749	2.215311
1647	2748	2.214505
1648	2749	2.215311
1649	2748	2.214505
1650	2765	2.228205
1651	2749	2.215311
1652	2756	2.220952
1653	2748	2.214505
1654	2748	2.214505
1655	2733	2.202418
1656	2732	2.201612
1657	2733	2.202418
1658	2733	2.202418
1659	2732	2.201612
1660	2733	2.202418
1661	2733	2.202418
1662	2749	2.215311
1663	2733	2.202418
1664	2732	2.201612
1665	2732	2.201612
1666	2725	2.195971
1667	2733	2.202418
1668	2725	2.195971
1669	2725	2.195971
1670	2725	2.195971
1671	2724	2.195165
1672	2732	2.201612
1673	2725	2.195971
1674	2725	2.195971
1675	2717	2.189524
1676	2717	2.189524
1677	2717	2.189524
1678	2725	2.195971
1679	2717	2.189524
1680	2717	2.189524
1681	2701	2.176630
1682	2701	2.176630
1683	2724	2.195165
1684	2701	2.176630
1685	2701	2.176630
1686	2716	2.188718
1687	2717	2.189524
1688	2701	2.176630
1689	2701	2.176630
1690	2716	2.188718
1691	2716	2.188718
1692	2716	2.188718
1693	2701	2.176630
1694	2693	2.170183
1695	2693	2.170183
1696	2701	2.176630
1697	2700	2.175824
1698	2701	2.176630
1699	2685	2.163736
1700	2669	2.150842
1701	2685	2.163736
1702	2684	2.162930
1703	2693	2.170183
1704	2684	2.162930
1705	2669	2.150842
1706	2669	2.150842
1707	2677	2.157289
1708	2684	2.162930
1709	2669	2.150842
1710	2671	2.152454
1711	2677	2.157289
1712	2668	2.150037
1713	2671	2.152454
1714	2661	2.144396
1715	2668	2.150037
1716	2669	2.150842
1717	2660	2.143590
1718	2669	2.150842
1719	2661	2.144396
1720	2668	2.150037
1721	2653	2.137949
1722	2661	2.144396
1723	2653	2.137949
1724	2652	2.137143
1725	2645	2.131502
1726	2660	2.143590
1727	2653	2.137949
1728	2653	2.137949
1729	2637	2.125055
1730	2645	2.131502
1731	2636	2.124249
1732	2637	2.125055
1733	2652	2.137143
1734	2637	2.125055
1735	2637	2.125055
1736	2629	2.118608
1737	2637	2.125055
1738	2637	2.125055
1739	2636	2.124249
1740	2621	2.112161
1741	2629	2.118608
1742	2637	2.125055
1743	2621	2.112161
1744	2605	2.099267
1745	2621	2.112161
1746	2621	2.112161
1747	2620	2.111355
1748	2621	2.112161
1749	2605	2.099267
1750	2605	2.099267
1751	2605	2.099267
1752	2604	2.098462
1753	2605	2.099267
1754	2605	2.099267
1755	2597	2.092821
1756	2605	2.099267
1757	2604	2.098462
1758	2605	2.099267
1759	2604	2.098462
1760	2597	2.092821
1761	2589	2.086374
1762	2589	2.086374
1763	2596	2.092015
1764	2588	2.085568
1765	2588	2.085568
1766	2589	2.086374
1767	2589	2.086374
1768	2581	2.079927
1769	2575	2.075092
1770	2575	2.075092
1771	2575	2.075092
1772	2573	2.073480
1773	2572	2.072674
1774	2573	2.073480
1775	2581	2.079927
1776	2572	2.072674
1777	2549	2.054139
1778	2557	2.060586
1779	2565	2.067033
1780	2565	2.067033
1781	2557	2.060586
1782	2557	2.060586
1783	2556	2.059780
1784	2557	2.060586
1785	2556	2.059780
1786	2541	2.047692
1787	2541	2.047692
1788	2557	2.060586
1789	2556	2.059780
1790	2557	2.060586
1791	2556	2.059780
1792	2541	2.047692
1793	2556	2.059780
1794	2541	2.047692
1795	2557	2.060586
1796	2541	2.047692
1797	2541	2.047692
1798	2541	2.047692
1799	2541	2.047692
1800	2557	2.060586
1801	2541	2.047692
1802	2533	2.041245
1803	2540	2.046886
1804	2540	2.046886
1805	2540	2.046886
1806	2532	2.040440
1807	2540	2.046886
1808	2541	2.047692
1809	2525	2.034799
1810	2540	2.046886
1811	2541	2.047692
1812	2556	2.059780
1813	2533	2.041245
1814	2525	2.034799
1815	2540	2.046886
1816	2532	2.040440
1817	2532	2.040440
1818	2525	2.034799
1819	2540	2.046886
1820	2525	2.034799
1821	2532	2.040440
1822	2540	2.046886
1823	2540	2.046886
1824	2525	2.034799
1825	2525	2.034799
1826	2532	2.040440
1827	2540	2.046886
1828	2541	2.047692
1829	2540	2.046886
1830	2540	2.046886
1831	2533	2.041245
1832	2533	2.041245
1833	2541	2.047692
1834	2540	2.046886
1835	2556	2.059780
1836	2532	2.040440
1837	2541	2.047692
1838	2541	2.047692
1839	2532	2.040440
1840	2541	2.047692
1841	2540	2.046886
1842	2533	2.041245
1843	2533	2.041245
1844	2524	2.033993
1845	2540	2.046886
1846	2525	2.034799
1847	2541	2.047692
1848	2541	2.047692
1849	2541	2.047692
1850	2556	2.059780
1851	2556	2.059780
1852	2540	2.046886
1853	2541	2.047692
1854	2541	2.047692
1855	2556	2.059780
1856	2564	2.066227
1857	2556	2.059780
1858	2557	2.060586
1859	2572	2.072674
1860	2549	2.054139
1861	2557	2.060586
1862	2557	2.060586
1863	2556	2.059780
1864	2565	2.067033
1865	2556	2.059780
1866	2572	2.072674
1867	2572	2.072674
1868	2557	2.060586
1869	2564	2.066227
1870	2557	2.060586
1871	2557	2.060586
1872	2572	2.072674
1873	2557	2.060586
1874	2557	2.060586
1875	2573	2.073480
1876	2573	2.073480
1877	2572	2.072674
1878	2588	2.085568
1879	2573	2.073480
1880	2573	2.073480
1881	2572	2.072674
1882	2573	2.073480
1883	2573	2.073480
1884	2597	2.092821
1885	2588	2.085568
1886	2588	2.085568
1887	2575	2.075092
1888	2575	2.075092
1889	2588	2.085568
1890	2588	2.085568
1891	2588	2.085568
1892	2573	2.073480
1893	2588	2.085568
1894	2596	2.092015
1895	2588	2.085568
1896	2588	2.085568
1897	2596	2.092015
1898	2604	2.098462
1899	2589	2.086374
1900	2589	2.086374
1901	2589	2.086374
1902	2597	2.092821
1903	2596	2.092015
1904	2605	2.099267
1905	2605	2.099267
1906	2604	2.098462
1907	2605	2.099267
1908	2620	2.111355
1909	2605	2.099267
1910	2597	2.092821
1911	2620	2.111355
1912	2607	2.100879
1913	2605	2.099267
1914	2605	2.099267
1915	2605	2.099267
1916	2597	2.092821
1917	2628	2.117802
1918	2613	2.105714
1919	2613	2.105714
1920	2620	2.111355
1921	2607	2.100879
1922	2605	2.099267
1923	2628	2.117802
1924	2621	2.112161
1925	2621	2.112161
1926	2620	2.111355
1927	2605	2.099267
1928	2620	2.111355
1929	2605	2.099267
1930	2621	2.112161
1931	2605	2.099267
1932	2621	2.112161
1933	2620	2.111355
1934	2621	2.112161
1935	2605	2.099267
1936	2605	2.099267
1937	2607	2.100879
1938	2605	2.099267
1939	2620	2.111355
1940	2628	2.117802
1941	2607	2.100879
1942	2605	2.099267
1943	2604	2.098462
1944	2629	2.118608
1945	2620	2.111355
1946	2621	2.112161
1947	2604	2.098462
1948	2629	2.118608
1949	2621	2.112161
1950	2605	2.099267
1951	2607	2.100879
1952	2621	2.112161
1953	2621	2.112161
1954	2620	2.111355
1955	2621	2.112161
1956	2620	2.111355
1957	2621	2.112161
1958	2620	2.111355
1959	2620	2.111355
1960	2605	2.099267
1961	2620	2.111355
1962	2620	2.111355
1963	2620	2.111355
1964	2607	2.100879
1965	2620	2.111355
1966	2605	2.099267
1967	2620	2.111355
1968	2613	2.105714
1969	2620	2.111355
1970	2620	2.111355
1971	2621	2.112161
1972	2605	2.099267
1973	2620	2.111355
1974	2613	2.105714
1975	2605	2.099267
1976	2613	2.105714
1977	2620	2.111355
1978	2620	2.111355
1979	2613	2.105714
1980	2605	2.099267
1981	2620	2.111355
1982	2605	2.099267
1983	2605	2.099267
1984	2605	2.099267
1985	2613	2.105714
1986	2613	2.105714
1987	2604	2.098462
1988	2605	2.099267
1989	2589	2.086374
1990	2605	2.099267
1991	2604	2.098462
1992	2605	2.099267
1993	2605	2.099267
1994	2604	2.098462
1995	2613	2.105714
1996	2620	2.111355
1997	2604	2.098462
1998	2605	2.099267
1999	2604	2.098462
2000	2604	2.098462
2001	2597	2.092821
2002	2605	2.099267
2003	2597	2.092821
2004	2605	2.099267
2005	2589	2.086374
2006	2597	2.092821
2007	2604	2.098462
2008	2589	2.086374
2009	2597	2.092821
2010	2604	2.098462
2011	2589	2.086374
2012	2604	2.098462
2013	2588	2.085568
2014	2589	2.086374
2015	2605	2.099267
2016	2588	2.085568
2017	2596	2.092015
2018	2597	2.092821
2019	2588	2.085568
2020	2575	2.075092
2021	2589	2.086374
2022	2589	2.086374
2023	2589	2.086374
2024	2581	2.079927
2025	2589	2.086374
2026	2597	2.092821
2027	2604	2.098462
2028	2589	2.086374
2029	2575	2.075092
2030	2604	2.098462
2031	2589	2.086374
2032	2604	2.098462
2033	2589	2.086374
2034	2589	2.086374
2035	2573	2.073480
2036	2575	2.075092
2037	2588	2.085568
2038	2588	2.085568
2039	2573	2.073480
2040	2588	2.085568
2041	2588	2.085568
2042	2573	2.073480
2043	2597	2.092821
2044	2573	2.073480
2045	2581	2.079927
2046	2588	2.085568
2047	2588	2.085568
2048	2573	2.073480
2049	2572	2.072674
2050	2565	2.067033
2051	2588	2.085568
2052	2573	2.073480
2053	2572	2.072674
2054	2573	2.073480
2055	2572	2.072674
2056	2573	2.073480
2057	2573	2.073480
2058	2596	2.092015
2059	2588	2.085568
2060	2584	2.082344
2061	2573	2.073480
2062	2573	2.073480
2063	2581	2.079927
2064	2573	2.073480
2065	2572	2.072674
2066	2573	2.073480
2067	2572	2.072674
2068	2572	2.072674
2069	2565	2.067033
2070	2573	2.073480
2071	2573	2.073480
2072	2575	2.075092
2073	2573	2.073480
2074	2573	2.073480
2075	2565	2.067033
2076	2572	2.072674
2077	2557	2.060586
2078	2557	2.060586
2079	2572	2.072674
2080	2565	2.067033
2081	2557	2.060586
2082	2565	2.067033
2083	2565	2.067033
2084	2556	2.059780
2085	2565	2.067033
2086	2565	2.067033
2087	2573	2.073480
2088	2556	2.059780
2089	2557	2.060586
2090	2573	2.073480
2091	2572	2.072674
2092	2557	2.060586
2093	2572	2.072674
2094	2557	2.060586
2095	2557	2.060586
2096	2556	2.059780
2097	2557	2.060586
2098	2572	2.072674
2099	2557	2.060586
2100	2565	2.067033
2101	2565	2.067033
2102	2572	2.072674
2103	2572	2.072674
2104	2573	2.073480
2105	2557	2.060586
2106	2573	2.073480
2107	2573	2.073480
2108	2572	2.072674
2109	2573	2.073480
2110	2568	2.069451
2111	2572	2.072674
2112	2573	2.073480
2113	2557	2.060586
2114	2572	2.072674
2115	2573	2.073480
2116	2572	2.072674
2117	2572	2.072674
2118	2573	2.073480
2119	2573	2.073480
2120	2572	2.072674
2121	2557	2.060586
2122	2588	2.085568
2123	2573	2.073480
2124	2588	2.085568
2125	2573	2.073480
2126	2575	2.075092
2127	2589	2.086374
2128	2589	2.086374
2129	2589	2.086374
2130	2573	2.073480
2131	2588	2.085568
2132	2573	2.073480
2133	2573	2.073480
2134	2588	2.085568
2135	2588	2.085568
2136	2581	2.079927
2137	2588	2.085568
2138	2588	2.085568
2139	2589	2.086374
2140	2604	2.098462
2141	2589	2.086374
2142	2604	2.098462
2143	2588	2.085568
2144	2597	2.092821
2145	2588	2.085568
2146	2589	2.086374
2147	2596	2.092015
2148	2604	2.098462
2149	2597	2.092821
2150	2597	2.092821
2151	2597	2.092821
2152	2588	2.085568
2153	2596	2.092015
2154	2597	2.092821
2155	2613	2.105714
2156	2605	2.099267
2157	2604	2.098462
2158	2605	2.099267
2159	2605	2.099267
2160	2607	2.100879
2161	2604	2.098462
2162	2613	2.105714
2163	2605	2.099267
2164	2607	2.100879
2165	2605	2.099267
2166	2605	2.099267
2167	2613	2.105714
2168	2621	2.112161
2169	2607	2.100879
2170	2620	2.111355
2171	2620	2.111355
2172	2613	2.105714
2173	2605	2.099267
2174	2620	2.111355
2175	2604	2.098462
2176	2620	2.111355
2177	2605	2.099267
2178	2621	2.112161
2179	2620	2.111355
2180	2605	2.099267
2181	2621	2.112161
2182	2629	2.118608
2183	2605	2.099267
2184	2621	2.112161
2185	2620	2.111355
2186	2629	2.118608
2187	2628	2.117802
2188	2628	2.117802
2189	2629	2.118608
2190	2620	2.111355
2191	2636	2.124249
2192	2637	2.125055
2193	2636	2.124249
2194	2637	2.125055
2195	2621	2.112161
2196	2621	2.112161
2197	2621	2.112161
2198	2629	2.118608
2199	2628	2.117802
2200	2636	2.124249
2201	2632	2.121026
2202	2636	2.124249
2203	2621	2.112161
2204	2636	2.124249
2205	2636	2.124249
2206	2628	2.117802
2207	2629	2.118608
2208	2629	2.118608
2209	2637	2.125055
2210	2628	2.117802
2211	2637	2.125055
2212	2637	2.125055
2213	2637	2.125055
2214	2628	2.117802
2215	2628	2.117802
2216	2637	2.125055
2217	2628	2.117802
2218	2628	2.117802
2219	2621	2.112161
2220	2637	2.125055
2221	2621	2.112161
2222	2629	2.118608
2223	2616	2.108132
2224	2621	2.112161
2225	2629	2.118608
2226	2620	2.111355
2227	2628	2.117802
2228	2621	2.112161
2229	2629	2.118608
2230	2628	2.117802
2231	2628	2.117802
2232	2629	2.118608
2233	2621	2.112161
2234	2629	2.118608
2235	2620	2.111355
2236	2621	2.112161
2237	2629	2.118608
2238	2636	2.124249
2239	2621	2.112161
2240	2628	2.117802
2241	2628	2.117802
2242	2607	2.100879
2243	2604	2.098462
2244	2613	2.105714
2245	2605	2.099267
2246	2621	2.112161
2247	2613	2.105714
2248	2607	2.100879
2249	2620	2.111355
2250	2620	2.111355
2251	2621	2.112161
2252	2621	2.112161
2253	2620	2.111355
2254	2605	2.099267
2255	2605	2.099267
2256	2605	2.099267
2257	2605	2.099267
2258	2604	2.098462
2259	2605	2.099267
2260	2604	2.098462
2261	2604	2.098462
2262	2597	2.092821
2263	2604	2.098462
2264	2589	2.086374
2265	2588	2.085568
2266	2597	2.092821
2267	2596	2.092015
2268	2588	2.085568
2269	2597	2.092821
2270	2589	2.086374
2271	2589	2.086374
2272	2588	2.085568
2273	2575	2.075092
2274	2588	2.085568
2275	2581	2.079927
2276	2565	2.067033
2277	2581	2.079927
2278	2575	2.075092
2279	2572	2.072674
2280	2572	2.072674
2281	2565	2.067033
2282	2572	2.072674
2283	2557	2.060586
2284	2573	2.073480
2285	2556	2.059780
2286	2549	2.054139
2287	2543	2.049304
2288	2541	2.047692
2289	2557	2.060586
2290	2556	2.059780
2291	2541	2.047692
2292	2532	2.040440
2293	2533	2.041245
2294	2532	2.040440
2295	2541	2.047692
2296	2525	2.034799
2297	2520	2.030769
2298	2524	2.033993
2299	2533	2.041245
2300	2525	2.034799
2301	2524	2.033993
2302	2524	2.033993
2303	2517	2.028352
2304	2509	2.021905
2305	2508	2.021099
2306	2509	2.021905
2307	2508	2.021099
2308	2500	2.014652
2309	2509	2.021905
2310	2500	2.014652
2311	2493	2.009011
2312	2501	2.015458
2313	2492	2.008205
2314	2477	1.996117
2315	2477	1.996117
2316	2477	1.996117
2317	2477	1.996117
2318	2479	1.997729
2319	2469	1.989670
2320	2477	1.996117
2321	2485	2.002564
2322	2477	1.996117
2323	2460	1.982418
2324	2460	1.982418
2325	2469	1.989670
2326	2469	1.989670
2327	2469	1.989670
2328	2461	1.983223
2329	2476	1.995311
2330	2476	1.995311
2331	2461	1.983223
2332	2469	1.989670
2333	2469	1.989670
2334	2477	1.996117
2335	2469	1.989670
2336	2468	1.988864
2337	2445	1.970330
2338	2468	1.988864
2339	2476	1.995311
2340	2468	1.988864
2341	2461	1.983223
2342	2469	1.989670
2343	2469	1.989670
2344	2461	1.983223
2345	2461	1.983223
2346	2469	1.989670
2347	2476	1.995311
2348	2476	1.995311
2349	2476	1.995311
2350	2461	1.983223
2351	2469	1.989670
2352	2477	1.996117
2353	2477	1.996117
2354	2477	1.996117
2355	2469	1.989670
2356	2492	2.008205
2357	2477	1.996117
2358	2485	2.002564
2359	2469	1.989670
2360	2492	2.008205
2361	2485	2.002564
2362	2492	2.008205
2363	2477	1.996117
2364	2477	1.996117
2365	2479	1.997729
2366	2509	2.021905
2367	2508	2.021099
2368	2500	2.014652
2369	2500	2.014652
2370	2500	2.014652
2371	2500	2.014652
2372	2508	2.021099
2373	2501	2.015458
2374	2524	2.033993
2375	2524	2.033993
2376	2517	2.028352
2377	2532	2.040440
2378	2532	2.040440
2379	2509	2.021905
2380	2540	2.046886
2381	2524	2.033993
2382	2540	2.046886
2383	2541	2.047692
2384	2540	2.046886
2385	2541	2.047692
2386	2541	2.047692
2387	2533	2.041245
2388	2557	2.060586
2389	2541	2.047692
2390	2541	2.047692
2391	2549	2.054139
2392	2556	2.059780
2393	2557	2.060586
2394	2557	2.060586
2395	2557	2.060586
2396	2557	2.060586
2397	2564	2.066227
2398	2572	2.072674
2399	2572	2.072674
2400	2581	2.079927
2401	2573	2.073480
2402	2588	2.085568
2403	2588	2.085568
2404	2588	2.085568
2405	2596	2.092015
2406	2588	2.085568
2407	2589	2.086374
2408	2588	2.085568
2409	2588	2.085568
2410	2589	2.086374
2411	2573	2.073480
2412	2589	2.086374
2413	2589	2.086374
2414	2597	2.092821
2415	2597	2.092821
2416	2605	2.099267
2417	2605	2.099267
2418	2605	2.099267
2419	2605	2.099267
2420	2637	2.125055
2421	2604	2.098462
2422	2620	2.111355
2423	2620	2.111355
2424	2607	2.100879
2425	2621	2.112161
2426	2620	2.111355
2427	2613	2.105714
2428	2621	2.112161
2429	2628	2.117802
2430	2629	2.118608
2431	2637	2.125055
2432	2636	2.124249
2433	2636	2.124249
2434	2652	2.137143
2435	2629	2.118608
2436	2637	2.125055
2437	2645	2.131502
2438	2639	2.126667
2439	2636	2.124249
2440	2637	2.125055
2441	2637	2.125055
2442	2653	2.137949
2443	2636	2.124249
2444	2645	2.131502
2445	2653	2.137949
2446	2652	2.137143
2447	2653	2.137949
2448	2648	2.133919
2449	2639	2.126667
2450	2645	2.131502
2451	2637	2.125055
2452	2652	2.137143
2453	2661	2.144396
2454	2653	2.137949
2455	2653	2.137949
2456	2660	2.143590
2457	2653	2.137949
2458	2653	2.137949
2459	2653	2.137949
2460	2653	2.137949
2461	2653	2.137949
2462	2668	2.150037
2463	2661	2.144396
2464	2669	2.150842
2465	2669	2.150842
2466	2669	2.150842
2467	2669	2.150842
2468	2669	2.150842
2469	2661	2.144396
2470	2660	2.143590
2471	2669	2.150842
2472	2684	2.162930
2473	2668	2.150037
2474	2668	2.150037
2475	2668	2.150037
2476	2669	2.150842
2477	2685	2.163736
2478	2668	2.150037
2479	2684	2.162930
2480	2669	2.150842
2481	2684	2.162930
2482	2684	2.162930
2483	2669	2.150842
2484	2677	2.157289
2485	2669	2.150842
2486	2684	2.162930
2487	2692	2.169377
2488	2693	2.170183
2489	2685	2.163736
2490	2685	2.163736
2491	2693	2.170183
2492	2701	2.176630
2493	2700	2.175824
2494	2692	2.169377
2495	2701	2.176630
2496	2700	2.175824
2497	2700	2.175824
2498	2717	2.189524
2499	2701	2.176630
2500	2703	2.178242
2501	2709	2.183077
2502	2701	2.176630
2503	2717	2.189524
2504	2725	2.195971
2505	2717	2.189524
2506	2717	2.189524
2507	2716	2.188718
2508	2732	2.201612
2509	2716	2.188718
2510	2703	2.178242
2511	2717	2.189524
2512	2717	2.189524
2513	2724	2.195165
2514	2717	2.189524
2515	2716	2.188718
2516	2725	2.195971
2517	2724	2.195165
2518	2733	2.202418
2519	2717	2.189524
2520	2733	2.202418
2521	2725	2.195971
2522	2733	2.202418
2523	2732	2.201612
2524	2732	2.201612
2525	2741	2.208864
2526	2733	2.202418
2527	2732	2.201612
2528	2733	2.202418
2529	2741	2.208864
2530	2733	2.202418
2531	2732	2.201612
2532	2748	2.214505
2533	2733	2.202418
2534	2732	2.201612
2535	2748	2.214505
2536	2748	2.214505
2537	2733	2.202418
2538	2732	2.201612
2539	2732	2.201612
2540	2733	2.202418
2541	2741	2.208864
2542	2749	2.215311
2543	2733	2.202418
2544	2749	2.215311
2545	2748	2.214505
2546	2748	2.214505
2547	2748	2.214505
2548	2749	2.215311
2549	2756	2.220952
2550	2756	2.220952
2551	2748	2.214505
2552	2757	2.221758
2553	2757	2.221758
2554	2764	2.227399
2555	2756	2.220952
2556	2756	2.220952
2557	2749	2.215311
2558	2756	2.220952
2559	2764	2.227399
2560	2764	2.227399
2561	2765	2.228205
2562	2757	2.221758
2563	2757	2.221758
2564	2765	2.228205
2565	2765	2.228205
2566	2773	2.234652
2567	2765	2.228205
2568	2756	2.220952
2569	2765	2.228205
2570	2765	2.228205
2571	2765	2.228205
2572	2780	2.240293
2573	2765	2.228205
2574	2765	2.228205
2575	2764	2.227399
2576	2765	2.228205
2577	2767	2.229817
2578	2765	2.228205
2579	2765	2.228205
2580	2765	2.228205
2581	2765	2.228205
2582	2781	2.241099
2583	2765	2.228205
2584	2781	2.241099
2585	2780	2.240293
2586	2780	2.240293
2587	2765	2.228205
2588	2765	2.228205
2589	2773	2.234652
2590	2765	2.228205
2591	2780	2.240293
2592	2776	2.237070
2593	2780	2.240293
2594	2788	2.246740
2595	2780	2.240293
2596	2780	2.240293
2597	2788	2.246740
2598	2781	2.241099
2599	2781	2.241099
2600	2788	2.246740
2601	2773	2.234652
2602	2788	2.246740
2603	2789	2.247546
2604	2789	2.247546
2605	2789	2.247546
2606	2797	2.253993
2607	2796	2.253187
2608	2789	2.247546
2609	2781	2.241099
2610	2796	2.253187
2611	2796	2.253187
2612	2797	2.253993
2613	2796	2.253187
2614	2797	2.253993
2615	2797	2.253993
2616	2797	2.253993
2617	2796	2.253187
2618	2813	2.266886
2619	2812	2.266081
2620	2812	2.266081
2621	2797	2.253993
2622	2797	2.253993
2623	2812	2.266081
2624	2797	2.253993
2625	2805	2.260440
2626	2812	2.266081
2627	2812	2.266081
2628	2812	2.266081
2629	2821	2.273333
2630	2821	2.273333
2631	2828	2.278974
2632	2821	2.273333
2633	2813	2.266886
2634	2821	2.273333
2635	2828	2.278974
2636	2813	2.266886
2637	2820	2.272527
2638	2829	2.279780
2639	2828	2.278974
2640	2829	2.279780
2641	2821	2.273333
2642	2821	2.273333
2643	2829	2.279780
2644	2829	2.279780
2645	2829	2.279780
2646	2837	2.286227
2647	2829	2.279780
2648	2829	2.279780
2649	2829	2.279780
2650	2844	2.291868
2651	2845	2.292674
2652	2844	2.291868
2653	2844	2.291868
2654	2845	2.292674
2655	2829	2.279780
2656	2845	2.292674
2657	2829	2.279780
2658	2845	2.292674
2659	2845	2.292674
2660	2844	2.291868
2661	2852	2.298315
2662	2853	2.299121
2663	2845	2.292674
2664	2829	2.279780
2665	2829	2.279780
2666	2860	2.304762
2667	2829	2.279780
2668	2829	2.279780
2669	2852	2.298315
2670	2853	2.299121
2671	2845	2.292674
2672	2845	2.292674
2673	2844	2.291868
2674	2845	2.292674
2675	2853	2.299121
2676	2845	2.292674
2677	2852	2.298315
2678	2845	2.292674
2679	2861	2.305568
2680	2861	2.305568
2681	2845	2.292674
2682	2853	2.299121
2683	2853	2.299121
2684	2861	2.305568
2685	2853	2.299121
2686	2861	2.305568
2687	2861	2.305568
2688	2861	2.305568
2689	2861	2.305568
2690	2861	2.305568
2691	2861	2.305568
2692	2861	2.305568
2693	2861	2.305568
2694	2861	2.305568
2695	2876	2.317656
2696	2876	2.317656
2697	2861	2.305568
2698	2860	2.304762
2699	2861	2.305568
2700	2863	2.307179
2701	2861	2.305568
2702	2876	2.317656
2703	2877	2.318462
2704	2869	2.312015
2705	2863	2.307179
2706	2861	2.305568
2707	2861	2.305568
2708	2861	2.305568
2709	2884	2.324103
2710	2861	2.305568
2711	2876	2.317656
2712	2861	2.305568
2713	2861	2.305568
2714	2876	2.317656
2715	2861	2.305568
2716	2877	2.318462
2717	2869	2.312015
2718	2876	2.317656
2719	2869	2.312015
2720	2877	2.318462
2721	2877	2.318462
2722	2876	2.317656
2723	2877	2.318462
2724	2877	2.318462
2725	2877	2.318462
2726	2877	2.318462
2727	2885	2.324908
2728	2877	2.318462
2729	2877	2.318462
2730	2876	2.317656
2731	2877	2.318462
2732	2877	2.318462
2733	2885	2.324908
2734	2892	2.330549
2735	2877	2.318462
2736	2892	2.330549
2737	2885	2.324908
2738	2884	2.324103
2739	2877	2.318462
2740	2893	2.331355
2741	2877	2.318462
2742	2892	2.330549
2743	2892	2.330549
2744	2893	2.331355
2745	2884	2.324103
2746	2893	2.331355
2747	2885	2.324908
2748	2893	2.331355
2749	2893	2.331355
2750	2893	2.331355
2751	2893	2.331355
2752	2892	2.330549
2753	2892	2.330549
2754	2892	2.330549
2755	2893	2.331355
2756	2876	2.317656
2757	2892	2.330549
2758	2893	2.331355
2759	2892	2.330549
2760	2892	2.330549
2761	2892	2.330549
2762	2893	2.331355
2763	2893	2.331355
2764	2893	2.331355
2765	2893	2.331355
2766	2916	2.349890
2767	2908	2.343443
2768	2893	2.331355
2769	2893	2.331355
2770	2909	2.344249
2771	2893	2.331355
2772	2892	2.330549
2773	2893	2.331355
2774	2909	2.344249
2775	2909	2.344249
2776	2908	2.343443
2777	2917	2.350696
2778	2909	2.344249
2779	2924	2.356337
2780	2916	2.349890
2781	2909	2.344249
2782	2917	2.350696
2783	2917	2.350696
2784	2924	2.356337
2785	2908	2.343443
2786	2916	2.349890
2787	2909	2.344249
2788	2909	2.344249
2789	2908	2.343443
2790	2909	2.344249
2791	2908	2.343443
2792	2924	2.356337
2793	2909	2.344249
2794	2916	2.349890
2795	2924	2.356337
2796	2917	2.350696
2797	2916	2.349890
2798	2916	2.349890
2799	2909	2.344249
2800	2917	2.350696
2801	2909	2.344249
2802	2909	2.344249
2803	2925	2.357143
2804	2917	2.350696
2805	2924	2.356337
2806	2917	2.350696
2807	2917	2.350696
2808	2909	2.344249
2809	2925	2.357143
2810	2925	2.357143
2811	2924	2.356337
2812	2924	2.356337
2813	2925	2.357143
2814	2925	2.357143
2815	2924	2.356337
2816	2925	2.357143
2817	2909	2.344249
2818	2925	2.357143
2819	2925	2.357143
2820	2925	2.357143
2821	2924	2.356337
2822	2909	2.344249
2823	2924	2.356337
2824	2925	2.357143
2825	2927	2.358755
2826	2917	2.350696
2827	2925	2.357143
2828	2924	2.356337
2829	2925	2.357143
2830	2924	2.356337
2831	2924	2.356337
2832	2924	2.356337
2833	2917	2.350696
2834	2925	2.357143
2835	2917	2.350696
2836	2940	2.369231
2837	2925	2.357143
2838	2933	2.363590
2839	2941	2.370037
2840	2925	2.357143
2841	2925	2.357143
2842	2940	2.369231
2843	2925	2.357143
2844	2940	2.369231
2845	2925	2.357143
2846	2941	2.370037
2847	2925	2.357143
2848	2925	2.357143
2849	2925	2.357143
2850	2925	2.357143
2851	2925	2.357143
2852	2925	2.357143
2853	2944	2.372454
2854	2925	2.357143
2855	2925	2.357143
2856	2925	2.357143
2857	2940	2.369231
2858	2940	2.369231
2859	2925	2.357143
2860	2927	2.358755
2861	2940	2.369231
2862	2941	2.370037
2863	2948	2.375678
2864	2940	2.369231
2865	2941	2.370037
2866	2940	2.369231
2867	2925	2.357143
2868	2949	2.376484
2869	2941	2.370037
2870	2940	2.369231
2871	2948	2.375678
2872	2940	2.369231
2873	2927	2.358755
2874	2948	2.375678
2875	2940	2.369231
2876	2940	2.369231
2877	2940	2.369231
2878	2940	2.369231
2879	2940	2.369231
2880	2941	2.370037
2881	2944	2.372454
2882	2949	2.376484
2883	2940	2.369231
2884	2941	2.370037
2885	2941	2.370037
2886	2944	2.372454
2887	2949	2.376484
2888	2949	2.376484
2889	2949	2.376484
2890	2956	2.382125
2891	2956	2.382125
2892	2948	2.375678
2893	2927	2.358755
2894	2948	2.375678
2895	2949	2.376484
2896	2949	2.376484
2897	2944	2.372454
2898	2940	2.369231
2899	2948	2.375678
2900	2948	2.375678
2901	2944	2.372454
2902	2948	2.375678
2903	2956	2.382125
2904	2948	2.375678
2905	2949	2.376484
2906	2940	2.369231
2907	2956	2.382125
2908	2940	2.369231
2909	2944	2.372454
2910	2949	2.376484
2911	2957	2.382930
2912	2925	2.357143
2913	2956	2.382125
2914	2956	2.382125
2915	2956	2.382125
2916	2956	2.382125
2917	2957	2.382930
2918	2956	2.382125
2919	2956	2.382125
2920	2957	2.382930
2921	2956	2.382125
2922	2972	2.395018
2923	2957	2.382930
2924	2957	2.382930
2925	2956	2.382125
2926	2956	2.382125
2927	2957	2.382930
2928	2948	2.375678
2929	2957	2.382930
2930	2957	2.382930
2931	2957	2.382930
2932	2957	2.382930
2933	2948	2.375678
2934	2957	2.382930
2935	2949	2.376484
2936	2948	2.375678
2937	2948	2.375678
2938	2959	2.384542
2939	2956	2.382125
2940	2957	2.382930
2941	2957	2.382930
2942	2957	2.382930
2943	2957	2.382930
2944	2957	2.382930
2945	2957	2.382930
2946	2957	2.382930
2947	2956	2.382125
2948	2957	2.382930
2949	2957	2.382930
2950	2956	2.382125
2951	2957	2.382930
2952	2948	2.375678
2953	2973	2.395824
2954	2973	2.395824
2955	2965	2.389377
2956	2957	2.382930
2957	2957	2.382930
2958	2981	2.402271
2959	2956	2.382125
2960	2949	2.376484
2961	2957	2.382930
2962	2957	2.382930
2963	2956	2.382125
2964	2965	2.389377
2965	2957	2.382930
2966	2957	2.382930
2967	2957	2.382930
2968	2957	2.382930
2969	2972	2.395018
2970	2972	2.395018
2971	2972	2.395018
2972	2957	2.382930
2973	2973	2.395824
2974	2972	2.395018
2975	2965	2.389377
2976	2972	2.395018
2977	2973	2.395824
2978	2972	2.395018
2979	2959	2.384542
2980	2957	2.382930
2981	2957	2.382930
2982	2972	2.395018
2983	2981	2.402271
2984	2956	2.382125
2985	2973	2.395824
2986	2956	2.382125
2987	2957	2.382930
2988	2965	2.389377
2989	2980	2.401465
2990	2957	2.382930
2991	2973	2.395824
2992	2957	2.382930
2993	2957	2.382930
2994	2973	2.395824
2995	2973	2.395824
2996	2972	2.395018
2997	2957	2.382930
2998	2973	2.395824
2999	2972	2.395018
3000	2972	2.395018
3001	2972	2.395018
3002	2959	2.384542
3003	2959	2.384542
3004	2957	2.382930
3005	2972	2.395018
3006	2957	2.382930
3007	2957	2.382930
3008	2981	2.402271
3009	2957	2.382930
3010	2972	2.395018
3011	2972	2.395018
3012	2973	2.395824
3013	2973	2.395824
3014	2957	2.382930
3015	2980	2.401465
3016	2972	2.395018
3017	2972	2.395018
3018	2972	2.395018
3019	2957	2.382930
3020	2973	2.395824
3021	2957	2.382930
3022	2980	2.401465
3023	2972	2.395018
3024	2972	2.395018
3025	2973	2.395824
3026	2973	2.395824
3027	2981	2.402271
3028	2973	2.395824
3029	2972	2.395018
3030	2973	2.395824
3031	2973	2.395824
3032	2972	2.395018
3033	2973	2.395824
3034	2972	2.395018
3035	2973	2.395824
3036	2973	2.395824
3037	2973	2.395824
3038	2981	2.402271
3039	2957	2.382930
3040	2972	2.395018
3041	2973	2.395824
3042	2980	2.401465
3043	2972	2.395018
3044	2972	2.395018
3045	2973	2.395824
3046	2972	2.395018
3047	2972	2.395018
3048	2972	2.395018
3049	2972	2.395018
3050	2957	2.382930
3051	2957	2.382930
3052	2972	2.395018
3053	2972	2.395018
3054	2973	2.395824
3055	2972	2.395018
3056	2973	2.395824
3057	2959	2.384542
3058	2965	2.389377
3059	2972	2.395018
3060	2973	2.395824
3061	2981	2.402271
3062	2988	2.407912
3063	2988	2.407912
3064	2973	2.395824
3065	2973	2.395824
3066	2980	2.401465
3067	2973	2.395824
3068	2981	2.402271
3069	2957	2.382930
3070	2965	2.389377
3071	2972	2.395018
3072	2965	2.389377
3073	2973	2.395824
3074	2972	2.395018
3075	2972	2.395018
3076	2988	2.407912
3077	2957	2.382930
3078	2957	2.382930
3079	2988	2.407912
3080	2957	2.382930
3081	2973	2.395824
3082	2973	2.395824
3083	2981	2.402271
3084	2973	2.395824
3085	2973	2.395824
3086	2973	2.395824
3087	2973	2.395824
3088	2973	2.395824
3089	2973	2.395824
3090	2981	2.402271
3091	2973	2.395824
3092	2959	2.384542
3093	2973	2.395824
3094	2973	2.395824
3095	2980	2.401465
3096	2973	2.395824
3097	2980	2.401465
3098	2988	2.407912
3099	2980	2.401465
3100	2980	2.401465
3101	2957	2.382930
3102	2981	2.402271
3103	2981	2.402271
3104	2973	2.395824
3105	2989	2.408718
3106	2957	2.382930
3107	2972	2.395018
3108	2973	2.395824
3109	2972	2.395018
3110	2981	2.402271
3111	2988	2.407912
3112	2959	2.384542
3113	2973	2.395824
3114	2973	2.395824
3115	2972	2.395018
3116	2972	2.395018
3117	2989	2.408718
3118	2973	2.395824
3119	2988	2.407912
3120	2972	2.395018
3121	2973	2.395824
3122	2973	2.395824
3123	2988	2.407912
3124	2981	2.402271
3125	2973	2.395824
3126	2988	2.407912
3127	2989	2.408718
3128	2973	2.395824
3129	2981	2.402271
3130	2980	2.401465
3131	2989	2.408718
3132	2981	2.402271
3133	2988	2.407912
3134	2973	2.395824
3135	2980	2.401465
3136	2972	2.395018
3137	2989	2.408718
3138	2981	2.402271
3139	2988	2.407912
3140	2980	2.401465
3141	2973	2.395824
3142	2973	2.395824
3143	2973	2.395824
3144	2988	2.407912
3145	2989	2.408718
3146	2988	2.407912
3147	2988	2.407912
3148	2981	2.402271
3149	2972	2.395018
3150	2972	2.395018
3151	2989	2.408718
3152	2973	2.395824
3153	2980	2.401465
3154	2973	2.395824
3155	2989	2.408718
3156	2989	2.408718
3157	2988	2.407912
3158	2973	2.395824
3159	2972	2.395018
3160	2989	2.408718
3161	2988	2.407912
3162	2973	2.395824
3163	2981	2.402271
3164	2988	2.407912
3165	2988	2.407912
3166	2989	2.408718
3167	2981	2.402271
3168	2988	2.407912
3169	2973	2.395824
3170	2988	2.407912
3171	2973	2.395824
3172	2972	2.395018
3173	2973	2.395824
3174	2988	2.407912
3175	2973	2.395824
3176	2988	2.407912
3177	2973	2.395824
3178	2988	2.407912
3179	2989	2.408718
3180	2972	2.395018
3181	2973	2.395824
3182	2989	2.408718
3183	2973	2.395824
3184	2981	2.402271
3185	2973	2.395824
3186	2988	2.407912
3187	2980	2.401465
3188	2973	2.395824
3189	2981	2.402271
3190	2973	2.395824
3191	2980	2.401465
3192	2989	2.408718
3193	2981	2.402271
3194	2981	2.402271
3195	2988	2.407912
3196	2973	2.395824
3197	2988	2.407912
3198	2973	2.395824
3199	2988	2.407912
3200	2981	2.402271
3201	2981	2.402271
3202	2980	2.401465
3203	2973	2.395824
3204	2981	2.402271
3205	2981	2.402271
3206	2973	2.395824
3207	2988	2.407912
3208	2988	2.407912
3209	2981	2.402271
3210	2989	2.408718
3211	2973	2.395824
3212	2988	2.407912
3213	2988	2.407912
3214	2981	2.402271
3215	2980	2.401465
3216	2973	2.395824
3217	2973	2.395824
3218	2989	2.408718
3219	2989	2.408718
3220	2981	2.402271
3221	2988	2.407912
3222	2973	2.395824
3223	2988	2.407912
3224	2989	2.408718
3225	2980	2.401465
3226	2981	2.402271
3227	2988	2.407912
3228	2989	2.408718
3229	2989	2.408718
3230	2989	2.408718
3231	2989	2.408718
3232	2989	2.408718
3233	2989	2.408718
3234	2973	2.395824
3235	2981	2.402271
3236	2988	2.407912
3237	2989	2.408718
3238	2981	2.402271
3239	2980	2.401465
3240	2988	2.407912
3241	2973	2.395824
3242	2988	2.407912
3243	2981	2.402271
3244	2980	2.401465
3245	2989	2.408718
3246	2981	2.402271
3247	2989	2.408718
3248	2973	2.395824
3249	2973	2.395824
3250	2981	2.402271
3251	2997	2.415165
3252	2973	2.395824
3253	2988	2.407912
3254	2981	2.402271
3255	2988	2.407912
3256	2989	2.408718
3257	2989	2.408718
3258	2988	2.407912
3259	2973	2.395824
3260	2988	2.407912
3261	2989	2.408718
3262	2973	2.395824
3263	2989	2.408718
3264	2988	2.407912
3265	2989	2.408718
3266	2989	2.408718
3267	2988	2.407912
3268	2988	2.407912
3269	2988	2.407912
3270	2988	2.407912
3271	2997	2.415165
3272	2988	2.407912
3273	2989	2.408718
3274	3004	2.420806
3275	2988	2.407912
3276	2989	2.408718
3277	3004	2.420806
3278	2989	2.408718
3279	2989	2.408718
3280	2988	2.407912
3281	2988	2.407912
3282	2988	2.407912
3283	3004	2.420806
3284	2989	2.408718
3285	3004	2.420806
3286	2988	2.407912
3287	2981	2.402271
3288	2989	2.408718
3289	2989	2.408718
3290	2988	2.407912
3291	2988	2.407912
3292	2989	2.408718
3293	2989	2.408718
3294	2997	2.415165
3295	2988	2.407912
3296	2989	2.408718
3297	2989	2.408718
3298	3004	2.420806
3299	2989	2.408718
3300	2989	2.408718
3301	2980	2.401465
3302	2989	2.408718
3303	2980	2.401465
3304	3004	2.420806
3305	2988	2.407912
3306	3004	2.420806
3307	2989	2.408718
3308	3004	2.420806
3309	2989	2.408718
3310	2989	2.408718
3311	2980	2.401465
3312	2989	2.408718
3313	2989	2.408718
3314	2989	2.408718
3315	2989	2.408718
3316	2988	2.407912
3317	2981	2.402271
3318	2989	2.408718
3319	2989	2.408718
3320	2989	2.408718
3321	2989	2.408718
3322	2989	2.408718
3323	2989	2.408718
3324	3004	2.420806
3325	2988	2.407912
3326	2989	2.408718
3327	2989	2.408718
3328	2989	2.408718
3329	2989	2.408718
3330	2989	2.408718
3331	2989	2.408718
3332	2989	2.408718
3333	2989	2.408718
3334	2981	2.402271
3335	2988	2.407912
3336	2981	2.402271
3337	2997	2.415165
3338	2989	2.408718
3339	2989	2.408718
3340	2989	2.408718
3341	2988	2.407912
3342	2989	2.408718
3343	3004	2.420806
3344	2989	2.408718
3345	2988	2.407912
3346	3004	2.420806
3347	3004	2.420806
3348	2989	2.408718
3349	2988	2.407912
3350	3004	2.420806
3351	2981	2.402271
3352	2989	2.408718
3353	2989	2.408718
3354	2989	2.408718
3355	2989	2.408718
3356	2989	2.408718
3357	2989	2.408718
3358	2989	2.408718
3359	2989	2.408718
3360	2989	2.408718
3361	2989	2.408718
3362	2989	2.408718
3363	2989	2.408718
3364	2989	2.408718
3365	2989	2.408718
3366	3004	2.420806
3367	2973	2.395824
3368	2989	2.408718
3369	2997	2.415165
3370	3004	2.420806
3371	2989	2.408718
3372	2989	2.408718
3373	3004	2.420806
3374	2991	2.410330
3375	2988	2.407912
3376	2988	2.407912
3377	2989	2.408718
3378	2989	2.408718
3379	2989	2.408718
3380	2997	2.415165
3381	2989	2.408718
3382	2989	2.408718
3383	2988	2.407912
3384	2989	2.408718
3385	3004	2.420806
3386	2989	2.408718
3387	2988	2.407912
3388	2989	2.408718
3389	2989	2.408718
3390	2988	2.407912
3391	2989	2.408718
3392	2989	2.408718
3393	2973	2.395824
3394	2988	2.407912
3395	2988	2.407912
3396	2989	2.408718
3397	2973	2.395824
3398	2989	2.408718
3399	2989	2.408718
3400	2988	2.407912
3401	2988	2.407912
3402	2997	2.415165
3403	2989	2.408718
3404	2989	2.408718
3405	2988	2.407912
3406	2989	2.408718
3407	2989	2.408718
3408	2988	2.407912
3409	2989	2.408718
3410	2988	2.407912
3411	2989	2.408718
3412	2989	2.408718
3413	2980	2.401465
3414	2981	2.402271
3415	2997	2.415165
3416	2989	2.408718
3417	2989	2.408718
3418	2989	2.408718
3419	2989	2.408718
3420	3005	2.421612
3421	2989	2.408718
3422	2989	2.408718
3423	3004	2.420806
3424	2991	2.410330
3425	2981	2.402271
3426	2988	2.407912
3427	2989	2.408718
3428	2989	2.408718
3429	2989	2.408718
3430	2989	2.408718
3431	2980	2.401465
3432	2989	2.408718
3433	2988	2.407912
3434	2989	2.408718
3435	2988	2.407912
3436	2988	2.407912
3437	2981	2.402271
3438	2988	2.407912
3439	2981	2.402271
3440	3004	2.420806
3441	2988	2.407912
3442	2989	2.408718
3443	2988	2.407912
3444	3004	2.420806
3445	2991	2.410330
3446	2989	2.408718
3447	2989	2.408718
3448	2988	2.407912
3449	2988	2.407912
3450	2989	2.408718
3451	2988	2.407912
3452	2989	2.408718
3453	2989	2.408718
3454	2988	2.407912
3455	2989	2.408718
3456	2980	2.401465
3457	2989	2.408718
3458	2981	2.402271
3459	2980	2.401465
3460	2988	2.407912
3461	2989	2.408718
3462	2989	2.408718
3463	2991	2.410330
3464	2988	2.407912
3465	2991	2.410330
3466	2989	2.408718
3467	2989	2.408718
3468	2989	2.408718
3469	2988	2.407912
3470	2997	2.415165
3471	2981	2.402271
3472	2988	2.407912
3473	2988	2.407912
3474	2989	2.408718
3475	2972	2.395018
3476	2989	2.408718
3477	2981	2.402271
3478	2988	2.407912
3479	2988	2.407912
3480	2988	2.407912
3481	2989	2.408718
3482	2981	2.402271
3483	2981	2.402271
3484	2989	2.408718
3485	2988	2.407912
3486	2989	2.408718
3487	2988	2.407912
3488	2981	2.402271
3489	2981	2.402271
3490	2988	2.407912
3491	2988	2.407912
3492	2981	2.402271
3493	2981	2.402271
3494	2989	2.408718
3495	2989	2.408718
3496	2981	2.402271
3497	2973	2.395824
3498	2988	2.407912
3499	2981	2.402271
3500	2989	2.408718
3501	2973	2.395824
3502	2988	2.407912
3503	2988	2.407912
3504	2973	2.395824
3505	2981	2.402271
3506	2989	2.408718
3507	2973	2.395824
3508	2980	2.401465
3509	2980	2.401465
3510	2973	2.395824
3511	2981	2.402271
3512	2988	2.407912
3513	2981	2.402271
3514	2988	2.407912
3515	2973	2.395824
3516	2973	2.395824
3517	2973	2.395824
3518	2989	2.408718
3519	2988	2.407912
3520	2988	2.407912
3521	2980	2.401465
3522	2981	2.402271
3523	2980	2.401465
3524	2973	2.395824
3525	2988	2.407912
3526	2972	2.395018
3527	2973	2.395824
3528	2980	2.401465
3529	2988	2.407912
3530	2972	2.395018
3531	2973	2.395824
3532	2972	2.395018
3533	2973	2.395824
3534	2981	2.402271
3535	2973	2.395824
3536	2988	2.407912
3537	2973	2.395824
3538	2988	2.407912
3539	2968	2.391795
3540	2980	2.401465
3541	2957	2.382930
3542	2972	2.395018
3543	2972	2.395018
3544	2973	2.395824
3545	2972	2.395018
3546	2972	2.395018
3547	2973	2.395824
3548	2972	2.395018
3549	2973	2.395824
3550	2973	2.395824
3551	2973	2.395824
3552	2972	2.395018
3553	2972	2.395018
3554	2981	2.402271
3555	2957	2.382930
3556	2973	2.395824
3557	2972	2.395018
3558	2965	2.389377
3559	2957	2.382930
3560	2972	2.395018
3561	2957	2.382930
3562	2957	2.382930
3563	2957	2.382930
3564	2973	2.395824
3565	2959	2.384542
3566	2973	2.395824
3567	2972	2.395018
3568	2972	2.395018
3569	2957	2.382930
3570	2973	2.395824
3571	2972	2.395018
3572	2956	2.382125
3573	2957	2.382930
3574	2957	2.382930
3575	2973	2.395824
3576	2957	2.382930
3577	2972	2.395018
3578	2973	2.395824
3579	2957	2.382930
3580	2957	2.382930
3581	2972	2.395018
3582	2957	2.382930
3583	2959	2.384542
3584	2957	2.382930
3585	2956	2.382125
3586	2949	2.376484
3587	2972	2.395018
3588	2957	2.382930
3589	2957	2.382930
3590	2956	2.382125
3591	2944	2.372454
3592	2949	2.376484
3593	2957	2.382930
3594	2957	2.382930
3595	2957	2.382930
3596	2956	2.382125
3597	2949	2.376484
3598	2957	2.382930
3599	2956	2.382125
3600	2957	2.382930
3601	2957	2.382930
3602	2957	2.382930
3603	2956	2.382125
3604	2957	2.382930
3605	2948	2.375678
3606	2957	2.382930
3607	2957	2.382930
3608	2956	2.382125
3609	2956	2.382125
3610	2957	2.382930
3611	2956	2.382125
3612	2957	2.382930
3613	2949	2.376484
3614	2957	2.382930
3615	2949	2.376484
3616	2957	2.382930
3617	2949	2.376484
3618	2948	2.375678
3619	2949	2.376484
3620	2956	2.382125
3621	2941	2.370037
3622	2949	2.376484
3623	2940	2.369231
3624	2948	2.375678
3625	2941	2.370037
3626	2948	2.375678
3627	2957	2.382930
3628	2944	2.372454
3629	2949	2.376484
3630	2956	2.382125
3631	2956	2.382125
3632	2956	2.382125
3633	2949	2.376484
3634	2927	2.358755
3635	2944	2.372454
3636	2956	2.382125
3637	2940	2.369231
3638	2948	2.375678
3639	2925	2.357143
3640	2948	2.375678
3641	2949	2.376484
3642	2941	2.370037
3643	2948	2.375678
3644	2949	2.376484
3645	2941	2.370037
3646	2948	2.375678
3647	2948	2.375678
