Pixel	ADC	VoltageV
1	3933	3.169451
2	3933	3.169451
3	3933	3.169451
4	3932	3.168645
5	3932	3.168645
6	3932	3.168645
7	3932	3.168645
8	3917	3.156557
9	3917	3.156557
10	3932	3.168645
11	3932	3.168645
12	3932	3.168645
13	3932	3.168645
14	3933	3.169451
15	3932	3.168645
16	3917	3.156557
17	3181	2.563443
18	2596	2.092015
19	2620	2.111355
20	2636	2.124249
21	2620	2.111355
22	2636	2.124249
23	2620	2.111355
24	2628	2.117802
25	2621	2.112161
26	2628	2.117802
27	2628	2.117802
28	2621	2.112161
29	2629	2.118608
30	2636	2.124249
31	2621	2.112161
32	2636	2.124249
33	2621	2.112161
34	2628	2.117802
35	2636	2.124249
36	2637	2.125055
37	2637	2.125055
38	2636	2.124249
39	2637	2.125055
40	2636	2.124249
41	2621	2.112161
42	2629	2.118608
43	2629	2.118608
44	2628	2.117802
45	2629	2.118608
46	2637	2.125055
47	2637	2.125055
48	2637	2.125055
49	2637	2.125055
50	2637	2.125055
51	2636	2.124249
52	2637	2.125055
53	2637	2.125055
54	2628	2.117802
55	2637	2.125055
56	2636	2.124249
57	2636	2.124249
58	2639	2.126667
59	2637	2.125055
60	2636	2.124249
61	2629	2.118608
62	2645	2.131502
63	2636	2.124249
64	2637	2.125055
65	2637	2.125055
66	2636	2.124249
67	2636	2.124249
68	2652	2.137143
69	2637	2.125055
70	2636	2.124249
71	2629	2.118608
72	2637	2.125055
73	2636	2.124249
74	2636	2.124249
75	2637	2.125055
76	2628	2.117802
77	2621	2.112161
78	2636	2.124249
79	2637	2.125055
80	2629	2.118608
81	2636	2.124249
82	2621	2.112161
83	2607	2.100879
84	2620	2.111355
85	2628	2.117802
86	2629	2.118608
87	2613	2.105714
88	2621	2.112161
89	2637	2.125055
90	2621	2.112161
91	2621	2.112161
92	2621	2.112161
93	2636	2.124249
94	2628	2.117802
95	2628	2.117802
96	2629	2.118608
97	2621	2.112161
98	2628	2.117802
99	2636	2.124249
100	2621	2.112161
101	2637	2.125055
102	2636	2.124249
103	2639	2.126667
104	2645	2.131502
105	2629	2.118608
106	2637	2.125055
107	2639	2.126667
108	2637	2.125055
109	2636	2.124249
110	2637	2.125055
111	2637	2.125055
112	2637	2.125055
113	2629	2.118608
114	2636	2.124249
115	2636	2.124249
116	2637	2.125055
117	2637	2.125055
118	2637	2.125055
119	2636	2.124249
120	2620	2.111355
121	2629	2.118608
122	2637	2.125055
123	2636	2.124249
124	2628	2.117802
125	2629	2.118608
126	2628	2.117802
127	2637	2.125055
128	2637	2.125055
129	2636	2.124249
130	2636	2.124249
131	2637	2.125055
132	2637	2.125055
133	2637	2.125055
134	2629	2.118608
135	2629	2.118608
136	2636	2.124249
137	2629	2.118608
138	2621	2.112161
139	2645	2.131502
140	2636	2.124249
141	2648	2.133919
142	2629	2.118608
143	2637	2.125055
144	2637	2.125055
145	2621	2.112161
146	2639	2.126667
147	2629	2.118608
148	2637	2.125055
149	2628	2.117802
150	2636	2.124249
151	2637	2.125055
152	2637	2.125055
153	2637	2.125055
154	2637	2.125055
155	2636	2.124249
156	2621	2.112161
157	2645	2.131502
158	2636	2.124249
159	2645	2.131502
160	2629	2.118608
161	2636	2.124249
162	2637	2.125055
163	2629	2.118608
164	2636	2.124249
165	2637	2.125055
166	2629	2.118608
167	2629	2.118608
168	2639	2.126667
169	2637	2.125055
170	2637	2.125055
171	2645	2.131502
172	2636	2.124249
173	2637	2.125055
174	2645	2.131502
175	2637	2.125055
176	2637	2.125055
177	2636	2.124249
178	2636	2.124249
179	2637	2.125055
180	2653	2.137949
181	2629	2.118608
182	2636	2.124249
183	2637	2.125055
184	2645	2.131502
185	2652	2.137143
186	2637	2.125055
187	2637	2.125055
188	2636	2.124249
189	2636	2.124249
190	2648	2.133919
191	2645	2.131502
192	2653	2.137949
193	2653	2.137949
194	2636	2.124249
195	2637	2.125055
196	2637	2.125055
197	2637	2.125055
198	2637	2.125055
199	2636	2.124249
200	2639	2.126667
201	2636	2.124249
202	2637	2.125055
203	2636	2.124249
204	2637	2.125055
205	2652	2.137143
206	2637	2.125055
207	2636	2.124249
208	2637	2.125055
209	2629	2.118608
210	2652	2.137143
211	2652	2.137143
212	2637	2.125055
213	2636	2.124249
214	2636	2.124249
215	2637	2.125055
216	2637	2.125055
217	2637	2.125055
218	2637	2.125055
219	2636	2.124249
220	2636	2.124249
221	2621	2.112161
222	2637	2.125055
223	2637	2.125055
224	2639	2.126667
225	2628	2.117802
226	2637	2.125055
227	2637	2.125055
228	2637	2.125055
229	2639	2.126667
230	2637	2.125055
231	2653	2.137949
232	2629	2.118608
233	2636	2.124249
234	2637	2.125055
235	2637	2.125055
236	2637	2.125055
237	2636	2.124249
238	2637	2.125055
239	2636	2.124249
240	2637	2.125055
241	2636	2.124249
242	2652	2.137143
243	2637	2.125055
244	2637	2.125055
245	2637	2.125055
246	2636	2.124249
247	2628	2.117802
248	2637	2.125055
249	2637	2.125055
250	2637	2.125055
251	2652	2.137143
252	2637	2.125055
253	2652	2.137143
254	2637	2.125055
255	2636	2.124249
256	2637	2.125055
257	2639	2.126667
258	2639	2.126667
259	2652	2.137143
260	2637	2.125055
261	2637	2.125055
262	2637	2.125055
263	2637	2.125055
264	2637	2.125055
265	2653	2.137949
266	2653	2.137949
267	2637	2.125055
268	2637	2.125055
269	2637	2.125055
270	2637	2.125055
271	2636	2.124249
272	2639	2.126667
273	2636	2.124249
274	2652	2.137143
275	2637	2.125055
276	2636	2.124249
277	2639	2.126667
278	2637	2.125055
279	2629	2.118608
280	2637	2.125055
281	2637	2.125055
282	2652	2.137143
283	2637	2.125055
284	2652	2.137143
285	2637	2.125055
286	2637	2.125055
287	2637	2.125055
288	2652	2.137143
289	2637	2.125055
290	2637	2.125055
291	2637	2.125055
292	2637	2.125055
293	2652	2.137143
294	2652	2.137143
295	2645	2.131502
296	2637	2.125055
297	2653	2.137949
298	2653	2.137949
299	2637	2.125055
300	2637	2.125055
301	2652	2.137143
302	2645	2.131502
303	2637	2.125055
304	2645	2.131502
305	2645	2.131502
306	2645	2.131502
307	2653	2.137949
308	2653	2.137949
309	2645	2.131502
310	2652	2.137143
311	2653	2.137949
312	2645	2.131502
313	2653	2.137949
314	2660	2.143590
315	2652	2.137143
316	2653	2.137949
317	2645	2.131502
318	2652	2.137143
319	2653	2.137949
320	2660	2.143590
321	2645	2.131502
322	2637	2.125055
323	2645	2.131502
324	2637	2.125055
325	2639	2.126667
326	2652	2.137143
327	2652	2.137143
328	2652	2.137143
329	2637	2.125055
330	2645	2.131502
331	2637	2.125055
332	2637	2.125055
333	2660	2.143590
334	2653	2.137949
335	2652	2.137143
336	2637	2.125055
337	2637	2.125055
338	2639	2.126667
339	2653	2.137949
340	2652	2.137143
341	2653	2.137949
342	2653	2.137949
343	2639	2.126667
344	2653	2.137949
345	2652	2.137143
346	2660	2.143590
347	2653	2.137949
348	2653	2.137949
349	2653	2.137949
350	2653	2.137949
351	2652	2.137143
352	2637	2.125055
353	2645	2.131502
354	2645	2.131502
355	2637	2.125055
356	2639	2.126667
357	2660	2.143590
358	2652	2.137143
359	2645	2.131502
360	2652	2.137143
361	2645	2.131502
362	2661	2.144396
363	2661	2.144396
364	2653	2.137949
365	2653	2.137949
366	2653	2.137949
367	2648	2.133919
368	2653	2.137949
369	2653	2.137949
370	2661	2.144396
371	2652	2.137143
372	2653	2.137949
373	2653	2.137949
374	2652	2.137143
375	2653	2.137949
376	2652	2.137143
377	2645	2.131502
378	2645	2.131502
379	2639	2.126667
380	2652	2.137143
381	2652	2.137143
382	2653	2.137949
383	2637	2.125055
384	2637	2.125055
385	2637	2.125055
386	2653	2.137949
387	2639	2.126667
388	2660	2.143590
389	2653	2.137949
390	2639	2.126667
391	2653	2.137949
392	2653	2.137949
393	2645	2.131502
394	2637	2.125055
395	2668	2.150037
396	2660	2.143590
397	2660	2.143590
398	2645	2.131502
399	2661	2.144396
400	2637	2.125055
401	2653	2.137949
402	2668	2.150037
403	2652	2.137143
404	2664	2.146813
405	2653	2.137949
406	2637	2.125055
407	2653	2.137949
408	2668	2.150037
409	2660	2.143590
410	2652	2.137143
411	2652	2.137143
412	2652	2.137143
413	2653	2.137949
414	2660	2.143590
415	2653	2.137949
416	2652	2.137143
417	2637	2.125055
418	2653	2.137949
419	2652	2.137143
420	2653	2.137949
421	2653	2.137949
422	2645	2.131502
423	2653	2.137949
424	2653	2.137949
425	2652	2.137143
426	2652	2.137143
427	2661	2.144396
428	2653	2.137949
429	2661	2.144396
430	2645	2.131502
431	2652	2.137143
432	2652	2.137143
433	2668	2.150037
434	2652	2.137143
435	2652	2.137143
436	2645	2.131502
437	2637	2.125055
438	2637	2.125055
439	2637	2.125055
440	2637	2.125055
441	2652	2.137143
442	2661	2.144396
443	2652	2.137143
444	2637	2.125055
445	2668	2.150037
446	2652	2.137143
447	2660	2.143590
448	2652	2.137143
449	2660	2.143590
450	2653	2.137949
451	2653	2.137949
452	2660	2.143590
453	2652	2.137143
454	2652	2.137143
455	2653	2.137949
456	2661	2.144396
457	2653	2.137949
458	2652	2.137143
459	2652	2.137143
460	2639	2.126667
461	2661	2.144396
462	2661	2.144396
463	2660	2.143590
464	2668	2.150037
465	2668	2.150037
466	2652	2.137143
467	2653	2.137949
468	2653	2.137949
469	2668	2.150037
470	2653	2.137949
471	2661	2.144396
472	2668	2.150037
473	2661	2.144396
474	2661	2.144396
475	2668	2.150037
476	2668	2.150037
477	2669	2.150842
478	2668	2.150037
479	2669	2.150842
480	2653	2.137949
481	2661	2.144396
482	2669	2.150842
483	2669	2.150842
484	2669	2.150842
485	2661	2.144396
486	2668	2.150037
487	2661	2.144396
488	2660	2.143590
489	2668	2.150037
490	2661	2.144396
491	2664	2.146813
492	2653	2.137949
493	2652	2.137143
494	2653	2.137949
495	2653	2.137949
496	2653	2.137949
497	2668	2.150037
498	2668	2.150037
499	2652	2.137143
500	2660	2.143590
501	2653	2.137949
502	2668	2.150037
503	2653	2.137949
504	2661	2.144396
505	2660	2.143590
506	2661	2.144396
507	2653	2.137949
508	2661	2.144396
509	2668	2.150037
510	2664	2.146813
511	2653	2.137949
512	2660	2.143590
513	2645	2.131502
514	2669	2.150842
515	2661	2.144396
516	2660	2.143590
517	2660	2.143590
518	2661	2.144396
519	2669	2.150842
520	2652	2.137143
521	2660	2.143590
522	2653	2.137949
523	2653	2.137949
524	2660	2.143590
525	2661	2.144396
526	2661	2.144396
527	2661	2.144396
528	2668	2.150037
529	2653	2.137949
530	2652	2.137143
531	2668	2.150037
532	2660	2.143590
533	2660	2.143590
534	2661	2.144396
535	2660	2.143590
536	2652	2.137143
537	2653	2.137949
538	2668	2.150037
539	2668	2.150037
540	2660	2.143590
541	2668	2.150037
542	2661	2.144396
543	2669	2.150842
544	2668	2.150037
545	2660	2.143590
546	2668	2.150037
547	2652	2.137143
548	2668	2.150037
549	2668	2.150037
550	2684	2.162930
551	2669	2.150842
552	2669	2.150842
553	2669	2.150842
554	2660	2.143590
555	2653	2.137949
556	2669	2.150842
557	2668	2.150037
558	2661	2.144396
559	2668	2.150037
560	2669	2.150842
561	2671	2.152454
562	2669	2.150842
563	2668	2.150037
564	2684	2.162930
565	2653	2.137949
566	2668	2.150037
567	2653	2.137949
568	2661	2.144396
569	2653	2.137949
570	2669	2.150842
571	2661	2.144396
572	2668	2.150037
573	2668	2.150037
574	2668	2.150037
575	2661	2.144396
576	2661	2.144396
577	2668	2.150037
578	2653	2.137949
579	2668	2.150037
580	2653	2.137949
581	2668	2.150037
582	2653	2.137949
583	2669	2.150842
584	2660	2.143590
585	2684	2.162930
586	2653	2.137949
587	2684	2.162930
588	2668	2.150037
589	2669	2.150842
590	2668	2.150037
591	2660	2.143590
592	2668	2.150037
593	2660	2.143590
594	2668	2.150037
595	2668	2.150037
596	2669	2.150842
597	2661	2.144396
598	2653	2.137949
599	2671	2.152454
600	2661	2.144396
601	2668	2.150037
602	2661	2.144396
603	2661	2.144396
604	2669	2.150842
605	2661	2.144396
606	2660	2.143590
607	2653	2.137949
608	2653	2.137949
609	2668	2.150037
610	2664	2.146813
611	2661	2.144396
612	2660	2.143590
613	2653	2.137949
614	2661	2.144396
615	2661	2.144396
616	2661	2.144396
617	2668	2.150037
618	2669	2.150842
619	2661	2.144396
620	2637	2.125055
621	2653	2.137949
622	2668	2.150037
623	2652	2.137143
624	2661	2.144396
625	2669	2.150842
626	2669	2.150842
627	2660	2.143590
628	2653	2.137949
629	2668	2.150037
630	2668	2.150037
631	2669	2.150842
632	2668	2.150037
633	2668	2.150037
634	2668	2.150037
635	2661	2.144396
636	2669	2.150842
637	2684	2.162930
638	2669	2.150842
639	2661	2.144396
640	2661	2.144396
641	2668	2.150037
642	2669	2.150842
643	2669	2.150842
644	2669	2.150842
645	2669	2.150842
646	2668	2.150037
647	2669	2.150842
648	2668	2.150037
649	2669	2.150842
650	2653	2.137949
651	2661	2.144396
652	2669	2.150842
653	2653	2.137949
654	2668	2.150037
655	2653	2.137949
656	2668	2.150037
657	2668	2.150037
658	2677	2.157289
659	2668	2.150037
660	2668	2.150037
661	2669	2.150842
662	2653	2.137949
663	2668	2.150037
664	2684	2.162930
665	2669	2.150842
666	2669	2.150842
667	2669	2.150842
668	2669	2.150842
669	2671	2.152454
670	2669	2.150842
671	2677	2.157289
672	2660	2.143590
673	2684	2.162930
674	2669	2.150842
675	2669	2.150842
676	2680	2.159707
677	2669	2.150842
678	2669	2.150842
679	2669	2.150842
680	2668	2.150037
681	2677	2.157289
682	2669	2.150842
683	2653	2.137949
684	2668	2.150037
685	2661	2.144396
686	2661	2.144396
687	2653	2.137949
688	2669	2.150842
689	2669	2.150842
690	2669	2.150842
691	2669	2.150842
692	2668	2.150037
693	2661	2.144396
694	2669	2.150842
695	2668	2.150037
696	2669	2.150842
697	2684	2.162930
698	2684	2.162930
699	2660	2.143590
700	2677	2.157289
701	2685	2.163736
702	2668	2.150037
703	2669	2.150842
704	2684	2.162930
705	2669	2.150842
706	2669	2.150842
707	2671	2.152454
708	2671	2.152454
709	2669	2.150842
710	2669	2.150842
711	2677	2.157289
712	2669	2.150842
713	2684	2.162930
714	2669	2.150842
715	2653	2.137949
716	2684	2.162930
717	2652	2.137143
718	2669	2.150842
719	2668	2.150037
720	2684	2.162930
721	2668	2.150037
722	2669	2.150842
723	2661	2.144396
724	2669	2.150842
725	2669	2.150842
726	2684	2.162930
727	2669	2.150842
728	2653	2.137949
729	2669	2.150842
730	2684	2.162930
731	2669	2.150842
732	2669	2.150842
733	2669	2.150842
734	2684	2.162930
735	2677	2.157289
736	2669	2.150842
737	2669	2.150842
738	2692	2.169377
739	2692	2.169377
740	2692	2.169377
741	2669	2.150842
742	2669	2.150842
743	2684	2.162930
744	2685	2.163736
745	2669	2.150842
746	2685	2.163736
747	2692	2.169377
748	2669	2.150842
749	2685	2.163736
750	2677	2.157289
751	2684	2.162930
752	2669	2.150842
753	2684	2.162930
754	2671	2.152454
755	2684	2.162930
756	2677	2.157289
757	2684	2.162930
758	2677	2.157289
759	2669	2.150842
760	2669	2.150842
761	2684	2.162930
762	2684	2.162930
763	2669	2.150842
764	2677	2.157289
765	2671	2.152454
766	2684	2.162930
767	2700	2.175824
768	2671	2.152454
769	2684	2.162930
770	2685	2.163736
771	2693	2.170183
772	2692	2.169377
773	2684	2.162930
774	2669	2.150842
775	2685	2.163736
776	2677	2.157289
777	2684	2.162930
778	2685	2.163736
779	2677	2.157289
780	2693	2.170183
781	2692	2.169377
782	2685	2.163736
783	2684	2.162930
784	2692	2.169377
785	2692	2.169377
786	2693	2.170183
787	2693	2.170183
788	2701	2.176630
789	2692	2.169377
790	2685	2.163736
791	2684	2.162930
792	2692	2.169377
793	2701	2.176630
794	2684	2.162930
795	2680	2.159707
796	2684	2.162930
797	2693	2.170183
798	2693	2.170183
799	2684	2.162930
800	2693	2.170183
801	2684	2.162930
802	2685	2.163736
803	2685	2.163736
804	2700	2.175824
805	2692	2.169377
806	2669	2.150842
807	2696	2.172601
808	2685	2.163736
809	2692	2.169377
810	2700	2.175824
811	2692	2.169377
812	2693	2.170183
813	2700	2.175824
814	2685	2.163736
815	2700	2.175824
816	2700	2.175824
817	2701	2.176630
818	2693	2.170183
819	2701	2.176630
820	2701	2.176630
821	2693	2.170183
822	2685	2.163736
823	2703	2.178242
824	2700	2.175824
825	2700	2.175824
826	2685	2.163736
827	2696	2.172601
828	2701	2.176630
829	2701	2.176630
830	2700	2.175824
831	2700	2.175824
832	2703	2.178242
833	2693	2.170183
834	2701	2.176630
835	2701	2.176630
836	2692	2.169377
837	2700	2.175824
838	2692	2.169377
839	2701	2.176630
840	2700	2.175824
841	2700	2.175824
842	2693	2.170183
843	2693	2.170183
844	2701	2.176630
845	2693	2.170183
846	2701	2.176630
847	2700	2.175824
848	2716	2.188718
849	2717	2.189524
850	2716	2.188718
851	2709	2.183077
852	2701	2.176630
853	2703	2.178242
854	2717	2.189524
855	2701	2.176630
856	2700	2.175824
857	2701	2.176630
858	2700	2.175824
859	2701	2.176630
860	2685	2.163736
861	2700	2.175824
862	2716	2.188718
863	2716	2.188718
864	2716	2.188718
865	2717	2.189524
866	2724	2.195165
867	2701	2.176630
868	2717	2.189524
869	2703	2.178242
870	2717	2.189524
871	2724	2.195165
872	2732	2.201612
873	2724	2.195165
874	2732	2.201612
875	2709	2.183077
876	2732	2.201612
877	2717	2.189524
878	2717	2.189524
879	2724	2.195165
880	2717	2.189524
881	2724	2.195165
882	2701	2.176630
883	2716	2.188718
884	2716	2.188718
885	2709	2.183077
886	2716	2.188718
887	2725	2.195971
888	2717	2.189524
889	2709	2.183077
890	2717	2.189524
891	2703	2.178242
892	2716	2.188718
893	2717	2.189524
894	2701	2.176630
895	2709	2.183077
896	2700	2.175824
897	2716	2.188718
898	2700	2.175824
899	2701	2.176630
900	2701	2.176630
901	2701	2.176630
902	2701	2.176630
903	2701	2.176630
904	2712	2.185495
905	2716	2.188718
906	2716	2.188718
907	2701	2.176630
908	2701	2.176630
909	2700	2.175824
910	2701	2.176630
911	2716	2.188718
912	2716	2.188718
913	2716	2.188718
914	2717	2.189524
915	2716	2.188718
916	2716	2.188718
917	2717	2.189524
918	2717	2.189524
919	2725	2.195971
920	2701	2.176630
921	2701	2.176630
922	2716	2.188718
923	2732	2.201612
924	2717	2.189524
925	2717	2.189524
926	2717	2.189524
927	2701	2.176630
928	2717	2.189524
929	2701	2.176630
930	2709	2.183077
931	2701	2.176630
932	2701	2.176630
933	2709	2.183077
934	2701	2.176630
935	2700	2.175824
936	2716	2.188718
937	2717	2.189524
938	2701	2.176630
939	2717	2.189524
940	2717	2.189524
941	2716	2.188718
942	2716	2.188718
943	2716	2.188718
944	2717	2.189524
945	2709	2.183077
946	2725	2.195971
947	2709	2.183077
948	2716	2.188718
949	2716	2.188718
950	2716	2.188718
951	2724	2.195165
952	2701	2.176630
953	2717	2.189524
954	2717	2.189524
955	2716	2.188718
956	2717	2.189524
957	2716	2.188718
958	2717	2.189524
959	2717	2.189524
960	2703	2.178242
961	2701	2.176630
962	2703	2.178242
963	2717	2.189524
964	2701	2.176630
965	2703	2.178242
966	2724	2.195165
967	2703	2.178242
968	2717	2.189524
969	2732	2.201612
970	2717	2.189524
971	2724	2.195165
972	2724	2.195165
973	2717	2.189524
974	2733	2.202418
975	2725	2.195971
976	2724	2.195165
977	2732	2.201612
978	2717	2.189524
979	2732	2.201612
980	2724	2.195165
981	2716	2.188718
982	2717	2.189524
983	2732	2.201612
984	2701	2.176630
985	2716	2.188718
986	2716	2.188718
987	2717	2.189524
988	2717	2.189524
989	2717	2.189524
990	2716	2.188718
991	2724	2.195165
992	2732	2.201612
993	2717	2.189524
994	2733	2.202418
995	2733	2.202418
996	2717	2.189524
997	2749	2.215311
998	2725	2.195971
999	2733	2.202418
1000	2733	2.202418
1001	2733	2.202418
1002	2748	2.214505
1003	2733	2.202418
1004	2733	2.202418
1005	2733	2.202418
1006	2733	2.202418
1007	2725	2.195971
1008	2748	2.214505
1009	2733	2.202418
1010	2733	2.202418
1011	2725	2.195971
1012	2733	2.202418
1013	2748	2.214505
1014	2733	2.202418
1015	2749	2.215311
1016	2748	2.214505
1017	2733	2.202418
1018	2735	2.204029
1019	2741	2.208864
1020	2733	2.202418
1021	2741	2.208864
1022	2741	2.208864
1023	2748	2.214505
1024	2735	2.204029
1025	2733	2.202418
1026	2748	2.214505
1027	2733	2.202418
1028	2725	2.195971
1029	2732	2.201612
1030	2733	2.202418
1031	2732	2.201612
1032	2733	2.202418
1033	2732	2.201612
1034	2733	2.202418
1035	2732	2.201612
1036	2733	2.202418
1037	2735	2.204029
1038	2732	2.201612
1039	2724	2.195165
1040	2733	2.202418
1041	2732	2.201612
1042	2732	2.201612
1043	2732	2.201612
1044	2732	2.201612
1045	2733	2.202418
1046	2732	2.201612
1047	2733	2.202418
1048	2748	2.214505
1049	2733	2.202418
1050	2735	2.204029
1051	2733	2.202418
1052	2735	2.204029
1053	2733	2.202418
1054	2733	2.202418
1055	2735	2.204029
1056	2733	2.202418
1057	2733	2.202418
1058	2733	2.202418
1059	2733	2.202418
1060	2733	2.202418
1061	2735	2.204029
1062	2749	2.215311
1063	2748	2.214505
1064	2748	2.214505
1065	2733	2.202418
1066	2741	2.208864
1067	2733	2.202418
1068	2732	2.201612
1069	2748	2.214505
1070	2748	2.214505
1071	2741	2.208864
1072	2764	2.227399
1073	2756	2.220952
1074	2741	2.208864
1075	2741	2.208864
1076	2748	2.214505
1077	2732	2.201612
1078	2748	2.214505
1079	2748	2.214505
1080	2732	2.201612
1081	2748	2.214505
1082	2749	2.215311
1083	2749	2.215311
1084	2756	2.220952
1085	2749	2.215311
1086	2756	2.220952
1087	2756	2.220952
1088	2756	2.220952
1089	2748	2.214505
1090	2756	2.220952
1091	2749	2.215311
1092	2749	2.215311
1093	2757	2.221758
1094	2735	2.204029
1095	2764	2.227399
1096	2752	2.217729
1097	2756	2.220952
1098	2735	2.204029
1099	2749	2.215311
1100	2756	2.220952
1101	2748	2.214505
1102	2756	2.220952
1103	2748	2.214505
1104	2764	2.227399
1105	2757	2.221758
1106	2756	2.220952
1107	2756	2.220952
1108	2749	2.215311
1109	2764	2.227399
1110	2749	2.215311
1111	2749	2.215311
1112	2756	2.220952
1113	2756	2.220952
1114	2748	2.214505
1115	2749	2.215311
1116	2748	2.214505
1117	2757	2.221758
1118	2764	2.227399
1119	2748	2.214505
1120	2749	2.215311
1121	2748	2.214505
1122	2765	2.228205
1123	2748	2.214505
1124	2756	2.220952
1125	2757	2.221758
1126	2756	2.220952
1127	2749	2.215311
1128	2735	2.204029
1129	2757	2.221758
1130	2748	2.214505
1131	2756	2.220952
1132	2764	2.227399
1133	2757	2.221758
1134	2757	2.221758
1135	2749	2.215311
1136	2757	2.221758
1137	2756	2.220952
1138	2765	2.228205
1139	2749	2.215311
1140	2748	2.214505
1141	2756	2.220952
1142	2756	2.220952
1143	2764	2.227399
1144	2748	2.214505
1145	2748	2.214505
1146	2756	2.220952
1147	2748	2.214505
1148	2765	2.228205
1149	2765	2.228205
1150	2756	2.220952
1151	2764	2.227399
1152	2765	2.228205
1153	2764	2.227399
1154	2756	2.220952
1155	2756	2.220952
1156	2741	2.208864
1157	2765	2.228205
1158	2765	2.228205
1159	2764	2.227399
1160	2765	2.228205
1161	2773	2.234652
1162	2765	2.228205
1163	2765	2.228205
1164	2765	2.228205
1165	2764	2.227399
1166	2780	2.240293
1167	2765	2.228205
1168	2764	2.227399
1169	2765	2.228205
1170	2757	2.221758
1171	2765	2.228205
1172	2757	2.221758
1173	2765	2.228205
1174	2780	2.240293
1175	2765	2.228205
1176	2765	2.228205
1177	2765	2.228205
1178	2765	2.228205
1179	2765	2.228205
1180	2767	2.229817
1181	2765	2.228205
1182	2773	2.234652
1183	2765	2.228205
1184	2773	2.234652
1185	2764	2.227399
1186	2765	2.228205
1187	2757	2.221758
1188	2773	2.234652
1189	2765	2.228205
1190	2781	2.241099
1191	2780	2.240293
1192	2765	2.228205
1193	2765	2.228205
1194	2765	2.228205
1195	2781	2.241099
1196	2773	2.234652
1197	2780	2.240293
1198	2780	2.240293
1199	2780	2.240293
1200	2765	2.228205
1201	2788	2.246740
1202	2765	2.228205
1203	2765	2.228205
1204	2780	2.240293
1205	2780	2.240293
1206	2780	2.240293
1207	2764	2.227399
1208	2765	2.228205
1209	2780	2.240293
1210	2773	2.234652
1211	2780	2.240293
1212	2765	2.228205
1213	2765	2.228205
1214	2773	2.234652
1215	2789	2.247546
1216	2780	2.240293
1217	2780	2.240293
1218	2780	2.240293
1219	2765	2.228205
1220	2781	2.241099
1221	2765	2.228205
1222	2780	2.240293
1223	2780	2.240293
1224	2780	2.240293
1225	2765	2.228205
1226	2773	2.234652
1227	2765	2.228205
1228	2780	2.240293
1229	2781	2.241099
1230	2780	2.240293
1231	2781	2.241099
1232	2796	2.253187
1233	2780	2.240293
1234	2781	2.241099
1235	2780	2.240293
1236	2789	2.247546
1237	2797	2.253993
1238	2788	2.246740
1239	2780	2.240293
1240	2781	2.241099
1241	2789	2.247546
1242	2796	2.253187
1243	2788	2.246740
1244	2788	2.246740
1245	2788	2.246740
1246	2781	2.241099
1247	2789	2.247546
1248	2805	2.260440
1249	2797	2.253993
1250	2781	2.241099
1251	2773	2.234652
1252	2781	2.241099
1253	2781	2.241099
1254	2781	2.241099
1255	2789	2.247546
1256	2788	2.246740
1257	2789	2.247546
1258	2796	2.253187
1259	2797	2.253993
1260	2780	2.240293
1261	2780	2.240293
1262	2796	2.253187
1263	2780	2.240293
1264	2797	2.253993
1265	2788	2.246740
1266	2796	2.253187
1267	2781	2.241099
1268	2789	2.247546
1269	2796	2.253187
1270	2797	2.253993
1271	2796	2.253187
1272	2796	2.253187
1273	2781	2.241099
1274	2799	2.255604
1275	2796	2.253187
1276	2788	2.246740
1277	2797	2.253993
1278	2797	2.253993
1279	2796	2.253187
1280	2780	2.240293
1281	2796	2.253187
1282	2812	2.266081
1283	2797	2.253993
1284	2796	2.253187
1285	2796	2.253187
1286	2796	2.253187
1287	2797	2.253993
1288	2797	2.253993
1289	2797	2.253993
1290	2796	2.253187
1291	2797	2.253993
1292	2797	2.253993
1293	2797	2.253993
1294	2789	2.247546
1295	2797	2.253993
1296	2796	2.253187
1297	2797	2.253993
1298	2797	2.253993
1299	2796	2.253187
1300	2797	2.253993
1301	2797	2.253993
1302	2797	2.253993
1303	2812	2.266081
1304	2812	2.266081
1305	2797	2.253993
1306	2797	2.253993
1307	2812	2.266081
1308	2796	2.253187
1309	2789	2.247546
1310	2797	2.253993
1311	2797	2.253993
1312	2813	2.266886
1313	2813	2.266886
1314	2813	2.266886
1315	2797	2.253993
1316	2797	2.253993
1317	2812	2.266081
1318	2805	2.260440
1319	2797	2.253993
1320	2799	2.255604
1321	2797	2.253993
1322	2813	2.266886
1323	2812	2.266081
1324	2797	2.253993
1325	2812	2.266081
1326	2797	2.253993
1327	2797	2.253993
1328	2799	2.255604
1329	2812	2.266081
1330	2813	2.266886
1331	2813	2.266886
1332	2821	2.273333
1333	2813	2.266886
1334	2813	2.266886
1335	2797	2.253993
1336	2797	2.253993
1337	2812	2.266081
1338	2812	2.266081
1339	2812	2.266081
1340	2812	2.266081
1341	2805	2.260440
1342	2813	2.266886
1343	2813	2.266886
1344	2820	2.272527
1345	2812	2.266081
1346	2828	2.278974
1347	2820	2.272527
1348	2812	2.266081
1349	2812	2.266081
1350	2813	2.266886
1351	2797	2.253993
1352	2812	2.266081
1353	2820	2.272527
1354	2797	2.253993
1355	2812	2.266081
1356	2813	2.266886
1357	2797	2.253993
1358	2805	2.260440
1359	2805	2.260440
1360	2812	2.266081
1361	2813	2.266886
1362	2813	2.266886
1363	2829	2.279780
1364	2812	2.266081
1365	2820	2.272527
1366	2828	2.278974
1367	2813	2.266886
1368	2812	2.266081
1369	2812	2.266081
1370	2828	2.278974
1371	2821	2.273333
1372	2812	2.266081
1373	2812	2.266081
1374	2821	2.273333
1375	2828	2.278974
1376	2828	2.278974
1377	2829	2.279780
1378	2812	2.266081
1379	2820	2.272527
1380	2828	2.278974
1381	2812	2.266081
1382	2820	2.272527
1383	2821	2.273333
1384	2828	2.278974
1385	2829	2.279780
1386	2821	2.273333
1387	2813	2.266886
1388	2820	2.272527
1389	2828	2.278974
1390	2813	2.266886
1391	2821	2.273333
1392	2812	2.266081
1393	2821	2.273333
1394	2813	2.266886
1395	2821	2.273333
1396	2812	2.266081
1397	2828	2.278974
1398	2813	2.266886
1399	2821	2.273333
1400	2820	2.272527
1401	2828	2.278974
1402	2820	2.272527
1403	2821	2.273333
1404	2820	2.272527
1405	2813	2.266886
1406	2829	2.279780
1407	2828	2.278974
1408	2813	2.266886
1409	2829	2.279780
1410	2821	2.273333
1411	2813	2.266886
1412	2828	2.278974
1413	2812	2.266081
1414	2813	2.266886
1415	2821	2.273333
1416	2820	2.272527
1417	2828	2.278974
1418	2828	2.278974
1419	2829	2.279780
1420	2821	2.273333
1421	2821	2.273333
1422	2829	2.279780
1423	2828	2.278974
1424	2828	2.278974
1425	2828	2.278974
1426	2828	2.278974
1427	2828	2.278974
1428	2813	2.266886
1429	2821	2.273333
1430	2820	2.272527
1431	2828	2.278974
1432	2821	2.273333
1433	2828	2.278974
1434	2828	2.278974
1435	2829	2.279780
1436	2813	2.266886
1437	2829	2.279780
1438	2829	2.279780
1439	2812	2.266081
1440	2829	2.279780
1441	2828	2.278974
1442	2821	2.273333
1443	2829	2.279780
1444	2829	2.279780
1445	2820	2.272527
1446	2829	2.279780
1447	2829	2.279780
1448	2828	2.278974
1449	2829	2.279780
1450	2829	2.279780
1451	2824	2.275751
1452	2828	2.278974
1453	2829	2.279780
1454	2829	2.279780
1455	2820	2.272527
1456	2821	2.273333
1457	2821	2.273333
1458	2829	2.279780
1459	2820	2.272527
1460	2821	2.273333
1461	2829	2.279780
1462	2829	2.279780
1463	2829	2.279780
1464	2829	2.279780
1465	2829	2.279780
1466	2829	2.279780
1467	2829	2.279780
1468	2829	2.279780
1469	2829	2.279780
1470	2829	2.279780
1471	2829	2.279780
1472	2821	2.273333
1473	2829	2.279780
1474	2828	2.278974
1475	2820	2.272527
1476	2840	2.288645
1477	2829	2.279780
1478	2813	2.266886
1479	2828	2.278974
1480	2829	2.279780
1481	2837	2.286227
1482	2828	2.278974
1483	2829	2.279780
1484	2828	2.278974
1485	2829	2.279780
1486	2813	2.266886
1487	2828	2.278974
1488	2828	2.278974
1489	2820	2.272527
1490	2828	2.278974
1491	2829	2.279780
1492	2821	2.273333
1493	2813	2.266886
1494	2813	2.266886
1495	2829	2.279780
1496	2820	2.272527
1497	2829	2.279780
1498	2821	2.273333
1499	2829	2.279780
1500	2829	2.279780
1501	2829	2.279780
1502	2820	2.272527
1503	2829	2.279780
1504	2828	2.278974
1505	2829	2.279780
1506	2813	2.266886
1507	2829	2.279780
1508	2829	2.279780
1509	2820	2.272527
1510	2821	2.273333
1511	2821	2.273333
1512	2829	2.279780
1513	2828	2.278974
1514	2828	2.278974
1515	2813	2.266886
1516	2812	2.266081
1517	2828	2.278974
1518	2828	2.278974
1519	2829	2.279780
1520	2828	2.278974
1521	2813	2.266886
1522	2829	2.279780
1523	2821	2.273333
1524	2820	2.272527
1525	2828	2.278974
1526	2828	2.278974
1527	2820	2.272527
1528	2828	2.278974
1529	2821	2.273333
1530	2821	2.273333
1531	2813	2.266886
1532	2828	2.278974
1533	2828	2.278974
1534	2812	2.266081
1535	2821	2.273333
1536	2813	2.266886
1537	2821	2.273333
1538	2812	2.266081
1539	2828	2.278974
1540	2821	2.273333
1541	2820	2.272527
1542	2820	2.272527
1543	2829	2.279780
1544	2821	2.273333
1545	2828	2.278974
1546	2820	2.272527
1547	2828	2.278974
1548	2812	2.266081
1549	2813	2.266886
1550	2828	2.278974
1551	2828	2.278974
1552	2813	2.266886
1553	2828	2.278974
1554	2821	2.273333
1555	2820	2.272527
1556	2812	2.266081
1557	2821	2.273333
1558	2820	2.272527
1559	2805	2.260440
1560	2820	2.272527
1561	2821	2.273333
1562	2829	2.279780
1563	2828	2.278974
1564	2821	2.273333
1565	2813	2.266886
1566	2799	2.255604
1567	2812	2.266081
1568	2812	2.266081
1569	2812	2.266081
1570	2812	2.266081
1571	2812	2.266081
1572	2813	2.266886
1573	2797	2.253993
1574	2821	2.273333
1575	2799	2.255604
1576	2805	2.260440
1577	2812	2.266081
1578	2813	2.266886
1579	2797	2.253993
1580	2812	2.266081
1581	2799	2.255604
1582	2799	2.255604
1583	2812	2.266081
1584	2799	2.255604
1585	2813	2.266886
1586	2813	2.266886
1587	2812	2.266081
1588	2812	2.266081
1589	2812	2.266081
1590	2813	2.266886
1591	2820	2.272527
1592	2805	2.260440
1593	2805	2.260440
1594	2797	2.253993
1595	2813	2.266886
1596	2813	2.266886
1597	2797	2.253993
1598	2799	2.255604
1599	2797	2.253993
1600	2812	2.266081
1601	2812	2.266081
1602	2799	2.255604
1603	2796	2.253187
1604	2797	2.253993
1605	2812	2.266081
1606	2797	2.253993
1607	2796	2.253187
1608	2796	2.253187
1609	2797	2.253993
1610	2797	2.253993
1611	2797	2.253993
1612	2797	2.253993
1613	2812	2.266081
1614	2789	2.247546
1615	2796	2.253187
1616	2796	2.253187
1617	2788	2.246740
1618	2789	2.247546
1619	2797	2.253993
1620	2797	2.253993
1621	2788	2.246740
1622	2797	2.253993
1623	2797	2.253993
1624	2789	2.247546
1625	2797	2.253993
1626	2797	2.253993
1627	2797	2.253993
1628	2781	2.241099
1629	2796	2.253187
1630	2797	2.253993
1631	2796	2.253187
1632	2780	2.240293
1633	2789	2.247546
1634	2797	2.253993
1635	2796	2.253187
1636	2796	2.253187
1637	2796	2.253187
1638	2789	2.247546
1639	2789	2.247546
1640	2781	2.241099
1641	2788	2.246740
1642	2788	2.246740
1643	2780	2.240293
1644	2780	2.240293
1645	2781	2.241099
1646	2781	2.241099
1647	2781	2.241099
1648	2788	2.246740
1649	2789	2.247546
1650	2780	2.240293
1651	2781	2.241099
1652	2781	2.241099
1653	2781	2.241099
1654	2781	2.241099
1655	2788	2.246740
1656	2781	2.241099
1657	2767	2.229817
1658	2773	2.234652
1659	2780	2.240293
1660	2796	2.253187
1661	2780	2.240293
1662	2781	2.241099
1663	2780	2.240293
1664	2788	2.246740
1665	2773	2.234652
1666	2781	2.241099
1667	2788	2.246740
1668	2781	2.241099
1669	2780	2.240293
1670	2781	2.241099
1671	2780	2.240293
1672	2773	2.234652
1673	2773	2.234652
1674	2780	2.240293
1675	2765	2.228205
1676	2780	2.240293
1677	2765	2.228205
1678	2780	2.240293
1679	2765	2.228205
1680	2781	2.241099
1681	2764	2.227399
1682	2781	2.241099
1683	2780	2.240293
1684	2773	2.234652
1685	2765	2.228205
1686	2780	2.240293
1687	2780	2.240293
1688	2765	2.228205
1689	2764	2.227399
1690	2773	2.234652
1691	2780	2.240293
1692	2765	2.228205
1693	2780	2.240293
1694	2765	2.228205
1695	2765	2.228205
1696	2765	2.228205
1697	2757	2.221758
1698	2764	2.227399
1699	2765	2.228205
1700	2757	2.221758
1701	2756	2.220952
1702	2780	2.240293
1703	2765	2.228205
1704	2749	2.215311
1705	2765	2.228205
1706	2757	2.221758
1707	2756	2.220952
1708	2780	2.240293
1709	2765	2.228205
1710	2757	2.221758
1711	2756	2.220952
1712	2764	2.227399
1713	2748	2.214505
1714	2757	2.221758
1715	2764	2.227399
1716	2756	2.220952
1717	2765	2.228205
1718	2757	2.221758
1719	2756	2.220952
1720	2765	2.228205
1721	2752	2.217729
1722	2764	2.227399
1723	2765	2.228205
1724	2752	2.217729
1725	2765	2.228205
1726	2756	2.220952
1727	2756	2.220952
1728	2760	2.224176
1729	2748	2.214505
1730	2748	2.214505
1731	2748	2.214505
1732	2733	2.202418
1733	2749	2.215311
1734	2748	2.214505
1735	2752	2.217729
1736	2764	2.227399
1737	2764	2.227399
1738	2749	2.215311
1739	2748	2.214505
1740	2756	2.220952
1741	2756	2.220952
1742	2749	2.215311
1743	2756	2.220952
1744	2733	2.202418
1745	2752	2.217729
1746	2733	2.202418
1747	2733	2.202418
1748	2748	2.214505
1749	2732	2.201612
1750	2741	2.208864
1751	2733	2.202418
1752	2733	2.202418
1753	2733	2.202418
1754	2733	2.202418
1755	2748	2.214505
1756	2733	2.202418
1757	2724	2.195165
1758	2749	2.215311
1759	2732	2.201612
1760	2749	2.215311
1761	2725	2.195971
1762	2724	2.195165
1763	2733	2.202418
1764	2748	2.214505
1765	2732	2.201612
1766	2733	2.202418
1767	2725	2.195971
1768	2733	2.202418
1769	2733	2.202418
1770	2724	2.195165
1771	2724	2.195165
1772	2732	2.201612
1773	2733	2.202418
1774	2732	2.201612
1775	2732	2.201612
1776	2725	2.195971
1777	2717	2.189524
1778	2732	2.201612
1779	2716	2.188718
1780	2716	2.188718
1781	2724	2.195165
1782	2717	2.189524
1783	2717	2.189524
1784	2701	2.176630
1785	2701	2.176630
1786	2717	2.189524
1787	2717	2.189524
1788	2701	2.176630
1789	2717	2.189524
1790	2701	2.176630
1791	2717	2.189524
1792	2717	2.189524
1793	2716	2.188718
1794	2717	2.189524
1795	2701	2.176630
1796	2701	2.176630
1797	2701	2.176630
1798	2703	2.178242
1799	2716	2.188718
1800	2716	2.188718
1801	2701	2.176630
1802	2709	2.183077
1803	2701	2.176630
1804	2716	2.188718
1805	2701	2.176630
1806	2701	2.176630
1807	2701	2.176630
1808	2700	2.175824
1809	2701	2.176630
1810	2692	2.169377
1811	2701	2.176630
1812	2716	2.188718
1813	2692	2.169377
1814	2701	2.176630
1815	2701	2.176630
1816	2700	2.175824
1817	2685	2.163736
1818	2692	2.169377
1819	2701	2.176630
1820	2701	2.176630
1821	2685	2.163736
1822	2701	2.176630
1823	2685	2.163736
1824	2684	2.162930
1825	2685	2.163736
1826	2692	2.169377
1827	2692	2.169377
1828	2700	2.175824
1829	2701	2.176630
1830	2700	2.175824
1831	2685	2.163736
1832	2684	2.162930
1833	2692	2.169377
1834	2684	2.162930
1835	2685	2.163736
1836	2692	2.169377
1837	2684	2.162930
1838	2685	2.163736
1839	2677	2.157289
1840	2677	2.157289
1841	2684	2.162930
1842	2692	2.169377
1843	2685	2.163736
1844	2669	2.150842
1845	2669	2.150842
1846	2671	2.152454
1847	2684	2.162930
1848	2661	2.144396
1849	2668	2.150037
1850	2669	2.150842
1851	2684	2.162930
1852	2668	2.150037
1853	2669	2.150842
1854	2677	2.157289
1855	2669	2.150842
1856	2669	2.150842
1857	2668	2.150037
1858	2669	2.150842
1859	2669	2.150842
1860	2668	2.150037
1861	2668	2.150037
1862	2669	2.150842
1863	2669	2.150842
1864	2685	2.163736
1865	2668	2.150037
1866	2669	2.150842
1867	2661	2.144396
1868	2661	2.144396
1869	2669	2.150842
1870	2677	2.157289
1871	2668	2.150037
1872	2669	2.150842
1873	2661	2.144396
1874	2669	2.150842
1875	2660	2.143590
1876	2669	2.150842
1877	2668	2.150037
1878	2661	2.144396
1879	2661	2.144396
1880	2668	2.150037
1881	2664	2.146813
1882	2668	2.150037
1883	2660	2.143590
1884	2661	2.144396
1885	2652	2.137143
1886	2653	2.137949
1887	2645	2.131502
1888	2660	2.143590
1889	2660	2.143590
1890	2669	2.150842
1891	2653	2.137949
1892	2653	2.137949
1893	2653	2.137949
1894	2652	2.137143
1895	2652	2.137143
1896	2669	2.150842
1897	2668	2.150037
1898	2660	2.143590
1899	2660	2.143590
1900	2653	2.137949
1901	2653	2.137949
1902	2660	2.143590
1903	2637	2.125055
1904	2668	2.150037
1905	2645	2.131502
1906	2653	2.137949
1907	2660	2.143590
1908	2661	2.144396
1909	2653	2.137949
1910	2652	2.137143
1911	2661	2.144396
1912	2668	2.150037
1913	2653	2.137949
1914	2660	2.143590
1915	2653	2.137949
1916	2645	2.131502
1917	2652	2.137143
1918	2653	2.137949
1919	2661	2.144396
1920	2645	2.131502
1921	2652	2.137143
1922	2653	2.137949
1923	2637	2.125055
1924	2653	2.137949
1925	2645	2.131502
1926	2639	2.126667
1927	2637	2.125055
1928	2637	2.125055
1929	2637	2.125055
1930	2652	2.137143
1931	2637	2.125055
1932	2637	2.125055
1933	2637	2.125055
1934	2629	2.118608
1935	2652	2.137143
1936	2652	2.137143
1937	2636	2.124249
1938	2636	2.124249
1939	2637	2.125055
1940	2629	2.118608
1941	2629	2.118608
1942	2629	2.118608
1943	2636	2.124249
1944	2628	2.117802
1945	2653	2.137949
1946	2628	2.117802
1947	2637	2.125055
1948	2629	2.118608
1949	2636	2.124249
1950	2653	2.137949
1951	2637	2.125055
1952	2637	2.125055
1953	2637	2.125055
1954	2639	2.126667
1955	2637	2.125055
1956	2637	2.125055
1957	2636	2.124249
1958	2652	2.137143
1959	2629	2.118608
1960	2637	2.125055
1961	2629	2.118608
1962	2629	2.118608
1963	2637	2.125055
1964	2621	2.112161
1965	2645	2.131502
1966	2636	2.124249
1967	2636	2.124249
1968	2637	2.125055
1969	2629	2.118608
1970	2628	2.117802
1971	2639	2.126667
1972	2621	2.112161
1973	2628	2.117802
1974	2628	2.117802
1975	2636	2.124249
1976	2621	2.112161
1977	2637	2.125055
1978	2628	2.117802
1979	2637	2.125055
1980	2621	2.112161
1981	2628	2.117802
1982	2621	2.112161
1983	2621	2.112161
1984	2621	2.112161
1985	2628	2.117802
1986	2620	2.111355
1987	2636	2.124249
1988	2621	2.112161
1989	2620	2.111355
1990	2620	2.111355
1991	2621	2.112161
1992	2629	2.118608
1993	2620	2.111355
1994	2621	2.112161
1995	2620	2.111355
1996	2628	2.117802
1997	2629	2.118608
1998	2613	2.105714
1999	2628	2.117802
2000	2620	2.111355
2001	2620	2.111355
2002	2628	2.117802
2003	2605	2.099267
2004	2605	2.099267
2005	2605	2.099267
2006	2621	2.112161
2007	2621	2.112161
2008	2621	2.112161
2009	2605	2.099267
2010	2605	2.099267
2011	2607	2.100879
2012	2605	2.099267
2013	2604	2.098462
2014	2605	2.099267
2015	2605	2.099267
2016	2605	2.099267
2017	2613	2.105714
2018	2621	2.112161
2019	2605	2.099267
2020	2605	2.099267
2021	2605	2.099267
2022	2597	2.092821
2023	2588	2.085568
2024	2605	2.099267
2025	2597	2.092821
2026	2597	2.092821
2027	2605	2.099267
2028	2589	2.086374
2029	2597	2.092821
2030	2605	2.099267
2031	2597	2.092821
2032	2605	2.099267
2033	2605	2.099267
2034	2604	2.098462
2035	2588	2.085568
2036	2605	2.099267
2037	2613	2.105714
2038	2589	2.086374
2039	2597	2.092821
2040	2597	2.092821
2041	2596	2.092015
2042	2589	2.086374
2043	2604	2.098462
2044	2589	2.086374
2045	2597	2.092821
2046	2604	2.098462
2047	2597	2.092821
2048	2589	2.086374
2049	2597	2.092821
2050	2604	2.098462
2051	2589	2.086374
2052	2604	2.098462
2053	2575	2.075092
2054	2589	2.086374
2055	2597	2.092821
2056	2597	2.092821
2057	2581	2.079927
2058	2588	2.085568
2059	2589	2.086374
2060	2575	2.075092
2061	2589	2.086374
2062	2589	2.086374
2063	2575	2.075092
2064	2581	2.079927
2065	2589	2.086374
2066	2589	2.086374
2067	2573	2.073480
2068	2573	2.073480
2069	2588	2.085568
2070	2573	2.073480
2071	2596	2.092015
2072	2573	2.073480
2073	2573	2.073480
2074	2588	2.085568
2075	2588	2.085568
2076	2588	2.085568
2077	2589	2.086374
2078	2588	2.085568
2079	2572	2.072674
2080	2588	2.085568
2081	2573	2.073480
2082	2573	2.073480
2083	2588	2.085568
2084	2588	2.085568
2085	2581	2.079927
2086	2573	2.073480
2087	2581	2.079927
2088	2588	2.085568
2089	2588	2.085568
2090	2589	2.086374
2091	2589	2.086374
2092	2575	2.075092
2093	2573	2.073480
2094	2573	2.073480
2095	2575	2.075092
2096	2581	2.079927
2097	2573	2.073480
2098	2572	2.072674
2099	2573	2.073480
2100	2572	2.072674
2101	2581	2.079927
2102	2573	2.073480
2103	2573	2.073480
2104	2573	2.073480
2105	2573	2.073480
2106	2581	2.079927
2107	2597	2.092821
2108	2573	2.073480
2109	2557	2.060586
2110	2588	2.085568
2111	2575	2.075092
2112	2573	2.073480
2113	2588	2.085568
2114	2581	2.079927
2115	2588	2.085568
2116	2589	2.086374
2117	2573	2.073480
2118	2573	2.073480
2119	2573	2.073480
2120	2581	2.079927
2121	2573	2.073480
2122	2573	2.073480
2123	2589	2.086374
2124	2572	2.072674
2125	2581	2.079927
2126	2573	2.073480
2127	2573	2.073480
2128	2588	2.085568
2129	2581	2.079927
2130	2572	2.072674
2131	2581	2.079927
2132	2588	2.085568
2133	2581	2.079927
2134	2573	2.073480
2135	2573	2.073480
2136	2572	2.072674
2137	2573	2.073480
2138	2573	2.073480
2139	2565	2.067033
2140	2588	2.085568
2141	2573	2.073480
2142	2588	2.085568
2143	2589	2.086374
2144	2596	2.092015
2145	2573	2.073480
2146	2584	2.082344
2147	2589	2.086374
2148	2573	2.073480
2149	2573	2.073480
2150	2589	2.086374
2151	2573	2.073480
2152	2572	2.072674
2153	2589	2.086374
2154	2589	2.086374
2155	2572	2.072674
2156	2573	2.073480
2157	2573	2.073480
2158	2588	2.085568
2159	2588	2.085568
2160	2588	2.085568
2161	2573	2.073480
2162	2589	2.086374
2163	2588	2.085568
2164	2581	2.079927
2165	2588	2.085568
2166	2588	2.085568
2167	2588	2.085568
2168	2581	2.079927
2169	2581	2.079927
2170	2573	2.073480
2171	2597	2.092821
2172	2588	2.085568
2173	2573	2.073480
2174	2572	2.072674
2175	2573	2.073480
2176	2588	2.085568
2177	2573	2.073480
2178	2573	2.073480
2179	2573	2.073480
2180	2573	2.073480
2181	2573	2.073480
2182	2573	2.073480
2183	2573	2.073480
2184	2588	2.085568
2185	2588	2.085568
2186	2575	2.075092
2187	2573	2.073480
2188	2589	2.086374
2189	2575	2.075092
2190	2575	2.075092
2191	2589	2.086374
2192	2572	2.072674
2193	2573	2.073480
2194	2572	2.072674
2195	2573	2.073480
2196	2573	2.073480
2197	2573	2.073480
2198	2556	2.059780
2199	2575	2.075092
2200	2572	2.072674
2201	2573	2.073480
2202	2588	2.085568
2203	2572	2.072674
2204	2573	2.073480
2205	2588	2.085568
2206	2573	2.073480
2207	2573	2.073480
2208	2572	2.072674
2209	2573	2.073480
2210	2575	2.075092
2211	2565	2.067033
2212	2581	2.079927
2213	2573	2.073480
2214	2573	2.073480
2215	2572	2.072674
2216	2556	2.059780
2217	2556	2.059780
2218	2556	2.059780
2219	2556	2.059780
2220	2543	2.049304
2221	2549	2.054139
2222	2556	2.059780
2223	2556	2.059780
2224	2556	2.059780
2225	2541	2.047692
2226	2543	2.049304
2227	2565	2.067033
2228	2541	2.047692
2229	2556	2.059780
2230	2541	2.047692
2231	2540	2.046886
2232	2532	2.040440
2233	2533	2.041245
2234	2532	2.040440
2235	2525	2.034799
2236	2540	2.046886
2237	2533	2.041245
2238	2540	2.046886
2239	2509	2.021905
2240	2524	2.033993
2241	2517	2.028352
2242	2517	2.028352
2243	2508	2.021099
2244	2532	2.040440
2245	2517	2.028352
2246	2492	2.008205
2247	2509	2.021905
2248	2500	2.014652
2249	2509	2.021905
2250	2500	2.014652
2251	2509	2.021905
2252	2500	2.014652
2253	2500	2.014652
2254	2492	2.008205
2255	2492	2.008205
2256	2477	1.996117
2257	2477	1.996117
2258	2477	1.996117
2259	2476	1.995311
2260	2461	1.983223
2261	2461	1.983223
2262	2461	1.983223
2263	2460	1.982418
2264	2460	1.982418
2265	2460	1.982418
2266	2445	1.970330
2267	2444	1.969524
2268	2437	1.963883
2269	2437	1.963883
2270	2428	1.956630
2271	2437	1.963883
2272	2428	1.956630
2273	2421	1.950989
2274	2413	1.944542
2275	2413	1.944542
2276	2405	1.938095
2277	2389	1.925201
2278	2389	1.925201
2279	2381	1.918755
2280	2392	1.927619
2281	2381	1.918755
2282	2373	1.912308
2283	2373	1.912308
2284	2364	1.905055
2285	2364	1.905055
2286	2357	1.899414
2287	2348	1.892161
2288	2341	1.886520
2289	2325	1.873626
2290	2325	1.873626
2291	2319	1.868791
2292	2301	1.854286
2293	2303	1.855897
2294	2303	1.855897
2295	2303	1.855897
2296	2285	1.841392
2297	2285	1.841392
2298	2277	1.834945
2299	2269	1.828498
2300	2269	1.828498
2301	2269	1.828498
2302	2252	1.814799
2303	2237	1.802711
2304	2229	1.796264
2305	2229	1.796264
2306	2220	1.789011
2307	2220	1.789011
2308	2205	1.776923
2309	2191	1.765641
2310	2197	1.770476
2311	2200	1.772894
2312	2188	1.763223
2313	2188	1.763223
2314	2181	1.757582
2315	2172	1.750330
2316	2165	1.744689
2317	2165	1.744689
2318	2157	1.738242
2319	2157	1.738242
2320	2149	1.731795
2321	2148	1.730989
2322	2149	1.731795
2323	2140	1.724542
2324	2127	1.714066
2325	2125	1.712454
2326	2117	1.706007
2327	2133	1.718901
2328	2125	1.712454
2329	2125	1.712454
2330	2108	1.698755
2331	2116	1.705201
2332	2117	1.706007
2333	2116	1.705201
2334	2108	1.698755
2335	2117	1.706007
2336	2109	1.699560
2337	2101	1.693114
2338	2109	1.699560
2339	2109	1.699560
2340	2108	1.698755
2341	2109	1.699560
2342	2101	1.693114
2343	2109	1.699560
2344	2116	1.705201
2345	2104	1.695531
2346	2117	1.706007
2347	2124	1.711648
2348	2124	1.711648
2349	2124	1.711648
2350	2117	1.706007
2351	2125	1.712454
2352	2125	1.712454
2353	2117	1.706007
2354	2120	1.708425
2355	2124	1.711648
2356	2125	1.712454
2357	2133	1.718901
2358	2140	1.724542
2359	2133	1.718901
2360	2148	1.730989
2361	2140	1.724542
2362	2141	1.725348
2363	2141	1.725348
2364	2141	1.725348
2365	2173	1.751136
2366	2168	1.747106
2367	2180	1.756777
2368	2184	1.760000
2369	2181	1.757582
2370	2189	1.764029
2371	2181	1.757582
2372	2197	1.770476
2373	2197	1.770476
2374	2205	1.776923
2375	2189	1.764029
2376	2220	1.789011
2377	2220	1.789011
2378	2229	1.796264
2379	2236	1.801905
2380	2229	1.796264
2381	2229	1.796264
2382	2253	1.815604
2383	2255	1.817216
2384	2269	1.828498
2385	2276	1.834139
2386	2284	1.840586
2387	2284	1.840586
2388	2276	1.834139
2389	2285	1.841392
2390	2293	1.847839
2391	2317	1.867179
2392	2325	1.873626
2393	2319	1.868791
2394	2317	1.867179
2395	2333	1.880073
2396	2340	1.885714
2397	2349	1.892967
2398	2357	1.899414
2399	2351	1.894579
2400	2365	1.905861
2401	2380	1.917949
2402	2396	1.930842
2403	2380	1.917949
2404	2381	1.918755
2405	2396	1.930842
2406	2404	1.937289
2407	2397	1.931648
2408	2405	1.938095
2409	2397	1.931648
2410	2412	1.943736
2411	2413	1.944542
2412	2408	1.940513
2413	2428	1.956630
2414	2432	1.959853
2415	2436	1.963077
2416	2445	1.970330
2417	2436	1.963077
2418	2460	1.982418
2419	2469	1.989670
2420	2460	1.982418
2421	2460	1.982418
2422	2461	1.983223
2423	2477	1.996117
2424	2492	2.008205
2425	2477	1.996117
2426	2479	1.997729
2427	2492	2.008205
2428	2500	2.014652
2429	2509	2.021905
2430	2509	2.021905
2431	2509	2.021905
2432	2533	2.041245
2433	2524	2.033993
2434	2525	2.034799
2435	2524	2.033993
2436	2524	2.033993
2437	2536	2.043663
2438	2533	2.041245
2439	2540	2.046886
2440	2556	2.059780
2441	2541	2.047692
2442	2556	2.059780
2443	2556	2.059780
2444	2556	2.059780
2445	2557	2.060586
2446	2556	2.059780
2447	2565	2.067033
2448	2572	2.072674
2449	2573	2.073480
2450	2565	2.067033
2451	2565	2.067033
2452	2581	2.079927
2453	2581	2.079927
2454	2573	2.073480
2455	2589	2.086374
2456	2589	2.086374
2457	2584	2.082344
2458	2597	2.092821
2459	2604	2.098462
2460	2605	2.099267
2461	2604	2.098462
2462	2589	2.086374
2463	2600	2.095238
2464	2620	2.111355
2465	2605	2.099267
2466	2621	2.112161
2467	2628	2.117802
2468	2628	2.117802
2469	2613	2.105714
2470	2620	2.111355
2471	2605	2.099267
2472	2620	2.111355
2473	2628	2.117802
2474	2629	2.118608
2475	2621	2.112161
2476	2620	2.111355
2477	2636	2.124249
2478	2637	2.125055
2479	2628	2.117802
2480	2628	2.117802
2481	2629	2.118608
2482	2645	2.131502
2483	2645	2.131502
2484	2652	2.137143
2485	2637	2.125055
2486	2652	2.137143
2487	2639	2.126667
2488	2652	2.137143
2489	2653	2.137949
2490	2653	2.137949
2491	2668	2.150037
2492	2668	2.150037
2493	2661	2.144396
2494	2653	2.137949
2495	2669	2.150842
2496	2668	2.150037
2497	2669	2.150842
2498	2684	2.162930
2499	2677	2.157289
2500	2668	2.150037
2501	2669	2.150842
2502	2684	2.162930
2503	2684	2.162930
2504	2692	2.169377
2505	2685	2.163736
2506	2692	2.169377
2507	2669	2.150842
2508	2685	2.163736
2509	2684	2.162930
2510	2692	2.169377
2511	2685	2.163736
2512	2700	2.175824
2513	2685	2.163736
2514	2692	2.169377
2515	2693	2.170183
2516	2716	2.188718
2517	2701	2.176630
2518	2716	2.188718
2519	2701	2.176630
2520	2717	2.189524
2521	2716	2.188718
2522	2716	2.188718
2523	2709	2.183077
2524	2716	2.188718
2525	2716	2.188718
2526	2701	2.176630
2527	2703	2.178242
2528	2712	2.185495
2529	2717	2.189524
2530	2712	2.185495
2531	2717	2.189524
2532	2701	2.176630
2533	2716	2.188718
2534	2701	2.176630
2535	2717	2.189524
2536	2716	2.188718
2537	2717	2.189524
2538	2709	2.183077
2539	2717	2.189524
2540	2716	2.188718
2541	2732	2.201612
2542	2717	2.189524
2543	2725	2.195971
2544	2717	2.189524
2545	2716	2.188718
2546	2716	2.188718
2547	2725	2.195971
2548	2749	2.215311
2549	2725	2.195971
2550	2725	2.195971
2551	2732	2.201612
2552	2733	2.202418
2553	2717	2.189524
2554	2725	2.195971
2555	2725	2.195971
2556	2732	2.201612
2557	2732	2.201612
2558	2733	2.202418
2559	2733	2.202418
2560	2748	2.214505
2561	2733	2.202418
2562	2748	2.214505
2563	2756	2.220952
2564	2757	2.221758
2565	2733	2.202418
2566	2749	2.215311
2567	2741	2.208864
2568	2733	2.202418
2569	2733	2.202418
2570	2764	2.227399
2571	2757	2.221758
2572	2749	2.215311
2573	2748	2.214505
2574	2756	2.220952
2575	2764	2.227399
2576	2748	2.214505
2577	2756	2.220952
2578	2756	2.220952
2579	2749	2.215311
2580	2749	2.215311
2581	2756	2.220952
2582	2756	2.220952
2583	2756	2.220952
2584	2757	2.221758
2585	2764	2.227399
2586	2764	2.227399
2587	2752	2.217729
2588	2764	2.227399
2589	2764	2.227399
2590	2764	2.227399
2591	2756	2.220952
2592	2764	2.227399
2593	2756	2.220952
2594	2764	2.227399
2595	2765	2.228205
2596	2757	2.221758
2597	2764	2.227399
2598	2764	2.227399
2599	2757	2.221758
2600	2765	2.228205
2601	2765	2.228205
2602	2765	2.228205
2603	2765	2.228205
2604	2756	2.220952
2605	2765	2.228205
2606	2773	2.234652
2607	2765	2.228205
2608	2764	2.227399
2609	2764	2.227399
2610	2773	2.234652
2611	2781	2.241099
2612	2773	2.234652
2613	2781	2.241099
2614	2780	2.240293
2615	2765	2.228205
2616	2781	2.241099
2617	2796	2.253187
2618	2788	2.246740
2619	2796	2.253187
2620	2788	2.246740
2621	2767	2.229817
2622	2781	2.241099
2623	2796	2.253187
2624	2797	2.253993
2625	2797	2.253993
2626	2789	2.247546
2627	2796	2.253187
2628	2797	2.253993
2629	2797	2.253993
2630	2796	2.253187
2631	2813	2.266886
2632	2797	2.253993
2633	2813	2.266886
2634	2797	2.253993
2635	2805	2.260440
2636	2812	2.266081
2637	2797	2.253993
2638	2796	2.253187
2639	2805	2.260440
2640	2813	2.266886
2641	2812	2.266081
2642	2812	2.266081
2643	2813	2.266886
2644	2812	2.266081
2645	2820	2.272527
2646	2813	2.266886
2647	2812	2.266081
2648	2812	2.266081
2649	2812	2.266081
2650	2808	2.262857
2651	2821	2.273333
2652	2813	2.266886
2653	2828	2.278974
2654	2828	2.278974
2655	2821	2.273333
2656	2821	2.273333
2657	2820	2.272527
2658	2820	2.272527
2659	2829	2.279780
2660	2829	2.279780
2661	2828	2.278974
2662	2829	2.279780
2663	2829	2.279780
2664	2820	2.272527
2665	2820	2.272527
2666	2829	2.279780
2667	2828	2.278974
2668	2829	2.279780
2669	2829	2.279780
2670	2820	2.272527
2671	2831	2.281392
2672	2829	2.279780
2673	2837	2.286227
2674	2844	2.291868
2675	2844	2.291868
2676	2837	2.286227
2677	2829	2.279780
2678	2829	2.279780
2679	2853	2.299121
2680	2829	2.279780
2681	2844	2.291868
2682	2844	2.291868
2683	2845	2.292674
2684	2844	2.291868
2685	2845	2.292674
2686	2829	2.279780
2687	2829	2.279780
2688	2845	2.292674
2689	2852	2.298315
2690	2845	2.292674
2691	2852	2.298315
2692	2845	2.292674
2693	2853	2.299121
2694	2844	2.291868
2695	2844	2.291868
2696	2853	2.299121
2697	2845	2.292674
2698	2845	2.292674
2699	2860	2.304762
2700	2844	2.291868
2701	2853	2.299121
2702	2845	2.292674
2703	2853	2.299121
2704	2845	2.292674
2705	2845	2.292674
2706	2860	2.304762
2707	2852	2.298315
2708	2829	2.279780
2709	2853	2.299121
2710	2861	2.305568
2711	2861	2.305568
2712	2860	2.304762
2713	2853	2.299121
2714	2845	2.292674
2715	2845	2.292674
2716	2860	2.304762
2717	2845	2.292674
2718	2853	2.299121
2719	2860	2.304762
2720	2860	2.304762
2721	2853	2.299121
2722	2860	2.304762
2723	2860	2.304762
2724	2860	2.304762
2725	2853	2.299121
2726	2861	2.305568
2727	2860	2.304762
2728	2860	2.304762
2729	2861	2.305568
2730	2861	2.305568
2731	2861	2.305568
2732	2861	2.305568
2733	2876	2.317656
2734	2861	2.305568
2735	2861	2.305568
2736	2861	2.305568
2737	2861	2.305568
2738	2861	2.305568
2739	2861	2.305568
2740	2861	2.305568
2741	2860	2.304762
2742	2863	2.307179
2743	2861	2.305568
2744	2876	2.317656
2745	2877	2.318462
2746	2876	2.317656
2747	2876	2.317656
2748	2869	2.312015
2749	2877	2.318462
2750	2876	2.317656
2751	2863	2.307179
2752	2861	2.305568
2753	2861	2.305568
2754	2877	2.318462
2755	2877	2.318462
2756	2877	2.318462
2757	2876	2.317656
2758	2869	2.312015
2759	2861	2.305568
2760	2876	2.317656
2761	2884	2.324103
2762	2877	2.318462
2763	2877	2.318462
2764	2877	2.318462
2765	2892	2.330549
2766	2892	2.330549
2767	2877	2.318462
2768	2885	2.324908
2769	2884	2.324103
2770	2893	2.331355
2771	2884	2.324103
2772	2893	2.331355
2773	2893	2.331355
2774	2892	2.330549
2775	2877	2.318462
2776	2885	2.324908
2777	2908	2.343443
2778	2885	2.324908
2779	2893	2.331355
2780	2893	2.331355
2781	2901	2.337802
2782	2892	2.330549
2783	2892	2.330549
2784	2893	2.331355
2785	2893	2.331355
2786	2893	2.331355
2787	2892	2.330549
2788	2893	2.331355
2789	2893	2.331355
2790	2908	2.343443
2791	2893	2.331355
2792	2893	2.331355
2793	2892	2.330549
2794	2893	2.331355
2795	2893	2.331355
2796	2908	2.343443
2797	2895	2.332967
2798	2901	2.337802
2799	2908	2.343443
2800	2895	2.332967
2801	2885	2.324908
2802	2893	2.331355
2803	2909	2.344249
2804	2909	2.344249
2805	2893	2.331355
2806	2909	2.344249
2807	2893	2.331355
2808	2908	2.343443
2809	2892	2.330549
2810	2909	2.344249
2811	2909	2.344249
2812	2908	2.343443
2813	2893	2.331355
2814	2893	2.331355
2815	2901	2.337802
2816	2895	2.332967
2817	2895	2.332967
2818	2909	2.344249
2819	2909	2.344249
2820	2909	2.344249
2821	2908	2.343443
2822	2893	2.331355
2823	2908	2.343443
2824	2893	2.331355
2825	2908	2.343443
2826	2908	2.343443
2827	2917	2.350696
2828	2909	2.344249
2829	2909	2.344249
2830	2901	2.337802
2831	2916	2.349890
2832	2916	2.349890
2833	2895	2.332967
2834	2916	2.349890
2835	2908	2.343443
2836	2916	2.349890
2837	2908	2.343443
2838	2917	2.350696
2839	2917	2.350696
2840	2908	2.343443
2841	2909	2.344249
2842	2916	2.349890
2843	2908	2.343443
2844	2909	2.344249
2845	2917	2.350696
2846	2909	2.344249
2847	2917	2.350696
2848	2908	2.343443
2849	2908	2.343443
2850	2908	2.343443
2851	2909	2.344249
2852	2924	2.356337
2853	2908	2.343443
2854	2917	2.350696
2855	2917	2.350696
2856	2909	2.344249
2857	2916	2.349890
2858	2924	2.356337
2859	2909	2.344249
2860	2908	2.343443
2861	2909	2.344249
2862	2924	2.356337
2863	2917	2.350696
2864	2925	2.357143
2865	2909	2.344249
2866	2924	2.356337
2867	2909	2.344249
2868	2925	2.357143
2869	2940	2.369231
2870	2917	2.350696
2871	2917	2.350696
2872	2924	2.356337
2873	2925	2.357143
2874	2924	2.356337
2875	2924	2.356337
2876	2917	2.350696
2877	2917	2.350696
2878	2924	2.356337
2879	2924	2.356337
2880	2927	2.358755
2881	2925	2.357143
2882	2925	2.357143
2883	2925	2.357143
2884	2925	2.357143
2885	2917	2.350696
2886	2925	2.357143
2887	2924	2.356337
2888	2925	2.357143
2889	2925	2.357143
2890	2925	2.357143
2891	2924	2.356337
2892	2940	2.369231
2893	2925	2.357143
2894	2925	2.357143
2895	2924	2.356337
2896	2940	2.369231
2897	2925	2.357143
2898	2909	2.344249
2899	2917	2.350696
2900	2925	2.357143
2901	2940	2.369231
2902	2917	2.350696
2903	2925	2.357143
2904	2925	2.357143
2905	2924	2.356337
2906	2925	2.357143
2907	2925	2.357143
2908	2917	2.350696
2909	2948	2.375678
2910	2925	2.357143
2911	2917	2.350696
2912	2940	2.369231
2913	2940	2.369231
2914	2940	2.369231
2915	2940	2.369231
2916	2941	2.370037
2917	2933	2.363590
2918	2925	2.357143
2919	2944	2.372454
2920	2925	2.357143
2921	2925	2.357143
2922	2940	2.369231
2923	2933	2.363590
2924	2944	2.372454
2925	2925	2.357143
2926	2948	2.375678
2927	2940	2.369231
2928	2940	2.369231
2929	2940	2.369231
2930	2940	2.369231
2931	2925	2.357143
2932	2940	2.369231
2933	2940	2.369231
2934	2933	2.363590
2935	2925	2.357143
2936	2940	2.369231
2937	2944	2.372454
2938	2948	2.375678
2939	2941	2.370037
2940	2941	2.370037
2941	2925	2.357143
2942	2940	2.369231
2943	2940	2.369231
2944	2925	2.357143
2945	2944	2.372454
2946	2944	2.372454
2947	2925	2.357143
2948	2949	2.376484
2949	2956	2.382125
2950	2949	2.376484
2951	2948	2.375678
2952	2948	2.375678
2953	2948	2.375678
2954	2948	2.375678
2955	2948	2.375678
2956	2944	2.372454
2957	2949	2.376484
2958	2944	2.372454
2959	2944	2.372454
2960	2944	2.372454
2961	2949	2.376484
2962	2940	2.369231
2963	2949	2.376484
2964	2940	2.369231
2965	2948	2.375678
2966	2948	2.375678
2967	2948	2.375678
2968	2940	2.369231
2969	2927	2.358755
2970	2956	2.382125
2971	2944	2.372454
2972	2944	2.372454
2973	2956	2.382125
2974	2956	2.382125
2975	2944	2.372454
2976	2944	2.372454
2977	2949	2.376484
2978	2941	2.370037
2979	2940	2.369231
2980	2944	2.372454
2981	2940	2.369231
2982	2957	2.382930
2983	2948	2.375678
2984	2948	2.375678
2985	2956	2.382125
2986	2959	2.384542
2987	2948	2.375678
2988	2956	2.382125
2989	2948	2.375678
2990	2957	2.382930
2991	2957	2.382930
2992	2944	2.372454
2993	2956	2.382125
2994	2956	2.382125
2995	2948	2.375678
2996	2949	2.376484
2997	2949	2.376484
2998	2949	2.376484
2999	2957	2.382930
3000	2956	2.382125
3001	2956	2.382125
3002	2957	2.382930
3003	2957	2.382930
3004	2957	2.382930
3005	2944	2.372454
3006	2948	2.375678
3007	2956	2.382125
3008	2949	2.376484
3009	2956	2.382125
3010	2948	2.375678
3011	2949	2.376484
3012	2956	2.382125
3013	2956	2.382125
3014	2957	2.382930
3015	2956	2.382125
3016	2957	2.382930
3017	2948	2.375678
3018	2956	2.382125
3019	2948	2.375678
3020	2956	2.382125
3021	2944	2.372454
3022	2948	2.375678
3023	2948	2.375678
3024	2949	2.376484
3025	2949	2.376484
3026	2957	2.382930
3027	2957	2.382930
3028	2972	2.395018
3029	2956	2.382125
3030	2957	2.382930
3031	2948	2.375678
3032	2949	2.376484
3033	2956	2.382125
3034	2957	2.382930
3035	2948	2.375678
3036	2948	2.375678
3037	2956	2.382125
3038	2948	2.375678
3039	2956	2.382125
3040	2948	2.375678
3041	2956	2.382125
3042	2957	2.382930
3043	2957	2.382930
3044	2948	2.375678
3045	2956	2.382125
3046	2949	2.376484
3047	2956	2.382125
3048	2949	2.376484
3049	2957	2.382930
3050	2956	2.382125
3051	2948	2.375678
3052	2957	2.382930
3053	2948	2.375678
3054	2948	2.375678
3055	2949	2.376484
3056	2948	2.375678
3057	2957	2.382930
3058	2956	2.382125
3059	2957	2.382930
3060	2948	2.375678
3061	2972	2.395018
3062	2957	2.382930
3063	2957	2.382930
3064	2956	2.382125
3065	2956	2.382125
3066	2949	2.376484
3067	2957	2.382930
3068	2956	2.382125
3069	2956	2.382125
3070	2949	2.376484
3071	2957	2.382930
3072	2940	2.369231
3073	2956	2.382125
3074	2949	2.376484
3075	2959	2.384542
3076	2957	2.382930
3077	2957	2.382930
3078	2957	2.382930
3079	2957	2.382930
3080	2949	2.376484
3081	2956	2.382125
3082	2957	2.382930
3083	2957	2.382930
3084	2965	2.389377
3085	2957	2.382930
3086	2956	2.382125
3087	2948	2.375678
3088	2949	2.376484
3089	2972	2.395018
3090	2957	2.382930
3091	2956	2.382125
3092	2957	2.382930
3093	2957	2.382930
3094	2957	2.382930
3095	2957	2.382930
3096	2957	2.382930
3097	2957	2.382930
3098	2957	2.382930
3099	2965	2.389377
3100	2957	2.382930
3101	2957	2.382930
3102	2957	2.382930
3103	2957	2.382930
3104	2949	2.376484
3105	2957	2.382930
3106	2957	2.382930
3107	2949	2.376484
3108	2959	2.384542
3109	2957	2.382930
3110	2957	2.382930
3111	2957	2.382930
3112	2957	2.382930
3113	2957	2.382930
3114	2956	2.382125
3115	2965	2.389377
3116	2959	2.384542
3117	2972	2.395018
3118	2957	2.382930
3119	2956	2.382125
3120	2957	2.382930
3121	2956	2.382125
3122	2949	2.376484
3123	2949	2.376484
3124	2956	2.382125
3125	2972	2.395018
3126	2972	2.395018
3127	2957	2.382930
3128	2965	2.389377
3129	2972	2.395018
3130	2957	2.382930
3131	2956	2.382125
3132	2957	2.382930
3133	2973	2.395824
3134	2957	2.382930
3135	2957	2.382930
3136	2959	2.384542
3137	2965	2.389377
3138	2957	2.382930
3139	2957	2.382930
3140	2957	2.382930
3141	2957	2.382930
3142	2957	2.382930
3143	2973	2.395824
3144	2972	2.395018
3145	2957	2.382930
3146	2972	2.395018
3147	2957	2.382930
3148	2957	2.382930
3149	2965	2.389377
3150	2956	2.382125
3151	2957	2.382930
3152	2972	2.395018
3153	2972	2.395018
3154	2957	2.382930
3155	2972	2.395018
3156	2957	2.382930
3157	2957	2.382930
3158	2957	2.382930
3159	2949	2.376484
3160	2956	2.382125
3161	2972	2.395018
3162	2972	2.395018
3163	2965	2.389377
3164	2956	2.382125
3165	2957	2.382930
3166	2965	2.389377
3167	2957	2.382930
3168	2957	2.382930
3169	2972	2.395018
3170	2957	2.382930
3171	2972	2.395018
3172	2957	2.382930
3173	2957	2.382930
3174	2965	2.389377
3175	2949	2.376484
3176	2957	2.382930
3177	2959	2.384542
3178	2949	2.376484
3179	2957	2.382930
3180	2972	2.395018
3181	2957	2.382930
3182	2972	2.395018
3183	2972	2.395018
3184	2965	2.389377
3185	2957	2.382930
3186	2972	2.395018
3187	2957	2.382930
3188	2972	2.395018
3189	2972	2.395018
3190	2957	2.382930
3191	2972	2.395018
3192	2972	2.395018
3193	2957	2.382930
3194	2972	2.395018
3195	2972	2.395018
3196	2957	2.382930
3197	2957	2.382930
3198	2957	2.382930
3199	2957	2.382930
3200	2957	2.382930
3201	2957	2.382930
3202	2957	2.382930
3203	2957	2.382930
3204	2957	2.382930
3205	2957	2.382930
3206	2973	2.395824
3207	2957	2.382930
3208	2957	2.382930
3209	2972	2.395018
3210	2957	2.382930
3211	2957	2.382930
3212	2965	2.389377
3213	2957	2.382930
3214	2957	2.382930
3215	2957	2.382930
3216	2959	2.384542
3217	2973	2.395824
3218	2965	2.389377
3219	2959	2.384542
3220	2957	2.382930
3221	2972	2.395018
3222	2981	2.402271
3223	2957	2.382930
3224	2973	2.395824
3225	2972	2.395018
3226	2973	2.395824
3227	2957	2.382930
3228	2972	2.395018
3229	2973	2.395824
3230	2957	2.382930
3231	2957	2.382930
3232	2973	2.395824
3233	2972	2.395018
3234	2972	2.395018
3235	2965	2.389377
3236	2972	2.395018
3237	2957	2.382930
3238	2957	2.382930
3239	2965	2.389377
3240	2956	2.382125
3241	2956	2.382125
3242	2957	2.382930
3243	2973	2.395824
3244	2972	2.395018
3245	2973	2.395824
3246	2957	2.382930
3247	2972	2.395018
3248	2973	2.395824
3249	2972	2.395018
3250	2957	2.382930
3251	2973	2.395824
3252	2972	2.395018
3253	2957	2.382930
3254	2957	2.382930
3255	2957	2.382930
3256	2972	2.395018
3257	2973	2.395824
3258	2973	2.395824
3259	2973	2.395824
3260	2972	2.395018
3261	2957	2.382930
3262	2972	2.395018
3263	2972	2.395018
3264	2973	2.395824
3265	2957	2.382930
3266	2965	2.389377
3267	2973	2.395824
3268	2959	2.384542
3269	2957	2.382930
3270	2972	2.395018
3271	2972	2.395018
3272	2973	2.395824
3273	2973	2.395824
3274	2957	2.382930
3275	2973	2.395824
3276	2973	2.395824
3277	2973	2.395824
3278	2972	2.395018
3279	2972	2.395018
3280	2957	2.382930
3281	2957	2.382930
3282	2988	2.407912
3283	2973	2.395824
3284	2973	2.395824
3285	2972	2.395018
3286	2957	2.382930
3287	2972	2.395018
3288	2972	2.395018
3289	2972	2.395018
3290	2973	2.395824
3291	2973	2.395824
3292	2972	2.395018
3293	2973	2.395824
3294	2972	2.395018
3295	2972	2.395018
3296	2972	2.395018
3297	2972	2.395018
3298	2973	2.395824
3299	2973	2.395824
3300	2973	2.395824
3301	2972	2.395018
3302	2965	2.389377
3303	2973	2.395824
3304	2972	2.395018
3305	2981	2.402271
3306	2972	2.395018
3307	2957	2.382930
3308	2973	2.395824
3309	2973	2.395824
3310	2972	2.395018
3311	2972	2.395018
3312	2972	2.395018
3313	2981	2.402271
3314	2972	2.395018
3315	2973	2.395824
3316	2973	2.395824
3317	2973	2.395824
3318	2973	2.395824
3319	2973	2.395824
3320	2959	2.384542
3321	2972	2.395018
3322	2956	2.382125
3323	2988	2.407912
3324	2973	2.395824
3325	2973	2.395824
3326	2980	2.401465
3327	2973	2.395824
3328	2973	2.395824
3329	2972	2.395018
3330	2973	2.395824
3331	2973	2.395824
3332	2972	2.395018
3333	2981	2.402271
3334	2981	2.402271
3335	2972	2.395018
3336	2972	2.395018
3337	2972	2.395018
3338	2981	2.402271
3339	2973	2.395824
3340	2973	2.395824
3341	2973	2.395824
3342	2972	2.395018
3343	2957	2.382930
3344	2980	2.401465
3345	2973	2.395824
3346	2980	2.401465
3347	2980	2.401465
3348	2972	2.395018
3349	2973	2.395824
3350	2973	2.395824
3351	2973	2.395824
3352	2957	2.382930
3353	2973	2.395824
3354	2972	2.395018
3355	2988	2.407912
3356	2988	2.407912
3357	2980	2.401465
3358	2973	2.395824
3359	2981	2.402271
3360	2973	2.395824
3361	2981	2.402271
3362	2973	2.395824
3363	2973	2.395824
3364	2973	2.395824
3365	2959	2.384542
3366	2972	2.395018
3367	2965	2.389377
3368	2973	2.395824
3369	2980	2.401465
3370	2981	2.402271
3371	2973	2.395824
3372	2973	2.395824
3373	2980	2.401465
3374	2988	2.407912
3375	2973	2.395824
3376	2973	2.395824
3377	2988	2.407912
3378	2988	2.407912
3379	2989	2.408718
3380	2973	2.395824
3381	2972	2.395018
3382	2973	2.395824
3383	2980	2.401465
3384	2973	2.395824
3385	2981	2.402271
3386	2972	2.395018
3387	2972	2.395018
3388	2957	2.382930
3389	2972	2.395018
3390	2972	2.395018
3391	2981	2.402271
3392	2981	2.402271
3393	2973	2.395824
3394	2981	2.402271
3395	2957	2.382930
3396	2957	2.382930
3397	2973	2.395824
3398	2972	2.395018
3399	2980	2.401465
3400	2973	2.395824
3401	2972	2.395018
3402	2968	2.391795
3403	2973	2.395824
3404	2972	2.395018
3405	2980	2.401465
3406	2973	2.395824
3407	2973	2.395824
3408	2981	2.402271
3409	2988	2.407912
3410	2973	2.395824
3411	2981	2.402271
3412	2973	2.395824
3413	2957	2.382930
3414	2957	2.382930
3415	2972	2.395018
3416	2972	2.395018
3417	2981	2.402271
3418	2973	2.395824
3419	2980	2.401465
3420	2973	2.395824
3421	2973	2.395824
3422	2972	2.395018
3423	2980	2.401465
3424	2973	2.395824
3425	2973	2.395824
3426	2973	2.395824
3427	2972	2.395018
3428	2980	2.401465
3429	2972	2.395018
3430	2973	2.395824
3431	2973	2.395824
3432	2973	2.395824
3433	2973	2.395824
3434	2973	2.395824
3435	2973	2.395824
3436	2988	2.407912
3437	2972	2.395018
3438	2988	2.407912
3439	2973	2.395824
3440	2988	2.407912
3441	2965	2.389377
3442	2973	2.395824
3443	2981	2.402271
3444	2981	2.402271
3445	2972	2.395018
3446	2973	2.395824
3447	2981	2.402271
3448	2972	2.395018
3449	2973	2.395824
3450	2965	2.389377
3451	2972	2.395018
3452	2972	2.395018
3453	2972	2.395018
3454	2968	2.391795
3455	2973	2.395824
3456	2973	2.395824
3457	2973	2.395824
3458	2972	2.395018
3459	2972	2.395018
3460	2972	2.395018
3461	2972	2.395018
3462	2972	2.395018
3463	2972	2.395018
3464	2973	2.395824
3465	2973	2.395824
3466	2973	2.395824
3467	2957	2.382930
3468	2957	2.382930
3469	2981	2.402271
3470	2980	2.401465
3471	2973	2.395824
3472	2957	2.382930
3473	2972	2.395018
3474	2972	2.395018
3475	2957	2.382930
3476	2965	2.389377
3477	2973	2.395824
3478	2957	2.382930
3479	2957	2.382930
3480	2973	2.395824
3481	2972	2.395018
3482	2972	2.395018
3483	2972	2.395018
3484	2980	2.401465
3485	2972	2.395018
3486	2972	2.395018
3487	2972	2.395018
3488	2981	2.402271
3489	2957	2.382930
3490	2973	2.395824
3491	2972	2.395018
3492	2972	2.395018
3493	2980	2.401465
3494	2973	2.395824
3495	2957	2.382930
3496	2957	2.382930
3497	2957	2.382930
3498	2973	2.395824
3499	2957	2.382930
3500	2957	2.382930
3501	2972	2.395018
3502	2972	2.395018
3503	2957	2.382930
3504	2957	2.382930
3505	2957	2.382930
3506	2957	2.382930
3507	2957	2.382930
3508	2972	2.395018
3509	2965	2.389377
3510	2973	2.395824
3511	2957	2.382930
3512	2956	2.382125
3513	2957	2.382930
3514	2957	2.382930
3515	2965	2.389377
3516	2957	2.382930
3517	2956	2.382125
3518	2957	2.382930
3519	2957	2.382930
3520	2949	2.376484
3521	2972	2.395018
3522	2957	2.382930
3523	2959	2.384542
3524	2957	2.382930
3525	2957	2.382930
3526	2957	2.382930
3527	2957	2.382930
3528	2959	2.384542
3529	2956	2.382125
3530	2957	2.382930
3531	2957	2.382930
3532	2957	2.382930
3533	2956	2.382125
3534	2972	2.395018
3535	2956	2.382125
3536	2957	2.382930
3537	2949	2.376484
3538	2948	2.375678
3539	2957	2.382930
3540	2957	2.382930
3541	2956	2.382125
3542	2948	2.375678
3543	2957	2.382930
3544	2957	2.382930
3545	2957	2.382930
3546	2957	2.382930
3547	2957	2.382930
3548	2957	2.382930
3549	2956	2.382125
3550	2956	2.382125
3551	2972	2.395018
3552	2957	2.382930
3553	2957	2.382930
3554	2949	2.376484
3555	2944	2.372454
3556	2957	2.382930
3557	2957	2.382930
3558	2956	2.382125
3559	2956	2.382125
3560	2949	2.376484
3561	2956	2.382125
3562	2949	2.376484
3563	2944	2.372454
3564	2956	2.382125
3565	2956	2.382125
3566	2957	2.382930
3567	2957	2.382930
3568	2948	2.375678
3569	2949	2.376484
3570	2948	2.375678
3571	2959	2.384542
3572	2948	2.375678
3573	2944	2.372454
3574	2949	2.376484
3575	2957	2.382930
3576	2944	2.372454
3577	2956	2.382125
3578	2944	2.372454
3579	2956	2.382125
3580	2949	2.376484
3581	2933	2.363590
3582	2941	2.370037
3583	2944	2.372454
3584	2949	2.376484
3585	2949	2.376484
3586	2940	2.369231
3587	2940	2.369231
3588	2949	2.376484
3589	2948	2.375678
3590	2940	2.369231
3591	2925	2.357143
3592	2949	2.376484
3593	2944	2.372454
3594	2949	2.376484
3595	2948	2.375678
3596	2948	2.375678
3597	2940	2.369231
3598	2948	2.375678
3599	2949	2.376484
3600	2944	2.372454
3601	2933	2.363590
3602	2944	2.372454
3603	2940	2.369231
3604	2948	2.375678
3605	2925	2.357143
3606	2940	2.369231
3607	2925	2.357143
3608	2925	2.357143
3609	2925	2.357143
3610	2925	2.357143
3611	2940	2.369231
3612	2925	2.357143
3613	2940	2.369231
3614	2956	2.382125
3615	2925	2.357143
3616	2944	2.372454
3617	2925	2.357143
3618	2944	2.372454
3619	2933	2.363590
3620	2948	2.375678
3621	2925	2.357143
3622	2925	2.357143
3623	2925	2.357143
3624	2948	2.375678
3625	2925	2.357143
3626	2917	2.350696
3627	2940	2.369231
3628	2927	2.358755
3629	2924	2.356337
3630	2940	2.369231
3631	2941	2.370037
3632	2924	2.356337
3633	2925	2.357143
3634	2940	2.369231
3635	2924	2.356337
3636	2940	2.369231
3637	2925	2.357143
3638	2924	2.356337
3639	2925	2.357143
3640	2940	2.369231
3641	2925	2.357143
3642	2917	2.350696
3643	2925	2.357143
3644	2933	2.363590
3645	2924	2.356337
3646	2925	2.357143
3647	2924	2.356337
