Pixel	ADC	VoltageV
1	3936	3.171868
2	3938	3.173480
3	3936	3.171868
4	3936	3.171868
5	3936	3.171868
6	3936	3.171868
7	3936	3.171868
8	3936	3.171868
9	3919	3.158168
10	3936	3.171868
11	3936	3.171868
12	3928	3.165421
13	3936	3.171868
14	3936	3.171868
15	3936	3.171868
16	3915	3.154945
17	3147	2.536044
18	2538	2.045275
19	2571	2.071868
20	2568	2.069451
21	2554	2.058168
22	2571	2.071868
23	2570	2.071062
24	2571	2.071868
25	2559	2.062198
26	2571	2.071868
27	2552	2.056557
28	2584	2.082344
29	2570	2.071062
30	2575	2.075092
31	2559	2.062198
32	2571	2.071868
33	2570	2.071062
34	2571	2.071868
35	2571	2.071868
36	2568	2.069451
37	2575	2.075092
38	2571	2.071868
39	2571	2.071868
40	2570	2.071062
41	2575	2.075092
42	2575	2.075092
43	2559	2.062198
44	2570	2.071062
45	2571	2.071868
46	2575	2.075092
47	2571	2.071868
48	2571	2.071868
49	2584	2.082344
50	2575	2.075092
51	2571	2.071868
52	2579	2.078315
53	2571	2.071868
54	2568	2.069451
55	2592	2.088791
56	2579	2.078315
57	2575	2.075092
58	2575	2.075092
59	2575	2.075092
60	2575	2.075092
61	2571	2.071868
62	2575	2.075092
63	2594	2.090403
64	2584	2.082344
65	2584	2.082344
66	2568	2.069451
67	2586	2.083956
68	2571	2.071868
69	2586	2.083956
70	2570	2.071062
71	2584	2.082344
72	2571	2.071868
73	2584	2.082344
74	2584	2.082344
75	2592	2.088791
76	2571	2.071868
77	2571	2.071868
78	2575	2.075092
79	2568	2.069451
80	2570	2.071062
81	2570	2.071062
82	2575	2.075092
83	2559	2.062198
84	2568	2.069451
85	2579	2.078315
86	2555	2.058974
87	2554	2.058168
88	2570	2.071062
89	2570	2.071062
90	2568	2.069451
91	2570	2.071062
92	2575	2.075092
93	2571	2.071868
94	2575	2.075092
95	2584	2.082344
96	2571	2.071868
97	2568	2.069451
98	2579	2.078315
99	2592	2.088791
100	2592	2.088791
101	2584	2.082344
102	2584	2.082344
103	2571	2.071868
104	2579	2.078315
105	2571	2.071868
106	2571	2.071868
107	2571	2.071868
108	2592	2.088791
109	2592	2.088791
110	2579	2.078315
111	2579	2.078315
112	2592	2.088791
113	2559	2.062198
114	2575	2.075092
115	2584	2.082344
116	2586	2.083956
117	2575	2.075092
118	2586	2.083956
119	2575	2.075092
120	2575	2.075092
121	2592	2.088791
122	2586	2.083956
123	2575	2.075092
124	2571	2.071868
125	2571	2.071868
126	2579	2.078315
127	2570	2.071062
128	2570	2.071062
129	2571	2.071868
130	2584	2.082344
131	2570	2.071062
132	2592	2.088791
133	2571	2.071868
134	2559	2.062198
135	2555	2.058974
136	2575	2.075092
137	2575	2.075092
138	2570	2.071062
139	2563	2.065421
140	2571	2.071868
141	2575	2.075092
142	2570	2.071062
143	2575	2.075092
144	2568	2.069451
145	2571	2.071868
146	2586	2.083956
147	2575	2.075092
148	2592	2.088791
149	2584	2.082344
150	2586	2.083956
151	2586	2.083956
152	2594	2.090403
153	2592	2.088791
154	2592	2.088791
155	2592	2.088791
156	2570	2.071062
157	2571	2.071868
158	2575	2.075092
159	2571	2.071868
160	2586	2.083956
161	2568	2.069451
162	2579	2.078315
163	2586	2.083956
164	2571	2.071868
165	2568	2.069451
166	2586	2.083956
167	2571	2.071868
168	2592	2.088791
169	2579	2.078315
170	2592	2.088791
171	2595	2.091209
172	2571	2.071868
173	2575	2.075092
174	2579	2.078315
175	2584	2.082344
176	2575	2.075092
177	2584	2.082344
178	2595	2.091209
179	2579	2.078315
180	2592	2.088791
181	2592	2.088791
182	2592	2.088791
183	2592	2.088791
184	2586	2.083956
185	2594	2.090403
186	2584	2.082344
187	2584	2.082344
188	2586	2.083956
189	2592	2.088791
190	2592	2.088791
191	2594	2.090403
192	2592	2.088791
193	2575	2.075092
194	2592	2.088791
195	2592	2.088791
196	2592	2.088791
197	2595	2.091209
198	2586	2.083956
199	2594	2.090403
200	2584	2.082344
201	2595	2.091209
202	2586	2.083956
203	2571	2.071868
204	2594	2.090403
205	2575	2.075092
206	2592	2.088791
207	2579	2.078315
208	2571	2.071868
209	2592	2.088791
210	2595	2.091209
211	2579	2.078315
212	2592	2.088791
213	2575	2.075092
214	2592	2.088791
215	2594	2.090403
216	2586	2.083956
217	2595	2.091209
218	2575	2.075092
219	2592	2.088791
220	2584	2.082344
221	2579	2.078315
222	2579	2.078315
223	2571	2.071868
224	2571	2.071868
225	2575	2.075092
226	2575	2.075092
227	2571	2.071868
228	2575	2.075092
229	2570	2.071062
230	2592	2.088791
231	2592	2.088791
232	2584	2.082344
233	2592	2.088791
234	2586	2.083956
235	2568	2.069451
236	2575	2.075092
237	2575	2.075092
238	2584	2.082344
239	2586	2.083956
240	2586	2.083956
241	2575	2.075092
242	2600	2.095238
243	2592	2.088791
244	2579	2.078315
245	2575	2.075092
246	2579	2.078315
247	2592	2.088791
248	2584	2.082344
249	2570	2.071062
250	2592	2.088791
251	2571	2.071868
252	2592	2.088791
253	2592	2.088791
254	2584	2.082344
255	2575	2.075092
256	2594	2.090403
257	2594	2.090403
258	2595	2.091209
259	2592	2.088791
260	2592	2.088791
261	2602	2.096850
262	2592	2.088791
263	2600	2.095238
264	2592	2.088791
265	2571	2.071868
266	2592	2.088791
267	2586	2.083956
268	2602	2.096850
269	2592	2.088791
270	2592	2.088791
271	2571	2.071868
272	2594	2.090403
273	2592	2.088791
274	2595	2.091209
275	2594	2.090403
276	2594	2.090403
277	2579	2.078315
278	2595	2.091209
279	2592	2.088791
280	2600	2.095238
281	2600	2.095238
282	2592	2.088791
283	2592	2.088791
284	2584	2.082344
285	2584	2.082344
286	2592	2.088791
287	2575	2.075092
288	2592	2.088791
289	2594	2.090403
290	2592	2.088791
291	2592	2.088791
292	2575	2.075092
293	2584	2.082344
294	2592	2.088791
295	2592	2.088791
296	2595	2.091209
297	2584	2.082344
298	2592	2.088791
299	2595	2.091209
300	2579	2.078315
301	2595	2.091209
302	2594	2.090403
303	2594	2.090403
304	2586	2.083956
305	2592	2.088791
306	2592	2.088791
307	2603	2.097656
308	2595	2.091209
309	2592	2.088791
310	2600	2.095238
311	2603	2.097656
312	2603	2.097656
313	2595	2.091209
314	2592	2.088791
315	2592	2.088791
316	2594	2.090403
317	2584	2.082344
318	2600	2.095238
319	2603	2.097656
320	2592	2.088791
321	2584	2.082344
322	2592	2.088791
323	2594	2.090403
324	2592	2.088791
325	2584	2.082344
326	2602	2.096850
327	2592	2.088791
328	2594	2.090403
329	2602	2.096850
330	2595	2.091209
331	2592	2.088791
332	2602	2.096850
333	2618	2.109744
334	2603	2.097656
335	2602	2.096850
336	2594	2.090403
337	2603	2.097656
338	2592	2.088791
339	2592	2.088791
340	2592	2.088791
341	2595	2.091209
342	2603	2.097656
343	2618	2.109744
344	2586	2.083956
345	2600	2.095238
346	2602	2.096850
347	2603	2.097656
348	2600	2.095238
349	2592	2.088791
350	2607	2.100879
351	2600	2.095238
352	2603	2.097656
353	2602	2.096850
354	2607	2.100879
355	2600	2.095238
356	2594	2.090403
357	2594	2.090403
358	2602	2.096850
359	2602	2.096850
360	2602	2.096850
361	2607	2.100879
362	2607	2.100879
363	2592	2.088791
364	2602	2.096850
365	2594	2.090403
366	2602	2.096850
367	2600	2.095238
368	2602	2.096850
369	2595	2.091209
370	2607	2.100879
371	2600	2.095238
372	2594	2.090403
373	2594	2.090403
374	2602	2.096850
375	2602	2.096850
376	2603	2.097656
377	2600	2.095238
378	2602	2.096850
379	2603	2.097656
380	2607	2.100879
381	2602	2.096850
382	2603	2.097656
383	2595	2.091209
384	2592	2.088791
385	2595	2.091209
386	2592	2.088791
387	2592	2.088791
388	2594	2.090403
389	2592	2.088791
390	2616	2.108132
391	2603	2.097656
392	2602	2.096850
393	2602	2.096850
394	2616	2.108132
395	2607	2.100879
396	2594	2.090403
397	2595	2.091209
398	2602	2.096850
399	2595	2.091209
400	2618	2.109744
401	2595	2.091209
402	2603	2.097656
403	2603	2.097656
404	2602	2.096850
405	2600	2.095238
406	2603	2.097656
407	2603	2.097656
408	2602	2.096850
409	2592	2.088791
410	2607	2.100879
411	2600	2.095238
412	2603	2.097656
413	2600	2.095238
414	2603	2.097656
415	2595	2.091209
416	2602	2.096850
417	2594	2.090403
418	2603	2.097656
419	2616	2.108132
420	2600	2.095238
421	2600	2.095238
422	2592	2.088791
423	2602	2.096850
424	2607	2.100879
425	2600	2.095238
426	2592	2.088791
427	2603	2.097656
428	2602	2.096850
429	2603	2.097656
430	2586	2.083956
431	2618	2.109744
432	2600	2.095238
433	2600	2.095238
434	2600	2.095238
435	2607	2.100879
436	2603	2.097656
437	2603	2.097656
438	2611	2.104103
439	2603	2.097656
440	2602	2.096850
441	2602	2.096850
442	2607	2.100879
443	2607	2.100879
444	2616	2.108132
445	2607	2.100879
446	2592	2.088791
447	2616	2.108132
448	2600	2.095238
449	2607	2.100879
450	2603	2.097656
451	2603	2.097656
452	2611	2.104103
453	2602	2.096850
454	2611	2.104103
455	2602	2.096850
456	2616	2.108132
457	2603	2.097656
458	2607	2.100879
459	2595	2.091209
460	2607	2.100879
461	2602	2.096850
462	2607	2.100879
463	2602	2.096850
464	2619	2.110549
465	2603	2.097656
466	2602	2.096850
467	2602	2.096850
468	2603	2.097656
469	2607	2.100879
470	2603	2.097656
471	2603	2.097656
472	2611	2.104103
473	2618	2.109744
474	2618	2.109744
475	2607	2.100879
476	2619	2.110549
477	2619	2.110549
478	2607	2.100879
479	2618	2.109744
480	2603	2.097656
481	2611	2.104103
482	2607	2.100879
483	2611	2.104103
484	2619	2.110549
485	2607	2.100879
486	2632	2.121026
487	2619	2.110549
488	2626	2.116190
489	2616	2.108132
490	2607	2.100879
491	2607	2.100879
492	2619	2.110549
493	2618	2.109744
494	2616	2.108132
495	2607	2.100879
496	2603	2.097656
497	2600	2.095238
498	2602	2.096850
499	2603	2.097656
500	2607	2.100879
501	2616	2.108132
502	2603	2.097656
503	2600	2.095238
504	2603	2.097656
505	2607	2.100879
506	2603	2.097656
507	2607	2.100879
508	2616	2.108132
509	2616	2.108132
510	2603	2.097656
511	2602	2.096850
512	2607	2.100879
513	2607	2.100879
514	2603	2.097656
515	2603	2.097656
516	2618	2.109744
517	2607	2.100879
518	2603	2.097656
519	2594	2.090403
520	2603	2.097656
521	2611	2.104103
522	2607	2.100879
523	2616	2.108132
524	2618	2.109744
525	2607	2.100879
526	2603	2.097656
527	2626	2.116190
528	2616	2.108132
529	2602	2.096850
530	2607	2.100879
531	2611	2.104103
532	2607	2.100879
533	2602	2.096850
534	2616	2.108132
535	2595	2.091209
536	2603	2.097656
537	2618	2.109744
538	2619	2.110549
539	2616	2.108132
540	2616	2.108132
541	2603	2.097656
542	2607	2.100879
543	2619	2.110549
544	2626	2.116190
545	2619	2.110549
546	2619	2.110549
547	2619	2.110549
548	2618	2.109744
549	2619	2.110549
550	2619	2.110549
551	2619	2.110549
552	2619	2.110549
553	2626	2.116190
554	2607	2.100879
555	2626	2.116190
556	2619	2.110549
557	2607	2.100879
558	2618	2.109744
559	2618	2.109744
560	2603	2.097656
561	2618	2.109744
562	2624	2.114579
563	2626	2.116190
564	2624	2.114579
565	2624	2.114579
566	2616	2.108132
567	2626	2.116190
568	2618	2.109744
569	2607	2.100879
570	2619	2.110549
571	2616	2.108132
572	2619	2.110549
573	2624	2.114579
574	2632	2.121026
575	2616	2.108132
576	2607	2.100879
577	2618	2.109744
578	2607	2.100879
579	2619	2.110549
580	2626	2.116190
581	2600	2.095238
582	2619	2.110549
583	2607	2.100879
584	2627	2.116996
585	2607	2.100879
586	2619	2.110549
587	2619	2.110549
588	2619	2.110549
589	2603	2.097656
590	2624	2.114579
591	2619	2.110549
592	2603	2.097656
593	2616	2.108132
594	2616	2.108132
595	2618	2.109744
596	2618	2.109744
597	2602	2.096850
598	2616	2.108132
599	2618	2.109744
600	2603	2.097656
601	2616	2.108132
602	2607	2.100879
603	2618	2.109744
604	2618	2.109744
605	2627	2.116996
606	2607	2.100879
607	2616	2.108132
608	2611	2.104103
609	2618	2.109744
610	2624	2.114579
611	2626	2.116190
612	2616	2.108132
613	2603	2.097656
614	2618	2.109744
615	2616	2.108132
616	2624	2.114579
617	2616	2.108132
618	2603	2.097656
619	2607	2.100879
620	2626	2.116190
621	2616	2.108132
622	2624	2.114579
623	2626	2.116190
624	2603	2.097656
625	2619	2.110549
626	2627	2.116996
627	2618	2.109744
628	2619	2.110549
629	2626	2.116190
630	2627	2.116996
631	2627	2.116996
632	2618	2.109744
633	2624	2.114579
634	2627	2.116996
635	2618	2.109744
636	2618	2.109744
637	2632	2.121026
638	2619	2.110549
639	2619	2.110549
640	2632	2.121026
641	2616	2.108132
642	2632	2.121026
643	2619	2.110549
644	2619	2.110549
645	2611	2.104103
646	2618	2.109744
647	2619	2.110549
648	2619	2.110549
649	2619	2.110549
650	2632	2.121026
651	2626	2.116190
652	2619	2.110549
653	2603	2.097656
654	2619	2.110549
655	2607	2.100879
656	2603	2.097656
657	2616	2.108132
658	2618	2.109744
659	2607	2.100879
660	2607	2.100879
661	2632	2.121026
662	2626	2.116190
663	2618	2.109744
664	2626	2.116190
665	2639	2.126667
666	2627	2.116996
667	2627	2.116996
668	2626	2.116190
669	2624	2.114579
670	2632	2.121026
671	2634	2.122637
672	2627	2.116996
673	2618	2.109744
674	2618	2.109744
675	2616	2.108132
676	2624	2.114579
677	2627	2.116996
678	2619	2.110549
679	2618	2.109744
680	2618	2.109744
681	2624	2.114579
682	2624	2.114579
683	2626	2.116190
684	2635	2.123443
685	2618	2.109744
686	2635	2.123443
687	2616	2.108132
688	2624	2.114579
689	2635	2.123443
690	2639	2.126667
691	2616	2.108132
692	2618	2.109744
693	2627	2.116996
694	2632	2.121026
695	2627	2.116996
696	2634	2.122637
697	2618	2.109744
698	2632	2.121026
699	2626	2.116190
700	2624	2.114579
701	2632	2.121026
702	2634	2.122637
703	2634	2.122637
704	2635	2.123443
705	2639	2.126667
706	2635	2.123443
707	2656	2.140366
708	2634	2.122637
709	2634	2.122637
710	2635	2.123443
711	2626	2.116190
712	2635	2.123443
713	2634	2.122637
714	2616	2.108132
715	2618	2.109744
716	2619	2.110549
717	2618	2.109744
718	2632	2.121026
719	2634	2.122637
720	2634	2.122637
721	2626	2.116190
722	2627	2.116996
723	2635	2.123443
724	2635	2.123443
725	2627	2.116996
726	2619	2.110549
727	2626	2.116190
728	2619	2.110549
729	2632	2.121026
730	2632	2.121026
731	2626	2.116190
732	2627	2.116996
733	2632	2.121026
734	2632	2.121026
735	2639	2.126667
736	2635	2.123443
737	2634	2.122637
738	2648	2.133919
739	2632	2.121026
740	2626	2.116190
741	2626	2.116190
742	2648	2.133919
743	2627	2.116996
744	2626	2.116190
745	2648	2.133919
746	2648	2.133919
747	2619	2.110549
748	2635	2.123443
749	2626	2.116190
750	2634	2.122637
751	2627	2.116996
752	2626	2.116190
753	2635	2.123443
754	2648	2.133919
755	2626	2.116190
756	2634	2.122637
757	2635	2.123443
758	2626	2.116190
759	2635	2.123443
760	2643	2.129890
761	2626	2.116190
762	2635	2.123443
763	2635	2.123443
764	2656	2.140366
765	2639	2.126667
766	2656	2.140366
767	2639	2.126667
768	2634	2.122637
769	2634	2.122637
770	2635	2.123443
771	2635	2.123443
772	2626	2.116190
773	2639	2.126667
774	2639	2.126667
775	2639	2.126667
776	2627	2.116996
777	2639	2.126667
778	2639	2.126667
779	2643	2.129890
780	2635	2.123443
781	2656	2.140366
782	2632	2.121026
783	2635	2.123443
784	2639	2.126667
785	2656	2.140366
786	2658	2.141978
787	2656	2.140366
788	2656	2.140366
789	2648	2.133919
790	2643	2.129890
791	2635	2.123443
792	2659	2.142784
793	2643	2.129890
794	2639	2.126667
795	2635	2.123443
796	2639	2.126667
797	2656	2.140366
798	2639	2.126667
799	2639	2.126667
800	2639	2.126667
801	2639	2.126667
802	2648	2.133919
803	2656	2.140366
804	2656	2.140366
805	2656	2.140366
806	2656	2.140366
807	2656	2.140366
808	2639	2.126667
809	2658	2.141978
810	2656	2.140366
811	2656	2.140366
812	2667	2.149231
813	2656	2.140366
814	2667	2.149231
815	2656	2.140366
816	2671	2.152454
817	2667	2.149231
818	2664	2.146813
819	2664	2.146813
820	2656	2.140366
821	2659	2.142784
822	2664	2.146813
823	2664	2.146813
824	2648	2.133919
825	2666	2.148425
826	2658	2.141978
827	2658	2.141978
828	2658	2.141978
829	2666	2.148425
830	2659	2.142784
831	2656	2.140366
832	2659	2.142784
833	2656	2.140366
834	2667	2.149231
835	2656	2.140366
836	2664	2.146813
837	2664	2.146813
838	2666	2.148425
839	2656	2.140366
840	2666	2.148425
841	2667	2.149231
842	2666	2.148425
843	2658	2.141978
844	2666	2.148425
845	2656	2.140366
846	2656	2.140366
847	2667	2.149231
848	2658	2.141978
849	2671	2.152454
850	2680	2.159707
851	2664	2.146813
852	2667	2.149231
853	2667	2.149231
854	2671	2.152454
855	2666	2.148425
856	2666	2.148425
857	2666	2.148425
858	2680	2.159707
859	2664	2.146813
860	2667	2.149231
861	2667	2.149231
862	2666	2.148425
863	2664	2.146813
864	2671	2.152454
865	2671	2.152454
866	2682	2.161319
867	2683	2.162125
868	2680	2.159707
869	2682	2.161319
870	2682	2.161319
871	2683	2.162125
872	2687	2.165348
873	2682	2.161319
874	2687	2.165348
875	2683	2.162125
876	2680	2.159707
877	2682	2.161319
878	2687	2.165348
879	2687	2.165348
880	2671	2.152454
881	2671	2.152454
882	2667	2.149231
883	2667	2.149231
884	2667	2.149231
885	2671	2.152454
886	2682	2.161319
887	2683	2.162125
888	2671	2.152454
889	2682	2.161319
890	2675	2.155678
891	2667	2.149231
892	2680	2.159707
893	2659	2.142784
894	2658	2.141978
895	2680	2.159707
896	2680	2.159707
897	2671	2.152454
898	2667	2.149231
899	2671	2.152454
900	2675	2.155678
901	2667	2.149231
902	2656	2.140366
903	2671	2.152454
904	2667	2.149231
905	2667	2.149231
906	2666	2.148425
907	2666	2.148425
908	2675	2.155678
909	2671	2.152454
910	2667	2.149231
911	2659	2.142784
912	2671	2.152454
913	2671	2.152454
914	2682	2.161319
915	2683	2.162125
916	2667	2.149231
917	2667	2.149231
918	2687	2.165348
919	2683	2.162125
920	2683	2.162125
921	2683	2.162125
922	2671	2.152454
923	2680	2.159707
924	2680	2.159707
925	2682	2.161319
926	2680	2.159707
927	2683	2.162125
928	2671	2.152454
929	2671	2.152454
930	2675	2.155678
931	2667	2.149231
932	2683	2.162125
933	2671	2.152454
934	2687	2.165348
935	2680	2.159707
936	2675	2.155678
937	2667	2.149231
938	2683	2.162125
939	2667	2.149231
940	2683	2.162125
941	2675	2.155678
942	2671	2.152454
943	2667	2.149231
944	2687	2.165348
945	2680	2.159707
946	2682	2.161319
947	2671	2.152454
948	2682	2.161319
949	2683	2.162125
950	2682	2.161319
951	2675	2.155678
952	2671	2.152454
953	2682	2.161319
954	2696	2.172601
955	2682	2.161319
956	2687	2.165348
957	2683	2.162125
958	2687	2.165348
959	2683	2.162125
960	2667	2.149231
961	2683	2.162125
962	2671	2.152454
963	2675	2.155678
964	2682	2.161319
965	2671	2.152454
966	2667	2.149231
967	2667	2.149231
968	2683	2.162125
969	2683	2.162125
970	2683	2.162125
971	2687	2.165348
972	2696	2.172601
973	2687	2.165348
974	2687	2.165348
975	2687	2.165348
976	2699	2.175018
977	2683	2.162125
978	2683	2.162125
979	2683	2.162125
980	2687	2.165348
981	2687	2.165348
982	2683	2.162125
983	2683	2.162125
984	2683	2.162125
985	2682	2.161319
986	2683	2.162125
987	2682	2.161319
988	2682	2.161319
989	2680	2.159707
990	2683	2.162125
991	2683	2.162125
992	2680	2.159707
993	2687	2.165348
994	2696	2.172601
995	2699	2.175018
996	2699	2.175018
997	2699	2.175018
998	2687	2.165348
999	2703	2.178242
1000	2712	2.185495
1001	2707	2.181465
1002	2699	2.175018
1003	2703	2.178242
1004	2712	2.185495
1005	2703	2.178242
1006	2699	2.175018
1007	2703	2.178242
1008	2696	2.172601
1009	2699	2.175018
1010	2712	2.185495
1011	2699	2.175018
1012	2696	2.172601
1013	2707	2.181465
1014	2703	2.178242
1015	2699	2.175018
1016	2699	2.175018
1017	2703	2.178242
1018	2699	2.175018
1019	2699	2.175018
1020	2703	2.178242
1021	2699	2.175018
1022	2720	2.191941
1023	2699	2.175018
1024	2720	2.191941
1025	2699	2.175018
1026	2699	2.175018
1027	2699	2.175018
1028	2699	2.175018
1029	2699	2.175018
1030	2687	2.165348
1031	2707	2.181465
1032	2699	2.175018
1033	2698	2.174212
1034	2699	2.175018
1035	2699	2.175018
1036	2703	2.178242
1037	2699	2.175018
1038	2698	2.174212
1039	2712	2.185495
1040	2699	2.175018
1041	2699	2.175018
1042	2712	2.185495
1043	2703	2.178242
1044	2720	2.191941
1045	2712	2.185495
1046	2699	2.175018
1047	2698	2.174212
1048	2703	2.178242
1049	2699	2.175018
1050	2699	2.175018
1051	2699	2.175018
1052	2698	2.174212
1053	2683	2.162125
1054	2712	2.185495
1055	2714	2.187106
1056	2712	2.185495
1057	2707	2.181465
1058	2699	2.175018
1059	2699	2.175018
1060	2714	2.187106
1061	2720	2.191941
1062	2723	2.194359
1063	2707	2.181465
1064	2698	2.174212
1065	2720	2.191941
1066	2720	2.191941
1067	2703	2.178242
1068	2699	2.175018
1069	2699	2.175018
1070	2698	2.174212
1071	2703	2.178242
1072	2712	2.185495
1073	2699	2.175018
1074	2714	2.187106
1075	2703	2.178242
1076	2703	2.178242
1077	2714	2.187106
1078	2698	2.174212
1079	2707	2.181465
1080	2712	2.185495
1081	2728	2.198388
1082	2730	2.200000
1083	2703	2.178242
1084	2722	2.193553
1085	2720	2.191941
1086	2728	2.198388
1087	2723	2.194359
1088	2722	2.193553
1089	2722	2.193553
1090	2720	2.191941
1091	2731	2.200806
1092	2722	2.193553
1093	2728	2.198388
1094	2703	2.178242
1095	2712	2.185495
1096	2720	2.191941
1097	2723	2.194359
1098	2720	2.191941
1099	2714	2.187106
1100	2712	2.185495
1101	2712	2.185495
1102	2720	2.191941
1103	2714	2.187106
1104	2720	2.191941
1105	2728	2.198388
1106	2722	2.193553
1107	2722	2.193553
1108	2720	2.191941
1109	2723	2.194359
1110	2731	2.200806
1111	2712	2.185495
1112	2720	2.191941
1113	2744	2.211282
1114	2720	2.191941
1115	2730	2.200000
1116	2712	2.185495
1117	2730	2.200000
1118	2720	2.191941
1119	2722	2.193553
1120	2728	2.198388
1121	2720	2.191941
1122	2731	2.200806
1123	2722	2.193553
1124	2712	2.185495
1125	2720	2.191941
1126	2720	2.191941
1127	2730	2.200000
1128	2720	2.191941
1129	2720	2.191941
1130	2728	2.198388
1131	2730	2.200000
1132	2722	2.193553
1133	2730	2.200000
1134	2731	2.200806
1135	2731	2.200806
1136	2731	2.200806
1137	2720	2.191941
1138	2730	2.200000
1139	2730	2.200000
1140	2720	2.191941
1141	2723	2.194359
1142	2731	2.200806
1143	2720	2.191941
1144	2730	2.200000
1145	2722	2.193553
1146	2722	2.193553
1147	2722	2.193553
1148	2730	2.200000
1149	2731	2.200806
1150	2728	2.198388
1151	2728	2.198388
1152	2746	2.212894
1153	2722	2.193553
1154	2731	2.200806
1155	2731	2.200806
1156	2735	2.204029
1157	2723	2.194359
1158	2731	2.200806
1159	2735	2.204029
1160	2731	2.200806
1161	2731	2.200806
1162	2731	2.200806
1163	2722	2.193553
1164	2747	2.213700
1165	2744	2.211282
1166	2731	2.200806
1167	2744	2.211282
1168	2731	2.200806
1169	2730	2.200000
1170	2735	2.204029
1171	2735	2.204029
1172	2731	2.200806
1173	2735	2.204029
1174	2752	2.217729
1175	2755	2.220147
1176	2746	2.212894
1177	2752	2.217729
1178	2746	2.212894
1179	2752	2.217729
1180	2744	2.211282
1181	2744	2.211282
1182	2744	2.211282
1183	2747	2.213700
1184	2735	2.204029
1185	2744	2.211282
1186	2744	2.211282
1187	2731	2.200806
1188	2752	2.217729
1189	2744	2.211282
1190	2735	2.204029
1191	2739	2.207253
1192	2735	2.204029
1193	2746	2.212894
1194	2746	2.212894
1195	2735	2.204029
1196	2735	2.204029
1197	2730	2.200000
1198	2755	2.220147
1199	2746	2.212894
1200	2746	2.212894
1201	2739	2.207253
1202	2747	2.213700
1203	2739	2.207253
1204	2746	2.212894
1205	2754	2.219341
1206	2746	2.212894
1207	2735	2.204029
1208	2746	2.212894
1209	2744	2.211282
1210	2731	2.200806
1211	2735	2.204029
1212	2744	2.211282
1213	2731	2.200806
1214	2731	2.200806
1215	2746	2.212894
1216	2747	2.213700
1217	2735	2.204029
1218	2735	2.204029
1219	2760	2.224176
1220	2747	2.213700
1221	2744	2.211282
1222	2735	2.204029
1223	2747	2.213700
1224	2752	2.217729
1225	2754	2.219341
1226	2752	2.217729
1227	2752	2.217729
1228	2763	2.226593
1229	2752	2.217729
1230	2762	2.225788
1231	2760	2.224176
1232	2762	2.225788
1233	2755	2.220147
1234	2762	2.225788
1235	2746	2.212894
1236	2747	2.213700
1237	2760	2.224176
1238	2752	2.217729
1239	2760	2.224176
1240	2760	2.224176
1241	2744	2.211282
1242	2762	2.225788
1243	2754	2.219341
1244	2762	2.225788
1245	2762	2.225788
1246	2760	2.224176
1247	2762	2.225788
1248	2762	2.225788
1249	2754	2.219341
1250	2755	2.220147
1251	2755	2.220147
1252	2752	2.217729
1253	2755	2.220147
1254	2747	2.213700
1255	2746	2.212894
1256	2754	2.219341
1257	2760	2.224176
1258	2763	2.226593
1259	2754	2.219341
1260	2760	2.224176
1261	2763	2.226593
1262	2762	2.225788
1263	2763	2.226593
1264	2762	2.225788
1265	2784	2.243516
1266	2763	2.226593
1267	2763	2.226593
1268	2767	2.229817
1269	2767	2.229817
1270	2763	2.226593
1271	2760	2.224176
1272	2763	2.226593
1273	2762	2.225788
1274	2767	2.229817
1275	2767	2.229817
1276	2771	2.233040
1277	2778	2.238681
1278	2762	2.225788
1279	2763	2.226593
1280	2763	2.226593
1281	2763	2.226593
1282	2763	2.226593
1283	2778	2.238681
1284	2767	2.229817
1285	2767	2.229817
1286	2771	2.233040
1287	2776	2.237070
1288	2771	2.233040
1289	2776	2.237070
1290	2784	2.243516
1291	2776	2.237070
1292	2767	2.229817
1293	2767	2.229817
1294	2763	2.226593
1295	2763	2.226593
1296	2763	2.226593
1297	2767	2.229817
1298	2763	2.226593
1299	2776	2.237070
1300	2763	2.226593
1301	2763	2.226593
1302	2763	2.226593
1303	2784	2.243516
1304	2784	2.243516
1305	2784	2.243516
1306	2784	2.243516
1307	2776	2.237070
1308	2784	2.243516
1309	2786	2.245128
1310	2763	2.226593
1311	2762	2.225788
1312	2778	2.238681
1313	2784	2.243516
1314	2763	2.226593
1315	2784	2.243516
1316	2784	2.243516
1317	2776	2.237070
1318	2771	2.233040
1319	2784	2.243516
1320	2784	2.243516
1321	2784	2.243516
1322	2792	2.249963
1323	2786	2.245128
1324	2784	2.243516
1325	2776	2.237070
1326	2786	2.245128
1327	2771	2.233040
1328	2784	2.243516
1329	2786	2.245128
1330	2771	2.233040
1331	2784	2.243516
1332	2794	2.251575
1333	2778	2.238681
1334	2786	2.245128
1335	2776	2.237070
1336	2786	2.245128
1337	2784	2.243516
1338	2784	2.243516
1339	2784	2.243516
1340	2784	2.243516
1341	2784	2.243516
1342	2787	2.245934
1343	2784	2.243516
1344	2784	2.243516
1345	2792	2.249963
1346	2776	2.237070
1347	2786	2.245128
1348	2786	2.245128
1349	2784	2.243516
1350	2784	2.243516
1351	2787	2.245934
1352	2784	2.243516
1353	2795	2.252381
1354	2784	2.243516
1355	2784	2.243516
1356	2784	2.243516
1357	2786	2.245128
1358	2786	2.245128
1359	2784	2.243516
1360	2792	2.249963
1361	2776	2.237070
1362	2786	2.245128
1363	2786	2.245128
1364	2794	2.251575
1365	2784	2.243516
1366	2792	2.249963
1367	2795	2.252381
1368	2794	2.251575
1369	2784	2.243516
1370	2792	2.249963
1371	2786	2.245128
1372	2787	2.245934
1373	2795	2.252381
1374	2794	2.251575
1375	2786	2.245128
1376	2794	2.251575
1377	2794	2.251575
1378	2794	2.251575
1379	2792	2.249963
1380	2794	2.251575
1381	2792	2.249963
1382	2795	2.252381
1383	2787	2.245934
1384	2794	2.251575
1385	2794	2.251575
1386	2792	2.249963
1387	2787	2.245934
1388	2795	2.252381
1389	2786	2.245128
1390	2792	2.249963
1391	2794	2.251575
1392	2795	2.252381
1393	2795	2.252381
1394	2795	2.252381
1395	2808	2.262857
1396	2787	2.245934
1397	2787	2.245934
1398	2787	2.245934
1399	2795	2.252381
1400	2795	2.252381
1401	2799	2.255604
1402	2799	2.255604
1403	2792	2.249963
1404	2808	2.262857
1405	2795	2.252381
1406	2787	2.245934
1407	2795	2.252381
1408	2799	2.255604
1409	2784	2.243516
1410	2799	2.255604
1411	2799	2.255604
1412	2816	2.269304
1413	2795	2.252381
1414	2794	2.251575
1415	2792	2.249963
1416	2799	2.255604
1417	2792	2.249963
1418	2787	2.245934
1419	2795	2.252381
1420	2803	2.258828
1421	2795	2.252381
1422	2799	2.255604
1423	2795	2.252381
1424	2795	2.252381
1425	2794	2.251575
1426	2795	2.252381
1427	2795	2.252381
1428	2810	2.264469
1429	2808	2.262857
1430	2794	2.251575
1431	2795	2.252381
1432	2795	2.252381
1433	2795	2.252381
1434	2803	2.258828
1435	2787	2.245934
1436	2799	2.255604
1437	2803	2.258828
1438	2808	2.262857
1439	2794	2.251575
1440	2795	2.252381
1441	2792	2.249963
1442	2808	2.262857
1443	2810	2.264469
1444	2808	2.262857
1445	2803	2.258828
1446	2792	2.249963
1447	2799	2.255604
1448	2808	2.262857
1449	2808	2.262857
1450	2795	2.252381
1451	2799	2.255604
1452	2799	2.255604
1453	2808	2.262857
1454	2808	2.262857
1455	2810	2.264469
1456	2795	2.252381
1457	2794	2.251575
1458	2795	2.252381
1459	2799	2.255604
1460	2799	2.255604
1461	2799	2.255604
1462	2810	2.264469
1463	2810	2.264469
1464	2816	2.269304
1465	2808	2.262857
1466	2811	2.265275
1467	2799	2.255604
1468	2795	2.252381
1469	2799	2.255604
1470	2816	2.269304
1471	2803	2.258828
1472	2795	2.252381
1473	2794	2.251575
1474	2795	2.252381
1475	2794	2.251575
1476	2816	2.269304
1477	2786	2.245128
1478	2792	2.249963
1479	2810	2.264469
1480	2795	2.252381
1481	2808	2.262857
1482	2803	2.258828
1483	2794	2.251575
1484	2795	2.252381
1485	2795	2.252381
1486	2794	2.251575
1487	2794	2.251575
1488	2787	2.245934
1489	2795	2.252381
1490	2810	2.264469
1491	2808	2.262857
1492	2787	2.245934
1493	2787	2.245934
1494	2794	2.251575
1495	2808	2.262857
1496	2794	2.251575
1497	2795	2.252381
1498	2795	2.252381
1499	2803	2.258828
1500	2808	2.262857
1501	2799	2.255604
1502	2795	2.252381
1503	2795	2.252381
1504	2808	2.262857
1505	2795	2.252381
1506	2795	2.252381
1507	2792	2.249963
1508	2795	2.252381
1509	2795	2.252381
1510	2795	2.252381
1511	2794	2.251575
1512	2792	2.249963
1513	2799	2.255604
1514	2808	2.262857
1515	2795	2.252381
1516	2792	2.249963
1517	2792	2.249963
1518	2795	2.252381
1519	2792	2.249963
1520	2795	2.252381
1521	2786	2.245128
1522	2795	2.252381
1523	2810	2.264469
1524	2795	2.252381
1525	2795	2.252381
1526	2795	2.252381
1527	2787	2.245934
1528	2795	2.252381
1529	2784	2.243516
1530	2808	2.262857
1531	2795	2.252381
1532	2799	2.255604
1533	2792	2.249963
1534	2794	2.251575
1535	2787	2.245934
1536	2787	2.245934
1537	2794	2.251575
1538	2792	2.249963
1539	2795	2.252381
1540	2786	2.245128
1541	2786	2.245128
1542	2792	2.249963
1543	2795	2.252381
1544	2786	2.245128
1545	2786	2.245128
1546	2786	2.245128
1547	2795	2.252381
1548	2795	2.252381
1549	2784	2.243516
1550	2786	2.245128
1551	2795	2.252381
1552	2784	2.243516
1553	2786	2.245128
1554	2784	2.243516
1555	2784	2.243516
1556	2778	2.238681
1557	2784	2.243516
1558	2792	2.249963
1559	2792	2.249963
1560	2784	2.243516
1561	2792	2.249963
1562	2784	2.243516
1563	2795	2.252381
1564	2792	2.249963
1565	2786	2.245128
1566	2786	2.245128
1567	2776	2.237070
1568	2784	2.243516
1569	2784	2.243516
1570	2786	2.245128
1571	2784	2.243516
1572	2763	2.226593
1573	2786	2.245128
1574	2784	2.243516
1575	2787	2.245934
1576	2776	2.237070
1577	2767	2.229817
1578	2787	2.245934
1579	2767	2.229817
1580	2784	2.243516
1581	2776	2.237070
1582	2776	2.237070
1583	2786	2.245128
1584	2784	2.243516
1585	2784	2.243516
1586	2776	2.237070
1587	2767	2.229817
1588	2784	2.243516
1589	2767	2.229817
1590	2767	2.229817
1591	2784	2.243516
1592	2763	2.226593
1593	2763	2.226593
1594	2767	2.229817
1595	2762	2.225788
1596	2763	2.226593
1597	2763	2.226593
1598	2763	2.226593
1599	2787	2.245934
1600	2767	2.229817
1601	2771	2.233040
1602	2784	2.243516
1603	2763	2.226593
1604	2762	2.225788
1605	2763	2.226593
1606	2763	2.226593
1607	2763	2.226593
1608	2767	2.229817
1609	2763	2.226593
1610	2763	2.226593
1611	2762	2.225788
1612	2763	2.226593
1613	2763	2.226593
1614	2755	2.220147
1615	2755	2.220147
1616	2760	2.224176
1617	2760	2.224176
1618	2754	2.219341
1619	2760	2.224176
1620	2760	2.224176
1621	2763	2.226593
1622	2735	2.204029
1623	2744	2.211282
1624	2747	2.213700
1625	2760	2.224176
1626	2746	2.212894
1627	2730	2.200000
1628	2731	2.200806
1629	2739	2.207253
1630	2752	2.217729
1631	2752	2.217729
1632	2747	2.213700
1633	2754	2.219341
1634	2755	2.220147
1635	2731	2.200806
1636	2746	2.212894
1637	2735	2.204029
1638	2731	2.200806
1639	2735	2.204029
1640	2752	2.217729
1641	2731	2.200806
1642	2744	2.211282
1643	2735	2.204029
1644	2752	2.217729
1645	2735	2.204029
1646	2735	2.204029
1647	2731	2.200806
1648	2731	2.200806
1649	2735	2.204029
1650	2731	2.200806
1651	2730	2.200000
1652	2735	2.204029
1653	2720	2.191941
1654	2731	2.200806
1655	2731	2.200806
1656	2730	2.200000
1657	2730	2.200000
1658	2723	2.194359
1659	2722	2.193553
1660	2712	2.185495
1661	2722	2.193553
1662	2722	2.193553
1663	2707	2.181465
1664	2730	2.200000
1665	2731	2.200806
1666	2720	2.191941
1667	2722	2.193553
1668	2699	2.175018
1669	2714	2.187106
1670	2720	2.191941
1671	2712	2.185495
1672	2707	2.181465
1673	2712	2.185495
1674	2723	2.194359
1675	2722	2.193553
1676	2720	2.191941
1677	2696	2.172601
1678	2720	2.191941
1679	2703	2.178242
1680	2714	2.187106
1681	2698	2.174212
1682	2699	2.175018
1683	2703	2.178242
1684	2699	2.175018
1685	2703	2.178242
1686	2698	2.174212
1687	2699	2.175018
1688	2703	2.178242
1689	2687	2.165348
1690	2699	2.175018
1691	2698	2.174212
1692	2683	2.162125
1693	2696	2.172601
1694	2687	2.165348
1695	2687	2.165348
1696	2687	2.165348
1697	2682	2.161319
1698	2683	2.162125
1699	2687	2.165348
1700	2683	2.162125
1701	2696	2.172601
1702	2675	2.155678
1703	2682	2.161319
1704	2682	2.161319
1705	2682	2.161319
1706	2680	2.159707
1707	2682	2.161319
1708	2667	2.149231
1709	2671	2.152454
1710	2680	2.159707
1711	2666	2.148425
1712	2682	2.161319
1713	2667	2.149231
1714	2680	2.159707
1715	2671	2.152454
1716	2666	2.148425
1717	2656	2.140366
1718	2671	2.152454
1719	2667	2.149231
1720	2664	2.146813
1721	2658	2.141978
1722	2656	2.140366
1723	2659	2.142784
1724	2666	2.148425
1725	2659	2.142784
1726	2659	2.142784
1727	2658	2.141978
1728	2648	2.133919
1729	2656	2.140366
1730	2656	2.140366
1731	2656	2.140366
1732	2648	2.133919
1733	2656	2.140366
1734	2658	2.141978
1735	2635	2.123443
1736	2643	2.129890
1737	2635	2.123443
1738	2656	2.140366
1739	2634	2.122637
1740	2639	2.126667
1741	2627	2.116996
1742	2635	2.123443
1743	2632	2.121026
1744	2635	2.123443
1745	2632	2.121026
1746	2619	2.110549
1747	2607	2.100879
1748	2626	2.116190
1749	2616	2.108132
1750	2619	2.110549
1751	2619	2.110549
1752	2607	2.100879
1753	2618	2.109744
1754	2603	2.097656
1755	2618	2.109744
1756	2618	2.109744
1757	2603	2.097656
1758	2607	2.100879
1759	2627	2.116996
1760	2616	2.108132
1761	2603	2.097656
1762	2603	2.097656
1763	2600	2.095238
1764	2603	2.097656
1765	2603	2.097656
1766	2603	2.097656
1767	2595	2.091209
1768	2602	2.096850
1769	2600	2.095238
1770	2595	2.091209
1771	2592	2.088791
1772	2592	2.088791
1773	2592	2.088791
1774	2586	2.083956
1775	2595	2.091209
1776	2603	2.097656
1777	2602	2.096850
1778	2571	2.071868
1779	2586	2.083956
1780	2571	2.071868
1781	2571	2.071868
1782	2575	2.075092
1783	2571	2.071868
1784	2579	2.078315
1785	2568	2.069451
1786	2584	2.082344
1787	2570	2.071062
1788	2554	2.058168
1789	2563	2.065421
1790	2570	2.071062
1791	2559	2.062198
1792	2570	2.071062
1793	2570	2.071062
1794	2559	2.062198
1795	2559	2.062198
1796	2559	2.062198
1797	2539	2.046081
1798	2554	2.058168
1799	2555	2.058974
1800	2554	2.058168
1801	2559	2.062198
1802	2555	2.058974
1803	2547	2.052527
1804	2543	2.049304
1805	2555	2.058974
1806	2554	2.058168
1807	2539	2.046081
1808	2539	2.046081
1809	2539	2.046081
1810	2554	2.058168
1811	2554	2.058168
1812	2568	2.069451
1813	2539	2.046081
1814	2539	2.046081
1815	2536	2.043663
1816	2539	2.046081
1817	2536	2.043663
1818	2539	2.046081
1819	2539	2.046081
1820	2528	2.037216
1821	2539	2.046081
1822	2530	2.038828
1823	2531	2.039634
1824	2528	2.037216
1825	2547	2.052527
1826	2538	2.045275
1827	2539	2.046081
1828	2538	2.045275
1829	2522	2.032381
1830	2539	2.046081
1831	2536	2.043663
1832	2531	2.039634
1833	2538	2.045275
1834	2528	2.037216
1835	2528	2.037216
1836	2531	2.039634
1837	2528	2.037216
1838	2539	2.046081
1839	2538	2.045275
1840	2528	2.037216
1841	2528	2.037216
1842	2530	2.038828
1843	2531	2.039634
1844	2520	2.030769
1845	2511	2.023516
1846	2531	2.039634
1847	2528	2.037216
1848	2520	2.030769
1849	2538	2.045275
1850	2530	2.038828
1851	2528	2.037216
1852	2530	2.038828
1853	2528	2.037216
1854	2528	2.037216
1855	2528	2.037216
1856	2531	2.039634
1857	2507	2.020293
1858	2528	2.037216
1859	2520	2.030769
1860	2536	2.043663
1861	2520	2.030769
1862	2531	2.039634
1863	2530	2.038828
1864	2528	2.037216
1865	2528	2.037216
1866	2528	2.037216
1867	2530	2.038828
1868	2531	2.039634
1869	2528	2.037216
1870	2528	2.037216
1871	2528	2.037216
1872	2530	2.038828
1873	2539	2.046081
1874	2531	2.039634
1875	2538	2.045275
1876	2530	2.038828
1877	2536	2.043663
1878	2539	2.046081
1879	2539	2.046081
1880	2536	2.043663
1881	2531	2.039634
1882	2539	2.046081
1883	2531	2.039634
1884	2536	2.043663
1885	2531	2.039634
1886	2536	2.043663
1887	2522	2.032381
1888	2528	2.037216
1889	2539	2.046081
1890	2538	2.045275
1891	2538	2.045275
1892	2536	2.043663
1893	2528	2.037216
1894	2536	2.043663
1895	2539	2.046081
1896	2531	2.039634
1897	2531	2.039634
1898	2538	2.045275
1899	2539	2.046081
1900	2539	2.046081
1901	2552	2.056557
1902	2531	2.039634
1903	2531	2.039634
1904	2538	2.045275
1905	2538	2.045275
1906	2543	2.049304
1907	2543	2.049304
1908	2547	2.052527
1909	2552	2.056557
1910	2543	2.049304
1911	2543	2.049304
1912	2538	2.045275
1913	2531	2.039634
1914	2539	2.046081
1915	2538	2.045275
1916	2539	2.046081
1917	2552	2.056557
1918	2539	2.046081
1919	2552	2.056557
1920	2538	2.045275
1921	2552	2.056557
1922	2543	2.049304
1923	2554	2.058168
1924	2539	2.046081
1925	2543	2.049304
1926	2552	2.056557
1927	2547	2.052527
1928	2555	2.058974
1929	2555	2.058974
1930	2554	2.058168
1931	2552	2.056557
1932	2543	2.049304
1933	2543	2.049304
1934	2531	2.039634
1935	2536	2.043663
1936	2547	2.052527
1937	2539	2.046081
1938	2536	2.043663
1939	2539	2.046081
1940	2531	2.039634
1941	2547	2.052527
1942	2543	2.049304
1943	2539	2.046081
1944	2552	2.056557
1945	2539	2.046081
1946	2543	2.049304
1947	2547	2.052527
1948	2539	2.046081
1949	2539	2.046081
1950	2543	2.049304
1951	2538	2.045275
1952	2543	2.049304
1953	2538	2.045275
1954	2539	2.046081
1955	2552	2.056557
1956	2552	2.056557
1957	2547	2.052527
1958	2552	2.056557
1959	2539	2.046081
1960	2539	2.046081
1961	2539	2.046081
1962	2543	2.049304
1963	2539	2.046081
1964	2539	2.046081
1965	2554	2.058168
1966	2543	2.049304
1967	2539	2.046081
1968	2531	2.039634
1969	2543	2.049304
1970	2543	2.049304
1971	2536	2.043663
1972	2543	2.049304
1973	2538	2.045275
1974	2552	2.056557
1975	2552	2.056557
1976	2538	2.045275
1977	2530	2.038828
1978	2531	2.039634
1979	2539	2.046081
1980	2538	2.045275
1981	2536	2.043663
1982	2528	2.037216
1983	2536	2.043663
1984	2528	2.037216
1985	2536	2.043663
1986	2539	2.046081
1987	2528	2.037216
1988	2531	2.039634
1989	2528	2.037216
1990	2530	2.038828
1991	2528	2.037216
1992	2539	2.046081
1993	2530	2.038828
1994	2528	2.037216
1995	2531	2.039634
1996	2528	2.037216
1997	2530	2.038828
1998	2528	2.037216
1999	2520	2.030769
2000	2528	2.037216
2001	2522	2.032381
2002	2511	2.023516
2003	2520	2.030769
2004	2528	2.037216
2005	2528	2.037216
2006	2520	2.030769
2007	2528	2.037216
2008	2528	2.037216
2009	2520	2.030769
2010	2528	2.037216
2011	2507	2.020293
2012	2515	2.026740
2013	2507	2.020293
2014	2511	2.023516
2015	2507	2.020293
2016	2507	2.020293
2017	2507	2.020293
2018	2522	2.032381
2019	2507	2.020293
2020	2520	2.030769
2021	2511	2.023516
2022	2515	2.026740
2023	2507	2.020293
2024	2511	2.023516
2025	2506	2.019487
2026	2520	2.030769
2027	2515	2.026740
2028	2507	2.020293
2029	2506	2.019487
2030	2488	2.004982
2031	2504	2.017875
2032	2499	2.013846
2033	2506	2.019487
2034	2506	2.019487
2035	2506	2.019487
2036	2496	2.011429
2037	2507	2.020293
2038	2488	2.004982
2039	2498	2.013040
2040	2506	2.019487
2041	2496	2.011429
2042	2490	2.006593
2043	2490	2.006593
2044	2496	2.011429
2045	2498	2.013040
2046	2504	2.017875
2047	2490	2.006593
2048	2479	1.997729
2049	2498	2.013040
2050	2483	2.000952
2051	2483	2.000952
2052	2474	1.993700
2053	2491	2.007399
2054	2498	2.013040
2055	2496	2.011429
2056	2488	2.004982
2057	2496	2.011429
2058	2488	2.004982
2059	2491	2.007399
2060	2472	1.992088
2061	2483	2.000952
2062	2496	2.011429
2063	2488	2.004982
2064	2490	2.006593
2065	2472	1.992088
2066	2479	1.997729
2067	2475	1.994505
2068	2479	1.997729
2069	2475	1.994505
2070	2475	1.994505
2071	2475	1.994505
2072	2488	2.004982
2073	2475	1.994505
2074	2467	1.988059
2075	2472	1.992088
2076	2483	2.000952
2077	2479	1.997729
2078	2475	1.994505
2079	2474	1.993700
2080	2479	1.997729
2081	2474	1.993700
2082	2475	1.994505
2083	2475	1.994505
2084	2474	1.993700
2085	2474	1.993700
2086	2479	1.997729
2087	2472	1.992088
2088	2479	1.997729
2089	2472	1.992088
2090	2483	2.000952
2091	2475	1.994505
2092	2466	1.987253
2093	2474	1.993700
2094	2475	1.994505
2095	2490	2.006593
2096	2479	1.997729
2097	2475	1.994505
2098	2488	2.004982
2099	2475	1.994505
2100	2479	1.997729
2101	2475	1.994505
2102	2490	2.006593
2103	2479	1.997729
2104	2467	1.988059
2105	2475	1.994505
2106	2475	1.994505
2107	2496	2.011429
2108	2472	1.992088
2109	2466	1.987253
2110	2475	1.994505
2111	2491	2.007399
2112	2467	1.988059
2113	2490	2.006593
2114	2496	2.011429
2115	2475	1.994505
2116	2475	1.994505
2117	2488	2.004982
2118	2479	1.997729
2119	2488	2.004982
2120	2490	2.006593
2121	2490	2.006593
2122	2479	1.997729
2123	2479	1.997729
2124	2479	1.997729
2125	2491	2.007399
2126	2498	2.013040
2127	2499	2.013846
2128	2496	2.011429
2129	2498	2.013040
2130	2488	2.004982
2131	2479	1.997729
2132	2488	2.004982
2133	2498	2.013040
2134	2496	2.011429
2135	2483	2.000952
2136	2490	2.006593
2137	2475	1.994505
2138	2490	2.006593
2139	2496	2.011429
2140	2504	2.017875
2141	2504	2.017875
2142	2491	2.007399
2143	2507	2.020293
2144	2507	2.020293
2145	2498	2.013040
2146	2496	2.011429
2147	2496	2.011429
2148	2506	2.019487
2149	2498	2.013040
2150	2504	2.017875
2151	2506	2.019487
2152	2507	2.020293
2153	2507	2.020293
2154	2496	2.011429
2155	2504	2.017875
2156	2506	2.019487
2157	2496	2.011429
2158	2507	2.020293
2159	2507	2.020293
2160	2506	2.019487
2161	2496	2.011429
2162	2506	2.019487
2163	2507	2.020293
2164	2507	2.020293
2165	2507	2.020293
2166	2499	2.013846
2167	2504	2.017875
2168	2499	2.013846
2169	2507	2.020293
2170	2506	2.019487
2171	2507	2.020293
2172	2499	2.013846
2173	2507	2.020293
2174	2491	2.007399
2175	2504	2.017875
2176	2506	2.019487
2177	2506	2.019487
2178	2522	2.032381
2179	2507	2.020293
2180	2511	2.023516
2181	2511	2.023516
2182	2499	2.013846
2183	2507	2.020293
2184	2507	2.020293
2185	2499	2.013846
2186	2507	2.020293
2187	2506	2.019487
2188	2528	2.037216
2189	2511	2.023516
2190	2506	2.019487
2191	2507	2.020293
2192	2511	2.023516
2193	2515	2.026740
2194	2511	2.023516
2195	2507	2.020293
2196	2507	2.020293
2197	2504	2.017875
2198	2504	2.017875
2199	2498	2.013040
2200	2506	2.019487
2201	2499	2.013846
2202	2499	2.013846
2203	2499	2.013846
2204	2506	2.019487
2205	2511	2.023516
2206	2504	2.017875
2207	2506	2.019487
2208	2504	2.017875
2209	2506	2.019487
2210	2511	2.023516
2211	2498	2.013040
2212	2490	2.006593
2213	2504	2.017875
2214	2507	2.020293
2215	2499	2.013846
2216	2498	2.013040
2217	2498	2.013040
2218	2490	2.006593
2219	2491	2.007399
2220	2490	2.006593
2221	2490	2.006593
2222	2490	2.006593
2223	2496	2.011429
2224	2488	2.004982
2225	2483	2.000952
2226	2479	1.997729
2227	2475	1.994505
2228	2490	2.006593
2229	2475	1.994505
2230	2475	1.994505
2231	2472	1.992088
2232	2479	1.997729
2233	2479	1.997729
2234	2475	1.994505
2235	2475	1.994505
2236	2464	1.985641
2237	2466	1.987253
2238	2464	1.985641
2239	2456	1.979194
2240	2456	1.979194
2241	2443	1.968718
2242	2442	1.967912
2243	2443	1.968718
2244	2447	1.971941
2245	2464	1.985641
2246	2443	1.968718
2247	2443	1.968718
2248	2435	1.962271
2249	2440	1.966300
2250	2447	1.971941
2251	2440	1.966300
2252	2424	1.953407
2253	2426	1.955018
2254	2424	1.953407
2255	2426	1.955018
2256	2415	1.946154
2257	2408	1.940513
2258	2410	1.942125
2259	2410	1.942125
2260	2408	1.940513
2261	2383	1.920366
2262	2400	1.934066
2263	2400	1.934066
2264	2379	1.917143
2265	2379	1.917143
2266	2371	1.910696
2267	2376	1.914725
2268	2370	1.909890
2269	2363	1.904249
2270	2355	1.897802
2271	2339	1.884908
2272	2347	1.891355
2273	2338	1.884103
2274	2347	1.891355
2275	2330	1.877656
2276	2328	1.876044
2277	2336	1.882491
2278	2315	1.865568
2279	2312	1.863150
2280	2315	1.865568
2281	2287	1.843004
2282	2287	1.843004
2283	2282	1.838974
2284	2282	1.838974
2285	2275	1.833333
2286	2280	1.837363
2287	2251	1.813993
2288	2251	1.813993
2289	2255	1.817216
2290	2240	1.805128
2291	2250	1.813187
2292	2242	1.806740
2293	2227	1.794652
2294	2219	1.788205
2295	2216	1.785788
2296	2208	1.779341
2297	2202	1.774505
2298	2187	1.762418
2299	2184	1.760000
2300	2170	1.748718
2301	2171	1.749524
2302	2170	1.748718
2303	2155	1.736630
2304	2147	1.730183
2305	2144	1.727766
2306	2136	1.721319
2307	2127	1.714066
2308	2120	1.708425
2309	2104	1.695531
2310	2099	1.691502
2311	2095	1.688278
2312	2091	1.685055
2313	2091	1.685055
2314	2091	1.685055
2315	2083	1.678608
2316	2080	1.676190
2317	2080	1.676190
2318	2059	1.659267
2319	2067	1.665714
2320	2063	1.662491
2321	2047	1.649597
2322	2051	1.652821
2323	2051	1.652821
2324	2042	1.645568
2325	2027	1.633480
2326	2031	1.636703
2327	2024	1.631062
2328	2027	1.633480
2329	2031	1.636703
2330	2019	1.627033
2331	2024	1.631062
2332	2027	1.633480
2333	2018	1.626227
2334	2031	1.636703
2335	2016	1.624615
2336	2026	1.632674
2337	2026	1.632674
2338	2019	1.627033
2339	2003	1.614139
2340	2016	1.624615
2341	2016	1.624615
2342	2024	1.631062
2343	2018	1.626227
2344	2019	1.627033
2345	2026	1.632674
2346	2027	1.633480
2347	2035	1.639927
2348	2024	1.631062
2349	2043	1.646374
2350	2027	1.633480
2351	2043	1.646374
2352	2027	1.633480
2353	2031	1.636703
2354	2047	1.649597
2355	2042	1.645568
2356	2047	1.649597
2357	2035	1.639927
2358	2056	1.656850
2359	2051	1.652821
2360	2067	1.665714
2361	2074	1.671355
2362	2083	1.678608
2363	2080	1.676190
2364	2080	1.676190
2365	2091	1.685055
2366	2095	1.688278
2367	2104	1.695531
2368	2107	1.697949
2369	2107	1.697949
2370	2123	1.710842
2371	2112	1.701978
2372	2120	1.708425
2373	2122	1.710037
2374	2146	1.729377
2375	2127	1.714066
2376	2144	1.727766
2377	2155	1.736630
2378	2155	1.736630
2379	2175	1.752747
2380	2171	1.749524
2381	2171	1.749524
2382	2187	1.762418
2383	2191	1.765641
2384	2202	1.774505
2385	2210	1.780952
2386	2216	1.785788
2387	2210	1.780952
2388	2232	1.798681
2389	2223	1.791429
2390	2219	1.788205
2391	2255	1.817216
2392	2251	1.813993
2393	2255	1.817216
2394	2272	1.830916
2395	2275	1.833333
2396	2282	1.838974
2397	2280	1.837363
2398	2303	1.855897
2399	2314	1.864762
2400	2312	1.863150
2401	2330	1.877656
2402	2339	1.884908
2403	2344	1.888938
2404	2338	1.884103
2405	2347	1.891355
2406	2351	1.894579
2407	2351	1.894579
2408	2371	1.910696
2409	2351	1.894579
2410	2368	1.908278
2411	2371	1.910696
2412	2383	1.920366
2413	2383	1.920366
2414	2379	1.917143
2415	2400	1.934066
2416	2402	1.935678
2417	2411	1.942930
2418	2411	1.942930
2419	2408	1.940513
2420	2419	1.949377
2421	2411	1.942930
2422	2435	1.962271
2423	2431	1.959048
2424	2442	1.967912
2425	2447	1.971941
2426	2443	1.968718
2427	2467	1.988059
2428	2466	1.987253
2429	2464	1.985641
2430	2488	2.004982
2431	2475	1.994505
2432	2479	1.997729
2433	2490	2.006593
2434	2499	2.013846
2435	2499	2.013846
2436	2504	2.017875
2437	2490	2.006593
2438	2507	2.020293
2439	2511	2.023516
2440	2522	2.032381
2441	2528	2.037216
2442	2520	2.030769
2443	2530	2.038828
2444	2531	2.039634
2445	2528	2.037216
2446	2528	2.037216
2447	2538	2.045275
2448	2539	2.046081
2449	2539	2.046081
2450	2538	2.045275
2451	2547	2.052527
2452	2543	2.049304
2453	2552	2.056557
2454	2555	2.058974
2455	2559	2.062198
2456	2555	2.058974
2457	2555	2.058974
2458	2559	2.062198
2459	2575	2.075092
2460	2584	2.082344
2461	2575	2.075092
2462	2592	2.088791
2463	2575	2.075092
2464	2592	2.088791
2465	2586	2.083956
2466	2592	2.088791
2467	2595	2.091209
2468	2592	2.088791
2469	2592	2.088791
2470	2592	2.088791
2471	2592	2.088791
2472	2584	2.082344
2473	2618	2.109744
2474	2603	2.097656
2475	2619	2.110549
2476	2600	2.095238
2477	2602	2.096850
2478	2616	2.108132
2479	2607	2.100879
2480	2618	2.109744
2481	2603	2.097656
2482	2607	2.100879
2483	2626	2.116190
2484	2619	2.110549
2485	2618	2.109744
2486	2626	2.116190
2487	2635	2.123443
2488	2643	2.129890
2489	2634	2.122637
2490	2634	2.122637
2491	2632	2.121026
2492	2656	2.140366
2493	2635	2.123443
2494	2639	2.126667
2495	2659	2.142784
2496	2656	2.140366
2497	2656	2.140366
2498	2658	2.141978
2499	2656	2.140366
2500	2656	2.140366
2501	2675	2.155678
2502	2664	2.146813
2503	2659	2.142784
2504	2698	2.174212
2505	2667	2.149231
2506	2680	2.159707
2507	2667	2.149231
2508	2666	2.148425
2509	2680	2.159707
2510	2667	2.149231
2511	2680	2.159707
2512	2680	2.159707
2513	2680	2.159707
2514	2667	2.149231
2515	2680	2.159707
2516	2682	2.161319
2517	2698	2.174212
2518	2687	2.165348
2519	2696	2.172601
2520	2687	2.165348
2521	2699	2.175018
2522	2699	2.175018
2523	2687	2.165348
2524	2687	2.165348
2525	2682	2.161319
2526	2699	2.175018
2527	2699	2.175018
2528	2698	2.174212
2529	2699	2.175018
2530	2698	2.174212
2531	2699	2.175018
2532	2699	2.175018
2533	2703	2.178242
2534	2687	2.165348
2535	2683	2.162125
2536	2703	2.178242
2537	2703	2.178242
2538	2720	2.191941
2539	2698	2.174212
2540	2696	2.172601
2541	2699	2.175018
2542	2714	2.187106
2543	2707	2.181465
2544	2720	2.191941
2545	2720	2.191941
2546	2722	2.193553
2547	2722	2.193553
2548	2720	2.191941
2549	2712	2.185495
2550	2712	2.185495
2551	2720	2.191941
2552	2723	2.194359
2553	2722	2.193553
2554	2720	2.191941
2555	2720	2.191941
2556	2720	2.191941
2557	2720	2.191941
2558	2735	2.204029
2559	2728	2.198388
2560	2735	2.204029
2561	2735	2.204029
2562	2731	2.200806
2563	2731	2.200806
2564	2739	2.207253
2565	2720	2.191941
2566	2735	2.204029
2567	2723	2.194359
2568	2730	2.200000
2569	2735	2.204029
2570	2730	2.200000
2571	2735	2.204029
2572	2735	2.204029
2573	2731	2.200806
2574	2730	2.200000
2575	2744	2.211282
2576	2735	2.204029
2577	2731	2.200806
2578	2731	2.200806
2579	2735	2.204029
2580	2739	2.207253
2581	2746	2.212894
2582	2735	2.204029
2583	2728	2.198388
2584	2746	2.212894
2585	2723	2.194359
2586	2723	2.194359
2587	2731	2.200806
2588	2747	2.213700
2589	2744	2.211282
2590	2755	2.220147
2591	2752	2.217729
2592	2744	2.211282
2593	2754	2.219341
2594	2762	2.225788
2595	2746	2.212894
2596	2752	2.217729
2597	2752	2.217729
2598	2752	2.217729
2599	2752	2.217729
2600	2754	2.219341
2601	2760	2.224176
2602	2746	2.212894
2603	2755	2.220147
2604	2752	2.217729
2605	2760	2.224176
2606	2762	2.225788
2607	2763	2.226593
2608	2762	2.225788
2609	2762	2.225788
2610	2762	2.225788
2611	2762	2.225788
2612	2760	2.224176
2613	2763	2.226593
2614	2784	2.243516
2615	2767	2.229817
2616	2776	2.237070
2617	2767	2.229817
2618	2792	2.249963
2619	2763	2.226593
2620	2763	2.226593
2621	2784	2.243516
2622	2767	2.229817
2623	2784	2.243516
2624	2776	2.237070
2625	2784	2.243516
2626	2784	2.243516
2627	2786	2.245128
2628	2784	2.243516
2629	2784	2.243516
2630	2786	2.245128
2631	2808	2.262857
2632	2794	2.251575
2633	2799	2.255604
2634	2808	2.262857
2635	2786	2.245128
2636	2786	2.245128
2637	2794	2.251575
2638	2808	2.262857
2639	2795	2.252381
2640	2795	2.252381
2641	2799	2.255604
2642	2784	2.243516
2643	2794	2.251575
2644	2795	2.252381
2645	2786	2.245128
2646	2795	2.252381
2647	2808	2.262857
2648	2799	2.255604
2649	2810	2.264469
2650	2816	2.269304
2651	2810	2.264469
2652	2808	2.262857
2653	2799	2.255604
2654	2795	2.252381
2655	2808	2.262857
2656	2810	2.264469
2657	2808	2.262857
2658	2810	2.264469
2659	2803	2.258828
2660	2803	2.258828
2661	2816	2.269304
2662	2824	2.275751
2663	2810	2.264469
2664	2818	2.270916
2665	2803	2.258828
2666	2816	2.269304
2667	2799	2.255604
2668	2819	2.271722
2669	2818	2.270916
2670	2826	2.277363
2671	2819	2.271722
2672	2819	2.271722
2673	2826	2.277363
2674	2819	2.271722
2675	2826	2.277363
2676	2816	2.269304
2677	2818	2.270916
2678	2827	2.278168
2679	2827	2.278168
2680	2819	2.271722
2681	2816	2.269304
2682	2826	2.277363
2683	2827	2.278168
2684	2831	2.281392
2685	2818	2.270916
2686	2826	2.277363
2687	2827	2.278168
2688	2826	2.277363
2689	2824	2.275751
2690	2840	2.288645
2691	2824	2.275751
2692	2824	2.275751
2693	2827	2.278168
2694	2827	2.278168
2695	2827	2.278168
2696	2827	2.278168
2697	2824	2.275751
2698	2842	2.290256
2699	2848	2.295092
2700	2840	2.288645
2701	2831	2.281392
2702	2827	2.278168
2703	2848	2.295092
2704	2848	2.295092
2705	2827	2.278168
2706	2840	2.288645
2707	2827	2.278168
2708	2848	2.295092
2709	2848	2.295092
2710	2848	2.295092
2711	2827	2.278168
2712	2842	2.290256
2713	2840	2.288645
2714	2840	2.288645
2715	2831	2.281392
2716	2827	2.278168
2717	2831	2.281392
2718	2831	2.281392
2719	2848	2.295092
2720	2835	2.284615
2721	2848	2.295092
2722	2848	2.295092
2723	2851	2.297509
2724	2858	2.303150
2725	2850	2.296703
2726	2848	2.295092
2727	2848	2.295092
2728	2850	2.296703
2729	2856	2.301538
2730	2840	2.288645
2731	2848	2.295092
2732	2848	2.295092
2733	2851	2.297509
2734	2851	2.297509
2735	2848	2.295092
2736	2842	2.290256
2737	2851	2.297509
2738	2856	2.301538
2739	2848	2.295092
2740	2856	2.301538
2741	2850	2.296703
2742	2856	2.301538
2743	2858	2.303150
2744	2848	2.295092
2745	2863	2.307179
2746	2848	2.295092
2747	2856	2.301538
2748	2859	2.303956
2749	2850	2.296703
2750	2859	2.303956
2751	2859	2.303956
2752	2859	2.303956
2753	2872	2.314432
2754	2858	2.303150
2755	2863	2.307179
2756	2872	2.314432
2757	2851	2.297509
2758	2872	2.314432
2759	2863	2.307179
2760	2858	2.303150
2761	2856	2.301538
2762	2863	2.307179
2763	2859	2.303956
2764	2874	2.316044
2765	2883	2.323297
2766	2863	2.307179
2767	2872	2.314432
2768	2872	2.314432
2769	2872	2.314432
2770	2863	2.307179
2771	2872	2.314432
2772	2882	2.322491
2773	2863	2.307179
2774	2880	2.320879
2775	2883	2.323297
2776	2863	2.307179
2777	2874	2.316044
2778	2891	2.329744
2779	2882	2.322491
2780	2882	2.322491
2781	2874	2.316044
2782	2875	2.316850
2783	2874	2.316044
2784	2891	2.329744
2785	2882	2.322491
2786	2883	2.323297
2787	2875	2.316850
2788	2882	2.322491
2789	2891	2.329744
2790	2888	2.327326
2791	2890	2.328938
2792	2891	2.329744
2793	2888	2.327326
2794	2882	2.322491
2795	2875	2.316850
2796	2888	2.327326
2797	2891	2.329744
2798	2888	2.327326
2799	2883	2.323297
2800	2883	2.323297
2801	2895	2.332967
2802	2891	2.329744
2803	2891	2.329744
2804	2891	2.329744
2805	2895	2.332967
2806	2891	2.329744
2807	2904	2.340220
2808	2912	2.346667
2809	2875	2.316850
2810	2895	2.332967
2811	2891	2.329744
2812	2904	2.340220
2813	2891	2.329744
2814	2890	2.328938
2815	2890	2.328938
2816	2895	2.332967
2817	2883	2.323297
2818	2895	2.332967
2819	2891	2.329744
2820	2904	2.340220
2821	2888	2.327326
2822	2891	2.329744
2823	2912	2.346667
2824	2895	2.332967
2825	2890	2.328938
2826	2891	2.329744
2827	2891	2.329744
2828	2912	2.346667
2829	2891	2.329744
2830	2899	2.336190
2831	2891	2.329744
2832	2891	2.329744
2833	2912	2.346667
2834	2912	2.346667
2835	2912	2.346667
2836	2912	2.346667
2837	2890	2.328938
2838	2912	2.346667
2839	2912	2.346667
2840	2895	2.332967
2841	2912	2.346667
2842	2895	2.332967
2843	2904	2.340220
2844	2904	2.340220
2845	2912	2.346667
2846	2912	2.346667
2847	2904	2.340220
2848	2912	2.346667
2849	2912	2.346667
2850	2904	2.340220
2851	2912	2.346667
2852	2912	2.346667
2853	2920	2.353114
2854	2914	2.348278
2855	2912	2.346667
2856	2914	2.348278
2857	2912	2.346667
2858	2906	2.341832
2859	2904	2.340220
2860	2920	2.353114
2861	2923	2.355531
2862	2912	2.346667
2863	2922	2.354725
2864	2912	2.346667
2865	2912	2.346667
2866	2914	2.348278
2867	2912	2.346667
2868	2912	2.346667
2869	2915	2.349084
2870	2912	2.346667
2871	2912	2.346667
2872	2912	2.346667
2873	2914	2.348278
2874	2912	2.346667
2875	2920	2.353114
2876	2920	2.353114
2877	2912	2.346667
2878	2912	2.346667
2879	2912	2.346667
2880	2920	2.353114
2881	2915	2.349084
2882	2915	2.349084
2883	2920	2.353114
2884	2920	2.353114
2885	2914	2.348278
2886	2923	2.355531
2887	2920	2.353114
2888	2912	2.346667
2889	2923	2.355531
2890	2922	2.354725
2891	2922	2.354725
2892	2920	2.353114
2893	2936	2.366007
2894	2923	2.355531
2895	2922	2.354725
2896	2923	2.355531
2897	2920	2.353114
2898	2914	2.348278
2899	2923	2.355531
2900	2927	2.358755
2901	2920	2.353114
2902	2914	2.348278
2903	2923	2.355531
2904	2923	2.355531
2905	2923	2.355531
2906	2922	2.354725
2907	2923	2.355531
2908	2914	2.348278
2909	2922	2.354725
2910	2923	2.355531
2911	2923	2.355531
2912	2922	2.354725
2913	2922	2.354725
2914	2923	2.355531
2915	2927	2.358755
2916	2927	2.358755
2917	2936	2.366007
2918	2923	2.355531
2919	2936	2.366007
2920	2936	2.366007
2921	2936	2.366007
2922	2923	2.355531
2923	2927	2.358755
2924	2923	2.355531
2925	2923	2.355531
2926	2922	2.354725
2927	2923	2.355531
2928	2927	2.358755
2929	2923	2.355531
2930	2923	2.355531
2931	2922	2.354725
2932	2927	2.358755
2933	2936	2.366007
2934	2939	2.368425
2935	2927	2.358755
2936	2936	2.366007
2937	2936	2.366007
2938	2923	2.355531
2939	2936	2.366007
2940	2927	2.358755
2941	2923	2.355531
2942	2952	2.378901
2943	2931	2.361978
2944	2939	2.368425
2945	2922	2.354725
2946	2923	2.355531
2947	2923	2.355531
2948	2939	2.368425
2949	2923	2.355531
2950	2939	2.368425
2951	2927	2.358755
2952	2923	2.355531
2953	2927	2.358755
2954	2943	2.371648
2955	2939	2.368425
2956	2938	2.367619
2957	2939	2.368425
2958	2927	2.358755
2959	2939	2.368425
2960	2939	2.368425
2961	2938	2.367619
2962	2939	2.368425
2963	2927	2.358755
2964	2938	2.367619
2965	2938	2.367619
2966	2939	2.368425
2967	2938	2.367619
2968	2936	2.366007
2969	2939	2.368425
2970	2947	2.374872
2971	2952	2.378901
2972	2939	2.368425
2973	2943	2.371648
2974	2939	2.368425
2975	2939	2.368425
2976	2939	2.368425
2977	2936	2.366007
2978	2943	2.371648
2979	2927	2.358755
2980	2939	2.368425
2981	2939	2.368425
2982	2938	2.367619
2983	2939	2.368425
2984	2938	2.367619
2985	2939	2.368425
2986	2939	2.368425
2987	2939	2.368425
2988	2955	2.381319
2989	2939	2.368425
2990	2939	2.368425
2991	2939	2.368425
2992	2943	2.371648
2993	2939	2.368425
2994	2943	2.371648
2995	2943	2.371648
2996	2939	2.368425
2997	2939	2.368425
2998	2947	2.374872
2999	2939	2.368425
3000	2954	2.380513
3001	2943	2.371648
3002	2923	2.355531
3003	2936	2.366007
3004	2939	2.368425
3005	2939	2.368425
3006	2939	2.368425
3007	2952	2.378901
3008	2927	2.358755
3009	2927	2.358755
3010	2954	2.380513
3011	2939	2.368425
3012	2939	2.368425
3013	2938	2.367619
3014	2952	2.378901
3015	2939	2.368425
3016	2947	2.374872
3017	2939	2.368425
3018	2954	2.380513
3019	2939	2.368425
3020	2939	2.368425
3021	2939	2.368425
3022	2938	2.367619
3023	2938	2.367619
3024	2939	2.368425
3025	2955	2.381319
3026	2947	2.374872
3027	2955	2.381319
3028	2943	2.371648
3029	2947	2.374872
3030	2954	2.380513
3031	2943	2.371648
3032	2939	2.368425
3033	2955	2.381319
3034	2943	2.371648
3035	2939	2.368425
3036	2939	2.368425
3037	2952	2.378901
3038	2952	2.378901
3039	2943	2.371648
3040	2947	2.374872
3041	2943	2.371648
3042	2955	2.381319
3043	2955	2.381319
3044	2947	2.374872
3045	2947	2.374872
3046	2952	2.378901
3047	2943	2.371648
3048	2939	2.368425
3049	2947	2.374872
3050	2947	2.374872
3051	2939	2.368425
3052	2955	2.381319
3053	2939	2.368425
3054	2943	2.371648
3055	2939	2.368425
3056	2939	2.368425
3057	2954	2.380513
3058	2939	2.368425
3059	2943	2.371648
3060	2943	2.371648
3061	2955	2.381319
3062	2943	2.371648
3063	2955	2.381319
3064	2963	2.387766
3065	2947	2.374872
3066	2938	2.367619
3067	2955	2.381319
3068	2952	2.378901
3069	2952	2.378901
3070	2943	2.371648
3071	2955	2.381319
3072	2943	2.371648
3073	2939	2.368425
3074	2955	2.381319
3075	2952	2.378901
3076	2952	2.378901
3077	2939	2.368425
3078	2952	2.378901
3079	2943	2.371648
3080	2955	2.381319
3081	2954	2.380513
3082	2952	2.378901
3083	2955	2.381319
3084	2954	2.380513
3085	2954	2.380513
3086	2952	2.378901
3087	2955	2.381319
3088	2939	2.368425
3089	2955	2.381319
3090	2954	2.380513
3091	2952	2.378901
3092	2954	2.380513
3093	2954	2.380513
3094	2954	2.380513
3095	2954	2.380513
3096	2959	2.384542
3097	2954	2.380513
3098	2959	2.384542
3099	2947	2.374872
3100	2955	2.381319
3101	2959	2.384542
3102	2959	2.384542
3103	2952	2.378901
3104	2938	2.367619
3105	2955	2.381319
3106	2943	2.371648
3107	2954	2.380513
3108	2959	2.384542
3109	2955	2.381319
3110	2955	2.381319
3111	2955	2.381319
3112	2955	2.381319
3113	2939	2.368425
3114	2959	2.384542
3115	2952	2.378901
3116	2955	2.381319
3117	2947	2.374872
3118	2955	2.381319
3119	2947	2.374872
3120	2955	2.381319
3121	2959	2.384542
3122	2955	2.381319
3123	2955	2.381319
3124	2952	2.378901
3125	2954	2.380513
3126	2959	2.384542
3127	2952	2.378901
3128	2959	2.384542
3129	2954	2.380513
3130	2954	2.380513
3131	2955	2.381319
3132	2954	2.380513
3133	2955	2.381319
3134	2954	2.380513
3135	2955	2.381319
3136	2955	2.381319
3137	2959	2.384542
3138	2976	2.398242
3139	2955	2.381319
3140	2939	2.368425
3141	2954	2.380513
3142	2955	2.381319
3143	2968	2.391795
3144	2954	2.380513
3145	2947	2.374872
3146	2954	2.380513
3147	2954	2.380513
3148	2976	2.398242
3149	2959	2.384542
3150	2955	2.381319
3151	2954	2.380513
3152	2959	2.384542
3153	2954	2.380513
3154	2954	2.380513
3155	2955	2.381319
3156	2955	2.381319
3157	2955	2.381319
3158	2970	2.393407
3159	2959	2.384542
3160	2955	2.381319
3161	2954	2.380513
3162	2955	2.381319
3163	2968	2.391795
3164	2954	2.380513
3165	2959	2.384542
3166	2955	2.381319
3167	2955	2.381319
3168	2954	2.380513
3169	2955	2.381319
3170	2959	2.384542
3171	2959	2.384542
3172	2955	2.381319
3173	2959	2.384542
3174	2959	2.384542
3175	2955	2.381319
3176	2955	2.381319
3177	2959	2.384542
3178	2954	2.380513
3179	2959	2.384542
3180	2955	2.381319
3181	2952	2.378901
3182	2954	2.380513
3183	2947	2.374872
3184	2955	2.381319
3185	2955	2.381319
3186	2955	2.381319
3187	2954	2.380513
3188	2955	2.381319
3189	2954	2.380513
3190	2954	2.380513
3191	2968	2.391795
3192	2955	2.381319
3193	2955	2.381319
3194	2955	2.381319
3195	2955	2.381319
3196	2968	2.391795
3197	2968	2.391795
3198	2959	2.384542
3199	2955	2.381319
3200	2955	2.381319
3201	2976	2.398242
3202	2955	2.381319
3203	2955	2.381319
3204	2968	2.391795
3205	2955	2.381319
3206	2955	2.381319
3207	2955	2.381319
3208	2968	2.391795
3209	2954	2.380513
3210	2955	2.381319
3211	2976	2.398242
3212	2976	2.398242
3213	2968	2.391795
3214	2959	2.384542
3215	2959	2.384542
3216	2955	2.381319
3217	2976	2.398242
3218	2955	2.381319
3219	2959	2.384542
3220	2955	2.381319
3221	2968	2.391795
3222	2954	2.380513
3223	2976	2.398242
3224	2959	2.384542
3225	2959	2.384542
3226	2963	2.387766
3227	2955	2.381319
3228	2968	2.391795
3229	2963	2.387766
3230	2959	2.384542
3231	2959	2.384542
3232	2955	2.381319
3233	2952	2.378901
3234	2970	2.393407
3235	2963	2.387766
3236	2976	2.398242
3237	2955	2.381319
3238	2959	2.384542
3239	2955	2.381319
3240	2963	2.387766
3241	2959	2.384542
3242	2959	2.384542
3243	2959	2.384542
3244	2959	2.384542
3245	2963	2.387766
3246	2970	2.393407
3247	2970	2.393407
3248	2968	2.391795
3249	2954	2.380513
3250	2959	2.384542
3251	2976	2.398242
3252	2968	2.391795
3253	2959	2.384542
3254	2959	2.384542
3255	2968	2.391795
3256	2968	2.391795
3257	2955	2.381319
3258	2976	2.398242
3259	2968	2.391795
3260	2955	2.381319
3261	2955	2.381319
3262	2968	2.391795
3263	2968	2.391795
3264	2955	2.381319
3265	2955	2.381319
3266	2970	2.393407
3267	2968	2.391795
3268	2970	2.393407
3269	2968	2.391795
3270	2955	2.381319
3271	2978	2.399853
3272	2955	2.381319
3273	2968	2.391795
3274	2963	2.387766
3275	2976	2.398242
3276	2968	2.391795
3277	2976	2.398242
3278	2976	2.398242
3279	2976	2.398242
3280	2955	2.381319
3281	2976	2.398242
3282	2968	2.391795
3283	2970	2.393407
3284	2976	2.398242
3285	2959	2.384542
3286	2968	2.391795
3287	2968	2.391795
3288	2976	2.398242
3289	2968	2.391795
3290	2976	2.398242
3291	2959	2.384542
3292	2976	2.398242
3293	2970	2.393407
3294	2976	2.398242
3295	2976	2.398242
3296	2976	2.398242
3297	2978	2.399853
3298	2959	2.384542
3299	2984	2.404689
3300	2963	2.387766
3301	2976	2.398242
3302	2968	2.391795
3303	2978	2.399853
3304	2976	2.398242
3305	2976	2.398242
3306	2978	2.399853
3307	2963	2.387766
3308	2976	2.398242
3309	2959	2.384542
3310	2968	2.391795
3311	2976	2.398242
3312	2955	2.381319
3313	2968	2.391795
3314	2963	2.387766
3315	2976	2.398242
3316	2955	2.381319
3317	2968	2.391795
3318	2976	2.398242
3319	2978	2.399853
3320	2955	2.381319
3321	2976	2.398242
3322	2959	2.384542
3323	2968	2.391795
3324	2976	2.398242
3325	2968	2.391795
3326	2976	2.398242
3327	2970	2.393407
3328	2976	2.398242
3329	2963	2.387766
3330	2968	2.391795
3331	2976	2.398242
3332	2959	2.384542
3333	2978	2.399853
3334	2976	2.398242
3335	2976	2.398242
3336	2970	2.393407
3337	2976	2.398242
3338	2976	2.398242
3339	2978	2.399853
3340	2976	2.398242
3341	2968	2.391795
3342	2976	2.398242
3343	2978	2.399853
3344	2976	2.398242
3345	2955	2.381319
3346	2976	2.398242
3347	2976	2.398242
3348	2959	2.384542
3349	2955	2.381319
3350	2959	2.384542
3351	2976	2.398242
3352	2976	2.398242
3353	2976	2.398242
3354	2978	2.399853
3355	2959	2.384542
3356	2976	2.398242
3357	2984	2.404689
3358	2955	2.381319
3359	2976	2.398242
3360	2976	2.398242
3361	2959	2.384542
3362	2976	2.398242
3363	2976	2.398242
3364	2970	2.393407
3365	2978	2.399853
3366	2970	2.393407
3367	2976	2.398242
3368	2979	2.400659
3369	2976	2.398242
3370	2978	2.399853
3371	2968	2.391795
3372	2978	2.399853
3373	2976	2.398242
3374	2976	2.398242
3375	2968	2.391795
3376	2976	2.398242
3377	2959	2.384542
3378	2970	2.393407
3379	2968	2.391795
3380	2968	2.391795
3381	2976	2.398242
3382	2978	2.399853
3383	2968	2.391795
3384	2976	2.398242
3385	2976	2.398242
3386	2959	2.384542
3387	2968	2.391795
3388	2968	2.391795
3389	2976	2.398242
3390	2968	2.391795
3391	2968	2.391795
3392	2976	2.398242
3393	2959	2.384542
3394	2976	2.398242
3395	2968	2.391795
3396	2976	2.398242
3397	2976	2.398242
3398	2968	2.391795
3399	2976	2.398242
3400	2976	2.398242
3401	2970	2.393407
3402	2976	2.398242
3403	2976	2.398242
3404	2976	2.398242
3405	2968	2.391795
3406	2976	2.398242
3407	2968	2.391795
3408	2978	2.399853
3409	2968	2.391795
3410	2978	2.399853
3411	2976	2.398242
3412	2976	2.398242
3413	2968	2.391795
3414	2968	2.391795
3415	2968	2.391795
3416	2955	2.381319
3417	2959	2.384542
3418	2970	2.393407
3419	2976	2.398242
3420	2955	2.381319
3421	2976	2.398242
3422	2976	2.398242
3423	2976	2.398242
3424	2976	2.398242
3425	2976	2.398242
3426	2955	2.381319
3427	2976	2.398242
3428	2959	2.384542
3429	2955	2.381319
3430	2955	2.381319
3431	2959	2.384542
3432	2976	2.398242
3433	2959	2.384542
3434	2976	2.398242
3435	2955	2.381319
3436	2959	2.384542
3437	2959	2.384542
3438	2976	2.398242
3439	2955	2.381319
3440	2968	2.391795
3441	2959	2.384542
3442	2955	2.381319
3443	2955	2.381319
3444	2968	2.391795
3445	2968	2.391795
3446	2955	2.381319
3447	2959	2.384542
3448	2970	2.393407
3449	2955	2.381319
3450	2968	2.391795
3451	2955	2.381319
3452	2976	2.398242
3453	2955	2.381319
3454	2976	2.398242
3455	2968	2.391795
3456	2968	2.391795
3457	2976	2.398242
3458	2959	2.384542
3459	2976	2.398242
3460	2976	2.398242
3461	2970	2.393407
3462	2976	2.398242
3463	2976	2.398242
3464	2976	2.398242
3465	2955	2.381319
3466	2968	2.391795
3467	2976	2.398242
3468	2978	2.399853
3469	2955	2.381319
3470	2976	2.398242
3471	2976	2.398242
3472	2959	2.384542
3473	2959	2.384542
3474	2968	2.391795
3475	2955	2.381319
3476	2968	2.391795
3477	2968	2.391795
3478	2968	2.391795
3479	2959	2.384542
3480	2959	2.384542
3481	2959	2.384542
3482	2955	2.381319
3483	2963	2.387766
3484	2959	2.384542
3485	2959	2.384542
3486	2955	2.381319
3487	2959	2.384542
3488	2959	2.384542
3489	2959	2.384542
3490	2976	2.398242
3491	2976	2.398242
3492	2959	2.384542
3493	2955	2.381319
3494	2959	2.384542
3495	2970	2.393407
3496	2955	2.381319
3497	2959	2.384542
3498	2970	2.393407
3499	2968	2.391795
3500	2959	2.384542
3501	2954	2.380513
3502	2955	2.381319
3503	2955	2.381319
3504	2955	2.381319
3505	2955	2.381319
3506	2959	2.384542
3507	2968	2.391795
3508	2955	2.381319
3509	2955	2.381319
3510	2959	2.384542
3511	2952	2.378901
3512	2954	2.380513
3513	2955	2.381319
3514	2954	2.380513
3515	2954	2.380513
3516	2947	2.374872
3517	2954	2.380513
3518	2955	2.381319
3519	2955	2.381319
3520	2955	2.381319
3521	2952	2.378901
3522	2954	2.380513
3523	2955	2.381319
3524	2955	2.381319
3525	2955	2.381319
3526	2943	2.371648
3527	2955	2.381319
3528	2955	2.381319
3529	2943	2.371648
3530	2952	2.378901
3531	2955	2.381319
3532	2952	2.378901
3533	2939	2.368425
3534	2947	2.374872
3535	2955	2.381319
3536	2955	2.381319
3537	2952	2.378901
3538	2947	2.374872
3539	2955	2.381319
3540	2943	2.371648
3541	2952	2.378901
3542	2954	2.380513
3543	2955	2.381319
3544	2954	2.380513
3545	2954	2.380513
3546	2943	2.371648
3547	2939	2.368425
3548	2938	2.367619
3549	2943	2.371648
3550	2955	2.381319
3551	2954	2.380513
3552	2952	2.378901
3553	2954	2.380513
3554	2954	2.380513
3555	2954	2.380513
3556	2939	2.368425
3557	2955	2.381319
3558	2939	2.368425
3559	2952	2.378901
3560	2952	2.378901
3561	2938	2.367619
3562	2938	2.367619
3563	2938	2.367619
3564	2952	2.378901
3565	2947	2.374872
3566	2943	2.371648
3567	2936	2.366007
3568	2954	2.380513
3569	2939	2.368425
3570	2939	2.368425
3571	2938	2.367619
3572	2938	2.367619
3573	2939	2.368425
3574	2939	2.368425
3575	2939	2.368425
3576	2939	2.368425
3577	2939	2.368425
3578	2939	2.368425
3579	2939	2.368425
3580	2954	2.380513
3581	2927	2.358755
3582	2943	2.371648
3583	2923	2.355531
3584	2936	2.366007
3585	2939	2.368425
3586	2939	2.368425
3587	2923	2.355531
3588	2936	2.366007
3589	2931	2.361978
3590	2939	2.368425
3591	2936	2.366007
3592	2936	2.366007
3593	2923	2.355531
3594	2938	2.367619
3595	2927	2.358755
3596	2923	2.355531
3597	2939	2.368425
3598	2923	2.355531
3599	2936	2.366007
3600	2927	2.358755
3601	2923	2.355531
3602	2927	2.358755
3603	2923	2.355531
3604	2923	2.355531
3605	2927	2.358755
3606	2923	2.355531
3607	2923	2.355531
3608	2915	2.349084
3609	2923	2.355531
3610	2938	2.367619
3611	2923	2.355531
3612	2923	2.355531
3613	2922	2.354725
3614	2923	2.355531
3615	2923	2.355531
3616	2927	2.358755
3617	2923	2.355531
3618	2936	2.366007
3619	2938	2.367619
3620	2927	2.358755
3621	2914	2.348278
3622	2927	2.358755
3623	2922	2.354725
3624	2927	2.358755
3625	2923	2.355531
3626	2931	2.361978
3627	2923	2.355531
3628	2923	2.355531
3629	2922	2.354725
3630	2923	2.355531
3631	2922	2.354725
3632	2923	2.355531
3633	2923	2.355531
3634	2923	2.355531
3635	2922	2.354725
3636	2922	2.354725
3637	2920	2.353114
3638	2912	2.346667
3639	2914	2.348278
3640	2923	2.355531
3641	2923	2.355531
3642	2922	2.354725
3643	2923	2.355531
3644	2927	2.358755
3645	2912	2.346667
3646	2914	2.348278
3647	2922	2.354725
