Pixel	ADC	VoltageV
1	3930	3.167033
2	3930	3.167033
3	3930	3.167033
4	3928	3.165421
5	3928	3.165421
6	3928	3.165421
7	3928	3.165421
8	3928	3.165421
9	3928	3.165421
10	3928	3.165421
11	3928	3.165421
12	3928	3.165421
13	3928	3.165421
14	3928	3.165421
15	3928	3.165421
16	3920	3.158974
17	3194	2.573919
18	2602	2.096850
19	2618	2.109744
20	2634	2.122637
21	2632	2.121026
22	2648	2.133919
23	2618	2.109744
24	2632	2.121026
25	2632	2.121026
26	2632	2.121026
27	2618	2.109744
28	2634	2.122637
29	2634	2.122637
30	2634	2.122637
31	2632	2.121026
32	2640	2.127473
33	2634	2.122637
34	2618	2.109744
35	2634	2.122637
36	2634	2.122637
37	2650	2.135531
38	2632	2.121026
39	2640	2.127473
40	2650	2.135531
41	2632	2.121026
42	2634	2.122637
43	2640	2.127473
44	2632	2.121026
45	2632	2.121026
46	2618	2.109744
47	2632	2.121026
48	2632	2.121026
49	2632	2.121026
50	2648	2.133919
51	2634	2.122637
52	2634	2.122637
53	2634	2.122637
54	2640	2.127473
55	2640	2.127473
56	2632	2.121026
57	2648	2.133919
58	2634	2.122637
59	2640	2.127473
60	2634	2.122637
61	2648	2.133919
62	2642	2.129084
63	2634	2.122637
64	2650	2.135531
65	2648	2.133919
66	2634	2.122637
67	2640	2.127473
68	2650	2.135531
69	2648	2.133919
70	2648	2.133919
71	2642	2.129084
72	2640	2.127473
73	2634	2.122637
74	2634	2.122637
75	2648	2.133919
76	2634	2.122637
77	2619	2.110549
78	2634	2.122637
79	2640	2.127473
80	2632	2.121026
81	2632	2.121026
82	2642	2.129084
83	2642	2.129084
84	2618	2.109744
85	2640	2.127473
86	2648	2.133919
87	2632	2.121026
88	2632	2.121026
89	2634	2.122637
90	2634	2.122637
91	2626	2.116190
92	2634	2.122637
93	2616	2.108132
94	2626	2.116190
95	2632	2.121026
96	2618	2.109744
97	2618	2.109744
98	2634	2.122637
99	2642	2.129084
100	2634	2.122637
101	2634	2.122637
102	2648	2.133919
103	2648	2.133919
104	2640	2.127473
105	2648	2.133919
106	2648	2.133919
107	2650	2.135531
108	2640	2.127473
109	2650	2.135531
110	2634	2.122637
111	2640	2.127473
112	2642	2.129084
113	2650	2.135531
114	2632	2.121026
115	2640	2.127473
116	2632	2.121026
117	2642	2.129084
118	2648	2.133919
119	2634	2.122637
120	2634	2.122637
121	2650	2.135531
122	2650	2.135531
123	2648	2.133919
124	2648	2.133919
125	2640	2.127473
126	2642	2.129084
127	2634	2.122637
128	2632	2.121026
129	2632	2.121026
130	2632	2.121026
131	2634	2.122637
132	2642	2.129084
133	2648	2.133919
134	2632	2.121026
135	2634	2.122637
136	2634	2.122637
137	2632	2.121026
138	2634	2.122637
139	2648	2.133919
140	2632	2.121026
141	2648	2.133919
142	2650	2.135531
143	2640	2.127473
144	2650	2.135531
145	2648	2.133919
146	2648	2.133919
147	2634	2.122637
148	2640	2.127473
149	2648	2.133919
150	2640	2.127473
151	2640	2.127473
152	2648	2.133919
153	2632	2.121026
154	2648	2.133919
155	2648	2.133919
156	2640	2.127473
157	2640	2.127473
158	2648	2.133919
159	2648	2.133919
160	2634	2.122637
161	2634	2.122637
162	2632	2.121026
163	2632	2.121026
164	2648	2.133919
165	2634	2.122637
166	2648	2.133919
167	2648	2.133919
168	2632	2.121026
169	2650	2.135531
170	2640	2.127473
171	2651	2.136337
172	2650	2.135531
173	2648	2.133919
174	2650	2.135531
175	2648	2.133919
176	2648	2.133919
177	2650	2.135531
178	2640	2.127473
179	2648	2.133919
180	2648	2.133919
181	2648	2.133919
182	2634	2.122637
183	2648	2.133919
184	2648	2.133919
185	2648	2.133919
186	2640	2.127473
187	2640	2.127473
188	2648	2.133919
189	2654	2.138755
190	2650	2.135531
191	2648	2.133919
192	2650	2.135531
193	2634	2.122637
194	2648	2.133919
195	2634	2.122637
196	2648	2.133919
197	2650	2.135531
198	2632	2.121026
199	2648	2.133919
200	2648	2.133919
201	2648	2.133919
202	2634	2.122637
203	2648	2.133919
204	2642	2.129084
205	2648	2.133919
206	2648	2.133919
207	2648	2.133919
208	2640	2.127473
209	2654	2.138755
210	2648	2.133919
211	2648	2.133919
212	2634	2.122637
213	2650	2.135531
214	2650	2.135531
215	2632	2.121026
216	2634	2.122637
217	2648	2.133919
218	2648	2.133919
219	2640	2.127473
220	2648	2.133919
221	2648	2.133919
222	2642	2.129084
223	2650	2.135531
224	2648	2.133919
225	2640	2.127473
226	2642	2.129084
227	2632	2.121026
228	2642	2.129084
229	2632	2.121026
230	2648	2.133919
231	2648	2.133919
232	2648	2.133919
233	2648	2.133919
234	2648	2.133919
235	2648	2.133919
236	2648	2.133919
237	2648	2.133919
238	2648	2.133919
239	2648	2.133919
240	2650	2.135531
241	2632	2.121026
242	2632	2.121026
243	2650	2.135531
244	2648	2.133919
245	2640	2.127473
246	2618	2.109744
247	2648	2.133919
248	2648	2.133919
249	2648	2.133919
250	2632	2.121026
251	2634	2.122637
252	2650	2.135531
253	2640	2.127473
254	2642	2.129084
255	2648	2.133919
256	2640	2.127473
257	2640	2.127473
258	2650	2.135531
259	2648	2.133919
260	2648	2.133919
261	2648	2.133919
262	2650	2.135531
263	2648	2.133919
264	2648	2.133919
265	2648	2.133919
266	2632	2.121026
267	2648	2.133919
268	2642	2.129084
269	2648	2.133919
270	2648	2.133919
271	2648	2.133919
272	2648	2.133919
273	2648	2.133919
274	2640	2.127473
275	2648	2.133919
276	2634	2.122637
277	2648	2.133919
278	2650	2.135531
279	2648	2.133919
280	2648	2.133919
281	2650	2.135531
282	2651	2.136337
283	2650	2.135531
284	2634	2.122637
285	2632	2.121026
286	2634	2.122637
287	2650	2.135531
288	2650	2.135531
289	2632	2.121026
290	2650	2.135531
291	2632	2.121026
292	2650	2.135531
293	2634	2.122637
294	2650	2.135531
295	2648	2.133919
296	2650	2.135531
297	2648	2.133919
298	2648	2.133919
299	2648	2.133919
300	2642	2.129084
301	2648	2.133919
302	2650	2.135531
303	2648	2.133919
304	2642	2.129084
305	2664	2.146813
306	2664	2.146813
307	2650	2.135531
308	2648	2.133919
309	2650	2.135531
310	2651	2.136337
311	2648	2.133919
312	2648	2.133919
313	2664	2.146813
314	2650	2.135531
315	2648	2.133919
316	2664	2.146813
317	2648	2.133919
318	2648	2.133919
319	2650	2.135531
320	2648	2.133919
321	2650	2.135531
322	2642	2.129084
323	2650	2.135531
324	2650	2.135531
325	2664	2.146813
326	2648	2.133919
327	2648	2.133919
328	2648	2.133919
329	2640	2.127473
330	2640	2.127473
331	2634	2.122637
332	2650	2.135531
333	2664	2.146813
334	2650	2.135531
335	2664	2.146813
336	2650	2.135531
337	2650	2.135531
338	2650	2.135531
339	2650	2.135531
340	2650	2.135531
341	2648	2.133919
342	2664	2.146813
343	2664	2.146813
344	2650	2.135531
345	2651	2.136337
346	2650	2.135531
347	2648	2.133919
348	2650	2.135531
349	2664	2.146813
350	2664	2.146813
351	2650	2.135531
352	2650	2.135531
353	2650	2.135531
354	2666	2.148425
355	2648	2.133919
356	2650	2.135531
357	2640	2.127473
358	2664	2.146813
359	2664	2.146813
360	2648	2.133919
361	2648	2.133919
362	2650	2.135531
363	2650	2.135531
364	2648	2.133919
365	2654	2.138755
366	2650	2.135531
367	2664	2.146813
368	2666	2.148425
369	2648	2.133919
370	2654	2.138755
371	2648	2.133919
372	2650	2.135531
373	2651	2.136337
374	2664	2.146813
375	2650	2.135531
376	2650	2.135531
377	2648	2.133919
378	2650	2.135531
379	2664	2.146813
380	2664	2.146813
381	2650	2.135531
382	2648	2.133919
383	2650	2.135531
384	2664	2.146813
385	2664	2.146813
386	2650	2.135531
387	2648	2.133919
388	2664	2.146813
389	2650	2.135531
390	2650	2.135531
391	2650	2.135531
392	2664	2.146813
393	2664	2.146813
394	2654	2.138755
395	2648	2.133919
396	2654	2.138755
397	2648	2.133919
398	2654	2.138755
399	2666	2.148425
400	2650	2.135531
401	2664	2.146813
402	2664	2.146813
403	2650	2.135531
404	2664	2.146813
405	2664	2.146813
406	2651	2.136337
407	2664	2.146813
408	2680	2.159707
409	2650	2.135531
410	2648	2.133919
411	2650	2.135531
412	2648	2.133919
413	2651	2.136337
414	2664	2.146813
415	2650	2.135531
416	2648	2.133919
417	2650	2.135531
418	2654	2.138755
419	2664	2.146813
420	2651	2.136337
421	2650	2.135531
422	2648	2.133919
423	2648	2.133919
424	2664	2.146813
425	2650	2.135531
426	2664	2.146813
427	2650	2.135531
428	2650	2.135531
429	2650	2.135531
430	2650	2.135531
431	2650	2.135531
432	2654	2.138755
433	2650	2.135531
434	2664	2.146813
435	2664	2.146813
436	2650	2.135531
437	2651	2.136337
438	2650	2.135531
439	2650	2.135531
440	2664	2.146813
441	2648	2.133919
442	2664	2.146813
443	2650	2.135531
444	2654	2.138755
445	2650	2.135531
446	2650	2.135531
447	2666	2.148425
448	2648	2.133919
449	2650	2.135531
450	2650	2.135531
451	2650	2.135531
452	2650	2.135531
453	2650	2.135531
454	2664	2.146813
455	2664	2.146813
456	2651	2.136337
457	2651	2.136337
458	2664	2.146813
459	2650	2.135531
460	2664	2.146813
461	2666	2.148425
462	2650	2.135531
463	2666	2.148425
464	2664	2.146813
465	2650	2.135531
466	2654	2.138755
467	2666	2.148425
468	2672	2.153260
469	2664	2.146813
470	2664	2.146813
471	2664	2.146813
472	2666	2.148425
473	2664	2.146813
474	2666	2.148425
475	2666	2.148425
476	2666	2.148425
477	2664	2.146813
478	2664	2.146813
479	2672	2.153260
480	2654	2.138755
481	2674	2.154872
482	2674	2.154872
483	2664	2.146813
484	2666	2.148425
485	2680	2.159707
486	2664	2.146813
487	2664	2.146813
488	2672	2.153260
489	2654	2.138755
490	2666	2.148425
491	2650	2.135531
492	2654	2.138755
493	2664	2.146813
494	2664	2.146813
495	2650	2.135531
496	2666	2.148425
497	2651	2.136337
498	2648	2.133919
499	2650	2.135531
500	2664	2.146813
501	2664	2.146813
502	2666	2.148425
503	2664	2.146813
504	2666	2.148425
505	2664	2.146813
506	2654	2.138755
507	2664	2.146813
508	2664	2.146813
509	2650	2.135531
510	2664	2.146813
511	2664	2.146813
512	2664	2.146813
513	2654	2.138755
514	2650	2.135531
515	2651	2.136337
516	2650	2.135531
517	2650	2.135531
518	2650	2.135531
519	2648	2.133919
520	2664	2.146813
521	2664	2.146813
522	2664	2.146813
523	2666	2.148425
524	2680	2.159707
525	2664	2.146813
526	2666	2.148425
527	2680	2.159707
528	2666	2.148425
529	2648	2.133919
530	2650	2.135531
531	2664	2.146813
532	2666	2.148425
533	2650	2.135531
534	2666	2.148425
535	2680	2.159707
536	2664	2.146813
537	2666	2.148425
538	2648	2.133919
539	2666	2.148425
540	2672	2.153260
541	2654	2.138755
542	2664	2.146813
543	2664	2.146813
544	2651	2.136337
545	2664	2.146813
546	2682	2.161319
547	2674	2.154872
548	2690	2.167766
549	2674	2.154872
550	2682	2.161319
551	2666	2.148425
552	2666	2.148425
553	2672	2.153260
554	2666	2.148425
555	2664	2.146813
556	2682	2.161319
557	2664	2.146813
558	2664	2.146813
559	2658	2.141978
560	2672	2.153260
561	2680	2.159707
562	2680	2.159707
563	2664	2.146813
564	2664	2.146813
565	2680	2.159707
566	2672	2.153260
567	2666	2.148425
568	2654	2.138755
569	2672	2.153260
570	2650	2.135531
571	2634	2.122637
572	2664	2.146813
573	2664	2.146813
574	2664	2.146813
575	2666	2.148425
576	2666	2.148425
577	2672	2.153260
578	2650	2.135531
579	2650	2.135531
580	2664	2.146813
581	2672	2.153260
582	2666	2.148425
583	2664	2.146813
584	2680	2.159707
585	2664	2.146813
586	2666	2.148425
587	2664	2.146813
588	2680	2.159707
589	2664	2.146813
590	2650	2.135531
591	2654	2.138755
592	2664	2.146813
593	2680	2.159707
594	2666	2.148425
595	2664	2.146813
596	2680	2.159707
597	2664	2.146813
598	2672	2.153260
599	2666	2.148425
600	2664	2.146813
601	2680	2.159707
602	2672	2.153260
603	2650	2.135531
604	2666	2.148425
605	2664	2.146813
606	2664	2.146813
607	2650	2.135531
608	2664	2.146813
609	2672	2.153260
610	2654	2.138755
611	2664	2.146813
612	2654	2.138755
613	2672	2.153260
614	2650	2.135531
615	2680	2.159707
616	2650	2.135531
617	2664	2.146813
618	2654	2.138755
619	2680	2.159707
620	2666	2.148425
621	2666	2.148425
622	2664	2.146813
623	2666	2.148425
624	2664	2.146813
625	2664	2.146813
626	2664	2.146813
627	2680	2.159707
628	2664	2.146813
629	2672	2.153260
630	2680	2.159707
631	2672	2.153260
632	2664	2.146813
633	2672	2.153260
634	2666	2.148425
635	2666	2.148425
636	2672	2.153260
637	2682	2.161319
638	2666	2.148425
639	2672	2.153260
640	2666	2.148425
641	2664	2.146813
642	2672	2.153260
643	2666	2.148425
644	2666	2.148425
645	2680	2.159707
646	2666	2.148425
647	2672	2.153260
648	2664	2.146813
649	2664	2.146813
650	2666	2.148425
651	2674	2.154872
652	2654	2.138755
653	2650	2.135531
654	2654	2.138755
655	2650	2.135531
656	2664	2.146813
657	2650	2.135531
658	2674	2.154872
659	2666	2.148425
660	2672	2.153260
661	2682	2.161319
662	2666	2.148425
663	2666	2.148425
664	2680	2.159707
665	2666	2.148425
666	2680	2.159707
667	2680	2.159707
668	2680	2.159707
669	2666	2.148425
670	2682	2.161319
671	2680	2.159707
672	2680	2.159707
673	2664	2.146813
674	2666	2.148425
675	2666	2.148425
676	2666	2.148425
677	2672	2.153260
678	2664	2.146813
679	2664	2.146813
680	2664	2.146813
681	2664	2.146813
682	2672	2.153260
683	2666	2.148425
684	2672	2.153260
685	2680	2.159707
686	2672	2.153260
687	2666	2.148425
688	2680	2.159707
689	2664	2.146813
690	2682	2.161319
691	2666	2.148425
692	2666	2.148425
693	2666	2.148425
694	2666	2.148425
695	2674	2.154872
696	2666	2.148425
697	2680	2.159707
698	2672	2.153260
699	2680	2.159707
700	2680	2.159707
701	2664	2.146813
702	2680	2.159707
703	2682	2.161319
704	2680	2.159707
705	2682	2.161319
706	2672	2.153260
707	2696	2.172601
708	2680	2.159707
709	2682	2.161319
710	2674	2.154872
711	2666	2.148425
712	2680	2.159707
713	2680	2.159707
714	2680	2.159707
715	2674	2.154872
716	2672	2.153260
717	2664	2.146813
718	2680	2.159707
719	2680	2.159707
720	2666	2.148425
721	2680	2.159707
722	2666	2.148425
723	2666	2.148425
724	2680	2.159707
725	2666	2.148425
726	2682	2.161319
727	2664	2.146813
728	2664	2.146813
729	2666	2.148425
730	2664	2.146813
731	2680	2.159707
732	2680	2.159707
733	2680	2.159707
734	2672	2.153260
735	2680	2.159707
736	2664	2.146813
737	2696	2.172601
738	2682	2.161319
739	2680	2.159707
740	2672	2.153260
741	2680	2.159707
742	2680	2.159707
743	2696	2.172601
744	2672	2.153260
745	2682	2.161319
746	2696	2.172601
747	2666	2.148425
748	2672	2.153260
749	2686	2.164542
750	2680	2.159707
751	2666	2.148425
752	2680	2.159707
753	2680	2.159707
754	2666	2.148425
755	2674	2.154872
756	2682	2.161319
757	2672	2.153260
758	2680	2.159707
759	2680	2.159707
760	2680	2.159707
761	2666	2.148425
762	2696	2.172601
763	2682	2.161319
764	2680	2.159707
765	2680	2.159707
766	2680	2.159707
767	2680	2.159707
768	2680	2.159707
769	2680	2.159707
770	2680	2.159707
771	2696	2.172601
772	2682	2.161319
773	2682	2.161319
774	2682	2.161319
775	2683	2.162125
776	2682	2.161319
777	2696	2.172601
778	2674	2.154872
779	2682	2.161319
780	2698	2.174212
781	2682	2.161319
782	2682	2.161319
783	2682	2.161319
784	2696	2.172601
785	2682	2.161319
786	2686	2.164542
787	2696	2.172601
788	2704	2.179048
789	2686	2.164542
790	2696	2.172601
791	2696	2.172601
792	2682	2.161319
793	2682	2.161319
794	2672	2.153260
795	2696	2.172601
796	2682	2.161319
797	2682	2.161319
798	2682	2.161319
799	2683	2.162125
800	2696	2.172601
801	2680	2.159707
802	2696	2.172601
803	2683	2.162125
804	2682	2.161319
805	2682	2.161319
806	2682	2.161319
807	2698	2.174212
808	2683	2.162125
809	2696	2.172601
810	2696	2.172601
811	2696	2.172601
812	2704	2.179048
813	2696	2.172601
814	2714	2.187106
815	2712	2.185495
816	2712	2.185495
817	2698	2.174212
818	2698	2.174212
819	2712	2.185495
820	2696	2.172601
821	2704	2.179048
822	2698	2.174212
823	2696	2.172601
824	2698	2.174212
825	2712	2.185495
826	2714	2.187106
827	2704	2.179048
828	2712	2.185495
829	2696	2.172601
830	2712	2.185495
831	2712	2.185495
832	2704	2.179048
833	2704	2.179048
834	2696	2.172601
835	2696	2.172601
836	2714	2.187106
837	2698	2.174212
838	2704	2.179048
839	2696	2.172601
840	2698	2.174212
841	2696	2.172601
842	2696	2.172601
843	2706	2.180659
844	2712	2.185495
845	2712	2.185495
846	2712	2.185495
847	2698	2.174212
848	2714	2.187106
849	2712	2.185495
850	2712	2.185495
851	2704	2.179048
852	2712	2.185495
853	2704	2.179048
854	2712	2.185495
855	2712	2.185495
856	2712	2.185495
857	2706	2.180659
858	2712	2.185495
859	2712	2.185495
860	2712	2.185495
861	2712	2.185495
862	2712	2.185495
863	2712	2.185495
864	2714	2.187106
865	2712	2.185495
866	2728	2.198388
867	2728	2.198388
868	2714	2.187106
869	2718	2.190330
870	2736	2.204835
871	2728	2.198388
872	2718	2.190330
873	2728	2.198388
874	2728	2.198388
875	2736	2.204835
876	2714	2.187106
877	2714	2.187106
878	2714	2.187106
879	2714	2.187106
880	2714	2.187106
881	2714	2.187106
882	2714	2.187106
883	2714	2.187106
884	2718	2.190330
885	2728	2.198388
886	2714	2.187106
887	2714	2.187106
888	2712	2.185495
889	2718	2.190330
890	2718	2.190330
891	2714	2.187106
892	2712	2.185495
893	2712	2.185495
894	2714	2.187106
895	2714	2.187106
896	2706	2.180659
897	2712	2.185495
898	2712	2.185495
899	2712	2.185495
900	2714	2.187106
901	2715	2.187912
902	2712	2.185495
903	2712	2.185495
904	2704	2.179048
905	2712	2.185495
906	2714	2.187106
907	2712	2.185495
908	2704	2.179048
909	2718	2.190330
910	2712	2.185495
911	2714	2.187106
912	2712	2.185495
913	2714	2.187106
914	2712	2.185495
915	2714	2.187106
916	2714	2.187106
917	2714	2.187106
918	2718	2.190330
919	2728	2.198388
920	2728	2.198388
921	2714	2.187106
922	2714	2.187106
923	2712	2.185495
924	2712	2.185495
925	2714	2.187106
926	2714	2.187106
927	2715	2.187912
928	2712	2.185495
929	2712	2.185495
930	2714	2.187106
931	2712	2.185495
932	2715	2.187912
933	2712	2.185495
934	2714	2.187106
935	2712	2.185495
936	2718	2.190330
937	2715	2.187912
938	2714	2.187106
939	2712	2.185495
940	2698	2.174212
941	2714	2.187106
942	2714	2.187106
943	2728	2.198388
944	2718	2.190330
945	2712	2.185495
946	2712	2.185495
947	2728	2.198388
948	2728	2.198388
949	2714	2.187106
950	2712	2.185495
951	2714	2.187106
952	2728	2.198388
953	2714	2.187106
954	2728	2.198388
955	2714	2.187106
956	2730	2.200000
957	2728	2.198388
958	2718	2.190330
959	2714	2.187106
960	2728	2.198388
961	2714	2.187106
962	2714	2.187106
963	2718	2.190330
964	2728	2.198388
965	2714	2.187106
966	2714	2.187106
967	2728	2.198388
968	2718	2.190330
969	2728	2.198388
970	2714	2.187106
971	2728	2.198388
972	2736	2.204835
973	2736	2.204835
974	2738	2.206447
975	2728	2.198388
976	2730	2.200000
977	2715	2.187912
978	2730	2.200000
979	2728	2.198388
980	2730	2.200000
981	2728	2.198388
982	2714	2.187106
983	2714	2.187106
984	2728	2.198388
985	2714	2.187106
986	2714	2.187106
987	2728	2.198388
988	2718	2.190330
989	2728	2.198388
990	2728	2.198388
991	2714	2.187106
992	2730	2.200000
993	2730	2.200000
994	2744	2.211282
995	2744	2.211282
996	2744	2.211282
997	2744	2.211282
998	2744	2.211282
999	2744	2.211282
1000	2736	2.204835
1001	2744	2.211282
1002	2736	2.204835
1003	2744	2.211282
1004	2736	2.204835
1005	2746	2.212894
1006	2730	2.200000
1007	2744	2.211282
1008	2728	2.198388
1009	2744	2.211282
1010	2736	2.204835
1011	2744	2.211282
1012	2738	2.206447
1013	2744	2.211282
1014	2744	2.211282
1015	2744	2.211282
1016	2744	2.211282
1017	2728	2.198388
1018	2738	2.206447
1019	2736	2.204835
1020	2744	2.211282
1021	2744	2.211282
1022	2736	2.204835
1023	2728	2.198388
1024	2744	2.211282
1025	2736	2.204835
1026	2746	2.212894
1027	2744	2.211282
1028	2730	2.200000
1029	2736	2.204835
1030	2730	2.200000
1031	2730	2.200000
1032	2738	2.206447
1033	2738	2.206447
1034	2746	2.212894
1035	2744	2.211282
1036	2744	2.211282
1037	2744	2.211282
1038	2736	2.204835
1039	2744	2.211282
1040	2744	2.211282
1041	2738	2.206447
1042	2746	2.212894
1043	2744	2.211282
1044	2746	2.212894
1045	2730	2.200000
1046	2730	2.200000
1047	2736	2.204835
1048	2744	2.211282
1049	2736	2.204835
1050	2744	2.211282
1051	2744	2.211282
1052	2744	2.211282
1053	2738	2.206447
1054	2746	2.212894
1055	2744	2.211282
1056	2730	2.200000
1057	2744	2.211282
1058	2744	2.211282
1059	2736	2.204835
1060	2736	2.204835
1061	2746	2.212894
1062	2736	2.204835
1063	2744	2.211282
1064	2744	2.211282
1065	2746	2.212894
1066	2760	2.224176
1067	2760	2.224176
1068	2746	2.212894
1069	2744	2.211282
1070	2744	2.211282
1071	2744	2.211282
1072	2746	2.212894
1073	2744	2.211282
1074	2746	2.212894
1075	2744	2.211282
1076	2746	2.212894
1077	2752	2.217729
1078	2746	2.212894
1079	2744	2.211282
1080	2746	2.212894
1081	2736	2.204835
1082	2760	2.224176
1083	2752	2.217729
1084	2760	2.224176
1085	2760	2.224176
1086	2752	2.217729
1087	2760	2.224176
1088	2746	2.212894
1089	2762	2.225788
1090	2752	2.217729
1091	2752	2.217729
1092	2746	2.212894
1093	2760	2.224176
1094	2746	2.212894
1095	2760	2.224176
1096	2760	2.224176
1097	2760	2.224176
1098	2746	2.212894
1099	2760	2.224176
1100	2746	2.212894
1101	2746	2.212894
1102	2760	2.224176
1103	2744	2.211282
1104	2760	2.224176
1105	2746	2.212894
1106	2760	2.224176
1107	2752	2.217729
1108	2760	2.224176
1109	2768	2.230623
1110	2762	2.225788
1111	2768	2.230623
1112	2762	2.225788
1113	2768	2.230623
1114	2770	2.232234
1115	2768	2.230623
1116	2752	2.217729
1117	2760	2.224176
1118	2760	2.224176
1119	2744	2.211282
1120	2746	2.212894
1121	2760	2.224176
1122	2752	2.217729
1123	2760	2.224176
1124	2746	2.212894
1125	2754	2.219341
1126	2760	2.224176
1127	2762	2.225788
1128	2754	2.219341
1129	2760	2.224176
1130	2746	2.212894
1131	2760	2.224176
1132	2762	2.225788
1133	2760	2.224176
1134	2760	2.224176
1135	2762	2.225788
1136	2760	2.224176
1137	2760	2.224176
1138	2776	2.237070
1139	2752	2.217729
1140	2768	2.230623
1141	2762	2.225788
1142	2752	2.217729
1143	2762	2.225788
1144	2776	2.237070
1145	2762	2.225788
1146	2754	2.219341
1147	2762	2.225788
1148	2770	2.232234
1149	2762	2.225788
1150	2760	2.224176
1151	2762	2.225788
1152	2776	2.237070
1153	2768	2.230623
1154	2768	2.230623
1155	2762	2.225788
1156	2776	2.237070
1157	2768	2.230623
1158	2776	2.237070
1159	2760	2.224176
1160	2770	2.232234
1161	2776	2.237070
1162	2762	2.225788
1163	2760	2.224176
1164	2778	2.238681
1165	2762	2.225788
1166	2776	2.237070
1167	2762	2.225788
1168	2762	2.225788
1169	2762	2.225788
1170	2776	2.237070
1171	2762	2.225788
1172	2760	2.224176
1173	2760	2.224176
1174	2768	2.230623
1175	2762	2.225788
1176	2792	2.249963
1177	2778	2.238681
1178	2768	2.230623
1179	2768	2.230623
1180	2768	2.230623
1181	2776	2.237070
1182	2762	2.225788
1183	2778	2.238681
1184	2776	2.237070
1185	2760	2.224176
1186	2776	2.237070
1187	2782	2.241905
1188	2778	2.238681
1189	2776	2.237070
1190	2762	2.225788
1191	2768	2.230623
1192	2762	2.225788
1193	2776	2.237070
1194	2776	2.237070
1195	2776	2.237070
1196	2776	2.237070
1197	2760	2.224176
1198	2778	2.238681
1199	2778	2.238681
1200	2778	2.238681
1201	2776	2.237070
1202	2778	2.238681
1203	2776	2.237070
1204	2776	2.237070
1205	2792	2.249963
1206	2776	2.237070
1207	2778	2.238681
1208	2776	2.237070
1209	2776	2.237070
1210	2776	2.237070
1211	2776	2.237070
1212	2776	2.237070
1213	2776	2.237070
1214	2776	2.237070
1215	2776	2.237070
1216	2776	2.237070
1217	2778	2.238681
1218	2779	2.239487
1219	2776	2.237070
1220	2778	2.238681
1221	2778	2.238681
1222	2778	2.238681
1223	2778	2.238681
1224	2776	2.237070
1225	2782	2.241905
1226	2778	2.238681
1227	2792	2.249963
1228	2778	2.238681
1229	2779	2.239487
1230	2779	2.239487
1231	2778	2.238681
1232	2778	2.238681
1233	2778	2.238681
1234	2800	2.256410
1235	2792	2.249963
1236	2776	2.237070
1237	2794	2.251575
1238	2778	2.238681
1239	2782	2.241905
1240	2779	2.239487
1241	2800	2.256410
1242	2782	2.241905
1243	2794	2.251575
1244	2782	2.241905
1245	2792	2.249963
1246	2802	2.258022
1247	2792	2.249963
1248	2792	2.249963
1249	2792	2.249963
1250	2792	2.249963
1251	2782	2.241905
1252	2778	2.238681
1253	2778	2.238681
1254	2800	2.256410
1255	2782	2.241905
1256	2800	2.256410
1257	2778	2.238681
1258	2794	2.251575
1259	2778	2.238681
1260	2792	2.249963
1261	2792	2.249963
1262	2792	2.249963
1263	2792	2.249963
1264	2792	2.249963
1265	2792	2.249963
1266	2808	2.262857
1267	2794	2.251575
1268	2792	2.249963
1269	2792	2.249963
1270	2808	2.262857
1271	2792	2.249963
1272	2800	2.256410
1273	2794	2.251575
1274	2808	2.262857
1275	2792	2.249963
1276	2779	2.239487
1277	2794	2.251575
1278	2808	2.262857
1279	2794	2.251575
1280	2808	2.262857
1281	2800	2.256410
1282	2800	2.256410
1283	2792	2.249963
1284	2808	2.262857
1285	2800	2.256410
1286	2794	2.251575
1287	2794	2.251575
1288	2794	2.251575
1289	2800	2.256410
1290	2800	2.256410
1291	2792	2.249963
1292	2794	2.251575
1293	2808	2.262857
1294	2808	2.262857
1295	2808	2.262857
1296	2800	2.256410
1297	2800	2.256410
1298	2808	2.262857
1299	2808	2.262857
1300	2792	2.249963
1301	2808	2.262857
1302	2802	2.258022
1303	2808	2.262857
1304	2800	2.256410
1305	2800	2.256410
1306	2816	2.269304
1307	2800	2.256410
1308	2792	2.249963
1309	2800	2.256410
1310	2808	2.262857
1311	2782	2.241905
1312	2816	2.269304
1313	2816	2.269304
1314	2808	2.262857
1315	2808	2.262857
1316	2794	2.251575
1317	2808	2.262857
1318	2816	2.269304
1319	2816	2.269304
1320	2808	2.262857
1321	2816	2.269304
1322	2816	2.269304
1323	2808	2.262857
1324	2794	2.251575
1325	2816	2.269304
1326	2816	2.269304
1327	2800	2.256410
1328	2816	2.269304
1329	2816	2.269304
1330	2816	2.269304
1331	2816	2.269304
1332	2808	2.262857
1333	2808	2.262857
1334	2816	2.269304
1335	2816	2.269304
1336	2816	2.269304
1337	2818	2.270916
1338	2808	2.262857
1339	2816	2.269304
1340	2808	2.262857
1341	2816	2.269304
1342	2816	2.269304
1343	2808	2.262857
1344	2816	2.269304
1345	2800	2.256410
1346	2808	2.262857
1347	2818	2.270916
1348	2824	2.275751
1349	2816	2.269304
1350	2816	2.269304
1351	2808	2.262857
1352	2826	2.277363
1353	2808	2.262857
1354	2816	2.269304
1355	2816	2.269304
1356	2816	2.269304
1357	2808	2.262857
1358	2816	2.269304
1359	2824	2.275751
1360	2816	2.269304
1361	2816	2.269304
1362	2824	2.275751
1363	2816	2.269304
1364	2816	2.269304
1365	2816	2.269304
1366	2816	2.269304
1367	2818	2.270916
1368	2824	2.275751
1369	2816	2.269304
1370	2826	2.277363
1371	2826	2.277363
1372	2816	2.269304
1373	2824	2.275751
1374	2832	2.282198
1375	2816	2.269304
1376	2816	2.269304
1377	2832	2.282198
1378	2840	2.288645
1379	2826	2.277363
1380	2816	2.269304
1381	2826	2.277363
1382	2824	2.275751
1383	2826	2.277363
1384	2826	2.277363
1385	2808	2.262857
1386	2816	2.269304
1387	2824	2.275751
1388	2824	2.275751
1389	2818	2.270916
1390	2832	2.282198
1391	2826	2.277363
1392	2840	2.288645
1393	2824	2.275751
1394	2832	2.282198
1395	2826	2.277363
1396	2840	2.288645
1397	2824	2.275751
1398	2816	2.269304
1399	2824	2.275751
1400	2826	2.277363
1401	2832	2.282198
1402	2826	2.277363
1403	2826	2.277363
1404	2818	2.270916
1405	2832	2.282198
1406	2826	2.277363
1407	2832	2.282198
1408	2824	2.275751
1409	2832	2.282198
1410	2832	2.282198
1411	2840	2.288645
1412	2826	2.277363
1413	2816	2.269304
1414	2826	2.277363
1415	2824	2.275751
1416	2816	2.269304
1417	2824	2.275751
1418	2816	2.269304
1419	2826	2.277363
1420	2824	2.275751
1421	2824	2.275751
1422	2842	2.290256
1423	2840	2.288645
1424	2842	2.290256
1425	2824	2.275751
1426	2832	2.282198
1427	2826	2.277363
1428	2840	2.288645
1429	2824	2.275751
1430	2826	2.277363
1431	2832	2.282198
1432	2840	2.288645
1433	2832	2.282198
1434	2842	2.290256
1435	2826	2.277363
1436	2826	2.277363
1437	2832	2.282198
1438	2840	2.288645
1439	2826	2.277363
1440	2826	2.277363
1441	2824	2.275751
1442	2832	2.282198
1443	2816	2.269304
1444	2840	2.288645
1445	2824	2.275751
1446	2832	2.282198
1447	2832	2.282198
1448	2826	2.277363
1449	2824	2.275751
1450	2840	2.288645
1451	2832	2.282198
1452	2840	2.288645
1453	2840	2.288645
1454	2840	2.288645
1455	2832	2.282198
1456	2824	2.275751
1457	2840	2.288645
1458	2834	2.283810
1459	2832	2.282198
1460	2824	2.275751
1461	2826	2.277363
1462	2832	2.282198
1463	2832	2.282198
1464	2840	2.288645
1465	2840	2.288645
1466	2840	2.288645
1467	2840	2.288645
1468	2840	2.288645
1469	2826	2.277363
1470	2840	2.288645
1471	2840	2.288645
1472	2834	2.283810
1473	2826	2.277363
1474	2832	2.282198
1475	2840	2.288645
1476	2826	2.277363
1477	2826	2.277363
1478	2824	2.275751
1479	2816	2.269304
1480	2826	2.277363
1481	2824	2.275751
1482	2824	2.275751
1483	2824	2.275751
1484	2832	2.282198
1485	2826	2.277363
1486	2824	2.275751
1487	2826	2.277363
1488	2826	2.277363
1489	2826	2.277363
1490	2826	2.277363
1491	2840	2.288645
1492	2826	2.277363
1493	2824	2.275751
1494	2826	2.277363
1495	2826	2.277363
1496	2840	2.288645
1497	2826	2.277363
1498	2832	2.282198
1499	2842	2.290256
1500	2832	2.282198
1501	2840	2.288645
1502	2824	2.275751
1503	2832	2.282198
1504	2842	2.290256
1505	2856	2.301538
1506	2824	2.275751
1507	2832	2.282198
1508	2840	2.288645
1509	2826	2.277363
1510	2826	2.277363
1511	2826	2.277363
1512	2826	2.277363
1513	2826	2.277363
1514	2842	2.290256
1515	2840	2.288645
1516	2824	2.275751
1517	2840	2.288645
1518	2816	2.269304
1519	2826	2.277363
1520	2840	2.288645
1521	2832	2.282198
1522	2826	2.277363
1523	2832	2.282198
1524	2824	2.275751
1525	2834	2.283810
1526	2826	2.277363
1527	2826	2.277363
1528	2832	2.282198
1529	2824	2.275751
1530	2826	2.277363
1531	2840	2.288645
1532	2824	2.275751
1533	2826	2.277363
1534	2842	2.290256
1535	2826	2.277363
1536	2826	2.277363
1537	2824	2.275751
1538	2824	2.275751
1539	2832	2.282198
1540	2832	2.282198
1541	2824	2.275751
1542	2840	2.288645
1543	2840	2.288645
1544	2832	2.282198
1545	2826	2.277363
1546	2840	2.288645
1547	2826	2.277363
1548	2824	2.275751
1549	2824	2.275751
1550	2824	2.275751
1551	2824	2.275751
1552	2824	2.275751
1553	2826	2.277363
1554	2832	2.282198
1555	2824	2.275751
1556	2824	2.275751
1557	2816	2.269304
1558	2826	2.277363
1559	2840	2.288645
1560	2824	2.275751
1561	2824	2.275751
1562	2826	2.277363
1563	2816	2.269304
1564	2826	2.277363
1565	2826	2.277363
1566	2824	2.275751
1567	2816	2.269304
1568	2826	2.277363
1569	2824	2.275751
1570	2816	2.269304
1571	2824	2.275751
1572	2816	2.269304
1573	2816	2.269304
1574	2824	2.275751
1575	2816	2.269304
1576	2832	2.282198
1577	2816	2.269304
1578	2826	2.277363
1579	2824	2.275751
1580	2824	2.275751
1581	2824	2.275751
1582	2826	2.277363
1583	2824	2.275751
1584	2832	2.282198
1585	2824	2.275751
1586	2824	2.275751
1587	2824	2.275751
1588	2816	2.269304
1589	2824	2.275751
1590	2824	2.275751
1591	2824	2.275751
1592	2824	2.275751
1593	2816	2.269304
1594	2826	2.277363
1595	2816	2.269304
1596	2824	2.275751
1597	2824	2.275751
1598	2824	2.275751
1599	2826	2.277363
1600	2816	2.269304
1601	2816	2.269304
1602	2816	2.269304
1603	2824	2.275751
1604	2816	2.269304
1605	2824	2.275751
1606	2808	2.262857
1607	2824	2.275751
1608	2824	2.275751
1609	2824	2.275751
1610	2808	2.262857
1611	2816	2.269304
1612	2816	2.269304
1613	2816	2.269304
1614	2824	2.275751
1615	2808	2.262857
1616	2808	2.262857
1617	2816	2.269304
1618	2816	2.269304
1619	2800	2.256410
1620	2816	2.269304
1621	2816	2.269304
1622	2816	2.269304
1623	2808	2.262857
1624	2794	2.251575
1625	2816	2.269304
1626	2816	2.269304
1627	2800	2.256410
1628	2794	2.251575
1629	2808	2.262857
1630	2794	2.251575
1631	2816	2.269304
1632	2816	2.269304
1633	2808	2.262857
1634	2816	2.269304
1635	2816	2.269304
1636	2816	2.269304
1637	2808	2.262857
1638	2800	2.256410
1639	2808	2.262857
1640	2800	2.256410
1641	2792	2.249963
1642	2808	2.262857
1643	2816	2.269304
1644	2794	2.251575
1645	2808	2.262857
1646	2800	2.256410
1647	2808	2.262857
1648	2794	2.251575
1649	2808	2.262857
1650	2808	2.262857
1651	2808	2.262857
1652	2808	2.262857
1653	2794	2.251575
1654	2808	2.262857
1655	2794	2.251575
1656	2800	2.256410
1657	2792	2.249963
1658	2792	2.249963
1659	2779	2.239487
1660	2794	2.251575
1661	2794	2.251575
1662	2794	2.251575
1663	2792	2.249963
1664	2792	2.249963
1665	2792	2.249963
1666	2792	2.249963
1667	2792	2.249963
1668	2800	2.256410
1669	2794	2.251575
1670	2782	2.241905
1671	2778	2.238681
1672	2792	2.249963
1673	2776	2.237070
1674	2779	2.239487
1675	2776	2.237070
1676	2792	2.249963
1677	2778	2.238681
1678	2782	2.241905
1679	2776	2.237070
1680	2792	2.249963
1681	2778	2.238681
1682	2778	2.238681
1683	2782	2.241905
1684	2782	2.241905
1685	2792	2.249963
1686	2778	2.238681
1687	2792	2.249963
1688	2792	2.249963
1689	2778	2.238681
1690	2792	2.249963
1691	2792	2.249963
1692	2770	2.232234
1693	2776	2.237070
1694	2792	2.249963
1695	2778	2.238681
1696	2762	2.225788
1697	2776	2.237070
1698	2768	2.230623
1699	2762	2.225788
1700	2776	2.237070
1701	2768	2.230623
1702	2776	2.237070
1703	2776	2.237070
1704	2776	2.237070
1705	2760	2.224176
1706	2776	2.237070
1707	2762	2.225788
1708	2762	2.225788
1709	2752	2.217729
1710	2762	2.225788
1711	2762	2.225788
1712	2768	2.230623
1713	2760	2.224176
1714	2762	2.225788
1715	2762	2.225788
1716	2752	2.217729
1717	2760	2.224176
1718	2752	2.217729
1719	2760	2.224176
1720	2760	2.224176
1721	2760	2.224176
1722	2760	2.224176
1723	2760	2.224176
1724	2744	2.211282
1725	2760	2.224176
1726	2746	2.212894
1727	2760	2.224176
1728	2744	2.211282
1729	2752	2.217729
1730	2744	2.211282
1731	2752	2.217729
1732	2760	2.224176
1733	2744	2.211282
1734	2754	2.219341
1735	2744	2.211282
1736	2762	2.225788
1737	2746	2.212894
1738	2744	2.211282
1739	2744	2.211282
1740	2744	2.211282
1741	2744	2.211282
1742	2744	2.211282
1743	2728	2.198388
1744	2730	2.200000
1745	2736	2.204835
1746	2728	2.198388
1747	2730	2.200000
1748	2715	2.187912
1749	2730	2.200000
1750	2736	2.204835
1751	2728	2.198388
1752	2718	2.190330
1753	2738	2.206447
1754	2728	2.198388
1755	2714	2.187106
1756	2728	2.198388
1757	2728	2.198388
1758	2736	2.204835
1759	2730	2.200000
1760	2728	2.198388
1761	2714	2.187106
1762	2712	2.185495
1763	2718	2.190330
1764	2728	2.198388
1765	2718	2.190330
1766	2728	2.198388
1767	2712	2.185495
1768	2714	2.187106
1769	2712	2.185495
1770	2714	2.187106
1771	2718	2.190330
1772	2714	2.187106
1773	2714	2.187106
1774	2712	2.185495
1775	2712	2.185495
1776	2712	2.185495
1777	2712	2.185495
1778	2706	2.180659
1779	2712	2.185495
1780	2704	2.179048
1781	2696	2.172601
1782	2712	2.185495
1783	2698	2.174212
1784	2714	2.187106
1785	2696	2.172601
1786	2696	2.172601
1787	2696	2.172601
1788	2706	2.180659
1789	2683	2.162125
1790	2696	2.172601
1791	2704	2.179048
1792	2714	2.187106
1793	2682	2.161319
1794	2696	2.172601
1795	2682	2.161319
1796	2682	2.161319
1797	2704	2.179048
1798	2696	2.172601
1799	2680	2.159707
1800	2696	2.172601
1801	2680	2.159707
1802	2682	2.161319
1803	2680	2.159707
1804	2682	2.161319
1805	2682	2.161319
1806	2680	2.159707
1807	2682	2.161319
1808	2680	2.159707
1809	2682	2.161319
1810	2680	2.159707
1811	2680	2.159707
1812	2680	2.159707
1813	2682	2.161319
1814	2680	2.159707
1815	2666	2.148425
1816	2664	2.146813
1817	2651	2.136337
1818	2666	2.148425
1819	2666	2.148425
1820	2672	2.153260
1821	2674	2.154872
1822	2666	2.148425
1823	2664	2.146813
1824	2666	2.148425
1825	2664	2.146813
1826	2666	2.148425
1827	2674	2.154872
1828	2666	2.148425
1829	2650	2.135531
1830	2654	2.138755
1831	2650	2.135531
1832	2650	2.135531
1833	2654	2.138755
1834	2648	2.133919
1835	2650	2.135531
1836	2650	2.135531
1837	2648	2.133919
1838	2664	2.146813
1839	2648	2.133919
1840	2648	2.133919
1841	2650	2.135531
1842	2648	2.133919
1843	2648	2.133919
1844	2634	2.122637
1845	2648	2.133919
1846	2648	2.133919
1847	2648	2.133919
1848	2648	2.133919
1849	2640	2.127473
1850	2648	2.133919
1851	2650	2.135531
1852	2650	2.135531
1853	2648	2.133919
1854	2640	2.127473
1855	2640	2.127473
1856	2640	2.127473
1857	2634	2.122637
1858	2640	2.127473
1859	2640	2.127473
1860	2634	2.122637
1861	2640	2.127473
1862	2648	2.133919
1863	2626	2.116190
1864	2632	2.121026
1865	2640	2.127473
1866	2634	2.122637
1867	2640	2.127473
1868	2632	2.121026
1869	2632	2.121026
1870	2634	2.122637
1871	2616	2.108132
1872	2632	2.121026
1873	2632	2.121026
1874	2632	2.121026
1875	2634	2.122637
1876	2632	2.121026
1877	2632	2.121026
1878	2618	2.109744
1879	2632	2.121026
1880	2632	2.121026
1881	2619	2.110549
1882	2618	2.109744
1883	2632	2.121026
1884	2616	2.108132
1885	2602	2.096850
1886	2634	2.122637
1887	2616	2.108132
1888	2608	2.101685
1889	2618	2.109744
1890	2608	2.101685
1891	2618	2.109744
1892	2616	2.108132
1893	2616	2.108132
1894	2632	2.121026
1895	2616	2.108132
1896	2618	2.109744
1897	2602	2.096850
1898	2616	2.108132
1899	2608	2.101685
1900	2616	2.108132
1901	2616	2.108132
1902	2608	2.101685
1903	2602	2.096850
1904	2616	2.108132
1905	2616	2.108132
1906	2608	2.101685
1907	2618	2.109744
1908	2616	2.108132
1909	2608	2.101685
1910	2618	2.109744
1911	2602	2.096850
1912	2616	2.108132
1913	2602	2.096850
1914	2616	2.108132
1915	2608	2.101685
1916	2590	2.087179
1917	2600	2.095238
1918	2616	2.108132
1919	2618	2.109744
1920	2600	2.095238
1921	2600	2.095238
1922	2602	2.096850
1923	2602	2.096850
1924	2590	2.087179
1925	2600	2.095238
1926	2587	2.084762
1927	2602	2.096850
1928	2602	2.096850
1929	2586	2.083956
1930	2616	2.108132
1931	2600	2.095238
1932	2600	2.095238
1933	2600	2.095238
1934	2587	2.084762
1935	2586	2.083956
1936	2590	2.087179
1937	2600	2.095238
1938	2590	2.087179
1939	2602	2.096850
1940	2586	2.083956
1941	2586	2.083956
1942	2586	2.083956
1943	2586	2.083956
1944	2586	2.083956
1945	2600	2.095238
1946	2586	2.083956
1947	2584	2.082344
1948	2586	2.083956
1949	2584	2.082344
1950	2586	2.083956
1951	2587	2.084762
1952	2584	2.082344
1953	2590	2.087179
1954	2586	2.083956
1955	2584	2.082344
1956	2590	2.087179
1957	2587	2.084762
1958	2586	2.083956
1959	2584	2.082344
1960	2587	2.084762
1961	2584	2.082344
1962	2584	2.082344
1963	2586	2.083956
1964	2586	2.083956
1965	2576	2.075897
1966	2584	2.082344
1967	2570	2.071062
1968	2570	2.071062
1969	2584	2.082344
1970	2584	2.082344
1971	2584	2.082344
1972	2570	2.071062
1973	2586	2.083956
1974	2584	2.082344
1975	2570	2.071062
1976	2576	2.075897
1977	2584	2.082344
1978	2570	2.071062
1979	2584	2.082344
1980	2578	2.077509
1981	2584	2.082344
1982	2576	2.075897
1983	2570	2.071062
1984	2558	2.061392
1985	2584	2.082344
1986	2570	2.071062
1987	2570	2.071062
1988	2570	2.071062
1989	2559	2.062198
1990	2570	2.071062
1991	2554	2.058168
1992	2559	2.062198
1993	2558	2.061392
1994	2584	2.082344
1995	2552	2.056557
1996	2544	2.050110
1997	2558	2.061392
1998	2552	2.056557
1999	2552	2.056557
2000	2570	2.071062
2001	2559	2.062198
2002	2554	2.058168
2003	2554	2.058168
2004	2552	2.056557
2005	2554	2.058168
2006	2552	2.056557
2007	2552	2.056557
2008	2558	2.061392
2009	2554	2.058168
2010	2552	2.056557
2011	2552	2.056557
2012	2538	2.045275
2013	2559	2.062198
2014	2555	2.058974
2015	2552	2.056557
2016	2552	2.056557
2017	2538	2.045275
2018	2554	2.058168
2019	2538	2.045275
2020	2544	2.050110
2021	2554	2.058168
2022	2536	2.043663
2023	2554	2.058168
2024	2552	2.056557
2025	2546	2.051722
2026	2538	2.045275
2027	2544	2.050110
2028	2536	2.043663
2029	2538	2.045275
2030	2536	2.043663
2031	2536	2.043663
2032	2536	2.043663
2033	2536	2.043663
2034	2526	2.035604
2035	2538	2.045275
2036	2522	2.032381
2037	2536	2.043663
2038	2523	2.033187
2039	2522	2.032381
2040	2536	2.043663
2041	2522	2.032381
2042	2546	2.051722
2043	2522	2.032381
2044	2520	2.030769
2045	2536	2.043663
2046	2536	2.043663
2047	2520	2.030769
2048	2522	2.032381
2049	2536	2.043663
2050	2520	2.030769
2051	2536	2.043663
2052	2522	2.032381
2053	2522	2.032381
2054	2536	2.043663
2055	2520	2.030769
2056	2520	2.030769
2057	2522	2.032381
2058	2522	2.032381
2059	2522	2.032381
2060	2512	2.024322
2061	2522	2.032381
2062	2512	2.024322
2063	2520	2.030769
2064	2520	2.030769
2065	2520	2.030769
2066	2522	2.032381
2067	2506	2.019487
2068	2512	2.024322
2069	2520	2.030769
2070	2522	2.032381
2071	2504	2.017875
2072	2520	2.030769
2073	2506	2.019487
2074	2522	2.032381
2075	2512	2.024322
2076	2522	2.032381
2077	2512	2.024322
2078	2514	2.025934
2079	2512	2.024322
2080	2504	2.017875
2081	2514	2.025934
2082	2520	2.030769
2083	2512	2.024322
2084	2512	2.024322
2085	2520	2.030769
2086	2520	2.030769
2087	2506	2.019487
2088	2522	2.032381
2089	2512	2.024322
2090	2520	2.030769
2091	2504	2.017875
2092	2512	2.024322
2093	2520	2.030769
2094	2520	2.030769
2095	2520	2.030769
2096	2504	2.017875
2097	2522	2.032381
2098	2520	2.030769
2099	2504	2.017875
2100	2536	2.043663
2101	2504	2.017875
2102	2504	2.017875
2103	2520	2.030769
2104	2504	2.017875
2105	2512	2.024322
2106	2520	2.030769
2107	2520	2.030769
2108	2520	2.030769
2109	2512	2.024322
2110	2504	2.017875
2111	2522	2.032381
2112	2520	2.030769
2113	2506	2.019487
2114	2506	2.019487
2115	2520	2.030769
2116	2506	2.019487
2117	2512	2.024322
2118	2504	2.017875
2119	2520	2.030769
2120	2520	2.030769
2121	2512	2.024322
2122	2512	2.024322
2123	2506	2.019487
2124	2520	2.030769
2125	2506	2.019487
2126	2520	2.030769
2127	2512	2.024322
2128	2522	2.032381
2129	2520	2.030769
2130	2520	2.030769
2131	2520	2.030769
2132	2523	2.033187
2133	2522	2.032381
2134	2522	2.032381
2135	2522	2.032381
2136	2514	2.025934
2137	2522	2.032381
2138	2512	2.024322
2139	2522	2.032381
2140	2512	2.024322
2141	2512	2.024322
2142	2536	2.043663
2143	2506	2.019487
2144	2522	2.032381
2145	2522	2.032381
2146	2522	2.032381
2147	2522	2.032381
2148	2520	2.030769
2149	2520	2.030769
2150	2536	2.043663
2151	2520	2.030769
2152	2522	2.032381
2153	2526	2.035604
2154	2522	2.032381
2155	2526	2.035604
2156	2538	2.045275
2157	2536	2.043663
2158	2520	2.030769
2159	2522	2.032381
2160	2522	2.032381
2161	2520	2.030769
2162	2520	2.030769
2163	2522	2.032381
2164	2538	2.045275
2165	2520	2.030769
2166	2538	2.045275
2167	2520	2.030769
2168	2536	2.043663
2169	2536	2.043663
2170	2522	2.032381
2171	2520	2.030769
2172	2522	2.032381
2173	2536	2.043663
2174	2536	2.043663
2175	2522	2.032381
2176	2522	2.032381
2177	2522	2.032381
2178	2536	2.043663
2179	2520	2.030769
2180	2536	2.043663
2181	2536	2.043663
2182	2520	2.030769
2183	2536	2.043663
2184	2536	2.043663
2185	2538	2.045275
2186	2520	2.030769
2187	2522	2.032381
2188	2538	2.045275
2189	2538	2.045275
2190	2526	2.035604
2191	2538	2.045275
2192	2536	2.043663
2193	2536	2.043663
2194	2536	2.043663
2195	2522	2.032381
2196	2522	2.032381
2197	2538	2.045275
2198	2522	2.032381
2199	2536	2.043663
2200	2536	2.043663
2201	2526	2.035604
2202	2522	2.032381
2203	2522	2.032381
2204	2526	2.035604
2205	2536	2.043663
2206	2526	2.035604
2207	2522	2.032381
2208	2522	2.032381
2209	2522	2.032381
2210	2522	2.032381
2211	2522	2.032381
2212	2522	2.032381
2213	2522	2.032381
2214	2526	2.035604
2215	2520	2.030769
2216	2522	2.032381
2217	2522	2.032381
2218	2512	2.024322
2219	2520	2.030769
2220	2512	2.024322
2221	2504	2.017875
2222	2512	2.024322
2223	2490	2.006593
2224	2504	2.017875
2225	2504	2.017875
2226	2520	2.030769
2227	2506	2.019487
2228	2520	2.030769
2229	2496	2.011429
2230	2506	2.019487
2231	2504	2.017875
2232	2504	2.017875
2233	2488	2.004982
2234	2488	2.004982
2235	2488	2.004982
2236	2490	2.006593
2237	2488	2.004982
2238	2488	2.004982
2239	2480	1.998535
2240	2488	2.004982
2241	2474	1.993700
2242	2474	1.993700
2243	2472	1.992088
2244	2488	2.004982
2245	2458	1.980806
2246	2462	1.984029
2247	2456	1.979194
2248	2462	1.984029
2249	2442	1.967912
2250	2472	1.992088
2251	2458	1.980806
2252	2458	1.980806
2253	2440	1.966300
2254	2440	1.966300
2255	2434	1.961465
2256	2440	1.966300
2257	2432	1.959853
2258	2440	1.966300
2259	2440	1.966300
2260	2418	1.948571
2261	2416	1.946960
2262	2418	1.948571
2263	2410	1.942125
2264	2410	1.942125
2265	2408	1.940513
2266	2408	1.940513
2267	2408	1.940513
2268	2392	1.927619
2269	2360	1.901832
2270	2378	1.916337
2271	2376	1.914725
2272	2378	1.916337
2273	2376	1.914725
2274	2363	1.904249
2275	2360	1.901832
2276	2346	1.890549
2277	2346	1.890549
2278	2344	1.888938
2279	2331	1.878462
2280	2330	1.877656
2281	2314	1.864762
2282	2312	1.863150
2283	2328	1.876044
2284	2298	1.851868
2285	2306	1.858315
2286	2298	1.851868
2287	2296	1.850256
2288	2296	1.850256
2289	2280	1.837363
2290	2282	1.838974
2291	2264	1.824469
2292	2266	1.826081
2293	2250	1.813187
2294	2250	1.813187
2295	2250	1.813187
2296	2250	1.813187
2297	2224	1.792234
2298	2218	1.787399
2299	2216	1.785788
2300	2202	1.774505
2301	2202	1.774505
2302	2202	1.774505
2303	2202	1.774505
2304	2184	1.760000
2305	2174	1.751941
2306	2154	1.735824
2307	2152	1.734212
2308	2152	1.734212
2309	2152	1.734212
2310	2136	1.721319
2311	2136	1.721319
2312	2130	1.716484
2313	2120	1.708425
2314	2110	1.700366
2315	2120	1.708425
2316	2104	1.695531
2317	2106	1.697143
2318	2090	1.684249
2319	2090	1.684249
2320	2088	1.682637
2321	2078	1.674579
2322	2078	1.674579
2323	2074	1.671355
2324	2072	1.669744
2325	2074	1.671355
2326	2058	1.658462
2327	2072	1.669744
2328	2066	1.664908
2329	2066	1.664908
2330	2072	1.669744
2331	2058	1.658462
2332	2058	1.658462
2333	2056	1.656850
2334	2072	1.669744
2335	2064	1.663297
2336	2058	1.658462
2337	2056	1.656850
2338	2056	1.656850
2339	2056	1.656850
2340	2056	1.656850
2341	2056	1.656850
2342	2046	1.648791
2343	2056	1.656850
2344	2058	1.658462
2345	2042	1.645568
2346	2047	1.649597
2347	2058	1.658462
2348	2064	1.663297
2349	2072	1.669744
2350	2066	1.664908
2351	2072	1.669744
2352	2088	1.682637
2353	2056	1.656850
2354	2078	1.674579
2355	2078	1.674579
2356	2088	1.682637
2357	2090	1.684249
2358	2088	1.682637
2359	2104	1.695531
2360	2106	1.697143
2361	2090	1.684249
2362	2122	1.710037
2363	2106	1.697143
2364	2122	1.710037
2365	2110	1.700366
2366	2128	1.714872
2367	2138	1.722930
2368	2139	1.723736
2369	2142	1.726154
2370	2139	1.723736
2371	2136	1.721319
2372	2154	1.735824
2373	2168	1.747106
2374	2170	1.748718
2375	2171	1.749524
2376	2168	1.747106
2377	2184	1.760000
2378	2184	1.760000
2379	2202	1.774505
2380	2206	1.777729
2381	2202	1.774505
2382	2224	1.792234
2383	2224	1.792234
2384	2218	1.787399
2385	2232	1.798681
2386	2234	1.800293
2387	2256	1.818022
2388	2250	1.813187
2389	2250	1.813187
2390	2264	1.824469
2391	2280	1.837363
2392	2282	1.838974
2393	2280	1.837363
2394	2298	1.851868
2395	2296	1.850256
2396	2298	1.851868
2397	2314	1.864762
2398	2322	1.871209
2399	2330	1.877656
2400	2346	1.890549
2401	2346	1.890549
2402	2362	1.903443
2403	2346	1.890549
2404	2352	1.895385
2405	2378	1.916337
2406	2376	1.914725
2407	2378	1.916337
2408	2378	1.916337
2409	2392	1.927619
2410	2378	1.916337
2411	2378	1.916337
2412	2392	1.927619
2413	2408	1.940513
2414	2408	1.940513
2415	2408	1.940513
2416	2424	1.953407
2417	2424	1.953407
2418	2424	1.953407
2419	2434	1.961465
2420	2442	1.967912
2421	2440	1.966300
2422	2440	1.966300
2423	2458	1.980806
2424	2448	1.972747
2425	2459	1.981612
2426	2474	1.993700
2427	2474	1.993700
2428	2474	1.993700
2429	2490	2.006593
2430	2504	2.017875
2431	2496	2.011429
2432	2506	2.019487
2433	2496	2.011429
2434	2504	2.017875
2435	2520	2.030769
2436	2512	2.024322
2437	2520	2.030769
2438	2520	2.030769
2439	2526	2.035604
2440	2522	2.032381
2441	2536	2.043663
2442	2538	2.045275
2443	2538	2.045275
2444	2552	2.056557
2445	2536	2.043663
2446	2544	2.050110
2447	2552	2.056557
2448	2538	2.045275
2449	2552	2.056557
2450	2554	2.058168
2451	2554	2.058168
2452	2555	2.058974
2453	2559	2.062198
2454	2555	2.058974
2455	2570	2.071062
2456	2576	2.075897
2457	2584	2.082344
2458	2578	2.077509
2459	2584	2.082344
2460	2576	2.075897
2461	2584	2.082344
2462	2602	2.096850
2463	2600	2.095238
2464	2600	2.095238
2465	2600	2.095238
2466	2602	2.096850
2467	2610	2.103297
2468	2610	2.103297
2469	2602	2.096850
2470	2616	2.108132
2471	2602	2.096850
2472	2616	2.108132
2473	2616	2.108132
2474	2618	2.109744
2475	2608	2.101685
2476	2622	2.112967
2477	2634	2.122637
2478	2618	2.109744
2479	2618	2.109744
2480	2616	2.108132
2481	2632	2.121026
2482	2619	2.110549
2483	2634	2.122637
2484	2632	2.121026
2485	2648	2.133919
2486	2632	2.121026
2487	2634	2.122637
2488	2634	2.122637
2489	2650	2.135531
2490	2650	2.135531
2491	2648	2.133919
2492	2648	2.133919
2493	2650	2.135531
2494	2664	2.146813
2495	2666	2.148425
2496	2650	2.135531
2497	2664	2.146813
2498	2664	2.146813
2499	2654	2.138755
2500	2666	2.148425
2501	2680	2.159707
2502	2664	2.146813
2503	2672	2.153260
2504	2683	2.162125
2505	2682	2.161319
2506	2680	2.159707
2507	2682	2.161319
2508	2682	2.161319
2509	2682	2.161319
2510	2680	2.159707
2511	2682	2.161319
2512	2698	2.174212
2513	2696	2.172601
2514	2696	2.172601
2515	2680	2.159707
2516	2698	2.174212
2517	2698	2.174212
2518	2704	2.179048
2519	2704	2.179048
2520	2714	2.187106
2521	2704	2.179048
2522	2704	2.179048
2523	2698	2.174212
2524	2714	2.187106
2525	2712	2.185495
2526	2696	2.172601
2527	2704	2.179048
2528	2714	2.187106
2529	2712	2.185495
2530	2704	2.179048
2531	2714	2.187106
2532	2712	2.185495
2533	2712	2.185495
2534	2706	2.180659
2535	2714	2.187106
2536	2714	2.187106
2537	2728	2.198388
2538	2714	2.187106
2539	2714	2.187106
2540	2714	2.187106
2541	2714	2.187106
2542	2714	2.187106
2543	2715	2.187912
2544	2728	2.198388
2545	2728	2.198388
2546	2728	2.198388
2547	2718	2.190330
2548	2728	2.198388
2549	2714	2.187106
2550	2728	2.198388
2551	2718	2.190330
2552	2730	2.200000
2553	2744	2.211282
2554	2730	2.200000
2555	2736	2.204835
2556	2730	2.200000
2557	2728	2.198388
2558	2736	2.204835
2559	2718	2.190330
2560	2736	2.204835
2561	2744	2.211282
2562	2730	2.200000
2563	2744	2.211282
2564	2746	2.212894
2565	2736	2.204835
2566	2736	2.204835
2567	2744	2.211282
2568	2744	2.211282
2569	2736	2.204835
2570	2744	2.211282
2571	2744	2.211282
2572	2746	2.212894
2573	2746	2.212894
2574	2752	2.217729
2575	2746	2.212894
2576	2744	2.211282
2577	2730	2.200000
2578	2744	2.211282
2579	2746	2.212894
2580	2760	2.224176
2581	2746	2.212894
2582	2746	2.212894
2583	2752	2.217729
2584	2746	2.212894
2585	2746	2.212894
2586	2760	2.224176
2587	2760	2.224176
2588	2746	2.212894
2589	2746	2.212894
2590	2762	2.225788
2591	2760	2.224176
2592	2762	2.225788
2593	2762	2.225788
2594	2776	2.237070
2595	2760	2.224176
2596	2776	2.237070
2597	2762	2.225788
2598	2760	2.224176
2599	2762	2.225788
2600	2776	2.237070
2601	2768	2.230623
2602	2760	2.224176
2603	2776	2.237070
2604	2762	2.225788
2605	2768	2.230623
2606	2762	2.225788
2607	2776	2.237070
2608	2778	2.238681
2609	2770	2.232234
2610	2776	2.237070
2611	2778	2.238681
2612	2776	2.237070
2613	2776	2.237070
2614	2792	2.249963
2615	2778	2.238681
2616	2779	2.239487
2617	2782	2.241905
2618	2792	2.249963
2619	2779	2.239487
2620	2792	2.249963
2621	2792	2.249963
2622	2782	2.241905
2623	2792	2.249963
2624	2794	2.251575
2625	2792	2.249963
2626	2808	2.262857
2627	2794	2.251575
2628	2792	2.249963
2629	2782	2.241905
2630	2808	2.262857
2631	2794	2.251575
2632	2818	2.270916
2633	2794	2.251575
2634	2794	2.251575
2635	2794	2.251575
2636	2816	2.269304
2637	2808	2.262857
2638	2800	2.256410
2639	2800	2.256410
2640	2800	2.256410
2641	2800	2.256410
2642	2816	2.269304
2643	2816	2.269304
2644	2816	2.269304
2645	2808	2.262857
2646	2816	2.269304
2647	2808	2.262857
2648	2818	2.270916
2649	2824	2.275751
2650	2824	2.275751
2651	2816	2.269304
2652	2816	2.269304
2653	2816	2.269304
2654	2816	2.269304
2655	2826	2.277363
2656	2824	2.275751
2657	2824	2.275751
2658	2818	2.270916
2659	2816	2.269304
2660	2832	2.282198
2661	2840	2.288645
2662	2824	2.275751
2663	2840	2.288645
2664	2824	2.275751
2665	2824	2.275751
2666	2840	2.288645
2667	2824	2.275751
2668	2840	2.288645
2669	2826	2.277363
2670	2824	2.275751
2671	2840	2.288645
2672	2840	2.288645
2673	2840	2.288645
2674	2840	2.288645
2675	2840	2.288645
2676	2826	2.277363
2677	2840	2.288645
2678	2842	2.290256
2679	2846	2.293480
2680	2840	2.288645
2681	2826	2.277363
2682	2843	2.291062
2683	2842	2.290256
2684	2856	2.301538
2685	2842	2.290256
2686	2840	2.288645
2687	2840	2.288645
2688	2840	2.288645
2689	2840	2.288645
2690	2842	2.290256
2691	2826	2.277363
2692	2840	2.288645
2693	2840	2.288645
2694	2842	2.290256
2695	2842	2.290256
2696	2856	2.301538
2697	2843	2.291062
2698	2842	2.290256
2699	2842	2.290256
2700	2840	2.288645
2701	2842	2.290256
2702	2856	2.301538
2703	2846	2.293480
2704	2856	2.301538
2705	2842	2.290256
2706	2858	2.303150
2707	2842	2.290256
2708	2840	2.288645
2709	2843	2.291062
2710	2856	2.301538
2711	2846	2.293480
2712	2843	2.291062
2713	2846	2.293480
2714	2856	2.301538
2715	2846	2.293480
2716	2864	2.307985
2717	2858	2.303150
2718	2872	2.314432
2719	2858	2.303150
2720	2856	2.301538
2721	2856	2.301538
2722	2856	2.301538
2723	2864	2.307985
2724	2856	2.301538
2725	2858	2.303150
2726	2864	2.307985
2727	2858	2.303150
2728	2842	2.290256
2729	2864	2.307985
2730	2858	2.303150
2731	2858	2.303150
2732	2864	2.307985
2733	2856	2.301538
2734	2872	2.314432
2735	2872	2.314432
2736	2872	2.314432
2737	2856	2.301538
2738	2872	2.314432
2739	2872	2.314432
2740	2872	2.314432
2741	2858	2.303150
2742	2858	2.303150
2743	2864	2.307985
2744	2858	2.303150
2745	2872	2.314432
2746	2872	2.314432
2747	2872	2.314432
2748	2874	2.316044
2749	2872	2.314432
2750	2874	2.316044
2751	2872	2.314432
2752	2888	2.327326
2753	2864	2.307985
2754	2874	2.316044
2755	2888	2.327326
2756	2872	2.314432
2757	2872	2.314432
2758	2864	2.307985
2759	2874	2.316044
2760	2874	2.316044
2761	2874	2.316044
2762	2875	2.316850
2763	2872	2.314432
2764	2875	2.316850
2765	2875	2.316850
2766	2888	2.327326
2767	2888	2.327326
2768	2888	2.327326
2769	2888	2.327326
2770	2896	2.333773
2771	2888	2.327326
2772	2874	2.316044
2773	2896	2.333773
2774	2896	2.333773
2775	2890	2.328938
2776	2888	2.327326
2777	2904	2.340220
2778	2904	2.340220
2779	2874	2.316044
2780	2888	2.327326
2781	2890	2.328938
2782	2904	2.340220
2783	2904	2.340220
2784	2906	2.341832
2785	2904	2.340220
2786	2890	2.328938
2787	2888	2.327326
2788	2906	2.341832
2789	2896	2.333773
2790	2904	2.340220
2791	2904	2.340220
2792	2888	2.327326
2793	2904	2.340220
2794	2904	2.340220
2795	2896	2.333773
2796	2890	2.328938
2797	2890	2.328938
2798	2906	2.341832
2799	2896	2.333773
2800	2904	2.340220
2801	2904	2.340220
2802	2898	2.335385
2803	2896	2.333773
2804	2906	2.341832
2805	2904	2.340220
2806	2906	2.341832
2807	2904	2.340220
2808	2890	2.328938
2809	2904	2.340220
2810	2906	2.341832
2811	2920	2.353114
2812	2906	2.341832
2813	2904	2.340220
2814	2904	2.340220
2815	2898	2.335385
2816	2906	2.341832
2817	2904	2.340220
2818	2907	2.342637
2819	2906	2.341832
2820	2910	2.345055
2821	2904	2.340220
2822	2904	2.340220
2823	2906	2.341832
2824	2910	2.345055
2825	2920	2.353114
2826	2910	2.345055
2827	2920	2.353114
2828	2920	2.353114
2829	2910	2.345055
2830	2906	2.341832
2831	2904	2.340220
2832	2904	2.340220
2833	2906	2.341832
2834	2907	2.342637
2835	2907	2.342637
2836	2922	2.354725
2837	2920	2.353114
2838	2922	2.354725
2839	2904	2.340220
2840	2906	2.341832
2841	2910	2.345055
2842	2906	2.341832
2843	2920	2.353114
2844	2920	2.353114
2845	2906	2.341832
2846	2920	2.353114
2847	2922	2.354725
2848	2922	2.354725
2849	2904	2.340220
2850	2920	2.353114
2851	2906	2.341832
2852	2920	2.353114
2853	2907	2.342637
2854	2922	2.354725
2855	2906	2.341832
2856	2920	2.353114
2857	2920	2.353114
2858	2910	2.345055
2859	2906	2.341832
2860	2906	2.341832
2861	2920	2.353114
2862	2920	2.353114
2863	2907	2.342637
2864	2922	2.354725
2865	2922	2.354725
2866	2928	2.359560
2867	2920	2.353114
2868	2936	2.366007
2869	2928	2.359560
2870	2906	2.341832
2871	2906	2.341832
2872	2928	2.359560
2873	2928	2.359560
2874	2906	2.341832
2875	2906	2.341832
2876	2928	2.359560
2877	2922	2.354725
2878	2936	2.366007
2879	2922	2.354725
2880	2920	2.353114
2881	2922	2.354725
2882	2928	2.359560
2883	2930	2.361172
2884	2922	2.354725
2885	2920	2.353114
2886	2936	2.366007
2887	2928	2.359560
2888	2920	2.353114
2889	2928	2.359560
2890	2936	2.366007
2891	2930	2.361172
2892	2936	2.366007
2893	2928	2.359560
2894	2936	2.366007
2895	2936	2.366007
2896	2936	2.366007
2897	2922	2.354725
2898	2936	2.366007
2899	2938	2.367619
2900	2936	2.366007
2901	2930	2.361172
2902	2922	2.354725
2903	2922	2.354725
2904	2928	2.359560
2905	2938	2.367619
2906	2938	2.367619
2907	2922	2.354725
2908	2936	2.366007
2909	2938	2.367619
2910	2936	2.366007
2911	2936	2.366007
2912	2936	2.366007
2913	2938	2.367619
2914	2938	2.367619
2915	2922	2.354725
2916	2938	2.367619
2917	2936	2.366007
2918	2944	2.372454
2919	2938	2.367619
2920	2938	2.367619
2921	2936	2.366007
2922	2944	2.372454
2923	2936	2.366007
2924	2938	2.367619
2925	2944	2.372454
2926	2936	2.366007
2927	2938	2.367619
2928	2938	2.367619
2929	2936	2.366007
2930	2936	2.366007
2931	2936	2.366007
2932	2936	2.366007
2933	2944	2.372454
2934	2936	2.366007
2935	2928	2.359560
2936	2944	2.372454
2937	2936	2.366007
2938	2938	2.367619
2939	2946	2.374066
2940	2952	2.378901
2941	2944	2.372454
2942	2938	2.367619
2943	2944	2.372454
2944	2952	2.378901
2945	2952	2.378901
2946	2938	2.367619
2947	2952	2.378901
2948	2938	2.367619
2949	2952	2.378901
2950	2952	2.378901
2951	2938	2.367619
2952	2952	2.378901
2953	2938	2.367619
2954	2938	2.367619
2955	2938	2.367619
2956	2960	2.385348
2957	2938	2.367619
2958	2962	2.386960
2959	2938	2.367619
2960	2944	2.372454
2961	2944	2.372454
2962	2944	2.372454
2963	2952	2.378901
2964	2938	2.367619
2965	2938	2.367619
2966	2944	2.372454
2967	2944	2.372454
2968	2952	2.378901
2969	2944	2.372454
2970	2954	2.380513
2971	2968	2.391795
2972	2954	2.380513
2973	2952	2.378901
2974	2952	2.378901
2975	2954	2.380513
2976	2944	2.372454
2977	2960	2.385348
2978	2954	2.380513
2979	2952	2.378901
2980	2954	2.380513
2981	2954	2.380513
2982	2960	2.385348
2983	2952	2.378901
2984	2952	2.378901
2985	2952	2.378901
2986	2968	2.391795
2987	2952	2.378901
2988	2952	2.378901
2989	2944	2.372454
2990	2952	2.378901
2991	2952	2.378901
2992	2968	2.391795
2993	2944	2.372454
2994	2952	2.378901
2995	2960	2.385348
2996	2960	2.385348
2997	2952	2.378901
2998	2944	2.372454
2999	2968	2.391795
3000	2952	2.378901
3001	2952	2.378901
3002	2954	2.380513
3003	2952	2.378901
3004	2960	2.385348
3005	2952	2.378901
3006	2944	2.372454
3007	2952	2.378901
3008	2944	2.372454
3009	2952	2.378901
3010	2952	2.378901
3011	2952	2.378901
3012	2952	2.378901
3013	2952	2.378901
3014	2954	2.380513
3015	2938	2.367619
3016	2952	2.378901
3017	2944	2.372454
3018	2954	2.380513
3019	2954	2.380513
3020	2954	2.380513
3021	2952	2.378901
3022	2954	2.380513
3023	2960	2.385348
3024	2970	2.393407
3025	2960	2.385348
3026	2954	2.380513
3027	2960	2.385348
3028	2960	2.385348
3029	2960	2.385348
3030	2954	2.380513
3031	2952	2.378901
3032	2952	2.378901
3033	2954	2.380513
3034	2952	2.378901
3035	2952	2.378901
3036	2968	2.391795
3037	2952	2.378901
3038	2968	2.391795
3039	2954	2.380513
3040	2954	2.380513
3041	2960	2.385348
3042	2954	2.380513
3043	2960	2.385348
3044	2952	2.378901
3045	2960	2.385348
3046	2952	2.378901
3047	2960	2.385348
3048	2954	2.380513
3049	2960	2.385348
3050	2954	2.380513
3051	2968	2.391795
3052	2968	2.391795
3053	2954	2.380513
3054	2970	2.393407
3055	2952	2.378901
3056	2954	2.380513
3057	2968	2.391795
3058	2968	2.391795
3059	2954	2.380513
3060	2968	2.391795
3061	2960	2.385348
3062	2954	2.380513
3063	2968	2.391795
3064	2960	2.385348
3065	2962	2.386960
3066	2968	2.391795
3067	2952	2.378901
3068	2954	2.380513
3069	2944	2.372454
3070	2952	2.378901
3071	2968	2.391795
3072	2954	2.380513
3073	2954	2.380513
3074	2954	2.380513
3075	2954	2.380513
3076	2968	2.391795
3077	2952	2.378901
3078	2960	2.385348
3079	2954	2.380513
3080	2968	2.391795
3081	2954	2.380513
3082	2970	2.393407
3083	2968	2.391795
3084	2970	2.393407
3085	2952	2.378901
3086	2968	2.391795
3087	2954	2.380513
3088	2960	2.385348
3089	2968	2.391795
3090	2968	2.391795
3091	2960	2.385348
3092	2952	2.378901
3093	2952	2.378901
3094	2968	2.391795
3095	2970	2.393407
3096	2970	2.393407
3097	2968	2.391795
3098	2960	2.385348
3099	2968	2.391795
3100	2968	2.391795
3101	2968	2.391795
3102	2952	2.378901
3103	2960	2.385348
3104	2968	2.391795
3105	2968	2.391795
3106	2960	2.385348
3107	2968	2.391795
3108	2968	2.391795
3109	2970	2.393407
3110	2968	2.391795
3111	2960	2.385348
3112	2968	2.391795
3113	2960	2.385348
3114	2960	2.385348
3115	2968	2.391795
3116	2954	2.380513
3117	2968	2.391795
3118	2960	2.385348
3119	2968	2.391795
3120	2954	2.380513
3121	2954	2.380513
3122	2954	2.380513
3123	2970	2.393407
3124	2954	2.380513
3125	2954	2.380513
3126	2970	2.393407
3127	2968	2.391795
3128	2968	2.391795
3129	2960	2.385348
3130	2968	2.391795
3131	2968	2.391795
3132	2970	2.393407
3133	2968	2.391795
3134	2962	2.386960
3135	2954	2.380513
3136	2968	2.391795
3137	2970	2.393407
3138	2970	2.393407
3139	2968	2.391795
3140	2968	2.391795
3141	2954	2.380513
3142	2954	2.380513
3143	2970	2.393407
3144	2962	2.386960
3145	2968	2.391795
3146	2970	2.393407
3147	2968	2.391795
3148	2968	2.391795
3149	2968	2.391795
3150	2960	2.385348
3151	2968	2.391795
3152	2960	2.385348
3153	2970	2.393407
3154	2968	2.391795
3155	2970	2.393407
3156	2962	2.386960
3157	2968	2.391795
3158	2968	2.391795
3159	2968	2.391795
3160	2968	2.391795
3161	2970	2.393407
3162	2968	2.391795
3163	2968	2.391795
3164	2968	2.391795
3165	2970	2.393407
3166	2968	2.391795
3167	2984	2.404689
3168	2968	2.391795
3169	2970	2.393407
3170	2970	2.393407
3171	2960	2.385348
3172	2968	2.391795
3173	2968	2.391795
3174	2968	2.391795
3175	2970	2.393407
3176	2968	2.391795
3177	2970	2.393407
3178	2968	2.391795
3179	2970	2.393407
3180	2970	2.393407
3181	2954	2.380513
3182	2970	2.393407
3183	2970	2.393407
3184	2970	2.393407
3185	2960	2.385348
3186	2968	2.391795
3187	2968	2.391795
3188	2970	2.393407
3189	2952	2.378901
3190	2968	2.391795
3191	2970	2.393407
3192	2968	2.391795
3193	2968	2.391795
3194	2970	2.393407
3195	2970	2.393407
3196	2968	2.391795
3197	2968	2.391795
3198	2968	2.391795
3199	2968	2.391795
3200	2970	2.393407
3201	2984	2.404689
3202	2968	2.391795
3203	2968	2.391795
3204	2986	2.406300
3205	2968	2.391795
3206	2970	2.393407
3207	2970	2.393407
3208	2970	2.393407
3209	2970	2.393407
3210	2970	2.393407
3211	2970	2.393407
3212	2984	2.404689
3213	2971	2.394212
3214	2968	2.391795
3215	2968	2.391795
3216	2968	2.391795
3217	2968	2.391795
3218	2970	2.393407
3219	2968	2.391795
3220	2970	2.393407
3221	2970	2.393407
3222	2970	2.393407
3223	2968	2.391795
3224	2970	2.393407
3225	2970	2.393407
3226	2974	2.396630
3227	2970	2.393407
3228	2970	2.393407
3229	2970	2.393407
3230	2968	2.391795
3231	2970	2.393407
3232	2974	2.396630
3233	2968	2.391795
3234	2960	2.385348
3235	2974	2.396630
3236	2971	2.394212
3237	2970	2.393407
3238	2968	2.391795
3239	2970	2.393407
3240	2970	2.393407
3241	2962	2.386960
3242	2970	2.393407
3243	2984	2.404689
3244	2970	2.393407
3245	2970	2.393407
3246	2970	2.393407
3247	2970	2.393407
3248	2968	2.391795
3249	2954	2.380513
3250	2974	2.396630
3251	2984	2.404689
3252	2974	2.396630
3253	2984	2.404689
3254	2984	2.404689
3255	2970	2.393407
3256	2971	2.394212
3257	2970	2.393407
3258	2970	2.393407
3259	2968	2.391795
3260	2968	2.391795
3261	2970	2.393407
3262	2970	2.393407
3263	2970	2.393407
3264	2970	2.393407
3265	2970	2.393407
3266	2968	2.391795
3267	2968	2.391795
3268	2970	2.393407
3269	2974	2.396630
3270	2971	2.394212
3271	2971	2.394212
3272	2974	2.396630
3273	2970	2.393407
3274	2970	2.393407
3275	2974	2.396630
3276	2984	2.404689
3277	2970	2.393407
3278	2984	2.404689
3279	2970	2.393407
3280	2971	2.394212
3281	2970	2.393407
3282	2970	2.393407
3283	2971	2.394212
3284	2986	2.406300
3285	2974	2.396630
3286	2970	2.393407
3287	2968	2.391795
3288	2970	2.393407
3289	2970	2.393407
3290	2970	2.393407
3291	2986	2.406300
3292	2970	2.393407
3293	2970	2.393407
3294	2984	2.404689
3295	2984	2.404689
3296	2974	2.396630
3297	2986	2.406300
3298	2970	2.393407
3299	2970	2.393407
3300	2970	2.393407
3301	2984	2.404689
3302	2970	2.393407
3303	2986	2.406300
3304	2968	2.391795
3305	2970	2.393407
3306	2970	2.393407
3307	2974	2.396630
3308	2992	2.411136
3309	2970	2.393407
3310	2986	2.406300
3311	2968	2.391795
3312	2970	2.393407
3313	2984	2.404689
3314	2984	2.404689
3315	2971	2.394212
3316	2986	2.406300
3317	2974	2.396630
3318	2984	2.404689
3319	2974	2.396630
3320	2970	2.393407
3321	2984	2.404689
3322	2974	2.396630
3323	2970	2.393407
3324	2986	2.406300
3325	2984	2.404689
3326	2984	2.404689
3327	2970	2.393407
3328	2984	2.404689
3329	2986	2.406300
3330	2984	2.404689
3331	2984	2.404689
3332	2968	2.391795
3333	2970	2.393407
3334	2984	2.404689
3335	2970	2.393407
3336	2970	2.393407
3337	2984	2.404689
3338	2984	2.404689
3339	2974	2.396630
3340	2984	2.404689
3341	2986	2.406300
3342	2986	2.406300
3343	2984	2.404689
3344	2970	2.393407
3345	2970	2.393407
3346	2970	2.393407
3347	2970	2.393407
3348	2974	2.396630
3349	2986	2.406300
3350	2970	2.393407
3351	2970	2.393407
3352	2970	2.393407
3353	2992	2.411136
3354	2971	2.394212
3355	2970	2.393407
3356	2970	2.393407
3357	2970	2.393407
3358	2984	2.404689
3359	2992	2.411136
3360	2984	2.404689
3361	2970	2.393407
3362	2992	2.411136
3363	2974	2.396630
3364	2974	2.396630
3365	2974	2.396630
3366	2970	2.393407
3367	2968	2.391795
3368	2984	2.404689
3369	2984	2.404689
3370	2974	2.396630
3371	2986	2.406300
3372	2984	2.404689
3373	2970	2.393407
3374	2970	2.393407
3375	2986	2.406300
3376	2971	2.394212
3377	2984	2.404689
3378	2984	2.404689
3379	2984	2.404689
3380	2986	2.406300
3381	2971	2.394212
3382	2984	2.404689
3383	2970	2.393407
3384	2984	2.404689
3385	2984	2.404689
3386	2986	2.406300
3387	2986	2.406300
3388	2986	2.406300
3389	2986	2.406300
3390	2984	2.404689
3391	2971	2.394212
3392	2986	2.406300
3393	2974	2.396630
3394	2984	2.404689
3395	2970	2.393407
3396	2984	2.404689
3397	2984	2.404689
3398	2970	2.393407
3399	2984	2.404689
3400	2970	2.393407
3401	2970	2.393407
3402	2974	2.396630
3403	2984	2.404689
3404	2984	2.404689
3405	3000	2.417582
3406	2970	2.393407
3407	2984	2.404689
3408	2984	2.404689
3409	2984	2.404689
3410	2970	2.393407
3411	2984	2.404689
3412	2970	2.393407
3413	2992	2.411136
3414	2970	2.393407
3415	2970	2.393407
3416	2984	2.404689
3417	2974	2.396630
3418	2984	2.404689
3419	2971	2.394212
3420	2984	2.404689
3421	2984	2.404689
3422	2984	2.404689
3423	2970	2.393407
3424	2970	2.393407
3425	2974	2.396630
3426	2974	2.396630
3427	2970	2.393407
3428	2974	2.396630
3429	2970	2.393407
3430	2984	2.404689
3431	2984	2.404689
3432	2970	2.393407
3433	2984	2.404689
3434	2984	2.404689
3435	2984	2.404689
3436	2970	2.393407
3437	2970	2.393407
3438	2984	2.404689
3439	2970	2.393407
3440	2970	2.393407
3441	2986	2.406300
3442	2971	2.394212
3443	2984	2.404689
3444	2971	2.394212
3445	2974	2.396630
3446	2974	2.396630
3447	2986	2.406300
3448	2970	2.393407
3449	2970	2.393407
3450	2984	2.404689
3451	2970	2.393407
3452	2984	2.404689
3453	2971	2.394212
3454	2970	2.393407
3455	2968	2.391795
3456	2968	2.391795
3457	2974	2.396630
3458	2984	2.404689
3459	2984	2.404689
3460	2970	2.393407
3461	2968	2.391795
3462	2974	2.396630
3463	2984	2.404689
3464	2970	2.393407
3465	2974	2.396630
3466	2970	2.393407
3467	2971	2.394212
3468	2971	2.394212
3469	2974	2.396630
3470	2984	2.404689
3471	2970	2.393407
3472	2971	2.394212
3473	2970	2.393407
3474	2970	2.393407
3475	2970	2.393407
3476	2974	2.396630
3477	2974	2.396630
3478	2971	2.394212
3479	2960	2.385348
3480	2968	2.391795
3481	2970	2.393407
3482	2984	2.404689
3483	2992	2.411136
3484	2971	2.394212
3485	2974	2.396630
3486	2968	2.391795
3487	2970	2.393407
3488	2984	2.404689
3489	2970	2.393407
3490	2974	2.396630
3491	2970	2.393407
3492	2986	2.406300
3493	2974	2.396630
3494	2970	2.393407
3495	2970	2.393407
3496	2968	2.391795
3497	2968	2.391795
3498	2970	2.393407
3499	2968	2.391795
3500	2968	2.391795
3501	2968	2.391795
3502	2970	2.393407
3503	2968	2.391795
3504	2970	2.393407
3505	2968	2.391795
3506	2970	2.393407
3507	2968	2.391795
3508	2970	2.393407
3509	2968	2.391795
3510	2968	2.391795
3511	2970	2.393407
3512	2960	2.385348
3513	2968	2.391795
3514	2968	2.391795
3515	2970	2.393407
3516	2960	2.385348
3517	2970	2.393407
3518	2954	2.380513
3519	2984	2.404689
3520	2971	2.394212
3521	2970	2.393407
3522	2952	2.378901
3523	2974	2.396630
3524	2970	2.393407
3525	2968	2.391795
3526	2968	2.391795
3527	2968	2.391795
3528	2970	2.393407
3529	2968	2.391795
3530	2960	2.385348
3531	2968	2.391795
3532	2968	2.391795
3533	2952	2.378901
3534	2962	2.386960
3535	2968	2.391795
3536	2968	2.391795
3537	2968	2.391795
3538	2962	2.386960
3539	2968	2.391795
3540	2960	2.385348
3541	2968	2.391795
3542	2960	2.385348
3543	2968	2.391795
3544	2952	2.378901
3545	2954	2.380513
3546	2968	2.391795
3547	2970	2.393407
3548	2954	2.380513
3549	2938	2.367619
3550	2960	2.385348
3551	2954	2.380513
3552	2968	2.391795
3553	2960	2.385348
3554	2962	2.386960
3555	2952	2.378901
3556	2962	2.386960
3557	2952	2.378901
3558	2954	2.380513
3559	2960	2.385348
3560	2952	2.378901
3561	2960	2.385348
3562	2952	2.378901
3563	2960	2.385348
3564	2968	2.391795
3565	2952	2.378901
3566	2954	2.380513
3567	2954	2.380513
3568	2952	2.378901
3569	2952	2.378901
3570	2954	2.380513
3571	2968	2.391795
3572	2952	2.378901
3573	2954	2.380513
3574	2952	2.378901
3575	2954	2.380513
3576	2954	2.380513
3577	2954	2.380513
3578	2954	2.380513
3579	2946	2.374066
3580	2944	2.372454
3581	2952	2.378901
3582	2938	2.367619
3583	2952	2.378901
3584	2938	2.367619
3585	2952	2.378901
3586	2938	2.367619
3587	2952	2.378901
3588	2952	2.378901
3589	2954	2.380513
3590	2952	2.378901
3591	2936	2.366007
3592	2938	2.367619
3593	2952	2.378901
3594	2938	2.367619
3595	2944	2.372454
3596	2938	2.367619
3597	2944	2.372454
3598	2954	2.380513
3599	2944	2.372454
3600	2938	2.367619
3601	2944	2.372454
3602	2938	2.367619
3603	2938	2.367619
3604	2938	2.367619
3605	2952	2.378901
3606	2952	2.378901
3607	2952	2.378901
3608	2954	2.380513
3609	2936	2.366007
3610	2944	2.372454
3611	2936	2.366007
3612	2938	2.367619
3613	2920	2.353114
3614	2936	2.366007
3615	2920	2.353114
3616	2938	2.367619
3617	2936	2.366007
3618	2944	2.372454
3619	2938	2.367619
3620	2936	2.366007
3621	2928	2.359560
3622	2944	2.372454
3623	2936	2.366007
3624	2936	2.366007
3625	2936	2.366007
3626	2922	2.354725
3627	2928	2.359560
3628	2928	2.359560
3629	2938	2.367619
3630	2936	2.366007
3631	2922	2.354725
3632	2928	2.359560
3633	2938	2.367619
3634	2936	2.366007
3635	2938	2.367619
3636	2928	2.359560
3637	2922	2.354725
3638	2928	2.359560
3639	2922	2.354725
3640	2928	2.359560
3641	2936	2.366007
3642	2936	2.366007
3643	2936	2.366007
3644	2936	2.366007
3645	2928	2.359560
3646	2920	2.353114
3647	2936	2.366007
