Pixel	ADC	VoltageV
1	3936	3.171868
2	3937	3.172674
3	3936	3.171868
4	3925	3.163004
5	3925	3.163004
6	3925	3.163004
7	3925	3.163004
8	3925	3.163004
9	3921	3.159780
10	3925	3.163004
11	3925	3.163004
12	3925	3.163004
13	3925	3.163004
14	3925	3.163004
15	3925	3.163004
16	3925	3.163004
17	3169	2.553773
18	2545	2.050916
19	2557	2.060586
20	2565	2.067033
21	2565	2.067033
22	2577	2.076703
23	2581	2.079927
24	2577	2.076703
25	2576	2.075897
26	2576	2.075897
27	2577	2.076703
28	2581	2.079927
29	2581	2.079927
30	2581	2.079927
31	2576	2.075897
32	2581	2.079927
33	2577	2.076703
34	2581	2.079927
35	2576	2.075897
36	2577	2.076703
37	2565	2.067033
38	2576	2.075897
39	2577	2.076703
40	2581	2.079927
41	2589	2.086374
42	2576	2.075897
43	2577	2.076703
44	2576	2.075897
45	2597	2.092821
46	2581	2.079927
47	2577	2.076703
48	2577	2.076703
49	2577	2.076703
50	2583	2.081538
51	2589	2.086374
52	2581	2.079927
53	2577	2.076703
54	2581	2.079927
55	2577	2.076703
56	2576	2.075897
57	2589	2.086374
58	2597	2.092821
59	2592	2.088791
60	2597	2.092821
61	2583	2.081538
62	2583	2.081538
63	2597	2.092821
64	2597	2.092821
65	2583	2.081538
66	2593	2.089597
67	2581	2.079927
68	2581	2.079927
69	2589	2.086374
70	2581	2.079927
71	2581	2.079927
72	2581	2.079927
73	2576	2.075897
74	2576	2.075897
75	2589	2.086374
76	2581	2.079927
77	2577	2.076703
78	2581	2.079927
79	2577	2.076703
80	2583	2.081538
81	2577	2.076703
82	2581	2.079927
83	2577	2.076703
84	2576	2.075897
85	2577	2.076703
86	2577	2.076703
87	2581	2.079927
88	2593	2.089597
89	2577	2.076703
90	2581	2.079927
91	2581	2.079927
92	2581	2.079927
93	2593	2.089597
94	2577	2.076703
95	2581	2.079927
96	2565	2.067033
97	2581	2.079927
98	2581	2.079927
99	2593	2.089597
100	2576	2.075897
101	2593	2.089597
102	2593	2.089597
103	2581	2.079927
104	2583	2.081538
105	2581	2.079927
106	2593	2.089597
107	2593	2.089597
108	2597	2.092821
109	2597	2.092821
110	2593	2.089597
111	2581	2.079927
112	2597	2.092821
113	2581	2.079927
114	2583	2.081538
115	2597	2.092821
116	2581	2.079927
117	2593	2.089597
118	2589	2.086374
119	2581	2.079927
120	2581	2.079927
121	2593	2.089597
122	2593	2.089597
123	2597	2.092821
124	2576	2.075897
125	2608	2.101685
126	2581	2.079927
127	2583	2.081538
128	2576	2.075897
129	2581	2.079927
130	2581	2.079927
131	2577	2.076703
132	2597	2.092821
133	2581	2.079927
134	2581	2.079927
135	2592	2.088791
136	2593	2.089597
137	2581	2.079927
138	2581	2.079927
139	2581	2.079927
140	2581	2.079927
141	2589	2.086374
142	2581	2.079927
143	2589	2.086374
144	2589	2.086374
145	2581	2.079927
146	2593	2.089597
147	2593	2.089597
148	2581	2.079927
149	2583	2.081538
150	2592	2.088791
151	2581	2.079927
152	2613	2.105714
153	2577	2.076703
154	2589	2.086374
155	2597	2.092821
156	2597	2.092821
157	2581	2.079927
158	2581	2.079927
159	2608	2.101685
160	2581	2.079927
161	2581	2.079927
162	2597	2.092821
163	2581	2.079927
164	2597	2.092821
165	2597	2.092821
166	2593	2.089597
167	2589	2.086374
168	2597	2.092821
169	2589	2.086374
170	2597	2.092821
171	2593	2.089597
172	2597	2.092821
173	2593	2.089597
174	2593	2.089597
175	2608	2.101685
176	2581	2.079927
177	2597	2.092821
178	2581	2.079927
179	2597	2.092821
180	2597	2.092821
181	2592	2.088791
182	2581	2.079927
183	2593	2.089597
184	2597	2.092821
185	2589	2.086374
186	2593	2.089597
187	2609	2.102491
188	2608	2.101685
189	2589	2.086374
190	2608	2.101685
191	2593	2.089597
192	2593	2.089597
193	2597	2.092821
194	2589	2.086374
195	2593	2.089597
196	2597	2.092821
197	2593	2.089597
198	2593	2.089597
199	2592	2.088791
200	2597	2.092821
201	2589	2.086374
202	2597	2.092821
203	2597	2.092821
204	2593	2.089597
205	2608	2.101685
206	2583	2.081538
207	2608	2.101685
208	2608	2.101685
209	2581	2.079927
210	2581	2.079927
211	2581	2.079927
212	2583	2.081538
213	2589	2.086374
214	2577	2.076703
215	2593	2.089597
216	2581	2.079927
217	2597	2.092821
218	2593	2.089597
219	2593	2.089597
220	2581	2.079927
221	2589	2.086374
222	2581	2.079927
223	2597	2.092821
224	2581	2.079927
225	2593	2.089597
226	2581	2.079927
227	2581	2.079927
228	2597	2.092821
229	2593	2.089597
230	2593	2.089597
231	2608	2.101685
232	2593	2.089597
233	2608	2.101685
234	2589	2.086374
235	2583	2.081538
236	2583	2.081538
237	2593	2.089597
238	2608	2.101685
239	2597	2.092821
240	2593	2.089597
241	2597	2.092821
242	2597	2.092821
243	2589	2.086374
244	2597	2.092821
245	2593	2.089597
246	2597	2.092821
247	2609	2.102491
248	2593	2.089597
249	2597	2.092821
250	2593	2.089597
251	2593	2.089597
252	2597	2.092821
253	2593	2.089597
254	2581	2.079927
255	2589	2.086374
256	2593	2.089597
257	2589	2.086374
258	2608	2.101685
259	2577	2.076703
260	2608	2.101685
261	2593	2.089597
262	2609	2.102491
263	2581	2.079927
264	2597	2.092821
265	2593	2.089597
266	2597	2.092821
267	2583	2.081538
268	2589	2.086374
269	2589	2.086374
270	2597	2.092821
271	2583	2.081538
272	2593	2.089597
273	2581	2.079927
274	2608	2.101685
275	2593	2.089597
276	2608	2.101685
277	2597	2.092821
278	2583	2.081538
279	2597	2.092821
280	2593	2.089597
281	2581	2.079927
282	2597	2.092821
283	2581	2.079927
284	2589	2.086374
285	2593	2.089597
286	2592	2.088791
287	2597	2.092821
288	2593	2.089597
289	2581	2.079927
290	2608	2.101685
291	2609	2.102491
292	2608	2.101685
293	2593	2.089597
294	2597	2.092821
295	2593	2.089597
296	2581	2.079927
297	2592	2.088791
298	2597	2.092821
299	2609	2.102491
300	2613	2.105714
301	2593	2.089597
302	2593	2.089597
303	2608	2.101685
304	2597	2.092821
305	2609	2.102491
306	2608	2.101685
307	2609	2.102491
308	2613	2.105714
309	2597	2.092821
310	2609	2.102491
311	2597	2.092821
312	2597	2.092821
313	2597	2.092821
314	2597	2.092821
315	2597	2.092821
316	2621	2.112161
317	2609	2.102491
318	2608	2.101685
319	2609	2.102491
320	2608	2.101685
321	2608	2.101685
322	2609	2.102491
323	2593	2.089597
324	2609	2.102491
325	2609	2.102491
326	2608	2.101685
327	2583	2.081538
328	2597	2.092821
329	2581	2.079927
330	2608	2.101685
331	2597	2.092821
332	2608	2.101685
333	2608	2.101685
334	2615	2.107326
335	2597	2.092821
336	2609	2.102491
337	2589	2.086374
338	2608	2.101685
339	2609	2.102491
340	2609	2.102491
341	2613	2.105714
342	2613	2.105714
343	2609	2.102491
344	2608	2.101685
345	2608	2.101685
346	2609	2.102491
347	2609	2.102491
348	2609	2.102491
349	2608	2.101685
350	2613	2.105714
351	2597	2.092821
352	2608	2.101685
353	2609	2.102491
354	2613	2.105714
355	2597	2.092821
356	2613	2.105714
357	2609	2.102491
358	2609	2.102491
359	2597	2.092821
360	2597	2.092821
361	2608	2.101685
362	2597	2.092821
363	2608	2.101685
364	2613	2.105714
365	2613	2.105714
366	2609	2.102491
367	2609	2.102491
368	2609	2.102491
369	2597	2.092821
370	2613	2.105714
371	2597	2.092821
372	2613	2.105714
373	2597	2.092821
374	2609	2.102491
375	2613	2.105714
376	2609	2.102491
377	2609	2.102491
378	2608	2.101685
379	2597	2.092821
380	2608	2.101685
381	2597	2.092821
382	2613	2.105714
383	2583	2.081538
384	2597	2.092821
385	2609	2.102491
386	2608	2.101685
387	2597	2.092821
388	2613	2.105714
389	2597	2.092821
390	2608	2.101685
391	2613	2.105714
392	2608	2.101685
393	2609	2.102491
394	2608	2.101685
395	2609	2.102491
396	2609	2.102491
397	2615	2.107326
398	2613	2.105714
399	2609	2.102491
400	2613	2.105714
401	2589	2.086374
402	2609	2.102491
403	2608	2.101685
404	2613	2.105714
405	2608	2.101685
406	2608	2.101685
407	2613	2.105714
408	2613	2.105714
409	2593	2.089597
410	2597	2.092821
411	2608	2.101685
412	2613	2.105714
413	2609	2.102491
414	2608	2.101685
415	2608	2.101685
416	2608	2.101685
417	2597	2.092821
418	2609	2.102491
419	2613	2.105714
420	2609	2.102491
421	2613	2.105714
422	2613	2.105714
423	2608	2.101685
424	2613	2.105714
425	2597	2.092821
426	2613	2.105714
427	2608	2.101685
428	2613	2.105714
429	2613	2.105714
430	2597	2.092821
431	2613	2.105714
432	2609	2.102491
433	2608	2.101685
434	2597	2.092821
435	2615	2.107326
436	2609	2.102491
437	2597	2.092821
438	2613	2.105714
439	2613	2.105714
440	2609	2.102491
441	2608	2.101685
442	2621	2.112161
443	2608	2.101685
444	2609	2.102491
445	2609	2.102491
446	2623	2.113773
447	2613	2.105714
448	2613	2.105714
449	2609	2.102491
450	2609	2.102491
451	2621	2.112161
452	2613	2.105714
453	2613	2.105714
454	2613	2.105714
455	2597	2.092821
456	2613	2.105714
457	2609	2.102491
458	2608	2.101685
459	2613	2.105714
460	2609	2.102491
461	2608	2.101685
462	2621	2.112161
463	2613	2.105714
464	2621	2.112161
465	2615	2.107326
466	2609	2.102491
467	2613	2.105714
468	2609	2.102491
469	2613	2.105714
470	2613	2.105714
471	2608	2.101685
472	2629	2.118608
473	2621	2.112161
474	2621	2.112161
475	2613	2.105714
476	2615	2.107326
477	2615	2.107326
478	2621	2.112161
479	2621	2.112161
480	2613	2.105714
481	2615	2.107326
482	2629	2.118608
483	2613	2.105714
484	2613	2.105714
485	2629	2.118608
486	2621	2.112161
487	2621	2.112161
488	2621	2.112161
489	2613	2.105714
490	2615	2.107326
491	2612	2.104908
492	2615	2.107326
493	2613	2.105714
494	2621	2.112161
495	2613	2.105714
496	2613	2.105714
497	2621	2.112161
498	2615	2.107326
499	2615	2.107326
500	2613	2.105714
501	2613	2.105714
502	2613	2.105714
503	2609	2.102491
504	2613	2.105714
505	2621	2.112161
506	2608	2.101685
507	2613	2.105714
508	2621	2.112161
509	2621	2.112161
510	2613	2.105714
511	2613	2.105714
512	2613	2.105714
513	2629	2.118608
514	2613	2.105714
515	2609	2.102491
516	2613	2.105714
517	2608	2.101685
518	2613	2.105714
519	2609	2.102491
520	2613	2.105714
521	2621	2.112161
522	2608	2.101685
523	2615	2.107326
524	2613	2.105714
525	2613	2.105714
526	2621	2.112161
527	2640	2.127473
528	2608	2.101685
529	2613	2.105714
530	2615	2.107326
531	2609	2.102491
532	2615	2.107326
533	2609	2.102491
534	2621	2.112161
535	2613	2.105714
536	2613	2.105714
537	2613	2.105714
538	2613	2.105714
539	2613	2.105714
540	2613	2.105714
541	2613	2.105714
542	2615	2.107326
543	2621	2.112161
544	2621	2.112161
545	2613	2.105714
546	2621	2.112161
547	2641	2.128278
548	2629	2.118608
549	2621	2.112161
550	2623	2.113773
551	2621	2.112161
552	2629	2.118608
553	2629	2.118608
554	2640	2.127473
555	2621	2.112161
556	2613	2.105714
557	2613	2.105714
558	2621	2.112161
559	2623	2.113773
560	2629	2.118608
561	2629	2.118608
562	2640	2.127473
563	2629	2.118608
564	2613	2.105714
565	2641	2.128278
566	2621	2.112161
567	2623	2.113773
568	2640	2.127473
569	2629	2.118608
570	2615	2.107326
571	2613	2.105714
572	2621	2.112161
573	2615	2.107326
574	2621	2.112161
575	2621	2.112161
576	2621	2.112161
577	2608	2.101685
578	2609	2.102491
579	2615	2.107326
580	2613	2.105714
581	2613	2.105714
582	2623	2.113773
583	2613	2.105714
584	2613	2.105714
585	2608	2.101685
586	2613	2.105714
587	2640	2.127473
588	2621	2.112161
589	2640	2.127473
590	2629	2.118608
591	2621	2.112161
592	2621	2.112161
593	2613	2.105714
594	2621	2.112161
595	2613	2.105714
596	2621	2.112161
597	2613	2.105714
598	2621	2.112161
599	2613	2.105714
600	2621	2.112161
601	2621	2.112161
602	2609	2.102491
603	2621	2.112161
604	2623	2.113773
605	2621	2.112161
606	2613	2.105714
607	2613	2.105714
608	2621	2.112161
609	2613	2.105714
610	2613	2.105714
611	2621	2.112161
612	2621	2.112161
613	2615	2.107326
614	2613	2.105714
615	2615	2.107326
616	2621	2.112161
617	2613	2.105714
618	2621	2.112161
619	2613	2.105714
620	2621	2.112161
621	2621	2.112161
622	2615	2.107326
623	2641	2.128278
624	2615	2.107326
625	2629	2.118608
626	2613	2.105714
627	2615	2.107326
628	2623	2.113773
629	2613	2.105714
630	2623	2.113773
631	2621	2.112161
632	2629	2.118608
633	2640	2.127473
634	2623	2.113773
635	2613	2.105714
636	2613	2.105714
637	2621	2.112161
638	2615	2.107326
639	2621	2.112161
640	2640	2.127473
641	2621	2.112161
642	2621	2.112161
643	2629	2.118608
644	2621	2.112161
645	2621	2.112161
646	2621	2.112161
647	2621	2.112161
648	2621	2.112161
649	2629	2.118608
650	2640	2.127473
651	2629	2.118608
652	2629	2.118608
653	2615	2.107326
654	2621	2.112161
655	2629	2.118608
656	2613	2.105714
657	2615	2.107326
658	2621	2.112161
659	2623	2.113773
660	2623	2.113773
661	2629	2.118608
662	2613	2.105714
663	2640	2.127473
664	2640	2.127473
665	2623	2.113773
666	2629	2.118608
667	2640	2.127473
668	2615	2.107326
669	2640	2.127473
670	2640	2.127473
671	2629	2.118608
672	2629	2.118608
673	2613	2.105714
674	2640	2.127473
675	2629	2.118608
676	2640	2.127473
677	2623	2.113773
678	2629	2.118608
679	2629	2.118608
680	2629	2.118608
681	2629	2.118608
682	2629	2.118608
683	2640	2.127473
684	2613	2.105714
685	2629	2.118608
686	2645	2.131502
687	2621	2.112161
688	2623	2.113773
689	2641	2.128278
690	2615	2.107326
691	2629	2.118608
692	2623	2.113773
693	2621	2.112161
694	2615	2.107326
695	2640	2.127473
696	2621	2.112161
697	2640	2.127473
698	2641	2.128278
699	2629	2.118608
700	2629	2.118608
701	2640	2.127473
702	2621	2.112161
703	2641	2.128278
704	2621	2.112161
705	2641	2.128278
706	2640	2.127473
707	2645	2.131502
708	2641	2.128278
709	2623	2.113773
710	2629	2.118608
711	2645	2.131502
712	2641	2.128278
713	2640	2.127473
714	2623	2.113773
715	2623	2.113773
716	2621	2.112161
717	2629	2.118608
718	2640	2.127473
719	2621	2.112161
720	2621	2.112161
721	2629	2.118608
722	2615	2.107326
723	2621	2.112161
724	2621	2.112161
725	2629	2.118608
726	2629	2.118608
727	2645	2.131502
728	2640	2.127473
729	2621	2.112161
730	2640	2.127473
731	2641	2.128278
732	2640	2.127473
733	2645	2.131502
734	2623	2.113773
735	2645	2.131502
736	2629	2.118608
737	2640	2.127473
738	2640	2.127473
739	2645	2.131502
740	2640	2.127473
741	2629	2.118608
742	2641	2.128278
743	2645	2.131502
744	2640	2.127473
745	2645	2.131502
746	2645	2.131502
747	2640	2.127473
748	2640	2.127473
749	2623	2.113773
750	2641	2.128278
751	2645	2.131502
752	2640	2.127473
753	2641	2.128278
754	2621	2.112161
755	2621	2.112161
756	2641	2.128278
757	2623	2.113773
758	2640	2.127473
759	2629	2.118608
760	2641	2.128278
761	2645	2.131502
762	2645	2.131502
763	2640	2.127473
764	2645	2.131502
765	2645	2.131502
766	2641	2.128278
767	2645	2.131502
768	2645	2.131502
769	2640	2.127473
770	2657	2.141172
771	2657	2.141172
772	2656	2.140366
773	2641	2.128278
774	2645	2.131502
775	2645	2.131502
776	2629	2.118608
777	2641	2.128278
778	2640	2.127473
779	2657	2.141172
780	2645	2.131502
781	2641	2.128278
782	2640	2.127473
783	2661	2.144396
784	2661	2.144396
785	2645	2.131502
786	2672	2.153260
787	2645	2.131502
788	2645	2.131502
789	2657	2.141172
790	2661	2.144396
791	2653	2.137949
792	2640	2.127473
793	2653	2.137949
794	2641	2.128278
795	2645	2.131502
796	2647	2.133114
797	2645	2.131502
798	2645	2.131502
799	2645	2.131502
800	2645	2.131502
801	2645	2.131502
802	2653	2.137949
803	2645	2.131502
804	2645	2.131502
805	2645	2.131502
806	2645	2.131502
807	2657	2.141172
808	2661	2.144396
809	2645	2.131502
810	2661	2.144396
811	2661	2.144396
812	2661	2.144396
813	2677	2.157289
814	2673	2.154066
815	2657	2.141172
816	2657	2.141172
817	2661	2.144396
818	2661	2.144396
819	2661	2.144396
820	2672	2.153260
821	2656	2.140366
822	2661	2.144396
823	2661	2.144396
824	2661	2.144396
825	2672	2.153260
826	2677	2.157289
827	2673	2.154066
828	2673	2.154066
829	2672	2.153260
830	2657	2.141172
831	2672	2.153260
832	2661	2.144396
833	2656	2.140366
834	2661	2.144396
835	2657	2.141172
836	2661	2.144396
837	2657	2.141172
838	2672	2.153260
839	2661	2.144396
840	2673	2.154066
841	2677	2.157289
842	2657	2.141172
843	2653	2.137949
844	2672	2.153260
845	2647	2.133114
846	2673	2.154066
847	2672	2.153260
848	2677	2.157289
849	2661	2.144396
850	2672	2.153260
851	2661	2.144396
852	2673	2.154066
853	2672	2.153260
854	2673	2.154066
855	2661	2.144396
856	2661	2.144396
857	2677	2.157289
858	2673	2.154066
859	2661	2.144396
860	2661	2.144396
861	2661	2.144396
862	2661	2.144396
863	2677	2.157289
864	2673	2.154066
865	2677	2.157289
866	2685	2.163736
867	2677	2.157289
868	2689	2.166960
869	2673	2.154066
870	2704	2.179048
871	2685	2.163736
872	2685	2.163736
873	2685	2.163736
874	2673	2.154066
875	2689	2.166960
876	2677	2.157289
877	2673	2.154066
878	2685	2.163736
879	2677	2.157289
880	2677	2.157289
881	2677	2.157289
882	2685	2.163736
883	2673	2.154066
884	2679	2.158901
885	2672	2.153260
886	2677	2.157289
887	2672	2.153260
888	2677	2.157289
889	2673	2.154066
890	2672	2.153260
891	2673	2.154066
892	2673	2.154066
893	2672	2.153260
894	2677	2.157289
895	2661	2.144396
896	2677	2.157289
897	2673	2.154066
898	2672	2.153260
899	2672	2.153260
900	2677	2.157289
901	2672	2.153260
902	2672	2.153260
903	2677	2.157289
904	2677	2.157289
905	2673	2.154066
906	2672	2.153260
907	2672	2.153260
908	2677	2.157289
909	2693	2.170183
910	2679	2.158901
911	2672	2.153260
912	2677	2.157289
913	2673	2.154066
914	2677	2.157289
915	2677	2.157289
916	2685	2.163736
917	2677	2.157289
918	2685	2.163736
919	2679	2.158901
920	2677	2.157289
921	2685	2.163736
922	2673	2.154066
923	2677	2.157289
924	2677	2.157289
925	2673	2.154066
926	2689	2.166960
927	2677	2.157289
928	2677	2.157289
929	2673	2.154066
930	2673	2.154066
931	2677	2.157289
932	2677	2.157289
933	2673	2.154066
934	2679	2.158901
935	2672	2.153260
936	2677	2.157289
937	2677	2.157289
938	2677	2.157289
939	2673	2.154066
940	2673	2.154066
941	2677	2.157289
942	2677	2.157289
943	2685	2.163736
944	2677	2.157289
945	2677	2.157289
946	2677	2.157289
947	2689	2.166960
948	2679	2.158901
949	2677	2.157289
950	2673	2.154066
951	2673	2.154066
952	2677	2.157289
953	2685	2.163736
954	2685	2.163736
955	2677	2.157289
956	2693	2.170183
957	2685	2.163736
958	2677	2.157289
959	2677	2.157289
960	2689	2.166960
961	2685	2.163736
962	2685	2.163736
963	2685	2.163736
964	2673	2.154066
965	2677	2.157289
966	2679	2.158901
967	2685	2.163736
968	2685	2.163736
969	2677	2.157289
970	2685	2.163736
971	2677	2.157289
972	2685	2.163736
973	2685	2.163736
974	2693	2.170183
975	2679	2.158901
976	2704	2.179048
977	2689	2.166960
978	2693	2.170183
979	2704	2.179048
980	2693	2.170183
981	2673	2.154066
982	2693	2.170183
983	2693	2.170183
984	2685	2.163736
985	2685	2.163736
986	2693	2.170183
987	2704	2.179048
988	2677	2.157289
989	2689	2.166960
990	2685	2.163736
991	2693	2.170183
992	2685	2.163736
993	2693	2.170183
994	2704	2.179048
995	2709	2.183077
996	2704	2.179048
997	2705	2.179853
998	2704	2.179048
999	2709	2.183077
1000	2709	2.183077
1001	2704	2.179048
1002	2705	2.179853
1003	2705	2.179853
1004	2711	2.184689
1005	2704	2.179048
1006	2705	2.179853
1007	2685	2.163736
1008	2705	2.179853
1009	2704	2.179048
1010	2705	2.179853
1011	2685	2.163736
1012	2709	2.183077
1013	2693	2.170183
1014	2704	2.179048
1015	2693	2.170183
1016	2709	2.183077
1017	2689	2.166960
1018	2705	2.179853
1019	2704	2.179048
1020	2705	2.179853
1021	2705	2.179853
1022	2693	2.170183
1023	2705	2.179853
1024	2709	2.183077
1025	2705	2.179853
1026	2709	2.183077
1027	2704	2.179048
1028	2693	2.170183
1029	2704	2.179048
1030	2693	2.170183
1031	2704	2.179048
1032	2704	2.179048
1033	2709	2.183077
1034	2709	2.183077
1035	2709	2.183077
1036	2711	2.184689
1037	2705	2.179853
1038	2693	2.170183
1039	2709	2.183077
1040	2705	2.179853
1041	2693	2.170183
1042	2704	2.179048
1043	2704	2.179048
1044	2693	2.170183
1045	2709	2.183077
1046	2704	2.179048
1047	2704	2.179048
1048	2693	2.170183
1049	2704	2.179048
1050	2709	2.183077
1051	2704	2.179048
1052	2705	2.179853
1053	2709	2.183077
1054	2708	2.182271
1055	2704	2.179048
1056	2709	2.183077
1057	2704	2.179048
1058	2704	2.179048
1059	2704	2.179048
1060	2709	2.183077
1061	2709	2.183077
1062	2709	2.183077
1063	2709	2.183077
1064	2709	2.183077
1065	2721	2.192747
1066	2709	2.183077
1067	2717	2.189524
1068	2717	2.189524
1069	2704	2.179048
1070	2709	2.183077
1071	2711	2.184689
1072	2693	2.170183
1073	2705	2.179853
1074	2721	2.192747
1075	2704	2.179048
1076	2709	2.183077
1077	2709	2.183077
1078	2705	2.179853
1079	2704	2.179048
1080	2709	2.183077
1081	2705	2.179853
1082	2725	2.195971
1083	2705	2.179853
1084	2721	2.192747
1085	2721	2.192747
1086	2709	2.183077
1087	2705	2.179853
1088	2725	2.195971
1089	2741	2.208864
1090	2721	2.192747
1091	2725	2.195971
1092	2725	2.195971
1093	2721	2.192747
1094	2717	2.189524
1095	2717	2.189524
1096	2717	2.189524
1097	2709	2.183077
1098	2711	2.184689
1099	2721	2.192747
1100	2721	2.192747
1101	2725	2.195971
1102	2709	2.183077
1103	2717	2.189524
1104	2721	2.192747
1105	2721	2.192747
1106	2711	2.184689
1107	2721	2.192747
1108	2725	2.195971
1109	2725	2.195971
1110	2725	2.195971
1111	2720	2.191941
1112	2725	2.195971
1113	2725	2.195971
1114	2725	2.195971
1115	2721	2.192747
1116	2711	2.184689
1117	2725	2.195971
1118	2711	2.184689
1119	2717	2.189524
1120	2709	2.183077
1121	2717	2.189524
1122	2721	2.192747
1123	2725	2.195971
1124	2725	2.195971
1125	2721	2.192747
1126	2721	2.192747
1127	2709	2.183077
1128	2717	2.189524
1129	2736	2.204835
1130	2741	2.208864
1131	2725	2.195971
1132	2736	2.204835
1133	2737	2.205641
1134	2737	2.205641
1135	2717	2.189524
1136	2736	2.204835
1137	2717	2.189524
1138	2736	2.204835
1139	2725	2.195971
1140	2725	2.195971
1141	2711	2.184689
1142	2736	2.204835
1143	2721	2.192747
1144	2737	2.205641
1145	2717	2.189524
1146	2721	2.192747
1147	2736	2.204835
1148	2736	2.204835
1149	2725	2.195971
1150	2725	2.195971
1151	2736	2.204835
1152	2737	2.205641
1153	2725	2.195971
1154	2736	2.204835
1155	2725	2.195971
1156	2725	2.195971
1157	2736	2.204835
1158	2725	2.195971
1159	2721	2.192747
1160	2741	2.208864
1161	2737	2.205641
1162	2741	2.208864
1163	2737	2.205641
1164	2736	2.204835
1165	2736	2.204835
1166	2736	2.204835
1167	2741	2.208864
1168	2741	2.208864
1169	2757	2.221758
1170	2736	2.204835
1171	2736	2.204835
1172	2736	2.204835
1173	2741	2.208864
1174	2741	2.208864
1175	2737	2.205641
1176	2737	2.205641
1177	2741	2.208864
1178	2741	2.208864
1179	2741	2.208864
1180	2737	2.205641
1181	2749	2.215311
1182	2736	2.204835
1183	2741	2.208864
1184	2749	2.215311
1185	2737	2.205641
1186	2749	2.215311
1187	2736	2.204835
1188	2737	2.205641
1189	2741	2.208864
1190	2736	2.204835
1191	2749	2.215311
1192	2741	2.208864
1193	2741	2.208864
1194	2741	2.208864
1195	2737	2.205641
1196	2736	2.204835
1197	2741	2.208864
1198	2749	2.215311
1199	2741	2.208864
1200	2749	2.215311
1201	2741	2.208864
1202	2743	2.210476
1203	2741	2.208864
1204	2749	2.215311
1205	2743	2.210476
1206	2741	2.208864
1207	2737	2.205641
1208	2737	2.205641
1209	2736	2.204835
1210	2741	2.208864
1211	2749	2.215311
1212	2741	2.208864
1213	2749	2.215311
1214	2757	2.221758
1215	2749	2.215311
1216	2737	2.205641
1217	2741	2.208864
1218	2741	2.208864
1219	2743	2.210476
1220	2741	2.208864
1221	2749	2.215311
1222	2741	2.208864
1223	2741	2.208864
1224	2749	2.215311
1225	2749	2.215311
1226	2749	2.215311
1227	2741	2.208864
1228	2757	2.221758
1229	2749	2.215311
1230	2743	2.210476
1231	2757	2.221758
1232	2741	2.208864
1233	2741	2.208864
1234	2749	2.215311
1235	2757	2.221758
1236	2768	2.230623
1237	2757	2.221758
1238	2741	2.208864
1239	2741	2.208864
1240	2749	2.215311
1241	2757	2.221758
1242	2749	2.215311
1243	2757	2.221758
1244	2753	2.218535
1245	2737	2.205641
1246	2757	2.221758
1247	2743	2.210476
1248	2749	2.215311
1249	2757	2.221758
1250	2757	2.221758
1251	2749	2.215311
1252	2757	2.221758
1253	2768	2.230623
1254	2768	2.230623
1255	2769	2.231429
1256	2757	2.221758
1257	2749	2.215311
1258	2757	2.221758
1259	2749	2.215311
1260	2768	2.230623
1261	2768	2.230623
1262	2769	2.231429
1263	2757	2.221758
1264	2768	2.230623
1265	2757	2.221758
1266	2757	2.221758
1267	2773	2.234652
1268	2769	2.231429
1269	2757	2.221758
1270	2768	2.230623
1271	2749	2.215311
1272	2768	2.230623
1273	2773	2.234652
1274	2757	2.221758
1275	2769	2.231429
1276	2769	2.231429
1277	2769	2.231429
1278	2768	2.230623
1279	2768	2.230623
1280	2773	2.234652
1281	2757	2.221758
1282	2773	2.234652
1283	2769	2.231429
1284	2749	2.215311
1285	2773	2.234652
1286	2757	2.221758
1287	2773	2.234652
1288	2768	2.230623
1289	2773	2.234652
1290	2773	2.234652
1291	2768	2.230623
1292	2773	2.234652
1293	2769	2.231429
1294	2773	2.234652
1295	2769	2.231429
1296	2773	2.234652
1297	2769	2.231429
1298	2769	2.231429
1299	2773	2.234652
1300	2769	2.231429
1301	2769	2.231429
1302	2769	2.231429
1303	2773	2.234652
1304	2769	2.231429
1305	2785	2.244322
1306	2768	2.230623
1307	2773	2.234652
1308	2773	2.234652
1309	2773	2.234652
1310	2785	2.244322
1311	2773	2.234652
1312	2785	2.244322
1313	2773	2.234652
1314	2784	2.243516
1315	2769	2.231429
1316	2769	2.231429
1317	2773	2.234652
1318	2773	2.234652
1319	2773	2.234652
1320	2773	2.234652
1321	2773	2.234652
1322	2773	2.234652
1323	2784	2.243516
1324	2769	2.231429
1325	2769	2.231429
1326	2785	2.244322
1327	2785	2.244322
1328	2785	2.244322
1329	2769	2.231429
1330	2775	2.236264
1331	2785	2.244322
1332	2773	2.234652
1333	2789	2.247546
1334	2773	2.234652
1335	2789	2.247546
1336	2781	2.241099
1337	2789	2.247546
1338	2789	2.247546
1339	2781	2.241099
1340	2773	2.234652
1341	2800	2.256410
1342	2781	2.241099
1343	2785	2.244322
1344	2784	2.243516
1345	2784	2.243516
1346	2800	2.256410
1347	2789	2.247546
1348	2785	2.244322
1349	2785	2.244322
1350	2789	2.247546
1351	2785	2.244322
1352	2800	2.256410
1353	2789	2.247546
1354	2785	2.244322
1355	2785	2.244322
1356	2785	2.244322
1357	2775	2.236264
1358	2800	2.256410
1359	2773	2.234652
1360	2789	2.247546
1361	2785	2.244322
1362	2789	2.247546
1363	2789	2.247546
1364	2785	2.244322
1365	2800	2.256410
1366	2789	2.247546
1367	2800	2.256410
1368	2789	2.247546
1369	2789	2.247546
1370	2789	2.247546
1371	2789	2.247546
1372	2789	2.247546
1373	2789	2.247546
1374	2800	2.256410
1375	2789	2.247546
1376	2785	2.244322
1377	2807	2.262051
1378	2800	2.256410
1379	2775	2.236264
1380	2800	2.256410
1381	2789	2.247546
1382	2789	2.247546
1383	2789	2.247546
1384	2801	2.257216
1385	2800	2.256410
1386	2800	2.256410
1387	2789	2.247546
1388	2789	2.247546
1389	2789	2.247546
1390	2800	2.256410
1391	2785	2.244322
1392	2785	2.244322
1393	2801	2.257216
1394	2801	2.257216
1395	2800	2.256410
1396	2800	2.256410
1397	2801	2.257216
1398	2816	2.269304
1399	2801	2.257216
1400	2800	2.256410
1401	2805	2.260440
1402	2805	2.260440
1403	2800	2.256410
1404	2800	2.256410
1405	2789	2.247546
1406	2789	2.247546
1407	2801	2.257216
1408	2801	2.257216
1409	2789	2.247546
1410	2800	2.256410
1411	2805	2.260440
1412	2801	2.257216
1413	2800	2.256410
1414	2800	2.256410
1415	2800	2.256410
1416	2801	2.257216
1417	2800	2.256410
1418	2801	2.257216
1419	2800	2.256410
1420	2805	2.260440
1421	2789	2.247546
1422	2789	2.247546
1423	2805	2.260440
1424	2789	2.247546
1425	2807	2.262051
1426	2801	2.257216
1427	2804	2.259634
1428	2800	2.256410
1429	2805	2.260440
1430	2801	2.257216
1431	2801	2.257216
1432	2807	2.262051
1433	2801	2.257216
1434	2789	2.247546
1435	2807	2.262051
1436	2805	2.260440
1437	2807	2.262051
1438	2789	2.247546
1439	2805	2.260440
1440	2801	2.257216
1441	2800	2.256410
1442	2801	2.257216
1443	2800	2.256410
1444	2817	2.270110
1445	2800	2.256410
1446	2805	2.260440
1447	2805	2.260440
1448	2805	2.260440
1449	2805	2.260440
1450	2805	2.260440
1451	2807	2.262051
1452	2805	2.260440
1453	2816	2.269304
1454	2816	2.269304
1455	2805	2.260440
1456	2800	2.256410
1457	2805	2.260440
1458	2805	2.260440
1459	2821	2.273333
1460	2817	2.270110
1461	2801	2.257216
1462	2816	2.269304
1463	2821	2.273333
1464	2817	2.270110
1465	2805	2.260440
1466	2805	2.260440
1467	2817	2.270110
1468	2817	2.270110
1469	2821	2.273333
1470	2816	2.269304
1471	2807	2.262051
1472	2805	2.260440
1473	2805	2.260440
1474	2816	2.269304
1475	2800	2.256410
1476	2805	2.260440
1477	2805	2.260440
1478	2805	2.260440
1479	2807	2.262051
1480	2801	2.257216
1481	2805	2.260440
1482	2805	2.260440
1483	2805	2.260440
1484	2801	2.257216
1485	2801	2.257216
1486	2805	2.260440
1487	2801	2.257216
1488	2800	2.256410
1489	2801	2.257216
1490	2800	2.256410
1491	2805	2.260440
1492	2801	2.257216
1493	2800	2.256410
1494	2805	2.260440
1495	2801	2.257216
1496	2801	2.257216
1497	2816	2.269304
1498	2805	2.260440
1499	2805	2.260440
1500	2805	2.260440
1501	2817	2.270110
1502	2816	2.269304
1503	2800	2.256410
1504	2805	2.260440
1505	2816	2.269304
1506	2816	2.269304
1507	2817	2.270110
1508	2801	2.257216
1509	2800	2.256410
1510	2805	2.260440
1511	2801	2.257216
1512	2801	2.257216
1513	2805	2.260440
1514	2817	2.270110
1515	2805	2.260440
1516	2807	2.262051
1517	2805	2.260440
1518	2817	2.270110
1519	2816	2.269304
1520	2805	2.260440
1521	2800	2.256410
1522	2821	2.273333
1523	2817	2.270110
1524	2805	2.260440
1525	2801	2.257216
1526	2816	2.269304
1527	2801	2.257216
1528	2805	2.260440
1529	2805	2.260440
1530	2805	2.260440
1531	2789	2.247546
1532	2817	2.270110
1533	2805	2.260440
1534	2800	2.256410
1535	2807	2.262051
1536	2800	2.256410
1537	2805	2.260440
1538	2800	2.256410
1539	2805	2.260440
1540	2807	2.262051
1541	2805	2.260440
1542	2801	2.257216
1543	2805	2.260440
1544	2805	2.260440
1545	2805	2.260440
1546	2800	2.256410
1547	2805	2.260440
1548	2805	2.260440
1549	2801	2.257216
1550	2789	2.247546
1551	2800	2.256410
1552	2789	2.247546
1553	2805	2.260440
1554	2801	2.257216
1555	2801	2.257216
1556	2805	2.260440
1557	2805	2.260440
1558	2805	2.260440
1559	2801	2.257216
1560	2789	2.247546
1561	2800	2.256410
1562	2800	2.256410
1563	2805	2.260440
1564	2801	2.257216
1565	2801	2.257216
1566	2800	2.256410
1567	2805	2.260440
1568	2805	2.260440
1569	2801	2.257216
1570	2789	2.247546
1571	2800	2.256410
1572	2801	2.257216
1573	2800	2.256410
1574	2800	2.256410
1575	2789	2.247546
1576	2801	2.257216
1577	2800	2.256410
1578	2800	2.256410
1579	2789	2.247546
1580	2805	2.260440
1581	2800	2.256410
1582	2801	2.257216
1583	2805	2.260440
1584	2800	2.256410
1585	2805	2.260440
1586	2805	2.260440
1587	2805	2.260440
1588	2789	2.247546
1589	2788	2.246740
1590	2807	2.262051
1591	2800	2.256410
1592	2800	2.256410
1593	2801	2.257216
1594	2801	2.257216
1595	2800	2.256410
1596	2801	2.257216
1597	2805	2.260440
1598	2789	2.247546
1599	2789	2.247546
1600	2800	2.256410
1601	2801	2.257216
1602	2789	2.247546
1603	2801	2.257216
1604	2800	2.256410
1605	2785	2.244322
1606	2800	2.256410
1607	2801	2.257216
1608	2785	2.244322
1609	2785	2.244322
1610	2785	2.244322
1611	2800	2.256410
1612	2805	2.260440
1613	2789	2.247546
1614	2775	2.236264
1615	2800	2.256410
1616	2773	2.234652
1617	2789	2.247546
1618	2789	2.247546
1619	2789	2.247546
1620	2773	2.234652
1621	2789	2.247546
1622	2789	2.247546
1623	2773	2.234652
1624	2773	2.234652
1625	2785	2.244322
1626	2785	2.244322
1627	2775	2.236264
1628	2775	2.236264
1629	2781	2.241099
1630	2789	2.247546
1631	2785	2.244322
1632	2785	2.244322
1633	2789	2.247546
1634	2784	2.243516
1635	2789	2.247546
1636	2785	2.244322
1637	2784	2.243516
1638	2773	2.234652
1639	2785	2.244322
1640	2773	2.234652
1641	2768	2.230623
1642	2773	2.234652
1643	2773	2.234652
1644	2769	2.231429
1645	2769	2.231429
1646	2785	2.244322
1647	2769	2.231429
1648	2773	2.234652
1649	2773	2.234652
1650	2773	2.234652
1651	2773	2.234652
1652	2769	2.231429
1653	2775	2.236264
1654	2773	2.234652
1655	2768	2.230623
1656	2769	2.231429
1657	2773	2.234652
1658	2773	2.234652
1659	2769	2.231429
1660	2768	2.230623
1661	2773	2.234652
1662	2769	2.231429
1663	2757	2.221758
1664	2768	2.230623
1665	2773	2.234652
1666	2749	2.215311
1667	2768	2.230623
1668	2769	2.231429
1669	2773	2.234652
1670	2768	2.230623
1671	2753	2.218535
1672	2751	2.216923
1673	2768	2.230623
1674	2757	2.221758
1675	2757	2.221758
1676	2757	2.221758
1677	2741	2.208864
1678	2749	2.215311
1679	2757	2.221758
1680	2773	2.234652
1681	2768	2.230623
1682	2757	2.221758
1683	2768	2.230623
1684	2757	2.221758
1685	2749	2.215311
1686	2757	2.221758
1687	2741	2.208864
1688	2741	2.208864
1689	2753	2.218535
1690	2741	2.208864
1691	2749	2.215311
1692	2741	2.208864
1693	2749	2.215311
1694	2749	2.215311
1695	2741	2.208864
1696	2749	2.215311
1697	2741	2.208864
1698	2749	2.215311
1699	2743	2.210476
1700	2743	2.210476
1701	2743	2.210476
1702	2737	2.205641
1703	2741	2.208864
1704	2741	2.208864
1705	2741	2.208864
1706	2749	2.215311
1707	2736	2.204835
1708	2741	2.208864
1709	2725	2.195971
1710	2736	2.204835
1711	2736	2.204835
1712	2749	2.215311
1713	2725	2.195971
1714	2725	2.195971
1715	2736	2.204835
1716	2721	2.192747
1717	2721	2.192747
1718	2725	2.195971
1719	2737	2.205641
1720	2736	2.204835
1721	2736	2.204835
1722	2741	2.208864
1723	2737	2.205641
1724	2711	2.184689
1725	2736	2.204835
1726	2725	2.195971
1727	2736	2.204835
1728	2717	2.189524
1729	2720	2.191941
1730	2725	2.195971
1731	2725	2.195971
1732	2717	2.189524
1733	2717	2.189524
1734	2709	2.183077
1735	2709	2.183077
1736	2717	2.189524
1737	2725	2.195971
1738	2709	2.183077
1739	2709	2.183077
1740	2709	2.183077
1741	2704	2.179048
1742	2709	2.183077
1743	2705	2.179853
1744	2705	2.179853
1745	2704	2.179048
1746	2705	2.179853
1747	2709	2.183077
1748	2721	2.192747
1749	2693	2.170183
1750	2704	2.179048
1751	2704	2.179048
1752	2689	2.166960
1753	2704	2.179048
1754	2693	2.170183
1755	2704	2.179048
1756	2704	2.179048
1757	2677	2.157289
1758	2685	2.163736
1759	2677	2.157289
1760	2692	2.169377
1761	2685	2.163736
1762	2685	2.163736
1763	2693	2.170183
1764	2693	2.170183
1765	2677	2.157289
1766	2677	2.157289
1767	2685	2.163736
1768	2693	2.170183
1769	2677	2.157289
1770	2679	2.158901
1771	2679	2.158901
1772	2677	2.157289
1773	2673	2.154066
1774	2673	2.154066
1775	2677	2.157289
1776	2672	2.153260
1777	2673	2.154066
1778	2677	2.157289
1779	2677	2.157289
1780	2657	2.141172
1781	2661	2.144396
1782	2661	2.144396
1783	2657	2.141172
1784	2661	2.144396
1785	2672	2.153260
1786	2661	2.144396
1787	2661	2.144396
1788	2645	2.131502
1789	2645	2.131502
1790	2657	2.141172
1791	2657	2.141172
1792	2645	2.131502
1793	2641	2.128278
1794	2645	2.131502
1795	2645	2.131502
1796	2641	2.128278
1797	2661	2.144396
1798	2645	2.131502
1799	2641	2.128278
1800	2647	2.133114
1801	2645	2.131502
1802	2640	2.127473
1803	2641	2.128278
1804	2645	2.131502
1805	2629	2.118608
1806	2640	2.127473
1807	2621	2.112161
1808	2640	2.127473
1809	2621	2.112161
1810	2613	2.105714
1811	2641	2.128278
1812	2629	2.118608
1813	2623	2.113773
1814	2621	2.112161
1815	2613	2.105714
1816	2621	2.112161
1817	2623	2.113773
1818	2615	2.107326
1819	2623	2.113773
1820	2621	2.112161
1821	2613	2.105714
1822	2613	2.105714
1823	2613	2.105714
1824	2608	2.101685
1825	2621	2.112161
1826	2615	2.107326
1827	2608	2.101685
1828	2608	2.101685
1829	2615	2.107326
1830	2613	2.105714
1831	2609	2.102491
1832	2609	2.102491
1833	2597	2.092821
1834	2608	2.101685
1835	2597	2.092821
1836	2593	2.089597
1837	2597	2.092821
1838	2597	2.092821
1839	2581	2.079927
1840	2597	2.092821
1841	2593	2.089597
1842	2583	2.081538
1843	2589	2.086374
1844	2593	2.089597
1845	2581	2.079927
1846	2577	2.076703
1847	2583	2.081538
1848	2581	2.079927
1849	2565	2.067033
1850	2577	2.076703
1851	2577	2.076703
1852	2565	2.067033
1853	2577	2.076703
1854	2577	2.076703
1855	2565	2.067033
1856	2549	2.054139
1857	2557	2.060586
1858	2581	2.079927
1859	2576	2.075897
1860	2565	2.067033
1861	2549	2.054139
1862	2549	2.054139
1863	2557	2.060586
1864	2557	2.060586
1865	2545	2.050916
1866	2557	2.060586
1867	2565	2.067033
1868	2545	2.050916
1869	2549	2.054139
1870	2533	2.041245
1871	2549	2.054139
1872	2549	2.054139
1873	2549	2.054139
1874	2549	2.054139
1875	2548	2.053333
1876	2545	2.050916
1877	2549	2.054139
1878	2549	2.054139
1879	2544	2.050110
1880	2533	2.041245
1881	2533	2.041245
1882	2529	2.038022
1883	2529	2.038022
1884	2533	2.041245
1885	2544	2.050110
1886	2529	2.038022
1887	2529	2.038022
1888	2528	2.037216
1889	2517	2.028352
1890	2512	2.024322
1891	2516	2.027546
1892	2512	2.024322
1893	2501	2.015458
1894	2512	2.024322
1895	2517	2.028352
1896	2501	2.015458
1897	2501	2.015458
1898	2512	2.024322
1899	2513	2.025128
1900	2513	2.025128
1901	2501	2.015458
1902	2501	2.015458
1903	2501	2.015458
1904	2493	2.009011
1905	2501	2.015458
1906	2501	2.015458
1907	2501	2.015458
1908	2513	2.025128
1909	2512	2.024322
1910	2501	2.015458
1911	2501	2.015458
1912	2485	2.002564
1913	2485	2.002564
1914	2497	2.012234
1915	2485	2.002564
1916	2485	2.002564
1917	2493	2.009011
1918	2485	2.002564
1919	2485	2.002564
1920	2481	1.999341
1921	2481	1.999341
1922	2480	1.998535
1923	2469	1.989670
1924	2481	1.999341
1925	2469	1.989670
1926	2469	1.989670
1927	2480	1.998535
1928	2480	1.998535
1929	2469	1.989670
1930	2465	1.986447
1931	2461	1.983223
1932	2453	1.976777
1933	2461	1.983223
1934	2453	1.976777
1935	2469	1.989670
1936	2449	1.973553
1937	2453	1.976777
1938	2449	1.973553
1939	2453	1.976777
1940	2461	1.983223
1941	2461	1.983223
1942	2453	1.976777
1943	2449	1.973553
1944	2453	1.976777
1945	2437	1.963883
1946	2433	1.960659
1947	2437	1.963883
1948	2448	1.972747
1949	2449	1.973553
1950	2453	1.976777
1951	2437	1.963883
1952	2437	1.963883
1953	2433	1.960659
1954	2437	1.963883
1955	2437	1.963883
1956	2421	1.950989
1957	2433	1.960659
1958	2433	1.960659
1959	2429	1.957436
1960	2437	1.963883
1961	2433	1.960659
1962	2429	1.957436
1963	2433	1.960659
1964	2423	1.952601
1965	2421	1.950989
1966	2421	1.950989
1967	2423	1.952601
1968	2417	1.947766
1969	2421	1.950989
1970	2421	1.950989
1971	2421	1.950989
1972	2397	1.931648
1973	2405	1.938095
1974	2421	1.950989
1975	2416	1.946960
1976	2401	1.934872
1977	2401	1.934872
1978	2416	1.946960
1979	2405	1.938095
1980	2401	1.934872
1981	2401	1.934872
1982	2405	1.938095
1983	2416	1.946960
1984	2401	1.934872
1985	2389	1.925201
1986	2405	1.938095
1987	2400	1.934066
1988	2391	1.926813
1989	2391	1.926813
1990	2401	1.934872
1991	2385	1.921978
1992	2389	1.925201
1993	2401	1.934872
1994	2385	1.921978
1995	2389	1.925201
1996	2401	1.934872
1997	2389	1.925201
1998	2389	1.925201
1999	2385	1.921978
2000	2389	1.925201
2001	2389	1.925201
2002	2389	1.925201
2003	2384	1.921172
2004	2389	1.925201
2005	2373	1.912308
2006	2385	1.921978
2007	2389	1.925201
2008	2384	1.921172
2009	2385	1.921978
2010	2373	1.912308
2011	2373	1.912308
2012	2367	1.907473
2013	2385	1.921978
2014	2384	1.921172
2015	2384	1.921172
2016	2384	1.921172
2017	2389	1.925201
2018	2373	1.912308
2019	2357	1.899414
2020	2367	1.907473
2021	2373	1.912308
2022	2357	1.899414
2023	2373	1.912308
2024	2365	1.905861
2025	2356	1.898608
2026	2365	1.905861
2027	2357	1.899414
2028	2365	1.905861
2029	2367	1.907473
2030	2357	1.899414
2031	2357	1.899414
2032	2365	1.905861
2033	2359	1.901026
2034	2357	1.899414
2035	2373	1.912308
2036	2365	1.905861
2037	2365	1.905861
2038	2357	1.899414
2039	2357	1.899414
2040	2357	1.899414
2041	2357	1.899414
2042	2359	1.901026
2043	2365	1.905861
2044	2357	1.899414
2045	2365	1.905861
2046	2367	1.907473
2047	2353	1.896190
2048	2365	1.905861
2049	2352	1.895385
2050	2341	1.886520
2051	2341	1.886520
2052	2357	1.899414
2053	2353	1.896190
2054	2357	1.899414
2055	2352	1.895385
2056	2357	1.899414
2057	2357	1.899414
2058	2357	1.899414
2059	2365	1.905861
2060	2365	1.905861
2061	2352	1.895385
2062	2352	1.895385
2063	2357	1.899414
2064	2353	1.896190
2065	2357	1.899414
2066	2353	1.896190
2067	2352	1.895385
2068	2341	1.886520
2069	2353	1.896190
2070	2357	1.899414
2071	2341	1.886520
2072	2352	1.895385
2073	2333	1.880073
2074	2353	1.896190
2075	2353	1.896190
2076	2352	1.895385
2077	2357	1.899414
2078	2353	1.896190
2079	2352	1.895385
2080	2357	1.899414
2081	2341	1.886520
2082	2352	1.895385
2083	2341	1.886520
2084	2352	1.895385
2085	2353	1.896190
2086	2365	1.905861
2087	2357	1.899414
2088	2353	1.896190
2089	2353	1.896190
2090	2359	1.901026
2091	2353	1.896190
2092	2357	1.899414
2093	2357	1.899414
2094	2352	1.895385
2095	2353	1.896190
2096	2352	1.895385
2097	2357	1.899414
2098	2352	1.895385
2099	2359	1.901026
2100	2352	1.895385
2101	2353	1.896190
2102	2365	1.905861
2103	2357	1.899414
2104	2353	1.896190
2105	2357	1.899414
2106	2359	1.901026
2107	2373	1.912308
2108	2357	1.899414
2109	2373	1.912308
2110	2365	1.905861
2111	2365	1.905861
2112	2365	1.905861
2113	2384	1.921172
2114	2373	1.912308
2115	2365	1.905861
2116	2357	1.899414
2117	2373	1.912308
2118	2365	1.905861
2119	2373	1.912308
2120	2373	1.912308
2121	2385	1.921978
2122	2384	1.921172
2123	2385	1.921978
2124	2385	1.921978
2125	2365	1.905861
2126	2384	1.921172
2127	2384	1.921172
2128	2385	1.921978
2129	2401	1.934872
2130	2385	1.921978
2131	2385	1.921978
2132	2384	1.921172
2133	2391	1.926813
2134	2397	1.931648
2135	2405	1.938095
2136	2389	1.925201
2137	2385	1.921978
2138	2397	1.931648
2139	2405	1.938095
2140	2401	1.934872
2141	2405	1.938095
2142	2391	1.926813
2143	2405	1.938095
2144	2416	1.946960
2145	2417	1.947766
2146	2389	1.925201
2147	2421	1.950989
2148	2405	1.938095
2149	2416	1.946960
2150	2405	1.938095
2151	2416	1.946960
2152	2417	1.947766
2153	2405	1.938095
2154	2423	1.952601
2155	2421	1.950989
2156	2416	1.946960
2157	2417	1.947766
2158	2421	1.950989
2159	2417	1.947766
2160	2417	1.947766
2161	2423	1.952601
2162	2421	1.950989
2163	2421	1.950989
2164	2429	1.957436
2165	2433	1.960659
2166	2421	1.950989
2167	2437	1.963883
2168	2429	1.957436
2169	2437	1.963883
2170	2437	1.963883
2171	2448	1.972747
2172	2437	1.963883
2173	2437	1.963883
2174	2433	1.960659
2175	2448	1.972747
2176	2453	1.976777
2177	2433	1.960659
2178	2449	1.973553
2179	2455	1.978388
2180	2448	1.972747
2181	2448	1.972747
2182	2429	1.957436
2183	2437	1.963883
2184	2453	1.976777
2185	2437	1.963883
2186	2448	1.972747
2187	2449	1.973553
2188	2453	1.976777
2189	2448	1.972747
2190	2453	1.976777
2191	2449	1.973553
2192	2453	1.976777
2193	2453	1.976777
2194	2449	1.973553
2195	2448	1.972747
2196	2449	1.973553
2197	2469	1.989670
2198	2455	1.978388
2199	2453	1.976777
2200	2453	1.976777
2201	2453	1.976777
2202	2453	1.976777
2203	2469	1.989670
2204	2449	1.973553
2205	2449	1.973553
2206	2453	1.976777
2207	2449	1.973553
2208	2453	1.976777
2209	2455	1.978388
2210	2453	1.976777
2211	2453	1.976777
2212	2449	1.973553
2213	2448	1.972747
2214	2448	1.972747
2215	2461	1.983223
2216	2449	1.973553
2217	2437	1.963883
2218	2453	1.976777
2219	2448	1.972747
2220	2449	1.973553
2221	2453	1.976777
2222	2449	1.973553
2223	2455	1.978388
2224	2449	1.973553
2225	2449	1.973553
2226	2449	1.973553
2227	2449	1.973553
2228	2433	1.960659
2229	2423	1.952601
2230	2429	1.957436
2231	2421	1.950989
2232	2453	1.976777
2233	2433	1.960659
2234	2429	1.957436
2235	2433	1.960659
2236	2432	1.959853
2237	2433	1.960659
2238	2437	1.963883
2239	2405	1.938095
2240	2423	1.952601
2241	2417	1.947766
2242	2421	1.950989
2243	2417	1.947766
2244	2416	1.946960
2245	2401	1.934872
2246	2401	1.934872
2247	2417	1.947766
2248	2416	1.946960
2249	2405	1.938095
2250	2405	1.938095
2251	2389	1.925201
2252	2389	1.925201
2253	2384	1.921172
2254	2385	1.921978
2255	2373	1.912308
2256	2373	1.912308
2257	2385	1.921978
2258	2373	1.912308
2259	2359	1.901026
2260	2357	1.899414
2261	2359	1.901026
2262	2365	1.905861
2263	2357	1.899414
2264	2357	1.899414
2265	2341	1.886520
2266	2352	1.895385
2267	2340	1.885714
2268	2341	1.886520
2269	2337	1.883297
2270	2325	1.873626
2271	2321	1.870403
2272	2320	1.869597
2273	2325	1.873626
2274	2321	1.870403
2275	2301	1.854286
2276	2309	1.860733
2277	2301	1.854286
2278	2277	1.834945
2279	2288	1.843810
2280	2293	1.847839
2281	2273	1.831722
2282	2277	1.834945
2283	2256	1.818022
2284	2263	1.823663
2285	2257	1.818828
2286	2257	1.818828
2287	2237	1.802711
2288	2241	1.805934
2289	2229	1.796264
2290	2229	1.796264
2291	2225	1.793040
2292	2224	1.792234
2293	2224	1.792234
2294	2209	1.780147
2295	2192	1.766447
2296	2205	1.776923
2297	2181	1.757582
2298	2193	1.767253
2299	2173	1.751136
2300	2181	1.757582
2301	2165	1.744689
2302	2149	1.731795
2303	2149	1.731795
2304	2160	1.740659
2305	2141	1.725348
2306	2129	1.715678
2307	2129	1.715678
2308	2117	1.706007
2309	2101	1.693114
2310	2103	1.694725
2311	2103	1.694725
2312	2101	1.693114
2313	2097	1.689890
2314	2097	1.689890
2315	2109	1.699560
2316	2096	1.689084
2317	2081	1.676996
2318	2081	1.676996
2319	2085	1.680220
2320	2071	1.668938
2321	2077	1.673773
2322	2069	1.667326
2323	2064	1.663297
2324	2064	1.663297
2325	2069	1.667326
2326	2053	1.654432
2327	2045	1.647985
2328	2045	1.647985
2329	2045	1.647985
2330	2053	1.654432
2331	2053	1.654432
2332	2049	1.651209
2333	2064	1.663297
2334	2049	1.651209
2335	2045	1.647985
2336	2045	1.647985
2337	2037	1.641538
2338	2045	1.647985
2339	2037	1.641538
2340	2045	1.647985
2341	2037	1.641538
2342	2037	1.641538
2343	2049	1.651209
2344	2049	1.651209
2345	2049	1.651209
2346	2064	1.663297
2347	2064	1.663297
2348	2053	1.654432
2349	2065	1.664103
2350	2069	1.667326
2351	2081	1.676996
2352	2069	1.667326
2353	2069	1.667326
2354	2081	1.676996
2355	2085	1.680220
2356	2085	1.680220
2357	2097	1.689890
2358	2097	1.689890
2359	2101	1.693114
2360	2101	1.693114
2361	2096	1.689084
2362	2111	1.701172
2363	2117	1.706007
2364	2109	1.699560
2365	2128	1.714872
2366	2129	1.715678
2367	2133	1.718901
2368	2133	1.718901
2369	2149	1.731795
2370	2149	1.731795
2371	2160	1.740659
2372	2160	1.740659
2373	2160	1.740659
2374	2165	1.744689
2375	2169	1.747912
2376	2192	1.766447
2377	2181	1.757582
2378	2193	1.767253
2379	2197	1.770476
2380	2224	1.792234
2381	2213	1.783370
2382	2224	1.792234
2383	2224	1.792234
2384	2245	1.809158
2385	2256	1.818022
2386	2237	1.802711
2387	2237	1.802711
2388	2257	1.818828
2389	2261	1.822051
2390	2261	1.822051
2391	2277	1.834945
2392	2288	1.843810
2393	2293	1.847839
2394	2293	1.847839
2395	2289	1.844615
2396	2320	1.869597
2397	2320	1.869597
2398	2325	1.873626
2399	2327	1.875238
2400	2336	1.882491
2401	2337	1.883297
2402	2357	1.899414
2403	2341	1.886520
2404	2352	1.895385
2405	2365	1.905861
2406	2365	1.905861
2407	2373	1.912308
2408	2373	1.912308
2409	2389	1.925201
2410	2385	1.921978
2411	2385	1.921978
2412	2400	1.934066
2413	2389	1.925201
2414	2405	1.938095
2415	2401	1.934872
2416	2405	1.938095
2417	2417	1.947766
2418	2421	1.950989
2419	2421	1.950989
2420	2437	1.963883
2421	2421	1.950989
2422	2437	1.963883
2423	2437	1.963883
2424	2453	1.976777
2425	2461	1.983223
2426	2469	1.989670
2427	2453	1.976777
2428	2469	1.989670
2429	2480	1.998535
2430	2485	2.002564
2431	2493	2.009011
2432	2497	2.012234
2433	2485	2.002564
2434	2487	2.004176
2435	2493	2.009011
2436	2512	2.024322
2437	2501	2.015458
2438	2501	2.015458
2439	2517	2.028352
2440	2517	2.028352
2441	2528	2.037216
2442	2517	2.028352
2443	2517	2.028352
2444	2525	2.034799
2445	2529	2.038022
2446	2533	2.041245
2447	2544	2.050110
2448	2533	2.041245
2449	2545	2.050916
2450	2533	2.041245
2451	2544	2.050110
2452	2549	2.054139
2453	2549	2.054139
2454	2544	2.050110
2455	2561	2.063810
2456	2549	2.054139
2457	2549	2.054139
2458	2551	2.055751
2459	2549	2.054139
2460	2565	2.067033
2461	2576	2.075897
2462	2576	2.075897
2463	2581	2.079927
2464	2577	2.076703
2465	2581	2.079927
2466	2592	2.088791
2467	2589	2.086374
2468	2581	2.079927
2469	2581	2.079927
2470	2593	2.089597
2471	2597	2.092821
2472	2581	2.079927
2473	2593	2.089597
2474	2577	2.076703
2475	2581	2.079927
2476	2592	2.088791
2477	2597	2.092821
2478	2608	2.101685
2479	2608	2.101685
2480	2608	2.101685
2481	2597	2.092821
2482	2608	2.101685
2483	2613	2.105714
2484	2608	2.101685
2485	2613	2.105714
2486	2613	2.105714
2487	2609	2.102491
2488	2629	2.118608
2489	2613	2.105714
2490	2621	2.112161
2491	2629	2.118608
2492	2640	2.127473
2493	2621	2.112161
2494	2623	2.113773
2495	2621	2.112161
2496	2645	2.131502
2497	2629	2.118608
2498	2645	2.131502
2499	2645	2.131502
2500	2641	2.128278
2501	2653	2.137949
2502	2645	2.131502
2503	2645	2.131502
2504	2657	2.141172
2505	2661	2.144396
2506	2645	2.131502
2507	2657	2.141172
2508	2647	2.133114
2509	2645	2.131502
2510	2661	2.144396
2511	2661	2.144396
2512	2653	2.137949
2513	2657	2.141172
2514	2661	2.144396
2515	2673	2.154066
2516	2672	2.153260
2517	2677	2.157289
2518	2677	2.157289
2519	2673	2.154066
2520	2677	2.157289
2521	2679	2.158901
2522	2685	2.163736
2523	2673	2.154066
2524	2673	2.154066
2525	2693	2.170183
2526	2677	2.157289
2527	2673	2.154066
2528	2673	2.154066
2529	2685	2.163736
2530	2689	2.166960
2531	2677	2.157289
2532	2685	2.163736
2533	2677	2.157289
2534	2685	2.163736
2535	2677	2.157289
2536	2704	2.179048
2537	2693	2.170183
2538	2689	2.166960
2539	2673	2.154066
2540	2677	2.157289
2541	2693	2.170183
2542	2704	2.179048
2543	2705	2.179853
2544	2704	2.179048
2545	2693	2.170183
2546	2704	2.179048
2547	2689	2.166960
2548	2704	2.179048
2549	2709	2.183077
2550	2709	2.183077
2551	2704	2.179048
2552	2705	2.179853
2553	2709	2.183077
2554	2705	2.179853
2555	2705	2.179853
2556	2705	2.179853
2557	2705	2.179853
2558	2705	2.179853
2559	2709	2.183077
2560	2709	2.183077
2561	2705	2.179853
2562	2721	2.192747
2563	2725	2.195971
2564	2720	2.191941
2565	2711	2.184689
2566	2725	2.195971
2567	2709	2.183077
2568	2717	2.189524
2569	2721	2.192747
2570	2721	2.192747
2571	2721	2.192747
2572	2725	2.195971
2573	2709	2.183077
2574	2725	2.195971
2575	2736	2.204835
2576	2736	2.204835
2577	2721	2.192747
2578	2721	2.192747
2579	2717	2.189524
2580	2725	2.195971
2581	2725	2.195971
2582	2736	2.204835
2583	2736	2.204835
2584	2737	2.205641
2585	2736	2.204835
2586	2736	2.204835
2587	2721	2.192747
2588	2725	2.195971
2589	2737	2.205641
2590	2725	2.195971
2591	2725	2.195971
2592	2741	2.208864
2593	2736	2.204835
2594	2743	2.210476
2595	2741	2.208864
2596	2741	2.208864
2597	2741	2.208864
2598	2725	2.195971
2599	2736	2.204835
2600	2749	2.215311
2601	2737	2.205641
2602	2737	2.205641
2603	2741	2.208864
2604	2741	2.208864
2605	2737	2.205641
2606	2741	2.208864
2607	2757	2.221758
2608	2749	2.215311
2609	2741	2.208864
2610	2741	2.208864
2611	2768	2.230623
2612	2768	2.230623
2613	2749	2.215311
2614	2757	2.221758
2615	2757	2.221758
2616	2757	2.221758
2617	2749	2.215311
2618	2757	2.221758
2619	2768	2.230623
2620	2768	2.230623
2621	2773	2.234652
2622	2741	2.208864
2623	2773	2.234652
2624	2757	2.221758
2625	2768	2.230623
2626	2769	2.231429
2627	2769	2.231429
2628	2769	2.231429
2629	2773	2.234652
2630	2785	2.244322
2631	2773	2.234652
2632	2769	2.231429
2633	2775	2.236264
2634	2781	2.241099
2635	2773	2.234652
2636	2773	2.234652
2637	2773	2.234652
2638	2785	2.244322
2639	2785	2.244322
2640	2775	2.236264
2641	2773	2.234652
2642	2773	2.234652
2643	2785	2.244322
2644	2785	2.244322
2645	2784	2.243516
2646	2805	2.260440
2647	2805	2.260440
2648	2800	2.256410
2649	2800	2.256410
2650	2801	2.257216
2651	2789	2.247546
2652	2800	2.256410
2653	2789	2.247546
2654	2800	2.256410
2655	2785	2.244322
2656	2800	2.256410
2657	2800	2.256410
2658	2789	2.247546
2659	2805	2.260440
2660	2805	2.260440
2661	2800	2.256410
2662	2801	2.257216
2663	2801	2.257216
2664	2800	2.256410
2665	2800	2.256410
2666	2804	2.259634
2667	2805	2.260440
2668	2805	2.260440
2669	2805	2.260440
2670	2801	2.257216
2671	2801	2.257216
2672	2805	2.260440
2673	2805	2.260440
2674	2807	2.262051
2675	2807	2.262051
2676	2807	2.262051
2677	2805	2.260440
2678	2805	2.260440
2679	2832	2.282198
2680	2805	2.260440
2681	2817	2.270110
2682	2801	2.257216
2683	2807	2.262051
2684	2817	2.270110
2685	2805	2.260440
2686	2807	2.262051
2687	2816	2.269304
2688	2832	2.282198
2689	2821	2.273333
2690	2832	2.282198
2691	2817	2.270110
2692	2821	2.273333
2693	2833	2.283004
2694	2821	2.273333
2695	2832	2.282198
2696	2817	2.270110
2697	2821	2.273333
2698	2832	2.282198
2699	2821	2.273333
2700	2832	2.282198
2701	2821	2.273333
2702	2832	2.282198
2703	2832	2.282198
2704	2837	2.286227
2705	2832	2.282198
2706	2833	2.283004
2707	2832	2.282198
2708	2837	2.286227
2709	2833	2.283004
2710	2837	2.286227
2711	2821	2.273333
2712	2837	2.286227
2713	2832	2.282198
2714	2832	2.282198
2715	2832	2.282198
2716	2832	2.282198
2717	2817	2.270110
2718	2837	2.286227
2719	2837	2.286227
2720	2837	2.286227
2721	2832	2.282198
2722	2836	2.285421
2723	2832	2.282198
2724	2837	2.286227
2725	2837	2.286227
2726	2833	2.283004
2727	2837	2.286227
2728	2837	2.286227
2729	2833	2.283004
2730	2832	2.282198
2731	2833	2.283004
2732	2837	2.286227
2733	2837	2.286227
2734	2837	2.286227
2735	2837	2.286227
2736	2837	2.286227
2737	2837	2.286227
2738	2837	2.286227
2739	2837	2.286227
2740	2845	2.292674
2741	2849	2.295897
2742	2845	2.292674
2743	2849	2.295897
2744	2853	2.299121
2745	2853	2.299121
2746	2849	2.295897
2747	2849	2.295897
2748	2864	2.307985
2749	2853	2.299121
2750	2853	2.299121
2751	2853	2.299121
2752	2864	2.307985
2753	2853	2.299121
2754	2853	2.299121
2755	2837	2.286227
2756	2853	2.299121
2757	2864	2.307985
2758	2864	2.307985
2759	2853	2.299121
2760	2853	2.299121
2761	2849	2.295897
2762	2864	2.307985
2763	2852	2.298315
2764	2853	2.299121
2765	2864	2.307985
2766	2849	2.295897
2767	2865	2.308791
2768	2864	2.307985
2769	2869	2.312015
2770	2868	2.311209
2771	2864	2.307985
2772	2865	2.308791
2773	2877	2.318462
2774	2869	2.312015
2775	2853	2.299121
2776	2864	2.307985
2777	2865	2.308791
2778	2869	2.312015
2779	2864	2.307985
2780	2877	2.318462
2781	2871	2.313626
2782	2877	2.318462
2783	2869	2.312015
2784	2869	2.312015
2785	2869	2.312015
2786	2871	2.313626
2787	2877	2.318462
2788	2896	2.333773
2789	2865	2.308791
2790	2877	2.318462
2791	2877	2.318462
2792	2877	2.318462
2793	2869	2.312015
2794	2871	2.313626
2795	2877	2.318462
2796	2869	2.312015
2797	2885	2.324908
2798	2885	2.324908
2799	2877	2.318462
2800	2877	2.318462
2801	2869	2.312015
2802	2865	2.308791
2803	2885	2.324908
2804	2879	2.320073
2805	2877	2.318462
2806	2896	2.333773
2807	2877	2.318462
2808	2879	2.320073
2809	2877	2.318462
2810	2877	2.318462
2811	2871	2.313626
2812	2869	2.312015
2813	2877	2.318462
2814	2885	2.324908
2815	2877	2.318462
2816	2896	2.333773
2817	2896	2.333773
2818	2877	2.318462
2819	2879	2.320073
2820	2877	2.318462
2821	2896	2.333773
2822	2896	2.333773
2823	2896	2.333773
2824	2885	2.324908
2825	2877	2.318462
2826	2896	2.333773
2827	2896	2.333773
2828	2896	2.333773
2829	2897	2.334579
2830	2885	2.324908
2831	2897	2.334579
2832	2896	2.333773
2833	2896	2.333773
2834	2896	2.333773
2835	2879	2.320073
2836	2885	2.324908
2837	2896	2.333773
2838	2877	2.318462
2839	2896	2.333773
2840	2901	2.337802
2841	2896	2.333773
2842	2897	2.334579
2843	2896	2.333773
2844	2897	2.334579
2845	2903	2.339414
2846	2896	2.333773
2847	2877	2.318462
2848	2901	2.337802
2849	2896	2.333773
2850	2897	2.334579
2851	2896	2.333773
2852	2901	2.337802
2853	2879	2.320073
2854	2901	2.337802
2855	2897	2.334579
2856	2901	2.337802
2857	2901	2.337802
2858	2896	2.333773
2859	2901	2.337802
2860	2897	2.334579
2861	2901	2.337802
2862	2901	2.337802
2863	2901	2.337802
2864	2897	2.334579
2865	2901	2.337802
2866	2897	2.334579
2867	2901	2.337802
2868	2913	2.347473
2869	2901	2.337802
2870	2897	2.334579
2871	2901	2.337802
2872	2901	2.337802
2873	2901	2.337802
2874	2896	2.333773
2875	2917	2.350696
2876	2917	2.350696
2877	2901	2.337802
2878	2901	2.337802
2879	2901	2.337802
2880	2912	2.346667
2881	2901	2.337802
2882	2903	2.339414
2883	2897	2.334579
2884	2901	2.337802
2885	2913	2.347473
2886	2928	2.359560
2887	2901	2.337802
2888	2917	2.350696
2889	2903	2.339414
2890	2917	2.350696
2891	2917	2.350696
2892	2913	2.347473
2893	2901	2.337802
2894	2901	2.337802
2895	2901	2.337802
2896	2917	2.350696
2897	2912	2.346667
2898	2909	2.344249
2899	2913	2.347473
2900	2901	2.337802
2901	2913	2.347473
2902	2903	2.339414
2903	2913	2.347473
2904	2903	2.339414
2905	2928	2.359560
2906	2901	2.337802
2907	2901	2.337802
2908	2909	2.344249
2909	2929	2.360366
2910	2917	2.350696
2911	2912	2.346667
2912	2912	2.346667
2913	2903	2.339414
2914	2928	2.359560
2915	2928	2.359560
2916	2917	2.350696
2917	2917	2.350696
2918	2928	2.359560
2919	2913	2.347473
2920	2928	2.359560
2921	2928	2.359560
2922	2928	2.359560
2923	2929	2.360366
2924	2928	2.359560
2925	2913	2.347473
2926	2901	2.337802
2927	2928	2.359560
2928	2913	2.347473
2929	2917	2.350696
2930	2928	2.359560
2931	2917	2.350696
2932	2928	2.359560
2933	2917	2.350696
2934	2928	2.359560
2935	2901	2.337802
2936	2917	2.350696
2937	2917	2.350696
2938	2928	2.359560
2939	2928	2.359560
2940	2929	2.360366
2941	2917	2.350696
2942	2929	2.360366
2943	2913	2.347473
2944	2917	2.350696
2945	2917	2.350696
2946	2928	2.359560
2947	2913	2.347473
2948	2928	2.359560
2949	2928	2.359560
2950	2917	2.350696
2951	2933	2.363590
2952	2935	2.365201
2953	2928	2.359560
2954	2929	2.360366
2955	2917	2.350696
2956	2933	2.363590
2957	2929	2.360366
2958	2929	2.360366
2959	2933	2.363590
2960	2929	2.360366
2961	2945	2.373260
2962	2928	2.359560
2963	2933	2.363590
2964	2917	2.350696
2965	2929	2.360366
2966	2935	2.365201
2967	2928	2.359560
2968	2933	2.363590
2969	2929	2.360366
2970	2945	2.373260
2971	2933	2.363590
2972	2929	2.360366
2973	2933	2.363590
2974	2929	2.360366
2975	2933	2.363590
2976	2929	2.360366
2977	2941	2.370037
2978	2944	2.372454
2979	2933	2.363590
2980	2928	2.359560
2981	2928	2.359560
2982	2945	2.373260
2983	2935	2.365201
2984	2933	2.363590
2985	2949	2.376484
2986	2933	2.363590
2987	2933	2.363590
2988	2945	2.373260
2989	2929	2.360366
2990	2933	2.363590
2991	2933	2.363590
2992	2933	2.363590
2993	2941	2.370037
2994	2933	2.363590
2995	2941	2.370037
2996	2935	2.365201
2997	2933	2.363590
2998	2933	2.363590
2999	2949	2.376484
3000	2941	2.370037
3001	2929	2.360366
3002	2933	2.363590
3003	2929	2.360366
3004	2933	2.363590
3005	2933	2.363590
3006	2929	2.360366
3007	2945	2.373260
3008	2933	2.363590
3009	2929	2.360366
3010	2945	2.373260
3011	2933	2.363590
3012	2933	2.363590
3013	2945	2.373260
3014	2933	2.363590
3015	2929	2.360366
3016	2949	2.376484
3017	2933	2.363590
3018	2929	2.360366
3019	2935	2.365201
3020	2933	2.363590
3021	2949	2.376484
3022	2933	2.363590
3023	2933	2.363590
3024	2933	2.363590
3025	2944	2.372454
3026	2935	2.365201
3027	2949	2.376484
3028	2945	2.373260
3029	2935	2.365201
3030	2933	2.363590
3031	2933	2.363590
3032	2933	2.363590
3033	2933	2.363590
3034	2945	2.373260
3035	2933	2.363590
3036	2945	2.373260
3037	2933	2.363590
3038	2945	2.373260
3039	2935	2.365201
3040	2935	2.365201
3041	2935	2.365201
3042	2929	2.360366
3043	2941	2.370037
3044	2945	2.373260
3045	2941	2.370037
3046	2945	2.373260
3047	2933	2.363590
3048	2945	2.373260
3049	2935	2.365201
3050	2933	2.363590
3051	2935	2.365201
3052	2933	2.363590
3053	2929	2.360366
3054	2945	2.373260
3055	2933	2.363590
3056	2941	2.370037
3057	2945	2.373260
3058	2949	2.376484
3059	2935	2.365201
3060	2949	2.376484
3061	2933	2.363590
3062	2945	2.373260
3063	2960	2.385348
3064	2949	2.376484
3065	2933	2.363590
3066	2933	2.363590
3067	2941	2.370037
3068	2933	2.363590
3069	2935	2.365201
3070	2929	2.360366
3071	2949	2.376484
3072	2960	2.385348
3073	2929	2.360366
3074	2960	2.385348
3075	2949	2.376484
3076	2941	2.370037
3077	2929	2.360366
3078	2933	2.363590
3079	2945	2.373260
3080	2945	2.373260
3081	2949	2.376484
3082	2960	2.385348
3083	2945	2.373260
3084	2945	2.373260
3085	2948	2.375678
3086	2949	2.376484
3087	2941	2.370037
3088	2935	2.365201
3089	2949	2.376484
3090	2945	2.373260
3091	2945	2.373260
3092	2949	2.376484
3093	2935	2.365201
3094	2949	2.376484
3095	2949	2.376484
3096	2949	2.376484
3097	2949	2.376484
3098	2949	2.376484
3099	2949	2.376484
3100	2945	2.373260
3101	2960	2.385348
3102	2949	2.376484
3103	2945	2.373260
3104	2935	2.365201
3105	2945	2.373260
3106	2933	2.363590
3107	2949	2.376484
3108	2944	2.372454
3109	2960	2.385348
3110	2949	2.376484
3111	2933	2.363590
3112	2945	2.373260
3113	2933	2.363590
3114	2949	2.376484
3115	2949	2.376484
3116	2949	2.376484
3117	2949	2.376484
3118	2949	2.376484
3119	2945	2.373260
3120	2960	2.385348
3121	2949	2.376484
3122	2944	2.372454
3123	2935	2.365201
3124	2949	2.376484
3125	2944	2.372454
3126	2960	2.385348
3127	2945	2.373260
3128	2949	2.376484
3129	2949	2.376484
3130	2933	2.363590
3131	2945	2.373260
3132	2965	2.389377
3133	2933	2.363590
3134	2949	2.376484
3135	2933	2.363590
3136	2945	2.373260
3137	2949	2.376484
3138	2949	2.376484
3139	2949	2.376484
3140	2949	2.376484
3141	2945	2.373260
3142	2949	2.376484
3143	2961	2.386154
3144	2949	2.376484
3145	2945	2.373260
3146	2944	2.372454
3147	2960	2.385348
3148	2960	2.385348
3149	2960	2.385348
3150	2949	2.376484
3151	2933	2.363590
3152	2941	2.370037
3153	2945	2.373260
3154	2949	2.376484
3155	2945	2.373260
3156	2960	2.385348
3157	2949	2.376484
3158	2949	2.376484
3159	2949	2.376484
3160	2949	2.376484
3161	2960	2.385348
3162	2960	2.385348
3163	2960	2.385348
3164	2945	2.373260
3165	2960	2.385348
3166	2960	2.385348
3167	2945	2.373260
3168	2949	2.376484
3169	2960	2.385348
3170	2960	2.385348
3171	2960	2.385348
3172	2933	2.363590
3173	2949	2.376484
3174	2945	2.373260
3175	2945	2.373260
3176	2961	2.386154
3177	2945	2.373260
3178	2949	2.376484
3179	2960	2.385348
3180	2949	2.376484
3181	2941	2.370037
3182	2961	2.386154
3183	2949	2.376484
3184	2949	2.376484
3185	2935	2.365201
3186	2960	2.385348
3187	2961	2.386154
3188	2965	2.389377
3189	2961	2.386154
3190	2945	2.373260
3191	2960	2.385348
3192	2960	2.385348
3193	2949	2.376484
3194	2961	2.386154
3195	2960	2.385348
3196	2961	2.386154
3197	2960	2.385348
3198	2960	2.385348
3199	2949	2.376484
3200	2949	2.376484
3201	2960	2.385348
3202	2945	2.373260
3203	2960	2.385348
3204	2961	2.386154
3205	2960	2.385348
3206	2949	2.376484
3207	2949	2.376484
3208	2945	2.373260
3209	2961	2.386154
3210	2960	2.385348
3211	2960	2.385348
3212	2960	2.385348
3213	2960	2.385348
3214	2965	2.389377
3215	2961	2.386154
3216	2949	2.376484
3217	2961	2.386154
3218	2960	2.385348
3219	2965	2.389377
3220	2960	2.385348
3221	2961	2.386154
3222	2961	2.386154
3223	2945	2.373260
3224	2949	2.376484
3225	2960	2.385348
3226	2949	2.376484
3227	2960	2.385348
3228	2965	2.389377
3229	2961	2.386154
3230	2961	2.386154
3231	2960	2.385348
3232	2949	2.376484
3233	2949	2.376484
3234	2961	2.386154
3235	2961	2.386154
3236	2961	2.386154
3237	2945	2.373260
3238	2960	2.385348
3239	2960	2.385348
3240	2960	2.385348
3241	2960	2.385348
3242	2949	2.376484
3243	2961	2.386154
3244	2960	2.385348
3245	2961	2.386154
3246	2965	2.389377
3247	2965	2.389377
3248	2949	2.376484
3249	2960	2.385348
3250	2965	2.389377
3251	2960	2.385348
3252	2935	2.365201
3253	2960	2.385348
3254	2960	2.385348
3255	2949	2.376484
3256	2961	2.386154
3257	2960	2.385348
3258	2965	2.389377
3259	2949	2.376484
3260	2960	2.385348
3261	2960	2.385348
3262	2960	2.385348
3263	2965	2.389377
3264	2949	2.376484
3265	2965	2.389377
3266	2965	2.389377
3267	2960	2.385348
3268	2960	2.385348
3269	2961	2.386154
3270	2961	2.386154
3271	2960	2.385348
3272	2960	2.385348
3273	2961	2.386154
3274	2965	2.389377
3275	2961	2.386154
3276	2976	2.398242
3277	2967	2.390989
3278	2965	2.389377
3279	2960	2.385348
3280	2961	2.386154
3281	2961	2.386154
3282	2960	2.385348
3283	2961	2.386154
3284	2961	2.386154
3285	2965	2.389377
3286	2945	2.373260
3287	2961	2.386154
3288	2965	2.389377
3289	2961	2.386154
3290	2960	2.385348
3291	2961	2.386154
3292	2961	2.386154
3293	2949	2.376484
3294	2961	2.386154
3295	2961	2.386154
3296	2965	2.389377
3297	2960	2.385348
3298	2960	2.385348
3299	2960	2.385348
3300	2960	2.385348
3301	2949	2.376484
3302	2977	2.399048
3303	2961	2.386154
3304	2960	2.385348
3305	2965	2.389377
3306	2965	2.389377
3307	2961	2.386154
3308	2965	2.389377
3309	2960	2.385348
3310	2965	2.389377
3311	2965	2.389377
3312	2965	2.389377
3313	2965	2.389377
3314	2960	2.385348
3315	2965	2.389377
3316	2960	2.385348
3317	2960	2.385348
3318	2961	2.386154
3319	2949	2.376484
3320	2961	2.386154
3321	2965	2.389377
3322	2960	2.385348
3323	2965	2.389377
3324	2961	2.386154
3325	2961	2.386154
3326	2960	2.385348
3327	2960	2.385348
3328	2960	2.385348
3329	2961	2.386154
3330	2960	2.385348
3331	2960	2.385348
3332	2965	2.389377
3333	2961	2.386154
3334	2960	2.385348
3335	2960	2.385348
3336	2961	2.386154
3337	2965	2.389377
3338	2965	2.389377
3339	2949	2.376484
3340	2961	2.386154
3341	2960	2.385348
3342	2961	2.386154
3343	2961	2.386154
3344	2961	2.386154
3345	2961	2.386154
3346	2965	2.389377
3347	2961	2.386154
3348	2961	2.386154
3349	2961	2.386154
3350	2961	2.386154
3351	2961	2.386154
3352	2960	2.385348
3353	2965	2.389377
3354	2961	2.386154
3355	2965	2.389377
3356	2965	2.389377
3357	2965	2.389377
3358	2961	2.386154
3359	2965	2.389377
3360	2965	2.389377
3361	2965	2.389377
3362	2965	2.389377
3363	2961	2.386154
3364	2961	2.386154
3365	2965	2.389377
3366	2960	2.385348
3367	2961	2.386154
3368	2965	2.389377
3369	2965	2.389377
3370	2961	2.386154
3371	2965	2.389377
3372	2965	2.389377
3373	2964	2.388571
3374	2961	2.386154
3375	2965	2.389377
3376	2965	2.389377
3377	2965	2.389377
3378	2961	2.386154
3379	2961	2.386154
3380	2977	2.399048
3381	2961	2.386154
3382	2961	2.386154
3383	2961	2.386154
3384	2967	2.390989
3385	2960	2.385348
3386	2965	2.389377
3387	2961	2.386154
3388	2965	2.389377
3389	2960	2.385348
3390	2961	2.386154
3391	2960	2.385348
3392	2961	2.386154
3393	2965	2.389377
3394	2965	2.389377
3395	2949	2.376484
3396	2965	2.389377
3397	2960	2.385348
3398	2965	2.389377
3399	2960	2.385348
3400	2961	2.386154
3401	2961	2.386154
3402	2960	2.385348
3403	2961	2.386154
3404	2960	2.385348
3405	2961	2.386154
3406	2961	2.386154
3407	2961	2.386154
3408	2976	2.398242
3409	2965	2.389377
3410	2961	2.386154
3411	2965	2.389377
3412	2961	2.386154
3413	2949	2.376484
3414	2961	2.386154
3415	2965	2.389377
3416	2960	2.385348
3417	2949	2.376484
3418	2977	2.399048
3419	2973	2.395824
3420	2960	2.385348
3421	2961	2.386154
3422	2967	2.390989
3423	2965	2.389377
3424	2961	2.386154
3425	2960	2.385348
3426	2961	2.386154
3427	2961	2.386154
3428	2965	2.389377
3429	2961	2.386154
3430	2965	2.389377
3431	2949	2.376484
3432	2965	2.389377
3433	2965	2.389377
3434	2965	2.389377
3435	2961	2.386154
3436	2965	2.389377
3437	2965	2.389377
3438	2961	2.386154
3439	2961	2.386154
3440	2967	2.390989
3441	2960	2.385348
3442	2960	2.385348
3443	2977	2.399048
3444	2960	2.385348
3445	2960	2.385348
3446	2960	2.385348
3447	2965	2.389377
3448	2965	2.389377
3449	2961	2.386154
3450	2961	2.386154
3451	2961	2.386154
3452	2965	2.389377
3453	2961	2.386154
3454	2960	2.385348
3455	2965	2.389377
3456	2965	2.389377
3457	2961	2.386154
3458	2960	2.385348
3459	2960	2.385348
3460	2961	2.386154
3461	2960	2.385348
3462	2960	2.385348
3463	2949	2.376484
3464	2949	2.376484
3465	2961	2.386154
3466	2949	2.376484
3467	2949	2.376484
3468	2965	2.389377
3469	2960	2.385348
3470	2965	2.389377
3471	2965	2.389377
3472	2960	2.385348
3473	2961	2.386154
3474	2961	2.386154
3475	2945	2.373260
3476	2944	2.372454
3477	2961	2.386154
3478	2961	2.386154
3479	2960	2.385348
3480	2961	2.386154
3481	2960	2.385348
3482	2945	2.373260
3483	2960	2.385348
3484	2960	2.385348
3485	2960	2.385348
3486	2960	2.385348
3487	2961	2.386154
3488	2960	2.385348
3489	2949	2.376484
3490	2960	2.385348
3491	2949	2.376484
3492	2976	2.398242
3493	2965	2.389377
3494	2960	2.385348
3495	2960	2.385348
3496	2949	2.376484
3497	2961	2.386154
3498	2949	2.376484
3499	2960	2.385348
3500	2949	2.376484
3501	2961	2.386154
3502	2945	2.373260
3503	2960	2.385348
3504	2949	2.376484
3505	2960	2.385348
3506	2965	2.389377
3507	2949	2.376484
3508	2949	2.376484
3509	2945	2.373260
3510	2949	2.376484
3511	2945	2.373260
3512	2949	2.376484
3513	2949	2.376484
3514	2941	2.370037
3515	2941	2.370037
3516	2949	2.376484
3517	2949	2.376484
3518	2941	2.370037
3519	2960	2.385348
3520	2960	2.385348
3521	2945	2.373260
3522	2960	2.385348
3523	2949	2.376484
3524	2960	2.385348
3525	2949	2.376484
3526	2945	2.373260
3527	2935	2.365201
3528	2949	2.376484
3529	2945	2.373260
3530	2949	2.376484
3531	2960	2.385348
3532	2935	2.365201
3533	2935	2.365201
3534	2960	2.385348
3535	2935	2.365201
3536	2945	2.373260
3537	2945	2.373260
3538	2949	2.376484
3539	2933	2.363590
3540	2949	2.376484
3541	2933	2.363590
3542	2933	2.363590
3543	2945	2.373260
3544	2933	2.363590
3545	2933	2.363590
3546	2949	2.376484
3547	2949	2.376484
3548	2933	2.363590
3549	2933	2.363590
3550	2945	2.373260
3551	2945	2.373260
3552	2933	2.363590
3553	2945	2.373260
3554	2933	2.363590
3555	2933	2.363590
3556	2933	2.363590
3557	2933	2.363590
3558	2933	2.363590
3559	2933	2.363590
3560	2933	2.363590
3561	2933	2.363590
3562	2941	2.370037
3563	2933	2.363590
3564	2933	2.363590
3565	2933	2.363590
3566	2929	2.360366
3567	2941	2.370037
3568	2933	2.363590
3569	2933	2.363590
3570	2933	2.363590
3571	2933	2.363590
3572	2928	2.359560
3573	2935	2.365201
3574	2929	2.360366
3575	2933	2.363590
3576	2933	2.363590
3577	2933	2.363590
3578	2935	2.365201
3579	2929	2.360366
3580	2933	2.363590
3581	2928	2.359560
3582	2929	2.360366
3583	2928	2.359560
3584	2933	2.363590
3585	2933	2.363590
3586	2929	2.360366
3587	2917	2.350696
3588	2933	2.363590
3589	2928	2.359560
3590	2933	2.363590
3591	2929	2.360366
3592	2929	2.360366
3593	2928	2.359560
3594	2913	2.347473
3595	2917	2.350696
3596	2917	2.350696
3597	2929	2.360366
3598	2929	2.360366
3599	2928	2.359560
3600	2917	2.350696
3601	2913	2.347473
3602	2917	2.350696
3603	2917	2.350696
3604	2917	2.350696
3605	2928	2.359560
3606	2933	2.363590
3607	2917	2.350696
3608	2929	2.360366
3609	2928	2.359560
3610	2928	2.359560
3611	2903	2.339414
3612	2929	2.360366
3613	2913	2.347473
3614	2917	2.350696
3615	2917	2.350696
3616	2913	2.347473
3617	2917	2.350696
3618	2917	2.350696
3619	2917	2.350696
3620	2928	2.359560
3621	2917	2.350696
3622	2913	2.347473
3623	2901	2.337802
3624	2903	2.339414
3625	2917	2.350696
3626	2917	2.350696
3627	2917	2.350696
3628	2917	2.350696
3629	2913	2.347473
3630	2913	2.347473
3631	2913	2.347473
3632	2913	2.347473
3633	2913	2.347473
3634	2913	2.347473
3635	2903	2.339414
3636	2928	2.359560
3637	2913	2.347473
3638	2901	2.337802
3639	2913	2.347473
3640	2913	2.347473
3641	2909	2.344249
3642	2901	2.337802
3643	2901	2.337802
3644	2913	2.347473
3645	2897	2.334579
3646	2913	2.347473
3647	2901	2.337802
