Pixel	ADC	VoltageV
1	3938	3.173480
2	3938	3.173480
3	3938	3.173480
4	3936	3.171868
5	3936	3.171868
6	3936	3.171868
7	3936	3.171868
8	3936	3.171868
9	3936	3.171868
10	3936	3.171868
11	3936	3.171868
12	3936	3.171868
13	3936	3.171868
14	3938	3.173480
15	3936	3.171868
16	3919	3.158168
17	3170	2.554579
18	2559	2.062198
19	2555	2.058974
20	2571	2.071868
21	2575	2.075092
22	2592	2.088791
23	2571	2.071868
24	2579	2.078315
25	2592	2.088791
26	2568	2.069451
27	2594	2.090403
28	2579	2.078315
29	2571	2.071868
30	2592	2.088791
31	2570	2.071062
32	2592	2.088791
33	2575	2.075092
34	2592	2.088791
35	2592	2.088791
36	2592	2.088791
37	2594	2.090403
38	2579	2.078315
39	2586	2.083956
40	2586	2.083956
41	2584	2.082344
42	2592	2.088791
43	2584	2.082344
44	2594	2.090403
45	2594	2.090403
46	2586	2.083956
47	2592	2.088791
48	2592	2.088791
49	2575	2.075092
50	2592	2.088791
51	2592	2.088791
52	2592	2.088791
53	2602	2.096850
54	2592	2.088791
55	2579	2.078315
56	2586	2.083956
57	2594	2.090403
58	2592	2.088791
59	2594	2.090403
60	2592	2.088791
61	2603	2.097656
62	2584	2.082344
63	2595	2.091209
64	2579	2.078315
65	2594	2.090403
66	2602	2.096850
67	2595	2.091209
68	2571	2.071868
69	2579	2.078315
70	2586	2.083956
71	2594	2.090403
72	2592	2.088791
73	2595	2.091209
74	2594	2.090403
75	2592	2.088791
76	2594	2.090403
77	2584	2.082344
78	2592	2.088791
79	2592	2.088791
80	2594	2.090403
81	2594	2.090403
82	2592	2.088791
83	2592	2.088791
84	2592	2.088791
85	2592	2.088791
86	2592	2.088791
87	2579	2.078315
88	2592	2.088791
89	2571	2.071868
90	2592	2.088791
91	2592	2.088791
92	2594	2.090403
93	2592	2.088791
94	2592	2.088791
95	2592	2.088791
96	2592	2.088791
97	2579	2.078315
98	2584	2.082344
99	2592	2.088791
100	2586	2.083956
101	2594	2.090403
102	2579	2.078315
103	2594	2.090403
104	2600	2.095238
105	2586	2.083956
106	2579	2.078315
107	2592	2.088791
108	2595	2.091209
109	2594	2.090403
110	2600	2.095238
111	2584	2.082344
112	2595	2.091209
113	2592	2.088791
114	2602	2.096850
115	2600	2.095238
116	2592	2.088791
117	2570	2.071062
118	2592	2.088791
119	2602	2.096850
120	2575	2.075092
121	2595	2.091209
122	2600	2.095238
123	2579	2.078315
124	2595	2.091209
125	2586	2.083956
126	2594	2.090403
127	2592	2.088791
128	2592	2.088791
129	2602	2.096850
130	2592	2.088791
131	2602	2.096850
132	2584	2.082344
133	2584	2.082344
134	2592	2.088791
135	2586	2.083956
136	2575	2.075092
137	2579	2.078315
138	2584	2.082344
139	2584	2.082344
140	2571	2.071868
141	2584	2.082344
142	2595	2.091209
143	2575	2.075092
144	2592	2.088791
145	2594	2.090403
146	2592	2.088791
147	2592	2.088791
148	2592	2.088791
149	2592	2.088791
150	2592	2.088791
151	2592	2.088791
152	2594	2.090403
153	2592	2.088791
154	2600	2.095238
155	2592	2.088791
156	2579	2.078315
157	2592	2.088791
158	2594	2.090403
159	2592	2.088791
160	2600	2.095238
161	2592	2.088791
162	2592	2.088791
163	2595	2.091209
164	2595	2.091209
165	2594	2.090403
166	2594	2.090403
167	2602	2.096850
168	2602	2.096850
169	2592	2.088791
170	2602	2.096850
171	2595	2.091209
172	2595	2.091209
173	2586	2.083956
174	2600	2.095238
175	2592	2.088791
176	2594	2.090403
177	2594	2.090403
178	2600	2.095238
179	2594	2.090403
180	2603	2.097656
181	2600	2.095238
182	2602	2.096850
183	2595	2.091209
184	2603	2.097656
185	2592	2.088791
186	2594	2.090403
187	2592	2.088791
188	2607	2.100879
189	2600	2.095238
190	2594	2.090403
191	2594	2.090403
192	2607	2.100879
193	2594	2.090403
194	2594	2.090403
195	2595	2.091209
196	2595	2.091209
197	2595	2.091209
198	2592	2.088791
199	2592	2.088791
200	2592	2.088791
201	2592	2.088791
202	2607	2.100879
203	2594	2.090403
204	2595	2.091209
205	2600	2.095238
206	2595	2.091209
207	2602	2.096850
208	2579	2.078315
209	2592	2.088791
210	2594	2.090403
211	2607	2.100879
212	2594	2.090403
213	2592	2.088791
214	2595	2.091209
215	2602	2.096850
216	2592	2.088791
217	2602	2.096850
218	2592	2.088791
219	2592	2.088791
220	2602	2.096850
221	2603	2.097656
222	2602	2.096850
223	2592	2.088791
224	2592	2.088791
225	2595	2.091209
226	2602	2.096850
227	2592	2.088791
228	2594	2.090403
229	2592	2.088791
230	2595	2.091209
231	2594	2.090403
232	2594	2.090403
233	2594	2.090403
234	2592	2.088791
235	2594	2.090403
236	2595	2.091209
237	2595	2.091209
238	2600	2.095238
239	2594	2.090403
240	2602	2.096850
241	2592	2.088791
242	2603	2.097656
243	2600	2.095238
244	2592	2.088791
245	2602	2.096850
246	2602	2.096850
247	2592	2.088791
248	2603	2.097656
249	2600	2.095238
250	2592	2.088791
251	2586	2.083956
252	2595	2.091209
253	2594	2.090403
254	2602	2.096850
255	2602	2.096850
256	2611	2.104103
257	2594	2.090403
258	2602	2.096850
259	2602	2.096850
260	2607	2.100879
261	2611	2.104103
262	2602	2.096850
263	2592	2.088791
264	2603	2.097656
265	2602	2.096850
266	2594	2.090403
267	2594	2.090403
268	2603	2.097656
269	2603	2.097656
270	2594	2.090403
271	2595	2.091209
272	2602	2.096850
273	2607	2.100879
274	2595	2.091209
275	2594	2.090403
276	2602	2.096850
277	2592	2.088791
278	2592	2.088791
279	2600	2.095238
280	2607	2.100879
281	2602	2.096850
282	2594	2.090403
283	2594	2.090403
284	2602	2.096850
285	2594	2.090403
286	2595	2.091209
287	2592	2.088791
288	2611	2.104103
289	2594	2.090403
290	2595	2.091209
291	2592	2.088791
292	2595	2.091209
293	2592	2.088791
294	2592	2.088791
295	2600	2.095238
296	2607	2.100879
297	2600	2.095238
298	2607	2.100879
299	2602	2.096850
300	2600	2.095238
301	2592	2.088791
302	2600	2.095238
303	2592	2.088791
304	2616	2.108132
305	2611	2.104103
306	2602	2.096850
307	2592	2.088791
308	2600	2.095238
309	2618	2.109744
310	2611	2.104103
311	2603	2.097656
312	2618	2.109744
313	2602	2.096850
314	2600	2.095238
315	2611	2.104103
316	2603	2.097656
317	2602	2.096850
318	2607	2.100879
319	2618	2.109744
320	2603	2.097656
321	2603	2.097656
322	2603	2.097656
323	2607	2.100879
324	2611	2.104103
325	2607	2.100879
326	2594	2.090403
327	2618	2.109744
328	2595	2.091209
329	2619	2.110549
330	2602	2.096850
331	2600	2.095238
332	2603	2.097656
333	2607	2.100879
334	2618	2.109744
335	2607	2.100879
336	2607	2.100879
337	2602	2.096850
338	2594	2.090403
339	2592	2.088791
340	2619	2.110549
341	2619	2.110549
342	2611	2.104103
343	2618	2.109744
344	2611	2.104103
345	2600	2.095238
346	2602	2.096850
347	2602	2.096850
348	2603	2.097656
349	2603	2.097656
350	2607	2.100879
351	2602	2.096850
352	2595	2.091209
353	2603	2.097656
354	2603	2.097656
355	2616	2.108132
356	2607	2.100879
357	2610	2.103297
358	2602	2.096850
359	2603	2.097656
360	2616	2.108132
361	2607	2.100879
362	2602	2.096850
363	2595	2.091209
364	2602	2.096850
365	2603	2.097656
366	2607	2.100879
367	2607	2.100879
368	2607	2.100879
369	2618	2.109744
370	2611	2.104103
371	2602	2.096850
372	2611	2.104103
373	2602	2.096850
374	2603	2.097656
375	2607	2.100879
376	2619	2.110549
377	2611	2.104103
378	2603	2.097656
379	2602	2.096850
380	2600	2.095238
381	2602	2.096850
382	2602	2.096850
383	2594	2.090403
384	2594	2.090403
385	2603	2.097656
386	2603	2.097656
387	2626	2.116190
388	2595	2.091209
389	2592	2.088791
390	2618	2.109744
391	2602	2.096850
392	2603	2.097656
393	2611	2.104103
394	2618	2.109744
395	2603	2.097656
396	2626	2.116190
397	2607	2.100879
398	2626	2.116190
399	2603	2.097656
400	2602	2.096850
401	2595	2.091209
402	2602	2.096850
403	2607	2.100879
404	2607	2.100879
405	2603	2.097656
406	2619	2.110549
407	2607	2.100879
408	2611	2.104103
409	2607	2.100879
410	2607	2.100879
411	2616	2.108132
412	2618	2.109744
413	2602	2.096850
414	2607	2.100879
415	2618	2.109744
416	2595	2.091209
417	2586	2.083956
418	2602	2.096850
419	2618	2.109744
420	2602	2.096850
421	2602	2.096850
422	2616	2.108132
423	2616	2.108132
424	2602	2.096850
425	2619	2.110549
426	2611	2.104103
427	2611	2.104103
428	2602	2.096850
429	2611	2.104103
430	2624	2.114579
431	2607	2.100879
432	2616	2.108132
433	2611	2.104103
434	2603	2.097656
435	2618	2.109744
436	2607	2.100879
437	2603	2.097656
438	2603	2.097656
439	2607	2.100879
440	2611	2.104103
441	2603	2.097656
442	2618	2.109744
443	2602	2.096850
444	2611	2.104103
445	2602	2.096850
446	2611	2.104103
447	2616	2.108132
448	2618	2.109744
449	2618	2.109744
450	2607	2.100879
451	2616	2.108132
452	2619	2.110549
453	2611	2.104103
454	2618	2.109744
455	2603	2.097656
456	2603	2.097656
457	2616	2.108132
458	2626	2.116190
459	2611	2.104103
460	2607	2.100879
461	2611	2.104103
462	2619	2.110549
463	2607	2.100879
464	2626	2.116190
465	2595	2.091209
466	2611	2.104103
467	2607	2.100879
468	2611	2.104103
469	2607	2.100879
470	2607	2.100879
471	2618	2.109744
472	2619	2.110549
473	2626	2.116190
474	2611	2.104103
475	2607	2.100879
476	2619	2.110549
477	2632	2.121026
478	2626	2.116190
479	2634	2.122637
480	2627	2.116996
481	2619	2.110549
482	2635	2.123443
483	2619	2.110549
484	2618	2.109744
485	2634	2.122637
486	2626	2.116190
487	2627	2.116996
488	2619	2.110549
489	2619	2.110549
490	2611	2.104103
491	2634	2.122637
492	2627	2.116996
493	2619	2.110549
494	2618	2.109744
495	2619	2.110549
496	2611	2.104103
497	2618	2.109744
498	2616	2.108132
499	2618	2.109744
500	2607	2.100879
501	2607	2.100879
502	2618	2.109744
503	2618	2.109744
504	2618	2.109744
505	2618	2.109744
506	2618	2.109744
507	2626	2.116190
508	2618	2.109744
509	2618	2.109744
510	2595	2.091209
511	2618	2.109744
512	2626	2.116190
513	2626	2.116190
514	2607	2.100879
515	2619	2.110549
516	2611	2.104103
517	2616	2.108132
518	2618	2.109744
519	2607	2.100879
520	2626	2.116190
521	2618	2.109744
522	2611	2.104103
523	2627	2.116996
524	2634	2.122637
525	2607	2.100879
526	2607	2.100879
527	2618	2.109744
528	2619	2.110549
529	2619	2.110549
530	2618	2.109744
531	2603	2.097656
532	2618	2.109744
533	2611	2.104103
534	2618	2.109744
535	2611	2.104103
536	2619	2.110549
537	2618	2.109744
538	2626	2.116190
539	2619	2.110549
540	2618	2.109744
541	2607	2.100879
542	2626	2.116190
543	2634	2.122637
544	2611	2.104103
545	2626	2.116190
546	2627	2.116996
547	2626	2.116190
548	2634	2.122637
549	2616	2.108132
550	2626	2.116190
551	2634	2.122637
552	2639	2.126667
553	2635	2.123443
554	2619	2.110549
555	2627	2.116996
556	2619	2.110549
557	2616	2.108132
558	2611	2.104103
559	2626	2.116190
560	2618	2.109744
561	2632	2.121026
562	2619	2.110549
563	2611	2.104103
564	2634	2.122637
565	2634	2.122637
566	2618	2.109744
567	2619	2.110549
568	2634	2.122637
569	2607	2.100879
570	2618	2.109744
571	2626	2.116190
572	2634	2.122637
573	2626	2.116190
574	2626	2.116190
575	2619	2.110549
576	2616	2.108132
577	2619	2.110549
578	2626	2.116190
579	2619	2.110549
580	2626	2.116190
581	2618	2.109744
582	2635	2.123443
583	2619	2.110549
584	2634	2.122637
585	2634	2.122637
586	2618	2.109744
587	2627	2.116996
588	2626	2.116190
589	2616	2.108132
590	2611	2.104103
591	2618	2.109744
592	2626	2.116190
593	2626	2.116190
594	2618	2.109744
595	2634	2.122637
596	2619	2.110549
597	2618	2.109744
598	2618	2.109744
599	2626	2.116190
600	2619	2.110549
601	2626	2.116190
602	2619	2.110549
603	2634	2.122637
604	2619	2.110549
605	2618	2.109744
606	2619	2.110549
607	2618	2.109744
608	2619	2.110549
609	2626	2.116190
610	2619	2.110549
611	2634	2.122637
612	2634	2.122637
613	2618	2.109744
614	2619	2.110549
615	2626	2.116190
616	2618	2.109744
617	2635	2.123443
618	2607	2.100879
619	2619	2.110549
620	2635	2.123443
621	2627	2.116996
622	2618	2.109744
623	2635	2.123443
624	2618	2.109744
625	2618	2.109744
626	2626	2.116190
627	2627	2.116996
628	2607	2.100879
629	2627	2.116996
630	2635	2.123443
631	2627	2.116996
632	2626	2.116190
633	2634	2.122637
634	2626	2.116190
635	2619	2.110549
636	2619	2.110549
637	2626	2.116190
638	2627	2.116996
639	2634	2.122637
640	2634	2.122637
641	2634	2.122637
642	2627	2.116996
643	2627	2.116996
644	2634	2.122637
645	2639	2.126667
646	2627	2.116996
647	2627	2.116996
648	2626	2.116190
649	2611	2.104103
650	2635	2.123443
651	2626	2.116190
652	2639	2.126667
653	2619	2.110549
654	2626	2.116190
655	2634	2.122637
656	2626	2.116190
657	2607	2.100879
658	2619	2.110549
659	2618	2.109744
660	2618	2.109744
661	2635	2.123443
662	2619	2.110549
663	2626	2.116190
664	2635	2.123443
665	2619	2.110549
666	2627	2.116996
667	2635	2.123443
668	2626	2.116190
669	2618	2.109744
670	2643	2.129890
671	2634	2.122637
672	2632	2.121026
673	2634	2.122637
674	2634	2.122637
675	2626	2.116190
676	2635	2.123443
677	2619	2.110549
678	2619	2.110549
679	2632	2.121026
680	2639	2.126667
681	2634	2.122637
682	2635	2.123443
683	2626	2.116190
684	2627	2.116996
685	2634	2.122637
686	2648	2.133919
687	2639	2.126667
688	2634	2.122637
689	2626	2.116190
690	2626	2.116190
691	2635	2.123443
692	2627	2.116996
693	2619	2.110549
694	2626	2.116190
695	2635	2.123443
696	2627	2.116996
697	2635	2.123443
698	2639	2.126667
699	2627	2.116996
700	2638	2.125861
701	2635	2.123443
702	2635	2.123443
703	2627	2.116996
704	2634	2.122637
705	2648	2.133919
706	2635	2.123443
707	2643	2.129890
708	2632	2.121026
709	2639	2.126667
710	2635	2.123443
711	2634	2.122637
712	2634	2.122637
713	2635	2.123443
714	2627	2.116996
715	2626	2.116190
716	2627	2.116996
717	2607	2.100879
718	2618	2.109744
719	2626	2.116190
720	2619	2.110549
721	2627	2.116996
722	2626	2.116190
723	2627	2.116996
724	2639	2.126667
725	2635	2.123443
726	2648	2.133919
727	2635	2.123443
728	2627	2.116996
729	2634	2.122637
730	2656	2.140366
731	2635	2.123443
732	2635	2.123443
733	2634	2.122637
734	2639	2.126667
735	2639	2.126667
736	2639	2.126667
737	2639	2.126667
738	2648	2.133919
739	2656	2.140366
740	2635	2.123443
741	2635	2.123443
742	2656	2.140366
743	2639	2.126667
744	2650	2.135531
745	2639	2.126667
746	2656	2.140366
747	2639	2.126667
748	2634	2.122637
749	2634	2.122637
750	2643	2.129890
751	2648	2.133919
752	2632	2.121026
753	2634	2.122637
754	2643	2.129890
755	2643	2.129890
756	2635	2.123443
757	2635	2.123443
758	2639	2.126667
759	2643	2.129890
760	2635	2.123443
761	2643	2.129890
762	2656	2.140366
763	2648	2.133919
764	2634	2.122637
765	2650	2.135531
766	2648	2.133919
767	2639	2.126667
768	2656	2.140366
769	2643	2.129890
770	2643	2.129890
771	2643	2.129890
772	2656	2.140366
773	2648	2.133919
774	2648	2.133919
775	2664	2.146813
776	2639	2.126667
777	2639	2.126667
778	2643	2.129890
779	2656	2.140366
780	2635	2.123443
781	2656	2.140366
782	2656	2.140366
783	2635	2.123443
784	2656	2.140366
785	2656	2.140366
786	2656	2.140366
787	2656	2.140366
788	2666	2.148425
789	2656	2.140366
790	2656	2.140366
791	2643	2.129890
792	2664	2.146813
793	2659	2.142784
794	2656	2.140366
795	2650	2.135531
796	2656	2.140366
797	2639	2.126667
798	2656	2.140366
799	2656	2.140366
800	2656	2.140366
801	2666	2.148425
802	2656	2.140366
803	2658	2.141978
804	2656	2.140366
805	2639	2.126667
806	2639	2.126667
807	2656	2.140366
808	2656	2.140366
809	2666	2.148425
810	2656	2.140366
811	2656	2.140366
812	2656	2.140366
813	2658	2.141978
814	2667	2.149231
815	2666	2.148425
816	2666	2.148425
817	2667	2.149231
818	2666	2.148425
819	2656	2.140366
820	2664	2.146813
821	2643	2.129890
822	2671	2.152454
823	2664	2.146813
824	2656	2.140366
825	2658	2.141978
826	2658	2.141978
827	2658	2.141978
828	2656	2.140366
829	2656	2.140366
830	2658	2.141978
831	2666	2.148425
832	2658	2.141978
833	2658	2.141978
834	2658	2.141978
835	2666	2.148425
836	2667	2.149231
837	2667	2.149231
838	2659	2.142784
839	2659	2.142784
840	2671	2.152454
841	2659	2.142784
842	2659	2.142784
843	2666	2.148425
844	2682	2.161319
845	2659	2.142784
846	2666	2.148425
847	2667	2.149231
848	2674	2.154872
849	2659	2.142784
850	2667	2.149231
851	2666	2.148425
852	2667	2.149231
853	2683	2.162125
854	2675	2.155678
855	2666	2.148425
856	2667	2.149231
857	2659	2.142784
858	2666	2.148425
859	2667	2.149231
860	2682	2.161319
861	2666	2.148425
862	2671	2.152454
863	2667	2.149231
864	2671	2.152454
865	2680	2.159707
866	2687	2.165348
867	2671	2.152454
868	2680	2.159707
869	2687	2.165348
870	2691	2.168571
871	2683	2.162125
872	2691	2.168571
873	2687	2.165348
874	2682	2.161319
875	2687	2.165348
876	2682	2.161319
877	2687	2.165348
878	2698	2.174212
879	2698	2.174212
880	2687	2.165348
881	2671	2.152454
882	2671	2.152454
883	2687	2.165348
884	2671	2.152454
885	2683	2.162125
886	2682	2.161319
887	2682	2.161319
888	2698	2.174212
889	2675	2.155678
890	2671	2.152454
891	2687	2.165348
892	2680	2.159707
893	2664	2.146813
894	2659	2.142784
895	2666	2.148425
896	2675	2.155678
897	2671	2.152454
898	2667	2.149231
899	2675	2.155678
900	2675	2.155678
901	2667	2.149231
902	2675	2.155678
903	2667	2.149231
904	2667	2.149231
905	2667	2.149231
906	2671	2.152454
907	2671	2.152454
908	2675	2.155678
909	2683	2.162125
910	2687	2.165348
911	2659	2.142784
912	2671	2.152454
913	2675	2.155678
914	2671	2.152454
915	2683	2.162125
916	2687	2.165348
917	2682	2.161319
918	2687	2.165348
919	2680	2.159707
920	2675	2.155678
921	2680	2.159707
922	2680	2.159707
923	2687	2.165348
924	2671	2.152454
925	2682	2.161319
926	2682	2.161319
927	2680	2.159707
928	2682	2.161319
929	2671	2.152454
930	2682	2.161319
931	2682	2.161319
932	2675	2.155678
933	2675	2.155678
934	2675	2.155678
935	2675	2.155678
936	2682	2.161319
937	2682	2.161319
938	2682	2.161319
939	2683	2.162125
940	2683	2.162125
941	2687	2.165348
942	2680	2.159707
943	2687	2.165348
944	2675	2.155678
945	2682	2.161319
946	2671	2.152454
947	2675	2.155678
948	2682	2.161319
949	2683	2.162125
950	2682	2.161319
951	2671	2.152454
952	2667	2.149231
953	2683	2.162125
954	2675	2.155678
955	2683	2.162125
956	2682	2.161319
957	2691	2.168571
958	2680	2.159707
959	2687	2.165348
960	2682	2.161319
961	2682	2.161319
962	2683	2.162125
963	2682	2.161319
964	2682	2.161319
965	2680	2.159707
966	2682	2.161319
967	2683	2.162125
968	2682	2.161319
969	2683	2.162125
970	2683	2.162125
971	2687	2.165348
972	2698	2.174212
973	2696	2.172601
974	2687	2.165348
975	2687	2.165348
976	2687	2.165348
977	2696	2.172601
978	2699	2.175018
979	2698	2.174212
980	2682	2.161319
981	2686	2.164542
982	2683	2.162125
983	2698	2.174212
984	2698	2.174212
985	2683	2.162125
986	2683	2.162125
987	2675	2.155678
988	2683	2.162125
989	2680	2.159707
990	2687	2.165348
991	2687	2.165348
992	2696	2.172601
993	2687	2.165348
994	2699	2.175018
995	2699	2.175018
996	2714	2.187106
997	2699	2.175018
998	2707	2.181465
999	2720	2.191941
1000	2698	2.174212
1001	2714	2.187106
1002	2699	2.175018
1003	2714	2.187106
1004	2714	2.187106
1005	2703	2.178242
1006	2707	2.181465
1007	2687	2.165348
1008	2707	2.181465
1009	2699	2.175018
1010	2712	2.185495
1011	2699	2.175018
1012	2699	2.175018
1013	2720	2.191941
1014	2699	2.175018
1015	2703	2.178242
1016	2698	2.174212
1017	2699	2.175018
1018	2698	2.174212
1019	2707	2.181465
1020	2703	2.178242
1021	2703	2.178242
1022	2703	2.178242
1023	2703	2.178242
1024	2707	2.181465
1025	2712	2.185495
1026	2699	2.175018
1027	2699	2.175018
1028	2703	2.178242
1029	2687	2.165348
1030	2687	2.165348
1031	2682	2.161319
1032	2703	2.178242
1033	2691	2.168571
1034	2707	2.181465
1035	2699	2.175018
1036	2699	2.175018
1037	2703	2.178242
1038	2698	2.174212
1039	2714	2.187106
1040	2699	2.175018
1041	2687	2.165348
1042	2707	2.181465
1043	2703	2.178242
1044	2698	2.174212
1045	2703	2.178242
1046	2698	2.174212
1047	2707	2.181465
1048	2720	2.191941
1049	2703	2.178242
1050	2698	2.174212
1051	2698	2.174212
1052	2712	2.185495
1053	2698	2.174212
1054	2699	2.175018
1055	2699	2.175018
1056	2699	2.175018
1057	2720	2.191941
1058	2720	2.191941
1059	2687	2.165348
1060	2707	2.181465
1061	2707	2.181465
1062	2720	2.191941
1063	2707	2.181465
1064	2707	2.181465
1065	2707	2.181465
1066	2707	2.181465
1067	2720	2.191941
1068	2712	2.185495
1069	2707	2.181465
1070	2720	2.191941
1071	2720	2.191941
1072	2714	2.187106
1073	2707	2.181465
1074	2722	2.193553
1075	2698	2.174212
1076	2707	2.181465
1077	2707	2.181465
1078	2698	2.174212
1079	2720	2.191941
1080	2714	2.187106
1081	2720	2.191941
1082	2720	2.191941
1083	2722	2.193553
1084	2720	2.191941
1085	2714	2.187106
1086	2723	2.194359
1087	2723	2.194359
1088	2722	2.193553
1089	2720	2.191941
1090	2722	2.193553
1091	2722	2.193553
1092	2720	2.191941
1093	2720	2.191941
1094	2730	2.200000
1095	2722	2.193553
1096	2720	2.191941
1097	2728	2.198388
1098	2723	2.194359
1099	2722	2.193553
1100	2720	2.191941
1101	2731	2.200806
1102	2714	2.187106
1103	2720	2.191941
1104	2731	2.200806
1105	2728	2.198388
1106	2720	2.191941
1107	2728	2.198388
1108	2731	2.200806
1109	2722	2.193553
1110	2720	2.191941
1111	2722	2.193553
1112	2723	2.194359
1113	2720	2.191941
1114	2722	2.193553
1115	2731	2.200806
1116	2722	2.193553
1117	2722	2.193553
1118	2722	2.193553
1119	2714	2.187106
1120	2730	2.200000
1121	2730	2.200000
1122	2730	2.200000
1123	2730	2.200000
1124	2722	2.193553
1125	2730	2.200000
1126	2730	2.200000
1127	2728	2.198388
1128	2723	2.194359
1129	2723	2.194359
1130	2722	2.193553
1131	2730	2.200000
1132	2731	2.200806
1133	2723	2.194359
1134	2728	2.198388
1135	2731	2.200806
1136	2730	2.200000
1137	2730	2.200000
1138	2731	2.200806
1139	2722	2.193553
1140	2730	2.200000
1141	2722	2.193553
1142	2714	2.187106
1143	2728	2.198388
1144	2731	2.200806
1145	2722	2.193553
1146	2730	2.200000
1147	2731	2.200806
1148	2730	2.200000
1149	2735	2.204029
1150	2734	2.203223
1151	2739	2.207253
1152	2731	2.200806
1153	2739	2.207253
1154	2731	2.200806
1155	2723	2.194359
1156	2735	2.204029
1157	2731	2.200806
1158	2735	2.204029
1159	2731	2.200806
1160	2739	2.207253
1161	2752	2.217729
1162	2722	2.193553
1163	2723	2.194359
1164	2731	2.200806
1165	2735	2.204029
1166	2730	2.200000
1167	2731	2.200806
1168	2739	2.207253
1169	2735	2.204029
1170	2731	2.200806
1171	2735	2.204029
1172	2739	2.207253
1173	2723	2.194359
1174	2739	2.207253
1175	2730	2.200000
1176	2746	2.212894
1177	2730	2.200000
1178	2746	2.212894
1179	2746	2.212894
1180	2735	2.204029
1181	2747	2.213700
1182	2754	2.219341
1183	2754	2.219341
1184	2730	2.200000
1185	2744	2.211282
1186	2755	2.220147
1187	2731	2.200806
1188	2746	2.212894
1189	2746	2.212894
1190	2739	2.207253
1191	2735	2.204029
1192	2739	2.207253
1193	2747	2.213700
1194	2752	2.217729
1195	2746	2.212894
1196	2746	2.212894
1197	2744	2.211282
1198	2746	2.212894
1199	2735	2.204029
1200	2746	2.212894
1201	2739	2.207253
1202	2735	2.204029
1203	2746	2.212894
1204	2735	2.204029
1205	2746	2.212894
1206	2754	2.219341
1207	2735	2.204029
1208	2739	2.207253
1209	2746	2.212894
1210	2739	2.207253
1211	2747	2.213700
1212	2754	2.219341
1213	2746	2.212894
1214	2747	2.213700
1215	2754	2.219341
1216	2752	2.217729
1217	2747	2.213700
1218	2754	2.219341
1219	2747	2.213700
1220	2755	2.220147
1221	2752	2.217729
1222	2747	2.213700
1223	2754	2.219341
1224	2739	2.207253
1225	2747	2.213700
1226	2760	2.224176
1227	2754	2.219341
1228	2763	2.226593
1229	2735	2.204029
1230	2746	2.212894
1231	2754	2.219341
1232	2755	2.220147
1233	2754	2.219341
1234	2747	2.213700
1235	2754	2.219341
1236	2754	2.219341
1237	2754	2.219341
1238	2752	2.217729
1239	2755	2.220147
1240	2763	2.226593
1241	2762	2.225788
1242	2760	2.224176
1243	2767	2.229817
1244	2760	2.224176
1245	2760	2.224176
1246	2762	2.225788
1247	2762	2.225788
1248	2754	2.219341
1249	2754	2.219341
1250	2755	2.220147
1251	2754	2.219341
1252	2752	2.217729
1253	2739	2.207253
1254	2763	2.226593
1255	2763	2.226593
1256	2762	2.225788
1257	2754	2.219341
1258	2767	2.229817
1259	2762	2.225788
1260	2762	2.225788
1261	2752	2.217729
1262	2762	2.225788
1263	2763	2.226593
1264	2760	2.224176
1265	2762	2.225788
1266	2762	2.225788
1267	2755	2.220147
1268	2778	2.238681
1269	2762	2.225788
1270	2762	2.225788
1271	2755	2.220147
1272	2763	2.226593
1273	2760	2.224176
1274	2767	2.229817
1275	2763	2.226593
1276	2767	2.229817
1277	2767	2.229817
1278	2762	2.225788
1279	2762	2.225788
1280	2762	2.225788
1281	2771	2.233040
1282	2762	2.225788
1283	2784	2.243516
1284	2784	2.243516
1285	2763	2.226593
1286	2778	2.238681
1287	2771	2.233040
1288	2771	2.233040
1289	2786	2.245128
1290	2762	2.225788
1291	2784	2.243516
1292	2767	2.229817
1293	2771	2.233040
1294	2771	2.233040
1295	2767	2.229817
1296	2771	2.233040
1297	2767	2.229817
1298	2776	2.237070
1299	2776	2.237070
1300	2778	2.238681
1301	2763	2.226593
1302	2763	2.226593
1303	2776	2.237070
1304	2784	2.243516
1305	2767	2.229817
1306	2784	2.243516
1307	2778	2.238681
1308	2767	2.229817
1309	2784	2.243516
1310	2784	2.243516
1311	2767	2.229817
1312	2786	2.245128
1313	2786	2.245128
1314	2784	2.243516
1315	2784	2.243516
1316	2784	2.243516
1317	2767	2.229817
1318	2784	2.243516
1319	2784	2.243516
1320	2767	2.229817
1321	2776	2.237070
1322	2784	2.243516
1323	2767	2.229817
1324	2784	2.243516
1325	2794	2.251575
1326	2784	2.243516
1327	2786	2.245128
1328	2767	2.229817
1329	2803	2.258828
1330	2784	2.243516
1331	2786	2.245128
1332	2787	2.245934
1333	2792	2.249963
1334	2784	2.243516
1335	2771	2.233040
1336	2786	2.245128
1337	2787	2.245934
1338	2784	2.243516
1339	2784	2.243516
1340	2786	2.245128
1341	2784	2.243516
1342	2784	2.243516
1343	2786	2.245128
1344	2795	2.252381
1345	2784	2.243516
1346	2787	2.245934
1347	2784	2.243516
1348	2784	2.243516
1349	2787	2.245934
1350	2787	2.245934
1351	2784	2.243516
1352	2787	2.245934
1353	2802	2.258022
1354	2786	2.245128
1355	2784	2.243516
1356	2787	2.245934
1357	2795	2.252381
1358	2786	2.245128
1359	2784	2.243516
1360	2794	2.251575
1361	2794	2.251575
1362	2786	2.245128
1363	2786	2.245128
1364	2786	2.245128
1365	2794	2.251575
1366	2787	2.245934
1367	2794	2.251575
1368	2794	2.251575
1369	2792	2.249963
1370	2787	2.245934
1371	2787	2.245934
1372	2795	2.252381
1373	2795	2.252381
1374	2799	2.255604
1375	2795	2.252381
1376	2787	2.245934
1377	2799	2.255604
1378	2799	2.255604
1379	2795	2.252381
1380	2795	2.252381
1381	2795	2.252381
1382	2787	2.245934
1383	2795	2.252381
1384	2795	2.252381
1385	2808	2.262857
1386	2799	2.255604
1387	2787	2.245934
1388	2794	2.251575
1389	2787	2.245934
1390	2795	2.252381
1391	2786	2.245128
1392	2795	2.252381
1393	2795	2.252381
1394	2794	2.251575
1395	2799	2.255604
1396	2787	2.245934
1397	2794	2.251575
1398	2803	2.258828
1399	2795	2.252381
1400	2794	2.251575
1401	2795	2.252381
1402	2794	2.251575
1403	2803	2.258828
1404	2799	2.255604
1405	2794	2.251575
1406	2795	2.252381
1407	2795	2.252381
1408	2794	2.251575
1409	2803	2.258828
1410	2810	2.264469
1411	2810	2.264469
1412	2794	2.251575
1413	2803	2.258828
1414	2794	2.251575
1415	2808	2.262857
1416	2803	2.258828
1417	2795	2.252381
1418	2784	2.243516
1419	2803	2.258828
1420	2810	2.264469
1421	2795	2.252381
1422	2808	2.262857
1423	2795	2.252381
1424	2795	2.252381
1425	2826	2.277363
1426	2810	2.264469
1427	2799	2.255604
1428	2808	2.262857
1429	2810	2.264469
1430	2799	2.255604
1431	2803	2.258828
1432	2803	2.258828
1433	2803	2.258828
1434	2808	2.262857
1435	2795	2.252381
1436	2794	2.251575
1437	2799	2.255604
1438	2795	2.252381
1439	2803	2.258828
1440	2799	2.255604
1441	2799	2.255604
1442	2816	2.269304
1443	2799	2.255604
1444	2794	2.251575
1445	2803	2.258828
1446	2803	2.258828
1447	2816	2.269304
1448	2799	2.255604
1449	2795	2.252381
1450	2818	2.270916
1451	2818	2.270916
1452	2799	2.255604
1453	2816	2.269304
1454	2819	2.271722
1455	2818	2.270916
1456	2819	2.271722
1457	2799	2.255604
1458	2799	2.255604
1459	2808	2.262857
1460	2799	2.255604
1461	2819	2.271722
1462	2810	2.264469
1463	2816	2.269304
1464	2810	2.264469
1465	2816	2.269304
1466	2803	2.258828
1467	2818	2.270916
1468	2826	2.277363
1469	2816	2.269304
1470	2816	2.269304
1471	2808	2.262857
1472	2818	2.270916
1473	2799	2.255604
1474	2816	2.269304
1475	2794	2.251575
1476	2794	2.251575
1477	2803	2.258828
1478	2795	2.252381
1479	2799	2.255604
1480	2799	2.255604
1481	2799	2.255604
1482	2799	2.255604
1483	2816	2.269304
1484	2818	2.270916
1485	2810	2.264469
1486	2803	2.258828
1487	2816	2.269304
1488	2803	2.258828
1489	2810	2.264469
1490	2816	2.269304
1491	2808	2.262857
1492	2799	2.255604
1493	2799	2.255604
1494	2816	2.269304
1495	2803	2.258828
1496	2810	2.264469
1497	2795	2.252381
1498	2816	2.269304
1499	2818	2.270916
1500	2810	2.264469
1501	2810	2.264469
1502	2819	2.271722
1503	2810	2.264469
1504	2810	2.264469
1505	2818	2.270916
1506	2803	2.258828
1507	2810	2.264469
1508	2810	2.264469
1509	2810	2.264469
1510	2810	2.264469
1511	2816	2.269304
1512	2816	2.269304
1513	2799	2.255604
1514	2808	2.262857
1515	2816	2.269304
1516	2816	2.269304
1517	2810	2.264469
1518	2808	2.262857
1519	2810	2.264469
1520	2816	2.269304
1521	2816	2.269304
1522	2818	2.270916
1523	2799	2.255604
1524	2816	2.269304
1525	2810	2.264469
1526	2816	2.269304
1527	2803	2.258828
1528	2795	2.252381
1529	2803	2.258828
1530	2803	2.258828
1531	2808	2.262857
1532	2816	2.269304
1533	2795	2.252381
1534	2799	2.255604
1535	2808	2.262857
1536	2810	2.264469
1537	2810	2.264469
1538	2799	2.255604
1539	2799	2.255604
1540	2803	2.258828
1541	2818	2.270916
1542	2810	2.264469
1543	2819	2.271722
1544	2795	2.252381
1545	2818	2.270916
1546	2816	2.269304
1547	2808	2.262857
1548	2803	2.258828
1549	2803	2.258828
1550	2810	2.264469
1551	2794	2.251575
1552	2808	2.262857
1553	2810	2.264469
1554	2795	2.252381
1555	2810	2.264469
1556	2794	2.251575
1557	2816	2.269304
1558	2810	2.264469
1559	2799	2.255604
1560	2803	2.258828
1561	2799	2.255604
1562	2795	2.252381
1563	2794	2.251575
1564	2808	2.262857
1565	2799	2.255604
1566	2803	2.258828
1567	2803	2.258828
1568	2799	2.255604
1569	2803	2.258828
1570	2799	2.255604
1571	2794	2.251575
1572	2803	2.258828
1573	2794	2.251575
1574	2799	2.255604
1575	2795	2.252381
1576	2794	2.251575
1577	2799	2.255604
1578	2795	2.252381
1579	2794	2.251575
1580	2795	2.252381
1581	2795	2.252381
1582	2794	2.251575
1583	2794	2.251575
1584	2803	2.258828
1585	2810	2.264469
1586	2799	2.255604
1587	2792	2.249963
1588	2803	2.258828
1589	2810	2.264469
1590	2794	2.251575
1591	2794	2.251575
1592	2799	2.255604
1593	2794	2.251575
1594	2795	2.252381
1595	2799	2.255604
1596	2810	2.264469
1597	2803	2.258828
1598	2795	2.252381
1599	2795	2.252381
1600	2792	2.249963
1601	2792	2.249963
1602	2799	2.255604
1603	2794	2.251575
1604	2795	2.252381
1605	2795	2.252381
1606	2787	2.245934
1607	2795	2.252381
1608	2808	2.262857
1609	2792	2.249963
1610	2794	2.251575
1611	2784	2.243516
1612	2784	2.243516
1613	2795	2.252381
1614	2795	2.252381
1615	2794	2.251575
1616	2786	2.245128
1617	2784	2.243516
1618	2795	2.252381
1619	2786	2.245128
1620	2795	2.252381
1621	2787	2.245934
1622	2787	2.245934
1623	2784	2.243516
1624	2784	2.243516
1625	2787	2.245934
1626	2778	2.238681
1627	2786	2.245128
1628	2787	2.245934
1629	2794	2.251575
1630	2787	2.245934
1631	2786	2.245128
1632	2787	2.245934
1633	2776	2.237070
1634	2786	2.245128
1635	2787	2.245934
1636	2786	2.245128
1637	2784	2.243516
1638	2786	2.245128
1639	2787	2.245934
1640	2784	2.243516
1641	2784	2.243516
1642	2784	2.243516
1643	2786	2.245128
1644	2784	2.243516
1645	2776	2.237070
1646	2784	2.243516
1647	2784	2.243516
1648	2784	2.243516
1649	2784	2.243516
1650	2784	2.243516
1651	2784	2.243516
1652	2771	2.233040
1653	2784	2.243516
1654	2778	2.238681
1655	2762	2.225788
1656	2767	2.229817
1657	2767	2.229817
1658	2767	2.229817
1659	2763	2.226593
1660	2784	2.243516
1661	2767	2.229817
1662	2776	2.237070
1663	2763	2.226593
1664	2762	2.225788
1665	2763	2.226593
1666	2763	2.226593
1667	2767	2.229817
1668	2767	2.229817
1669	2762	2.225788
1670	2771	2.233040
1671	2762	2.225788
1672	2754	2.219341
1673	2767	2.229817
1674	2762	2.225788
1675	2747	2.213700
1676	2755	2.220147
1677	2735	2.204029
1678	2763	2.226593
1679	2747	2.213700
1680	2760	2.224176
1681	2746	2.212894
1682	2752	2.217729
1683	2746	2.212894
1684	2762	2.225788
1685	2760	2.224176
1686	2763	2.226593
1687	2754	2.219341
1688	2762	2.225788
1689	2754	2.219341
1690	2762	2.225788
1691	2752	2.217729
1692	2746	2.212894
1693	2746	2.212894
1694	2754	2.219341
1695	2746	2.212894
1696	2754	2.219341
1697	2744	2.211282
1698	2754	2.219341
1699	2762	2.225788
1700	2754	2.219341
1701	2746	2.212894
1702	2739	2.207253
1703	2731	2.200806
1704	2746	2.212894
1705	2752	2.217729
1706	2731	2.200806
1707	2735	2.204029
1708	2739	2.207253
1709	2739	2.207253
1710	2746	2.212894
1711	2731	2.200806
1712	2735	2.204029
1713	2746	2.212894
1714	2744	2.211282
1715	2730	2.200000
1716	2723	2.194359
1717	2731	2.200806
1718	2731	2.200806
1719	2730	2.200000
1720	2735	2.204029
1721	2730	2.200000
1722	2722	2.193553
1723	2722	2.193553
1724	2731	2.200806
1725	2730	2.200000
1726	2730	2.200000
1727	2723	2.194359
1728	2723	2.194359
1729	2720	2.191941
1730	2720	2.191941
1731	2707	2.181465
1732	2723	2.194359
1733	2720	2.191941
1734	2723	2.194359
1735	2720	2.191941
1736	2730	2.200000
1737	2723	2.194359
1738	2712	2.185495
1739	2720	2.191941
1740	2707	2.181465
1741	2723	2.194359
1742	2722	2.193553
1743	2707	2.181465
1744	2720	2.191941
1745	2703	2.178242
1746	2703	2.178242
1747	2707	2.181465
1748	2712	2.185495
1749	2698	2.174212
1750	2699	2.175018
1751	2699	2.175018
1752	2683	2.162125
1753	2699	2.175018
1754	2699	2.175018
1755	2691	2.168571
1756	2698	2.174212
1757	2687	2.165348
1758	2691	2.168571
1759	2687	2.165348
1760	2687	2.165348
1761	2698	2.174212
1762	2687	2.165348
1763	2682	2.161319
1764	2696	2.172601
1765	2687	2.165348
1766	2683	2.162125
1767	2683	2.162125
1768	2682	2.161319
1769	2683	2.162125
1770	2675	2.155678
1771	2682	2.161319
1772	2671	2.152454
1773	2682	2.161319
1774	2671	2.152454
1775	2683	2.162125
1776	2667	2.149231
1777	2667	2.149231
1778	2675	2.155678
1779	2675	2.155678
1780	2667	2.149231
1781	2664	2.146813
1782	2666	2.148425
1783	2667	2.149231
1784	2680	2.159707
1785	2666	2.148425
1786	2656	2.140366
1787	2656	2.140366
1788	2659	2.142784
1789	2659	2.142784
1790	2658	2.141978
1791	2658	2.141978
1792	2656	2.140366
1793	2656	2.140366
1794	2656	2.140366
1795	2656	2.140366
1796	2656	2.140366
1797	2659	2.142784
1798	2643	2.129890
1799	2634	2.122637
1800	2656	2.140366
1801	2656	2.140366
1802	2643	2.129890
1803	2656	2.140366
1804	2635	2.123443
1805	2639	2.126667
1806	2635	2.123443
1807	2635	2.123443
1808	2635	2.123443
1809	2635	2.123443
1810	2632	2.121026
1811	2639	2.126667
1812	2618	2.109744
1813	2635	2.123443
1814	2634	2.122637
1815	2619	2.110549
1816	2619	2.110549
1817	2634	2.122637
1818	2618	2.109744
1819	2618	2.109744
1820	2626	2.116190
1821	2618	2.109744
1822	2618	2.109744
1823	2600	2.095238
1824	2603	2.097656
1825	2607	2.100879
1826	2618	2.109744
1827	2607	2.100879
1828	2610	2.103297
1829	2618	2.109744
1830	2611	2.104103
1831	2603	2.097656
1832	2602	2.096850
1833	2602	2.096850
1834	2618	2.109744
1835	2600	2.095238
1836	2618	2.109744
1837	2602	2.096850
1838	2602	2.096850
1839	2592	2.088791
1840	2607	2.100879
1841	2586	2.083956
1842	2594	2.090403
1843	2592	2.088791
1844	2575	2.075092
1845	2592	2.088791
1846	2570	2.071062
1847	2575	2.075092
1848	2592	2.088791
1849	2586	2.083956
1850	2575	2.075092
1851	2575	2.075092
1852	2570	2.071062
1853	2559	2.062198
1854	2570	2.071062
1855	2586	2.083956
1856	2570	2.071062
1857	2571	2.071868
1858	2570	2.071062
1859	2571	2.071868
1860	2571	2.071868
1861	2571	2.071868
1862	2570	2.071062
1863	2554	2.058168
1864	2554	2.058168
1865	2559	2.062198
1866	2568	2.069451
1867	2559	2.062198
1868	2552	2.056557
1869	2547	2.052527
1870	2554	2.058168
1871	2547	2.052527
1872	2547	2.052527
1873	2559	2.062198
1874	2547	2.052527
1875	2554	2.058168
1876	2552	2.056557
1877	2538	2.045275
1878	2547	2.052527
1879	2543	2.049304
1880	2555	2.058974
1881	2538	2.045275
1882	2531	2.039634
1883	2531	2.039634
1884	2536	2.043663
1885	2528	2.037216
1886	2531	2.039634
1887	2528	2.037216
1888	2531	2.039634
1889	2515	2.026740
1890	2531	2.039634
1891	2528	2.037216
1892	2528	2.037216
1893	2528	2.037216
1894	2515	2.026740
1895	2511	2.023516
1896	2522	2.032381
1897	2506	2.019487
1898	2499	2.013846
1899	2520	2.030769
1900	2506	2.019487
1901	2515	2.026740
1902	2507	2.020293
1903	2498	2.013040
1904	2504	2.017875
1905	2504	2.017875
1906	2496	2.011429
1907	2507	2.020293
1908	2506	2.019487
1909	2506	2.019487
1910	2490	2.006593
1911	2506	2.019487
1912	2498	2.013040
1913	2491	2.007399
1914	2491	2.007399
1915	2479	1.997729
1916	2498	2.013040
1917	2479	1.997729
1918	2490	2.006593
1919	2490	2.006593
1920	2490	2.006593
1921	2475	1.994505
1922	2490	2.006593
1923	2474	1.993700
1924	2483	2.000952
1925	2475	1.994505
1926	2488	2.004982
1927	2466	1.987253
1928	2474	1.993700
1929	2466	1.987253
1930	2464	1.985641
1931	2474	1.993700
1932	2466	1.987253
1933	2475	1.994505
1934	2474	1.993700
1935	2466	1.987253
1936	2464	1.985641
1937	2464	1.985641
1938	2451	1.975165
1939	2464	1.985641
1940	2464	1.985641
1941	2456	1.979194
1942	2458	1.980806
1943	2443	1.968718
1944	2451	1.975165
1945	2451	1.975165
1946	2464	1.985641
1947	2442	1.967912
1948	2447	1.971941
1949	2427	1.955824
1950	2443	1.968718
1951	2435	1.962271
1952	2442	1.967912
1953	2431	1.959048
1954	2442	1.967912
1955	2431	1.959048
1956	2435	1.962271
1957	2427	1.955824
1958	2426	1.955018
1959	2435	1.962271
1960	2435	1.962271
1961	2424	1.953407
1962	2431	1.959048
1963	2427	1.955824
1964	2424	1.953407
1965	2427	1.955824
1966	2426	1.955018
1967	2419	1.949377
1968	2419	1.949377
1969	2426	1.955018
1970	2427	1.955824
1971	2431	1.959048
1972	2427	1.955824
1973	2415	1.946154
1974	2431	1.959048
1975	2426	1.955018
1976	2419	1.949377
1977	2411	1.942930
1978	2426	1.955018
1979	2403	1.936484
1980	2411	1.942930
1981	2411	1.942930
1982	2402	1.935678
1983	2410	1.942125
1984	2403	1.936484
1985	2402	1.935678
1986	2403	1.936484
1987	2411	1.942930
1988	2400	1.934066
1989	2400	1.934066
1990	2411	1.942930
1991	2400	1.934066
1992	2403	1.936484
1993	2383	1.920366
1994	2387	1.923590
1995	2402	1.935678
1996	2387	1.923590
1997	2392	1.927619
1998	2392	1.927619
1999	2394	1.929231
2000	2383	1.920366
2001	2386	1.922784
2002	2383	1.920366
2003	2403	1.936484
2004	2387	1.923590
2005	2383	1.920366
2006	2379	1.917143
2007	2400	1.934066
2008	2378	1.916337
2009	2376	1.914725
2010	2394	1.929231
2011	2394	1.929231
2012	2383	1.920366
2013	2400	1.934066
2014	2383	1.920366
2015	2379	1.917143
2016	2383	1.920366
2017	2379	1.917143
2018	2378	1.916337
2019	2378	1.916337
2020	2379	1.917143
2021	2371	1.910696
2022	2363	1.904249
2023	2376	1.914725
2024	2370	1.909890
2025	2362	1.903443
2026	2371	1.910696
2027	2378	1.916337
2028	2371	1.910696
2029	2371	1.910696
2030	2363	1.904249
2031	2363	1.904249
2032	2363	1.904249
2033	2363	1.904249
2034	2371	1.910696
2035	2362	1.903443
2036	2370	1.909890
2037	2370	1.909890
2038	2371	1.910696
2039	2355	1.897802
2040	2363	1.904249
2041	2362	1.903443
2042	2351	1.894579
2043	2370	1.909890
2044	2383	1.920366
2045	2362	1.903443
2046	2378	1.916337
2047	2355	1.897802
2048	2360	1.901832
2049	2363	1.904249
2050	2355	1.897802
2051	2351	1.894579
2052	2362	1.903443
2053	2370	1.909890
2054	2347	1.891355
2055	2347	1.891355
2056	2379	1.917143
2057	2355	1.897802
2058	2362	1.903443
2059	2355	1.897802
2060	2362	1.903443
2061	2355	1.897802
2062	2347	1.891355
2063	2354	1.896996
2064	2351	1.894579
2065	2347	1.891355
2066	2355	1.897802
2067	2362	1.903443
2068	2355	1.897802
2069	2363	1.904249
2070	2351	1.894579
2071	2355	1.897802
2072	2351	1.894579
2073	2347	1.891355
2074	2351	1.894579
2075	2347	1.891355
2076	2346	1.890549
2077	2351	1.894579
2078	2355	1.897802
2079	2351	1.894579
2080	2363	1.904249
2081	2355	1.897802
2082	2339	1.884908
2083	2351	1.894579
2084	2347	1.891355
2085	2362	1.903443
2086	2351	1.894579
2087	2347	1.891355
2088	2336	1.882491
2089	2351	1.894579
2090	2346	1.890549
2091	2376	1.914725
2092	2355	1.897802
2093	2363	1.904249
2094	2371	1.910696
2095	2351	1.894579
2096	2347	1.891355
2097	2362	1.903443
2098	2370	1.909890
2099	2363	1.904249
2100	2347	1.891355
2101	2370	1.909890
2102	2379	1.917143
2103	2347	1.891355
2104	2368	1.908278
2105	2378	1.916337
2106	2383	1.920366
2107	2370	1.909890
2108	2362	1.903443
2109	2378	1.916337
2110	2378	1.916337
2111	2378	1.916337
2112	2362	1.903443
2113	2371	1.910696
2114	2351	1.894579
2115	2383	1.920366
2116	2371	1.910696
2117	2368	1.908278
2118	2371	1.910696
2119	2378	1.916337
2120	2371	1.910696
2121	2379	1.917143
2122	2386	1.922784
2123	2400	1.934066
2124	2370	1.909890
2125	2378	1.916337
2126	2379	1.917143
2127	2387	1.923590
2128	2383	1.920366
2129	2400	1.934066
2130	2378	1.916337
2131	2400	1.934066
2132	2392	1.927619
2133	2400	1.934066
2134	2400	1.934066
2135	2400	1.934066
2136	2402	1.935678
2137	2415	1.946154
2138	2402	1.935678
2139	2408	1.940513
2140	2400	1.934066
2141	2402	1.935678
2142	2415	1.946154
2143	2410	1.942125
2144	2415	1.946154
2145	2403	1.936484
2146	2411	1.942930
2147	2419	1.949377
2148	2415	1.946154
2149	2424	1.953407
2150	2411	1.942930
2151	2411	1.942930
2152	2415	1.946154
2153	2410	1.942125
2154	2426	1.955018
2155	2427	1.955824
2156	2426	1.955018
2157	2426	1.955018
2158	2427	1.955824
2159	2411	1.942930
2160	2419	1.949377
2161	2427	1.955824
2162	2419	1.949377
2163	2419	1.949377
2164	2434	1.961465
2165	2442	1.967912
2166	2426	1.955018
2167	2442	1.967912
2168	2426	1.955018
2169	2434	1.961465
2170	2427	1.955824
2171	2442	1.967912
2172	2427	1.955824
2173	2443	1.968718
2174	2442	1.967912
2175	2434	1.961465
2176	2427	1.955824
2177	2427	1.955824
2178	2451	1.975165
2179	2456	1.979194
2180	2443	1.968718
2181	2446	1.971136
2182	2443	1.968718
2183	2458	1.980806
2184	2447	1.971941
2185	2447	1.971941
2186	2451	1.975165
2187	2447	1.971941
2188	2451	1.975165
2189	2442	1.967912
2190	2464	1.985641
2191	2447	1.971941
2192	2464	1.985641
2193	2464	1.985641
2194	2442	1.967912
2195	2451	1.975165
2196	2451	1.975165
2197	2464	1.985641
2198	2472	1.992088
2199	2447	1.971941
2200	2447	1.971941
2201	2458	1.980806
2202	2464	1.985641
2203	2435	1.962271
2204	2464	1.985641
2205	2466	1.987253
2206	2447	1.971941
2207	2464	1.985641
2208	2464	1.985641
2209	2458	1.980806
2210	2464	1.985641
2211	2451	1.975165
2212	2447	1.971941
2213	2451	1.975165
2214	2456	1.979194
2215	2458	1.980806
2216	2442	1.967912
2217	2456	1.979194
2218	2447	1.971941
2219	2435	1.962271
2220	2443	1.968718
2221	2443	1.968718
2222	2442	1.967912
2223	2443	1.968718
2224	2431	1.959048
2225	2451	1.975165
2226	2435	1.962271
2227	2442	1.967912
2228	2442	1.967912
2229	2427	1.955824
2230	2435	1.962271
2231	2440	1.966300
2232	2435	1.962271
2233	2435	1.962271
2234	2434	1.961465
2235	2424	1.953407
2236	2426	1.955018
2237	2442	1.967912
2238	2435	1.962271
2239	2427	1.955824
2240	2419	1.949377
2241	2424	1.953407
2242	2415	1.946154
2243	2411	1.942930
2244	2427	1.955824
2245	2403	1.936484
2246	2410	1.942125
2247	2402	1.935678
2248	2400	1.934066
2249	2408	1.940513
2250	2402	1.935678
2251	2402	1.935678
2252	2400	1.934066
2253	2392	1.927619
2254	2400	1.934066
2255	2379	1.917143
2256	2370	1.909890
2257	2371	1.910696
2258	2370	1.909890
2259	2362	1.903443
2260	2363	1.904249
2261	2347	1.891355
2262	2371	1.910696
2263	2370	1.909890
2264	2362	1.903443
2265	2346	1.890549
2266	2347	1.891355
2267	2339	1.884908
2268	2330	1.877656
2269	2338	1.884103
2270	2336	1.882491
2271	2307	1.859121
2272	2323	1.872015
2273	2314	1.864762
2274	2315	1.865568
2275	2287	1.843004
2276	2314	1.864762
2277	2299	1.852674
2278	2303	1.855897
2279	2291	1.846227
2280	2283	1.839780
2281	2287	1.843004
2282	2282	1.838974
2283	2283	1.839780
2284	2272	1.830916
2285	2248	1.811575
2286	2259	1.820440
2287	2248	1.811575
2288	2240	1.805128
2289	2243	1.807546
2290	2234	1.800293
2291	2218	1.787399
2292	2218	1.787399
2293	2210	1.780952
2294	2211	1.781758
2295	2218	1.787399
2296	2208	1.779341
2297	2195	1.768864
2298	2194	1.768059
2299	2186	1.761612
2300	2168	1.747106
2301	2171	1.749524
2302	2170	1.748718
2303	2147	1.730183
2304	2147	1.730183
2305	2146	1.729377
2306	2146	1.729377
2307	2131	1.717289
2308	2122	1.710037
2309	2127	1.714066
2310	2115	1.704396
2311	2099	1.691502
2312	2106	1.697143
2313	2106	1.697143
2314	2091	1.685055
2315	2090	1.684249
2316	2095	1.688278
2317	2082	1.677802
2318	2083	1.678608
2319	2080	1.676190
2320	2080	1.676190
2321	2083	1.678608
2322	2080	1.676190
2323	2059	1.659267
2324	2059	1.659267
2325	2058	1.658462
2326	2063	1.662491
2327	2058	1.658462
2328	2058	1.658462
2329	2051	1.652821
2330	2058	1.658462
2331	2056	1.656850
2332	2063	1.662491
2333	2058	1.658462
2334	2063	1.662491
2335	2043	1.646374
2336	2047	1.649597
2337	2051	1.652821
2338	2043	1.646374
2339	2051	1.652821
2340	2058	1.658462
2341	2054	1.655238
2342	2043	1.646374
2343	2047	1.649597
2344	2062	1.661685
2345	2059	1.659267
2346	2058	1.658462
2347	2063	1.662491
2348	2072	1.669744
2349	2067	1.665714
2350	2080	1.676190
2351	2066	1.664908
2352	2063	1.662491
2353	2063	1.662491
2354	2072	1.669744
2355	2080	1.676190
2356	2083	1.678608
2357	2091	1.685055
2358	2095	1.688278
2359	2094	1.687473
2360	2104	1.695531
2361	2095	1.688278
2362	2115	1.704396
2363	2114	1.703590
2364	2114	1.703590
2365	2138	1.722930
2366	2144	1.727766
2367	2146	1.729377
2368	2138	1.722930
2369	2144	1.727766
2370	2147	1.730183
2371	2147	1.730183
2372	2163	1.743077
2373	2175	1.752747
2374	2175	1.752747
2375	2171	1.749524
2376	2186	1.761612
2377	2191	1.765641
2378	2184	1.760000
2379	2211	1.781758
2380	2219	1.788205
2381	2208	1.779341
2382	2223	1.791429
2383	2219	1.788205
2384	2242	1.806740
2385	2240	1.805128
2386	2235	1.801099
2387	2250	1.813187
2388	2243	1.807546
2389	2255	1.817216
2390	2272	1.830916
2391	2282	1.838974
2392	2287	1.843004
2393	2291	1.846227
2394	2303	1.855897
2395	2298	1.851868
2396	2314	1.864762
2397	2312	1.863150
2398	2339	1.884908
2399	2323	1.872015
2400	2336	1.882491
2401	2339	1.884908
2402	2351	1.894579
2403	2362	1.903443
2404	2362	1.903443
2405	2355	1.897802
2406	2376	1.914725
2407	2371	1.910696
2408	2378	1.916337
2409	2383	1.920366
2410	2383	1.920366
2411	2400	1.934066
2412	2400	1.934066
2413	2403	1.936484
2414	2403	1.936484
2415	2424	1.953407
2416	2415	1.946154
2417	2426	1.955018
2418	2415	1.946154
2419	2415	1.946154
2420	2435	1.962271
2421	2443	1.968718
2422	2442	1.967912
2423	2442	1.967912
2424	2443	1.968718
2425	2464	1.985641
2426	2458	1.980806
2427	2466	1.987253
2428	2467	1.988059
2429	2474	1.993700
2430	2488	2.004982
2431	2490	2.006593
2432	2490	2.006593
2433	2479	1.997729
2434	2498	2.013040
2435	2506	2.019487
2436	2498	2.013040
2437	2491	2.007399
2438	2491	2.007399
2439	2506	2.019487
2440	2515	2.026740
2441	2507	2.020293
2442	2528	2.037216
2443	2515	2.026740
2444	2528	2.037216
2445	2528	2.037216
2446	2554	2.058168
2447	2536	2.043663
2448	2539	2.046081
2449	2555	2.058974
2450	2543	2.049304
2451	2547	2.052527
2452	2559	2.062198
2453	2547	2.052527
2454	2543	2.049304
2455	2547	2.052527
2456	2555	2.058974
2457	2555	2.058974
2458	2559	2.062198
2459	2570	2.071062
2460	2554	2.058168
2461	2571	2.071868
2462	2570	2.071062
2463	2559	2.062198
2464	2574	2.074286
2465	2592	2.088791
2466	2586	2.083956
2467	2571	2.071868
2468	2592	2.088791
2469	2594	2.090403
2470	2584	2.082344
2471	2595	2.091209
2472	2594	2.090403
2473	2592	2.088791
2474	2595	2.091209
2475	2594	2.090403
2476	2592	2.088791
2477	2603	2.097656
2478	2600	2.095238
2479	2602	2.096850
2480	2611	2.104103
2481	2607	2.100879
2482	2607	2.100879
2483	2610	2.103297
2484	2603	2.097656
2485	2602	2.096850
2486	2616	2.108132
2487	2603	2.097656
2488	2626	2.116190
2489	2611	2.104103
2490	2626	2.116190
2491	2634	2.122637
2492	2635	2.123443
2493	2635	2.123443
2494	2627	2.116996
2495	2634	2.122637
2496	2632	2.121026
2497	2635	2.123443
2498	2643	2.129890
2499	2648	2.133919
2500	2656	2.140366
2501	2658	2.141978
2502	2656	2.140366
2503	2658	2.141978
2504	2667	2.149231
2505	2666	2.148425
2506	2659	2.142784
2507	2671	2.152454
2508	2667	2.149231
2509	2667	2.149231
2510	2666	2.148425
2511	2664	2.146813
2512	2671	2.152454
2513	2666	2.148425
2514	2666	2.148425
2515	2666	2.148425
2516	2671	2.152454
2517	2675	2.155678
2518	2671	2.152454
2519	2671	2.152454
2520	2687	2.165348
2521	2687	2.165348
2522	2675	2.155678
2523	2682	2.161319
2524	2682	2.161319
2525	2699	2.175018
2526	2682	2.161319
2527	2691	2.168571
2528	2691	2.168571
2529	2683	2.162125
2530	2682	2.161319
2531	2683	2.162125
2532	2698	2.174212
2533	2683	2.162125
2534	2675	2.155678
2535	2682	2.161319
2536	2698	2.174212
2537	2687	2.165348
2538	2687	2.165348
2539	2687	2.165348
2540	2683	2.162125
2541	2696	2.172601
2542	2687	2.165348
2543	2699	2.175018
2544	2699	2.175018
2545	2698	2.174212
2546	2699	2.175018
2547	2699	2.175018
2548	2699	2.175018
2549	2698	2.174212
2550	2699	2.175018
2551	2720	2.191941
2552	2699	2.175018
2553	2703	2.178242
2554	2691	2.168571
2555	2702	2.177436
2556	2703	2.178242
2557	2703	2.178242
2558	2707	2.181465
2559	2720	2.191941
2560	2720	2.191941
2561	2722	2.193553
2562	2730	2.200000
2563	2722	2.193553
2564	2722	2.193553
2565	2728	2.198388
2566	2722	2.193553
2567	2722	2.193553
2568	2722	2.193553
2569	2728	2.198388
2570	2720	2.191941
2571	2720	2.191941
2572	2722	2.193553
2573	2720	2.191941
2574	2723	2.194359
2575	2722	2.193553
2576	2723	2.194359
2577	2722	2.193553
2578	2731	2.200806
2579	2728	2.198388
2580	2722	2.193553
2581	2730	2.200000
2582	2723	2.194359
2583	2730	2.200000
2584	2723	2.194359
2585	2731	2.200806
2586	2746	2.212894
2587	2730	2.200000
2588	2735	2.204029
2589	2735	2.204029
2590	2735	2.204029
2591	2730	2.200000
2592	2730	2.200000
2593	2747	2.213700
2594	2730	2.200000
2595	2735	2.204029
2596	2735	2.204029
2597	2746	2.212894
2598	2731	2.200806
2599	2731	2.200806
2600	2739	2.207253
2601	2746	2.212894
2602	2739	2.207253
2603	2746	2.212894
2604	2747	2.213700
2605	2746	2.212894
2606	2760	2.224176
2607	2755	2.220147
2608	2754	2.219341
2609	2754	2.219341
2610	2752	2.217729
2611	2760	2.224176
2612	2746	2.212894
2613	2746	2.212894
2614	2752	2.217729
2615	2752	2.217729
2616	2754	2.219341
2617	2762	2.225788
2618	2767	2.229817
2619	2767	2.229817
2620	2767	2.229817
2621	2762	2.225788
2622	2771	2.233040
2623	2763	2.226593
2624	2762	2.225788
2625	2755	2.220147
2626	2784	2.243516
2627	2776	2.237070
2628	2784	2.243516
2629	2771	2.233040
2630	2767	2.229817
2631	2778	2.238681
2632	2784	2.243516
2633	2792	2.249963
2634	2784	2.243516
2635	2767	2.229817
2636	2795	2.252381
2637	2776	2.237070
2638	2784	2.243516
2639	2784	2.243516
2640	2784	2.243516
2641	2771	2.233040
2642	2786	2.245128
2643	2794	2.251575
2644	2787	2.245934
2645	2787	2.245934
2646	2786	2.245128
2647	2787	2.245934
2648	2786	2.245128
2649	2786	2.245128
2650	2795	2.252381
2651	2799	2.255604
2652	2808	2.262857
2653	2776	2.237070
2654	2792	2.249963
2655	2795	2.252381
2656	2786	2.245128
2657	2794	2.251575
2658	2799	2.255604
2659	2794	2.251575
2660	2799	2.255604
2661	2794	2.251575
2662	2803	2.258828
2663	2799	2.255604
2664	2795	2.252381
2665	2799	2.255604
2666	2810	2.264469
2667	2803	2.258828
2668	2810	2.264469
2669	2808	2.262857
2670	2816	2.269304
2671	2799	2.255604
2672	2810	2.264469
2673	2803	2.258828
2674	2818	2.270916
2675	2818	2.270916
2676	2818	2.270916
2677	2819	2.271722
2678	2824	2.275751
2679	2810	2.264469
2680	2818	2.270916
2681	2818	2.270916
2682	2808	2.262857
2683	2818	2.270916
2684	2831	2.281392
2685	2816	2.269304
2686	2819	2.271722
2687	2816	2.269304
2688	2818	2.270916
2689	2816	2.269304
2690	2819	2.271722
2691	2818	2.270916
2692	2831	2.281392
2693	2831	2.281392
2694	2826	2.277363
2695	2827	2.278168
2696	2835	2.284615
2697	2826	2.277363
2698	2826	2.277363
2699	2831	2.281392
2700	2824	2.275751
2701	2826	2.277363
2702	2826	2.277363
2703	2827	2.278168
2704	2827	2.278168
2705	2826	2.277363
2706	2818	2.270916
2707	2816	2.269304
2708	2826	2.277363
2709	2831	2.281392
2710	2826	2.277363
2711	2827	2.278168
2712	2827	2.278168
2713	2824	2.275751
2714	2827	2.278168
2715	2826	2.277363
2716	2848	2.295092
2717	2827	2.278168
2718	2831	2.281392
2719	2827	2.278168
2720	2842	2.290256
2721	2827	2.278168
2722	2848	2.295092
2723	2827	2.278168
2724	2827	2.278168
2725	2831	2.281392
2726	2850	2.296703
2727	2848	2.295092
2728	2835	2.284615
2729	2842	2.290256
2730	2848	2.295092
2731	2848	2.295092
2732	2835	2.284615
2733	2848	2.295092
2734	2848	2.295092
2735	2848	2.295092
2736	2848	2.295092
2737	2835	2.284615
2738	2848	2.295092
2739	2840	2.288645
2740	2831	2.281392
2741	2848	2.295092
2742	2835	2.284615
2743	2842	2.290256
2744	2850	2.296703
2745	2848	2.295092
2746	2850	2.296703
2747	2850	2.296703
2748	2859	2.303956
2749	2858	2.303150
2750	2835	2.284615
2751	2858	2.303150
2752	2859	2.303956
2753	2858	2.303150
2754	2856	2.301538
2755	2858	2.303150
2756	2858	2.303150
2757	2848	2.295092
2758	2858	2.303150
2759	2856	2.301538
2760	2867	2.310403
2761	2858	2.303150
2762	2850	2.296703
2763	2859	2.303956
2764	2863	2.307179
2765	2863	2.307179
2766	2863	2.307179
2767	2863	2.307179
2768	2874	2.316044
2769	2859	2.303956
2770	2863	2.307179
2771	2863	2.307179
2772	2858	2.303150
2773	2867	2.310403
2774	2874	2.316044
2775	2875	2.316850
2776	2874	2.316044
2777	2872	2.314432
2778	2875	2.316850
2779	2874	2.316044
2780	2859	2.303956
2781	2874	2.316044
2782	2874	2.316044
2783	2874	2.316044
2784	2867	2.310403
2785	2875	2.316850
2786	2872	2.314432
2787	2882	2.322491
2788	2882	2.322491
2789	2882	2.322491
2790	2874	2.316044
2791	2874	2.316044
2792	2875	2.316850
2793	2874	2.316044
2794	2882	2.322491
2795	2875	2.316850
2796	2875	2.316850
2797	2875	2.316850
2798	2882	2.322491
2799	2882	2.322491
2800	2883	2.323297
2801	2882	2.322491
2802	2883	2.323297
2803	2882	2.322491
2804	2890	2.328938
2805	2875	2.316850
2806	2891	2.329744
2807	2882	2.322491
2808	2883	2.323297
2809	2890	2.328938
2810	2888	2.327326
2811	2882	2.322491
2812	2875	2.316850
2813	2874	2.316044
2814	2882	2.322491
2815	2874	2.316044
2816	2890	2.328938
2817	2891	2.329744
2818	2891	2.329744
2819	2890	2.328938
2820	2890	2.328938
2821	2888	2.327326
2822	2888	2.327326
2823	2890	2.328938
2824	2890	2.328938
2825	2875	2.316850
2826	2890	2.328938
2827	2882	2.322491
2828	2895	2.332967
2829	2899	2.336190
2830	2890	2.328938
2831	2890	2.328938
2832	2895	2.332967
2833	2891	2.329744
2834	2883	2.323297
2835	2890	2.328938
2836	2891	2.329744
2837	2890	2.328938
2838	2904	2.340220
2839	2895	2.332967
2840	2904	2.340220
2841	2891	2.329744
2842	2895	2.332967
2843	2883	2.323297
2844	2890	2.328938
2845	2912	2.346667
2846	2904	2.340220
2847	2891	2.329744
2848	2899	2.336190
2849	2912	2.346667
2850	2891	2.329744
2851	2895	2.332967
2852	2890	2.328938
2853	2891	2.329744
2854	2895	2.332967
2855	2912	2.346667
2856	2899	2.336190
2857	2895	2.332967
2858	2895	2.332967
2859	2883	2.323297
2860	2895	2.332967
2861	2899	2.336190
2862	2899	2.336190
2863	2890	2.328938
2864	2895	2.332967
2865	2891	2.329744
2866	2891	2.329744
2867	2912	2.346667
2868	2915	2.349084
2869	2912	2.346667
2870	2912	2.346667
2871	2914	2.348278
2872	2912	2.346667
2873	2895	2.332967
2874	2912	2.346667
2875	2912	2.346667
2876	2895	2.332967
2877	2912	2.346667
2878	2912	2.346667
2879	2912	2.346667
2880	2914	2.348278
2881	2914	2.348278
2882	2915	2.349084
2883	2899	2.336190
2884	2914	2.348278
2885	2895	2.332967
2886	2915	2.349084
2887	2927	2.358755
2888	2912	2.346667
2889	2912	2.346667
2890	2923	2.355531
2891	2914	2.348278
2892	2914	2.348278
2893	2912	2.346667
2894	2914	2.348278
2895	2914	2.348278
2896	2922	2.354725
2897	2912	2.346667
2898	2895	2.332967
2899	2915	2.349084
2900	2920	2.353114
2901	2915	2.349084
2902	2922	2.354725
2903	2912	2.346667
2904	2920	2.353114
2905	2912	2.346667
2906	2922	2.354725
2907	2922	2.354725
2908	2912	2.346667
2909	2927	2.358755
2910	2915	2.349084
2911	2912	2.346667
2912	2915	2.349084
2913	2922	2.354725
2914	2920	2.353114
2915	2915	2.349084
2916	2922	2.354725
2917	2915	2.349084
2918	2915	2.349084
2919	2922	2.354725
2920	2938	2.367619
2921	2927	2.358755
2922	2931	2.361978
2923	2914	2.348278
2924	2927	2.358755
2925	2923	2.355531
2926	2914	2.348278
2927	2914	2.348278
2928	2922	2.354725
2929	2920	2.353114
2930	2923	2.355531
2931	2915	2.349084
2932	2923	2.355531
2933	2923	2.355531
2934	2927	2.358755
2935	2923	2.355531
2936	2915	2.349084
2937	2914	2.348278
2938	2923	2.355531
2939	2923	2.355531
2940	2923	2.355531
2941	2922	2.354725
2942	2923	2.355531
2943	2939	2.368425
2944	2927	2.358755
2945	2938	2.367619
2946	2927	2.358755
2947	2923	2.355531
2948	2938	2.367619
2949	2939	2.368425
2950	2938	2.367619
2951	2915	2.349084
2952	2927	2.358755
2953	2923	2.355531
2954	2923	2.355531
2955	2915	2.349084
2956	2938	2.367619
2957	2923	2.355531
2958	2939	2.368425
2959	2931	2.361978
2960	2931	2.361978
2961	2923	2.355531
2962	2923	2.355531
2963	2923	2.355531
2964	2923	2.355531
2965	2931	2.361978
2966	2938	2.367619
2967	2923	2.355531
2968	2923	2.355531
2969	2923	2.355531
2970	2938	2.367619
2971	2938	2.367619
2972	2927	2.358755
2973	2939	2.368425
2974	2943	2.371648
2975	2931	2.361978
2976	2938	2.367619
2977	2938	2.367619
2978	2927	2.358755
2979	2939	2.368425
2980	2936	2.366007
2981	2923	2.355531
2982	2954	2.380513
2983	2927	2.358755
2984	2923	2.355531
2985	2938	2.367619
2986	2927	2.358755
2987	2939	2.368425
2988	2927	2.358755
2989	2931	2.361978
2990	2939	2.368425
2991	2931	2.361978
2992	2936	2.366007
2993	2947	2.374872
2994	2943	2.371648
2995	2946	2.374066
2996	2943	2.371648
2997	2927	2.358755
2998	2938	2.367619
2999	2939	2.368425
3000	2954	2.380513
3001	2936	2.366007
3002	2923	2.355531
3003	2938	2.367619
3004	2943	2.371648
3005	2939	2.368425
3006	2939	2.368425
3007	2939	2.368425
3008	2927	2.358755
3009	2939	2.368425
3010	2931	2.361978
3011	2931	2.361978
3012	2923	2.355531
3013	2927	2.358755
3014	2947	2.374872
3015	2927	2.358755
3016	2938	2.367619
3017	2927	2.358755
3018	2938	2.367619
3019	2931	2.361978
3020	2938	2.367619
3021	2938	2.367619
3022	2927	2.358755
3023	2954	2.380513
3024	2938	2.367619
3025	2939	2.368425
3026	2938	2.367619
3027	2943	2.371648
3028	2939	2.368425
3029	2954	2.380513
3030	2938	2.367619
3031	2943	2.371648
3032	2938	2.367619
3033	2954	2.380513
3034	2939	2.368425
3035	2943	2.371648
3036	2938	2.367619
3037	2943	2.371648
3038	2939	2.368425
3039	2943	2.371648
3040	2938	2.367619
3041	2923	2.355531
3042	2954	2.380513
3043	2938	2.367619
3044	2939	2.368425
3045	2943	2.371648
3046	2943	2.371648
3047	2939	2.368425
3048	2946	2.374066
3049	2938	2.367619
3050	2947	2.374872
3051	2938	2.367619
3052	2938	2.367619
3053	2939	2.368425
3054	2946	2.374066
3055	2947	2.374872
3056	2939	2.368425
3057	2939	2.368425
3058	2931	2.361978
3059	2947	2.374872
3060	2939	2.368425
3061	2952	2.378901
3062	2939	2.368425
3063	2946	2.374066
3064	2946	2.374066
3065	2954	2.380513
3066	2954	2.380513
3067	2927	2.358755
3068	2938	2.367619
3069	2939	2.368425
3070	2938	2.367619
3071	2947	2.374872
3072	2939	2.368425
3073	2936	2.366007
3074	2939	2.368425
3075	2947	2.374872
3076	2947	2.374872
3077	2939	2.368425
3078	2939	2.368425
3079	2943	2.371648
3080	2938	2.367619
3081	2939	2.368425
3082	2954	2.380513
3083	2954	2.380513
3084	2943	2.371648
3085	2939	2.368425
3086	2946	2.374066
3087	2947	2.374872
3088	2939	2.368425
3089	2946	2.374066
3090	2947	2.374872
3091	2947	2.374872
3092	2938	2.367619
3093	2939	2.368425
3094	2943	2.371648
3095	2954	2.380513
3096	2954	2.380513
3097	2955	2.381319
3098	2947	2.374872
3099	2954	2.380513
3100	2947	2.374872
3101	2955	2.381319
3102	2943	2.371648
3103	2943	2.371648
3104	2947	2.374872
3105	2946	2.374066
3106	2954	2.380513
3107	2946	2.374066
3108	2954	2.380513
3109	2954	2.380513
3110	2939	2.368425
3111	2947	2.374872
3112	2943	2.371648
3113	2946	2.374066
3114	2947	2.374872
3115	2943	2.371648
3116	2954	2.380513
3117	2952	2.378901
3118	2955	2.381319
3119	2947	2.374872
3120	2943	2.371648
3121	2947	2.374872
3122	2939	2.368425
3123	2952	2.378901
3124	2947	2.374872
3125	2947	2.374872
3126	2938	2.367619
3127	2955	2.381319
3128	2955	2.381319
3129	2947	2.374872
3130	2939	2.368425
3131	2947	2.374872
3132	2943	2.371648
3133	2954	2.380513
3134	2954	2.380513
3135	2943	2.371648
3136	2954	2.380513
3137	2947	2.374872
3138	2955	2.381319
3139	2939	2.368425
3140	2947	2.374872
3141	2954	2.380513
3142	2954	2.380513
3143	2954	2.380513
3144	2943	2.371648
3145	2955	2.381319
3146	2959	2.384542
3147	2947	2.374872
3148	2955	2.381319
3149	2947	2.374872
3150	2938	2.367619
3151	2959	2.384542
3152	2939	2.368425
3153	2954	2.380513
3154	2952	2.378901
3155	2955	2.381319
3156	2954	2.380513
3157	2943	2.371648
3158	2947	2.374872
3159	2952	2.378901
3160	2959	2.384542
3161	2952	2.378901
3162	2955	2.381319
3163	2947	2.374872
3164	2959	2.384542
3165	2955	2.381319
3166	2955	2.381319
3167	2954	2.380513
3168	2952	2.378901
3169	2963	2.387766
3170	2963	2.387766
3171	2954	2.380513
3172	2958	2.383736
3173	2955	2.381319
3174	2959	2.384542
3175	2947	2.374872
3176	2947	2.374872
3177	2946	2.374066
3178	2959	2.384542
3179	2955	2.381319
3180	2947	2.374872
3181	2959	2.384542
3182	2955	2.381319
3183	2954	2.380513
3184	2947	2.374872
3185	2954	2.380513
3186	2955	2.381319
3187	2947	2.374872
3188	2959	2.384542
3189	2955	2.381319
3190	2959	2.384542
3191	2959	2.384542
3192	2968	2.391795
3193	2954	2.380513
3194	2959	2.384542
3195	2939	2.368425
3196	2939	2.368425
3197	2954	2.380513
3198	2954	2.380513
3199	2954	2.380513
3200	2959	2.384542
3201	2954	2.380513
3202	2959	2.384542
3203	2946	2.374066
3204	2947	2.374872
3205	2954	2.380513
3206	2959	2.384542
3207	2943	2.371648
3208	2946	2.374066
3209	2955	2.381319
3210	2955	2.381319
3211	2955	2.381319
3212	2947	2.374872
3213	2954	2.380513
3214	2959	2.384542
3215	2955	2.381319
3216	2952	2.378901
3217	2963	2.387766
3218	2959	2.384542
3219	2963	2.387766
3220	2955	2.381319
3221	2959	2.384542
3222	2959	2.384542
3223	2955	2.381319
3224	2959	2.384542
3225	2959	2.384542
3226	2976	2.398242
3227	2954	2.380513
3228	2963	2.387766
3229	2959	2.384542
3230	2976	2.398242
3231	2954	2.380513
3232	2963	2.387766
3233	2954	2.380513
3234	2955	2.381319
3235	2955	2.381319
3236	2954	2.380513
3237	2959	2.384542
3238	2955	2.381319
3239	2955	2.381319
3240	2955	2.381319
3241	2954	2.380513
3242	2954	2.380513
3243	2970	2.393407
3244	2943	2.371648
3245	2954	2.380513
3246	2955	2.381319
3247	2955	2.381319
3248	2954	2.380513
3249	2959	2.384542
3250	2955	2.381319
3251	2976	2.398242
3252	2968	2.391795
3253	2955	2.381319
3254	2947	2.374872
3255	2959	2.384542
3256	2954	2.380513
3257	2955	2.381319
3258	2955	2.381319
3259	2959	2.384542
3260	2970	2.393407
3261	2954	2.380513
3262	2976	2.398242
3263	2959	2.384542
3264	2954	2.380513
3265	2955	2.381319
3266	2955	2.381319
3267	2959	2.384542
3268	2968	2.391795
3269	2954	2.380513
3270	2959	2.384542
3271	2959	2.384542
3272	2955	2.381319
3273	2955	2.381319
3274	2954	2.380513
3275	2976	2.398242
3276	2959	2.384542
3277	2968	2.391795
3278	2963	2.387766
3279	2959	2.384542
3280	2959	2.384542
3281	2976	2.398242
3282	2955	2.381319
3283	2963	2.387766
3284	2963	2.387766
3285	2955	2.381319
3286	2955	2.381319
3287	2955	2.381319
3288	2976	2.398242
3289	2959	2.384542
3290	2947	2.374872
3291	2963	2.387766
3292	2955	2.381319
3293	2959	2.384542
3294	2954	2.380513
3295	2955	2.381319
3296	2955	2.381319
3297	2970	2.393407
3298	2968	2.391795
3299	2976	2.398242
3300	2976	2.398242
3301	2959	2.384542
3302	2976	2.398242
3303	2976	2.398242
3304	2959	2.384542
3305	2959	2.384542
3306	2976	2.398242
3307	2959	2.384542
3308	2976	2.398242
3309	2955	2.381319
3310	2959	2.384542
3311	2970	2.393407
3312	2976	2.398242
3313	2955	2.381319
3314	2955	2.381319
3315	2959	2.384542
3316	2976	2.398242
3317	2959	2.384542
3318	2959	2.384542
3319	2954	2.380513
3320	2968	2.391795
3321	2976	2.398242
3322	2970	2.393407
3323	2959	2.384542
3324	2976	2.398242
3325	2955	2.381319
3326	2970	2.393407
3327	2955	2.381319
3328	2955	2.381319
3329	2955	2.381319
3330	2963	2.387766
3331	2976	2.398242
3332	2976	2.398242
3333	2970	2.393407
3334	2959	2.384542
3335	2955	2.381319
3336	2978	2.399853
3337	2959	2.384542
3338	2959	2.384542
3339	2968	2.391795
3340	2955	2.381319
3341	2955	2.381319
3342	2963	2.387766
3343	2954	2.380513
3344	2959	2.384542
3345	2955	2.381319
3346	2976	2.398242
3347	2976	2.398242
3348	2955	2.381319
3349	2959	2.384542
3350	2959	2.384542
3351	2959	2.384542
3352	2970	2.393407
3353	2963	2.387766
3354	2976	2.398242
3355	2968	2.391795
3356	2959	2.384542
3357	2955	2.381319
3358	2968	2.391795
3359	2963	2.387766
3360	2976	2.398242
3361	2976	2.398242
3362	2963	2.387766
3363	2963	2.387766
3364	2959	2.384542
3365	2959	2.384542
3366	2978	2.399853
3367	2976	2.398242
3368	2968	2.391795
3369	2976	2.398242
3370	2963	2.387766
3371	2963	2.387766
3372	2963	2.387766
3373	2955	2.381319
3374	2959	2.384542
3375	2976	2.398242
3376	2959	2.384542
3377	2968	2.391795
3378	2963	2.387766
3379	2959	2.384542
3380	2955	2.381319
3381	2954	2.380513
3382	2970	2.393407
3383	2955	2.381319
3384	2968	2.391795
3385	2954	2.380513
3386	2963	2.387766
3387	2970	2.393407
3388	2968	2.391795
3389	2959	2.384542
3390	2968	2.391795
3391	2959	2.384542
3392	2959	2.384542
3393	2978	2.399853
3394	2976	2.398242
3395	2963	2.387766
3396	2959	2.384542
3397	2959	2.384542
3398	2954	2.380513
3399	2978	2.399853
3400	2955	2.381319
3401	2955	2.381319
3402	2968	2.391795
3403	2959	2.384542
3404	2959	2.384542
3405	2976	2.398242
3406	2963	2.387766
3407	2970	2.393407
3408	2970	2.393407
3409	2963	2.387766
3410	2955	2.381319
3411	2976	2.398242
3412	2968	2.391795
3413	2959	2.384542
3414	2970	2.393407
3415	2968	2.391795
3416	2959	2.384542
3417	2976	2.398242
3418	2955	2.381319
3419	2959	2.384542
3420	2955	2.381319
3421	2959	2.384542
3422	2959	2.384542
3423	2968	2.391795
3424	2976	2.398242
3425	2963	2.387766
3426	2959	2.384542
3427	2968	2.391795
3428	2955	2.381319
3429	2959	2.384542
3430	2959	2.384542
3431	2959	2.384542
3432	2976	2.398242
3433	2959	2.384542
3434	2955	2.381319
3435	2959	2.384542
3436	2952	2.378901
3437	2959	2.384542
3438	2976	2.398242
3439	2954	2.380513
3440	2954	2.380513
3441	2955	2.381319
3442	2976	2.398242
3443	2959	2.384542
3444	2955	2.381319
3445	2955	2.381319
3446	2954	2.380513
3447	2955	2.381319
3448	2954	2.380513
3449	2963	2.387766
3450	2955	2.381319
3451	2959	2.384542
3452	2959	2.384542
3453	2959	2.384542
3454	2955	2.381319
3455	2955	2.381319
3456	2955	2.381319
3457	2955	2.381319
3458	2955	2.381319
3459	2959	2.384542
3460	2959	2.384542
3461	2959	2.384542
3462	2955	2.381319
3463	2968	2.391795
3464	2955	2.381319
3465	2955	2.381319
3466	2959	2.384542
3467	2959	2.384542
3468	2959	2.384542
3469	2968	2.391795
3470	2954	2.380513
3471	2959	2.384542
3472	2954	2.380513
3473	2959	2.384542
3474	2976	2.398242
3475	2955	2.381319
3476	2970	2.393407
3477	2954	2.380513
3478	2970	2.393407
3479	2954	2.380513
3480	2955	2.381319
3481	2955	2.381319
3482	2959	2.384542
3483	2954	2.380513
3484	2955	2.381319
3485	2959	2.384542
3486	2955	2.381319
3487	2954	2.380513
3488	2955	2.381319
3489	2955	2.381319
3490	2959	2.384542
3491	2976	2.398242
3492	2954	2.380513
3493	2954	2.380513
3494	2954	2.380513
3495	2970	2.393407
3496	2955	2.381319
3497	2955	2.381319
3498	2946	2.374066
3499	2947	2.374872
3500	2955	2.381319
3501	2954	2.380513
3502	2952	2.378901
3503	2947	2.374872
3504	2947	2.374872
3505	2947	2.374872
3506	2954	2.380513
3507	2959	2.384542
3508	2952	2.378901
3509	2954	2.380513
3510	2955	2.381319
3511	2947	2.374872
3512	2955	2.381319
3513	2954	2.380513
3514	2946	2.374066
3515	2939	2.368425
3516	2943	2.371648
3517	2955	2.381319
3518	2952	2.378901
3519	2939	2.368425
3520	2947	2.374872
3521	2955	2.381319
3522	2954	2.380513
3523	2947	2.374872
3524	2954	2.380513
3525	2943	2.371648
3526	2939	2.368425
3527	2943	2.371648
3528	2954	2.380513
3529	2943	2.371648
3530	2938	2.367619
3531	2955	2.381319
3532	2939	2.368425
3533	2939	2.368425
3534	2943	2.371648
3535	2954	2.380513
3536	2954	2.380513
3537	2946	2.374066
3538	2931	2.361978
3539	2954	2.380513
3540	2952	2.378901
3541	2938	2.367619
3542	2939	2.368425
3543	2947	2.374872
3544	2939	2.368425
3545	2947	2.374872
3546	2954	2.380513
3547	2939	2.368425
3548	2946	2.374066
3549	2939	2.368425
3550	2939	2.368425
3551	2938	2.367619
3552	2939	2.368425
3553	2947	2.374872
3554	2939	2.368425
3555	2939	2.368425
3556	2931	2.361978
3557	2943	2.371648
3558	2938	2.367619
3559	2938	2.367619
3560	2927	2.358755
3561	2939	2.368425
3562	2927	2.358755
3563	2936	2.366007
3564	2939	2.368425
3565	2947	2.374872
3566	2931	2.361978
3567	2947	2.374872
3568	2947	2.374872
3569	2927	2.358755
3570	2938	2.367619
3571	2938	2.367619
3572	2936	2.366007
3573	2938	2.367619
3574	2938	2.367619
3575	2923	2.355531
3576	2938	2.367619
3577	2943	2.371648
3578	2927	2.358755
3579	2927	2.358755
3580	2927	2.358755
3581	2938	2.367619
3582	2938	2.367619
3583	2922	2.354725
3584	2927	2.358755
3585	2927	2.358755
3586	2922	2.354725
3587	2927	2.358755
3588	2936	2.366007
3589	2923	2.355531
3590	2938	2.367619
3591	2923	2.355531
3592	2923	2.355531
3593	2927	2.358755
3594	2923	2.355531
3595	2931	2.361978
3596	2915	2.349084
3597	2931	2.361978
3598	2923	2.355531
3599	2927	2.358755
3600	2923	2.355531
3601	2927	2.358755
3602	2920	2.353114
3603	2923	2.355531
3604	2923	2.355531
3605	2914	2.348278
3606	2914	2.348278
3607	2936	2.366007
3608	2922	2.354725
3609	2912	2.346667
3610	2922	2.354725
3611	2912	2.346667
3612	2923	2.355531
3613	2922	2.354725
3614	2915	2.349084
3615	2915	2.349084
3616	2923	2.355531
3617	2912	2.346667
3618	2922	2.354725
3619	2923	2.355531
3620	2927	2.358755
3621	2915	2.349084
3622	2923	2.355531
3623	2912	2.346667
3624	2927	2.358755
3625	2915	2.349084
3626	2927	2.358755
3627	2923	2.355531
3628	2899	2.336190
3629	2912	2.346667
3630	2920	2.353114
3631	2915	2.349084
3632	2922	2.354725
3633	2914	2.348278
3634	2915	2.349084
3635	2915	2.349084
3636	2912	2.346667
3637	2923	2.355531
3638	2922	2.354725
3639	2915	2.349084
3640	2922	2.354725
3641	2914	2.348278
3642	2914	2.348278
3643	2914	2.348278
3644	2914	2.348278
3645	2895	2.332967
3646	2912	2.346667
3647	2914	2.348278
