Pixel	ADC	VoltageV
1	3938	3.173480
2	3938	3.173480
3	3936	3.171868
4	3936	3.171868
5	3936	3.171868
6	3936	3.171868
7	3936	3.171868
8	3936	3.171868
9	3936	3.171868
10	3936	3.171868
11	3936	3.171868
12	3936	3.171868
13	3936	3.171868
14	3938	3.173480
15	3936	3.171868
16	3936	3.171868
17	3232	2.604542
18	2656	2.140366
19	2675	2.155678
20	2683	2.162125
21	2682	2.161319
22	2671	2.152454
23	2680	2.159707
24	2682	2.161319
25	2683	2.162125
26	2683	2.162125
27	2671	2.152454
28	2687	2.165348
29	2683	2.162125
30	2683	2.162125
31	2675	2.155678
32	2687	2.165348
33	2687	2.165348
34	2675	2.155678
35	2683	2.162125
36	2682	2.161319
37	2671	2.152454
38	2698	2.174212
39	2682	2.161319
40	2683	2.162125
41	2683	2.162125
42	2680	2.159707
43	2675	2.155678
44	2682	2.161319
45	2671	2.152454
46	2682	2.161319
47	2666	2.148425
48	2682	2.161319
49	2696	2.172601
50	2683	2.162125
51	2675	2.155678
52	2675	2.155678
53	2683	2.162125
54	2687	2.165348
55	2687	2.165348
56	2683	2.162125
57	2687	2.165348
58	2682	2.161319
59	2699	2.175018
60	2703	2.178242
61	2683	2.162125
62	2687	2.165348
63	2682	2.161319
64	2687	2.165348
65	2680	2.159707
66	2698	2.174212
67	2696	2.172601
68	2699	2.175018
69	2683	2.162125
70	2683	2.162125
71	2683	2.162125
72	2683	2.162125
73	2683	2.162125
74	2696	2.172601
75	2683	2.162125
76	2687	2.165348
77	2687	2.165348
78	2675	2.155678
79	2667	2.149231
80	2675	2.155678
81	2682	2.161319
82	2683	2.162125
83	2675	2.155678
84	2675	2.155678
85	2680	2.159707
86	2671	2.152454
87	2675	2.155678
88	2682	2.161319
89	2682	2.161319
90	2682	2.161319
91	2671	2.152454
92	2698	2.174212
93	2683	2.162125
94	2682	2.161319
95	2687	2.165348
96	2671	2.152454
97	2682	2.161319
98	2682	2.161319
99	2683	2.162125
100	2691	2.168571
101	2687	2.165348
102	2683	2.162125
103	2683	2.162125
104	2687	2.165348
105	2687	2.165348
106	2682	2.161319
107	2683	2.162125
108	2687	2.165348
109	2698	2.174212
110	2687	2.165348
111	2683	2.162125
112	2696	2.172601
113	2683	2.162125
114	2683	2.162125
115	2683	2.162125
116	2683	2.162125
117	2687	2.165348
118	2683	2.162125
119	2691	2.168571
120	2687	2.165348
121	2691	2.168571
122	2691	2.168571
123	2682	2.161319
124	2682	2.161319
125	2687	2.165348
126	2682	2.161319
127	2682	2.161319
128	2683	2.162125
129	2683	2.162125
130	2682	2.161319
131	2675	2.155678
132	2683	2.162125
133	2691	2.168571
134	2683	2.162125
135	2680	2.159707
136	2675	2.155678
137	2682	2.161319
138	2680	2.159707
139	2680	2.159707
140	2683	2.162125
141	2699	2.175018
142	2687	2.165348
143	2682	2.161319
144	2682	2.161319
145	2682	2.161319
146	2683	2.162125
147	2683	2.162125
148	2687	2.165348
149	2680	2.159707
150	2687	2.165348
151	2687	2.165348
152	2687	2.165348
153	2703	2.178242
154	2687	2.165348
155	2687	2.165348
156	2683	2.162125
157	2687	2.165348
158	2683	2.162125
159	2698	2.174212
160	2698	2.174212
161	2687	2.165348
162	2687	2.165348
163	2687	2.165348
164	2696	2.172601
165	2687	2.165348
166	2683	2.162125
167	2682	2.161319
168	2683	2.162125
169	2682	2.161319
170	2687	2.165348
171	2683	2.162125
172	2687	2.165348
173	2682	2.161319
174	2687	2.165348
175	2687	2.165348
176	2682	2.161319
177	2687	2.165348
178	2683	2.162125
179	2691	2.168571
180	2683	2.162125
181	2696	2.172601
182	2707	2.181465
183	2687	2.165348
184	2696	2.172601
185	2687	2.165348
186	2682	2.161319
187	2699	2.175018
188	2698	2.174212
189	2698	2.174212
190	2698	2.174212
191	2683	2.162125
192	2687	2.165348
193	2698	2.174212
194	2687	2.165348
195	2687	2.165348
196	2698	2.174212
197	2691	2.168571
198	2682	2.161319
199	2691	2.168571
200	2703	2.178242
201	2675	2.155678
202	2687	2.165348
203	2698	2.174212
204	2696	2.172601
205	2687	2.165348
206	2687	2.165348
207	2683	2.162125
208	2687	2.165348
209	2683	2.162125
210	2683	2.162125
211	2691	2.168571
212	2675	2.155678
213	2687	2.165348
214	2687	2.165348
215	2683	2.162125
216	2687	2.165348
217	2687	2.165348
218	2682	2.161319
219	2683	2.162125
220	2675	2.155678
221	2683	2.162125
222	2687	2.165348
223	2682	2.161319
224	2698	2.174212
225	2683	2.162125
226	2675	2.155678
227	2687	2.165348
228	2687	2.165348
229	2696	2.172601
230	2698	2.174212
231	2683	2.162125
232	2683	2.162125
233	2691	2.168571
234	2687	2.165348
235	2682	2.161319
236	2698	2.174212
237	2667	2.149231
238	2683	2.162125
239	2671	2.152454
240	2683	2.162125
241	2687	2.165348
242	2687	2.165348
243	2687	2.165348
244	2687	2.165348
245	2667	2.149231
246	2687	2.165348
247	2682	2.161319
248	2682	2.161319
249	2687	2.165348
250	2698	2.174212
251	2671	2.152454
252	2698	2.174212
253	2683	2.162125
254	2683	2.162125
255	2696	2.172601
256	2698	2.174212
257	2691	2.168571
258	2683	2.162125
259	2683	2.162125
260	2696	2.172601
261	2687	2.165348
262	2687	2.165348
263	2699	2.175018
264	2680	2.159707
265	2696	2.172601
266	2698	2.174212
267	2683	2.162125
268	2680	2.159707
269	2682	2.161319
270	2699	2.175018
271	2687	2.165348
272	2687	2.165348
273	2683	2.162125
274	2698	2.174212
275	2687	2.165348
276	2687	2.165348
277	2680	2.159707
278	2687	2.165348
279	2683	2.162125
280	2687	2.165348
281	2683	2.162125
282	2699	2.175018
283	2683	2.162125
284	2696	2.172601
285	2698	2.174212
286	2687	2.165348
287	2683	2.162125
288	2687	2.165348
289	2683	2.162125
290	2682	2.161319
291	2682	2.161319
292	2687	2.165348
293	2683	2.162125
294	2667	2.149231
295	2687	2.165348
296	2696	2.172601
297	2687	2.165348
298	2687	2.165348
299	2687	2.165348
300	2683	2.162125
301	2687	2.165348
302	2683	2.162125
303	2683	2.162125
304	2699	2.175018
305	2698	2.174212
306	2691	2.168571
307	2698	2.174212
308	2698	2.174212
309	2698	2.174212
310	2691	2.168571
311	2699	2.175018
312	2696	2.172601
313	2699	2.175018
314	2687	2.165348
315	2706	2.180659
316	2687	2.165348
317	2703	2.178242
318	2699	2.175018
319	2698	2.174212
320	2683	2.162125
321	2687	2.165348
322	2687	2.165348
323	2699	2.175018
324	2687	2.165348
325	2687	2.165348
326	2687	2.165348
327	2683	2.162125
328	2691	2.168571
329	2698	2.174212
330	2698	2.174212
331	2687	2.165348
332	2698	2.174212
333	2696	2.172601
334	2698	2.174212
335	2691	2.168571
336	2687	2.165348
337	2696	2.172601
338	2699	2.175018
339	2698	2.174212
340	2683	2.162125
341	2687	2.165348
342	2703	2.178242
343	2687	2.165348
344	2698	2.174212
345	2687	2.165348
346	2687	2.165348
347	2699	2.175018
348	2699	2.175018
349	2698	2.174212
350	2698	2.174212
351	2698	2.174212
352	2683	2.162125
353	2687	2.165348
354	2696	2.172601
355	2691	2.168571
356	2696	2.172601
357	2698	2.174212
358	2707	2.181465
359	2696	2.172601
360	2687	2.165348
361	2698	2.174212
362	2687	2.165348
363	2683	2.162125
364	2699	2.175018
365	2699	2.175018
366	2699	2.175018
367	2696	2.172601
368	2687	2.165348
369	2699	2.175018
370	2698	2.174212
371	2699	2.175018
372	2687	2.165348
373	2687	2.165348
374	2703	2.178242
375	2703	2.178242
376	2698	2.174212
377	2687	2.165348
378	2687	2.165348
379	2687	2.165348
380	2699	2.175018
381	2698	2.174212
382	2687	2.165348
383	2675	2.155678
384	2687	2.165348
385	2687	2.165348
386	2687	2.165348
387	2687	2.165348
388	2698	2.174212
389	2687	2.165348
390	2683	2.162125
391	2699	2.175018
392	2683	2.162125
393	2687	2.165348
394	2675	2.155678
395	2687	2.165348
396	2699	2.175018
397	2703	2.178242
398	2703	2.178242
399	2698	2.174212
400	2687	2.165348
401	2703	2.178242
402	2696	2.172601
403	2683	2.162125
404	2712	2.185495
405	2698	2.174212
406	2703	2.178242
407	2699	2.175018
408	2712	2.185495
409	2691	2.168571
410	2683	2.162125
411	2691	2.168571
412	2683	2.162125
413	2696	2.172601
414	2696	2.172601
415	2698	2.174212
416	2703	2.178242
417	2698	2.174212
418	2698	2.174212
419	2698	2.174212
420	2691	2.168571
421	2699	2.175018
422	2699	2.175018
423	2696	2.172601
424	2703	2.178242
425	2687	2.165348
426	2696	2.172601
427	2703	2.178242
428	2698	2.174212
429	2687	2.165348
430	2683	2.162125
431	2696	2.172601
432	2698	2.174212
433	2703	2.178242
434	2691	2.168571
435	2699	2.175018
436	2683	2.162125
437	2698	2.174212
438	2698	2.174212
439	2682	2.161319
440	2687	2.165348
441	2696	2.172601
442	2699	2.175018
443	2703	2.178242
444	2687	2.165348
445	2682	2.161319
446	2699	2.175018
447	2698	2.174212
448	2698	2.174212
449	2707	2.181465
450	2703	2.178242
451	2687	2.165348
452	2698	2.174212
453	2687	2.165348
454	2687	2.165348
455	2698	2.174212
456	2696	2.172601
457	2698	2.174212
458	2698	2.174212
459	2698	2.174212
460	2699	2.175018
461	2683	2.162125
462	2698	2.174212
463	2682	2.161319
464	2699	2.175018
465	2691	2.168571
466	2687	2.165348
467	2696	2.172601
468	2720	2.191941
469	2720	2.191941
470	2687	2.165348
471	2707	2.181465
472	2687	2.165348
473	2707	2.181465
474	2720	2.191941
475	2691	2.168571
476	2707	2.181465
477	2703	2.178242
478	2703	2.178242
479	2712	2.185495
480	2703	2.178242
481	2703	2.178242
482	2698	2.174212
483	2722	2.193553
484	2720	2.191941
485	2707	2.181465
486	2720	2.191941
487	2722	2.193553
488	2699	2.175018
489	2703	2.178242
490	2712	2.185495
491	2707	2.181465
492	2703	2.178242
493	2720	2.191941
494	2720	2.191941
495	2707	2.181465
496	2699	2.175018
497	2720	2.191941
498	2687	2.165348
499	2699	2.175018
500	2703	2.178242
501	2699	2.175018
502	2703	2.178242
503	2703	2.178242
504	2699	2.175018
505	2720	2.191941
506	2698	2.174212
507	2699	2.175018
508	2703	2.178242
509	2707	2.181465
510	2683	2.162125
511	2698	2.174212
512	2703	2.178242
513	2703	2.178242
514	2687	2.165348
515	2691	2.168571
516	2698	2.174212
517	2720	2.191941
518	2699	2.175018
519	2699	2.175018
520	2703	2.178242
521	2699	2.175018
522	2720	2.191941
523	2691	2.168571
524	2699	2.175018
525	2698	2.174212
526	2703	2.178242
527	2707	2.181465
528	2699	2.175018
529	2699	2.175018
530	2691	2.168571
531	2699	2.175018
532	2687	2.165348
533	2699	2.175018
534	2698	2.174212
535	2698	2.174212
536	2703	2.178242
537	2703	2.178242
538	2703	2.178242
539	2687	2.165348
540	2698	2.174212
541	2698	2.174212
542	2723	2.194359
543	2703	2.178242
544	2720	2.191941
545	2720	2.191941
546	2720	2.191941
547	2720	2.191941
548	2720	2.191941
549	2723	2.194359
550	2722	2.193553
551	2720	2.191941
552	2707	2.181465
553	2720	2.191941
554	2723	2.194359
555	2712	2.185495
556	2703	2.178242
557	2699	2.175018
558	2699	2.175018
559	2720	2.191941
560	2703	2.178242
561	2703	2.178242
562	2703	2.178242
563	2707	2.181465
564	2720	2.191941
565	2699	2.175018
566	2699	2.175018
567	2707	2.181465
568	2699	2.175018
569	2687	2.165348
570	2698	2.174212
571	2703	2.178242
572	2720	2.191941
573	2691	2.168571
574	2698	2.174212
575	2703	2.178242
576	2703	2.178242
577	2699	2.175018
578	2707	2.181465
579	2699	2.175018
580	2707	2.181465
581	2706	2.180659
582	2707	2.181465
583	2722	2.193553
584	2707	2.181465
585	2699	2.175018
586	2699	2.175018
587	2706	2.180659
588	2707	2.181465
589	2720	2.191941
590	2720	2.191941
591	2699	2.175018
592	2691	2.168571
593	2698	2.174212
594	2720	2.191941
595	2720	2.191941
596	2707	2.181465
597	2703	2.178242
598	2720	2.191941
599	2720	2.191941
600	2703	2.178242
601	2720	2.191941
602	2703	2.178242
603	2707	2.181465
604	2699	2.175018
605	2699	2.175018
606	2691	2.168571
607	2699	2.175018
608	2703	2.178242
609	2699	2.175018
610	2699	2.175018
611	2707	2.181465
612	2698	2.174212
613	2699	2.175018
614	2707	2.181465
615	2703	2.178242
616	2703	2.178242
617	2699	2.175018
618	2707	2.181465
619	2720	2.191941
620	2720	2.191941
621	2698	2.174212
622	2698	2.174212
623	2703	2.178242
624	2707	2.181465
625	2707	2.181465
626	2703	2.178242
627	2720	2.191941
628	2707	2.181465
629	2720	2.191941
630	2723	2.194359
631	2720	2.191941
632	2699	2.175018
633	2720	2.191941
634	2703	2.178242
635	2699	2.175018
636	2720	2.191941
637	2720	2.191941
638	2703	2.178242
639	2707	2.181465
640	2728	2.198388
641	2699	2.175018
642	2720	2.191941
643	2698	2.174212
644	2707	2.181465
645	2699	2.175018
646	2703	2.178242
647	2707	2.181465
648	2703	2.178242
649	2687	2.165348
650	2720	2.191941
651	2720	2.191941
652	2703	2.178242
653	2699	2.175018
654	2699	2.175018
655	2698	2.174212
656	2699	2.175018
657	2720	2.191941
658	2707	2.181465
659	2712	2.185495
660	2703	2.178242
661	2703	2.178242
662	2720	2.191941
663	2723	2.194359
664	2720	2.191941
665	2720	2.191941
666	2720	2.191941
667	2720	2.191941
668	2722	2.193553
669	2722	2.193553
670	2720	2.191941
671	2722	2.193553
672	2720	2.191941
673	2722	2.193553
674	2722	2.193553
675	2722	2.193553
676	2731	2.200806
677	2720	2.191941
678	2703	2.178242
679	2703	2.178242
680	2703	2.178242
681	2720	2.191941
682	2712	2.185495
683	2703	2.178242
684	2703	2.178242
685	2720	2.191941
686	2712	2.185495
687	2720	2.191941
688	2723	2.194359
689	2703	2.178242
690	2707	2.181465
691	2698	2.174212
692	2720	2.191941
693	2703	2.178242
694	2720	2.191941
695	2720	2.191941
696	2722	2.193553
697	2722	2.193553
698	2723	2.194359
699	2720	2.191941
700	2722	2.193553
701	2720	2.191941
702	2722	2.193553
703	2722	2.193553
704	2720	2.191941
705	2722	2.193553
706	2728	2.198388
707	2722	2.193553
708	2720	2.191941
709	2731	2.200806
710	2730	2.200000
711	2722	2.193553
712	2722	2.193553
713	2720	2.191941
714	2707	2.181465
715	2699	2.175018
716	2699	2.175018
717	2699	2.175018
718	2699	2.175018
719	2720	2.191941
720	2720	2.191941
721	2720	2.191941
722	2707	2.181465
723	2698	2.174212
724	2722	2.193553
725	2723	2.194359
726	2720	2.191941
727	2699	2.175018
728	2730	2.200000
729	2720	2.191941
730	2722	2.193553
731	2723	2.194359
732	2723	2.194359
733	2720	2.191941
734	2728	2.198388
735	2728	2.198388
736	2731	2.200806
737	2723	2.194359
738	2722	2.193553
739	2722	2.193553
740	2723	2.194359
741	2723	2.194359
742	2720	2.191941
743	2730	2.200000
744	2728	2.198388
745	2722	2.193553
746	2730	2.200000
747	2722	2.193553
748	2720	2.191941
749	2723	2.194359
750	2723	2.194359
751	2712	2.185495
752	2722	2.193553
753	2720	2.191941
754	2707	2.181465
755	2720	2.191941
756	2720	2.191941
757	2720	2.191941
758	2722	2.193553
759	2722	2.193553
760	2723	2.194359
761	2707	2.181465
762	2722	2.193553
763	2723	2.194359
764	2720	2.191941
765	2720	2.191941
766	2720	2.191941
767	2723	2.194359
768	2722	2.193553
769	2723	2.194359
770	2722	2.193553
771	2728	2.198388
772	2723	2.194359
773	2730	2.200000
774	2730	2.200000
775	2730	2.200000
776	2720	2.191941
777	2720	2.191941
778	2722	2.193553
779	2731	2.200806
780	2723	2.194359
781	2720	2.191941
782	2731	2.200806
783	2728	2.198388
784	2735	2.204029
785	2730	2.200000
786	2720	2.191941
787	2722	2.193553
788	2722	2.193553
789	2730	2.200000
790	2720	2.191941
791	2723	2.194359
792	2731	2.200806
793	2723	2.194359
794	2728	2.198388
795	2722	2.193553
796	2723	2.194359
797	2722	2.193553
798	2730	2.200000
799	2730	2.200000
800	2730	2.200000
801	2722	2.193553
802	2730	2.200000
803	2720	2.191941
804	2730	2.200000
805	2723	2.194359
806	2723	2.194359
807	2720	2.191941
808	2723	2.194359
809	2730	2.200000
810	2723	2.194359
811	2730	2.200000
812	2746	2.212894
813	2739	2.207253
814	2735	2.204029
815	2739	2.207253
816	2730	2.200000
817	2735	2.204029
818	2735	2.204029
819	2739	2.207253
820	2723	2.194359
821	2723	2.194359
822	2746	2.212894
823	2731	2.200806
824	2735	2.204029
825	2746	2.212894
826	2747	2.213700
827	2739	2.207253
828	2728	2.198388
829	2730	2.200000
830	2735	2.204029
831	2730	2.200000
832	2735	2.204029
833	2730	2.200000
834	2735	2.204029
835	2746	2.212894
836	2731	2.200806
837	2731	2.200806
838	2739	2.207253
839	2731	2.200806
840	2730	2.200000
841	2735	2.204029
842	2739	2.207253
843	2735	2.204029
844	2730	2.200000
845	2746	2.212894
846	2735	2.204029
847	2730	2.200000
848	2754	2.219341
849	2739	2.207253
850	2735	2.204029
851	2731	2.200806
852	2739	2.207253
853	2752	2.217729
854	2739	2.207253
855	2739	2.207253
856	2739	2.207253
857	2746	2.212894
858	2731	2.200806
859	2747	2.213700
860	2744	2.211282
861	2739	2.207253
862	2752	2.217729
863	2746	2.212894
864	2754	2.219341
865	2746	2.212894
866	2755	2.220147
867	2763	2.226593
868	2763	2.226593
869	2755	2.220147
870	2752	2.217729
871	2763	2.226593
872	2763	2.226593
873	2752	2.217729
874	2754	2.219341
875	2755	2.220147
876	2760	2.224176
877	2755	2.220147
878	2762	2.225788
879	2752	2.217729
880	2754	2.219341
881	2747	2.213700
882	2747	2.213700
883	2746	2.212894
884	2746	2.212894
885	2746	2.212894
886	2746	2.212894
887	2755	2.220147
888	2754	2.219341
889	2731	2.200806
890	2754	2.219341
891	2744	2.211282
892	2752	2.217729
893	2744	2.211282
894	2731	2.200806
895	2735	2.204029
896	2735	2.204029
897	2731	2.200806
898	2754	2.219341
899	2746	2.212894
900	2735	2.204029
901	2735	2.204029
902	2746	2.212894
903	2747	2.213700
904	2735	2.204029
905	2735	2.204029
906	2746	2.212894
907	2752	2.217729
908	2735	2.204029
909	2754	2.219341
910	2752	2.217729
911	2752	2.217729
912	2755	2.220147
913	2754	2.219341
914	2754	2.219341
915	2755	2.220147
916	2746	2.212894
917	2767	2.229817
918	2763	2.226593
919	2747	2.213700
920	2754	2.219341
921	2755	2.220147
922	2755	2.220147
923	2754	2.219341
924	2754	2.219341
925	2752	2.217729
926	2746	2.212894
927	2754	2.219341
928	2762	2.225788
929	2754	2.219341
930	2762	2.225788
931	2755	2.220147
932	2755	2.220147
933	2747	2.213700
934	2752	2.217729
935	2754	2.219341
936	2752	2.217729
937	2754	2.219341
938	2760	2.224176
939	2739	2.207253
940	2754	2.219341
941	2735	2.204029
942	2754	2.219341
943	2762	2.225788
944	2747	2.213700
945	2739	2.207253
946	2754	2.219341
947	2763	2.226593
948	2763	2.226593
949	2746	2.212894
950	2754	2.219341
951	2746	2.212894
952	2752	2.217729
953	2755	2.220147
954	2755	2.220147
955	2767	2.229817
956	2755	2.220147
957	2746	2.212894
958	2746	2.212894
959	2752	2.217729
960	2760	2.224176
961	2747	2.213700
962	2746	2.212894
963	2746	2.212894
964	2754	2.219341
965	2746	2.212894
966	2746	2.212894
967	2755	2.220147
968	2762	2.225788
969	2762	2.225788
970	2754	2.219341
971	2752	2.217729
972	2762	2.225788
973	2763	2.226593
974	2755	2.220147
975	2763	2.226593
976	2767	2.229817
977	2763	2.226593
978	2752	2.217729
979	2752	2.217729
980	2763	2.226593
981	2739	2.207253
982	2739	2.207253
983	2763	2.226593
984	2762	2.225788
985	2755	2.220147
986	2754	2.219341
987	2754	2.219341
988	2762	2.225788
989	2754	2.219341
990	2762	2.225788
991	2762	2.225788
992	2762	2.225788
993	2767	2.229817
994	2767	2.229817
995	2784	2.243516
996	2784	2.243516
997	2767	2.229817
998	2762	2.225788
999	2767	2.229817
1000	2755	2.220147
1001	2767	2.229817
1002	2767	2.229817
1003	2755	2.220147
1004	2767	2.229817
1005	2767	2.229817
1006	2763	2.226593
1007	2767	2.229817
1008	2776	2.237070
1009	2771	2.233040
1010	2771	2.233040
1011	2763	2.226593
1012	2762	2.225788
1013	2784	2.243516
1014	2784	2.243516
1015	2763	2.226593
1016	2784	2.243516
1017	2784	2.243516
1018	2763	2.226593
1019	2771	2.233040
1020	2767	2.229817
1021	2784	2.243516
1022	2771	2.233040
1023	2784	2.243516
1024	2784	2.243516
1025	2763	2.226593
1026	2771	2.233040
1027	2763	2.226593
1028	2762	2.225788
1029	2754	2.219341
1030	2784	2.243516
1031	2784	2.243516
1032	2767	2.229817
1033	2755	2.220147
1034	2767	2.229817
1035	2784	2.243516
1036	2771	2.233040
1037	2771	2.233040
1038	2755	2.220147
1039	2784	2.243516
1040	2767	2.229817
1041	2771	2.233040
1042	2767	2.229817
1043	2784	2.243516
1044	2767	2.229817
1045	2771	2.233040
1046	2784	2.243516
1047	2767	2.229817
1048	2784	2.243516
1049	2767	2.229817
1050	2784	2.243516
1051	2763	2.226593
1052	2784	2.243516
1053	2784	2.243516
1054	2767	2.229817
1055	2786	2.245128
1056	2763	2.226593
1057	2784	2.243516
1058	2784	2.243516
1059	2784	2.243516
1060	2784	2.243516
1061	2786	2.245128
1062	2786	2.245128
1063	2784	2.243516
1064	2784	2.243516
1065	2784	2.243516
1066	2794	2.251575
1067	2786	2.245128
1068	2784	2.243516
1069	2786	2.245128
1070	2786	2.245128
1071	2784	2.243516
1072	2792	2.249963
1073	2784	2.243516
1074	2771	2.233040
1075	2771	2.233040
1076	2784	2.243516
1077	2767	2.229817
1078	2771	2.233040
1079	2784	2.243516
1080	2784	2.243516
1081	2784	2.243516
1082	2787	2.245934
1083	2786	2.245128
1084	2784	2.243516
1085	2794	2.251575
1086	2787	2.245934
1087	2784	2.243516
1088	2787	2.245934
1089	2795	2.252381
1090	2794	2.251575
1091	2786	2.245128
1092	2795	2.252381
1093	2794	2.251575
1094	2792	2.249963
1095	2784	2.243516
1096	2794	2.251575
1097	2784	2.243516
1098	2792	2.249963
1099	2784	2.243516
1100	2786	2.245128
1101	2784	2.243516
1102	2786	2.245128
1103	2784	2.243516
1104	2794	2.251575
1105	2786	2.245128
1106	2795	2.252381
1107	2787	2.245934
1108	2786	2.245128
1109	2792	2.249963
1110	2786	2.245128
1111	2786	2.245128
1112	2786	2.245128
1113	2787	2.245934
1114	2786	2.245128
1115	2794	2.251575
1116	2784	2.243516
1117	2794	2.251575
1118	2794	2.251575
1119	2786	2.245128
1120	2795	2.252381
1121	2803	2.258828
1122	2795	2.252381
1123	2786	2.245128
1124	2787	2.245934
1125	2787	2.245934
1126	2787	2.245934
1127	2784	2.243516
1128	2784	2.243516
1129	2787	2.245934
1130	2795	2.252381
1131	2787	2.245934
1132	2803	2.258828
1133	2799	2.255604
1134	2799	2.255604
1135	2794	2.251575
1136	2787	2.245934
1137	2795	2.252381
1138	2795	2.252381
1139	2816	2.269304
1140	2784	2.243516
1141	2786	2.245128
1142	2792	2.249963
1143	2794	2.251575
1144	2795	2.252381
1145	2786	2.245128
1146	2794	2.251575
1147	2795	2.252381
1148	2808	2.262857
1149	2794	2.251575
1150	2786	2.245128
1151	2799	2.255604
1152	2799	2.255604
1153	2787	2.245934
1154	2787	2.245934
1155	2799	2.255604
1156	2808	2.262857
1157	2808	2.262857
1158	2792	2.249963
1159	2787	2.245934
1160	2799	2.255604
1161	2799	2.255604
1162	2794	2.251575
1163	2803	2.258828
1164	2799	2.255604
1165	2816	2.269304
1166	2799	2.255604
1167	2795	2.252381
1168	2816	2.269304
1169	2799	2.255604
1170	2792	2.249963
1171	2810	2.264469
1172	2799	2.255604
1173	2803	2.258828
1174	2810	2.264469
1175	2819	2.271722
1176	2810	2.264469
1177	2803	2.258828
1178	2816	2.269304
1179	2826	2.277363
1180	2799	2.255604
1181	2803	2.258828
1182	2816	2.269304
1183	2816	2.269304
1184	2799	2.255604
1185	2787	2.245934
1186	2816	2.269304
1187	2794	2.251575
1188	2816	2.269304
1189	2816	2.269304
1190	2808	2.262857
1191	2799	2.255604
1192	2799	2.255604
1193	2810	2.264469
1194	2816	2.269304
1195	2816	2.269304
1196	2816	2.269304
1197	2810	2.264469
1198	2799	2.255604
1199	2816	2.269304
1200	2795	2.252381
1201	2794	2.251575
1202	2808	2.262857
1203	2819	2.271722
1204	2810	2.264469
1205	2819	2.271722
1206	2816	2.269304
1207	2799	2.255604
1208	2818	2.270916
1209	2816	2.269304
1210	2799	2.255604
1211	2818	2.270916
1212	2810	2.264469
1213	2818	2.270916
1214	2818	2.270916
1215	2826	2.277363
1216	2803	2.258828
1217	2816	2.269304
1218	2826	2.277363
1219	2827	2.278168
1220	2827	2.278168
1221	2819	2.271722
1222	2824	2.275751
1223	2816	2.269304
1224	2816	2.269304
1225	2824	2.275751
1226	2818	2.270916
1227	2818	2.270916
1228	2826	2.277363
1229	2816	2.269304
1230	2827	2.278168
1231	2819	2.271722
1232	2818	2.270916
1233	2818	2.270916
1234	2824	2.275751
1235	2824	2.275751
1236	2827	2.278168
1237	2818	2.270916
1238	2818	2.270916
1239	2818	2.270916
1240	2827	2.278168
1241	2826	2.277363
1242	2831	2.281392
1243	2826	2.277363
1244	2819	2.271722
1245	2826	2.277363
1246	2827	2.278168
1247	2826	2.277363
1248	2819	2.271722
1249	2831	2.281392
1250	2819	2.271722
1251	2816	2.269304
1252	2818	2.270916
1253	2824	2.275751
1254	2819	2.271722
1255	2826	2.277363
1256	2819	2.271722
1257	2824	2.275751
1258	2827	2.278168
1259	2818	2.270916
1260	2819	2.271722
1261	2826	2.277363
1262	2819	2.271722
1263	2827	2.278168
1264	2824	2.275751
1265	2824	2.275751
1266	2819	2.271722
1267	2826	2.277363
1268	2848	2.295092
1269	2835	2.284615
1270	2831	2.281392
1271	2819	2.271722
1272	2834	2.283810
1273	2835	2.284615
1274	2831	2.281392
1275	2831	2.281392
1276	2831	2.281392
1277	2831	2.281392
1278	2827	2.278168
1279	2848	2.295092
1280	2835	2.284615
1281	2826	2.277363
1282	2848	2.295092
1283	2831	2.281392
1284	2840	2.288645
1285	2827	2.278168
1286	2827	2.278168
1287	2835	2.284615
1288	2835	2.284615
1289	2819	2.271722
1290	2827	2.278168
1291	2848	2.295092
1292	2848	2.295092
1293	2848	2.295092
1294	2827	2.278168
1295	2840	2.288645
1296	2835	2.284615
1297	2840	2.288645
1298	2851	2.297509
1299	2831	2.281392
1300	2831	2.281392
1301	2848	2.295092
1302	2831	2.281392
1303	2835	2.284615
1304	2835	2.284615
1305	2848	2.295092
1306	2831	2.281392
1307	2831	2.281392
1308	2827	2.278168
1309	2848	2.295092
1310	2848	2.295092
1311	2848	2.295092
1312	2858	2.303150
1313	2848	2.295092
1314	2848	2.295092
1315	2848	2.295092
1316	2851	2.297509
1317	2848	2.295092
1318	2850	2.296703
1319	2856	2.301538
1320	2848	2.295092
1321	2835	2.284615
1322	2848	2.295092
1323	2850	2.296703
1324	2848	2.295092
1325	2848	2.295092
1326	2848	2.295092
1327	2848	2.295092
1328	2851	2.297509
1329	2848	2.295092
1330	2859	2.303956
1331	2850	2.296703
1332	2848	2.295092
1333	2848	2.295092
1334	2848	2.295092
1335	2858	2.303150
1336	2858	2.303150
1337	2850	2.296703
1338	2850	2.296703
1339	2850	2.296703
1340	2851	2.297509
1341	2850	2.296703
1342	2858	2.303150
1343	2858	2.303150
1344	2858	2.303150
1345	2850	2.296703
1346	2858	2.303150
1347	2859	2.303956
1348	2850	2.296703
1349	2848	2.295092
1350	2850	2.296703
1351	2850	2.296703
1352	2850	2.296703
1353	2848	2.295092
1354	2851	2.297509
1355	2850	2.296703
1356	2850	2.296703
1357	2858	2.303150
1358	2856	2.301538
1359	2858	2.303150
1360	2859	2.303956
1361	2859	2.303956
1362	2863	2.307179
1363	2856	2.301538
1364	2848	2.295092
1365	2863	2.307179
1366	2859	2.303956
1367	2858	2.303150
1368	2874	2.316044
1369	2859	2.303956
1370	2856	2.301538
1371	2850	2.296703
1372	2848	2.295092
1373	2863	2.307179
1374	2863	2.307179
1375	2858	2.303150
1376	2851	2.297509
1377	2851	2.297509
1378	2858	2.303150
1379	2872	2.314432
1380	2863	2.307179
1381	2851	2.297509
1382	2859	2.303956
1383	2859	2.303956
1384	2858	2.303150
1385	2859	2.303956
1386	2858	2.303150
1387	2851	2.297509
1388	2858	2.303150
1389	2858	2.303150
1390	2858	2.303150
1391	2874	2.316044
1392	2859	2.303956
1393	2850	2.296703
1394	2867	2.310403
1395	2859	2.303956
1396	2863	2.307179
1397	2859	2.303956
1398	2863	2.307179
1399	2858	2.303150
1400	2863	2.307179
1401	2867	2.310403
1402	2863	2.307179
1403	2863	2.307179
1404	2858	2.303150
1405	2863	2.307179
1406	2863	2.307179
1407	2880	2.320879
1408	2863	2.307179
1409	2859	2.303956
1410	2859	2.303956
1411	2859	2.303956
1412	2874	2.316044
1413	2859	2.303956
1414	2863	2.307179
1415	2859	2.303956
1416	2856	2.301538
1417	2858	2.303150
1418	2874	2.316044
1419	2859	2.303956
1420	2867	2.310403
1421	2874	2.316044
1422	2875	2.316850
1423	2863	2.307179
1424	2872	2.314432
1425	2863	2.307179
1426	2882	2.322491
1427	2859	2.303956
1428	2872	2.314432
1429	2866	2.309597
1430	2859	2.303956
1431	2859	2.303956
1432	2875	2.316850
1433	2872	2.314432
1434	2875	2.316850
1435	2867	2.310403
1436	2867	2.310403
1437	2883	2.323297
1438	2875	2.316850
1439	2859	2.303956
1440	2872	2.314432
1441	2880	2.320879
1442	2872	2.314432
1443	2874	2.316044
1444	2872	2.314432
1445	2867	2.310403
1446	2882	2.322491
1447	2867	2.310403
1448	2867	2.310403
1449	2882	2.322491
1450	2882	2.322491
1451	2874	2.316044
1452	2863	2.307179
1453	2882	2.322491
1454	2890	2.328938
1455	2882	2.322491
1456	2882	2.322491
1457	2875	2.316850
1458	2883	2.323297
1459	2866	2.309597
1460	2874	2.316044
1461	2882	2.322491
1462	2880	2.320879
1463	2880	2.320879
1464	2883	2.323297
1465	2890	2.328938
1466	2882	2.322491
1467	2888	2.327326
1468	2882	2.322491
1469	2882	2.322491
1470	2863	2.307179
1471	2890	2.328938
1472	2874	2.316044
1473	2875	2.316850
1474	2874	2.316044
1475	2888	2.327326
1476	2874	2.316044
1477	2875	2.316850
1478	2874	2.316044
1479	2859	2.303956
1480	2874	2.316044
1481	2863	2.307179
1482	2863	2.307179
1483	2875	2.316850
1484	2863	2.307179
1485	2874	2.316044
1486	2874	2.316044
1487	2875	2.316850
1488	2875	2.316850
1489	2874	2.316044
1490	2890	2.328938
1491	2863	2.307179
1492	2875	2.316850
1493	2874	2.316044
1494	2874	2.316044
1495	2867	2.310403
1496	2880	2.320879
1497	2882	2.322491
1498	2863	2.307179
1499	2890	2.328938
1500	2882	2.322491
1501	2890	2.328938
1502	2874	2.316044
1503	2883	2.323297
1504	2882	2.322491
1505	2888	2.327326
1506	2874	2.316044
1507	2882	2.322491
1508	2875	2.316850
1509	2882	2.322491
1510	2880	2.320879
1511	2883	2.323297
1512	2875	2.316850
1513	2875	2.316850
1514	2874	2.316044
1515	2882	2.322491
1516	2875	2.316850
1517	2875	2.316850
1518	2890	2.328938
1519	2880	2.320879
1520	2875	2.316850
1521	2867	2.310403
1522	2875	2.316850
1523	2883	2.323297
1524	2882	2.322491
1525	2872	2.314432
1526	2874	2.316044
1527	2874	2.316044
1528	2872	2.314432
1529	2882	2.322491
1530	2882	2.322491
1531	2888	2.327326
1532	2882	2.322491
1533	2867	2.310403
1534	2883	2.323297
1535	2882	2.322491
1536	2875	2.316850
1537	2874	2.316044
1538	2882	2.322491
1539	2880	2.320879
1540	2890	2.328938
1541	2875	2.316850
1542	2888	2.327326
1543	2888	2.327326
1544	2872	2.314432
1545	2875	2.316850
1546	2890	2.328938
1547	2891	2.329744
1548	2882	2.322491
1549	2882	2.322491
1550	2890	2.328938
1551	2874	2.316044
1552	2888	2.327326
1553	2859	2.303956
1554	2890	2.328938
1555	2874	2.316044
1556	2875	2.316850
1557	2882	2.322491
1558	2882	2.322491
1559	2882	2.322491
1560	2874	2.316044
1561	2874	2.316044
1562	2867	2.310403
1563	2874	2.316044
1564	2882	2.322491
1565	2874	2.316044
1566	2867	2.310403
1567	2875	2.316850
1568	2875	2.316850
1569	2875	2.316850
1570	2874	2.316044
1571	2867	2.310403
1572	2883	2.323297
1573	2874	2.316044
1574	2875	2.316850
1575	2874	2.316044
1576	2874	2.316044
1577	2874	2.316044
1578	2874	2.316044
1579	2863	2.307179
1580	2880	2.320879
1581	2882	2.322491
1582	2874	2.316044
1583	2874	2.316044
1584	2882	2.322491
1585	2874	2.316044
1586	2882	2.322491
1587	2875	2.316850
1588	2880	2.320879
1589	2874	2.316044
1590	2863	2.307179
1591	2874	2.316044
1592	2874	2.316044
1593	2867	2.310403
1594	2882	2.322491
1595	2874	2.316044
1596	2882	2.322491
1597	2863	2.307179
1598	2890	2.328938
1599	2883	2.323297
1600	2874	2.316044
1601	2882	2.322491
1602	2875	2.316850
1603	2875	2.316850
1604	2866	2.309597
1605	2874	2.316044
1606	2863	2.307179
1607	2883	2.323297
1608	2875	2.316850
1609	2874	2.316044
1610	2874	2.316044
1611	2867	2.310403
1612	2875	2.316850
1613	2874	2.316044
1614	2867	2.310403
1615	2863	2.307179
1616	2863	2.307179
1617	2867	2.310403
1618	2872	2.314432
1619	2859	2.303956
1620	2863	2.307179
1621	2867	2.310403
1622	2859	2.303956
1623	2859	2.303956
1624	2863	2.307179
1625	2867	2.310403
1626	2874	2.316044
1627	2875	2.316850
1628	2880	2.320879
1629	2859	2.303956
1630	2863	2.307179
1631	2858	2.303150
1632	2874	2.316044
1633	2874	2.316044
1634	2858	2.303150
1635	2859	2.303956
1636	2872	2.314432
1637	2858	2.303150
1638	2858	2.303150
1639	2874	2.316044
1640	2872	2.314432
1641	2859	2.303956
1642	2851	2.297509
1643	2859	2.303956
1644	2851	2.297509
1645	2858	2.303150
1646	2874	2.316044
1647	2851	2.297509
1648	2858	2.303150
1649	2863	2.307179
1650	2874	2.316044
1651	2850	2.296703
1652	2874	2.316044
1653	2850	2.296703
1654	2848	2.295092
1655	2858	2.303150
1656	2858	2.303150
1657	2850	2.296703
1658	2859	2.303956
1659	2851	2.297509
1660	2859	2.303956
1661	2851	2.297509
1662	2867	2.310403
1663	2858	2.303150
1664	2850	2.296703
1665	2859	2.303956
1666	2850	2.296703
1667	2858	2.303150
1668	2848	2.295092
1669	2848	2.295092
1670	2850	2.296703
1671	2850	2.296703
1672	2851	2.297509
1673	2835	2.284615
1674	2859	2.303956
1675	2858	2.303150
1676	2848	2.295092
1677	2848	2.295092
1678	2850	2.296703
1679	2835	2.284615
1680	2851	2.297509
1681	2850	2.296703
1682	2858	2.303150
1683	2848	2.295092
1684	2850	2.296703
1685	2851	2.297509
1686	2851	2.297509
1687	2850	2.296703
1688	2850	2.296703
1689	2858	2.303150
1690	2851	2.297509
1691	2848	2.295092
1692	2848	2.295092
1693	2848	2.295092
1694	2848	2.295092
1695	2850	2.296703
1696	2851	2.297509
1697	2835	2.284615
1698	2848	2.295092
1699	2848	2.295092
1700	2850	2.296703
1701	2848	2.295092
1702	2848	2.295092
1703	2848	2.295092
1704	2827	2.278168
1705	2848	2.295092
1706	2835	2.284615
1707	2831	2.281392
1708	2835	2.284615
1709	2835	2.284615
1710	2840	2.288645
1711	2848	2.295092
1712	2827	2.278168
1713	2848	2.295092
1714	2831	2.281392
1715	2848	2.295092
1716	2835	2.284615
1717	2831	2.281392
1718	2831	2.281392
1719	2824	2.275751
1720	2835	2.284615
1721	2826	2.277363
1722	2827	2.278168
1723	2826	2.277363
1724	2827	2.278168
1725	2824	2.275751
1726	2831	2.281392
1727	2826	2.277363
1728	2831	2.281392
1729	2819	2.271722
1730	2835	2.284615
1731	2826	2.277363
1732	2826	2.277363
1733	2819	2.271722
1734	2818	2.270916
1735	2826	2.277363
1736	2818	2.270916
1737	2824	2.275751
1738	2826	2.277363
1739	2818	2.270916
1740	2818	2.270916
1741	2818	2.270916
1742	2826	2.277363
1743	2818	2.270916
1744	2819	2.271722
1745	2826	2.277363
1746	2803	2.258828
1747	2810	2.264469
1748	2816	2.269304
1749	2816	2.269304
1750	2816	2.269304
1751	2827	2.278168
1752	2803	2.258828
1753	2816	2.269304
1754	2816	2.269304
1755	2818	2.270916
1756	2816	2.269304
1757	2808	2.262857
1758	2795	2.252381
1759	2808	2.262857
1760	2795	2.252381
1761	2799	2.255604
1762	2799	2.255604
1763	2810	2.264469
1764	2816	2.269304
1765	2816	2.269304
1766	2816	2.269304
1767	2795	2.252381
1768	2799	2.255604
1769	2816	2.269304
1770	2795	2.252381
1771	2799	2.255604
1772	2787	2.245934
1773	2794	2.251575
1774	2803	2.258828
1775	2794	2.251575
1776	2794	2.251575
1777	2786	2.245128
1778	2792	2.249963
1779	2786	2.245128
1780	2794	2.251575
1781	2784	2.243516
1782	2787	2.245934
1783	2795	2.252381
1784	2784	2.243516
1785	2787	2.245934
1786	2784	2.243516
1787	2784	2.243516
1788	2786	2.245128
1789	2784	2.243516
1790	2784	2.243516
1791	2795	2.252381
1792	2795	2.252381
1793	2784	2.243516
1794	2784	2.243516
1795	2787	2.245934
1796	2784	2.243516
1797	2787	2.245934
1798	2784	2.243516
1799	2776	2.237070
1800	2784	2.243516
1801	2767	2.229817
1802	2767	2.229817
1803	2784	2.243516
1804	2762	2.225788
1805	2762	2.225788
1806	2762	2.225788
1807	2762	2.225788
1808	2771	2.233040
1809	2767	2.229817
1810	2767	2.229817
1811	2762	2.225788
1812	2767	2.229817
1813	2771	2.233040
1814	2755	2.220147
1815	2762	2.225788
1816	2754	2.219341
1817	2754	2.219341
1818	2755	2.220147
1819	2767	2.229817
1820	2755	2.220147
1821	2746	2.212894
1822	2752	2.217729
1823	2752	2.217729
1824	2747	2.213700
1825	2746	2.212894
1826	2746	2.212894
1827	2746	2.212894
1828	2752	2.217729
1829	2731	2.200806
1830	2739	2.207253
1831	2755	2.220147
1832	2752	2.217729
1833	2746	2.212894
1834	2746	2.212894
1835	2746	2.212894
1836	2746	2.212894
1837	2739	2.207253
1838	2739	2.207253
1839	2730	2.200000
1840	2723	2.194359
1841	2738	2.206447
1842	2730	2.200000
1843	2728	2.198388
1844	2731	2.200806
1845	2722	2.193553
1846	2746	2.212894
1847	2723	2.194359
1848	2730	2.200000
1849	2720	2.191941
1850	2722	2.193553
1851	2722	2.193553
1852	2722	2.193553
1853	2703	2.178242
1854	2720	2.191941
1855	2728	2.198388
1856	2707	2.181465
1857	2720	2.191941
1858	2730	2.200000
1859	2722	2.193553
1860	2720	2.191941
1861	2707	2.181465
1862	2720	2.191941
1863	2703	2.178242
1864	2720	2.191941
1865	2699	2.175018
1866	2707	2.181465
1867	2707	2.181465
1868	2707	2.181465
1869	2698	2.174212
1870	2707	2.181465
1871	2703	2.178242
1872	2707	2.181465
1873	2703	2.178242
1874	2707	2.181465
1875	2703	2.178242
1876	2687	2.165348
1877	2712	2.185495
1878	2703	2.178242
1879	2698	2.174212
1880	2698	2.174212
1881	2699	2.175018
1882	2691	2.168571
1883	2675	2.155678
1884	2687	2.165348
1885	2687	2.165348
1886	2667	2.149231
1887	2671	2.152454
1888	2671	2.152454
1889	2671	2.152454
1890	2698	2.174212
1891	2682	2.161319
1892	2683	2.162125
1893	2675	2.155678
1894	2680	2.159707
1895	2682	2.161319
1896	2680	2.159707
1897	2667	2.149231
1898	2667	2.149231
1899	2659	2.142784
1900	2659	2.142784
1901	2671	2.152454
1902	2666	2.148425
1903	2656	2.140366
1904	2671	2.152454
1905	2667	2.149231
1906	2666	2.148425
1907	2659	2.142784
1908	2667	2.149231
1909	2659	2.142784
1910	2656	2.140366
1911	2671	2.152454
1912	2656	2.140366
1913	2656	2.140366
1914	2658	2.141978
1915	2639	2.126667
1916	2656	2.140366
1917	2656	2.140366
1918	2656	2.140366
1919	2643	2.129890
1920	2656	2.140366
1921	2656	2.140366
1922	2639	2.126667
1923	2635	2.123443
1924	2656	2.140366
1925	2639	2.126667
1926	2648	2.133919
1927	2639	2.126667
1928	2635	2.123443
1929	2627	2.116996
1930	2626	2.116190
1931	2632	2.121026
1932	2627	2.116996
1933	2639	2.126667
1934	2626	2.116190
1935	2627	2.116996
1936	2626	2.116190
1937	2619	2.110549
1938	2634	2.122637
1939	2619	2.110549
1940	2619	2.110549
1941	2626	2.116190
1942	2627	2.116996
1943	2611	2.104103
1944	2618	2.109744
1945	2607	2.100879
1946	2618	2.109744
1947	2611	2.104103
1948	2618	2.109744
1949	2607	2.100879
1950	2607	2.100879
1951	2607	2.100879
1952	2611	2.104103
1953	2600	2.095238
1954	2616	2.108132
1955	2594	2.090403
1956	2616	2.108132
1957	2618	2.109744
1958	2607	2.100879
1959	2602	2.096850
1960	2602	2.096850
1961	2592	2.088791
1962	2592	2.088791
1963	2595	2.091209
1964	2603	2.097656
1965	2592	2.088791
1966	2595	2.091209
1967	2592	2.088791
1968	2594	2.090403
1969	2602	2.096850
1970	2594	2.090403
1971	2595	2.091209
1972	2592	2.088791
1973	2568	2.069451
1974	2595	2.091209
1975	2592	2.088791
1976	2592	2.088791
1977	2592	2.088791
1978	2592	2.088791
1979	2579	2.078315
1980	2579	2.078315
1981	2592	2.088791
1982	2575	2.075092
1983	2579	2.078315
1984	2563	2.065421
1985	2575	2.075092
1986	2571	2.071868
1987	2571	2.071868
1988	2559	2.062198
1989	2559	2.062198
1990	2571	2.071868
1991	2568	2.069451
1992	2575	2.075092
1993	2559	2.062198
1994	2568	2.069451
1995	2554	2.058168
1996	2559	2.062198
1997	2539	2.046081
1998	2570	2.071062
1999	2559	2.062198
2000	2559	2.062198
2001	2555	2.058974
2002	2546	2.051722
2003	2563	2.065421
2004	2554	2.058168
2005	2555	2.058974
2006	2555	2.058974
2007	2554	2.058168
2008	2555	2.058974
2009	2547	2.052527
2010	2555	2.058974
2011	2539	2.046081
2012	2547	2.052527
2013	2547	2.052527
2014	2547	2.052527
2015	2546	2.051722
2016	2547	2.052527
2017	2554	2.058168
2018	2552	2.056557
2019	2530	2.038828
2020	2538	2.045275
2021	2530	2.038828
2022	2530	2.038828
2023	2528	2.037216
2024	2538	2.045275
2025	2538	2.045275
2026	2543	2.049304
2027	2538	2.045275
2028	2528	2.037216
2029	2543	2.049304
2030	2531	2.039634
2031	2531	2.039634
2032	2531	2.039634
2033	2530	2.038828
2034	2539	2.046081
2035	2528	2.037216
2036	2531	2.039634
2037	2530	2.038828
2038	2528	2.037216
2039	2520	2.030769
2040	2530	2.038828
2041	2511	2.023516
2042	2528	2.037216
2043	2515	2.026740
2044	2531	2.039634
2045	2531	2.039634
2046	2511	2.023516
2047	2528	2.037216
2048	2528	2.037216
2049	2530	2.038828
2050	2528	2.037216
2051	2507	2.020293
2052	2506	2.019487
2053	2515	2.026740
2054	2530	2.038828
2055	2528	2.037216
2056	2511	2.023516
2057	2511	2.023516
2058	2528	2.037216
2059	2515	2.026740
2060	2528	2.037216
2061	2507	2.020293
2062	2511	2.023516
2063	2507	2.020293
2064	2499	2.013846
2065	2506	2.019487
2066	2499	2.013846
2067	2511	2.023516
2068	2506	2.019487
2069	2507	2.020293
2070	2530	2.038828
2071	2499	2.013846
2072	2528	2.037216
2073	2507	2.020293
2074	2514	2.025934
2075	2507	2.020293
2076	2499	2.013846
2077	2528	2.037216
2078	2515	2.026740
2079	2506	2.019487
2080	2511	2.023516
2081	2506	2.019487
2082	2511	2.023516
2083	2498	2.013040
2084	2507	2.020293
2085	2507	2.020293
2086	2506	2.019487
2087	2511	2.023516
2088	2515	2.026740
2089	2528	2.037216
2090	2520	2.030769
2091	2507	2.020293
2092	2515	2.026740
2093	2511	2.023516
2094	2507	2.020293
2095	2504	2.017875
2096	2520	2.030769
2097	2511	2.023516
2098	2515	2.026740
2099	2528	2.037216
2100	2528	2.037216
2101	2511	2.023516
2102	2506	2.019487
2103	2530	2.038828
2104	2530	2.038828
2105	2528	2.037216
2106	2531	2.039634
2107	2530	2.038828
2108	2528	2.037216
2109	2528	2.037216
2110	2515	2.026740
2111	2530	2.038828
2112	2531	2.039634
2113	2538	2.045275
2114	2531	2.039634
2115	2530	2.038828
2116	2515	2.026740
2117	2538	2.045275
2118	2538	2.045275
2119	2530	2.038828
2120	2531	2.039634
2121	2543	2.049304
2122	2547	2.052527
2123	2538	2.045275
2124	2538	2.045275
2125	2538	2.045275
2126	2554	2.058168
2127	2539	2.046081
2128	2554	2.058168
2129	2554	2.058168
2130	2547	2.052527
2131	2555	2.058974
2132	2555	2.058974
2133	2547	2.052527
2134	2554	2.058168
2135	2555	2.058974
2136	2554	2.058168
2137	2568	2.069451
2138	2559	2.062198
2139	2555	2.058974
2140	2555	2.058974
2141	2563	2.065421
2142	2571	2.071868
2143	2559	2.062198
2144	2584	2.082344
2145	2571	2.071868
2146	2592	2.088791
2147	2592	2.088791
2148	2592	2.088791
2149	2592	2.088791
2150	2579	2.078315
2151	2584	2.082344
2152	2592	2.088791
2153	2579	2.078315
2154	2584	2.082344
2155	2592	2.088791
2156	2594	2.090403
2157	2594	2.090403
2158	2594	2.090403
2159	2602	2.096850
2160	2595	2.091209
2161	2592	2.088791
2162	2595	2.091209
2163	2595	2.091209
2164	2600	2.095238
2165	2600	2.095238
2166	2603	2.097656
2167	2607	2.100879
2168	2595	2.091209
2169	2602	2.096850
2170	2607	2.100879
2171	2611	2.104103
2172	2607	2.100879
2173	2603	2.097656
2174	2616	2.108132
2175	2616	2.108132
2176	2611	2.104103
2177	2616	2.108132
2178	2603	2.097656
2179	2616	2.108132
2180	2619	2.110549
2181	2626	2.116190
2182	2619	2.110549
2183	2626	2.116190
2184	2624	2.114579
2185	2626	2.116190
2186	2627	2.116996
2187	2627	2.116996
2188	2618	2.109744
2189	2619	2.110549
2190	2643	2.129890
2191	2639	2.126667
2192	2619	2.110549
2193	2627	2.116996
2194	2626	2.116190
2195	2635	2.123443
2196	2627	2.116996
2197	2635	2.123443
2198	2627	2.116996
2199	2634	2.122637
2200	2635	2.123443
2201	2635	2.123443
2202	2643	2.129890
2203	2648	2.133919
2204	2619	2.110549
2205	2639	2.126667
2206	2635	2.123443
2207	2639	2.126667
2208	2656	2.140366
2209	2656	2.140366
2210	2635	2.123443
2211	2635	2.123443
2212	2643	2.129890
2213	2643	2.129890
2214	2639	2.126667
2215	2643	2.129890
2216	2643	2.129890
2217	2658	2.141978
2218	2635	2.123443
2219	2635	2.123443
2220	2656	2.140366
2221	2643	2.129890
2222	2635	2.123443
2223	2643	2.129890
2224	2639	2.126667
2225	2635	2.123443
2226	2635	2.123443
2227	2639	2.126667
2228	2635	2.123443
2229	2639	2.126667
2230	2635	2.123443
2231	2635	2.123443
2232	2656	2.140366
2233	2639	2.126667
2234	2634	2.122637
2235	2635	2.123443
2236	2656	2.140366
2237	2635	2.123443
2238	2642	2.129084
2239	2643	2.129890
2240	2634	2.122637
2241	2626	2.116190
2242	2648	2.133919
2243	2643	2.129890
2244	2639	2.126667
2245	2648	2.133919
2246	2635	2.123443
2247	2643	2.129890
2248	2634	2.122637
2249	2627	2.116996
2250	2634	2.122637
2251	2643	2.129890
2252	2627	2.116996
2253	2626	2.116190
2254	2619	2.110549
2255	2618	2.109744
2256	2635	2.123443
2257	2634	2.122637
2258	2632	2.121026
2259	2634	2.122637
2260	2634	2.122637
2261	2626	2.116190
2262	2626	2.116190
2263	2626	2.116190
2264	2627	2.116996
2265	2624	2.114579
2266	2624	2.114579
2267	2618	2.109744
2268	2618	2.109744
2269	2616	2.108132
2270	2607	2.100879
2271	2607	2.100879
2272	2618	2.109744
2273	2607	2.100879
2274	2607	2.100879
2275	2603	2.097656
2276	2607	2.100879
2277	2610	2.103297
2278	2603	2.097656
2279	2603	2.097656
2280	2602	2.096850
2281	2602	2.096850
2282	2603	2.097656
2283	2594	2.090403
2284	2595	2.091209
2285	2607	2.100879
2286	2592	2.088791
2287	2592	2.088791
2288	2579	2.078315
2289	2592	2.088791
2290	2592	2.088791
2291	2592	2.088791
2292	2594	2.090403
2293	2579	2.078315
2294	2575	2.075092
2295	2594	2.090403
2296	2584	2.082344
2297	2570	2.071062
2298	2555	2.058974
2299	2571	2.071868
2300	2571	2.071868
2301	2570	2.071062
2302	2571	2.071868
2303	2554	2.058168
2304	2555	2.058974
2305	2559	2.062198
2306	2554	2.058168
2307	2554	2.058168
2308	2555	2.058974
2309	2538	2.045275
2310	2539	2.046081
2311	2543	2.049304
2312	2554	2.058168
2313	2555	2.058974
2314	2552	2.056557
2315	2539	2.046081
2316	2538	2.045275
2317	2536	2.043663
2318	2531	2.039634
2319	2531	2.039634
2320	2538	2.045275
2321	2539	2.046081
2322	2530	2.038828
2323	2528	2.037216
2324	2538	2.045275
2325	2528	2.037216
2326	2530	2.038828
2327	2538	2.045275
2328	2515	2.026740
2329	2531	2.039634
2330	2538	2.045275
2331	2528	2.037216
2332	2538	2.045275
2333	2538	2.045275
2334	2528	2.037216
2335	2528	2.037216
2336	2538	2.045275
2337	2528	2.037216
2338	2528	2.037216
2339	2528	2.037216
2340	2515	2.026740
2341	2528	2.037216
2342	2530	2.038828
2343	2538	2.045275
2344	2515	2.026740
2345	2530	2.038828
2346	2536	2.043663
2347	2530	2.038828
2348	2543	2.049304
2349	2531	2.039634
2350	2538	2.045275
2351	2539	2.046081
2352	2538	2.045275
2353	2530	2.038828
2354	2543	2.049304
2355	2531	2.039634
2356	2536	2.043663
2357	2539	2.046081
2358	2530	2.038828
2359	2538	2.045275
2360	2546	2.051722
2361	2538	2.045275
2362	2547	2.052527
2363	2538	2.045275
2364	2539	2.046081
2365	2539	2.046081
2366	2555	2.058974
2367	2547	2.052527
2368	2543	2.049304
2369	2559	2.062198
2370	2559	2.062198
2371	2547	2.052527
2372	2579	2.078315
2373	2555	2.058974
2374	2559	2.062198
2375	2559	2.062198
2376	2570	2.071062
2377	2570	2.071062
2378	2571	2.071868
2379	2571	2.071868
2380	2575	2.075092
2381	2575	2.075092
2382	2575	2.075092
2383	2594	2.090403
2384	2592	2.088791
2385	2592	2.088791
2386	2579	2.078315
2387	2579	2.078315
2388	2594	2.090403
2389	2602	2.096850
2390	2602	2.096850
2391	2595	2.091209
2392	2592	2.088791
2393	2592	2.088791
2394	2592	2.088791
2395	2603	2.097656
2396	2603	2.097656
2397	2607	2.100879
2398	2602	2.096850
2399	2607	2.100879
2400	2616	2.108132
2401	2618	2.109744
2402	2619	2.110549
2403	2607	2.100879
2404	2618	2.109744
2405	2624	2.114579
2406	2618	2.109744
2407	2626	2.116190
2408	2626	2.116190
2409	2634	2.122637
2410	2618	2.109744
2411	2618	2.109744
2412	2626	2.116190
2413	2635	2.123443
2414	2632	2.121026
2415	2656	2.140366
2416	2635	2.123443
2417	2626	2.116190
2418	2635	2.123443
2419	2639	2.126667
2420	2639	2.126667
2421	2632	2.121026
2422	2639	2.126667
2423	2635	2.123443
2424	2635	2.123443
2425	2627	2.116996
2426	2635	2.123443
2427	2656	2.140366
2428	2656	2.140366
2429	2659	2.142784
2430	2658	2.141978
2431	2658	2.141978
2432	2658	2.141978
2433	2656	2.140366
2434	2671	2.152454
2435	2658	2.141978
2436	2658	2.141978
2437	2666	2.148425
2438	2666	2.148425
2439	2658	2.141978
2440	2667	2.149231
2441	2671	2.152454
2442	2656	2.140366
2443	2659	2.142784
2444	2658	2.141978
2445	2671	2.152454
2446	2656	2.140366
2447	2659	2.142784
2448	2656	2.140366
2449	2658	2.141978
2450	2671	2.152454
2451	2659	2.142784
2452	2658	2.141978
2453	2671	2.152454
2454	2671	2.152454
2455	2671	2.152454
2456	2671	2.152454
2457	2666	2.148425
2458	2666	2.148425
2459	2667	2.149231
2460	2667	2.149231
2461	2675	2.155678
2462	2683	2.162125
2463	2687	2.165348
2464	2671	2.152454
2465	2687	2.165348
2466	2682	2.161319
2467	2698	2.174212
2468	2698	2.174212
2469	2682	2.161319
2470	2682	2.161319
2471	2682	2.161319
2472	2683	2.162125
2473	2696	2.172601
2474	2675	2.155678
2475	2682	2.161319
2476	2699	2.175018
2477	2691	2.168571
2478	2698	2.174212
2479	2696	2.172601
2480	2687	2.165348
2481	2683	2.162125
2482	2698	2.174212
2483	2696	2.172601
2484	2683	2.162125
2485	2687	2.165348
2486	2703	2.178242
2487	2683	2.162125
2488	2703	2.178242
2489	2699	2.175018
2490	2707	2.181465
2491	2720	2.191941
2492	2707	2.181465
2493	2707	2.181465
2494	2720	2.191941
2495	2707	2.181465
2496	2720	2.191941
2497	2720	2.191941
2498	2720	2.191941
2499	2720	2.191941
2500	2720	2.191941
2501	2722	2.193553
2502	2722	2.193553
2503	2720	2.191941
2504	2722	2.193553
2505	2722	2.193553
2506	2731	2.200806
2507	2730	2.200000
2508	2730	2.200000
2509	2731	2.200806
2510	2722	2.193553
2511	2728	2.198388
2512	2731	2.200806
2513	2735	2.204029
2514	2735	2.204029
2515	2735	2.204029
2516	2752	2.217729
2517	2739	2.207253
2518	2731	2.200806
2519	2739	2.207253
2520	2755	2.220147
2521	2752	2.217729
2522	2746	2.212894
2523	2739	2.207253
2524	2731	2.200806
2525	2747	2.213700
2526	2739	2.207253
2527	2760	2.224176
2528	2752	2.217729
2529	2735	2.204029
2530	2735	2.204029
2531	2747	2.213700
2532	2763	2.226593
2533	2754	2.219341
2534	2746	2.212894
2535	2744	2.211282
2536	2747	2.213700
2537	2754	2.219341
2538	2746	2.212894
2539	2746	2.212894
2540	2739	2.207253
2541	2735	2.204029
2542	2752	2.217729
2543	2762	2.225788
2544	2746	2.212894
2545	2755	2.220147
2546	2762	2.225788
2547	2746	2.212894
2548	2754	2.219341
2549	2754	2.219341
2550	2755	2.220147
2551	2746	2.212894
2552	2784	2.243516
2553	2762	2.225788
2554	2762	2.225788
2555	2755	2.220147
2556	2763	2.226593
2557	2760	2.224176
2558	2771	2.233040
2559	2767	2.229817
2560	2784	2.243516
2561	2784	2.243516
2562	2784	2.243516
2563	2767	2.229817
2564	2784	2.243516
2565	2767	2.229817
2566	2763	2.226593
2567	2784	2.243516
2568	2771	2.233040
2569	2784	2.243516
2570	2771	2.233040
2571	2763	2.226593
2572	2767	2.229817
2573	2784	2.243516
2574	2784	2.243516
2575	2784	2.243516
2576	2767	2.229817
2577	2771	2.233040
2578	2786	2.245128
2579	2784	2.243516
2580	2767	2.229817
2581	2771	2.233040
2582	2784	2.243516
2583	2784	2.243516
2584	2792	2.249963
2585	2795	2.252381
2586	2786	2.245128
2587	2784	2.243516
2588	2784	2.243516
2589	2794	2.251575
2590	2787	2.245934
2591	2786	2.245128
2592	2787	2.245934
2593	2799	2.255604
2594	2794	2.251575
2595	2786	2.245128
2596	2787	2.245934
2597	2802	2.258022
2598	2794	2.251575
2599	2795	2.252381
2600	2794	2.251575
2601	2786	2.245128
2602	2794	2.251575
2603	2799	2.255604
2604	2795	2.252381
2605	2803	2.258828
2606	2795	2.252381
2607	2816	2.269304
2608	2786	2.245128
2609	2799	2.255604
2610	2816	2.269304
2611	2803	2.258828
2612	2816	2.269304
2613	2816	2.269304
2614	2819	2.271722
2615	2818	2.270916
2616	2799	2.255604
2617	2816	2.269304
2618	2819	2.271722
2619	2816	2.269304
2620	2816	2.269304
2621	2824	2.275751
2622	2824	2.275751
2623	2827	2.278168
2624	2819	2.271722
2625	2824	2.275751
2626	2818	2.270916
2627	2827	2.278168
2628	2831	2.281392
2629	2831	2.281392
2630	2831	2.281392
2631	2840	2.288645
2632	2848	2.295092
2633	2831	2.281392
2634	2827	2.278168
2635	2848	2.295092
2636	2840	2.288645
2637	2824	2.275751
2638	2831	2.281392
2639	2848	2.295092
2640	2835	2.284615
2641	2834	2.283810
2642	2827	2.278168
2643	2827	2.278168
2644	2835	2.284615
2645	2831	2.281392
2646	2848	2.295092
2647	2848	2.295092
2648	2835	2.284615
2649	2848	2.295092
2650	2851	2.297509
2651	2858	2.303150
2652	2856	2.301538
2653	2848	2.295092
2654	2848	2.295092
2655	2840	2.288645
2656	2856	2.301538
2657	2851	2.297509
2658	2858	2.303150
2659	2851	2.297509
2660	2848	2.295092
2661	2863	2.307179
2662	2850	2.296703
2663	2850	2.296703
2664	2863	2.307179
2665	2859	2.303956
2666	2858	2.303150
2667	2858	2.303150
2668	2850	2.296703
2669	2850	2.296703
2670	2859	2.303956
2671	2859	2.303956
2672	2859	2.303956
2673	2867	2.310403
2674	2872	2.314432
2675	2863	2.307179
2676	2859	2.303956
2677	2859	2.303956
2678	2874	2.316044
2679	2859	2.303956
2680	2874	2.316044
2681	2872	2.314432
2682	2863	2.307179
2683	2859	2.303956
2684	2874	2.316044
2685	2863	2.307179
2686	2859	2.303956
2687	2883	2.323297
2688	2867	2.310403
2689	2863	2.307179
2690	2874	2.316044
2691	2882	2.322491
2692	2874	2.316044
2693	2874	2.316044
2694	2882	2.322491
2695	2875	2.316850
2696	2883	2.323297
2697	2874	2.316044
2698	2872	2.314432
2699	2890	2.328938
2700	2875	2.316850
2701	2883	2.323297
2702	2882	2.322491
2703	2890	2.328938
2704	2874	2.316044
2705	2882	2.322491
2706	2895	2.332967
2707	2882	2.322491
2708	2874	2.316044
2709	2882	2.322491
2710	2874	2.316044
2711	2883	2.323297
2712	2874	2.316044
2713	2891	2.329744
2714	2888	2.327326
2715	2890	2.328938
2716	2882	2.322491
2717	2890	2.328938
2718	2875	2.316850
2719	2890	2.328938
2720	2891	2.329744
2721	2882	2.322491
2722	2891	2.329744
2723	2880	2.320879
2724	2895	2.332967
2725	2891	2.329744
2726	2890	2.328938
2727	2883	2.323297
2728	2899	2.336190
2729	2888	2.327326
2730	2883	2.323297
2731	2895	2.332967
2732	2891	2.329744
2733	2888	2.327326
2734	2895	2.332967
2735	2895	2.332967
2736	2895	2.332967
2737	2882	2.322491
2738	2890	2.328938
2739	2891	2.329744
2740	2888	2.327326
2741	2899	2.336190
2742	2891	2.329744
2743	2912	2.346667
2744	2899	2.336190
2745	2914	2.348278
2746	2899	2.336190
2747	2912	2.346667
2748	2912	2.346667
2749	2899	2.336190
2750	2914	2.348278
2751	2904	2.340220
2752	2891	2.329744
2753	2895	2.332967
2754	2912	2.346667
2755	2912	2.346667
2756	2912	2.346667
2757	2912	2.346667
2758	2904	2.340220
2759	2899	2.336190
2760	2912	2.346667
2761	2912	2.346667
2762	2914	2.348278
2763	2912	2.346667
2764	2912	2.346667
2765	2914	2.348278
2766	2912	2.346667
2767	2920	2.353114
2768	2915	2.349084
2769	2912	2.346667
2770	2920	2.353114
2771	2914	2.348278
2772	2922	2.354725
2773	2914	2.348278
2774	2922	2.354725
2775	2920	2.353114
2776	2920	2.353114
2777	2912	2.346667
2778	2922	2.354725
2779	2922	2.354725
2780	2922	2.354725
2781	2920	2.353114
2782	2923	2.355531
2783	2922	2.354725
2784	2914	2.348278
2785	2923	2.355531
2786	2915	2.349084
2787	2915	2.349084
2788	2936	2.366007
2789	2938	2.367619
2790	2914	2.348278
2791	2915	2.349084
2792	2927	2.358755
2793	2931	2.361978
2794	2931	2.361978
2795	2938	2.367619
2796	2923	2.355531
2797	2923	2.355531
2798	2923	2.355531
2799	2923	2.355531
2800	2923	2.355531
2801	2923	2.355531
2802	2923	2.355531
2803	2915	2.349084
2804	2936	2.366007
2805	2931	2.361978
2806	2936	2.366007
2807	2927	2.358755
2808	2923	2.355531
2809	2923	2.355531
2810	2930	2.361172
2811	2923	2.355531
2812	2922	2.354725
2813	2927	2.358755
2814	2939	2.368425
2815	2936	2.366007
2816	2946	2.374066
2817	2947	2.374872
2818	2927	2.358755
2819	2938	2.367619
2820	2923	2.355531
2821	2938	2.367619
2822	2922	2.354725
2823	2939	2.368425
2824	2938	2.367619
2825	2939	2.368425
2826	2931	2.361978
2827	2938	2.367619
2828	2954	2.380513
2829	2927	2.358755
2830	2939	2.368425
2831	2947	2.374872
2832	2943	2.371648
2833	2927	2.358755
2834	2931	2.361978
2835	2943	2.371648
2836	2939	2.368425
2837	2939	2.368425
2838	2939	2.368425
2839	2939	2.368425
2840	2938	2.367619
2841	2931	2.361978
2842	2938	2.367619
2843	2938	2.367619
2844	2938	2.367619
2845	2939	2.368425
2846	2955	2.381319
2847	2939	2.368425
2848	2946	2.374066
2849	2936	2.366007
2850	2939	2.368425
2851	2927	2.358755
2852	2939	2.368425
2853	2946	2.374066
2854	2947	2.374872
2855	2952	2.378901
2856	2946	2.374066
2857	2954	2.380513
2858	2947	2.374872
2859	2943	2.371648
2860	2939	2.368425
2861	2939	2.368425
2862	2939	2.368425
2863	2947	2.374872
2864	2947	2.374872
2865	2939	2.368425
2866	2954	2.380513
2867	2938	2.367619
2868	2955	2.381319
2869	2943	2.371648
2870	2939	2.368425
2871	2939	2.368425
2872	2954	2.380513
2873	2954	2.380513
2874	2946	2.374066
2875	2939	2.368425
2876	2947	2.374872
2877	2939	2.368425
2878	2954	2.380513
2879	2938	2.367619
2880	2952	2.378901
2881	2954	2.380513
2882	2954	2.380513
2883	2954	2.380513
2884	2947	2.374872
2885	2938	2.367619
2886	2955	2.381319
2887	2955	2.381319
2888	2943	2.371648
2889	2947	2.374872
2890	2976	2.398242
2891	2954	2.380513
2892	2955	2.381319
2893	2954	2.380513
2894	2955	2.381319
2895	2946	2.374066
2896	2955	2.381319
2897	2952	2.378901
2898	2947	2.374872
2899	2939	2.368425
2900	2954	2.380513
2901	2955	2.381319
2902	2955	2.381319
2903	2954	2.380513
2904	2955	2.381319
2905	2955	2.381319
2906	2946	2.374066
2907	2954	2.380513
2908	2954	2.380513
2909	2976	2.398242
2910	2955	2.381319
2911	2963	2.387766
2912	2976	2.398242
2913	2954	2.380513
2914	2955	2.381319
2915	2955	2.381319
2916	2954	2.380513
2917	2976	2.398242
2918	2959	2.384542
2919	2954	2.380513
2920	2963	2.387766
2921	2963	2.387766
2922	2959	2.384542
2923	2955	2.381319
2924	2978	2.399853
2925	2976	2.398242
2926	2959	2.384542
2927	2959	2.384542
2928	2955	2.381319
2929	2976	2.398242
2930	2976	2.398242
2931	2976	2.398242
2932	2955	2.381319
2933	2976	2.398242
2934	2976	2.398242
2935	2955	2.381319
2936	2955	2.381319
2937	2959	2.384542
2938	2963	2.387766
2939	2978	2.399853
2940	2976	2.398242
2941	2955	2.381319
2942	2976	2.398242
2943	2976	2.398242
2944	2978	2.399853
2945	2955	2.381319
2946	2968	2.391795
2947	2963	2.387766
2948	2979	2.400659
2949	2976	2.398242
2950	2978	2.399853
2951	2976	2.398242
2952	2959	2.384542
2953	2963	2.387766
2954	2976	2.398242
2955	2955	2.381319
2956	2986	2.406300
2957	2976	2.398242
2958	2978	2.399853
2959	2976	2.398242
2960	2959	2.384542
2961	2978	2.399853
2962	2976	2.398242
2963	2976	2.398242
2964	2976	2.398242
2965	2978	2.399853
2966	2978	2.399853
2967	2959	2.384542
2968	2979	2.400659
2969	2976	2.398242
2970	2976	2.398242
2971	2976	2.398242
2972	2978	2.399853
2973	2976	2.398242
2974	2976	2.398242
2975	2976	2.398242
2976	2978	2.399853
2977	2976	2.398242
2978	2976	2.398242
2979	2976	2.398242
2980	2978	2.399853
2981	2978	2.399853
2982	2976	2.398242
2983	2955	2.381319
2984	2984	2.404689
2985	2976	2.398242
2986	2976	2.398242
2987	2979	2.400659
2988	2976	2.398242
2989	2979	2.400659
2990	2976	2.398242
2991	2976	2.398242
2992	2978	2.399853
2993	2979	2.400659
2994	2976	2.398242
2995	2984	2.404689
2996	2978	2.399853
2997	2976	2.398242
2998	2978	2.399853
2999	2979	2.400659
3000	2979	2.400659
3001	2978	2.399853
3002	2984	2.404689
3003	2978	2.399853
3004	2984	2.404689
3005	2978	2.399853
3006	2978	2.399853
3007	2986	2.406300
3008	2978	2.399853
3009	2976	2.398242
3010	2979	2.400659
3011	2979	2.400659
3012	2986	2.406300
3013	2979	2.400659
3014	2979	2.400659
3015	2963	2.387766
3016	2979	2.400659
3017	2978	2.399853
3018	2976	2.398242
3019	2979	2.400659
3020	2978	2.399853
3021	2978	2.399853
3022	2963	2.387766
3023	2976	2.398242
3024	2986	2.406300
3025	2986	2.406300
3026	2978	2.399853
3027	2978	2.399853
3028	2979	2.400659
3029	2978	2.399853
3030	2979	2.400659
3031	2979	2.400659
3032	2976	2.398242
3033	2978	2.399853
3034	2979	2.400659
3035	2976	2.398242
3036	2978	2.399853
3037	2986	2.406300
3038	2987	2.407106
3039	2976	2.398242
3040	2976	2.398242
3041	2986	2.406300
3042	2987	2.407106
3043	2986	2.406300
3044	2979	2.400659
3045	2979	2.400659
3046	2978	2.399853
3047	2986	2.406300
3048	2978	2.399853
3049	2978	2.399853
3050	2991	2.410330
3051	2978	2.399853
3052	2986	2.406300
3053	2979	2.400659
3054	2976	2.398242
3055	2976	2.398242
3056	2978	2.399853
3057	2984	2.404689
3058	2987	2.407106
3059	2987	2.407106
3060	2979	2.400659
3061	2987	2.407106
3062	2986	2.406300
3063	2987	2.407106
3064	2987	2.407106
3065	2979	2.400659
3066	2986	2.406300
3067	2978	2.399853
3068	2987	2.407106
3069	2978	2.399853
3070	2978	2.399853
3071	2987	2.407106
3072	2978	2.399853
3073	2987	2.407106
3074	2991	2.410330
3075	2986	2.406300
3076	2979	2.400659
3077	2986	2.406300
3078	2976	2.398242
3079	2986	2.406300
3080	2978	2.399853
3081	2978	2.399853
3082	2986	2.406300
3083	2986	2.406300
3084	2986	2.406300
3085	2986	2.406300
3086	2986	2.406300
3087	2976	2.398242
3088	2976	2.398242
3089	2978	2.399853
3090	2979	2.400659
3091	2979	2.400659
3092	2978	2.399853
3093	2978	2.399853
3094	2976	2.398242
3095	2979	2.400659
3096	2991	2.410330
3097	2987	2.407106
3098	2984	2.404689
3099	2987	2.407106
3100	2986	2.406300
3101	2978	2.399853
3102	2986	2.406300
3103	2995	2.413553
3104	2979	2.400659
3105	2995	2.413553
3106	2984	2.404689
3107	2978	2.399853
3108	2979	2.400659
3109	2976	2.398242
3110	2987	2.407106
3111	2986	2.406300
3112	2986	2.406300
3113	2979	2.400659
3114	2979	2.400659
3115	2984	2.404689
3116	2984	2.404689
3117	2986	2.406300
3118	2979	2.400659
3119	2978	2.399853
3120	2987	2.407106
3121	2979	2.400659
3122	2995	2.413553
3123	2986	2.406300
3124	2978	2.399853
3125	2986	2.406300
3126	2987	2.407106
3127	2986	2.406300
3128	2984	2.404689
3129	2986	2.406300
3130	2987	2.407106
3131	3010	2.425641
3132	2987	2.407106
3133	2987	2.407106
3134	2986	2.406300
3135	2986	2.406300
3136	2991	2.410330
3137	2978	2.399853
3138	2991	2.410330
3139	2987	2.407106
3140	2986	2.406300
3141	2986	2.406300
3142	2987	2.407106
3143	2991	2.410330
3144	2986	2.406300
3145	2986	2.406300
3146	2987	2.407106
3147	2986	2.406300
3148	2984	2.404689
3149	2991	2.410330
3150	2986	2.406300
3151	2987	2.407106
3152	2987	2.407106
3153	2991	2.410330
3154	2986	2.406300
3155	2991	2.410330
3156	2986	2.406300
3157	2986	2.406300
3158	2987	2.407106
3159	2991	2.410330
3160	2986	2.406300
3161	2987	2.407106
3162	2991	2.410330
3163	2986	2.406300
3164	2986	2.406300
3165	2991	2.410330
3166	2987	2.407106
3167	3002	2.419194
3168	2984	2.404689
3169	2991	2.410330
3170	2991	2.410330
3171	2991	2.410330
3172	2987	2.407106
3173	2987	2.407106
3174	2991	2.410330
3175	2991	2.410330
3176	2986	2.406300
3177	2986	2.406300
3178	2987	2.407106
3179	2987	2.407106
3180	2991	2.410330
3181	2986	2.406300
3182	2987	2.407106
3183	2991	2.410330
3184	2987	2.407106
3185	2978	2.399853
3186	2991	2.410330
3187	2991	2.410330
3188	2991	2.410330
3189	2987	2.407106
3190	2987	2.407106
3191	3002	2.419194
3192	2987	2.407106
3193	2991	2.410330
3194	2987	2.407106
3195	2987	2.407106
3196	2987	2.407106
3197	2987	2.407106
3198	2986	2.406300
3199	2987	2.407106
3200	2986	2.406300
3201	2986	2.406300
3202	2995	2.413553
3203	2986	2.406300
3204	2986	2.406300
3205	2987	2.407106
3206	2986	2.406300
3207	2986	2.406300
3208	2991	2.410330
3209	2986	2.406300
3210	2987	2.407106
3211	2991	2.410330
3212	2991	2.410330
3213	2991	2.410330
3214	2987	2.407106
3215	2986	2.406300
3216	2995	2.413553
3217	2987	2.407106
3218	2987	2.407106
3219	2991	2.410330
3220	2986	2.406300
3221	2991	2.410330
3222	2991	2.410330
3223	2987	2.407106
3224	2991	2.410330
3225	2987	2.407106
3226	2991	2.410330
3227	2987	2.407106
3228	2986	2.406300
3229	3008	2.424029
3230	3002	2.419194
3231	2986	2.406300
3232	2987	2.407106
3233	2991	2.410330
3234	2991	2.410330
3235	2991	2.410330
3236	2987	2.407106
3237	2991	2.410330
3238	3002	2.419194
3239	2986	2.406300
3240	2991	2.410330
3241	2991	2.410330
3242	2987	2.407106
3243	2987	2.407106
3244	2995	2.413553
3245	2995	2.413553
3246	2991	2.410330
3247	2987	2.407106
3248	2995	2.413553
3249	2991	2.410330
3250	2991	2.410330
3251	2991	2.410330
3252	2987	2.407106
3253	2995	2.413553
3254	2987	2.407106
3255	2994	2.412747
3256	3003	2.420000
3257	2986	2.406300
3258	3002	2.419194
3259	2991	2.410330
3260	2991	2.410330
3261	2995	2.413553
3262	2995	2.413553
3263	2987	2.407106
3264	2991	2.410330
3265	2987	2.407106
3266	2991	2.410330
3267	2995	2.413553
3268	2987	2.407106
3269	3002	2.419194
3270	3003	2.420000
3271	2986	2.406300
3272	3002	2.419194
3273	2995	2.413553
3274	3002	2.419194
3275	2987	2.407106
3276	3008	2.424029
3277	3002	2.419194
3278	3010	2.425641
3279	2995	2.413553
3280	3002	2.419194
3281	2986	2.406300
3282	2995	2.413553
3283	3002	2.419194
3284	2991	2.410330
3285	2995	2.413553
3286	2987	2.407106
3287	2987	2.407106
3288	3000	2.417582
3289	2991	2.410330
3290	3002	2.419194
3291	3008	2.424029
3292	3002	2.419194
3293	2995	2.413553
3294	2995	2.413553
3295	2991	2.410330
3296	2991	2.410330
3297	2987	2.407106
3298	3010	2.425641
3299	3010	2.425641
3300	2987	2.407106
3301	3002	2.419194
3302	3002	2.419194
3303	3002	2.419194
3304	2995	2.413553
3305	3000	2.417582
3306	3010	2.425641
3307	3008	2.424029
3308	3008	2.424029
3309	2991	2.410330
3310	3008	2.424029
3311	2991	2.410330
3312	3008	2.424029
3313	2995	2.413553
3314	3008	2.424029
3315	3000	2.417582
3316	2991	2.410330
3317	3002	2.419194
3318	3002	2.419194
3319	3018	2.432088
3320	3002	2.419194
3321	2991	2.410330
3322	2987	2.407106
3323	3011	2.426447
3324	3010	2.425641
3325	3002	2.419194
3326	3002	2.419194
3327	2991	2.410330
3328	3002	2.419194
3329	3010	2.425641
3330	3000	2.417582
3331	3002	2.419194
3332	2987	2.407106
3333	3010	2.425641
3334	3002	2.419194
3335	3002	2.419194
3336	3002	2.419194
3337	2987	2.407106
3338	3002	2.419194
3339	2987	2.407106
3340	3002	2.419194
3341	2995	2.413553
3342	3000	2.417582
3343	3008	2.424029
3344	3011	2.426447
3345	2991	2.410330
3346	2987	2.407106
3347	3002	2.419194
3348	3008	2.424029
3349	2994	2.412747
3350	3008	2.424029
3351	3016	2.430476
3352	3002	2.419194
3353	3002	2.419194
3354	2995	2.413553
3355	3010	2.425641
3356	3002	2.419194
3357	3003	2.420000
3358	2987	2.407106
3359	3002	2.419194
3360	2991	2.410330
3361	3002	2.419194
3362	3008	2.424029
3363	3008	2.424029
3364	2991	2.410330
3365	3010	2.425641
3366	3002	2.419194
3367	3000	2.417582
3368	2987	2.407106
3369	3002	2.419194
3370	2991	2.410330
3371	3002	2.419194
3372	3010	2.425641
3373	3011	2.426447
3374	3002	2.419194
3375	3002	2.419194
3376	3002	2.419194
3377	2991	2.410330
3378	3002	2.419194
3379	3002	2.419194
3380	3002	2.419194
3381	3000	2.417582
3382	3002	2.419194
3383	3008	2.424029
3384	3008	2.424029
3385	2991	2.410330
3386	3000	2.417582
3387	3010	2.425641
3388	2995	2.413553
3389	3002	2.419194
3390	3002	2.419194
3391	3002	2.419194
3392	3010	2.425641
3393	3008	2.424029
3394	3002	2.419194
3395	3002	2.419194
3396	3002	2.419194
3397	2991	2.410330
3398	3008	2.424029
3399	3002	2.419194
3400	3000	2.417582
3401	2991	2.410330
3402	2995	2.413553
3403	3008	2.424029
3404	3000	2.417582
3405	2995	2.413553
3406	2986	2.406300
3407	2995	2.413553
3408	2987	2.407106
3409	3002	2.419194
3410	3010	2.425641
3411	3002	2.419194
3412	3010	2.425641
3413	3002	2.419194
3414	3002	2.419194
3415	3002	2.419194
3416	2991	2.410330
3417	2995	2.413553
3418	3002	2.419194
3419	3003	2.420000
3420	3000	2.417582
3421	2991	2.410330
3422	2987	2.407106
3423	3002	2.419194
3424	2987	2.407106
3425	2995	2.413553
3426	2987	2.407106
3427	3003	2.420000
3428	3010	2.425641
3429	2995	2.413553
3430	3010	2.425641
3431	2987	2.407106
3432	3002	2.419194
3433	3002	2.419194
3434	2995	2.413553
3435	3002	2.419194
3436	3002	2.419194
3437	2991	2.410330
3438	3002	2.419194
3439	2995	2.413553
3440	3011	2.426447
3441	2995	2.413553
3442	2991	2.410330
3443	3002	2.419194
3444	3011	2.426447
3445	2987	2.407106
3446	3002	2.419194
3447	3008	2.424029
3448	3002	2.419194
3449	3002	2.419194
3450	3010	2.425641
3451	2995	2.413553
3452	3000	2.417582
3453	2987	2.407106
3454	3002	2.419194
3455	2991	2.410330
3456	2991	2.410330
3457	3002	2.419194
3458	2995	2.413553
3459	3010	2.425641
3460	2991	2.410330
3461	2991	2.410330
3462	2991	2.410330
3463	3010	2.425641
3464	3002	2.419194
3465	2995	2.413553
3466	2995	2.413553
3467	3002	2.419194
3468	3002	2.419194
3469	3002	2.419194
3470	3002	2.419194
3471	3002	2.419194
3472	2995	2.413553
3473	3002	2.419194
3474	3000	2.417582
3475	3002	2.419194
3476	2987	2.407106
3477	2987	2.407106
3478	3002	2.419194
3479	2986	2.406300
3480	3003	2.420000
3481	3002	2.419194
3482	2991	2.410330
3483	2986	2.406300
3484	3000	2.417582
3485	3000	2.417582
3486	2987	2.407106
3487	2991	2.410330
3488	2995	2.413553
3489	2991	2.410330
3490	3002	2.419194
3491	2987	2.407106
3492	2995	2.413553
3493	2991	2.410330
3494	2995	2.413553
3495	2987	2.407106
3496	2987	2.407106
3497	2991	2.410330
3498	2987	2.407106
3499	2991	2.410330
3500	2987	2.407106
3501	3002	2.419194
3502	2991	2.410330
3503	2991	2.410330
3504	3002	2.419194
3505	2995	2.413553
3506	2991	2.410330
3507	2987	2.407106
3508	2995	2.413553
3509	2995	2.413553
3510	2986	2.406300
3511	2995	2.413553
3512	2984	2.404689
3513	2994	2.412747
3514	2987	2.407106
3515	3002	2.419194
3516	2987	2.407106
3517	2986	2.406300
3518	2986	2.406300
3519	3002	2.419194
3520	2987	2.407106
3521	2987	2.407106
3522	2995	2.413553
3523	2987	2.407106
3524	2987	2.407106
3525	2986	2.406300
3526	2986	2.406300
3527	2979	2.400659
3528	2995	2.413553
3529	2986	2.406300
3530	2987	2.407106
3531	2987	2.407106
3532	2986	2.406300
3533	2976	2.398242
3534	2979	2.400659
3535	2986	2.406300
3536	2986	2.406300
3537	2987	2.407106
3538	2995	2.413553
3539	2986	2.406300
3540	2991	2.410330
3541	2986	2.406300
3542	2986	2.406300
3543	2986	2.406300
3544	2979	2.400659
3545	2979	2.400659
3546	2991	2.410330
3547	2984	2.404689
3548	2979	2.400659
3549	2979	2.400659
3550	2984	2.404689
3551	2979	2.400659
3552	2978	2.399853
3553	2987	2.407106
3554	2986	2.406300
3555	2978	2.399853
3556	2979	2.400659
3557	2984	2.404689
3558	2986	2.406300
3559	2976	2.398242
3560	2978	2.399853
3561	2984	2.404689
3562	2978	2.399853
3563	2986	2.406300
3564	2987	2.407106
3565	2979	2.400659
3566	2979	2.400659
3567	2978	2.399853
3568	2978	2.399853
3569	2979	2.400659
3570	2978	2.399853
3571	2979	2.400659
3572	2978	2.399853
3573	2976	2.398242
3574	2978	2.399853
3575	2976	2.398242
3576	2984	2.404689
3577	2976	2.398242
3578	2978	2.399853
3579	2976	2.398242
3580	2976	2.398242
3581	2955	2.381319
3582	2976	2.398242
3583	2976	2.398242
3584	2976	2.398242
3585	2976	2.398242
3586	2978	2.399853
3587	2976	2.398242
3588	2978	2.399853
3589	2976	2.398242
3590	2978	2.399853
3591	2968	2.391795
3592	2963	2.387766
3593	2984	2.404689
3594	2954	2.380513
3595	2976	2.398242
3596	2976	2.398242
3597	2976	2.398242
3598	2963	2.387766
3599	2959	2.384542
3600	2976	2.398242
3601	2959	2.384542
3602	2959	2.384542
3603	2976	2.398242
3604	2976	2.398242
3605	2976	2.398242
3606	2963	2.387766
3607	2955	2.381319
3608	2976	2.398242
3609	2976	2.398242
3610	2976	2.398242
3611	2976	2.398242
3612	2976	2.398242
3613	2955	2.381319
3614	2954	2.380513
3615	2959	2.384542
3616	2959	2.384542
3617	2955	2.381319
3618	2963	2.387766
3619	2976	2.398242
3620	2959	2.384542
3621	2959	2.384542
3622	2959	2.384542
3623	2955	2.381319
3624	2959	2.384542
3625	2976	2.398242
3626	2963	2.387766
3627	2954	2.380513
3628	2959	2.384542
3629	2955	2.381319
3630	2955	2.381319
3631	2947	2.374872
3632	2955	2.381319
3633	2959	2.384542
3634	2976	2.398242
3635	2976	2.398242
3636	2954	2.380513
3637	2976	2.398242
3638	2955	2.381319
3639	2954	2.380513
3640	2947	2.374872
3641	2954	2.380513
3642	2955	2.381319
3643	2963	2.387766
3644	2959	2.384542
3645	2954	2.380513
3646	2954	2.380513
3647	2955	2.381319
