Pixel	ADC	VoltageV
1	3940	3.175092
2	3940	3.175092
3	3940	3.175092
4	3932	3.168645
5	3932	3.168645
6	3933	3.169451
7	3933	3.169451
8	3932	3.168645
9	3917	3.156557
10	3932	3.168645
11	3932	3.168645
12	3932	3.168645
13	3932	3.168645
14	3933	3.169451
15	3932	3.168645
16	3917	3.156557
17	3213	2.589231
18	2652	2.137143
19	2684	2.162930
20	2669	2.150842
21	2685	2.163736
22	2684	2.162930
23	2669	2.150842
24	2669	2.150842
25	2684	2.162930
26	2669	2.150842
27	2669	2.150842
28	2692	2.169377
29	2685	2.163736
30	2671	2.152454
31	2692	2.169377
32	2685	2.163736
33	2685	2.163736
34	2684	2.162930
35	2684	2.162930
36	2692	2.169377
37	2684	2.162930
38	2685	2.163736
39	2685	2.163736
40	2693	2.170183
41	2671	2.152454
42	2693	2.170183
43	2685	2.163736
44	2692	2.169377
45	2692	2.169377
46	2685	2.163736
47	2669	2.150842
48	2685	2.163736
49	2671	2.152454
50	2685	2.163736
51	2677	2.157289
52	2685	2.163736
53	2677	2.157289
54	2684	2.162930
55	2700	2.175824
56	2692	2.169377
57	2700	2.175824
58	2692	2.169377
59	2693	2.170183
60	2677	2.157289
61	2700	2.175824
62	2700	2.175824
63	2692	2.169377
64	2701	2.176630
65	2700	2.175824
66	2693	2.170183
67	2700	2.175824
68	2684	2.162930
69	2692	2.169377
70	2692	2.169377
71	2685	2.163736
72	2685	2.163736
73	2684	2.162930
74	2692	2.169377
75	2684	2.162930
76	2692	2.169377
77	2677	2.157289
78	2684	2.162930
79	2692	2.169377
80	2685	2.163736
81	2684	2.162930
82	2685	2.163736
83	2685	2.163736
84	2677	2.157289
85	2684	2.162930
86	2685	2.163736
87	2677	2.157289
88	2671	2.152454
89	2669	2.150842
90	2684	2.162930
91	2685	2.163736
92	2684	2.162930
93	2684	2.162930
94	2685	2.163736
95	2669	2.150842
96	2685	2.163736
97	2684	2.162930
98	2685	2.163736
99	2700	2.175824
100	2684	2.162930
101	2701	2.176630
102	2684	2.162930
103	2677	2.157289
104	2692	2.169377
105	2684	2.162930
106	2685	2.163736
107	2693	2.170183
108	2700	2.175824
109	2693	2.170183
110	2693	2.170183
111	2684	2.162930
112	2692	2.169377
113	2685	2.163736
114	2671	2.152454
115	2684	2.162930
116	2685	2.163736
117	2684	2.162930
118	2701	2.176630
119	2700	2.175824
120	2692	2.169377
121	2684	2.162930
122	2701	2.176630
123	2685	2.163736
124	2669	2.150842
125	2700	2.175824
126	2677	2.157289
127	2685	2.163736
128	2685	2.163736
129	2693	2.170183
130	2685	2.163736
131	2684	2.162930
132	2685	2.163736
133	2693	2.170183
134	2684	2.162930
135	2685	2.163736
136	2677	2.157289
137	2669	2.150842
138	2700	2.175824
139	2669	2.150842
140	2700	2.175824
141	2692	2.169377
142	2684	2.162930
143	2684	2.162930
144	2692	2.169377
145	2684	2.162930
146	2685	2.163736
147	2700	2.175824
148	2684	2.162930
149	2677	2.157289
150	2684	2.162930
151	2692	2.169377
152	2700	2.175824
153	2685	2.163736
154	2693	2.170183
155	2684	2.162930
156	2701	2.176630
157	2685	2.163736
158	2685	2.163736
159	2692	2.169377
160	2685	2.163736
161	2669	2.150842
162	2701	2.176630
163	2684	2.162930
164	2685	2.163736
165	2684	2.162930
166	2685	2.163736
167	2700	2.175824
168	2692	2.169377
169	2677	2.157289
170	2692	2.169377
171	2693	2.170183
172	2701	2.176630
173	2684	2.162930
174	2684	2.162930
175	2669	2.150842
176	2692	2.169377
177	2684	2.162930
178	2685	2.163736
179	2684	2.162930
180	2700	2.175824
181	2669	2.150842
182	2684	2.162930
183	2669	2.150842
184	2692	2.169377
185	2684	2.162930
186	2685	2.163736
187	2701	2.176630
188	2700	2.175824
189	2693	2.170183
190	2701	2.176630
191	2684	2.162930
192	2684	2.162930
193	2692	2.169377
194	2700	2.175824
195	2684	2.162930
196	2701	2.176630
197	2684	2.162930
198	2684	2.162930
199	2693	2.170183
200	2692	2.169377
201	2700	2.175824
202	2692	2.169377
203	2685	2.163736
204	2692	2.169377
205	2692	2.169377
206	2671	2.152454
207	2693	2.170183
208	2693	2.170183
209	2693	2.170183
210	2693	2.170183
211	2684	2.162930
212	2685	2.163736
213	2692	2.169377
214	2701	2.176630
215	2685	2.163736
216	2685	2.163736
217	2692	2.169377
218	2677	2.157289
219	2677	2.157289
220	2685	2.163736
221	2684	2.162930
222	2693	2.170183
223	2692	2.169377
224	2692	2.169377
225	2700	2.175824
226	2677	2.157289
227	2677	2.157289
228	2684	2.162930
229	2669	2.150842
230	2684	2.162930
231	2685	2.163736
232	2671	2.152454
233	2700	2.175824
234	2669	2.150842
235	2684	2.162930
236	2684	2.162930
237	2692	2.169377
238	2692	2.169377
239	2685	2.163736
240	2693	2.170183
241	2684	2.162930
242	2693	2.170183
243	2684	2.162930
244	2684	2.162930
245	2677	2.157289
246	2684	2.162930
247	2693	2.170183
248	2692	2.169377
249	2677	2.157289
250	2685	2.163736
251	2693	2.170183
252	2701	2.176630
253	2692	2.169377
254	2692	2.169377
255	2693	2.170183
256	2700	2.175824
257	2700	2.175824
258	2701	2.176630
259	2685	2.163736
260	2693	2.170183
261	2684	2.162930
262	2693	2.170183
263	2692	2.169377
264	2692	2.169377
265	2685	2.163736
266	2692	2.169377
267	2685	2.163736
268	2692	2.169377
269	2685	2.163736
270	2685	2.163736
271	2684	2.162930
272	2700	2.175824
273	2685	2.163736
274	2693	2.170183
275	2692	2.169377
276	2684	2.162930
277	2684	2.162930
278	2693	2.170183
279	2701	2.176630
280	2685	2.163736
281	2685	2.163736
282	2700	2.175824
283	2692	2.169377
284	2693	2.170183
285	2671	2.152454
286	2693	2.170183
287	2700	2.175824
288	2685	2.163736
289	2684	2.162930
290	2700	2.175824
291	2684	2.162930
292	2693	2.170183
293	2700	2.175824
294	2693	2.170183
295	2684	2.162930
296	2692	2.169377
297	2693	2.170183
298	2685	2.163736
299	2700	2.175824
300	2684	2.162930
301	2693	2.170183
302	2692	2.169377
303	2692	2.169377
304	2685	2.163736
305	2685	2.163736
306	2692	2.169377
307	2701	2.176630
308	2701	2.176630
309	2700	2.175824
310	2700	2.175824
311	2701	2.176630
312	2700	2.175824
313	2700	2.175824
314	2700	2.175824
315	2692	2.169377
316	2701	2.176630
317	2693	2.170183
318	2701	2.176630
319	2692	2.169377
320	2701	2.176630
321	2700	2.175824
322	2693	2.170183
323	2700	2.175824
324	2700	2.175824
325	2701	2.176630
326	2700	2.175824
327	2693	2.170183
328	2693	2.170183
329	2693	2.170183
330	2701	2.176630
331	2693	2.170183
332	2700	2.175824
333	2693	2.170183
334	2693	2.170183
335	2692	2.169377
336	2700	2.175824
337	2700	2.175824
338	2693	2.170183
339	2701	2.176630
340	2709	2.183077
341	2693	2.170183
342	2700	2.175824
343	2716	2.188718
344	2692	2.169377
345	2693	2.170183
346	2693	2.170183
347	2701	2.176630
348	2701	2.176630
349	2700	2.175824
350	2700	2.175824
351	2700	2.175824
352	2700	2.175824
353	2701	2.176630
354	2701	2.176630
355	2693	2.170183
356	2693	2.170183
357	2692	2.169377
358	2693	2.170183
359	2700	2.175824
360	2700	2.175824
361	2701	2.176630
362	2701	2.176630
363	2692	2.169377
364	2701	2.176630
365	2700	2.175824
366	2701	2.176630
367	2685	2.163736
368	2700	2.175824
369	2701	2.176630
370	2700	2.175824
371	2700	2.175824
372	2692	2.169377
373	2701	2.176630
374	2701	2.176630
375	2701	2.176630
376	2693	2.170183
377	2692	2.169377
378	2693	2.170183
379	2693	2.170183
380	2685	2.163736
381	2693	2.170183
382	2692	2.169377
383	2692	2.169377
384	2684	2.162930
385	2692	2.169377
386	2700	2.175824
387	2700	2.175824
388	2693	2.170183
389	2693	2.170183
390	2693	2.170183
391	2693	2.170183
392	2701	2.176630
393	2700	2.175824
394	2692	2.169377
395	2701	2.176630
396	2701	2.176630
397	2701	2.176630
398	2709	2.183077
399	2700	2.175824
400	2693	2.170183
401	2700	2.175824
402	2700	2.175824
403	2700	2.175824
404	2700	2.175824
405	2700	2.175824
406	2709	2.183077
407	2709	2.183077
408	2701	2.176630
409	2700	2.175824
410	2692	2.169377
411	2693	2.170183
412	2701	2.176630
413	2700	2.175824
414	2701	2.176630
415	2684	2.162930
416	2700	2.175824
417	2700	2.175824
418	2693	2.170183
419	2692	2.169377
420	2693	2.170183
421	2701	2.176630
422	2700	2.175824
423	2701	2.176630
424	2701	2.176630
425	2693	2.170183
426	2700	2.175824
427	2693	2.170183
428	2701	2.176630
429	2700	2.175824
430	2701	2.176630
431	2716	2.188718
432	2709	2.183077
433	2693	2.170183
434	2703	2.178242
435	2692	2.169377
436	2700	2.175824
437	2693	2.170183
438	2685	2.163736
439	2685	2.163736
440	2701	2.176630
441	2693	2.170183
442	2693	2.170183
443	2701	2.176630
444	2692	2.169377
445	2700	2.175824
446	2701	2.176630
447	2703	2.178242
448	2701	2.176630
449	2701	2.176630
450	2693	2.170183
451	2693	2.170183
452	2701	2.176630
453	2701	2.176630
454	2700	2.175824
455	2701	2.176630
456	2716	2.188718
457	2700	2.175824
458	2685	2.163736
459	2701	2.176630
460	2701	2.176630
461	2700	2.175824
462	2685	2.163736
463	2693	2.170183
464	2701	2.176630
465	2701	2.176630
466	2700	2.175824
467	2701	2.176630
468	2700	2.175824
469	2701	2.176630
470	2701	2.176630
471	2716	2.188718
472	2716	2.188718
473	2701	2.176630
474	2716	2.188718
475	2701	2.176630
476	2709	2.183077
477	2716	2.188718
478	2703	2.178242
479	2717	2.189524
480	2716	2.188718
481	2716	2.188718
482	2700	2.175824
483	2703	2.178242
484	2716	2.188718
485	2709	2.183077
486	2716	2.188718
487	2716	2.188718
488	2716	2.188718
489	2716	2.188718
490	2717	2.189524
491	2703	2.178242
492	2701	2.176630
493	2701	2.176630
494	2709	2.183077
495	2693	2.170183
496	2717	2.189524
497	2701	2.176630
498	2692	2.169377
499	2693	2.170183
500	2701	2.176630
501	2700	2.175824
502	2701	2.176630
503	2701	2.176630
504	2700	2.175824
505	2701	2.176630
506	2701	2.176630
507	2703	2.178242
508	2693	2.170183
509	2684	2.162930
510	2701	2.176630
511	2700	2.175824
512	2701	2.176630
513	2700	2.175824
514	2701	2.176630
515	2701	2.176630
516	2701	2.176630
517	2701	2.176630
518	2701	2.176630
519	2693	2.170183
520	2692	2.169377
521	2701	2.176630
522	2701	2.176630
523	2700	2.175824
524	2716	2.188718
525	2716	2.188718
526	2701	2.176630
527	2692	2.169377
528	2693	2.170183
529	2700	2.175824
530	2692	2.169377
531	2701	2.176630
532	2701	2.176630
533	2693	2.170183
534	2709	2.183077
535	2701	2.176630
536	2684	2.162930
537	2700	2.175824
538	2701	2.176630
539	2701	2.176630
540	2701	2.176630
541	2701	2.176630
542	2700	2.175824
543	2701	2.176630
544	2703	2.178242
545	2716	2.188718
546	2733	2.202418
547	2724	2.195165
548	2716	2.188718
549	2709	2.183077
550	2709	2.183077
551	2716	2.188718
552	2716	2.188718
553	2701	2.176630
554	2701	2.176630
555	2693	2.170183
556	2700	2.175824
557	2700	2.175824
558	2717	2.189524
559	2724	2.195165
560	2716	2.188718
561	2701	2.176630
562	2701	2.176630
563	2701	2.176630
564	2701	2.176630
565	2709	2.183077
566	2701	2.176630
567	2701	2.176630
568	2703	2.178242
569	2701	2.176630
570	2717	2.189524
571	2701	2.176630
572	2701	2.176630
573	2700	2.175824
574	2701	2.176630
575	2724	2.195165
576	2701	2.176630
577	2700	2.175824
578	2701	2.176630
579	2700	2.175824
580	2701	2.176630
581	2709	2.183077
582	2716	2.188718
583	2701	2.176630
584	2693	2.170183
585	2717	2.189524
586	2716	2.188718
587	2701	2.176630
588	2701	2.176630
589	2716	2.188718
590	2701	2.176630
591	2701	2.176630
592	2716	2.188718
593	2717	2.189524
594	2700	2.175824
595	2700	2.175824
596	2701	2.176630
597	2701	2.176630
598	2709	2.183077
599	2709	2.183077
600	2701	2.176630
601	2693	2.170183
602	2700	2.175824
603	2700	2.175824
604	2709	2.183077
605	2700	2.175824
606	2700	2.175824
607	2700	2.175824
608	2709	2.183077
609	2700	2.175824
610	2700	2.175824
611	2701	2.176630
612	2700	2.175824
613	2701	2.176630
614	2701	2.176630
615	2701	2.176630
616	2701	2.176630
617	2693	2.170183
618	2701	2.176630
619	2700	2.175824
620	2701	2.176630
621	2709	2.183077
622	2701	2.176630
623	2701	2.176630
624	2701	2.176630
625	2709	2.183077
626	2716	2.188718
627	2701	2.176630
628	2701	2.176630
629	2716	2.188718
630	2716	2.188718
631	2701	2.176630
632	2701	2.176630
633	2700	2.175824
634	2700	2.175824
635	2709	2.183077
636	2716	2.188718
637	2724	2.195165
638	2716	2.188718
639	2717	2.189524
640	2716	2.188718
641	2701	2.176630
642	2701	2.176630
643	2716	2.188718
644	2701	2.176630
645	2701	2.176630
646	2701	2.176630
647	2716	2.188718
648	2701	2.176630
649	2701	2.176630
650	2716	2.188718
651	2716	2.188718
652	2724	2.195165
653	2709	2.183077
654	2692	2.169377
655	2700	2.175824
656	2717	2.189524
657	2709	2.183077
658	2701	2.176630
659	2701	2.176630
660	2701	2.176630
661	2701	2.176630
662	2703	2.178242
663	2717	2.189524
664	2717	2.189524
665	2716	2.188718
666	2703	2.178242
667	2717	2.189524
668	2717	2.189524
669	2716	2.188718
670	2724	2.195165
671	2717	2.189524
672	2703	2.178242
673	2716	2.188718
674	2717	2.189524
675	2733	2.202418
676	2716	2.188718
677	2716	2.188718
678	2717	2.189524
679	2716	2.188718
680	2717	2.189524
681	2724	2.195165
682	2703	2.178242
683	2717	2.189524
684	2700	2.175824
685	2716	2.188718
686	2701	2.176630
687	2701	2.176630
688	2716	2.188718
689	2716	2.188718
690	2709	2.183077
691	2701	2.176630
692	2717	2.189524
693	2701	2.176630
694	2716	2.188718
695	2717	2.189524
696	2701	2.176630
697	2701	2.176630
698	2716	2.188718
699	2716	2.188718
700	2701	2.176630
701	2724	2.195165
702	2717	2.189524
703	2724	2.195165
704	2701	2.176630
705	2717	2.189524
706	2717	2.189524
707	2724	2.195165
708	2717	2.189524
709	2724	2.195165
710	2716	2.188718
711	2717	2.189524
712	2717	2.189524
713	2701	2.176630
714	2717	2.189524
715	2716	2.188718
716	2703	2.178242
717	2701	2.176630
718	2716	2.188718
719	2717	2.189524
720	2709	2.183077
721	2703	2.178242
722	2716	2.188718
723	2716	2.188718
724	2717	2.189524
725	2709	2.183077
726	2709	2.183077
727	2724	2.195165
728	2716	2.188718
729	2701	2.176630
730	2717	2.189524
731	2717	2.189524
732	2717	2.189524
733	2717	2.189524
734	2716	2.188718
735	2717	2.189524
736	2717	2.189524
737	2733	2.202418
738	2733	2.202418
739	2724	2.195165
740	2716	2.188718
741	2725	2.195971
742	2733	2.202418
743	2725	2.195971
744	2725	2.195971
745	2717	2.189524
746	2725	2.195971
747	2716	2.188718
748	2725	2.195971
749	2724	2.195165
750	2725	2.195971
751	2724	2.195165
752	2724	2.195165
753	2717	2.189524
754	2724	2.195165
755	2724	2.195165
756	2724	2.195165
757	2716	2.188718
758	2703	2.178242
759	2724	2.195165
760	2724	2.195165
761	2716	2.188718
762	2724	2.195165
763	2717	2.189524
764	2716	2.188718
765	2733	2.202418
766	2716	2.188718
767	2732	2.201612
768	2732	2.201612
769	2717	2.189524
770	2717	2.189524
771	2724	2.195165
772	2732	2.201612
773	2709	2.183077
774	2732	2.201612
775	2725	2.195971
776	2716	2.188718
777	2732	2.201612
778	2724	2.195165
779	2725	2.195971
780	2725	2.195971
781	2724	2.195165
782	2725	2.195971
783	2725	2.195971
784	2717	2.189524
785	2717	2.189524
786	2733	2.202418
787	2725	2.195971
788	2733	2.202418
789	2733	2.202418
790	2716	2.188718
791	2725	2.195971
792	2733	2.202418
793	2732	2.201612
794	2724	2.195165
795	2733	2.202418
796	2725	2.195971
797	2724	2.195165
798	2733	2.202418
799	2732	2.201612
800	2717	2.189524
801	2732	2.201612
802	2733	2.202418
803	2724	2.195165
804	2733	2.202418
805	2733	2.202418
806	2724	2.195165
807	2724	2.195165
808	2717	2.189524
809	2748	2.214505
810	2733	2.202418
811	2725	2.195971
812	2732	2.201612
813	2748	2.214505
814	2733	2.202418
815	2725	2.195971
816	2732	2.201612
817	2733	2.202418
818	2717	2.189524
819	2733	2.202418
820	2732	2.201612
821	2733	2.202418
822	2724	2.195165
823	2733	2.202418
824	2748	2.214505
825	2748	2.214505
826	2741	2.208864
827	2732	2.201612
828	2749	2.215311
829	2733	2.202418
830	2733	2.202418
831	2732	2.201612
832	2725	2.195971
833	2741	2.208864
834	2733	2.202418
835	2733	2.202418
836	2741	2.208864
837	2733	2.202418
838	2748	2.214505
839	2732	2.201612
840	2732	2.201612
841	2733	2.202418
842	2733	2.202418
843	2733	2.202418
844	2748	2.214505
845	2749	2.215311
846	2741	2.208864
847	2732	2.201612
848	2748	2.214505
849	2748	2.214505
850	2748	2.214505
851	2756	2.220952
852	2748	2.214505
853	2749	2.215311
854	2748	2.214505
855	2749	2.215311
856	2735	2.204029
857	2749	2.215311
858	2732	2.201612
859	2733	2.202418
860	2741	2.208864
861	2732	2.201612
862	2733	2.202418
863	2748	2.214505
864	2741	2.208864
865	2756	2.220952
866	2748	2.214505
867	2756	2.220952
868	2757	2.221758
869	2757	2.221758
870	2757	2.221758
871	2765	2.228205
872	2765	2.228205
873	2756	2.220952
874	2765	2.228205
875	2756	2.220952
876	2756	2.220952
877	2764	2.227399
878	2764	2.227399
879	2764	2.227399
880	2749	2.215311
881	2748	2.214505
882	2748	2.214505
883	2756	2.220952
884	2748	2.214505
885	2748	2.214505
886	2757	2.221758
887	2733	2.202418
888	2756	2.220952
889	2756	2.220952
890	2748	2.214505
891	2748	2.214505
892	2756	2.220952
893	2748	2.214505
894	2733	2.202418
895	2748	2.214505
896	2733	2.202418
897	2748	2.214505
898	2756	2.220952
899	2733	2.202418
900	2748	2.214505
901	2749	2.215311
902	2748	2.214505
903	2756	2.220952
904	2733	2.202418
905	2749	2.215311
906	2749	2.215311
907	2748	2.214505
908	2764	2.227399
909	2749	2.215311
910	2756	2.220952
911	2748	2.214505
912	2741	2.208864
913	2764	2.227399
914	2756	2.220952
915	2749	2.215311
916	2748	2.214505
917	2749	2.215311
918	2756	2.220952
919	2764	2.227399
920	2748	2.214505
921	2749	2.215311
922	2764	2.227399
923	2757	2.221758
924	2756	2.220952
925	2748	2.214505
926	2748	2.214505
927	2756	2.220952
928	2757	2.221758
929	2749	2.215311
930	2764	2.227399
931	2756	2.220952
932	2748	2.214505
933	2756	2.220952
934	2749	2.215311
935	2733	2.202418
936	2748	2.214505
937	2756	2.220952
938	2765	2.228205
939	2756	2.220952
940	2749	2.215311
941	2749	2.215311
942	2733	2.202418
943	2748	2.214505
944	2756	2.220952
945	2756	2.220952
946	2733	2.202418
947	2749	2.215311
948	2756	2.220952
949	2757	2.221758
950	2756	2.220952
951	2748	2.214505
952	2741	2.208864
953	2756	2.220952
954	2757	2.221758
955	2757	2.221758
956	2756	2.220952
957	2748	2.214505
958	2756	2.220952
959	2756	2.220952
960	2765	2.228205
961	2735	2.204029
962	2749	2.215311
963	2756	2.220952
964	2756	2.220952
965	2748	2.214505
966	2757	2.221758
967	2748	2.214505
968	2764	2.227399
969	2757	2.221758
970	2741	2.208864
971	2765	2.228205
972	2765	2.228205
973	2764	2.227399
974	2765	2.228205
975	2765	2.228205
976	2764	2.227399
977	2773	2.234652
978	2765	2.228205
979	2764	2.227399
980	2773	2.234652
981	2757	2.221758
982	2748	2.214505
983	2749	2.215311
984	2765	2.228205
985	2765	2.228205
986	2756	2.220952
987	2749	2.215311
988	2756	2.220952
989	2735	2.204029
990	2756	2.220952
991	2765	2.228205
992	2757	2.221758
993	2764	2.227399
994	2764	2.227399
995	2780	2.240293
996	2765	2.228205
997	2765	2.228205
998	2780	2.240293
999	2781	2.241099
1000	2781	2.241099
1001	2764	2.227399
1002	2780	2.240293
1003	2773	2.234652
1004	2788	2.246740
1005	2765	2.228205
1006	2765	2.228205
1007	2765	2.228205
1008	2765	2.228205
1009	2765	2.228205
1010	2757	2.221758
1011	2767	2.229817
1012	2780	2.240293
1013	2780	2.240293
1014	2765	2.228205
1015	2780	2.240293
1016	2780	2.240293
1017	2781	2.241099
1018	2781	2.241099
1019	2764	2.227399
1020	2780	2.240293
1021	2780	2.240293
1022	2765	2.228205
1023	2780	2.240293
1024	2765	2.228205
1025	2781	2.241099
1026	2765	2.228205
1027	2780	2.240293
1028	2765	2.228205
1029	2765	2.228205
1030	2780	2.240293
1031	2765	2.228205
1032	2765	2.228205
1033	2780	2.240293
1034	2767	2.229817
1035	2773	2.234652
1036	2781	2.241099
1037	2765	2.228205
1038	2765	2.228205
1039	2765	2.228205
1040	2780	2.240293
1041	2765	2.228205
1042	2765	2.228205
1043	2773	2.234652
1044	2780	2.240293
1045	2765	2.228205
1046	2765	2.228205
1047	2773	2.234652
1048	2780	2.240293
1049	2765	2.228205
1050	2767	2.229817
1051	2765	2.228205
1052	2781	2.241099
1053	2780	2.240293
1054	2796	2.253187
1055	2780	2.240293
1056	2780	2.240293
1057	2767	2.229817
1058	2780	2.240293
1059	2773	2.234652
1060	2781	2.241099
1061	2780	2.240293
1062	2788	2.246740
1063	2767	2.229817
1064	2780	2.240293
1065	2780	2.240293
1066	2796	2.253187
1067	2765	2.228205
1068	2780	2.240293
1069	2781	2.241099
1070	2781	2.241099
1071	2773	2.234652
1072	2767	2.229817
1073	2788	2.246740
1074	2781	2.241099
1075	2781	2.241099
1076	2781	2.241099
1077	2780	2.240293
1078	2767	2.229817
1079	2765	2.228205
1080	2780	2.240293
1081	2781	2.241099
1082	2781	2.241099
1083	2788	2.246740
1084	2796	2.253187
1085	2789	2.247546
1086	2788	2.246740
1087	2789	2.247546
1088	2796	2.253187
1089	2797	2.253993
1090	2781	2.241099
1091	2789	2.247546
1092	2789	2.247546
1093	2796	2.253187
1094	2781	2.241099
1095	2781	2.241099
1096	2789	2.247546
1097	2788	2.246740
1098	2788	2.246740
1099	2788	2.246740
1100	2789	2.247546
1101	2789	2.247546
1102	2796	2.253187
1103	2765	2.228205
1104	2789	2.247546
1105	2796	2.253187
1106	2796	2.253187
1107	2789	2.247546
1108	2796	2.253187
1109	2788	2.246740
1110	2796	2.253187
1111	2788	2.246740
1112	2797	2.253993
1113	2789	2.247546
1114	2788	2.246740
1115	2789	2.247546
1116	2781	2.241099
1117	2788	2.246740
1118	2788	2.246740
1119	2788	2.246740
1120	2788	2.246740
1121	2797	2.253993
1122	2796	2.253187
1123	2796	2.253187
1124	2781	2.241099
1125	2788	2.246740
1126	2797	2.253993
1127	2781	2.241099
1128	2788	2.246740
1129	2796	2.253187
1130	2797	2.253993
1131	2797	2.253993
1132	2797	2.253993
1133	2805	2.260440
1134	2789	2.247546
1135	2796	2.253187
1136	2789	2.247546
1137	2789	2.247546
1138	2796	2.253187
1139	2797	2.253993
1140	2796	2.253187
1141	2797	2.253993
1142	2796	2.253187
1143	2788	2.246740
1144	2796	2.253187
1145	2789	2.247546
1146	2796	2.253187
1147	2812	2.266081
1148	2797	2.253993
1149	2797	2.253993
1150	2805	2.260440
1151	2789	2.247546
1152	2796	2.253187
1153	2797	2.253993
1154	2797	2.253993
1155	2797	2.253993
1156	2797	2.253993
1157	2797	2.253993
1158	2797	2.253993
1159	2812	2.266081
1160	2797	2.253993
1161	2797	2.253993
1162	2805	2.260440
1163	2797	2.253993
1164	2797	2.253993
1165	2812	2.266081
1166	2812	2.266081
1167	2805	2.260440
1168	2813	2.266886
1169	2812	2.266081
1170	2812	2.266081
1171	2799	2.255604
1172	2796	2.253187
1173	2812	2.266081
1174	2821	2.273333
1175	2812	2.266081
1176	2812	2.266081
1177	2797	2.253993
1178	2797	2.253993
1179	2799	2.255604
1180	2812	2.266081
1181	2812	2.266081
1182	2813	2.266886
1183	2797	2.253993
1184	2797	2.253993
1185	2797	2.253993
1186	2812	2.266081
1187	2797	2.253993
1188	2797	2.253993
1189	2805	2.260440
1190	2812	2.266081
1191	2812	2.266081
1192	2812	2.266081
1193	2805	2.260440
1194	2812	2.266081
1195	2812	2.266081
1196	2797	2.253993
1197	2812	2.266081
1198	2812	2.266081
1199	2813	2.266886
1200	2813	2.266886
1201	2812	2.266081
1202	2797	2.253993
1203	2812	2.266081
1204	2812	2.266081
1205	2821	2.273333
1206	2812	2.266081
1207	2797	2.253993
1208	2812	2.266081
1209	2812	2.266081
1210	2820	2.272527
1211	2812	2.266081
1212	2812	2.266081
1213	2797	2.253993
1214	2812	2.266081
1215	2812	2.266081
1216	2820	2.272527
1217	2797	2.253993
1218	2797	2.253993
1219	2828	2.278974
1220	2820	2.272527
1221	2797	2.253993
1222	2812	2.266081
1223	2812	2.266081
1224	2821	2.273333
1225	2828	2.278974
1226	2812	2.266081
1227	2812	2.266081
1228	2829	2.279780
1229	2820	2.272527
1230	2820	2.272527
1231	2821	2.273333
1232	2828	2.278974
1233	2821	2.273333
1234	2813	2.266886
1235	2812	2.266081
1236	2812	2.266081
1237	2821	2.273333
1238	2820	2.272527
1239	2828	2.278974
1240	2828	2.278974
1241	2828	2.278974
1242	2820	2.272527
1243	2820	2.272527
1244	2813	2.266886
1245	2828	2.278974
1246	2812	2.266081
1247	2828	2.278974
1248	2829	2.279780
1249	2828	2.278974
1250	2828	2.278974
1251	2829	2.279780
1252	2812	2.266081
1253	2813	2.266886
1254	2821	2.273333
1255	2828	2.278974
1256	2828	2.278974
1257	2829	2.279780
1258	2828	2.278974
1259	2828	2.278974
1260	2821	2.273333
1261	2813	2.266886
1262	2829	2.279780
1263	2828	2.278974
1264	2828	2.278974
1265	2829	2.279780
1266	2829	2.279780
1267	2844	2.291868
1268	2828	2.278974
1269	2829	2.279780
1270	2845	2.292674
1271	2829	2.279780
1272	2829	2.279780
1273	2844	2.291868
1274	2829	2.279780
1275	2829	2.279780
1276	2828	2.278974
1277	2829	2.279780
1278	2829	2.279780
1279	2837	2.286227
1280	2829	2.279780
1281	2829	2.279780
1282	2844	2.291868
1283	2829	2.279780
1284	2828	2.278974
1285	2829	2.279780
1286	2829	2.279780
1287	2845	2.292674
1288	2844	2.291868
1289	2845	2.292674
1290	2837	2.286227
1291	2844	2.291868
1292	2829	2.279780
1293	2844	2.291868
1294	2837	2.286227
1295	2845	2.292674
1296	2852	2.298315
1297	2844	2.291868
1298	2829	2.279780
1299	2844	2.291868
1300	2829	2.279780
1301	2831	2.281392
1302	2837	2.286227
1303	2829	2.279780
1304	2829	2.279780
1305	2844	2.291868
1306	2845	2.292674
1307	2844	2.291868
1308	2829	2.279780
1309	2845	2.292674
1310	2844	2.291868
1311	2845	2.292674
1312	2844	2.291868
1313	2844	2.291868
1314	2852	2.298315
1315	2829	2.279780
1316	2853	2.299121
1317	2844	2.291868
1318	2852	2.298315
1319	2844	2.291868
1320	2844	2.291868
1321	2852	2.298315
1322	2860	2.304762
1323	2845	2.292674
1324	2844	2.291868
1325	2844	2.291868
1326	2829	2.279780
1327	2845	2.292674
1328	2845	2.292674
1329	2844	2.291868
1330	2845	2.292674
1331	2852	2.298315
1332	2844	2.291868
1333	2852	2.298315
1334	2852	2.298315
1335	2852	2.298315
1336	2852	2.298315
1337	2852	2.298315
1338	2860	2.304762
1339	2853	2.299121
1340	2861	2.305568
1341	2853	2.299121
1342	2845	2.292674
1343	2852	2.298315
1344	2845	2.292674
1345	2860	2.304762
1346	2845	2.292674
1347	2861	2.305568
1348	2860	2.304762
1349	2845	2.292674
1350	2860	2.304762
1351	2861	2.305568
1352	2861	2.305568
1353	2845	2.292674
1354	2853	2.299121
1355	2861	2.305568
1356	2845	2.292674
1357	2852	2.298315
1358	2852	2.298315
1359	2852	2.298315
1360	2860	2.304762
1361	2852	2.298315
1362	2860	2.304762
1363	2845	2.292674
1364	2852	2.298315
1365	2860	2.304762
1366	2861	2.305568
1367	2860	2.304762
1368	2852	2.298315
1369	2853	2.299121
1370	2852	2.298315
1371	2861	2.305568
1372	2852	2.298315
1373	2861	2.305568
1374	2861	2.305568
1375	2860	2.304762
1376	2861	2.305568
1377	2877	2.318462
1378	2860	2.304762
1379	2861	2.305568
1380	2860	2.304762
1381	2861	2.305568
1382	2861	2.305568
1383	2876	2.317656
1384	2861	2.305568
1385	2861	2.305568
1386	2853	2.299121
1387	2876	2.317656
1388	2853	2.299121
1389	2861	2.305568
1390	2861	2.305568
1391	2861	2.305568
1392	2861	2.305568
1393	2861	2.305568
1394	2853	2.299121
1395	2861	2.305568
1396	2861	2.305568
1397	2860	2.304762
1398	2876	2.317656
1399	2861	2.305568
1400	2861	2.305568
1401	2861	2.305568
1402	2861	2.305568
1403	2860	2.304762
1404	2861	2.305568
1405	2876	2.317656
1406	2861	2.305568
1407	2861	2.305568
1408	2869	2.312015
1409	2860	2.304762
1410	2876	2.317656
1411	2861	2.305568
1412	2861	2.305568
1413	2861	2.305568
1414	2869	2.312015
1415	2861	2.305568
1416	2876	2.317656
1417	2861	2.305568
1418	2861	2.305568
1419	2861	2.305568
1420	2861	2.305568
1421	2861	2.305568
1422	2877	2.318462
1423	2876	2.317656
1424	2876	2.317656
1425	2877	2.318462
1426	2869	2.312015
1427	2877	2.318462
1428	2861	2.305568
1429	2861	2.305568
1430	2861	2.305568
1431	2861	2.305568
1432	2876	2.317656
1433	2863	2.307179
1434	2877	2.318462
1435	2863	2.307179
1436	2876	2.317656
1437	2877	2.318462
1438	2876	2.317656
1439	2863	2.307179
1440	2861	2.305568
1441	2876	2.317656
1442	2876	2.317656
1443	2869	2.312015
1444	2861	2.305568
1445	2861	2.305568
1446	2877	2.318462
1447	2884	2.324103
1448	2877	2.318462
1449	2876	2.317656
1450	2876	2.317656
1451	2885	2.324908
1452	2869	2.312015
1453	2885	2.324908
1454	2877	2.318462
1455	2861	2.305568
1456	2877	2.318462
1457	2869	2.312015
1458	2877	2.318462
1459	2863	2.307179
1460	2863	2.307179
1461	2877	2.318462
1462	2885	2.324908
1463	2885	2.324908
1464	2885	2.324908
1465	2876	2.317656
1466	2884	2.324103
1467	2877	2.318462
1468	2877	2.318462
1469	2884	2.324103
1470	2876	2.317656
1471	2884	2.324103
1472	2877	2.318462
1473	2876	2.317656
1474	2893	2.331355
1475	2876	2.317656
1476	2876	2.317656
1477	2869	2.312015
1478	2877	2.318462
1479	2876	2.317656
1480	2884	2.324103
1481	2877	2.318462
1482	2876	2.317656
1483	2877	2.318462
1484	2877	2.318462
1485	2877	2.318462
1486	2876	2.317656
1487	2877	2.318462
1488	2877	2.318462
1489	2885	2.324908
1490	2876	2.317656
1491	2884	2.324103
1492	2877	2.318462
1493	2876	2.317656
1494	2876	2.317656
1495	2863	2.307179
1496	2884	2.324103
1497	2884	2.324103
1498	2893	2.331355
1499	2884	2.324103
1500	2884	2.324103
1501	2884	2.324103
1502	2884	2.324103
1503	2892	2.330549
1504	2893	2.331355
1505	2884	2.324103
1506	2877	2.318462
1507	2877	2.318462
1508	2876	2.317656
1509	2877	2.318462
1510	2884	2.324103
1511	2885	2.324908
1512	2876	2.317656
1513	2877	2.318462
1514	2884	2.324103
1515	2884	2.324103
1516	2876	2.317656
1517	2885	2.324908
1518	2877	2.318462
1519	2877	2.318462
1520	2884	2.324103
1521	2884	2.324103
1522	2892	2.330549
1523	2892	2.330549
1524	2876	2.317656
1525	2892	2.330549
1526	2885	2.324908
1527	2884	2.324103
1528	2893	2.331355
1529	2861	2.305568
1530	2876	2.317656
1531	2892	2.330549
1532	2869	2.312015
1533	2892	2.330549
1534	2885	2.324908
1535	2885	2.324908
1536	2876	2.317656
1537	2877	2.318462
1538	2861	2.305568
1539	2869	2.312015
1540	2884	2.324103
1541	2869	2.312015
1542	2885	2.324908
1543	2892	2.330549
1544	2884	2.324103
1545	2869	2.312015
1546	2876	2.317656
1547	2885	2.324908
1548	2877	2.318462
1549	2869	2.312015
1550	2884	2.324103
1551	2884	2.324103
1552	2877	2.318462
1553	2877	2.318462
1554	2877	2.318462
1555	2877	2.318462
1556	2877	2.318462
1557	2884	2.324103
1558	2876	2.317656
1559	2861	2.305568
1560	2876	2.317656
1561	2884	2.324103
1562	2876	2.317656
1563	2861	2.305568
1564	2892	2.330549
1565	2877	2.318462
1566	2863	2.307179
1567	2884	2.324103
1568	2876	2.317656
1569	2884	2.324103
1570	2876	2.317656
1571	2861	2.305568
1572	2877	2.318462
1573	2876	2.317656
1574	2876	2.317656
1575	2876	2.317656
1576	2861	2.305568
1577	2884	2.324103
1578	2877	2.318462
1579	2869	2.312015
1580	2863	2.307179
1581	2876	2.317656
1582	2876	2.317656
1583	2876	2.317656
1584	2892	2.330549
1585	2876	2.317656
1586	2861	2.305568
1587	2876	2.317656
1588	2876	2.317656
1589	2877	2.318462
1590	2861	2.305568
1591	2861	2.305568
1592	2877	2.318462
1593	2876	2.317656
1594	2861	2.305568
1595	2869	2.312015
1596	2877	2.318462
1597	2861	2.305568
1598	2863	2.307179
1599	2877	2.318462
1600	2876	2.317656
1601	2876	2.317656
1602	2877	2.318462
1603	2861	2.305568
1604	2877	2.318462
1605	2877	2.318462
1606	2876	2.317656
1607	2876	2.317656
1608	2877	2.318462
1609	2869	2.312015
1610	2861	2.305568
1611	2876	2.317656
1612	2876	2.317656
1613	2861	2.305568
1614	2876	2.317656
1615	2877	2.318462
1616	2876	2.317656
1617	2876	2.317656
1618	2861	2.305568
1619	2876	2.317656
1620	2861	2.305568
1621	2860	2.304762
1622	2876	2.317656
1623	2860	2.304762
1624	2861	2.305568
1625	2861	2.305568
1626	2861	2.305568
1627	2863	2.307179
1628	2869	2.312015
1629	2876	2.317656
1630	2876	2.317656
1631	2860	2.304762
1632	2861	2.305568
1633	2861	2.305568
1634	2877	2.318462
1635	2861	2.305568
1636	2861	2.305568
1637	2861	2.305568
1638	2853	2.299121
1639	2861	2.305568
1640	2860	2.304762
1641	2861	2.305568
1642	2861	2.305568
1643	2861	2.305568
1644	2860	2.304762
1645	2861	2.305568
1646	2861	2.305568
1647	2860	2.304762
1648	2845	2.292674
1649	2861	2.305568
1650	2860	2.304762
1651	2860	2.304762
1652	2877	2.318462
1653	2853	2.299121
1654	2860	2.304762
1655	2861	2.305568
1656	2853	2.299121
1657	2852	2.298315
1658	2853	2.299121
1659	2869	2.312015
1660	2860	2.304762
1661	2861	2.305568
1662	2861	2.305568
1663	2860	2.304762
1664	2860	2.304762
1665	2853	2.299121
1666	2852	2.298315
1667	2860	2.304762
1668	2845	2.292674
1669	2853	2.299121
1670	2860	2.304762
1671	2860	2.304762
1672	2860	2.304762
1673	2853	2.299121
1674	2852	2.298315
1675	2828	2.278974
1676	2852	2.298315
1677	2844	2.291868
1678	2844	2.291868
1679	2852	2.298315
1680	2860	2.304762
1681	2845	2.292674
1682	2860	2.304762
1683	2852	2.298315
1684	2860	2.304762
1685	2853	2.299121
1686	2852	2.298315
1687	2845	2.292674
1688	2845	2.292674
1689	2845	2.292674
1690	2853	2.299121
1691	2845	2.292674
1692	2845	2.292674
1693	2845	2.292674
1694	2844	2.291868
1695	2852	2.298315
1696	2845	2.292674
1697	2845	2.292674
1698	2853	2.299121
1699	2845	2.292674
1700	2860	2.304762
1701	2829	2.279780
1702	2837	2.286227
1703	2844	2.291868
1704	2831	2.281392
1705	2852	2.298315
1706	2844	2.291868
1707	2845	2.292674
1708	2844	2.291868
1709	2844	2.291868
1710	2844	2.291868
1711	2844	2.291868
1712	2829	2.279780
1713	2828	2.278974
1714	2844	2.291868
1715	2829	2.279780
1716	2829	2.279780
1717	2829	2.279780
1718	2829	2.279780
1719	2829	2.279780
1720	2829	2.279780
1721	2828	2.278974
1722	2844	2.291868
1723	2828	2.278974
1724	2829	2.279780
1725	2828	2.278974
1726	2829	2.279780
1727	2828	2.278974
1728	2829	2.279780
1729	2820	2.272527
1730	2820	2.272527
1731	2829	2.279780
1732	2831	2.281392
1733	2828	2.278974
1734	2828	2.278974
1735	2812	2.266081
1736	2828	2.278974
1737	2828	2.278974
1738	2828	2.278974
1739	2820	2.272527
1740	2828	2.278974
1741	2828	2.278974
1742	2821	2.273333
1743	2820	2.272527
1744	2828	2.278974
1745	2821	2.273333
1746	2812	2.266081
1747	2821	2.273333
1748	2805	2.260440
1749	2812	2.266081
1750	2820	2.272527
1751	2820	2.272527
1752	2812	2.266081
1753	2799	2.255604
1754	2805	2.260440
1755	2812	2.266081
1756	2812	2.266081
1757	2805	2.260440
1758	2820	2.272527
1759	2820	2.272527
1760	2813	2.266886
1761	2797	2.253993
1762	2797	2.253993
1763	2797	2.253993
1764	2812	2.266081
1765	2820	2.272527
1766	2812	2.266081
1767	2812	2.266081
1768	2797	2.253993
1769	2797	2.253993
1770	2812	2.266081
1771	2797	2.253993
1772	2796	2.253187
1773	2788	2.246740
1774	2797	2.253993
1775	2789	2.247546
1776	2796	2.253187
1777	2796	2.253187
1778	2797	2.253993
1779	2797	2.253993
1780	2796	2.253187
1781	2796	2.253187
1782	2789	2.247546
1783	2788	2.246740
1784	2789	2.247546
1785	2781	2.241099
1786	2788	2.246740
1787	2780	2.240293
1788	2788	2.246740
1789	2781	2.241099
1790	2780	2.240293
1791	2789	2.247546
1792	2788	2.246740
1793	2788	2.246740
1794	2780	2.240293
1795	2780	2.240293
1796	2781	2.241099
1797	2780	2.240293
1798	2773	2.234652
1799	2788	2.246740
1800	2780	2.240293
1801	2764	2.227399
1802	2764	2.227399
1803	2788	2.246740
1804	2773	2.234652
1805	2780	2.240293
1806	2780	2.240293
1807	2765	2.228205
1808	2765	2.228205
1809	2757	2.221758
1810	2756	2.220952
1811	2765	2.228205
1812	2765	2.228205
1813	2764	2.227399
1814	2764	2.227399
1815	2757	2.221758
1816	2764	2.227399
1817	2764	2.227399
1818	2764	2.227399
1819	2756	2.220952
1820	2756	2.220952
1821	2756	2.220952
1822	2764	2.227399
1823	2749	2.215311
1824	2741	2.208864
1825	2756	2.220952
1826	2756	2.220952
1827	2748	2.214505
1828	2749	2.215311
1829	2749	2.215311
1830	2749	2.215311
1831	2756	2.220952
1832	2748	2.214505
1833	2735	2.204029
1834	2748	2.214505
1835	2748	2.214505
1836	2733	2.202418
1837	2741	2.208864
1838	2756	2.220952
1839	2733	2.202418
1840	2732	2.201612
1841	2732	2.201612
1842	2732	2.201612
1843	2735	2.204029
1844	2733	2.202418
1845	2724	2.195165
1846	2732	2.201612
1847	2732	2.201612
1848	2724	2.195165
1849	2724	2.195165
1850	2732	2.201612
1851	2724	2.195165
1852	2732	2.201612
1853	2716	2.188718
1854	2732	2.201612
1855	2733	2.202418
1856	2725	2.195971
1857	2709	2.183077
1858	2724	2.195165
1859	2724	2.195165
1860	2716	2.188718
1861	2716	2.188718
1862	2717	2.189524
1863	2716	2.188718
1864	2724	2.195165
1865	2701	2.176630
1866	2701	2.176630
1867	2709	2.183077
1868	2700	2.175824
1869	2700	2.175824
1870	2701	2.176630
1871	2701	2.176630
1872	2701	2.176630
1873	2701	2.176630
1874	2716	2.188718
1875	2685	2.163736
1876	2693	2.170183
1877	2701	2.176630
1878	2700	2.175824
1879	2693	2.170183
1880	2700	2.175824
1881	2685	2.163736
1882	2692	2.169377
1883	2692	2.169377
1884	2692	2.169377
1885	2684	2.162930
1886	2685	2.163736
1887	2685	2.163736
1888	2669	2.150842
1889	2669	2.150842
1890	2685	2.163736
1891	2669	2.150842
1892	2685	2.163736
1893	2671	2.152454
1894	2669	2.150842
1895	2684	2.162930
1896	2661	2.144396
1897	2660	2.143590
1898	2668	2.150037
1899	2668	2.150037
1900	2685	2.163736
1901	2668	2.150037
1902	2669	2.150842
1903	2660	2.143590
1904	2668	2.150037
1905	2669	2.150842
1906	2660	2.143590
1907	2652	2.137143
1908	2669	2.150842
1909	2668	2.150037
1910	2652	2.137143
1911	2653	2.137949
1912	2661	2.144396
1913	2652	2.137143
1914	2660	2.143590
1915	2637	2.125055
1916	2645	2.131502
1917	2660	2.143590
1918	2653	2.137949
1919	2652	2.137143
1920	2645	2.131502
1921	2661	2.144396
1922	2637	2.125055
1923	2629	2.118608
1924	2645	2.131502
1925	2637	2.125055
1926	2637	2.125055
1927	2637	2.125055
1928	2628	2.117802
1929	2628	2.117802
1930	2636	2.124249
1931	2636	2.124249
1932	2637	2.125055
1933	2636	2.124249
1934	2620	2.111355
1935	2628	2.117802
1936	2621	2.112161
1937	2613	2.105714
1938	2628	2.117802
1939	2621	2.112161
1940	2605	2.099267
1941	2629	2.118608
1942	2620	2.111355
1943	2621	2.112161
1944	2620	2.111355
1945	2605	2.099267
1946	2620	2.111355
1947	2605	2.099267
1948	2605	2.099267
1949	2620	2.111355
1950	2605	2.099267
1951	2597	2.092821
1952	2621	2.112161
1953	2605	2.099267
1954	2605	2.099267
1955	2605	2.099267
1956	2605	2.099267
1957	2589	2.086374
1958	2596	2.092015
1959	2604	2.098462
1960	2604	2.098462
1961	2588	2.085568
1962	2596	2.092015
1963	2588	2.085568
1964	2604	2.098462
1965	2588	2.085568
1966	2588	2.085568
1967	2589	2.086374
1968	2588	2.085568
1969	2589	2.086374
1970	2589	2.086374
1971	2589	2.086374
1972	2596	2.092015
1973	2588	2.085568
1974	2588	2.085568
1975	2589	2.086374
1976	2572	2.072674
1977	2573	2.073480
1978	2589	2.086374
1979	2581	2.079927
1980	2573	2.073480
1981	2573	2.073480
1982	2565	2.067033
1983	2588	2.085568
1984	2565	2.067033
1985	2572	2.072674
1986	2572	2.072674
1987	2575	2.075092
1988	2581	2.079927
1989	2565	2.067033
1990	2572	2.072674
1991	2565	2.067033
1992	2549	2.054139
1993	2557	2.060586
1994	2565	2.067033
1995	2565	2.067033
1996	2556	2.059780
1997	2557	2.060586
1998	2549	2.054139
1999	2557	2.060586
2000	2541	2.047692
2001	2572	2.072674
2002	2549	2.054139
2003	2556	2.059780
2004	2556	2.059780
2005	2549	2.054139
2006	2557	2.060586
2007	2543	2.049304
2008	2540	2.046886
2009	2541	2.047692
2010	2557	2.060586
2011	2556	2.059780
2012	2556	2.059780
2013	2556	2.059780
2014	2556	2.059780
2015	2541	2.047692
2016	2541	2.047692
2017	2556	2.059780
2018	2543	2.049304
2019	2540	2.046886
2020	2532	2.040440
2021	2540	2.046886
2022	2541	2.047692
2023	2541	2.047692
2024	2532	2.040440
2025	2533	2.041245
2026	2525	2.034799
2027	2532	2.040440
2028	2525	2.034799
2029	2525	2.034799
2030	2533	2.041245
2031	2532	2.040440
2032	2533	2.041245
2033	2532	2.040440
2034	2533	2.041245
2035	2532	2.040440
2036	2525	2.034799
2037	2525	2.034799
2038	2532	2.040440
2039	2524	2.033993
2040	2533	2.041245
2041	2525	2.034799
2042	2525	2.034799
2043	2525	2.034799
2044	2511	2.023516
2045	2524	2.033993
2046	2509	2.021905
2047	2509	2.021905
2048	2525	2.034799
2049	2509	2.021905
2050	2533	2.041245
2051	2508	2.021099
2052	2533	2.041245
2053	2511	2.023516
2054	2525	2.034799
2055	2524	2.033993
2056	2524	2.033993
2057	2524	2.033993
2058	2524	2.033993
2059	2511	2.023516
2060	2509	2.021905
2061	2509	2.021905
2062	2508	2.021099
2063	2517	2.028352
2064	2509	2.021905
2065	2509	2.021905
2066	2509	2.021905
2067	2509	2.021905
2068	2509	2.021905
2069	2524	2.033993
2070	2509	2.021905
2071	2509	2.021905
2072	2517	2.028352
2073	2509	2.021905
2074	2509	2.021905
2075	2508	2.021099
2076	2509	2.021905
2077	2509	2.021905
2078	2501	2.015458
2079	2508	2.021099
2080	2509	2.021905
2081	2508	2.021099
2082	2509	2.021905
2083	2511	2.023516
2084	2509	2.021905
2085	2509	2.021905
2086	2517	2.028352
2087	2508	2.021099
2088	2509	2.021905
2089	2524	2.033993
2090	2511	2.023516
2091	2524	2.033993
2092	2511	2.023516
2093	2524	2.033993
2094	2509	2.021905
2095	2525	2.034799
2096	2508	2.021099
2097	2525	2.034799
2098	2509	2.021905
2099	2517	2.028352
2100	2525	2.034799
2101	2524	2.033993
2102	2533	2.041245
2103	2517	2.028352
2104	2509	2.021905
2105	2524	2.033993
2106	2524	2.033993
2107	2525	2.034799
2108	2517	2.028352
2109	2533	2.041245
2110	2533	2.041245
2111	2540	2.046886
2112	2533	2.041245
2113	2524	2.033993
2114	2540	2.046886
2115	2540	2.046886
2116	2541	2.047692
2117	2540	2.046886
2118	2532	2.040440
2119	2533	2.041245
2120	2540	2.046886
2121	2540	2.046886
2122	2541	2.047692
2123	2540	2.046886
2124	2549	2.054139
2125	2540	2.046886
2126	2541	2.047692
2127	2541	2.047692
2128	2541	2.047692
2129	2541	2.047692
2130	2556	2.059780
2131	2541	2.047692
2132	2541	2.047692
2133	2556	2.059780
2134	2557	2.060586
2135	2556	2.059780
2136	2557	2.060586
2137	2557	2.060586
2138	2557	2.060586
2139	2557	2.060586
2140	2573	2.073480
2141	2573	2.073480
2142	2557	2.060586
2143	2588	2.085568
2144	2572	2.072674
2145	2572	2.072674
2146	2573	2.073480
2147	2596	2.092015
2148	2596	2.092015
2149	2588	2.085568
2150	2575	2.075092
2151	2573	2.073480
2152	2588	2.085568
2153	2588	2.085568
2154	2581	2.079927
2155	2589	2.086374
2156	2573	2.073480
2157	2589	2.086374
2158	2589	2.086374
2159	2604	2.098462
2160	2605	2.099267
2161	2596	2.092015
2162	2596	2.092015
2163	2605	2.099267
2164	2597	2.092821
2165	2597	2.092821
2166	2604	2.098462
2167	2605	2.099267
2168	2605	2.099267
2169	2620	2.111355
2170	2620	2.111355
2171	2604	2.098462
2172	2613	2.105714
2173	2607	2.100879
2174	2605	2.099267
2175	2605	2.099267
2176	2628	2.117802
2177	2613	2.105714
2178	2621	2.112161
2179	2605	2.099267
2180	2621	2.112161
2181	2628	2.117802
2182	2620	2.111355
2183	2621	2.112161
2184	2636	2.124249
2185	2629	2.118608
2186	2637	2.125055
2187	2621	2.112161
2188	2621	2.112161
2189	2637	2.125055
2190	2637	2.125055
2191	2621	2.112161
2192	2628	2.117802
2193	2629	2.118608
2194	2637	2.125055
2195	2636	2.124249
2196	2636	2.124249
2197	2637	2.125055
2198	2652	2.137143
2199	2637	2.125055
2200	2637	2.125055
2201	2636	2.124249
2202	2637	2.125055
2203	2629	2.118608
2204	2637	2.125055
2205	2652	2.137143
2206	2637	2.125055
2207	2645	2.131502
2208	2652	2.137143
2209	2652	2.137143
2210	2637	2.125055
2211	2637	2.125055
2212	2652	2.137143
2213	2637	2.125055
2214	2637	2.125055
2215	2637	2.125055
2216	2637	2.125055
2217	2629	2.118608
2218	2637	2.125055
2219	2645	2.131502
2220	2645	2.131502
2221	2629	2.118608
2222	2652	2.137143
2223	2645	2.131502
2224	2637	2.125055
2225	2637	2.125055
2226	2637	2.125055
2227	2637	2.125055
2228	2637	2.125055
2229	2652	2.137143
2230	2636	2.124249
2231	2639	2.126667
2232	2652	2.137143
2233	2645	2.131502
2234	2637	2.125055
2235	2637	2.125055
2236	2637	2.125055
2237	2652	2.137143
2238	2637	2.125055
2239	2645	2.131502
2240	2636	2.124249
2241	2629	2.118608
2242	2637	2.125055
2243	2637	2.125055
2244	2637	2.125055
2245	2637	2.125055
2246	2637	2.125055
2247	2637	2.125055
2248	2628	2.117802
2249	2628	2.117802
2250	2636	2.124249
2251	2629	2.118608
2252	2636	2.124249
2253	2628	2.117802
2254	2645	2.131502
2255	2637	2.125055
2256	2621	2.112161
2257	2629	2.118608
2258	2636	2.124249
2259	2620	2.111355
2260	2636	2.124249
2261	2628	2.117802
2262	2621	2.112161
2263	2613	2.105714
2264	2605	2.099267
2265	2621	2.112161
2266	2613	2.105714
2267	2620	2.111355
2268	2613	2.105714
2269	2620	2.111355
2270	2605	2.099267
2271	2605	2.099267
2272	2620	2.111355
2273	2620	2.111355
2274	2607	2.100879
2275	2613	2.105714
2276	2605	2.099267
2277	2605	2.099267
2278	2605	2.099267
2279	2597	2.092821
2280	2604	2.098462
2281	2605	2.099267
2282	2605	2.099267
2283	2604	2.098462
2284	2605	2.099267
2285	2588	2.085568
2286	2596	2.092015
2287	2588	2.085568
2288	2588	2.085568
2289	2581	2.079927
2290	2596	2.092015
2291	2581	2.079927
2292	2597	2.092821
2293	2589	2.086374
2294	2588	2.085568
2295	2589	2.086374
2296	2557	2.060586
2297	2565	2.067033
2298	2565	2.067033
2299	2572	2.072674
2300	2573	2.073480
2301	2573	2.073480
2302	2557	2.060586
2303	2572	2.072674
2304	2557	2.060586
2305	2557	2.060586
2306	2565	2.067033
2307	2557	2.060586
2308	2556	2.059780
2309	2541	2.047692
2310	2557	2.060586
2311	2556	2.059780
2312	2541	2.047692
2313	2541	2.047692
2314	2541	2.047692
2315	2556	2.059780
2316	2541	2.047692
2317	2540	2.046886
2318	2541	2.047692
2319	2540	2.046886
2320	2541	2.047692
2321	2540	2.046886
2322	2533	2.041245
2323	2540	2.046886
2324	2541	2.047692
2325	2540	2.046886
2326	2541	2.047692
2327	2533	2.041245
2328	2532	2.040440
2329	2540	2.046886
2330	2532	2.040440
2331	2525	2.034799
2332	2540	2.046886
2333	2517	2.028352
2334	2540	2.046886
2335	2525	2.034799
2336	2525	2.034799
2337	2533	2.041245
2338	2525	2.034799
2339	2540	2.046886
2340	2532	2.040440
2341	2524	2.033993
2342	2532	2.040440
2343	2524	2.033993
2344	2540	2.046886
2345	2525	2.034799
2346	2540	2.046886
2347	2533	2.041245
2348	2532	2.040440
2349	2532	2.040440
2350	2541	2.047692
2351	2525	2.034799
2352	2532	2.040440
2353	2533	2.041245
2354	2525	2.034799
2355	2540	2.046886
2356	2540	2.046886
2357	2540	2.046886
2358	2540	2.046886
2359	2541	2.047692
2360	2556	2.059780
2361	2541	2.047692
2362	2557	2.060586
2363	2543	2.049304
2364	2541	2.047692
2365	2556	2.059780
2366	2557	2.060586
2367	2557	2.060586
2368	2549	2.054139
2369	2557	2.060586
2370	2565	2.067033
2371	2549	2.054139
2372	2565	2.067033
2373	2556	2.059780
2374	2565	2.067033
2375	2557	2.060586
2376	2557	2.060586
2377	2573	2.073480
2378	2572	2.072674
2379	2572	2.072674
2380	2581	2.079927
2381	2588	2.085568
2382	2575	2.075092
2383	2573	2.073480
2384	2581	2.079927
2385	2588	2.085568
2386	2589	2.086374
2387	2588	2.085568
2388	2588	2.085568
2389	2573	2.073480
2390	2573	2.073480
2391	2596	2.092015
2392	2621	2.112161
2393	2604	2.098462
2394	2604	2.098462
2395	2605	2.099267
2396	2605	2.099267
2397	2597	2.092821
2398	2604	2.098462
2399	2620	2.111355
2400	2605	2.099267
2401	2605	2.099267
2402	2621	2.112161
2403	2628	2.117802
2404	2628	2.117802
2405	2628	2.117802
2406	2636	2.124249
2407	2628	2.117802
2408	2621	2.112161
2409	2621	2.112161
2410	2621	2.112161
2411	2620	2.111355
2412	2636	2.124249
2413	2621	2.112161
2414	2628	2.117802
2415	2636	2.124249
2416	2637	2.125055
2417	2636	2.124249
2418	2636	2.124249
2419	2639	2.126667
2420	2652	2.137143
2421	2636	2.124249
2422	2636	2.124249
2423	2645	2.131502
2424	2637	2.125055
2425	2639	2.126667
2426	2645	2.131502
2427	2652	2.137143
2428	2652	2.137143
2429	2652	2.137143
2430	2652	2.137143
2431	2653	2.137949
2432	2661	2.144396
2433	2669	2.150842
2434	2668	2.150037
2435	2661	2.144396
2436	2653	2.137949
2437	2660	2.143590
2438	2668	2.150037
2439	2653	2.137949
2440	2668	2.150037
2441	2661	2.144396
2442	2660	2.143590
2443	2653	2.137949
2444	2669	2.150842
2445	2653	2.137949
2446	2653	2.137949
2447	2668	2.150037
2448	2652	2.137143
2449	2668	2.150037
2450	2668	2.150037
2451	2669	2.150842
2452	2669	2.150842
2453	2669	2.150842
2454	2669	2.150842
2455	2684	2.162930
2456	2668	2.150037
2457	2669	2.150842
2458	2668	2.150037
2459	2661	2.144396
2460	2669	2.150842
2461	2677	2.157289
2462	2669	2.150842
2463	2677	2.157289
2464	2684	2.162930
2465	2685	2.163736
2466	2685	2.163736
2467	2684	2.162930
2468	2684	2.162930
2469	2684	2.162930
2470	2692	2.169377
2471	2685	2.163736
2472	2692	2.169377
2473	2677	2.157289
2474	2692	2.169377
2475	2701	2.176630
2476	2684	2.162930
2477	2677	2.157289
2478	2685	2.163736
2479	2692	2.169377
2480	2684	2.162930
2481	2692	2.169377
2482	2692	2.169377
2483	2692	2.169377
2484	2701	2.176630
2485	2700	2.175824
2486	2700	2.175824
2487	2692	2.169377
2488	2701	2.176630
2489	2693	2.170183
2490	2700	2.175824
2491	2716	2.188718
2492	2701	2.176630
2493	2701	2.176630
2494	2701	2.176630
2495	2701	2.176630
2496	2701	2.176630
2497	2700	2.175824
2498	2717	2.189524
2499	2717	2.189524
2500	2716	2.188718
2501	2717	2.189524
2502	2733	2.202418
2503	2716	2.188718
2504	2733	2.202418
2505	2732	2.201612
2506	2717	2.189524
2507	2724	2.195165
2508	2733	2.202418
2509	2733	2.202418
2510	2724	2.195165
2511	2717	2.189524
2512	2717	2.189524
2513	2733	2.202418
2514	2732	2.201612
2515	2732	2.201612
2516	2735	2.204029
2517	2735	2.204029
2518	2733	2.202418
2519	2733	2.202418
2520	2748	2.214505
2521	2733	2.202418
2522	2764	2.227399
2523	2748	2.214505
2524	2748	2.214505
2525	2748	2.214505
2526	2735	2.204029
2527	2748	2.214505
2528	2748	2.214505
2529	2756	2.220952
2530	2741	2.208864
2531	2756	2.220952
2532	2748	2.214505
2533	2749	2.215311
2534	2733	2.202418
2535	2733	2.202418
2536	2748	2.214505
2537	2756	2.220952
2538	2748	2.214505
2539	2748	2.214505
2540	2749	2.215311
2541	2756	2.220952
2542	2757	2.221758
2543	2756	2.220952
2544	2757	2.221758
2545	2741	2.208864
2546	2764	2.227399
2547	2756	2.220952
2548	2765	2.228205
2549	2757	2.221758
2550	2765	2.228205
2551	2764	2.227399
2552	2765	2.228205
2553	2764	2.227399
2554	2765	2.228205
2555	2757	2.221758
2556	2765	2.228205
2557	2764	2.227399
2558	2765	2.228205
2559	2765	2.228205
2560	2765	2.228205
2561	2780	2.240293
2562	2773	2.234652
2563	2780	2.240293
2564	2780	2.240293
2565	2767	2.229817
2566	2796	2.253187
2567	2767	2.229817
2568	2781	2.241099
2569	2780	2.240293
2570	2788	2.246740
2571	2788	2.246740
2572	2780	2.240293
2573	2780	2.240293
2574	2773	2.234652
2575	2781	2.241099
2576	2780	2.240293
2577	2780	2.240293
2578	2780	2.240293
2579	2781	2.241099
2580	2765	2.228205
2581	2780	2.240293
2582	2781	2.241099
2583	2788	2.246740
2584	2797	2.253993
2585	2781	2.241099
2586	2788	2.246740
2587	2789	2.247546
2588	2780	2.240293
2589	2788	2.246740
2590	2781	2.241099
2591	2788	2.246740
2592	2797	2.253993
2593	2781	2.241099
2594	2797	2.253993
2595	2781	2.241099
2596	2797	2.253993
2597	2796	2.253187
2598	2797	2.253993
2599	2796	2.253187
2600	2789	2.247546
2601	2796	2.253187
2602	2797	2.253993
2603	2797	2.253993
2604	2805	2.260440
2605	2789	2.247546
2606	2812	2.266081
2607	2805	2.260440
2608	2797	2.253993
2609	2799	2.255604
2610	2796	2.253187
2611	2797	2.253993
2612	2812	2.266081
2613	2799	2.255604
2614	2812	2.266081
2615	2812	2.266081
2616	2813	2.266886
2617	2820	2.272527
2618	2812	2.266081
2619	2821	2.273333
2620	2813	2.266886
2621	2828	2.278974
2622	2828	2.278974
2623	2829	2.279780
2624	2821	2.273333
2625	2812	2.266081
2626	2828	2.278974
2627	2820	2.272527
2628	2820	2.272527
2629	2829	2.279780
2630	2837	2.286227
2631	2829	2.279780
2632	2829	2.279780
2633	2829	2.279780
2634	2829	2.279780
2635	2844	2.291868
2636	2821	2.273333
2637	2845	2.292674
2638	2829	2.279780
2639	2829	2.279780
2640	2852	2.298315
2641	2844	2.291868
2642	2829	2.279780
2643	2845	2.292674
2644	2831	2.281392
2645	2828	2.278974
2646	2837	2.286227
2647	2845	2.292674
2648	2837	2.286227
2649	2844	2.291868
2650	2860	2.304762
2651	2853	2.299121
2652	2860	2.304762
2653	2844	2.291868
2654	2861	2.305568
2655	2853	2.299121
2656	2853	2.299121
2657	2844	2.291868
2658	2852	2.298315
2659	2853	2.299121
2660	2860	2.304762
2661	2861	2.305568
2662	2852	2.298315
2663	2853	2.299121
2664	2853	2.299121
2665	2853	2.299121
2666	2861	2.305568
2667	2860	2.304762
2668	2860	2.304762
2669	2861	2.305568
2670	2860	2.304762
2671	2861	2.305568
2672	2860	2.304762
2673	2853	2.299121
2674	2861	2.305568
2675	2853	2.299121
2676	2861	2.305568
2677	2869	2.312015
2678	2861	2.305568
2679	2877	2.318462
2680	2860	2.304762
2681	2876	2.317656
2682	2861	2.305568
2683	2876	2.317656
2684	2861	2.305568
2685	2861	2.305568
2686	2861	2.305568
2687	2869	2.312015
2688	2877	2.318462
2689	2861	2.305568
2690	2876	2.317656
2691	2861	2.305568
2692	2853	2.299121
2693	2877	2.318462
2694	2885	2.324908
2695	2861	2.305568
2696	2877	2.318462
2697	2877	2.318462
2698	2876	2.317656
2699	2876	2.317656
2700	2861	2.305568
2701	2876	2.317656
2702	2884	2.324103
2703	2876	2.317656
2704	2884	2.324103
2705	2877	2.318462
2706	2877	2.318462
2707	2876	2.317656
2708	2884	2.324103
2709	2884	2.324103
2710	2892	2.330549
2711	2884	2.324103
2712	2893	2.331355
2713	2884	2.324103
2714	2877	2.318462
2715	2884	2.324103
2716	2892	2.330549
2717	2893	2.331355
2718	2884	2.324103
2719	2885	2.324908
2720	2892	2.330549
2721	2893	2.331355
2722	2893	2.331355
2723	2885	2.324908
2724	2884	2.324103
2725	2892	2.330549
2726	2892	2.330549
2727	2877	2.318462
2728	2901	2.337802
2729	2885	2.324908
2730	2892	2.330549
2731	2893	2.331355
2732	2885	2.324908
2733	2893	2.331355
2734	2892	2.330549
2735	2893	2.331355
2736	2893	2.331355
2737	2893	2.331355
2738	2908	2.343443
2739	2895	2.332967
2740	2892	2.330549
2741	2901	2.337802
2742	2892	2.330549
2743	2893	2.331355
2744	2893	2.331355
2745	2893	2.331355
2746	2893	2.331355
2747	2893	2.331355
2748	2893	2.331355
2749	2893	2.331355
2750	2909	2.344249
2751	2908	2.343443
2752	2908	2.343443
2753	2916	2.349890
2754	2893	2.331355
2755	2893	2.331355
2756	2893	2.331355
2757	2908	2.343443
2758	2908	2.343443
2759	2893	2.331355
2760	2893	2.331355
2761	2893	2.331355
2762	2908	2.343443
2763	2909	2.344249
2764	2909	2.344249
2765	2916	2.349890
2766	2917	2.350696
2767	2916	2.349890
2768	2916	2.349890
2769	2916	2.349890
2770	2916	2.349890
2771	2924	2.356337
2772	2916	2.349890
2773	2917	2.350696
2774	2927	2.358755
2775	2917	2.350696
2776	2925	2.357143
2777	2924	2.356337
2778	2916	2.349890
2779	2916	2.349890
2780	2917	2.350696
2781	2916	2.349890
2782	2925	2.357143
2783	2925	2.357143
2784	2916	2.349890
2785	2925	2.357143
2786	2925	2.357143
2787	2924	2.356337
2788	2925	2.357143
2789	2925	2.357143
2790	2940	2.369231
2791	2924	2.356337
2792	2925	2.357143
2793	2925	2.357143
2794	2933	2.363590
2795	2924	2.356337
2796	2924	2.356337
2797	2925	2.357143
2798	2933	2.363590
2799	2927	2.358755
2800	2925	2.357143
2801	2924	2.356337
2802	2925	2.357143
2803	2925	2.357143
2804	2925	2.357143
2805	2924	2.356337
2806	2925	2.357143
2807	2925	2.357143
2808	2925	2.357143
2809	2944	2.372454
2810	2933	2.363590
2811	2925	2.357143
2812	2940	2.369231
2813	2925	2.357143
2814	2933	2.363590
2815	2917	2.350696
2816	2924	2.356337
2817	2925	2.357143
2818	2941	2.370037
2819	2933	2.363590
2820	2933	2.363590
2821	2940	2.369231
2822	2940	2.369231
2823	2924	2.356337
2824	2925	2.357143
2825	2940	2.369231
2826	2925	2.357143
2827	2925	2.357143
2828	2948	2.375678
2829	2925	2.357143
2830	2940	2.369231
2831	2940	2.369231
2832	2956	2.382125
2833	2940	2.369231
2834	2948	2.375678
2835	2925	2.357143
2836	2940	2.369231
2837	2925	2.357143
2838	2933	2.363590
2839	2948	2.375678
2840	2940	2.369231
2841	2933	2.363590
2842	2949	2.376484
2843	2948	2.375678
2844	2949	2.376484
2845	2940	2.369231
2846	2948	2.375678
2847	2925	2.357143
2848	2944	2.372454
2849	2949	2.376484
2850	2948	2.375678
2851	2948	2.375678
2852	2948	2.375678
2853	2949	2.376484
2854	2948	2.375678
2855	2956	2.382125
2856	2948	2.375678
2857	2956	2.382125
2858	2957	2.382930
2859	2940	2.369231
2860	2948	2.375678
2861	2956	2.382125
2862	2948	2.375678
2863	2949	2.376484
2864	2956	2.382125
2865	2941	2.370037
2866	2957	2.382930
2867	2948	2.375678
2868	2956	2.382125
2869	2956	2.382125
2870	2948	2.375678
2871	2949	2.376484
2872	2956	2.382125
2873	2948	2.375678
2874	2957	2.382930
2875	2956	2.382125
2876	2957	2.382930
2877	2957	2.382930
2878	2957	2.382930
2879	2949	2.376484
2880	2949	2.376484
2881	2949	2.376484
2882	2957	2.382930
2883	2956	2.382125
2884	2956	2.382125
2885	2956	2.382125
2886	2956	2.382125
2887	2957	2.382930
2888	2948	2.375678
2889	2957	2.382930
2890	2957	2.382930
2891	2957	2.382930
2892	2957	2.382930
2893	2957	2.382930
2894	2949	2.376484
2895	2949	2.376484
2896	2956	2.382125
2897	2956	2.382125
2898	2948	2.375678
2899	2956	2.382125
2900	2948	2.375678
2901	2956	2.382125
2902	2957	2.382930
2903	2956	2.382125
2904	2957	2.382930
2905	2956	2.382125
2906	2957	2.382930
2907	2972	2.395018
2908	2957	2.382930
2909	2956	2.382125
2910	2956	2.382125
2911	2956	2.382125
2912	2948	2.375678
2913	2956	2.382125
2914	2959	2.384542
2915	2956	2.382125
2916	2957	2.382930
2917	2956	2.382125
2918	2957	2.382930
2919	2972	2.395018
2920	2957	2.382930
2921	2965	2.389377
2922	2957	2.382930
2923	2957	2.382930
2924	2957	2.382930
2925	2957	2.382930
2926	2957	2.382930
2927	2957	2.382930
2928	2965	2.389377
2929	2957	2.382930
2930	2965	2.389377
2931	2957	2.382930
2932	2965	2.389377
2933	2972	2.395018
2934	2973	2.395824
2935	2957	2.382930
2936	2972	2.395018
2937	2956	2.382125
2938	2956	2.382125
2939	2957	2.382930
2940	2957	2.382930
2941	2956	2.382125
2942	2957	2.382930
2943	2973	2.395824
2944	2959	2.384542
2945	2973	2.395824
2946	2957	2.382930
2947	2972	2.395018
2948	2972	2.395018
2949	2973	2.395824
2950	2973	2.395824
2951	2972	2.395018
2952	2980	2.401465
2953	2972	2.395018
2954	2973	2.395824
2955	2972	2.395018
2956	2973	2.395824
2957	2972	2.395018
2958	2980	2.401465
2959	2980	2.401465
2960	2965	2.389377
2961	2972	2.395018
2962	2972	2.395018
2963	2957	2.382930
2964	2972	2.395018
2965	2957	2.382930
2966	2973	2.395824
2967	2973	2.395824
2968	2973	2.395824
2969	2972	2.395018
2970	2973	2.395824
2971	2972	2.395018
2972	2988	2.407912
2973	2973	2.395824
2974	2972	2.395018
2975	2965	2.389377
2976	2972	2.395018
2977	2972	2.395018
2978	2980	2.401465
2979	2972	2.395018
2980	2973	2.395824
2981	2981	2.402271
2982	2988	2.407912
2983	2972	2.395018
2984	2980	2.401465
2985	2989	2.408718
2986	2973	2.395824
2987	2980	2.401465
2988	2981	2.402271
2989	2988	2.407912
2990	2988	2.407912
2991	2988	2.407912
2992	2980	2.401465
2993	2973	2.395824
2994	2980	2.401465
2995	2988	2.407912
2996	2973	2.395824
2997	2972	2.395018
2998	2972	2.395018
2999	2959	2.384542
3000	2980	2.401465
3001	2980	2.401465
3002	2980	2.401465
3003	2972	2.395018
3004	2973	2.395824
3005	2980	2.401465
3006	2972	2.395018
3007	2989	2.408718
3008	2980	2.401465
3009	2988	2.407912
3010	2972	2.395018
3011	2980	2.401465
3012	2980	2.401465
3013	2972	2.395018
3014	2973	2.395824
3015	2972	2.395018
3016	2973	2.395824
3017	2989	2.408718
3018	2980	2.401465
3019	2973	2.395824
3020	2981	2.402271
3021	2988	2.407912
3022	2972	2.395018
3023	2973	2.395824
3024	2988	2.407912
3025	2959	2.384542
3026	2988	2.407912
3027	2980	2.401465
3028	2988	2.407912
3029	2988	2.407912
3030	2980	2.401465
3031	2980	2.401465
3032	2980	2.401465
3033	2988	2.407912
3034	2988	2.407912
3035	2973	2.395824
3036	2988	2.407912
3037	2973	2.395824
3038	2988	2.407912
3039	2980	2.401465
3040	2989	2.408718
3041	2980	2.401465
3042	2988	2.407912
3043	2988	2.407912
3044	2988	2.407912
3045	2989	2.408718
3046	2980	2.401465
3047	2981	2.402271
3048	2980	2.401465
3049	2988	2.407912
3050	2988	2.407912
3051	2972	2.395018
3052	2989	2.408718
3053	2973	2.395824
3054	2972	2.395018
3055	2988	2.407912
3056	2988	2.407912
3057	2980	2.401465
3058	2980	2.401465
3059	2989	2.408718
3060	2988	2.407912
3061	2981	2.402271
3062	2988	2.407912
3063	2988	2.407912
3064	2997	2.415165
3065	2988	2.407912
3066	2981	2.402271
3067	2988	2.407912
3068	2973	2.395824
3069	2988	2.407912
3070	3004	2.420806
3071	2988	2.407912
3072	2988	2.407912
3073	2980	2.401465
3074	2988	2.407912
3075	2988	2.407912
3076	2988	2.407912
3077	2988	2.407912
3078	2980	2.401465
3079	2981	2.402271
3080	2980	2.401465
3081	2988	2.407912
3082	2989	2.408718
3083	2981	2.402271
3084	2981	2.402271
3085	2988	2.407912
3086	2988	2.407912
3087	2973	2.395824
3088	2980	2.401465
3089	2989	2.408718
3090	2988	2.407912
3091	2972	2.395018
3092	2988	2.407912
3093	2988	2.407912
3094	2989	2.408718
3095	2988	2.407912
3096	3004	2.420806
3097	2981	2.402271
3098	2989	2.408718
3099	2980	2.401465
3100	2980	2.401465
3101	2981	2.402271
3102	2980	2.401465
3103	2980	2.401465
3104	2988	2.407912
3105	2989	2.408718
3106	2988	2.407912
3107	2972	2.395018
3108	2989	2.408718
3109	2981	2.402271
3110	2988	2.407912
3111	2988	2.407912
3112	3004	2.420806
3113	2972	2.395018
3114	2980	2.401465
3115	2981	2.402271
3116	2989	2.408718
3117	2989	2.408718
3118	2980	2.401465
3119	2988	2.407912
3120	2989	2.408718
3121	2989	2.408718
3122	2989	2.408718
3123	2981	2.402271
3124	2973	2.395824
3125	2989	2.408718
3126	2988	2.407912
3127	2988	2.407912
3128	2989	2.408718
3129	2989	2.408718
3130	2989	2.408718
3131	2972	2.395018
3132	3004	2.420806
3133	2988	2.407912
3134	2989	2.408718
3135	2980	2.401465
3136	2989	2.408718
3137	2988	2.407912
3138	2989	2.408718
3139	2989	2.408718
3140	2988	2.407912
3141	2988	2.407912
3142	2988	2.407912
3143	2988	2.407912
3144	2981	2.402271
3145	2981	2.402271
3146	2989	2.408718
3147	2981	2.402271
3148	2989	2.408718
3149	2989	2.408718
3150	2988	2.407912
3151	2989	2.408718
3152	2988	2.407912
3153	2988	2.407912
3154	2988	2.407912
3155	2988	2.407912
3156	2989	2.408718
3157	2989	2.408718
3158	2989	2.408718
3159	2989	2.408718
3160	2989	2.408718
3161	2988	2.407912
3162	3005	2.421612
3163	3004	2.420806
3164	2989	2.408718
3165	2989	2.408718
3166	2989	2.408718
3167	2989	2.408718
3168	2989	2.408718
3169	2989	2.408718
3170	3005	2.421612
3171	2989	2.408718
3172	2989	2.408718
3173	2980	2.401465
3174	2981	2.402271
3175	2989	2.408718
3176	2989	2.408718
3177	2997	2.415165
3178	2988	2.407912
3179	2989	2.408718
3180	2989	2.408718
3181	2980	2.401465
3182	2989	2.408718
3183	2989	2.408718
3184	2989	2.408718
3185	2988	2.407912
3186	2989	2.408718
3187	2989	2.408718
3188	2988	2.407912
3189	2989	2.408718
3190	2988	2.407912
3191	2989	2.408718
3192	3004	2.420806
3193	2989	2.408718
3194	2989	2.408718
3195	2989	2.408718
3196	2989	2.408718
3197	2988	2.407912
3198	3004	2.420806
3199	2989	2.408718
3200	2988	2.407912
3201	2989	2.408718
3202	3004	2.420806
3203	2988	2.407912
3204	2989	2.408718
3205	2989	2.408718
3206	3004	2.420806
3207	2989	2.408718
3208	3004	2.420806
3209	2988	2.407912
3210	2989	2.408718
3211	2989	2.408718
3212	2989	2.408718
3213	2989	2.408718
3214	2989	2.408718
3215	2991	2.410330
3216	2989	2.408718
3217	3005	2.421612
3218	3005	2.421612
3219	2989	2.408718
3220	3004	2.420806
3221	3005	2.421612
3222	2989	2.408718
3223	2988	2.407912
3224	3005	2.421612
3225	2989	2.408718
3226	2997	2.415165
3227	2989	2.408718
3228	3004	2.420806
3229	2988	2.407912
3230	2989	2.408718
3231	2989	2.408718
3232	3004	2.420806
3233	2989	2.408718
3234	2989	2.408718
3235	2991	2.410330
3236	2989	2.408718
3237	2981	2.402271
3238	2988	2.407912
3239	2988	2.407912
3240	2989	2.408718
3241	2997	2.415165
3242	2989	2.408718
3243	2989	2.408718
3244	3004	2.420806
3245	2989	2.408718
3246	2989	2.408718
3247	3004	2.420806
3248	2988	2.407912
3249	2989	2.408718
3250	2997	2.415165
3251	2989	2.408718
3252	2989	2.408718
3253	3012	2.427253
3254	2989	2.408718
3255	2988	2.407912
3256	3004	2.420806
3257	3004	2.420806
3258	2989	2.408718
3259	2989	2.408718
3260	2989	2.408718
3261	2989	2.408718
3262	2988	2.407912
3263	2989	2.408718
3264	3004	2.420806
3265	2989	2.408718
3266	3004	2.420806
3267	3004	2.420806
3268	2989	2.408718
3269	2989	2.408718
3270	2981	2.402271
3271	2989	2.408718
3272	3004	2.420806
3273	2989	2.408718
3274	2989	2.408718
3275	3005	2.421612
3276	2989	2.408718
3277	3004	2.420806
3278	2989	2.408718
3279	3004	2.420806
3280	3004	2.420806
3281	2989	2.408718
3282	3004	2.420806
3283	2989	2.408718
3284	3012	2.427253
3285	2989	2.408718
3286	2989	2.408718
3287	3004	2.420806
3288	3005	2.421612
3289	2989	2.408718
3290	3004	2.420806
3291	2989	2.408718
3292	3005	2.421612
3293	3004	2.420806
3294	3005	2.421612
3295	2989	2.408718
3296	3004	2.420806
3297	3004	2.420806
3298	3012	2.427253
3299	3012	2.427253
3300	3004	2.420806
3301	3004	2.420806
3302	3004	2.420806
3303	2988	2.407912
3304	2997	2.415165
3305	2989	2.408718
3306	3005	2.421612
3307	2989	2.408718
3308	3013	2.428059
3309	2989	2.408718
3310	3005	2.421612
3311	3012	2.427253
3312	2989	2.408718
3313	2989	2.408718
3314	2991	2.410330
3315	3004	2.420806
3316	3005	2.421612
3317	2989	2.408718
3318	3005	2.421612
3319	2989	2.408718
3320	2989	2.408718
3321	2997	2.415165
3322	3013	2.428059
3323	3004	2.420806
3324	3004	2.420806
3325	2989	2.408718
3326	3004	2.420806
3327	2989	2.408718
3328	3004	2.420806
3329	2989	2.408718
3330	2991	2.410330
3331	3004	2.420806
3332	3005	2.421612
3333	3012	2.427253
3334	3004	2.420806
3335	3004	2.420806
3336	3004	2.420806
3337	3004	2.420806
3338	3004	2.420806
3339	3004	2.420806
3340	3004	2.420806
3341	3004	2.420806
3342	3013	2.428059
3343	3004	2.420806
3344	3012	2.427253
3345	2989	2.408718
3346	3012	2.427253
3347	3012	2.427253
3348	3012	2.427253
3349	3012	2.427253
3350	3004	2.420806
3351	2989	2.408718
3352	2997	2.415165
3353	3012	2.427253
3354	2989	2.408718
3355	3012	2.427253
3356	3005	2.421612
3357	3004	2.420806
3358	3004	2.420806
3359	3013	2.428059
3360	3004	2.420806
3361	3005	2.421612
3362	3004	2.420806
3363	3005	2.421612
3364	3004	2.420806
3365	3004	2.420806
3366	2989	2.408718
3367	3004	2.420806
3368	3004	2.420806
3369	3013	2.428059
3370	3012	2.427253
3371	3012	2.427253
3372	3013	2.428059
3373	3004	2.420806
3374	2989	2.408718
3375	3012	2.427253
3376	2988	2.407912
3377	3012	2.427253
3378	3005	2.421612
3379	3012	2.427253
3380	3012	2.427253
3381	3004	2.420806
3382	3005	2.421612
3383	3004	2.420806
3384	3004	2.420806
3385	3004	2.420806
3386	3004	2.420806
3387	3012	2.427253
3388	2989	2.408718
3389	3012	2.427253
3390	3005	2.421612
3391	2989	2.408718
3392	3004	2.420806
3393	2989	2.408718
3394	3005	2.421612
3395	3012	2.427253
3396	2989	2.408718
3397	2989	2.408718
3398	2989	2.408718
3399	3005	2.421612
3400	2989	2.408718
3401	2989	2.408718
3402	2997	2.415165
3403	3004	2.420806
3404	2988	2.407912
3405	3012	2.427253
3406	2989	2.408718
3407	3004	2.420806
3408	2989	2.408718
3409	3004	2.420806
3410	3004	2.420806
3411	3004	2.420806
3412	3005	2.421612
3413	3005	2.421612
3414	2989	2.408718
3415	3004	2.420806
3416	3004	2.420806
3417	2989	2.408718
3418	2989	2.408718
3419	2989	2.408718
3420	2989	2.408718
3421	3005	2.421612
3422	3004	2.420806
3423	3005	2.421612
3424	3004	2.420806
3425	2989	2.408718
3426	2989	2.408718
3427	3004	2.420806
3428	2989	2.408718
3429	2980	2.401465
3430	3004	2.420806
3431	2991	2.410330
3432	3004	2.420806
3433	3005	2.421612
3434	3005	2.421612
3435	3020	2.433700
3436	3005	2.421612
3437	2997	2.415165
3438	3004	2.420806
3439	2989	2.408718
3440	3004	2.420806
3441	2991	2.410330
3442	2991	2.410330
3443	3020	2.433700
3444	2989	2.408718
3445	2989	2.408718
3446	2989	2.408718
3447	3004	2.420806
3448	2991	2.410330
3449	2988	2.407912
3450	3004	2.420806
3451	2989	2.408718
3452	3005	2.421612
3453	2988	2.407912
3454	3012	2.427253
3455	3005	2.421612
3456	3004	2.420806
3457	3004	2.420806
3458	2997	2.415165
3459	2989	2.408718
3460	2997	2.415165
3461	2988	2.407912
3462	3004	2.420806
3463	3004	2.420806
3464	3004	2.420806
3465	2989	2.408718
3466	2997	2.415165
3467	3004	2.420806
3468	2989	2.408718
3469	2997	2.415165
3470	3004	2.420806
3471	3004	2.420806
3472	3004	2.420806
3473	3020	2.433700
3474	2989	2.408718
3475	2997	2.415165
3476	3004	2.420806
3477	2989	2.408718
3478	3012	2.427253
3479	2989	2.408718
3480	3004	2.420806
3481	2989	2.408718
3482	2989	2.408718
3483	2989	2.408718
3484	3004	2.420806
3485	2989	2.408718
3486	2991	2.410330
3487	2989	2.408718
3488	2989	2.408718
3489	2989	2.408718
3490	3004	2.420806
3491	2989	2.408718
3492	3004	2.420806
3493	2989	2.408718
3494	2988	2.407912
3495	3004	2.420806
3496	3004	2.420806
3497	2989	2.408718
3498	3004	2.420806
3499	2989	2.408718
3500	2989	2.408718
3501	2988	2.407912
3502	2997	2.415165
3503	2989	2.408718
3504	3004	2.420806
3505	2989	2.408718
3506	2988	2.407912
3507	2991	2.410330
3508	2991	2.410330
3509	3004	2.420806
3510	2997	2.415165
3511	2989	2.408718
3512	3004	2.420806
3513	2989	2.408718
3514	2980	2.401465
3515	2989	2.408718
3516	2988	2.407912
3517	2989	2.408718
3518	2989	2.408718
3519	2989	2.408718
3520	2991	2.410330
3521	2989	2.408718
3522	2989	2.408718
3523	2989	2.408718
3524	2989	2.408718
3525	2989	2.408718
3526	2980	2.401465
3527	2989	2.408718
3528	2980	2.401465
3529	2988	2.407912
3530	2989	2.408718
3531	2988	2.407912
3532	2989	2.408718
3533	2988	2.407912
3534	2988	2.407912
3535	2989	2.408718
3536	2989	2.408718
3537	2989	2.408718
3538	2981	2.402271
3539	3004	2.420806
3540	2988	2.407912
3541	2980	2.401465
3542	2988	2.407912
3543	2980	2.401465
3544	2989	2.408718
3545	2988	2.407912
3546	2988	2.407912
3547	2989	2.408718
3548	2988	2.407912
3549	2988	2.407912
3550	2989	2.408718
3551	2981	2.402271
3552	2989	2.408718
3553	2988	2.407912
3554	2989	2.408718
3555	2988	2.407912
3556	2989	2.408718
3557	2989	2.408718
3558	2980	2.401465
3559	2988	2.407912
3560	2980	2.401465
3561	2973	2.395824
3562	2980	2.401465
3563	2988	2.407912
3564	2980	2.401465
3565	2980	2.401465
3566	2989	2.408718
3567	2980	2.401465
3568	2980	2.401465
3569	2980	2.401465
3570	2989	2.408718
3571	2980	2.401465
3572	2973	2.395824
3573	2972	2.395018
3574	2973	2.395824
3575	2973	2.395824
3576	2972	2.395018
3577	2988	2.407912
3578	2972	2.395018
3579	2973	2.395824
3580	2972	2.395018
3581	2972	2.395018
3582	2972	2.395018
3583	2957	2.382930
3584	2972	2.395018
3585	2980	2.401465
3586	2972	2.395018
3587	2973	2.395824
3588	2957	2.382930
3589	2972	2.395018
3590	2980	2.401465
3591	2973	2.395824
3592	2972	2.395018
3593	2980	2.401465
3594	2965	2.389377
3595	2980	2.401465
3596	2973	2.395824
3597	2972	2.395018
3598	2972	2.395018
3599	2973	2.395824
3600	2972	2.395018
3601	2965	2.389377
3602	2957	2.382930
3603	2957	2.382930
3604	2972	2.395018
3605	2980	2.401465
3606	2973	2.395824
3607	2957	2.382930
3608	2972	2.395018
3609	2948	2.375678
3610	2965	2.389377
3611	2972	2.395018
3612	2957	2.382930
3613	2957	2.382930
3614	2972	2.395018
3615	2956	2.382125
3616	2972	2.395018
3617	2957	2.382930
3618	2972	2.395018
3619	2957	2.382930
3620	2957	2.382930
3621	2957	2.382930
3622	2957	2.382930
3623	2957	2.382930
3624	2972	2.395018
3625	2957	2.382930
3626	2972	2.395018
3627	2957	2.382930
3628	2959	2.384542
3629	2957	2.382930
3630	2957	2.382930
3631	2948	2.375678
3632	2957	2.382930
3633	2973	2.395824
3634	2956	2.382125
3635	2957	2.382930
3636	2972	2.395018
3637	2957	2.382930
3638	2948	2.375678
3639	2957	2.382930
3640	2973	2.395824
3641	2957	2.382930
3642	2956	2.382125
3643	2957	2.382930
3644	2956	2.382125
3645	2957	2.382930
3646	2957	2.382930
3647	2956	2.382125
