Pixel	ADC	VoltageV
1	3935	3.171062
2	3933	3.169451
3	3932	3.168645
4	3925	3.163004
5	3927	3.164615
6	3927	3.164615
7	3927	3.164615
8	3926	3.163810
9	3924	3.162198
10	3927	3.164615
11	3924	3.162198
12	3927	3.164615
13	3925	3.163004
14	3927	3.164615
15	3926	3.163810
16	3924	3.162198
17	3165	2.550549
18	2565	2.067033
19	2588	2.085568
20	2589	2.086374
21	2597	2.092821
22	2599	2.094432
23	2596	2.092015
24	2588	2.085568
25	2596	2.092015
26	2596	2.092015
27	2596	2.092015
28	2596	2.092015
29	2581	2.079927
30	2590	2.087179
31	2596	2.092015
32	2599	2.094432
33	2596	2.092015
34	2582	2.080733
35	2596	2.092015
36	2591	2.087985
37	2598	2.093626
38	2597	2.092821
39	2589	2.086374
40	2608	2.101685
41	2604	2.098462
42	2599	2.094432
43	2583	2.081538
44	2591	2.087985
45	2597	2.092821
46	2608	2.101685
47	2596	2.092015
48	2599	2.094432
49	2589	2.086374
50	2612	2.104908
51	2596	2.092015
52	2597	2.092821
53	2597	2.092821
54	2583	2.081538
55	2608	2.101685
56	2604	2.098462
57	2608	2.101685
58	2613	2.105714
59	2604	2.098462
60	2615	2.107326
61	2612	2.104908
62	2624	2.114579
63	2591	2.087985
64	2612	2.104908
65	2608	2.101685
66	2599	2.094432
67	2609	2.102491
68	2597	2.092821
69	2608	2.101685
70	2599	2.094432
71	2599	2.094432
72	2604	2.098462
73	2599	2.094432
74	2588	2.085568
75	2608	2.101685
76	2599	2.094432
77	2599	2.094432
78	2591	2.087985
79	2597	2.092821
80	2588	2.085568
81	2604	2.098462
82	2591	2.087985
83	2583	2.081538
84	2599	2.094432
85	2599	2.094432
86	2596	2.092015
87	2599	2.094432
88	2599	2.094432
89	2596	2.092015
90	2598	2.093626
91	2599	2.094432
92	2597	2.092821
93	2604	2.098462
94	2597	2.092821
95	2599	2.094432
96	2604	2.098462
97	2599	2.094432
98	2588	2.085568
99	2596	2.092015
100	2596	2.092015
101	2597	2.092821
102	2609	2.102491
103	2590	2.087179
104	2596	2.092015
105	2597	2.092821
106	2613	2.105714
107	2608	2.101685
108	2609	2.102491
109	2608	2.101685
110	2624	2.114579
111	2612	2.104908
112	2597	2.092821
113	2599	2.094432
114	2599	2.094432
115	2599	2.094432
116	2608	2.101685
117	2598	2.093626
118	2609	2.102491
119	2604	2.098462
120	2589	2.086374
121	2593	2.089597
122	2608	2.101685
123	2608	2.101685
124	2591	2.087985
125	2604	2.098462
126	2596	2.092015
127	2598	2.093626
128	2597	2.092821
129	2597	2.092821
130	2608	2.101685
131	2589	2.086374
132	2597	2.092821
133	2596	2.092015
134	2597	2.092821
135	2591	2.087985
136	2591	2.087985
137	2596	2.092015
138	2604	2.098462
139	2599	2.094432
140	2599	2.094432
141	2608	2.101685
142	2599	2.094432
143	2596	2.092015
144	2609	2.102491
145	2604	2.098462
146	2608	2.101685
147	2599	2.094432
148	2593	2.089597
149	2596	2.092015
150	2589	2.086374
151	2597	2.092821
152	2588	2.085568
153	2608	2.101685
154	2612	2.104908
155	2615	2.107326
156	2608	2.101685
157	2599	2.094432
158	2613	2.105714
159	2608	2.101685
160	2597	2.092821
161	2604	2.098462
162	2608	2.101685
163	2608	2.101685
164	2612	2.104908
165	2599	2.094432
166	2613	2.105714
167	2608	2.101685
168	2608	2.101685
169	2599	2.094432
170	2604	2.098462
171	2624	2.114579
172	2609	2.102491
173	2612	2.104908
174	2608	2.101685
175	2597	2.092821
176	2613	2.105714
177	2604	2.098462
178	2612	2.104908
179	2599	2.094432
180	2608	2.101685
181	2612	2.104908
182	2612	2.104908
183	2608	2.101685
184	2624	2.114579
185	2599	2.094432
186	2613	2.105714
187	2614	2.106520
188	2615	2.107326
189	2608	2.101685
190	2612	2.104908
191	2608	2.101685
192	2613	2.105714
193	2612	2.104908
194	2599	2.094432
195	2612	2.104908
196	2615	2.107326
197	2599	2.094432
198	2609	2.102491
199	2613	2.105714
200	2624	2.114579
201	2591	2.087985
202	2613	2.105714
203	2612	2.104908
204	2599	2.094432
205	2599	2.094432
206	2599	2.094432
207	2612	2.104908
208	2593	2.089597
209	2599	2.094432
210	2615	2.107326
211	2608	2.101685
212	2599	2.094432
213	2599	2.094432
214	2624	2.114579
215	2615	2.107326
216	2608	2.101685
217	2598	2.093626
218	2604	2.098462
219	2599	2.094432
220	2599	2.094432
221	2612	2.104908
222	2608	2.101685
223	2612	2.104908
224	2609	2.102491
225	2615	2.107326
226	2604	2.098462
227	2596	2.092015
228	2608	2.101685
229	2615	2.107326
230	2609	2.102491
231	2608	2.101685
232	2609	2.102491
233	2613	2.105714
234	2583	2.081538
235	2598	2.093626
236	2599	2.094432
237	2597	2.092821
238	2612	2.104908
239	2605	2.099267
240	2612	2.104908
241	2608	2.101685
242	2613	2.105714
243	2604	2.098462
244	2599	2.094432
245	2604	2.098462
246	2608	2.101685
247	2608	2.101685
248	2608	2.101685
249	2608	2.101685
250	2608	2.101685
251	2608	2.101685
252	2624	2.114579
253	2609	2.102491
254	2613	2.105714
255	2583	2.081538
256	2608	2.101685
257	2624	2.114579
258	2615	2.107326
259	2608	2.101685
260	2599	2.094432
261	2624	2.114579
262	2612	2.104908
263	2608	2.101685
264	2613	2.105714
265	2612	2.104908
266	2612	2.104908
267	2624	2.114579
268	2598	2.093626
269	2599	2.094432
270	2608	2.101685
271	2612	2.104908
272	2608	2.101685
273	2612	2.104908
274	2624	2.114579
275	2612	2.104908
276	2624	2.114579
277	2599	2.094432
278	2604	2.098462
279	2608	2.101685
280	2614	2.106520
281	2604	2.098462
282	2612	2.104908
283	2599	2.094432
284	2608	2.101685
285	2608	2.101685
286	2596	2.092015
287	2605	2.099267
288	2624	2.114579
289	2612	2.104908
290	2612	2.104908
291	2604	2.098462
292	2615	2.107326
293	2596	2.092015
294	2615	2.107326
295	2604	2.098462
296	2613	2.105714
297	2608	2.101685
298	2608	2.101685
299	2604	2.098462
300	2612	2.104908
301	2628	2.117802
302	2604	2.098462
303	2608	2.101685
304	2612	2.104908
305	2612	2.104908
306	2612	2.104908
307	2625	2.115385
308	2615	2.107326
309	2624	2.114579
310	2624	2.114579
311	2599	2.094432
312	2612	2.104908
313	2614	2.106520
314	2624	2.114579
315	2624	2.114579
316	2628	2.117802
317	2608	2.101685
318	2625	2.115385
319	2631	2.120220
320	2613	2.105714
321	2608	2.101685
322	2612	2.104908
323	2628	2.117802
324	2609	2.102491
325	2624	2.114579
326	2615	2.107326
327	2609	2.102491
328	2615	2.107326
329	2609	2.102491
330	2624	2.114579
331	2608	2.101685
332	2624	2.114579
333	2624	2.114579
334	2608	2.101685
335	2615	2.107326
336	2608	2.101685
337	2624	2.114579
338	2624	2.114579
339	2624	2.114579
340	2608	2.101685
341	2624	2.114579
342	2624	2.114579
343	2615	2.107326
344	2624	2.114579
345	2624	2.114579
346	2614	2.106520
347	2624	2.114579
348	2629	2.118608
349	2613	2.105714
350	2612	2.104908
351	2624	2.114579
352	2613	2.105714
353	2615	2.107326
354	2624	2.114579
355	2612	2.104908
356	2624	2.114579
357	2624	2.114579
358	2624	2.114579
359	2615	2.107326
360	2612	2.104908
361	2608	2.101685
362	2628	2.117802
363	2624	2.114579
364	2609	2.102491
365	2624	2.114579
366	2615	2.107326
367	2624	2.114579
368	2624	2.114579
369	2615	2.107326
370	2629	2.118608
371	2624	2.114579
372	2624	2.114579
373	2631	2.120220
374	2631	2.120220
375	2624	2.114579
376	2624	2.114579
377	2624	2.114579
378	2628	2.117802
379	2612	2.104908
380	2624	2.114579
381	2612	2.104908
382	2624	2.114579
383	2614	2.106520
384	2613	2.105714
385	2624	2.114579
386	2624	2.114579
387	2628	2.117802
388	2612	2.104908
389	2624	2.114579
390	2612	2.104908
391	2609	2.102491
392	2613	2.105714
393	2615	2.107326
394	2624	2.114579
395	2608	2.101685
396	2612	2.104908
397	2624	2.114579
398	2624	2.114579
399	2613	2.105714
400	2629	2.118608
401	2608	2.101685
402	2640	2.127473
403	2624	2.114579
404	2628	2.117802
405	2624	2.114579
406	2624	2.114579
407	2599	2.094432
408	2624	2.114579
409	2624	2.114579
410	2625	2.115385
411	2624	2.114579
412	2624	2.114579
413	2624	2.114579
414	2624	2.114579
415	2615	2.107326
416	2615	2.107326
417	2628	2.117802
418	2624	2.114579
419	2629	2.118608
420	2631	2.120220
421	2624	2.114579
422	2624	2.114579
423	2624	2.114579
424	2624	2.114579
425	2630	2.119414
426	2628	2.117802
427	2628	2.117802
428	2624	2.114579
429	2615	2.107326
430	2625	2.115385
431	2615	2.107326
432	2615	2.107326
433	2624	2.114579
434	2615	2.107326
435	2615	2.107326
436	2631	2.120220
437	2609	2.102491
438	2624	2.114579
439	2624	2.114579
440	2628	2.117802
441	2624	2.114579
442	2628	2.117802
443	2628	2.117802
444	2628	2.117802
445	2612	2.104908
446	2625	2.115385
447	2624	2.114579
448	2624	2.114579
449	2624	2.114579
450	2625	2.115385
451	2624	2.114579
452	2624	2.114579
453	2624	2.114579
454	2608	2.101685
455	2613	2.105714
456	2624	2.114579
457	2613	2.105714
458	2624	2.114579
459	2629	2.118608
460	2624	2.114579
461	2612	2.104908
462	2631	2.120220
463	2612	2.104908
464	2631	2.120220
465	2625	2.115385
466	2629	2.118608
467	2631	2.120220
468	2631	2.120220
469	2644	2.130696
470	2624	2.114579
471	2624	2.114579
472	2628	2.117802
473	2644	2.130696
474	2636	2.124249
475	2636	2.124249
476	2628	2.117802
477	2631	2.120220
478	2641	2.128278
479	2644	2.130696
480	2631	2.120220
481	2636	2.124249
482	2631	2.120220
483	2640	2.127473
484	2631	2.120220
485	2628	2.117802
486	2629	2.118608
487	2628	2.117802
488	2641	2.128278
489	2631	2.120220
490	2631	2.120220
491	2629	2.118608
492	2631	2.120220
493	2630	2.119414
494	2641	2.128278
495	2624	2.114579
496	2624	2.114579
497	2624	2.114579
498	2631	2.120220
499	2624	2.114579
500	2628	2.117802
501	2624	2.114579
502	2640	2.127473
503	2624	2.114579
504	2628	2.117802
505	2631	2.120220
506	2629	2.118608
507	2628	2.117802
508	2629	2.118608
509	2631	2.120220
510	2631	2.120220
511	2615	2.107326
512	2631	2.120220
513	2636	2.124249
514	2636	2.124249
515	2628	2.117802
516	2624	2.114579
517	2624	2.114579
518	2624	2.114579
519	2625	2.115385
520	2629	2.118608
521	2631	2.120220
522	2636	2.124249
523	2629	2.118608
524	2629	2.118608
525	2628	2.117802
526	2641	2.128278
527	2636	2.124249
528	2631	2.120220
529	2636	2.124249
530	2629	2.118608
531	2636	2.124249
532	2631	2.120220
533	2644	2.130696
534	2640	2.127473
535	2624	2.114579
536	2636	2.124249
537	2631	2.120220
538	2640	2.127473
539	2631	2.120220
540	2645	2.131502
541	2630	2.119414
542	2625	2.115385
543	2631	2.120220
544	2631	2.120220
545	2630	2.119414
546	2640	2.127473
547	2631	2.120220
548	2641	2.128278
549	2640	2.127473
550	2640	2.127473
551	2640	2.127473
552	2640	2.127473
553	2640	2.127473
554	2636	2.124249
555	2628	2.117802
556	2631	2.120220
557	2636	2.124249
558	2628	2.117802
559	2640	2.127473
560	2645	2.131502
561	2645	2.131502
562	2640	2.127473
563	2631	2.120220
564	2640	2.127473
565	2640	2.127473
566	2631	2.120220
567	2631	2.120220
568	2624	2.114579
569	2636	2.124249
570	2647	2.133114
571	2628	2.117802
572	2641	2.128278
573	2640	2.127473
574	2647	2.133114
575	2631	2.120220
576	2640	2.127473
577	2628	2.117802
578	2624	2.114579
579	2631	2.120220
580	2636	2.124249
581	2631	2.120220
582	2631	2.120220
583	2660	2.143590
584	2630	2.119414
585	2636	2.124249
586	2640	2.127473
587	2640	2.127473
588	2644	2.130696
589	2636	2.124249
590	2647	2.133114
591	2640	2.127473
592	2624	2.114579
593	2641	2.128278
594	2628	2.117802
595	2640	2.127473
596	2641	2.128278
597	2636	2.124249
598	2631	2.120220
599	2652	2.137143
600	2624	2.114579
601	2640	2.127473
602	2628	2.117802
603	2628	2.117802
604	2640	2.127473
605	2644	2.130696
606	2624	2.114579
607	2631	2.120220
608	2636	2.124249
609	2631	2.120220
610	2625	2.115385
611	2640	2.127473
612	2624	2.114579
613	2631	2.120220
614	2640	2.127473
615	2631	2.120220
616	2629	2.118608
617	2631	2.120220
618	2636	2.124249
619	2629	2.118608
620	2628	2.117802
621	2630	2.119414
622	2624	2.114579
623	2640	2.127473
624	2625	2.115385
625	2637	2.125055
626	2636	2.124249
627	2624	2.114579
628	2630	2.119414
629	2640	2.127473
630	2628	2.117802
631	2640	2.127473
632	2631	2.120220
633	2640	2.127473
634	2629	2.118608
635	2636	2.124249
636	2631	2.120220
637	2644	2.130696
638	2640	2.127473
639	2647	2.133114
640	2644	2.130696
641	2640	2.127473
642	2640	2.127473
643	2628	2.117802
644	2645	2.131502
645	2631	2.120220
646	2646	2.132308
647	2636	2.124249
648	2631	2.120220
649	2629	2.118608
650	2631	2.120220
651	2644	2.130696
652	2624	2.114579
653	2636	2.124249
654	2628	2.117802
655	2631	2.120220
656	2640	2.127473
657	2628	2.117802
658	2640	2.127473
659	2644	2.130696
660	2636	2.124249
661	2644	2.130696
662	2645	2.131502
663	2646	2.132308
664	2640	2.127473
665	2641	2.128278
666	2645	2.131502
667	2647	2.133114
668	2636	2.124249
669	2652	2.137143
670	2647	2.133114
671	2644	2.130696
672	2646	2.132308
673	2655	2.139560
674	2636	2.124249
675	2645	2.131502
676	2645	2.131502
677	2646	2.132308
678	2629	2.118608
679	2645	2.131502
680	2636	2.124249
681	2647	2.133114
682	2628	2.117802
683	2640	2.127473
684	2640	2.127473
685	2640	2.127473
686	2647	2.133114
687	2636	2.124249
688	2640	2.127473
689	2647	2.133114
690	2647	2.133114
691	2631	2.120220
692	2644	2.130696
693	2631	2.120220
694	2644	2.130696
695	2647	2.133114
696	2640	2.127473
697	2636	2.124249
698	2653	2.137949
699	2640	2.127473
700	2653	2.137949
701	2647	2.133114
702	2644	2.130696
703	2646	2.132308
704	2655	2.139560
705	2646	2.132308
706	2645	2.131502
707	2647	2.133114
708	2653	2.137949
709	2660	2.143590
710	2644	2.130696
711	2654	2.138755
712	2655	2.139560
713	2636	2.124249
714	2644	2.130696
715	2644	2.130696
716	2636	2.124249
717	2631	2.120220
718	2644	2.130696
719	2631	2.120220
720	2660	2.143590
721	2641	2.128278
722	2647	2.133114
723	2628	2.117802
724	2644	2.130696
725	2631	2.120220
726	2631	2.120220
727	2647	2.133114
728	2647	2.133114
729	2640	2.127473
730	2647	2.133114
731	2647	2.133114
732	2644	2.130696
733	2644	2.130696
734	2645	2.131502
735	2652	2.137143
736	2652	2.137143
737	2655	2.139560
738	2660	2.143590
739	2676	2.156484
740	2655	2.139560
741	2646	2.132308
742	2660	2.143590
743	2663	2.146007
744	2645	2.131502
745	2644	2.130696
746	2654	2.138755
747	2636	2.124249
748	2647	2.133114
749	2644	2.130696
750	2652	2.137143
751	2647	2.133114
752	2647	2.133114
753	2644	2.130696
754	2653	2.137949
755	2644	2.130696
756	2653	2.137949
757	2647	2.133114
758	2640	2.127473
759	2652	2.137143
760	2640	2.127473
761	2652	2.137143
762	2660	2.143590
763	2655	2.139560
764	2652	2.137143
765	2647	2.133114
766	2644	2.130696
767	2661	2.144396
768	2647	2.133114
769	2655	2.139560
770	2647	2.133114
771	2660	2.143590
772	2655	2.139560
773	2660	2.143590
774	2652	2.137143
775	2668	2.150037
776	2647	2.133114
777	2658	2.141978
778	2647	2.133114
779	2652	2.137143
780	2647	2.133114
781	2654	2.138755
782	2647	2.133114
783	2663	2.146007
784	2655	2.139560
785	2661	2.144396
786	2652	2.137143
787	2672	2.153260
788	2663	2.146007
789	2660	2.143590
790	2661	2.144396
791	2652	2.137143
792	2676	2.156484
793	2672	2.153260
794	2655	2.139560
795	2655	2.139560
796	2653	2.137949
797	2676	2.156484
798	2653	2.137949
799	2653	2.137949
800	2661	2.144396
801	2663	2.146007
802	2672	2.153260
803	2652	2.137143
804	2672	2.153260
805	2655	2.139560
806	2647	2.133114
807	2663	2.146007
808	2663	2.146007
809	2662	2.145201
810	2663	2.146007
811	2663	2.146007
812	2668	2.150037
813	2677	2.157289
814	2677	2.157289
815	2654	2.138755
816	2668	2.150037
817	2679	2.158901
818	2677	2.157289
819	2678	2.158095
820	2679	2.158901
821	2662	2.145201
822	2660	2.143590
823	2672	2.153260
824	2673	2.154066
825	2678	2.158095
826	2677	2.157289
827	2676	2.156484
828	2679	2.158901
829	2668	2.150037
830	2673	2.154066
831	2676	2.156484
832	2655	2.139560
833	2663	2.146007
834	2677	2.157289
835	2676	2.156484
836	2676	2.156484
837	2672	2.153260
838	2672	2.153260
839	2672	2.153260
840	2668	2.150037
841	2672	2.153260
842	2679	2.158901
843	2672	2.153260
844	2672	2.153260
845	2676	2.156484
846	2676	2.156484
847	2677	2.157289
848	2688	2.166154
849	2668	2.150037
850	2679	2.158901
851	2676	2.156484
852	2692	2.169377
853	2679	2.158901
854	2672	2.153260
855	2688	2.166154
856	2672	2.153260
857	2695	2.171795
858	2679	2.158901
859	2676	2.156484
860	2686	2.164542
861	2692	2.169377
862	2692	2.169377
863	2692	2.169377
864	2679	2.158901
865	2679	2.158901
866	2692	2.169377
867	2704	2.179048
868	2694	2.170989
869	2695	2.171795
870	2695	2.171795
871	2708	2.182271
872	2704	2.179048
873	2700	2.175824
874	2685	2.163736
875	2695	2.171795
876	2695	2.171795
877	2695	2.171795
878	2693	2.170183
879	2692	2.169377
880	2693	2.170183
881	2693	2.170183
882	2684	2.162930
883	2676	2.156484
884	2679	2.158901
885	2684	2.162930
886	2700	2.175824
887	2679	2.158901
888	2692	2.169377
889	2692	2.169377
890	2679	2.158901
891	2679	2.158901
892	2688	2.166154
893	2679	2.158901
894	2672	2.153260
895	2688	2.166154
896	2688	2.166154
897	2689	2.166960
898	2688	2.166154
899	2677	2.157289
900	2677	2.157289
901	2679	2.158901
902	2685	2.163736
903	2673	2.154066
904	2679	2.158901
905	2684	2.162930
906	2676	2.156484
907	2704	2.179048
908	2688	2.166154
909	2679	2.158901
910	2678	2.158095
911	2679	2.158901
912	2679	2.158901
913	2684	2.162930
914	2678	2.158095
915	2693	2.170183
916	2695	2.171795
917	2689	2.166960
918	2695	2.171795
919	2695	2.171795
920	2692	2.169377
921	2693	2.170183
922	2692	2.169377
923	2684	2.162930
924	2695	2.171795
925	2685	2.163736
926	2686	2.164542
927	2679	2.158901
928	2693	2.170183
929	2679	2.158901
930	2688	2.166154
931	2685	2.163736
932	2692	2.169377
933	2688	2.166154
934	2695	2.171795
935	2679	2.158901
936	2692	2.169377
937	2692	2.169377
938	2692	2.169377
939	2692	2.169377
940	2684	2.162930
941	2692	2.169377
942	2686	2.164542
943	2708	2.182271
944	2692	2.169377
945	2694	2.170989
946	2678	2.158095
947	2692	2.169377
948	2695	2.171795
949	2688	2.166154
950	2688	2.166154
951	2692	2.169377
952	2686	2.164542
953	2695	2.171795
954	2704	2.179048
955	2692	2.169377
956	2692	2.169377
957	2688	2.166154
958	2695	2.171795
959	2693	2.170183
960	2695	2.171795
961	2688	2.166154
962	2689	2.166960
963	2692	2.169377
964	2695	2.171795
965	2686	2.164542
966	2676	2.156484
967	2688	2.166154
968	2704	2.179048
969	2692	2.169377
970	2693	2.170183
971	2695	2.171795
972	2704	2.179048
973	2708	2.182271
974	2704	2.179048
975	2708	2.182271
976	2704	2.179048
977	2708	2.182271
978	2700	2.175824
979	2695	2.171795
980	2695	2.171795
981	2695	2.171795
982	2695	2.171795
983	2695	2.171795
984	2700	2.175824
985	2695	2.171795
986	2700	2.175824
987	2692	2.169377
988	2688	2.166154
989	2688	2.166154
990	2695	2.171795
991	2693	2.170183
992	2700	2.175824
993	2700	2.175824
994	2708	2.182271
995	2711	2.184689
996	2711	2.184689
997	2717	2.189524
998	2711	2.184689
999	2719	2.191136
1000	2710	2.183883
1001	2717	2.189524
1002	2704	2.179048
1003	2711	2.184689
1004	2711	2.184689
1005	2708	2.182271
1006	2709	2.183077
1007	2704	2.179048
1008	2716	2.188718
1009	2708	2.182271
1010	2708	2.182271
1011	2711	2.184689
1012	2710	2.183883
1013	2719	2.191136
1014	2709	2.183077
1015	2719	2.191136
1016	2708	2.182271
1017	2724	2.195165
1018	2708	2.182271
1019	2716	2.188718
1020	2710	2.183883
1021	2711	2.184689
1022	2718	2.190330
1023	2708	2.182271
1024	2718	2.190330
1025	2711	2.184689
1026	2719	2.191136
1027	2719	2.191136
1028	2704	2.179048
1029	2709	2.183077
1030	2704	2.179048
1031	2704	2.179048
1032	2705	2.179853
1033	2711	2.184689
1034	2708	2.182271
1035	2711	2.184689
1036	2716	2.188718
1037	2711	2.184689
1038	2710	2.183883
1039	2711	2.184689
1040	2705	2.179853
1041	2711	2.184689
1042	2705	2.179853
1043	2709	2.183077
1044	2708	2.182271
1045	2716	2.188718
1046	2711	2.184689
1047	2709	2.183077
1048	2704	2.179048
1049	2711	2.184689
1050	2704	2.179048
1051	2717	2.189524
1052	2711	2.184689
1053	2711	2.184689
1054	2709	2.183077
1055	2711	2.184689
1056	2711	2.184689
1057	2719	2.191136
1058	2711	2.184689
1059	2705	2.179853
1060	2724	2.195165
1061	2727	2.197582
1062	2727	2.197582
1063	2710	2.183883
1064	2724	2.195165
1065	2724	2.195165
1066	2727	2.197582
1067	2719	2.191136
1068	2724	2.195165
1069	2724	2.195165
1070	2711	2.184689
1071	2727	2.197582
1072	2711	2.184689
1073	2709	2.183077
1074	2719	2.191136
1075	2711	2.184689
1076	2718	2.190330
1077	2732	2.201612
1078	2717	2.189524
1079	2711	2.184689
1080	2719	2.191136
1081	2719	2.191136
1082	2727	2.197582
1083	2719	2.191136
1084	2727	2.197582
1085	2736	2.204835
1086	2727	2.197582
1087	2719	2.191136
1088	2719	2.191136
1089	2736	2.204835
1090	2727	2.197582
1091	2719	2.191136
1092	2727	2.197582
1093	2725	2.195971
1094	2725	2.195971
1095	2736	2.204835
1096	2718	2.190330
1097	2724	2.195165
1098	2727	2.197582
1099	2724	2.195165
1100	2724	2.195165
1101	2736	2.204835
1102	2724	2.195165
1103	2726	2.196777
1104	2736	2.204835
1105	2736	2.204835
1106	2727	2.197582
1107	2737	2.205641
1108	2732	2.201612
1109	2752	2.217729
1110	2736	2.204835
1111	2724	2.195165
1112	2727	2.197582
1113	2736	2.204835
1114	2727	2.197582
1115	2724	2.195165
1116	2724	2.195165
1117	2727	2.197582
1118	2727	2.197582
1119	2719	2.191136
1120	2732	2.201612
1121	2724	2.195165
1122	2727	2.197582
1123	2724	2.195165
1124	2727	2.197582
1125	2724	2.195165
1126	2736	2.204835
1127	2719	2.191136
1128	2719	2.191136
1129	2727	2.197582
1130	2736	2.204835
1131	2727	2.197582
1132	2732	2.201612
1133	2736	2.204835
1134	2724	2.195165
1135	2737	2.205641
1136	2727	2.197582
1137	2736	2.204835
1138	2752	2.217729
1139	2740	2.208059
1140	2732	2.201612
1141	2724	2.195165
1142	2736	2.204835
1143	2736	2.204835
1144	2727	2.197582
1145	2736	2.204835
1146	2736	2.204835
1147	2752	2.217729
1148	2741	2.208864
1149	2736	2.204835
1150	2752	2.217729
1151	2732	2.201612
1152	2736	2.204835
1153	2727	2.197582
1154	2725	2.195971
1155	2736	2.204835
1156	2736	2.204835
1157	2752	2.217729
1158	2736	2.204835
1159	2727	2.197582
1160	2752	2.217729
1161	2732	2.201612
1162	2737	2.205641
1163	2736	2.204835
1164	2737	2.205641
1165	2741	2.208864
1166	2752	2.217729
1167	2740	2.208059
1168	2737	2.205641
1169	2752	2.217729
1170	2752	2.217729
1171	2752	2.217729
1172	2737	2.205641
1173	2741	2.208864
1174	2741	2.208864
1175	2736	2.204835
1176	2752	2.217729
1177	2740	2.208059
1178	2752	2.217729
1179	2752	2.217729
1180	2752	2.217729
1181	2752	2.217729
1182	2741	2.208864
1183	2756	2.220952
1184	2753	2.218535
1185	2752	2.217729
1186	2756	2.220952
1187	2737	2.205641
1188	2752	2.217729
1189	2753	2.218535
1190	2752	2.217729
1191	2741	2.208864
1192	2753	2.218535
1193	2752	2.217729
1194	2756	2.220952
1195	2752	2.217729
1196	2752	2.217729
1197	2736	2.204835
1198	2759	2.223370
1199	2752	2.217729
1200	2753	2.218535
1201	2752	2.217729
1202	2756	2.220952
1203	2759	2.223370
1204	2752	2.217729
1205	2756	2.220952
1206	2736	2.204835
1207	2752	2.217729
1208	2752	2.217729
1209	2752	2.217729
1210	2752	2.217729
1211	2752	2.217729
1212	2741	2.208864
1213	2752	2.217729
1214	2752	2.217729
1215	2752	2.217729
1216	2759	2.223370
1217	2752	2.217729
1218	2752	2.217729
1219	2759	2.223370
1220	2759	2.223370
1221	2752	2.217729
1222	2741	2.208864
1223	2756	2.220952
1224	2757	2.221758
1225	2752	2.217729
1226	2768	2.230623
1227	2752	2.217729
1228	2759	2.223370
1229	2764	2.227399
1230	2764	2.227399
1231	2752	2.217729
1232	2768	2.230623
1233	2764	2.227399
1234	2759	2.223370
1235	2759	2.223370
1236	2772	2.233846
1237	2764	2.227399
1238	2757	2.221758
1239	2759	2.223370
1240	2752	2.217729
1241	2756	2.220952
1242	2772	2.233846
1243	2772	2.233846
1244	2764	2.227399
1245	2768	2.230623
1246	2768	2.230623
1247	2759	2.223370
1248	2759	2.223370
1249	2759	2.223370
1250	2769	2.231429
1251	2768	2.230623
1252	2768	2.230623
1253	2759	2.223370
1254	2768	2.230623
1255	2768	2.230623
1256	2757	2.221758
1257	2759	2.223370
1258	2775	2.236264
1259	2759	2.223370
1260	2772	2.233846
1261	2768	2.230623
1262	2772	2.233846
1263	2773	2.234652
1264	2768	2.230623
1265	2768	2.230623
1266	2769	2.231429
1267	2764	2.227399
1268	2773	2.234652
1269	2768	2.230623
1270	2773	2.234652
1271	2780	2.240293
1272	2772	2.233846
1273	2775	2.236264
1274	2772	2.233846
1275	2768	2.230623
1276	2768	2.230623
1277	2783	2.242711
1278	2775	2.236264
1279	2768	2.230623
1280	2780	2.240293
1281	2781	2.241099
1282	2775	2.236264
1283	2772	2.233846
1284	2775	2.236264
1285	2772	2.233846
1286	2773	2.234652
1287	2775	2.236264
1288	2772	2.233846
1289	2780	2.240293
1290	2773	2.234652
1291	2759	2.223370
1292	2780	2.240293
1293	2775	2.236264
1294	2772	2.233846
1295	2769	2.231429
1296	2788	2.246740
1297	2775	2.236264
1298	2783	2.242711
1299	2775	2.236264
1300	2765	2.228205
1301	2788	2.246740
1302	2775	2.236264
1303	2783	2.242711
1304	2775	2.236264
1305	2789	2.247546
1306	2775	2.236264
1307	2774	2.235458
1308	2768	2.230623
1309	2772	2.233846
1310	2773	2.234652
1311	2772	2.233846
1312	2782	2.241905
1313	2775	2.236264
1314	2769	2.231429
1315	2783	2.242711
1316	2775	2.236264
1317	2775	2.236264
1318	2775	2.236264
1319	2775	2.236264
1320	2783	2.242711
1321	2775	2.236264
1322	2791	2.249158
1323	2775	2.236264
1324	2772	2.233846
1325	2788	2.246740
1326	2783	2.242711
1327	2781	2.241099
1328	2789	2.247546
1329	2782	2.241905
1330	2783	2.242711
1331	2780	2.240293
1332	2783	2.242711
1333	2780	2.240293
1334	2788	2.246740
1335	2783	2.242711
1336	2780	2.240293
1337	2788	2.246740
1338	2788	2.246740
1339	2783	2.242711
1340	2783	2.242711
1341	2788	2.246740
1342	2783	2.242711
1343	2783	2.242711
1344	2791	2.249158
1345	2789	2.247546
1346	2783	2.242711
1347	2791	2.249158
1348	2788	2.246740
1349	2789	2.247546
1350	2791	2.249158
1351	2800	2.256410
1352	2775	2.236264
1353	2791	2.249158
1354	2800	2.256410
1355	2791	2.249158
1356	2800	2.256410
1357	2789	2.247546
1358	2780	2.240293
1359	2782	2.241905
1360	2791	2.249158
1361	2791	2.249158
1362	2800	2.256410
1363	2788	2.246740
1364	2791	2.249158
1365	2807	2.262051
1366	2791	2.249158
1367	2801	2.257216
1368	2804	2.259634
1369	2800	2.256410
1370	2790	2.248352
1371	2805	2.260440
1372	2783	2.242711
1373	2804	2.259634
1374	2796	2.253187
1375	2800	2.256410
1376	2807	2.262051
1377	2791	2.249158
1378	2788	2.246740
1379	2801	2.257216
1380	2800	2.256410
1381	2804	2.259634
1382	2804	2.259634
1383	2800	2.256410
1384	2788	2.246740
1385	2791	2.249158
1386	2800	2.256410
1387	2789	2.247546
1388	2800	2.256410
1389	2804	2.259634
1390	2800	2.256410
1391	2796	2.253187
1392	2804	2.259634
1393	2807	2.262051
1394	2801	2.257216
1395	2788	2.246740
1396	2800	2.256410
1397	2801	2.257216
1398	2812	2.266081
1399	2791	2.249158
1400	2805	2.260440
1401	2807	2.262051
1402	2800	2.256410
1403	2807	2.262051
1404	2804	2.259634
1405	2800	2.256410
1406	2800	2.256410
1407	2800	2.256410
1408	2807	2.262051
1409	2807	2.262051
1410	2807	2.262051
1411	2805	2.260440
1412	2791	2.249158
1413	2807	2.262051
1414	2791	2.249158
1415	2791	2.249158
1416	2813	2.266886
1417	2800	2.256410
1418	2801	2.257216
1419	2800	2.256410
1420	2812	2.266081
1421	2807	2.262051
1422	2804	2.259634
1423	2791	2.249158
1424	2807	2.262051
1425	2807	2.262051
1426	2800	2.256410
1427	2804	2.259634
1428	2807	2.262051
1429	2800	2.256410
1430	2800	2.256410
1431	2800	2.256410
1432	2805	2.260440
1433	2807	2.262051
1434	2813	2.266886
1435	2804	2.259634
1436	2801	2.257216
1437	2800	2.256410
1438	2807	2.262051
1439	2791	2.249158
1440	2805	2.260440
1441	2813	2.266886
1442	2800	2.256410
1443	2814	2.267692
1444	2804	2.259634
1445	2807	2.262051
1446	2806	2.261245
1447	2812	2.266081
1448	2804	2.259634
1449	2805	2.260440
1450	2807	2.262051
1451	2817	2.270110
1452	2801	2.257216
1453	2807	2.262051
1454	2812	2.266081
1455	2804	2.259634
1456	2807	2.262051
1457	2807	2.262051
1458	2807	2.262051
1459	2813	2.266886
1460	2822	2.274139
1461	2815	2.268498
1462	2812	2.266081
1463	2817	2.270110
1464	2820	2.272527
1465	2820	2.272527
1466	2807	2.262051
1467	2832	2.282198
1468	2815	2.268498
1469	2813	2.266886
1470	2812	2.266081
1471	2807	2.262051
1472	2813	2.266886
1473	2801	2.257216
1474	2815	2.268498
1475	2815	2.268498
1476	2801	2.257216
1477	2791	2.249158
1478	2791	2.249158
1479	2805	2.260440
1480	2816	2.269304
1481	2807	2.262051
1482	2800	2.256410
1483	2807	2.262051
1484	2812	2.266081
1485	2801	2.257216
1486	2807	2.262051
1487	2804	2.259634
1488	2815	2.268498
1489	2791	2.249158
1490	2805	2.260440
1491	2817	2.270110
1492	2804	2.259634
1493	2800	2.256410
1494	2812	2.266081
1495	2807	2.262051
1496	2800	2.256410
1497	2807	2.262051
1498	2807	2.262051
1499	2805	2.260440
1500	2813	2.266886
1501	2807	2.262051
1502	2807	2.262051
1503	2791	2.249158
1504	2812	2.266081
1505	2812	2.266081
1506	2812	2.266081
1507	2800	2.256410
1508	2823	2.274945
1509	2807	2.262051
1510	2800	2.256410
1511	2807	2.262051
1512	2807	2.262051
1513	2807	2.262051
1514	2815	2.268498
1515	2805	2.260440
1516	2807	2.262051
1517	2807	2.262051
1518	2797	2.253993
1519	2800	2.256410
1520	2805	2.260440
1521	2800	2.256410
1522	2807	2.262051
1523	2804	2.259634
1524	2804	2.259634
1525	2807	2.262051
1526	2813	2.266886
1527	2804	2.259634
1528	2800	2.256410
1529	2806	2.261245
1530	2804	2.259634
1531	2813	2.266886
1532	2820	2.272527
1533	2807	2.262051
1534	2791	2.249158
1535	2800	2.256410
1536	2791	2.249158
1537	2800	2.256410
1538	2804	2.259634
1539	2804	2.259634
1540	2812	2.266081
1541	2804	2.259634
1542	2807	2.262051
1543	2815	2.268498
1544	2807	2.262051
1545	2789	2.247546
1546	2804	2.259634
1547	2807	2.262051
1548	2805	2.260440
1549	2796	2.253187
1550	2800	2.256410
1551	2800	2.256410
1552	2804	2.259634
1553	2791	2.249158
1554	2796	2.253187
1555	2796	2.253187
1556	2791	2.249158
1557	2796	2.253187
1558	2791	2.249158
1559	2800	2.256410
1560	2789	2.247546
1561	2800	2.256410
1562	2801	2.257216
1563	2804	2.259634
1564	2801	2.257216
1565	2807	2.262051
1566	2789	2.247546
1567	2791	2.249158
1568	2788	2.246740
1569	2791	2.249158
1570	2791	2.249158
1571	2796	2.253187
1572	2796	2.253187
1573	2801	2.257216
1574	2791	2.249158
1575	2805	2.260440
1576	2800	2.256410
1577	2800	2.256410
1578	2775	2.236264
1579	2788	2.246740
1580	2791	2.249158
1581	2791	2.249158
1582	2800	2.256410
1583	2800	2.256410
1584	2791	2.249158
1585	2791	2.249158
1586	2783	2.242711
1587	2800	2.256410
1588	2788	2.246740
1589	2788	2.246740
1590	2788	2.246740
1591	2788	2.246740
1592	2791	2.249158
1593	2781	2.241099
1594	2796	2.253187
1595	2780	2.240293
1596	2788	2.246740
1597	2781	2.241099
1598	2788	2.246740
1599	2781	2.241099
1600	2783	2.242711
1601	2791	2.249158
1602	2775	2.236264
1603	2775	2.236264
1604	2775	2.236264
1605	2783	2.242711
1606	2791	2.249158
1607	2783	2.242711
1608	2791	2.249158
1609	2791	2.249158
1610	2781	2.241099
1611	2788	2.246740
1612	2780	2.240293
1613	2772	2.233846
1614	2788	2.246740
1615	2783	2.242711
1616	2788	2.246740
1617	2780	2.240293
1618	2768	2.230623
1619	2772	2.233846
1620	2783	2.242711
1621	2772	2.233846
1622	2789	2.247546
1623	2759	2.223370
1624	2756	2.220952
1625	2768	2.230623
1626	2769	2.231429
1627	2772	2.233846
1628	2772	2.233846
1629	2772	2.233846
1630	2780	2.240293
1631	2768	2.230623
1632	2772	2.233846
1633	2775	2.236264
1634	2775	2.236264
1635	2768	2.230623
1636	2768	2.230623
1637	2769	2.231429
1638	2757	2.221758
1639	2764	2.227399
1640	2759	2.223370
1641	2769	2.231429
1642	2768	2.230623
1643	2768	2.230623
1644	2764	2.227399
1645	2769	2.231429
1646	2759	2.223370
1647	2759	2.223370
1648	2756	2.220952
1649	2759	2.223370
1650	2756	2.220952
1651	2759	2.223370
1652	2759	2.223370
1653	2753	2.218535
1654	2759	2.223370
1655	2759	2.223370
1656	2759	2.223370
1657	2736	2.204835
1658	2752	2.217729
1659	2741	2.208864
1660	2756	2.220952
1661	2752	2.217729
1662	2752	2.217729
1663	2752	2.217729
1664	2752	2.217729
1665	2752	2.217729
1666	2741	2.208864
1667	2753	2.218535
1668	2736	2.204835
1669	2752	2.217729
1670	2752	2.217729
1671	2752	2.217729
1672	2752	2.217729
1673	2740	2.208059
1674	2740	2.208059
1675	2740	2.208059
1676	2737	2.205641
1677	2727	2.197582
1678	2736	2.204835
1679	2736	2.204835
1680	2740	2.208059
1681	2736	2.204835
1682	2732	2.201612
1683	2740	2.208059
1684	2738	2.206447
1685	2752	2.217729
1686	2732	2.201612
1687	2727	2.197582
1688	2725	2.195971
1689	2727	2.197582
1690	2736	2.204835
1691	2736	2.204835
1692	2740	2.208059
1693	2727	2.197582
1694	2727	2.197582
1695	2727	2.197582
1696	2724	2.195165
1697	2736	2.204835
1698	2726	2.196777
1699	2719	2.191136
1700	2711	2.184689
1701	2716	2.188718
1702	2708	2.182271
1703	2711	2.184689
1704	2718	2.190330
1705	2719	2.191136
1706	2709	2.183077
1707	2708	2.182271
1708	2719	2.191136
1709	2708	2.182271
1710	2695	2.171795
1711	2719	2.191136
1712	2695	2.171795
1713	2692	2.169377
1714	2704	2.179048
1715	2704	2.179048
1716	2704	2.179048
1717	2708	2.182271
1718	2695	2.171795
1719	2704	2.179048
1720	2695	2.171795
1721	2693	2.170183
1722	2704	2.179048
1723	2688	2.166154
1724	2711	2.184689
1725	2679	2.158901
1726	2695	2.171795
1727	2695	2.171795
1728	2692	2.169377
1729	2688	2.166154
1730	2695	2.171795
1731	2695	2.171795
1732	2684	2.162930
1733	2695	2.171795
1734	2685	2.163736
1735	2688	2.166154
1736	2688	2.166154
1737	2689	2.166960
1738	2688	2.166154
1739	2673	2.154066
1740	2679	2.158901
1741	2679	2.158901
1742	2684	2.162930
1743	2679	2.158901
1744	2676	2.156484
1745	2672	2.153260
1746	2672	2.153260
1747	2662	2.145201
1748	2672	2.153260
1749	2676	2.156484
1750	2672	2.153260
1751	2660	2.143590
1752	2655	2.139560
1753	2652	2.137143
1754	2660	2.143590
1755	2647	2.133114
1756	2672	2.153260
1757	2653	2.137949
1758	2647	2.133114
1759	2655	2.139560
1760	2647	2.133114
1761	2640	2.127473
1762	2647	2.133114
1763	2640	2.127473
1764	2646	2.132308
1765	2654	2.138755
1766	2640	2.127473
1767	2641	2.128278
1768	2631	2.120220
1769	2641	2.128278
1770	2641	2.128278
1771	2625	2.115385
1772	2631	2.120220
1773	2631	2.120220
1774	2636	2.124249
1775	2624	2.114579
1776	2628	2.117802
1777	2624	2.114579
1778	2636	2.124249
1779	2631	2.120220
1780	2625	2.115385
1781	2624	2.114579
1782	2615	2.107326
1783	2599	2.094432
1784	2612	2.104908
1785	2615	2.107326
1786	2590	2.087179
1787	2604	2.098462
1788	2604	2.098462
1789	2608	2.101685
1790	2608	2.101685
1791	2608	2.101685
1792	2598	2.093626
1793	2591	2.087985
1794	2608	2.101685
1795	2589	2.086374
1796	2599	2.094432
1797	2596	2.092015
1798	2583	2.081538
1799	2596	2.092015
1800	2591	2.087985
1801	2591	2.087985
1802	2591	2.087985
1803	2591	2.087985
1804	2591	2.087985
1805	2567	2.068645
1806	2580	2.079121
1807	2596	2.092015
1808	2576	2.075897
1809	2567	2.068645
1810	2576	2.075897
1811	2577	2.076703
1812	2580	2.079121
1813	2576	2.075897
1814	2567	2.068645
1815	2559	2.062198
1816	2564	2.066227
1817	2557	2.060586
1818	2567	2.068645
1819	2548	2.053333
1820	2549	2.054139
1821	2551	2.055751
1822	2551	2.055751
1823	2545	2.050916
1824	2549	2.054139
1825	2548	2.053333
1826	2544	2.050110
1827	2535	2.042857
1828	2549	2.054139
1829	2535	2.042857
1830	2544	2.050110
1831	2544	2.050110
1832	2534	2.042051
1833	2534	2.042051
1834	2527	2.036410
1835	2527	2.036410
1836	2525	2.034799
1837	2519	2.029963
1838	2540	2.046886
1839	2527	2.036410
1840	2517	2.028352
1841	2508	2.021099
1842	2512	2.024322
1843	2508	2.021099
1844	2512	2.024322
1845	2497	2.012234
1846	2500	2.014652
1847	2503	2.017070
1848	2503	2.017070
1849	2512	2.024322
1850	2503	2.017070
1851	2503	2.017070
1852	2496	2.011429
1853	2484	2.001758
1854	2508	2.021099
1855	2496	2.011429
1856	2484	2.001758
1857	2496	2.011429
1858	2496	2.011429
1859	2485	2.002564
1860	2501	2.015458
1861	2471	1.991282
1862	2500	2.014652
1863	2481	1.999341
1864	2484	2.001758
1865	2480	1.998535
1866	2485	2.002564
1867	2480	1.998535
1868	2486	2.003370
1869	2453	1.976777
1870	2471	1.991282
1871	2463	1.984835
1872	2476	1.995311
1873	2476	1.995311
1874	2471	1.991282
1875	2462	1.984029
1876	2452	1.975971
1877	2463	1.984835
1878	2460	1.982418
1879	2463	1.984835
1880	2460	1.982418
1881	2452	1.975971
1882	2444	1.969524
1883	2448	1.972747
1884	2439	1.965495
1885	2437	1.963883
1886	2436	1.963077
1887	2423	1.952601
1888	2448	1.972747
1889	2444	1.969524
1890	2432	1.959853
1891	2423	1.952601
1892	2432	1.959853
1893	2436	1.963077
1894	2439	1.965495
1895	2432	1.959853
1896	2421	1.950989
1897	2421	1.950989
1898	2416	1.946960
1899	2420	1.950183
1900	2432	1.959853
1901	2423	1.952601
1902	2423	1.952601
1903	2405	1.938095
1904	2417	1.947766
1905	2420	1.950183
1906	2416	1.946960
1907	2412	1.943736
1908	2412	1.943736
1909	2407	1.939707
1910	2397	1.931648
1911	2412	1.943736
1912	2404	1.937289
1913	2399	1.933260
1914	2390	1.926007
1915	2388	1.924396
1916	2399	1.933260
1917	2404	1.937289
1918	2404	1.937289
1919	2391	1.926813
1920	2396	1.930842
1921	2412	1.943736
1922	2389	1.925201
1923	2397	1.931648
1924	2384	1.921172
1925	2384	1.921172
1926	2391	1.926813
1927	2389	1.925201
1928	2368	1.908278
1929	2368	1.908278
1930	2373	1.912308
1931	2369	1.909084
1932	2375	1.913919
1933	2373	1.912308
1934	2380	1.917949
1935	2375	1.913919
1936	2384	1.921172
1937	2369	1.909084
1938	2368	1.908278
1939	2368	1.908278
1940	2368	1.908278
1941	2369	1.909084
1942	2352	1.895385
1943	2356	1.898608
1944	2359	1.901026
1945	2368	1.908278
1946	2359	1.901026
1947	2356	1.898608
1948	2349	1.892967
1949	2349	1.892967
1950	2368	1.908278
1951	2356	1.898608
1952	2357	1.899414
1953	2343	1.888132
1954	2353	1.896190
1955	2352	1.895385
1956	2348	1.892161
1957	2348	1.892161
1958	2335	1.881685
1959	2340	1.885714
1960	2335	1.881685
1961	2343	1.888132
1962	2340	1.885714
1963	2335	1.881685
1964	2340	1.885714
1965	2335	1.881685
1966	2335	1.881685
1967	2332	1.879267
1968	2334	1.880879
1969	2324	1.872821
1970	2327	1.875238
1971	2332	1.879267
1972	2327	1.875238
1973	2324	1.872821
1974	2327	1.875238
1975	2335	1.881685
1976	2322	1.871209
1977	2332	1.879267
1978	2327	1.875238
1979	2325	1.873626
1980	2316	1.866374
1981	2326	1.874432
1982	2321	1.870403
1983	2324	1.872821
1984	2327	1.875238
1985	2324	1.872821
1986	2327	1.875238
1987	2316	1.866374
1988	2316	1.866374
1989	2320	1.869597
1990	2321	1.870403
1991	2327	1.875238
1992	2311	1.862344
1993	2316	1.866374
1994	2316	1.866374
1995	2321	1.870403
1996	2303	1.855897
1997	2300	1.853480
1998	2303	1.855897
1999	2303	1.855897
2000	2317	1.867179
2001	2303	1.855897
2002	2316	1.866374
2003	2316	1.866374
2004	2316	1.866374
2005	2317	1.867179
2006	2303	1.855897
2007	2317	1.867179
2008	2300	1.853480
2009	2303	1.855897
2010	2303	1.855897
2011	2311	1.862344
2012	2320	1.869597
2013	2303	1.855897
2014	2303	1.855897
2015	2303	1.855897
2016	2303	1.855897
2017	2321	1.870403
2018	2303	1.855897
2019	2301	1.854286
2020	2303	1.855897
2021	2320	1.869597
2022	2303	1.855897
2023	2288	1.843810
2024	2316	1.866374
2025	2288	1.843810
2026	2303	1.855897
2027	2301	1.854286
2028	2295	1.849451
2029	2300	1.853480
2030	2302	1.855092
2031	2300	1.853480
2032	2302	1.855092
2033	2300	1.853480
2034	2301	1.854286
2035	2303	1.855897
2036	2303	1.855897
2037	2303	1.855897
2038	2300	1.853480
2039	2303	1.855897
2040	2316	1.866374
2041	2316	1.866374
2042	2300	1.853480
2043	2303	1.855897
2044	2303	1.855897
2045	2300	1.853480
2046	2303	1.855897
2047	2301	1.854286
2048	2302	1.855092
2049	2320	1.869597
2050	2303	1.855897
2051	2311	1.862344
2052	2303	1.855897
2053	2301	1.854286
2054	2303	1.855897
2055	2311	1.862344
2056	2311	1.862344
2057	2303	1.855897
2058	2317	1.867179
2059	2320	1.869597
2060	2316	1.866374
2061	2303	1.855897
2062	2303	1.855897
2063	2301	1.854286
2064	2303	1.855897
2065	2303	1.855897
2066	2303	1.855897
2067	2311	1.862344
2068	2303	1.855897
2069	2316	1.866374
2070	2311	1.862344
2071	2303	1.855897
2072	2303	1.855897
2073	2320	1.869597
2074	2311	1.862344
2075	2303	1.855897
2076	2311	1.862344
2077	2303	1.855897
2078	2325	1.873626
2079	2303	1.855897
2080	2325	1.873626
2081	2321	1.870403
2082	2316	1.866374
2083	2311	1.862344
2084	2326	1.874432
2085	2321	1.870403
2086	2316	1.866374
2087	2321	1.870403
2088	2341	1.886520
2089	2333	1.880073
2090	2335	1.881685
2091	2327	1.875238
2092	2325	1.873626
2093	2343	1.888132
2094	2332	1.879267
2095	2340	1.885714
2096	2327	1.875238
2097	2343	1.888132
2098	2327	1.875238
2099	2340	1.885714
2100	2335	1.881685
2101	2335	1.881685
2102	2341	1.886520
2103	2348	1.892161
2104	2348	1.892161
2105	2353	1.896190
2106	2348	1.892161
2107	2343	1.888132
2108	2352	1.895385
2109	2368	1.908278
2110	2358	1.900220
2111	2368	1.908278
2112	2343	1.888132
2113	2368	1.908278
2114	2368	1.908278
2115	2359	1.901026
2116	2368	1.908278
2117	2375	1.913919
2118	2368	1.908278
2119	2373	1.912308
2120	2390	1.926007
2121	2389	1.925201
2122	2375	1.913919
2123	2380	1.917949
2124	2388	1.924396
2125	2373	1.912308
2126	2385	1.921978
2127	2406	1.938901
2128	2399	1.933260
2129	2391	1.926813
2130	2405	1.938095
2131	2396	1.930842
2132	2404	1.937289
2133	2396	1.930842
2134	2412	1.943736
2135	2407	1.939707
2136	2407	1.939707
2137	2407	1.939707
2138	2420	1.950183
2139	2407	1.939707
2140	2421	1.950989
2141	2404	1.937289
2142	2423	1.952601
2143	2423	1.952601
2144	2448	1.972747
2145	2436	1.963077
2146	2423	1.952601
2147	2432	1.959853
2148	2439	1.965495
2149	2437	1.963883
2150	2448	1.972747
2151	2432	1.959853
2152	2439	1.965495
2153	2439	1.965495
2154	2453	1.976777
2155	2445	1.970330
2156	2455	1.978388
2157	2455	1.978388
2158	2449	1.973553
2159	2448	1.972747
2160	2462	1.984029
2161	2455	1.978388
2162	2455	1.978388
2163	2463	1.984835
2164	2476	1.995311
2165	2471	1.991282
2166	2460	1.982418
2167	2471	1.991282
2168	2471	1.991282
2169	2496	2.011429
2170	2484	2.001758
2171	2480	1.998535
2172	2484	2.001758
2173	2496	2.011429
2174	2476	1.995311
2175	2481	1.999341
2176	2496	2.011429
2177	2496	2.011429
2178	2496	2.011429
2179	2496	2.011429
2180	2485	2.002564
2181	2496	2.011429
2182	2497	2.012234
2183	2496	2.011429
2184	2496	2.011429
2185	2508	2.021099
2186	2500	2.014652
2187	2517	2.028352
2188	2512	2.024322
2189	2517	2.028352
2190	2512	2.024322
2191	2509	2.021905
2192	2509	2.021905
2193	2508	2.021099
2194	2516	2.027546
2195	2513	2.025128
2196	2516	2.027546
2197	2512	2.024322
2198	2518	2.029158
2199	2519	2.029963
2200	2512	2.024322
2201	2512	2.024322
2202	2512	2.024322
2203	2508	2.021099
2204	2508	2.021099
2205	2525	2.034799
2206	2524	2.033993
2207	2519	2.029963
2208	2503	2.017070
2209	2527	2.036410
2210	2516	2.027546
2211	2519	2.029963
2212	2527	2.036410
2213	2512	2.024322
2214	2527	2.036410
2215	2527	2.036410
2216	2527	2.036410
2217	2525	2.034799
2218	2524	2.033993
2219	2535	2.042857
2220	2535	2.042857
2221	2524	2.033993
2222	2532	2.040440
2223	2519	2.029963
2224	2513	2.025128
2225	2519	2.029963
2226	2519	2.029963
2227	2519	2.029963
2228	2503	2.017070
2229	2525	2.034799
2230	2519	2.029963
2231	2519	2.029963
2232	2512	2.024322
2233	2527	2.036410
2234	2516	2.027546
2235	2517	2.028352
2236	2513	2.025128
2237	2519	2.029963
2238	2512	2.024322
2239	2527	2.036410
2240	2497	2.012234
2241	2517	2.028352
2242	2508	2.021099
2243	2508	2.021099
2244	2519	2.029963
2245	2503	2.017070
2246	2512	2.024322
2247	2513	2.025128
2248	2518	2.029158
2249	2497	2.012234
2250	2503	2.017070
2251	2512	2.024322
2252	2497	2.012234
2253	2503	2.017070
2254	2503	2.017070
2255	2484	2.001758
2256	2496	2.011429
2257	2496	2.011429
2258	2496	2.011429
2259	2476	1.995311
2260	2476	1.995311
2261	2496	2.011429
2262	2476	1.995311
2263	2476	1.995311
2264	2480	1.998535
2265	2468	1.988864
2266	2471	1.991282
2267	2471	1.991282
2268	2468	1.988864
2269	2463	1.984835
2270	2455	1.978388
2271	2460	1.982418
2272	2463	1.984835
2273	2455	1.978388
2274	2453	1.976777
2275	2448	1.972747
2276	2454	1.977582
2277	2448	1.972747
2278	2437	1.963883
2279	2445	1.970330
2280	2448	1.972747
2281	2432	1.959853
2282	2437	1.963883
2283	2423	1.952601
2284	2423	1.952601
2285	2423	1.952601
2286	2416	1.946960
2287	2416	1.946960
2288	2417	1.947766
2289	2412	1.943736
2290	2396	1.930842
2291	2391	1.926813
2292	2399	1.933260
2293	2391	1.926813
2294	2398	1.932454
2295	2384	1.921172
2296	2388	1.924396
2297	2384	1.921172
2298	2380	1.917949
2299	2380	1.917949
2300	2368	1.908278
2301	2368	1.908278
2302	2368	1.908278
2303	2353	1.896190
2304	2352	1.895385
2305	2341	1.886520
2306	2356	1.898608
2307	2332	1.879267
2308	2327	1.875238
2309	2327	1.875238
2310	2325	1.873626
2311	2327	1.875238
2312	2317	1.867179
2313	2303	1.855897
2314	2321	1.870403
2315	2324	1.872821
2316	2316	1.866374
2317	2303	1.855897
2318	2303	1.855897
2319	2303	1.855897
2320	2303	1.855897
2321	2303	1.855897
2322	2300	1.853480
2323	2292	1.847033
2324	2295	1.849451
2325	2293	1.847839
2326	2289	1.844615
2327	2285	1.841392
2328	2294	1.848645
2329	2279	1.836557
2330	2293	1.847839
2331	2284	1.840586
2332	2288	1.843810
2333	2292	1.847033
2334	2288	1.843810
2335	2277	1.834945
2336	2279	1.836557
2337	2278	1.835751
2338	2276	1.834139
2339	2277	1.834945
2340	2276	1.834139
2341	2279	1.836557
2342	2288	1.843810
2343	2276	1.834139
2344	2284	1.840586
2345	2284	1.840586
2346	2288	1.843810
2347	2288	1.843810
2348	2295	1.849451
2349	2295	1.849451
2350	2292	1.847033
2351	2292	1.847033
2352	2288	1.843810
2353	2300	1.853480
2354	2300	1.853480
2355	2303	1.855897
2356	2300	1.853480
2357	2292	1.847033
2358	2295	1.849451
2359	2303	1.855897
2360	2303	1.855897
2361	2303	1.855897
2362	2311	1.862344
2363	2320	1.869597
2364	2324	1.872821
2365	2321	1.870403
2366	2321	1.870403
2367	2335	1.881685
2368	2332	1.879267
2369	2342	1.887326
2370	2335	1.881685
2371	2335	1.881685
2372	2357	1.899414
2373	2343	1.888132
2374	2356	1.898608
2375	2356	1.898608
2376	2368	1.908278
2377	2369	1.909084
2378	2368	1.908278
2379	2368	1.908278
2380	2375	1.913919
2381	2380	1.917949
2382	2384	1.921172
2383	2389	1.925201
2384	2384	1.921172
2385	2391	1.926813
2386	2380	1.917949
2387	2399	1.933260
2388	2397	1.931648
2389	2399	1.933260
2390	2404	1.937289
2391	2432	1.959853
2392	2423	1.952601
2393	2423	1.952601
2394	2420	1.950183
2395	2423	1.952601
2396	2423	1.952601
2397	2452	1.975971
2398	2439	1.965495
2399	2449	1.973553
2400	2449	1.973553
2401	2452	1.975971
2402	2460	1.982418
2403	2455	1.978388
2404	2463	1.984835
2405	2463	1.984835
2406	2481	1.999341
2407	2469	1.989670
2408	2480	1.998535
2409	2471	1.991282
2410	2480	1.998535
2411	2496	2.011429
2412	2496	2.011429
2413	2480	1.998535
2414	2486	2.003370
2415	2496	2.011429
2416	2496	2.011429
2417	2496	2.011429
2418	2512	2.024322
2419	2512	2.024322
2420	2503	2.017070
2421	2500	2.014652
2422	2513	2.025128
2423	2519	2.029963
2424	2519	2.029963
2425	2527	2.036410
2426	2519	2.029963
2427	2535	2.042857
2428	2532	2.040440
2429	2533	2.041245
2430	2544	2.050110
2431	2559	2.062198
2432	2548	2.053333
2433	2559	2.062198
2434	2540	2.046886
2435	2559	2.062198
2436	2556	2.059780
2437	2548	2.053333
2438	2548	2.053333
2439	2572	2.072674
2440	2565	2.067033
2441	2572	2.072674
2442	2565	2.067033
2443	2565	2.067033
2444	2576	2.075897
2445	2572	2.072674
2446	2583	2.081538
2447	2572	2.072674
2448	2576	2.075897
2449	2580	2.079121
2450	2566	2.067839
2451	2576	2.075897
2452	2577	2.076703
2453	2589	2.086374
2454	2591	2.087985
2455	2589	2.086374
2456	2583	2.081538
2457	2588	2.085568
2458	2588	2.085568
2459	2583	2.081538
2460	2608	2.101685
2461	2591	2.087985
2462	2596	2.092015
2463	2596	2.092015
2464	2599	2.094432
2465	2609	2.102491
2466	2604	2.098462
2467	2608	2.101685
2468	2608	2.101685
2469	2613	2.105714
2470	2608	2.101685
2471	2613	2.105714
2472	2615	2.107326
2473	2613	2.105714
2474	2599	2.094432
2475	2612	2.104908
2476	2624	2.114579
2477	2614	2.106520
2478	2615	2.107326
2479	2604	2.098462
2480	2628	2.117802
2481	2615	2.107326
2482	2624	2.114579
2483	2624	2.114579
2484	2624	2.114579
2485	2629	2.118608
2486	2628	2.117802
2487	2624	2.114579
2488	2636	2.124249
2489	2641	2.128278
2490	2628	2.117802
2491	2644	2.130696
2492	2631	2.120220
2493	2631	2.120220
2494	2641	2.128278
2495	2644	2.130696
2496	2644	2.130696
2497	2653	2.137949
2498	2647	2.133114
2499	2645	2.131502
2500	2653	2.137949
2501	2644	2.130696
2502	2655	2.139560
2503	2661	2.144396
2504	2661	2.144396
2505	2660	2.143590
2506	2663	2.146007
2507	2663	2.146007
2508	2660	2.143590
2509	2672	2.153260
2510	2668	2.150037
2511	2663	2.146007
2512	2676	2.156484
2513	2668	2.150037
2514	2661	2.144396
2515	2679	2.158901
2516	2687	2.165348
2517	2684	2.162930
2518	2692	2.169377
2519	2679	2.158901
2520	2689	2.166960
2521	2705	2.179853
2522	2692	2.169377
2523	2676	2.156484
2524	2677	2.157289
2525	2695	2.171795
2526	2692	2.169377
2527	2692	2.169377
2528	2692	2.169377
2529	2673	2.154066
2530	2692	2.169377
2531	2709	2.183077
2532	2685	2.163736
2533	2679	2.158901
2534	2705	2.179853
2535	2695	2.171795
2536	2688	2.166154
2537	2689	2.166960
2538	2676	2.156484
2539	2692	2.169377
2540	2692	2.169377
2541	2704	2.179048
2542	2708	2.182271
2543	2695	2.171795
2544	2708	2.182271
2545	2692	2.169377
2546	2711	2.184689
2547	2705	2.179853
2548	2704	2.179048
2549	2710	2.183883
2550	2704	2.179048
2551	2708	2.182271
2552	2719	2.191136
2553	2704	2.179048
2554	2711	2.184689
2555	2700	2.175824
2556	2704	2.179048
2557	2704	2.179048
2558	2705	2.179853
2559	2719	2.191136
2560	2710	2.183883
2561	2727	2.197582
2562	2727	2.197582
2563	2711	2.184689
2564	2727	2.197582
2565	2708	2.182271
2566	2719	2.191136
2567	2726	2.196777
2568	2716	2.188718
2569	2717	2.189524
2570	2727	2.197582
2571	2717	2.189524
2572	2724	2.195165
2573	2727	2.197582
2574	2709	2.183077
2575	2719	2.191136
2576	2740	2.208059
2577	2718	2.190330
2578	2719	2.191136
2579	2727	2.197582
2580	2727	2.197582
2581	2724	2.195165
2582	2724	2.195165
2583	2724	2.195165
2584	2736	2.204835
2585	2740	2.208059
2586	2727	2.197582
2587	2740	2.208059
2588	2737	2.205641
2589	2752	2.217729
2590	2740	2.208059
2591	2741	2.208864
2592	2740	2.208059
2593	2732	2.201612
2594	2752	2.217729
2595	2740	2.208059
2596	2752	2.217729
2597	2741	2.208864
2598	2740	2.208059
2599	2732	2.201612
2600	2736	2.204835
2601	2752	2.217729
2602	2752	2.217729
2603	2740	2.208059
2604	2740	2.208059
2605	2741	2.208864
2606	2757	2.221758
2607	2752	2.217729
2608	2752	2.217729
2609	2752	2.217729
2610	2758	2.222564
2611	2752	2.217729
2612	2759	2.223370
2613	2757	2.221758
2614	2756	2.220952
2615	2753	2.218535
2616	2752	2.217729
2617	2768	2.230623
2618	2757	2.221758
2619	2768	2.230623
2620	2773	2.234652
2621	2772	2.233846
2622	2753	2.218535
2623	2772	2.233846
2624	2773	2.234652
2625	2769	2.231429
2626	2768	2.230623
2627	2768	2.230623
2628	2775	2.236264
2629	2775	2.236264
2630	2772	2.233846
2631	2789	2.247546
2632	2775	2.236264
2633	2788	2.246740
2634	2782	2.241905
2635	2781	2.241099
2636	2775	2.236264
2637	2775	2.236264
2638	2791	2.249158
2639	2781	2.241099
2640	2783	2.242711
2641	2783	2.242711
2642	2783	2.242711
2643	2775	2.236264
2644	2800	2.256410
2645	2791	2.249158
2646	2800	2.256410
2647	2789	2.247546
2648	2796	2.253187
2649	2800	2.256410
2650	2800	2.256410
2651	2791	2.249158
2652	2807	2.262051
2653	2791	2.249158
2654	2801	2.257216
2655	2788	2.246740
2656	2791	2.249158
2657	2796	2.253187
2658	2800	2.256410
2659	2796	2.253187
2660	2800	2.256410
2661	2791	2.249158
2662	2791	2.249158
2663	2812	2.266081
2664	2800	2.256410
2665	2806	2.261245
2666	2807	2.262051
2667	2812	2.266081
2668	2804	2.259634
2669	2807	2.262051
2670	2820	2.272527
2671	2814	2.267692
2672	2800	2.256410
2673	2807	2.262051
2674	2800	2.256410
2675	2807	2.262051
2676	2807	2.262051
2677	2813	2.266886
2678	2806	2.261245
2679	2820	2.272527
2680	2812	2.266081
2681	2807	2.262051
2682	2804	2.259634
2683	2813	2.266886
2684	2823	2.274945
2685	2815	2.268498
2686	2812	2.266081
2687	2813	2.266886
2688	2823	2.274945
2689	2823	2.274945
2690	2823	2.274945
2691	2815	2.268498
2692	2823	2.274945
2693	2817	2.270110
2694	2822	2.274139
2695	2821	2.273333
2696	2832	2.282198
2697	2820	2.272527
2698	2823	2.274945
2699	2837	2.286227
2700	2823	2.274945
2701	2832	2.282198
2702	2836	2.285421
2703	2828	2.278974
2704	2839	2.287839
2705	2832	2.282198
2706	2821	2.273333
2707	2823	2.274945
2708	2839	2.287839
2709	2822	2.274139
2710	2833	2.283004
2711	2828	2.278974
2712	2832	2.282198
2713	2832	2.282198
2714	2839	2.287839
2715	2836	2.285421
2716	2836	2.285421
2717	2837	2.286227
2718	2820	2.272527
2719	2823	2.274945
2720	2837	2.286227
2721	2839	2.287839
2722	2838	2.287033
2723	2828	2.278974
2724	2839	2.287839
2725	2839	2.287839
2726	2836	2.285421
2727	2839	2.287839
2728	2839	2.287839
2729	2832	2.282198
2730	2836	2.285421
2731	2838	2.287033
2732	2839	2.287839
2733	2844	2.291868
2734	2855	2.300733
2735	2839	2.287839
2736	2847	2.294286
2737	2837	2.286227
2738	2833	2.283004
2739	2847	2.294286
2740	2823	2.274945
2741	2839	2.287839
2742	2846	2.293480
2743	2823	2.274945
2744	2853	2.299121
2745	2852	2.298315
2746	2847	2.294286
2747	2838	2.287033
2748	2844	2.291868
2749	2844	2.291868
2750	2853	2.299121
2751	2847	2.294286
2752	2855	2.300733
2753	2864	2.307985
2754	2864	2.307985
2755	2864	2.307985
2756	2847	2.294286
2757	2855	2.300733
2758	2860	2.304762
2759	2852	2.298315
2760	2847	2.294286
2761	2855	2.300733
2762	2864	2.307985
2763	2847	2.294286
2764	2860	2.304762
2765	2864	2.307985
2766	2855	2.300733
2767	2869	2.312015
2768	2855	2.300733
2769	2855	2.300733
2770	2871	2.313626
2771	2880	2.320879
2772	2880	2.320879
2773	2880	2.320879
2774	2864	2.307985
2775	2870	2.312821
2776	2880	2.320879
2777	2880	2.320879
2778	2880	2.320879
2779	2884	2.324103
2780	2881	2.321685
2781	2855	2.300733
2782	2864	2.307985
2783	2880	2.320879
2784	2868	2.311209
2785	2880	2.320879
2786	2884	2.324103
2787	2880	2.320879
2788	2880	2.320879
2789	2880	2.320879
2790	2885	2.324908
2791	2880	2.320879
2792	2880	2.320879
2793	2880	2.320879
2794	2880	2.320879
2795	2887	2.326520
2796	2896	2.333773
2797	2880	2.320879
2798	2881	2.321685
2799	2880	2.320879
2800	2880	2.320879
2801	2887	2.326520
2802	2900	2.336996
2803	2896	2.333773
2804	2884	2.324103
2805	2880	2.320879
2806	2900	2.336996
2807	2884	2.324103
2808	2887	2.326520
2809	2887	2.326520
2810	2880	2.320879
2811	2887	2.326520
2812	2880	2.320879
2813	2881	2.321685
2814	2887	2.326520
2815	2880	2.320879
2816	2897	2.334579
2817	2884	2.324103
2818	2884	2.324103
2819	2887	2.326520
2820	2869	2.312015
2821	2884	2.324103
2822	2881	2.321685
2823	2886	2.325714
2824	2880	2.320879
2825	2884	2.324103
2826	2884	2.324103
2827	2885	2.324908
2828	2900	2.336996
2829	2901	2.337802
2830	2887	2.326520
2831	2887	2.326520
2832	2900	2.336996
2833	2892	2.330549
2834	2887	2.326520
2835	2896	2.333773
2836	2887	2.326520
2837	2884	2.324103
2838	2885	2.324908
2839	2900	2.336996
2840	2887	2.326520
2841	2892	2.330549
2842	2896	2.333773
2843	2900	2.336996
2844	2900	2.336996
2845	2903	2.339414
2846	2900	2.336996
2847	2884	2.324103
2848	2896	2.333773
2849	2887	2.326520
2850	2900	2.336996
2851	2896	2.333773
2852	2900	2.336996
2853	2900	2.336996
2854	2903	2.339414
2855	2908	2.343443
2856	2896	2.333773
2857	2903	2.339414
2858	2903	2.339414
2859	2901	2.337802
2860	2896	2.333773
2861	2903	2.339414
2862	2901	2.337802
2863	2908	2.343443
2864	2908	2.343443
2865	2900	2.336996
2866	2911	2.345861
2867	2896	2.333773
2868	2909	2.344249
2869	2896	2.333773
2870	2896	2.333773
2871	2903	2.339414
2872	2903	2.339414
2873	2908	2.343443
2874	2916	2.349890
2875	2900	2.336996
2876	2908	2.343443
2877	2903	2.339414
2878	2903	2.339414
2879	2897	2.334579
2880	2916	2.349890
2881	2918	2.351502
2882	2911	2.345861
2883	2903	2.339414
2884	2911	2.345861
2885	2897	2.334579
2886	2932	2.362784
2887	2909	2.344249
2888	2916	2.349890
2889	2911	2.345861
2890	2928	2.359560
2891	2900	2.336996
2892	2916	2.349890
2893	2909	2.344249
2894	2908	2.343443
2895	2918	2.351502
2896	2916	2.349890
2897	2897	2.334579
2898	2919	2.352308
2899	2903	2.339414
2900	2903	2.339414
2901	2911	2.345861
2902	2924	2.356337
2903	2903	2.339414
2904	2911	2.345861
2905	2919	2.352308
2906	2917	2.350696
2907	2916	2.349890
2908	2901	2.337802
2909	2916	2.349890
2910	2911	2.345861
2911	2918	2.351502
2912	2919	2.352308
2913	2903	2.339414
2914	2919	2.352308
2915	2928	2.359560
2916	2928	2.359560
2917	2909	2.344249
2918	2919	2.352308
2919	2928	2.359560
2920	2917	2.350696
2921	2928	2.359560
2922	2928	2.359560
2923	2919	2.352308
2924	2919	2.352308
2925	2919	2.352308
2926	2911	2.345861
2927	2919	2.352308
2928	2932	2.362784
2929	2919	2.352308
2930	2928	2.359560
2931	2919	2.352308
2932	2919	2.352308
2933	2919	2.352308
2934	2928	2.359560
2935	2911	2.345861
2936	2919	2.352308
2937	2919	2.352308
2938	2928	2.359560
2939	2933	2.363590
2940	2932	2.362784
2941	2924	2.356337
2942	2919	2.352308
2943	2933	2.363590
2944	2932	2.362784
2945	2928	2.359560
2946	2928	2.359560
2947	2928	2.359560
2948	2924	2.356337
2949	2928	2.359560
2950	2928	2.359560
2951	2929	2.360366
2952	2932	2.362784
2953	2928	2.359560
2954	2928	2.359560
2955	2928	2.359560
2956	2934	2.364396
2957	2919	2.352308
2958	2928	2.359560
2959	2935	2.365201
2960	2919	2.352308
2961	2928	2.359560
2962	2928	2.359560
2963	2928	2.359560
2964	2919	2.352308
2965	2932	2.362784
2966	2944	2.372454
2967	2928	2.359560
2968	2919	2.352308
2969	2928	2.359560
2970	2933	2.363590
2971	2948	2.375678
2972	2929	2.360366
2973	2932	2.362784
2974	2935	2.365201
2975	2932	2.362784
2976	2933	2.363590
2977	2928	2.359560
2978	2935	2.365201
2979	2933	2.363590
2980	2944	2.372454
2981	2934	2.364396
2982	2929	2.360366
2983	2919	2.352308
2984	2928	2.359560
2985	2928	2.359560
2986	2948	2.375678
2987	2932	2.362784
2988	2935	2.365201
2989	2932	2.362784
2990	2948	2.375678
2991	2932	2.362784
2992	2935	2.365201
2993	2944	2.372454
2994	2935	2.365201
2995	2944	2.372454
2996	2948	2.375678
2997	2928	2.359560
2998	2944	2.372454
2999	2935	2.365201
3000	2935	2.365201
3001	2944	2.372454
3002	2944	2.372454
3003	2944	2.372454
3004	2935	2.365201
3005	2944	2.372454
3006	2944	2.372454
3007	2932	2.362784
3008	2944	2.372454
3009	2944	2.372454
3010	2932	2.362784
3011	2944	2.372454
3012	2945	2.373260
3013	2935	2.365201
3014	2932	2.362784
3015	2935	2.365201
3016	2944	2.372454
3017	2948	2.375678
3018	2932	2.362784
3019	2935	2.365201
3020	2944	2.372454
3021	2944	2.372454
3022	2934	2.364396
3023	2944	2.372454
3024	2948	2.375678
3025	2944	2.372454
3026	2948	2.375678
3027	2948	2.375678
3028	2950	2.377289
3029	2944	2.372454
3030	2935	2.365201
3031	2945	2.373260
3032	2935	2.365201
3033	2935	2.365201
3034	2944	2.372454
3035	2932	2.362784
3036	2951	2.378095
3037	2935	2.365201
3038	2934	2.364396
3039	2935	2.365201
3040	2935	2.365201
3041	2944	2.372454
3042	2948	2.375678
3043	2935	2.365201
3044	2928	2.359560
3045	2928	2.359560
3046	2944	2.372454
3047	2944	2.372454
3048	2932	2.362784
3049	2944	2.372454
3050	2944	2.372454
3051	2935	2.365201
3052	2928	2.359560
3053	2932	2.362784
3054	2929	2.360366
3055	2944	2.372454
3056	2944	2.372454
3057	2935	2.365201
3058	2949	2.376484
3059	2948	2.375678
3060	2948	2.375678
3061	2951	2.378095
3062	2933	2.363590
3063	2951	2.378095
3064	2950	2.377289
3065	2948	2.375678
3066	2944	2.372454
3067	2944	2.372454
3068	2945	2.373260
3069	2944	2.372454
3070	2944	2.372454
3071	2948	2.375678
3072	2945	2.373260
3073	2948	2.375678
3074	2951	2.378095
3075	2935	2.365201
3076	2945	2.373260
3077	2948	2.375678
3078	2935	2.365201
3079	2949	2.376484
3080	2951	2.378095
3081	2944	2.372454
3082	2956	2.382125
3083	2935	2.365201
3084	2945	2.373260
3085	2948	2.375678
3086	2935	2.365201
3087	2944	2.372454
3088	2951	2.378095
3089	2951	2.378095
3090	2944	2.372454
3091	2944	2.372454
3092	2944	2.372454
3093	2948	2.375678
3094	2944	2.372454
3095	2951	2.378095
3096	2948	2.375678
3097	2944	2.372454
3098	2951	2.378095
3099	2935	2.365201
3100	2944	2.372454
3101	2948	2.375678
3102	2951	2.378095
3103	2949	2.376484
3104	2949	2.376484
3105	2935	2.365201
3106	2934	2.364396
3107	2948	2.375678
3108	2945	2.373260
3109	2944	2.372454
3110	2949	2.376484
3111	2948	2.375678
3112	2944	2.372454
3113	2948	2.375678
3114	2949	2.376484
3115	2944	2.372454
3116	2935	2.365201
3117	2944	2.372454
3118	2960	2.385348
3119	2956	2.382125
3120	2944	2.372454
3121	2944	2.372454
3122	2948	2.375678
3123	2944	2.372454
3124	2960	2.385348
3125	2948	2.375678
3126	2944	2.372454
3127	2932	2.362784
3128	2935	2.365201
3129	2951	2.378095
3130	2951	2.378095
3131	2960	2.385348
3132	2944	2.372454
3133	2944	2.372454
3134	2951	2.378095
3135	2948	2.375678
3136	2948	2.375678
3137	2945	2.373260
3138	2951	2.378095
3139	2951	2.378095
3140	2951	2.378095
3141	2948	2.375678
3142	2944	2.372454
3143	2960	2.385348
3144	2944	2.372454
3145	2944	2.372454
3146	2966	2.390183
3147	2951	2.378095
3148	2951	2.378095
3149	2950	2.377289
3150	2951	2.378095
3151	2944	2.372454
3152	2945	2.373260
3153	2951	2.378095
3154	2956	2.382125
3155	2951	2.378095
3156	2951	2.378095
3157	2945	2.373260
3158	2950	2.377289
3159	2948	2.375678
3160	2951	2.378095
3161	2948	2.375678
3162	2964	2.388571
3163	2951	2.378095
3164	2948	2.375678
3165	2951	2.378095
3166	2951	2.378095
3167	2956	2.382125
3168	2960	2.385348
3169	2951	2.378095
3170	2951	2.378095
3171	2960	2.385348
3172	2945	2.373260
3173	2948	2.375678
3174	2951	2.378095
3175	2960	2.385348
3176	2944	2.372454
3177	2956	2.382125
3178	2951	2.378095
3179	2949	2.376484
3180	2951	2.378095
3181	2945	2.373260
3182	2950	2.377289
3183	2951	2.378095
3184	2950	2.377289
3185	2956	2.382125
3186	2944	2.372454
3187	2951	2.378095
3188	2951	2.378095
3189	2935	2.365201
3190	2951	2.378095
3191	2951	2.378095
3192	2951	2.378095
3193	2944	2.372454
3194	2960	2.385348
3195	2951	2.378095
3196	2960	2.385348
3197	2961	2.386154
3198	2960	2.385348
3199	2956	2.382125
3200	2948	2.375678
3201	2951	2.378095
3202	2956	2.382125
3203	2964	2.388571
3204	2956	2.382125
3205	2951	2.378095
3206	2951	2.378095
3207	2949	2.376484
3208	2951	2.378095
3209	2960	2.385348
3210	2951	2.378095
3211	2956	2.382125
3212	2960	2.385348
3213	2956	2.382125
3214	2960	2.385348
3215	2948	2.375678
3216	2948	2.375678
3217	2965	2.389377
3218	2960	2.385348
3219	2960	2.385348
3220	2956	2.382125
3221	2960	2.385348
3222	2948	2.375678
3223	2951	2.378095
3224	2951	2.378095
3225	2951	2.378095
3226	2967	2.390989
3227	2956	2.382125
3228	2950	2.377289
3229	2951	2.378095
3230	2964	2.388571
3231	2949	2.376484
3232	2964	2.388571
3233	2951	2.378095
3234	2960	2.385348
3235	2956	2.382125
3236	2951	2.378095
3237	2961	2.386154
3238	2960	2.385348
3239	2951	2.378095
3240	2951	2.378095
3241	2960	2.385348
3242	2960	2.385348
3243	2960	2.385348
3244	2956	2.382125
3245	2964	2.388571
3246	2960	2.385348
3247	2960	2.385348
3248	2951	2.378095
3249	2951	2.378095
3250	2951	2.378095
3251	2951	2.378095
3252	2960	2.385348
3253	2960	2.385348
3254	2948	2.375678
3255	2966	2.390183
3256	2965	2.389377
3257	2951	2.378095
3258	2966	2.390183
3259	2967	2.390989
3260	2956	2.382125
3261	2960	2.385348
3262	2951	2.378095
3263	2960	2.385348
3264	2956	2.382125
3265	2964	2.388571
3266	2961	2.386154
3267	2961	2.386154
3268	2945	2.373260
3269	2961	2.386154
3270	2960	2.385348
3271	2960	2.385348
3272	2967	2.390989
3273	2951	2.378095
3274	2964	2.388571
3275	2965	2.389377
3276	2960	2.385348
3277	2967	2.390989
3278	2960	2.385348
3279	2944	2.372454
3280	2960	2.385348
3281	2961	2.386154
3282	2956	2.382125
3283	2951	2.378095
3284	2960	2.385348
3285	2964	2.388571
3286	2964	2.388571
3287	2960	2.385348
3288	2960	2.385348
3289	2951	2.378095
3290	2965	2.389377
3291	2960	2.385348
3292	2964	2.388571
3293	2961	2.386154
3294	2960	2.385348
3295	2966	2.390183
3296	2960	2.385348
3297	2957	2.382930
3298	2967	2.390989
3299	2964	2.388571
3300	2960	2.385348
3301	2949	2.376484
3302	2967	2.390989
3303	2949	2.376484
3304	2967	2.390989
3305	2965	2.389377
3306	2967	2.390989
3307	2951	2.378095
3308	2964	2.388571
3309	2967	2.390989
3310	2964	2.388571
3311	2967	2.390989
3312	2964	2.388571
3313	2960	2.385348
3314	2960	2.385348
3315	2964	2.388571
3316	2964	2.388571
3317	2951	2.378095
3318	2966	2.390183
3319	2974	2.396630
3320	2960	2.385348
3321	2967	2.390989
3322	2960	2.385348
3323	2974	2.396630
3324	2981	2.402271
3325	2967	2.390989
3326	2960	2.385348
3327	2964	2.388571
3328	2981	2.402271
3329	2961	2.386154
3330	2965	2.389377
3331	2960	2.385348
3332	2967	2.390989
3333	2960	2.385348
3334	2961	2.386154
3335	2964	2.388571
3336	2964	2.388571
3337	2975	2.397436
3338	2967	2.390989
3339	2964	2.388571
3340	2964	2.388571
3341	2961	2.386154
3342	2967	2.390989
3343	2960	2.385348
3344	2965	2.389377
3345	2964	2.388571
3346	2961	2.386154
3347	2966	2.390183
3348	2975	2.397436
3349	2967	2.390989
3350	2967	2.390989
3351	2975	2.397436
3352	2960	2.385348
3353	2960	2.385348
3354	2964	2.388571
3355	2964	2.388571
3356	2967	2.390989
3357	2967	2.390989
3358	2964	2.388571
3359	2951	2.378095
3360	2964	2.388571
3361	2964	2.388571
3362	2967	2.390989
3363	2960	2.385348
3364	2965	2.389377
3365	2965	2.389377
3366	2960	2.385348
3367	2967	2.390989
3368	2964	2.388571
3369	2966	2.390183
3370	2973	2.395824
3371	2960	2.385348
3372	2973	2.395824
3373	2967	2.390989
3374	2960	2.385348
3375	2951	2.378095
3376	2967	2.390989
3377	2967	2.390989
3378	2965	2.389377
3379	2967	2.390989
3380	2960	2.385348
3381	2960	2.385348
3382	2964	2.388571
3383	2956	2.382125
3384	2973	2.395824
3385	2951	2.378095
3386	2964	2.388571
3387	2967	2.390989
3388	2964	2.388571
3389	2951	2.378095
3390	2965	2.389377
3391	2966	2.390183
3392	2972	2.395018
3393	2967	2.390989
3394	2967	2.390989
3395	2951	2.378095
3396	2965	2.389377
3397	2960	2.385348
3398	2967	2.390989
3399	2967	2.390989
3400	2967	2.390989
3401	2960	2.385348
3402	2960	2.385348
3403	2960	2.385348
3404	2961	2.386154
3405	2964	2.388571
3406	2972	2.395018
3407	2965	2.389377
3408	2956	2.382125
3409	2964	2.388571
3410	2960	2.385348
3411	2967	2.390989
3412	2966	2.390183
3413	2964	2.388571
3414	2956	2.382125
3415	2964	2.388571
3416	2951	2.378095
3417	2948	2.375678
3418	2964	2.388571
3419	2960	2.385348
3420	2964	2.388571
3421	2951	2.378095
3422	2973	2.395824
3423	2960	2.385348
3424	2956	2.382125
3425	2964	2.388571
3426	2949	2.376484
3427	2960	2.385348
3428	2951	2.378095
3429	2951	2.378095
3430	2960	2.385348
3431	2960	2.385348
3432	2960	2.385348
3433	2960	2.385348
3434	2964	2.388571
3435	2961	2.386154
3436	2967	2.390989
3437	2951	2.378095
3438	2960	2.385348
3439	2964	2.388571
3440	2961	2.386154
3441	2960	2.385348
3442	2951	2.378095
3443	2967	2.390989
3444	2964	2.388571
3445	2951	2.378095
3446	2960	2.385348
3447	2960	2.385348
3448	2948	2.375678
3449	2948	2.375678
3450	2961	2.386154
3451	2960	2.385348
3452	2960	2.385348
3453	2960	2.385348
3454	2967	2.390989
3455	2961	2.386154
3456	2956	2.382125
3457	2951	2.378095
3458	2964	2.388571
3459	2956	2.382125
3460	2960	2.385348
3461	2951	2.378095
3462	2961	2.386154
3463	2951	2.378095
3464	2967	2.390989
3465	2964	2.388571
3466	2967	2.390989
3467	2960	2.385348
3468	2951	2.378095
3469	2964	2.388571
3470	2960	2.385348
3471	2951	2.378095
3472	2960	2.385348
3473	2967	2.390989
3474	2973	2.395824
3475	2948	2.375678
3476	2951	2.378095
3477	2964	2.388571
3478	2964	2.388571
3479	2966	2.390183
3480	2960	2.385348
3481	2960	2.385348
3482	2951	2.378095
3483	2964	2.388571
3484	2960	2.385348
3485	2967	2.390989
3486	2964	2.388571
3487	2956	2.382125
3488	2964	2.388571
3489	2948	2.375678
3490	2964	2.388571
3491	2960	2.385348
3492	2964	2.388571
3493	2948	2.375678
3494	2951	2.378095
3495	2967	2.390989
3496	2948	2.375678
3497	2950	2.377289
3498	2949	2.376484
3499	2949	2.376484
3500	2948	2.375678
3501	2964	2.388571
3502	2948	2.375678
3503	2949	2.376484
3504	2951	2.378095
3505	2951	2.378095
3506	2945	2.373260
3507	2948	2.375678
3508	2960	2.385348
3509	2960	2.385348
3510	2951	2.378095
3511	2951	2.378095
3512	2956	2.382125
3513	2960	2.385348
3514	2951	2.378095
3515	2944	2.372454
3516	2949	2.376484
3517	2948	2.375678
3518	2949	2.376484
3519	2951	2.378095
3520	2950	2.377289
3521	2944	2.372454
3522	2949	2.376484
3523	2948	2.375678
3524	2960	2.385348
3525	2944	2.372454
3526	2944	2.372454
3527	2948	2.375678
3528	2935	2.365201
3529	2950	2.377289
3530	2951	2.378095
3531	2944	2.372454
3532	2951	2.378095
3533	2935	2.365201
3534	2944	2.372454
3535	2945	2.373260
3536	2948	2.375678
3537	2948	2.375678
3538	2935	2.365201
3539	2944	2.372454
3540	2948	2.375678
3541	2935	2.365201
3542	2944	2.372454
3543	2944	2.372454
3544	2944	2.372454
3545	2935	2.365201
3546	2948	2.375678
3547	2944	2.372454
3548	2935	2.365201
3549	2944	2.372454
3550	2944	2.372454
3551	2944	2.372454
3552	2944	2.372454
3553	2935	2.365201
3554	2933	2.363590
3555	2935	2.365201
3556	2932	2.362784
3557	2935	2.365201
3558	2944	2.372454
3559	2944	2.372454
3560	2934	2.364396
3561	2944	2.372454
3562	2945	2.373260
3563	2944	2.372454
3564	2929	2.360366
3565	2948	2.375678
3566	2935	2.365201
3567	2934	2.364396
3568	2935	2.365201
3569	2935	2.365201
3570	2944	2.372454
3571	2951	2.378095
3572	2934	2.364396
3573	2935	2.365201
3574	2944	2.372454
3575	2934	2.364396
3576	2944	2.372454
3577	2924	2.356337
3578	2928	2.359560
3579	2933	2.363590
3580	2934	2.364396
3581	2932	2.362784
3582	2928	2.359560
3583	2928	2.359560
3584	2933	2.363590
3585	2919	2.352308
3586	2919	2.352308
3587	2911	2.345861
3588	2924	2.356337
3589	2919	2.352308
3590	2933	2.363590
3591	2919	2.352308
3592	2919	2.352308
3593	2928	2.359560
3594	2928	2.359560
3595	2932	2.362784
3596	2928	2.359560
3597	2919	2.352308
3598	2928	2.359560
3599	2919	2.352308
3600	2928	2.359560
3601	2924	2.356337
3602	2928	2.359560
3603	2911	2.345861
3604	2932	2.362784
3605	2924	2.356337
3606	2911	2.345861
3607	2911	2.345861
3608	2919	2.352308
3609	2916	2.349890
3610	2916	2.349890
3611	2919	2.352308
3612	2911	2.345861
3613	2919	2.352308
3614	2911	2.345861
3615	2932	2.362784
3616	2928	2.359560
3617	2919	2.352308
3618	2919	2.352308
3619	2919	2.352308
3620	2911	2.345861
3621	2911	2.345861
3622	2919	2.352308
3623	2919	2.352308
3624	2929	2.360366
3625	2919	2.352308
3626	2917	2.350696
3627	2916	2.349890
3628	2928	2.359560
3629	2908	2.343443
3630	2911	2.345861
3631	2911	2.345861
3632	2917	2.350696
3633	2916	2.349890
3634	2916	2.349890
3635	2911	2.345861
3636	2909	2.344249
3637	2897	2.334579
3638	2928	2.359560
3639	2903	2.339414
3640	2911	2.345861
3641	2903	2.339414
3642	2908	2.343443
3643	2911	2.345861
3644	2911	2.345861
3645	2903	2.339414
3646	2917	2.350696
3647	2916	2.349890
