Pixel,ADC,VoltageV
1,3941,3.175897
2,3941,3.175897
3,3945,3.179121
4,3933,3.169451
5,3937,3.172674
6,3933,3.169451
7,3941,3.175897
8,3933,3.169451
9,3933,3.169451
10,3941,3.175897
11,3933,3.169451
12,3933,3.169451
13,3933,3.169451
14,3941,3.175897
15,3933,3.169451
16,3929,3.166227
17,3093,2.492527
18,2485,2.002564
19,2513,2.025128
20,2517,2.028352
21,2529,2.038022
22,2525,2.034799
23,2544,2.050110
24,2545,2.050916
25,2532,2.040440
26,2533,2.041245
27,2540,2.046886
28,2529,2.038022
29,2524,2.033993
30,2544,2.050110
31,2540,2.046886
32,2525,2.034799
33,2537,2.044469
34,2525,2.034799
35,2545,2.050916
36,2537,2.044469
37,2537,2.044469
38,2533,2.041245
39,2533,2.041245
40,2544,2.050110
41,2525,2.034799
42,2533,2.041245
43,2533,2.041245
44,2544,2.050110
45,2549,2.054139
46,2540,2.046886
47,2525,2.034799
48,2541,2.047692
49,2527,2.036410
50,2525,2.034799
51,2548,2.053333
52,2533,2.041245
53,2525,2.034799
54,2533,2.041245
55,2537,2.044469
56,2533,2.041245
57,2529,2.038022
58,2521,2.031575
59,2521,2.031575
60,2529,2.038022
61,2541,2.047692
62,2525,2.034799
63,2525,2.034799
64,2533,2.041245
65,2517,2.028352
66,2521,2.031575
67,2533,2.041245
68,2525,2.034799
69,2521,2.031575
70,2525,2.034799
71,2525,2.034799
72,2525,2.034799
73,2533,2.041245
74,2525,2.034799
75,2541,2.047692
76,2537,2.044469
77,2525,2.034799
78,2544,2.050110
79,2544,2.050110
80,2544,2.050110
81,2545,2.050916
82,2533,2.041245
83,2533,2.041245
84,2545,2.050916
85,2537,2.044469
86,2525,2.034799
87,2544,2.050110
88,2525,2.034799
89,2532,2.040440
90,2544,2.050110
91,2544,2.050110
92,2544,2.050110
93,2525,2.034799
94,2541,2.047692
95,2533,2.041245
96,2541,2.047692
97,2525,2.034799
98,2517,2.028352
99,2533,2.041245
100,2525,2.034799
101,2533,2.041245
102,2525,2.034799
103,2517,2.028352
104,2521,2.031575
105,2525,2.034799
106,2529,2.038022
107,2545,2.050916
108,2533,2.041245
109,2533,2.041245
110,2533,2.041245
111,2521,2.031575
112,2529,2.038022
113,2533,2.041245
114,2533,2.041245
115,2517,2.028352
116,2533,2.041245
117,2532,2.040440
118,2524,2.033993
119,2541,2.047692
120,2521,2.031575
121,2525,2.034799
122,2525,2.034799
123,2533,2.041245
124,2525,2.034799
125,2537,2.044469
126,2525,2.034799
127,2533,2.041245
128,2517,2.028352
129,2524,2.033993
130,2533,2.041245
131,2537,2.044469
132,2521,2.031575
133,2525,2.034799
134,2525,2.034799
135,2525,2.034799
136,2533,2.041245
137,2525,2.034799
138,2533,2.041245
139,2549,2.054139
140,2541,2.047692
141,2548,2.053333
142,2545,2.050916
143,2537,2.044469
144,2533,2.041245
145,2541,2.047692
146,2537,2.044469
147,2533,2.041245
148,2533,2.041245
149,2540,2.046886
150,2544,2.050110
151,2525,2.034799
152,2537,2.044469
153,2544,2.050110
154,2533,2.041245
155,2537,2.044469
156,2544,2.050110
157,2533,2.041245
158,2525,2.034799
159,2553,2.057363
160,2517,2.028352
161,2525,2.034799
162,2533,2.041245
163,2525,2.034799
164,2537,2.044469
165,2533,2.041245
166,2537,2.044469
167,2529,2.038022
168,2537,2.044469
169,2537,2.044469
170,2537,2.044469
171,2533,2.041245
172,2537,2.044469
173,2533,2.041245
174,2544,2.050110
175,2525,2.034799
176,2545,2.050916
177,2537,2.044469
178,2521,2.031575
179,2533,2.041245
180,2533,2.041245
181,2525,2.034799
182,2524,2.033993
183,2525,2.034799
184,2517,2.028352
185,2512,2.024322
186,2525,2.034799
187,2525,2.034799
188,2524,2.033993
189,2517,2.028352
190,2525,2.034799
191,2521,2.031575
192,2521,2.031575
193,2529,2.038022
194,2533,2.041245
195,2524,2.033993
196,2533,2.041245
197,2525,2.034799
198,2517,2.028352
199,2521,2.031575
200,2513,2.025128
201,2517,2.028352
202,2521,2.031575
203,2516,2.027546
204,2524,2.033993
205,2525,2.034799
206,2521,2.031575
207,2529,2.038022
208,2525,2.034799
209,2525,2.034799
210,2533,2.041245
211,2527,2.036410
212,2525,2.034799
213,2541,2.047692
214,2533,2.041245
215,2512,2.024322
216,2533,2.041245
217,2525,2.034799
218,2525,2.034799
219,2525,2.034799
220,2532,2.040440
221,2521,2.031575
222,2533,2.041245
223,2544,2.050110
224,2533,2.041245
225,2525,2.034799
226,2525,2.034799
227,2525,2.034799
228,2532,2.040440
229,2541,2.047692
230,2544,2.050110
231,2525,2.034799
232,2521,2.031575
233,2525,2.034799
234,2525,2.034799
235,2533,2.041245
236,2521,2.031575
237,2525,2.034799
238,2525,2.034799
239,2532,2.040440
240,2540,2.046886
241,2533,2.041245
242,2537,2.044469
243,2517,2.028352
244,2525,2.034799
245,2525,2.034799
246,2533,2.041245
247,2525,2.034799
248,2544,2.050110
249,2540,2.046886
250,2524,2.033993
251,2521,2.031575
252,2544,2.050110
253,2537,2.044469
254,2537,2.044469
255,2521,2.031575
256,2525,2.034799
257,2525,2.034799
258,2541,2.047692
259,2533,2.041245
260,2545,2.050916
261,2533,2.041245
262,2537,2.044469
263,2545,2.050916
264,2525,2.034799
265,2533,2.041245
266,2521,2.031575
267,2533,2.041245
268,2525,2.034799
269,2541,2.047692
270,2537,2.044469
271,2517,2.028352
272,2525,2.034799
273,2517,2.028352
274,2525,2.034799
275,2513,2.025128
276,2524,2.033993
277,2525,2.034799
278,2525,2.034799
279,2525,2.034799
280,2533,2.041245
281,2525,2.034799
282,2525,2.034799
283,2517,2.028352
284,2513,2.025128
285,2525,2.034799
286,2525,2.034799
287,2521,2.031575
288,2525,2.034799
289,2537,2.044469
290,2545,2.050916
291,2533,2.041245
292,2541,2.047692
293,2517,2.028352
294,2525,2.034799
295,2533,2.041245
296,2533,2.041245
297,2525,2.034799
298,2525,2.034799
299,2525,2.034799
300,2525,2.034799
301,2525,2.034799
302,2525,2.034799
303,2517,2.028352
304,2517,2.028352
305,2525,2.034799
306,2524,2.033993
307,2521,2.031575
308,2525,2.034799
309,2533,2.041245
310,2517,2.028352
311,2521,2.031575
312,2537,2.044469
313,2525,2.034799
314,2533,2.041245
315,2525,2.034799
316,2537,2.044469
317,2537,2.044469
318,2537,2.044469
319,2545,2.050916
320,2529,2.038022
321,2537,2.044469
322,2525,2.034799
323,2533,2.041245
324,2544,2.050110
325,2541,2.047692
326,2533,2.041245
327,2541,2.047692
328,2544,2.050110
329,2537,2.044469
330,2544,2.050110
331,2540,2.046886
332,2557,2.060586
333,2545,2.050916
334,2549,2.054139
335,2533,2.041245
336,2537,2.044469
337,2537,2.044469
338,2540,2.046886
339,2540,2.046886
340,2545,2.050916
341,2545,2.050916
342,2544,2.050110
343,2545,2.050916
344,2532,2.040440
345,2541,2.047692
346,2545,2.050916
347,2549,2.054139
348,2545,2.050916
349,2537,2.044469
350,2549,2.054139
351,2549,2.054139
352,2544,2.050110
353,2553,2.057363
354,2541,2.047692
355,2541,2.047692
356,2549,2.054139
357,2549,2.054139
358,2553,2.057363
359,2549,2.054139
360,2545,2.050916
361,2545,2.050916
362,2565,2.067033
363,2549,2.054139
364,2533,2.041245
365,2537,2.044469
366,2549,2.054139
367,2540,2.046886
368,2541,2.047692
369,2533,2.041245
370,2541,2.047692
371,2533,2.041245
372,2545,2.050916
373,2541,2.047692
374,2525,2.034799
375,2525,2.034799
376,2533,2.041245
377,2533,2.041245
378,2525,2.034799
379,2529,2.038022
380,2525,2.034799
381,2533,2.041245
382,2545,2.050916
383,2521,2.031575
384,2537,2.044469
385,2524,2.033993
386,2525,2.034799
387,2517,2.028352
388,2525,2.034799
389,2529,2.038022
390,2545,2.050916
391,2533,2.041245
392,2533,2.041245
393,2525,2.034799
394,2537,2.044469
395,2533,2.041245
396,2540,2.046886
397,2541,2.047692
398,2533,2.041245
399,2524,2.033993
400,2525,2.034799
401,2541,2.047692
402,2517,2.028352
403,2537,2.044469
404,2521,2.031575
405,2517,2.028352
406,2525,2.034799
407,2537,2.044469
408,2525,2.034799
409,2533,2.041245
410,2537,2.044469
411,2544,2.050110
412,2544,2.050110
413,2537,2.044469
414,2533,2.041245
415,2537,2.044469
416,2545,2.050916
417,2521,2.031575
418,2537,2.044469
419,2532,2.040440
420,2545,2.050916
421,2544,2.050110
422,2525,2.034799
423,2533,2.041245
424,2533,2.041245
425,2521,2.031575
426,2529,2.038022
427,2525,2.034799
428,2525,2.034799
429,2517,2.028352
430,2533,2.041245
431,2525,2.034799
432,2541,2.047692
433,2525,2.034799
434,2525,2.034799
435,2524,2.033993
436,2525,2.034799
437,2529,2.038022
438,2525,2.034799
439,2525,2.034799
440,2517,2.028352
441,2525,2.034799
442,2533,2.041245
443,2525,2.034799
444,2533,2.041245
445,2513,2.025128
446,2525,2.034799
447,2553,2.057363
448,2541,2.047692
449,2541,2.047692
450,2544,2.050110
451,2544,2.050110
452,2557,2.060586
453,2541,2.047692
454,2533,2.041245
455,2533,2.041245
456,2529,2.038022
457,2525,2.034799
458,2516,2.027546
459,2533,2.041245
460,2525,2.034799
461,2521,2.031575
462,2529,2.038022
463,2525,2.034799
464,2544,2.050110
465,2521,2.031575
466,2533,2.041245
467,2537,2.044469
468,2544,2.050110
469,2549,2.054139
470,2525,2.034799
471,2556,2.059780
472,2553,2.057363
473,2537,2.044469
474,2553,2.057363
475,2549,2.054139
476,2557,2.060586
477,2561,2.063810
478,2549,2.054139
479,2549,2.054139
480,2553,2.057363
481,2553,2.057363
482,2545,2.050916
483,2540,2.046886
484,2537,2.044469
485,2529,2.038022
486,2544,2.050110
487,2545,2.050916
488,2545,2.050916
489,2532,2.040440
490,2525,2.034799
491,2537,2.044469
492,2545,2.050916
493,2537,2.044469
494,2545,2.050916
495,2541,2.047692
496,2544,2.050110
497,2549,2.054139
498,2553,2.057363
499,2545,2.050916
500,2565,2.067033
501,2565,2.067033
502,2549,2.054139
503,2533,2.041245
504,2553,2.057363
505,2565,2.067033
506,2548,2.053333
507,2549,2.054139
508,2544,2.050110
509,2540,2.046886
510,2533,2.041245
511,2533,2.041245
512,2537,2.044469
513,2533,2.041245
514,2525,2.034799
515,2524,2.033993
516,2549,2.054139
517,2537,2.044469
518,2544,2.050110
519,2521,2.031575
520,2545,2.050916
521,2549,2.054139
522,2544,2.050110
523,2549,2.054139
524,2545,2.050916
525,2557,2.060586
526,2549,2.054139
527,2548,2.053333
528,2556,2.059780
529,2557,2.060586
530,2557,2.060586
531,2549,2.054139
532,2557,2.060586
533,2557,2.060586
534,2577,2.076703
535,2565,2.067033
536,2559,2.062198
537,2565,2.067033
538,2565,2.067033
539,2557,2.060586
540,2569,2.070256
541,2545,2.050916
542,2553,2.057363
543,2549,2.054139
544,2549,2.054139
545,2549,2.054139
546,2549,2.054139
547,2548,2.053333
548,2549,2.054139
549,2544,2.050110
550,2553,2.057363
551,2545,2.050916
552,2565,2.067033
553,2545,2.050916
554,2545,2.050916
555,2553,2.057363
556,2545,2.050916
557,2557,2.060586
558,2549,2.054139
559,2556,2.059780
560,2557,2.060586
561,2557,2.060586
562,2565,2.067033
563,2565,2.067033
564,2557,2.060586
565,2549,2.054139
566,2557,2.060586
567,2557,2.060586
568,2545,2.050916
569,2549,2.054139
570,2545,2.050916
571,2549,2.054139
572,2548,2.053333
573,2549,2.054139
574,2545,2.050916
575,2545,2.050916
576,2553,2.057363
577,2549,2.054139
578,2529,2.038022
579,2545,2.050916
580,2545,2.050916
581,2557,2.060586
582,2545,2.050916
583,2537,2.044469
584,2553,2.057363
585,2545,2.050916
586,2540,2.046886
587,2553,2.057363
588,2548,2.053333
589,2544,2.050110
590,2533,2.041245
591,2549,2.054139
592,2537,2.044469
593,2533,2.041245
594,2533,2.041245
595,2545,2.050916
596,2545,2.050916
597,2549,2.054139
598,2549,2.054139
599,2549,2.054139
600,2544,2.050110
601,2549,2.054139
602,2544,2.050110
603,2553,2.057363
604,2565,2.067033
605,2557,2.060586
606,2541,2.047692
607,2565,2.067033
608,2549,2.054139
609,2565,2.067033
610,2557,2.060586
611,2553,2.057363
612,2557,2.060586
613,2549,2.054139
614,2544,2.050110
615,2556,2.059780
616,2557,2.060586
617,2549,2.054139
618,2557,2.060586
619,2545,2.050916
620,2556,2.059780
621,2549,2.054139
622,2545,2.050916
623,2553,2.057363
624,2557,2.060586
625,2557,2.060586
626,2553,2.057363
627,2559,2.062198
628,2557,2.060586
629,2559,2.062198
630,2557,2.060586
631,2557,2.060586
632,2557,2.060586
633,2557,2.060586
634,2549,2.054139
635,2556,2.059780
636,2569,2.070256
637,2553,2.057363
638,2569,2.070256
639,2565,2.067033
640,2581,2.079927
641,2577,2.076703
642,2573,2.073480
643,2557,2.060586
644,2569,2.070256
645,2565,2.067033
646,2565,2.067033
647,2557,2.060586
648,2545,2.050916
649,2549,2.054139
650,2557,2.060586
651,2545,2.050916
652,2553,2.057363
653,2557,2.060586
654,2557,2.060586
655,2549,2.054139
656,2557,2.060586
657,2565,2.067033
658,2565,2.067033
659,2557,2.060586
660,2557,2.060586
661,2557,2.060586
662,2565,2.067033
663,2565,2.067033
664,2565,2.067033
665,2553,2.057363
666,2557,2.060586
667,2545,2.050916
668,2553,2.057363
669,2549,2.054139
670,2557,2.060586
671,2557,2.060586
672,2569,2.070256
673,2572,2.072674
674,2557,2.060586
675,2569,2.070256
676,2549,2.054139
677,2557,2.060586
678,2553,2.057363
679,2557,2.060586
680,2573,2.073480
681,2577,2.076703
682,2565,2.067033
683,2557,2.060586
684,2565,2.067033
685,2569,2.070256
686,2573,2.073480
687,2557,2.060586
688,2565,2.067033
689,2557,2.060586
690,2557,2.060586
691,2565,2.067033
692,2549,2.054139
693,2559,2.062198
694,2564,2.066227
695,2564,2.066227
696,2565,2.067033
697,2549,2.054139
698,2565,2.067033
699,2577,2.076703
700,2576,2.075897
701,2569,2.070256
702,2565,2.067033
703,2589,2.086374
704,2577,2.076703
705,2577,2.076703
706,2576,2.075897
707,2569,2.070256
708,2585,2.083150
709,2573,2.073480
710,2569,2.070256
711,2577,2.076703
712,2576,2.075897
713,2581,2.079927
714,2576,2.075897
715,2597,2.092821
716,2577,2.076703
717,2569,2.070256
718,2557,2.060586
719,2581,2.079927
720,2565,2.067033
721,2577,2.076703
722,2577,2.076703
723,2589,2.086374
724,2581,2.079927
725,2577,2.076703
726,2577,2.076703
727,2585,2.083150
728,2589,2.086374
729,2581,2.079927
730,2581,2.079927
731,2581,2.079927
732,2589,2.086374
733,2585,2.083150
734,2581,2.079927
735,2597,2.092821
736,2569,2.070256
737,2569,2.070256
738,2577,2.076703
739,2580,2.079121
740,2588,2.085568
741,2577,2.076703
742,2576,2.075897
743,2577,2.076703
744,2576,2.075897
745,2569,2.070256
746,2569,2.070256
747,2559,2.062198
748,2565,2.067033
749,2576,2.075897
750,2581,2.079927
751,2576,2.075897
752,2577,2.076703
753,2581,2.079927
754,2577,2.076703
755,2585,2.083150
756,2577,2.076703
757,2577,2.076703
758,2585,2.083150
759,2589,2.086374
760,2601,2.096044
761,2585,2.083150
762,2589,2.086374
763,2589,2.086374
764,2585,2.083150
765,2589,2.086374
766,2581,2.079927
767,2577,2.076703
768,2581,2.079927
769,2581,2.079927
770,2581,2.079927
771,2589,2.086374
772,2585,2.083150
773,2581,2.079927
774,2585,2.083150
775,2585,2.083150
776,2585,2.083150
777,2577,2.076703
778,2581,2.079927
779,2581,2.079927
780,2597,2.092821
781,2581,2.079927
782,2585,2.083150
783,2591,2.087985
784,2585,2.083150
785,2588,2.085568
786,2596,2.092015
787,2593,2.089597
788,2585,2.083150
789,2597,2.092821
790,2597,2.092821
791,2589,2.086374
792,2589,2.086374
793,2581,2.079927
794,2580,2.079121
795,2589,2.086374
796,2589,2.086374
797,2597,2.092821
798,2589,2.086374
799,2601,2.096044
800,2585,2.083150
801,2597,2.092821
802,2601,2.096044
803,2589,2.086374
804,2593,2.089597
805,2585,2.083150
806,2588,2.085568
807,2589,2.086374
808,2597,2.092821
809,2601,2.096044
810,2589,2.086374
811,2581,2.079927
812,2597,2.092821
813,2597,2.092821
814,2596,2.092015
815,2605,2.099267
816,2589,2.086374
817,2589,2.086374
818,2597,2.092821
819,2589,2.086374
820,2588,2.085568
821,2597,2.092821
822,2597,2.092821
823,2608,2.101685
824,2609,2.102491
825,2617,2.108938
826,2629,2.118608
827,2621,2.112161
828,2613,2.105714
829,2613,2.105714
830,2621,2.112161
831,2609,2.102491
832,2620,2.111355
833,2621,2.112161
834,2601,2.096044
835,2609,2.102491
836,2613,2.105714
837,2621,2.112161
838,2612,2.104908
839,2620,2.111355
840,2613,2.105714
841,2629,2.118608
842,2625,2.115385
843,2625,2.115385
844,2628,2.117802
845,2641,2.128278
846,2640,2.127473
847,2625,2.115385
848,2624,2.114579
849,2629,2.118608
850,2636,2.124249
851,2645,2.131502
852,2633,2.121832
853,2621,2.112161
854,2629,2.118608
855,2633,2.121832
856,2621,2.112161
857,2617,2.108938
858,2625,2.115385
859,2625,2.115385
860,2617,2.108938
861,2621,2.112161
862,2629,2.118608
863,2625,2.115385
864,2625,2.115385
865,2633,2.121832
866,2633,2.121832
867,2621,2.112161
868,2613,2.105714
869,2613,2.105714
870,2621,2.112161
871,2612,2.104908
872,2617,2.108938
873,2613,2.105714
874,2621,2.112161
875,2617,2.108938
876,2617,2.108938
877,2605,2.099267
878,2609,2.102491
879,2629,2.118608
880,2609,2.102491
881,2612,2.104908
882,2617,2.108938
883,2605,2.099267
884,2613,2.105714
885,2608,2.101685
886,2629,2.118608
887,2629,2.118608
888,2613,2.105714
889,2609,2.102491
890,2625,2.115385
891,2629,2.118608
892,2608,2.101685
893,2617,2.108938
894,2613,2.105714
895,2629,2.118608
896,2629,2.118608
897,2625,2.115385
898,2629,2.118608
899,2625,2.115385
900,2629,2.118608
901,2633,2.121832
902,2609,2.102491
903,2629,2.118608
904,2621,2.112161
905,2624,2.114579
906,2621,2.112161
907,2617,2.108938
908,2625,2.115385
909,2636,2.124249
910,2621,2.112161
911,2621,2.112161
912,2624,2.114579
913,2617,2.108938
914,2625,2.115385
915,2629,2.118608
916,2633,2.121832
917,2633,2.121832
918,2628,2.117802
919,2625,2.115385
920,2625,2.115385
921,2629,2.118608
922,2625,2.115385
923,2621,2.112161
924,2621,2.112161
925,2629,2.118608
926,2640,2.127473
927,2629,2.118608
928,2629,2.118608
929,2621,2.112161
930,2613,2.105714
931,2624,2.114579
932,2633,2.121832
933,2636,2.124249
934,2629,2.118608
935,2640,2.127473
936,2629,2.118608
937,2653,2.137949
938,2633,2.121832
939,2640,2.127473
940,2629,2.118608
941,2633,2.121832
942,2641,2.128278
943,2625,2.115385
944,2633,2.121832
945,2640,2.127473
946,2636,2.124249
947,2645,2.131502
948,2649,2.134725
949,2633,2.121832
950,2641,2.128278
951,2645,2.131502
952,2629,2.118608
953,2636,2.124249
954,2649,2.134725
955,2649,2.134725
956,2649,2.134725
957,2633,2.121832
958,2641,2.128278
959,2633,2.121832
960,2637,2.125055
961,2625,2.115385
962,2640,2.127473
963,2625,2.115385
964,2641,2.128278
965,2644,2.130696
966,2629,2.118608
967,2629,2.118608
968,2641,2.128278
969,2640,2.127473
970,2636,2.124249
971,2649,2.134725
972,2641,2.128278
973,2645,2.131502
974,2653,2.137949
975,2645,2.131502
976,2645,2.131502
977,2645,2.131502
978,2649,2.134725
979,2653,2.137949
980,2641,2.128278
981,2645,2.131502
982,2641,2.128278
983,2645,2.131502
984,2645,2.131502
985,2641,2.128278
986,2645,2.131502
987,2661,2.144396
988,2661,2.144396
989,2661,2.144396
990,2653,2.137949
991,2661,2.144396
992,2657,2.141172
993,2653,2.137949
994,2677,2.157289
995,2653,2.137949
996,2669,2.150842
997,2657,2.141172
998,2669,2.150842
999,2653,2.137949
1000,2657,2.141172
1001,2661,2.144396
1002,2653,2.137949
1003,2668,2.150037
1004,2665,2.147619
1005,2661,2.144396
1006,2660,2.143590
1007,2653,2.137949
1008,2653,2.137949
1009,2665,2.147619
1010,2665,2.147619
1011,2657,2.141172
1012,2661,2.144396
1013,2661,2.144396
1014,2661,2.144396
1015,2665,2.147619
1016,2657,2.141172
1017,2653,2.137949
1018,2645,2.131502
1019,2661,2.144396
1020,2653,2.137949
1021,2645,2.131502
1022,2653,2.137949
1023,2657,2.141172
1024,2657,2.141172
1025,2661,2.144396
1026,2665,2.147619
1027,2665,2.147619
1028,2657,2.141172
1029,2653,2.137949
1030,2653,2.137949
1031,2661,2.144396
1032,2649,2.134725
1033,2665,2.147619
1034,2661,2.144396
1035,2653,2.137949
1036,2661,2.144396
1037,2649,2.134725
1038,2665,2.147619
1039,2672,2.153260
1040,2672,2.153260
1041,2673,2.154066
1042,2668,2.150037
1043,2669,2.150842
1044,2665,2.147619
1045,2672,2.153260
1046,2669,2.150842
1047,2661,2.144396
1048,2665,2.147619
1049,2669,2.150842
1050,2657,2.141172
1051,2672,2.153260
1052,2657,2.141172
1053,2652,2.137143
1054,2653,2.137949
1055,2665,2.147619
1056,2661,2.144396
1057,2673,2.154066
1058,2672,2.153260
1059,2685,2.163736
1060,2685,2.163736
1061,2669,2.150842
1062,2673,2.154066
1063,2673,2.154066
1064,2672,2.153260
1065,2677,2.157289
1066,2676,2.156484
1067,2677,2.157289
1068,2673,2.154066
1069,2677,2.157289
1070,2661,2.144396
1071,2677,2.157289
1072,2661,2.144396
1073,2673,2.154066
1074,2677,2.157289
1075,2673,2.154066
1076,2677,2.157289
1077,2672,2.153260
1078,2673,2.154066
1079,2673,2.154066
1080,2685,2.163736
1081,2673,2.154066
1082,2685,2.163736
1083,2672,2.153260
1084,2677,2.157289
1085,2677,2.157289
1086,2677,2.157289
1087,2681,2.160513
1088,2685,2.163736
1089,2687,2.165348
1090,2685,2.163736
1091,2677,2.157289
1092,2685,2.163736
1093,2685,2.163736
1094,2673,2.154066
1095,2677,2.157289
1096,2685,2.163736
1097,2677,2.157289
1098,2677,2.157289
1099,2685,2.163736
1100,2685,2.163736
1101,2673,2.154066
1102,2685,2.163736
1103,2681,2.160513
1104,2677,2.157289
1105,2681,2.160513
1106,2685,2.163736
1107,2685,2.163736
1108,2687,2.165348
1109,2685,2.163736
1110,2697,2.173407
1111,2704,2.179048
1112,2697,2.173407
1113,2685,2.163736
1114,2700,2.175824
1115,2685,2.163736
1116,2685,2.163736
1117,2681,2.160513
1118,2687,2.165348
1119,2685,2.163736
1120,2704,2.179048
1121,2693,2.170183
1122,2687,2.165348
1123,2685,2.163736
1124,2687,2.165348
1125,2685,2.163736
1126,2693,2.170183
1127,2681,2.160513
1128,2705,2.179853
1129,2677,2.157289
1130,2685,2.163736
1131,2687,2.165348
1132,2687,2.165348
1133,2685,2.163736
1134,2687,2.165348
1135,2693,2.170183
1136,2677,2.157289
1137,2685,2.163736
1138,2685,2.163736
1139,2685,2.163736
1140,2685,2.163736
1141,2685,2.163736
1142,2697,2.173407
1143,2697,2.173407
1144,2687,2.165348
1145,2687,2.165348
1146,2704,2.179048
1147,2697,2.173407
1148,2693,2.170183
1149,2713,2.186300
1150,2704,2.179048
1151,2709,2.183077
1152,2709,2.183077
1153,2709,2.183077
1154,2705,2.179853
1155,2705,2.179853
1156,2716,2.188718
1157,2693,2.170183
1158,2705,2.179853
1159,2705,2.179853
1160,2709,2.183077
1161,2709,2.183077
1162,2709,2.183077
1163,2713,2.186300
1164,2701,2.176630
1165,2704,2.179048
1166,2705,2.179853
1167,2717,2.189524
1168,2704,2.179048
1169,2705,2.179853
1170,2717,2.189524
1171,2685,2.163736
1172,2687,2.165348
1173,2697,2.173407
1174,2705,2.179853
1175,2705,2.179853
1176,2705,2.179853
1177,2705,2.179853
1178,2709,2.183077
1179,2693,2.170183
1180,2705,2.179853
1181,2704,2.179048
1182,2705,2.179853
1183,2713,2.186300
1184,2705,2.179853
1185,2693,2.170183
1186,2709,2.183077
1187,2705,2.179853
1188,2716,2.188718
1189,2713,2.186300
1190,2717,2.189524
1191,2733,2.202418
1192,2717,2.189524
1193,2713,2.186300
1194,2736,2.204835
1195,2717,2.189524
1196,2717,2.189524
1197,2713,2.186300
1198,2729,2.199194
1199,2705,2.179853
1200,2709,2.183077
1201,2709,2.183077
1202,2713,2.186300
1203,2709,2.183077
1204,2705,2.179853
1205,2705,2.179853
1206,2717,2.189524
1207,2725,2.195971
1208,2717,2.189524
1209,2713,2.186300
1210,2709,2.183077
1211,2724,2.195165
1212,2717,2.189524
1213,2709,2.183077
1214,2717,2.189524
1215,2724,2.195165
1216,2709,2.183077
1217,2721,2.192747
1218,2733,2.202418
1219,2717,2.189524
1220,2717,2.189524
1221,2713,2.186300
1222,2713,2.186300
1223,2713,2.186300
1224,2713,2.186300
1225,2717,2.189524
1226,2709,2.183077
1227,2717,2.189524
1228,2733,2.202418
1229,2729,2.199194
1230,2713,2.186300
1231,2717,2.189524
1232,2717,2.189524
1233,2717,2.189524
1234,2729,2.199194
1235,2725,2.195971
1236,2725,2.195971
1237,2736,2.204835
1238,2709,2.183077
1239,2717,2.189524
1240,2713,2.186300
1241,2725,2.195971
1242,2732,2.201612
1243,2717,2.189524
1244,2713,2.186300
1245,2725,2.195971
1246,2717,2.189524
1247,2736,2.204835
1248,2725,2.195971
1249,2725,2.195971
1250,2725,2.195971
1251,2709,2.183077
1252,2713,2.186300
1253,2725,2.195971
1254,2717,2.189524
1255,2736,2.204835
1256,2729,2.199194
1257,2717,2.189524
1258,2725,2.195971
1259,2740,2.208059
1260,2719,2.191136
1261,2713,2.186300
1262,2729,2.199194
1263,2725,2.195971
1264,2733,2.202418
1265,2741,2.208864
1266,2736,2.204835
1267,2752,2.217729
1268,2737,2.205641
1269,2740,2.208059
1270,2725,2.195971
1271,2733,2.202418
1272,2732,2.201612
1273,2736,2.204835
1274,2729,2.199194
1275,2733,2.202418
1276,2741,2.208864
1277,2725,2.195971
1278,2729,2.199194
1279,2741,2.208864
1280,2725,2.195971
1281,2733,2.202418
1282,2741,2.208864
1283,2733,2.202418
1284,2741,2.208864
1285,2745,2.212088
1286,2741,2.208864
1287,2741,2.208864
1288,2737,2.205641
1289,2737,2.205641
1290,2736,2.204835
1291,2745,2.212088
1292,2729,2.199194
1293,2737,2.205641
1294,2737,2.205641
1295,2729,2.199194
1296,2741,2.208864
1297,2741,2.208864
1298,2745,2.212088
1299,2745,2.212088
1300,2737,2.205641
1301,2737,2.205641
1302,2748,2.214505
1303,2729,2.199194
1304,2745,2.212088
1305,2737,2.205641
1306,2737,2.205641
1307,2737,2.205641
1308,2745,2.212088
1309,2737,2.205641
1310,2745,2.212088
1311,2749,2.215311
1312,2741,2.208864
1313,2749,2.215311
1314,2741,2.208864
1315,2741,2.208864
1316,2752,2.217729
1317,2737,2.205641
1318,2729,2.199194
1319,2740,2.208059
1320,2725,2.195971
1321,2741,2.208864
1322,2753,2.218535
1323,2745,2.212088
1324,2745,2.212088
1325,2752,2.217729
1326,2741,2.208864
1327,2741,2.208864
1328,2749,2.215311
1329,2741,2.208864
1330,2748,2.214505
1331,2757,2.221758
1332,2737,2.205641
1333,2745,2.212088
1334,2736,2.204835
1335,2753,2.218535
1336,2736,2.204835
1337,2741,2.208864
1338,2753,2.218535
1339,2741,2.208864
1340,2745,2.212088
1341,2736,2.204835
1342,2757,2.221758
1343,2753,2.218535
1344,2741,2.208864
1345,2736,2.204835
1346,2753,2.218535
1347,2765,2.228205
1348,2741,2.208864
1349,2741,2.208864
1350,2745,2.212088
1351,2756,2.220952
1352,2768,2.230623
1353,2757,2.221758
1354,2749,2.215311
1355,2741,2.208864
1356,2757,2.221758
1357,2753,2.218535
1358,2741,2.208864
1359,2745,2.212088
1360,2741,2.208864
1361,2757,2.221758
1362,2752,2.217729
1363,2752,2.217729
1364,2741,2.208864
1365,2748,2.214505
1366,2753,2.218535
1367,2757,2.221758
1368,2753,2.218535
1369,2745,2.212088
1370,2749,2.215311
1371,2753,2.218535
1372,2753,2.218535
1373,2753,2.218535
1374,2757,2.221758
1375,2757,2.221758
1376,2757,2.221758
1377,2749,2.215311
1378,2752,2.217729
1379,2765,2.228205
1380,2749,2.215311
1381,2745,2.212088
1382,2745,2.212088
1383,2737,2.205641
1384,2741,2.208864
1385,2761,2.224982
1386,2745,2.212088
1387,2753,2.218535
1388,2757,2.221758
1389,2753,2.218535
1390,2752,2.217729
1391,2737,2.205641
1392,2753,2.218535
1393,2761,2.224982
1394,2757,2.221758
1395,2757,2.221758
1396,2753,2.218535
1397,2761,2.224982
1398,2749,2.215311
1399,2749,2.215311
1400,2753,2.218535
1401,2761,2.224982
1402,2757,2.221758
1403,2753,2.218535
1404,2757,2.221758
1405,2757,2.221758
1406,2752,2.217729
1407,2761,2.224982
1408,2749,2.215311
1409,2757,2.221758
1410,2761,2.224982
1411,2765,2.228205
1412,2745,2.212088
1413,2749,2.215311
1414,2749,2.215311
1415,2752,2.217729
1416,2753,2.218535
1417,2752,2.217729
1418,2752,2.217729
1419,2749,2.215311
1420,2768,2.230623
1421,2748,2.214505
1422,2745,2.212088
1423,2753,2.218535
1424,2749,2.215311
1425,2745,2.212088
1426,2753,2.218535
1427,2752,2.217729
1428,2761,2.224982
1429,2757,2.221758
1430,2753,2.218535
1431,2745,2.212088
1432,2761,2.224982
1433,2741,2.208864
1434,2737,2.205641
1435,2752,2.217729
1436,2757,2.221758
1437,2753,2.218535
1438,2757,2.221758
1439,2753,2.218535
1440,2753,2.218535
1441,2745,2.212088
1442,2745,2.212088
1443,2757,2.221758
1444,2764,2.227399
1445,2757,2.221758
1446,2752,2.217729
1447,2753,2.218535
1448,2741,2.208864
1449,2745,2.212088
1450,2752,2.217729
1451,2741,2.208864
1452,2749,2.215311
1453,2753,2.218535
1454,2752,2.217729
1455,2749,2.215311
1456,2749,2.215311
1457,2737,2.205641
1458,2753,2.218535
1459,2741,2.208864
1460,2745,2.212088
1461,2753,2.218535
1462,2752,2.217729
1463,2761,2.224982
1464,2756,2.220952
1465,2753,2.218535
1466,2741,2.208864
1467,2752,2.217729
1468,2741,2.208864
1469,2737,2.205641
1470,2741,2.208864
1471,2741,2.208864
1472,2741,2.208864
1473,2741,2.208864
1474,2741,2.208864
1475,2749,2.215311
1476,2741,2.208864
1477,2745,2.212088
1478,2737,2.205641
1479,2745,2.212088
1480,2745,2.212088
1481,2745,2.212088
1482,2749,2.215311
1483,2741,2.208864
1484,2749,2.215311
1485,2741,2.208864
1486,2717,2.189524
1487,2741,2.208864
1488,2741,2.208864
1489,2736,2.204835
1490,2737,2.205641
1491,2745,2.212088
1492,2737,2.205641
1493,2737,2.205641
1494,2745,2.212088
1495,2737,2.205641
1496,2749,2.215311
1497,2736,2.204835
1498,2745,2.212088
1499,2737,2.205641
1500,2736,2.204835
1501,2741,2.208864
1502,2745,2.212088
1503,2749,2.215311
1504,2741,2.208864
1505,2745,2.212088
1506,2741,2.208864
1507,2736,2.204835
1508,2737,2.205641
1509,2745,2.212088
1510,2725,2.195971
1511,2737,2.205641
1512,2737,2.205641
1513,2733,2.202418
1514,2745,2.212088
1515,2737,2.205641
1516,2745,2.212088
1517,2741,2.208864
1518,2729,2.199194
1519,2736,2.204835
1520,2741,2.208864
1521,2736,2.204835
1522,2741,2.208864
1523,2725,2.195971
1524,2737,2.205641
1525,2719,2.191136
1526,2736,2.204835
1527,2752,2.217729
1528,2721,2.192747
1529,2725,2.195971
1530,2729,2.199194
1531,2732,2.201612
1532,2732,2.201612
1533,2745,2.212088
1534,2737,2.205641
1535,2729,2.199194
1536,2717,2.189524
1537,2725,2.195971
1538,2737,2.205641
1539,2729,2.199194
1540,2741,2.208864
1541,2725,2.195971
1542,2737,2.205641
1543,2733,2.202418
1544,2725,2.195971
1545,2741,2.208864
1546,2737,2.205641
1547,2733,2.202418
1548,2741,2.208864
1549,2736,2.204835
1550,2733,2.202418
1551,2737,2.205641
1552,2741,2.208864
1553,2733,2.202418
1554,2717,2.189524
1555,2725,2.195971
1556,2736,2.204835
1557,2725,2.195971
1558,2737,2.205641
1559,2736,2.204835
1560,2717,2.189524
1561,2732,2.201612
1562,2732,2.201612
1563,2725,2.195971
1564,2737,2.205641
1565,2736,2.204835
1566,2736,2.204835
1567,2741,2.208864
1568,2737,2.205641
1569,2729,2.199194
1570,2740,2.208059
1571,2729,2.199194
1572,2737,2.205641
1573,2732,2.201612
1574,2741,2.208864
1575,2729,2.199194
1576,2737,2.205641
1577,2733,2.202418
1578,2752,2.217729
1579,2725,2.195971
1580,2737,2.205641
1581,2729,2.199194
1582,2733,2.202418
1583,2729,2.199194
1584,2717,2.189524
1585,2737,2.205641
1586,2737,2.205641
1587,2725,2.195971
1588,2725,2.195971
1589,2725,2.195971
1590,2729,2.199194
1591,2736,2.204835
1592,2733,2.202418
1593,2736,2.204835
1594,2736,2.204835
1595,2737,2.205641
1596,2737,2.205641
1597,2741,2.208864
1598,2725,2.195971
1599,2741,2.208864
1600,2725,2.195971
1601,2725,2.195971
1602,2725,2.195971
1603,2733,2.202418
1604,2745,2.212088
1605,2737,2.205641
1606,2737,2.205641
1607,2741,2.208864
1608,2741,2.208864
1609,2753,2.218535
1610,2764,2.227399
1611,2752,2.217729
1612,2741,2.208864
1613,2749,2.215311
1614,2741,2.208864
1615,2748,2.214505
1616,2741,2.208864
1617,2745,2.212088
1618,2745,2.212088
1619,2741,2.208864
1620,2753,2.218535
1621,2757,2.221758
1622,2745,2.212088
1623,2753,2.218535
1624,2752,2.217729
1625,2761,2.224982
1626,2753,2.218535
1627,2757,2.221758
1628,2757,2.221758
1629,2757,2.221758
1630,2768,2.230623
1631,2768,2.230623
1632,2768,2.230623
1633,2757,2.221758
1634,2773,2.234652
1635,2761,2.224982
1636,2773,2.234652
1637,2773,2.234652
1638,2765,2.228205
1639,2773,2.234652
1640,2773,2.234652
1641,2768,2.230623
1642,2781,2.241099
1643,2773,2.234652
1644,2781,2.241099
1645,2780,2.240293
1646,2773,2.234652
1647,2781,2.241099
1648,2773,2.234652
1649,2781,2.241099
1650,2789,2.247546
1651,2777,2.237875
1652,2789,2.247546
1653,2773,2.234652
1654,2777,2.237875
1655,2797,2.253993
1656,2781,2.241099
1657,2781,2.241099
1658,2800,2.256410
1659,2789,2.247546
1660,2789,2.247546
1661,2800,2.256410
1662,2793,2.250769
1663,2801,2.257216
1664,2789,2.247546
1665,2793,2.250769
1666,2800,2.256410
1667,2805,2.260440
1668,2797,2.253993
1669,2816,2.269304
1670,2801,2.257216
1671,2816,2.269304
1672,2816,2.269304
1673,2816,2.269304
1674,2816,2.269304
1675,2800,2.256410
1676,2816,2.269304
1677,2816,2.269304
1678,2816,2.269304
1679,2801,2.257216
1680,2816,2.269304
1681,2816,2.269304
1682,2805,2.260440
1683,2816,2.269304
1684,2816,2.269304
1685,2821,2.273333
1686,2816,2.269304
1687,2816,2.269304
1688,2821,2.273333
1689,2821,2.273333
1690,2821,2.273333
1691,2833,2.283004
1692,2816,2.269304
1693,2816,2.269304
1694,2816,2.269304
1695,2817,2.270110
1696,2821,2.273333
1697,2821,2.273333
1698,2832,2.282198
1699,2828,2.278974
1700,2825,2.276557
1701,2832,2.282198
1702,2829,2.279780
1703,2837,2.286227
1704,2832,2.282198
1705,2837,2.286227
1706,2832,2.282198
1707,2825,2.276557
1708,2832,2.282198
1709,2832,2.282198
1710,2833,2.283004
1711,2825,2.276557
1712,2825,2.276557
1713,2821,2.273333
1714,2837,2.286227
1715,2833,2.283004
1716,2821,2.273333
1717,2837,2.286227
1718,2821,2.273333
1719,2837,2.286227
1720,2832,2.282198
1721,2837,2.286227
1722,2833,2.283004
1723,2833,2.283004
1724,2828,2.278974
1725,2837,2.286227
1726,2836,2.285421
1727,2837,2.286227
1728,2847,2.294286
1729,2829,2.279780
1730,2841,2.289451
1731,2833,2.283004
1732,2821,2.273333
1733,2833,2.283004
1734,2837,2.286227
1735,2832,2.282198
1736,2837,2.286227
1737,2821,2.273333
1738,2837,2.286227
1739,2833,2.283004
1740,2833,2.283004
1741,2833,2.283004
1742,2832,2.282198
1743,2837,2.286227
1744,2833,2.283004
1745,2845,2.292674
1746,2833,2.283004
1747,2845,2.292674
1748,2845,2.292674
1749,2837,2.286227
1750,2841,2.289451
1751,2836,2.285421
1752,2825,2.276557
1753,2837,2.286227
1754,2841,2.289451
1755,2845,2.292674
1756,2825,2.276557
1757,2845,2.292674
1758,2841,2.289451
1759,2844,2.291868
1760,2845,2.292674
1761,2837,2.286227
1762,2833,2.283004
1763,2833,2.283004
1764,2837,2.286227
1765,2837,2.286227
1766,2833,2.283004
1767,2845,2.292674
1768,2833,2.283004
1769,2844,2.291868
1770,2845,2.292674
1771,2837,2.286227
1772,2833,2.283004
1773,2837,2.286227
1774,2845,2.292674
1775,2845,2.292674
1776,2833,2.283004
1777,2841,2.289451
1778,2833,2.283004
1779,2837,2.286227
1780,2845,2.292674
1781,2836,2.285421
1782,2833,2.283004
1783,2837,2.286227
1784,2845,2.292674
1785,2837,2.286227
1786,2857,2.302344
1787,2841,2.289451
1788,2845,2.292674
1789,2841,2.289451
1790,2845,2.292674
1791,2845,2.292674
1792,2837,2.286227
1793,2845,2.292674
1794,2845,2.292674
1795,2837,2.286227
1796,2832,2.282198
1797,2847,2.294286
1798,2845,2.292674
1799,2845,2.292674
1800,2845,2.292674
1801,2853,2.299121
1802,2841,2.289451
1803,2837,2.286227
1804,2853,2.299121
1805,2845,2.292674
1806,2837,2.286227
1807,2837,2.286227
1808,2837,2.286227
1809,2837,2.286227
1810,2857,2.302344
1811,2837,2.286227
1812,2837,2.286227
1813,2829,2.279780
1814,2833,2.283004
1815,2837,2.286227
1816,2845,2.292674
1817,2837,2.286227
1818,2845,2.292674
1819,2845,2.292674
1820,2837,2.286227
1821,2841,2.289451
1822,2832,2.282198
1823,2845,2.292674
1824,2837,2.286227
1825,2841,2.289451
1826,2853,2.299121
1827,2841,2.289451
1828,2844,2.291868
1829,2837,2.286227
1830,2837,2.286227
1831,2833,2.283004
1832,2833,2.283004
1833,2837,2.286227
1834,2844,2.291868
1835,2837,2.286227
1836,2836,2.285421
1837,2845,2.292674
1838,2837,2.286227
1839,2837,2.286227
1840,2837,2.286227
1841,2833,2.283004
1842,2845,2.292674
1843,2837,2.286227
1844,2832,2.282198
1845,2833,2.283004
1846,2845,2.292674
1847,2845,2.292674
1848,2845,2.292674
1849,2833,2.283004
1850,2837,2.286227
1851,2833,2.283004
1852,2833,2.283004
1853,2845,2.292674
1854,2832,2.282198
1855,2845,2.292674
1856,2837,2.286227
1857,2833,2.283004
1858,2849,2.295897
1859,2841,2.289451
1860,2841,2.289451
1861,2845,2.292674
1862,2837,2.286227
1863,2837,2.286227
1864,2845,2.292674
1865,2845,2.292674
1866,2837,2.286227
1867,2845,2.292674
1868,2837,2.286227
1869,2833,2.283004
1870,2841,2.289451
1871,2833,2.283004
1872,2841,2.289451
1873,2837,2.286227
1874,2837,2.286227
1875,2845,2.292674
1876,2833,2.283004
1877,2833,2.283004
1878,2844,2.291868
1879,2837,2.286227
1880,2844,2.291868
1881,2837,2.286227
1882,2833,2.283004
1883,2841,2.289451
1884,2845,2.292674
1885,2841,2.289451
1886,2833,2.283004
1887,2832,2.282198
1888,2836,2.285421
1889,2833,2.283004
1890,2841,2.289451
1891,2837,2.286227
1892,2845,2.292674
1893,2833,2.283004
1894,2853,2.299121
1895,2836,2.285421
1896,2845,2.292674
1897,2844,2.291868
1898,2837,2.286227
1899,2837,2.286227
1900,2845,2.292674
1901,2837,2.286227
1902,2841,2.289451
1903,2837,2.286227
1904,2841,2.289451
1905,2845,2.292674
1906,2845,2.292674
1907,2841,2.289451
1908,2841,2.289451
1909,2833,2.283004
1910,2825,2.276557
1911,2837,2.286227
1912,2841,2.289451
1913,2844,2.291868
1914,2832,2.282198
1915,2832,2.282198
1916,2833,2.283004
1917,2837,2.286227
1918,2845,2.292674
1919,2845,2.292674
1920,2837,2.286227
1921,2845,2.292674
1922,2841,2.289451
1923,2832,2.282198
1924,2837,2.286227
1925,2832,2.282198
1926,2837,2.286227
1927,2837,2.286227
1928,2833,2.283004
1929,2837,2.286227
1930,2845,2.292674
1931,2828,2.278974
1932,2832,2.282198
1933,2845,2.292674
1934,2841,2.289451
1935,2845,2.292674
1936,2833,2.283004
1937,2832,2.282198
1938,2837,2.286227
1939,2837,2.286227
1940,2837,2.286227
1941,2837,2.286227
1942,2845,2.292674
1943,2837,2.286227
1944,2853,2.299121
1945,2845,2.292674
1946,2837,2.286227
1947,2833,2.283004
1948,2849,2.295897
1949,2841,2.289451
1950,2832,2.282198
1951,2837,2.286227
1952,2841,2.289451
1953,2844,2.291868
1954,2852,2.298315
1955,2845,2.292674
1956,2853,2.299121
1957,2853,2.299121
1958,2853,2.299121
1959,2853,2.299121
1960,2845,2.292674
1961,2837,2.286227
1962,2841,2.289451
1963,2845,2.292674
1964,2845,2.292674
1965,2841,2.289451
1966,2837,2.286227
1967,2845,2.292674
1968,2833,2.283004
1969,2845,2.292674
1970,2841,2.289451
1971,2837,2.286227
1972,2845,2.292674
1973,2845,2.292674
1974,2845,2.292674
1975,2841,2.289451
1976,2841,2.289451
1977,2853,2.299121
1978,2841,2.289451
1979,2845,2.292674
1980,2841,2.289451
1981,2845,2.292674
1982,2853,2.299121
1983,2853,2.299121
1984,2845,2.292674
1985,2845,2.292674
1986,2841,2.289451
1987,2853,2.299121
1988,2845,2.292674
1989,2853,2.299121
1990,2844,2.291868
1991,2845,2.292674
1992,2845,2.292674
1993,2837,2.286227
1994,2845,2.292674
1995,2853,2.299121
1996,2849,2.295897
1997,2841,2.289451
1998,2845,2.292674
1999,2845,2.292674
2000,2845,2.292674
2001,2845,2.292674
2002,2853,2.299121
2003,2853,2.299121
2004,2864,2.307985
2005,2849,2.295897
2006,2836,2.285421
2007,2845,2.292674
2008,2837,2.286227
2009,2845,2.292674
2010,2845,2.292674
2011,2845,2.292674
2012,2841,2.289451
2013,2853,2.299121
2014,2845,2.292674
2015,2841,2.289451
2016,2845,2.292674
2017,2849,2.295897
2018,2852,2.298315
2019,2845,2.292674
2020,2853,2.299121
2021,2853,2.299121
2022,2853,2.299121
2023,2841,2.289451
2024,2845,2.292674
2025,2845,2.292674
2026,2845,2.292674
2027,2857,2.302344
2028,2837,2.286227
2029,2845,2.292674
2030,2845,2.292674
2031,2853,2.299121
2032,2841,2.289451
2033,2845,2.292674
2034,2832,2.282198
2035,2841,2.289451
2036,2841,2.289451
2037,2845,2.292674
2038,2845,2.292674
2039,2853,2.299121
2040,2845,2.292674
2041,2844,2.291868
2042,2853,2.299121
2043,2845,2.292674
2044,2845,2.292674
2045,2845,2.292674
2046,2837,2.286227
2047,2845,2.292674
2048,2841,2.289451
2049,2837,2.286227
2050,2841,2.289451
2051,2841,2.289451
2052,2849,2.295897
2053,2841,2.289451
2054,2845,2.292674
2055,2853,2.299121
2056,2837,2.286227
2057,2833,2.283004
2058,2837,2.286227
2059,2833,2.283004
2060,2837,2.286227
2061,2833,2.283004
2062,2833,2.283004
2063,2845,2.292674
2064,2833,2.283004
2065,2837,2.286227
2066,2820,2.272527
2067,2841,2.289451
2068,2821,2.273333
2069,2841,2.289451
2070,2832,2.282198
2071,2832,2.282198
2072,2829,2.279780
2073,2825,2.276557
2074,2821,2.273333
2075,2825,2.276557
2076,2825,2.276557
2077,2817,2.270110
2078,2829,2.279780
2079,2825,2.276557
2080,2821,2.273333
2081,2821,2.273333
2082,2821,2.273333
2083,2816,2.269304
2084,2817,2.270110
2085,2816,2.269304
2086,2816,2.269304
2087,2800,2.256410
2088,2801,2.257216
2089,2817,2.270110
2090,2801,2.257216
2091,2816,2.269304
2092,2801,2.257216
2093,2816,2.269304
2094,2797,2.253993
2095,2801,2.257216
2096,2789,2.247546
2097,2785,2.244322
2098,2793,2.250769
2099,2800,2.256410
2100,2789,2.247546
2101,2789,2.247546
2102,2788,2.246740
2103,2781,2.241099
2104,2789,2.247546
2105,2785,2.244322
2106,2781,2.241099
2107,2769,2.231429
2108,2768,2.230623
2109,2781,2.241099
2110,2769,2.231429
2111,2769,2.231429
2112,2761,2.224982
2113,2768,2.230623
2114,2761,2.224982
2115,2761,2.224982
2116,2749,2.215311
2117,2757,2.221758
2118,2749,2.215311
2119,2741,2.208864
2120,2749,2.215311
2121,2737,2.205641
2122,2737,2.205641
2123,2741,2.208864
2124,2729,2.199194
2125,2717,2.189524
2126,2736,2.204835
2127,2733,2.202418
2128,2717,2.189524
2129,2725,2.195971
2130,2705,2.179853
2131,2717,2.189524
2132,2708,2.182271
2133,2705,2.179853
2134,2709,2.183077
2135,2705,2.179853
2136,2709,2.183077
2137,2687,2.165348
2138,2687,2.165348
2139,2681,2.160513
2140,2685,2.163736
2141,2687,2.165348
2142,2685,2.163736
2143,2677,2.157289
2144,2677,2.157289
2145,2672,2.153260
2146,2672,2.153260
2147,2672,2.153260
2148,2673,2.154066
2149,2672,2.153260
2150,2665,2.147619
2151,2665,2.147619
2152,2665,2.147619
2153,2645,2.131502
2154,2661,2.144396
2155,2645,2.131502
2156,2652,2.137143
2157,2645,2.131502
2158,2649,2.134725
2159,2649,2.134725
2160,2640,2.127473
2161,2637,2.125055
2162,2641,2.128278
2163,2640,2.127473
2164,2640,2.127473
2165,2633,2.121832
2166,2640,2.127473
2167,2645,2.131502
2168,2645,2.131502
2169,2628,2.117802
2170,2640,2.127473
2171,2644,2.130696
2172,2640,2.127473
2173,2649,2.134725
2174,2641,2.128278
2175,2640,2.127473
2176,2649,2.134725
2177,2649,2.134725
2178,2653,2.137949
2179,2640,2.127473
2180,2641,2.128278
2181,2653,2.137949
2182,2653,2.137949
2183,2673,2.154066
2184,2673,2.154066
2185,2673,2.154066
2186,2673,2.154066
2187,2676,2.156484
2188,2673,2.154066
2189,2685,2.163736
2190,2685,2.163736
2191,2684,2.162930
2192,2705,2.179853
2193,2697,2.173407
2194,2693,2.170183
2195,2713,2.186300
2196,2705,2.179853
2197,2709,2.183077
2198,2709,2.183077
2199,2717,2.189524
2200,2717,2.189524
2201,2725,2.195971
2202,2737,2.205641
2203,2717,2.189524
2204,2729,2.199194
2205,2753,2.218535
2206,2749,2.215311
2207,2741,2.208864
2208,2741,2.208864
2209,2768,2.230623
2210,2773,2.234652
2211,2769,2.231429
2212,2757,2.221758
2213,2768,2.230623
2214,2769,2.231429
2215,2777,2.237875
2216,2773,2.234652
2217,2773,2.234652
2218,2789,2.247546
2219,2788,2.246740
2220,2797,2.253993
2221,2781,2.241099
2222,2793,2.250769
2223,2797,2.253993
2224,2800,2.256410
2225,2816,2.269304
2226,2816,2.269304
2227,2816,2.269304
2228,2797,2.253993
2229,2817,2.270110
2230,2817,2.270110
2231,2816,2.269304
2232,2801,2.257216
2233,2825,2.276557
2234,2821,2.273333
2235,2821,2.273333
2236,2820,2.272527
2237,2821,2.273333
2238,2832,2.282198
2239,2832,2.282198
2240,2837,2.286227
2241,2833,2.283004
2242,2841,2.289451
2243,2837,2.286227
2244,2837,2.286227
2245,2841,2.289451
2246,2849,2.295897
2247,2847,2.294286
2248,2849,2.295897
2249,2861,2.305568
2250,2853,2.299121
2251,2841,2.289451
2252,2853,2.299121
2253,2845,2.292674
2254,2853,2.299121
2255,2845,2.292674
2256,2864,2.307985
2257,2853,2.299121
2258,2857,2.302344
2259,2857,2.302344
2260,2869,2.312015
2261,2869,2.312015
2262,2853,2.299121
2263,2869,2.312015
2264,2869,2.312015
2265,2869,2.312015
2266,2877,2.318462
2267,2869,2.312015
2268,2873,2.315238
2269,2873,2.315238
2270,2865,2.308791
2271,2865,2.308791
2272,2869,2.312015
2273,2877,2.318462
2274,2877,2.318462
2275,2869,2.312015
2276,2865,2.308791
2277,2865,2.308791
2278,2881,2.321685
2279,2877,2.318462
2280,2881,2.321685
2281,2885,2.324908
2282,2865,2.308791
2283,2865,2.308791
2284,2880,2.320879
2285,2885,2.324908
2286,2881,2.321685
2287,2876,2.317656
2288,2881,2.321685
2289,2885,2.324908
2290,2877,2.318462
2291,2881,2.321685
2292,2881,2.321685
2293,2889,2.328132
2294,2881,2.321685
2295,2885,2.324908
2296,2881,2.321685
2297,2885,2.324908
2298,2885,2.324908
2299,2881,2.321685
2300,2885,2.324908
2301,2889,2.328132
2302,2889,2.328132
2303,2901,2.337802
2304,2896,2.333773
2305,2893,2.331355
2306,2881,2.321685
2307,2885,2.324908
2308,2893,2.331355
2309,2881,2.321685
2310,2896,2.333773
2311,2889,2.328132
2312,2892,2.330549
2313,2897,2.334579
2314,2885,2.324908
2315,2881,2.321685
2316,2897,2.334579
2317,2885,2.324908
2318,2885,2.324908
2319,2884,2.324103
2320,2889,2.328132
2321,2885,2.324908
2322,2881,2.321685
2323,2897,2.334579
2324,2885,2.324908
2325,2897,2.334579
2326,2893,2.331355
2327,2885,2.324908
2328,2896,2.333773
2329,2897,2.334579
2330,2885,2.324908
2331,2889,2.328132
2332,2896,2.333773
2333,2901,2.337802
2334,2885,2.324908
2335,2893,2.331355
2336,2896,2.333773
2337,2892,2.330549
2338,2897,2.334579
2339,2885,2.324908
2340,2892,2.330549
2341,2896,2.333773
2342,2896,2.333773
2343,2897,2.334579
2344,2893,2.331355
2345,2893,2.331355
2346,2896,2.333773
2347,2889,2.328132
2348,2900,2.336996
2349,2896,2.333773
2350,2896,2.333773
2351,2897,2.334579
2352,2896,2.333773
2353,2893,2.331355
2354,2889,2.328132
2355,2909,2.344249
2356,2900,2.336996
2357,2897,2.334579
2358,2897,2.334579
2359,2901,2.337802
2360,2885,2.324908
2361,2896,2.333773
2362,2889,2.328132
2363,2896,2.333773
2364,2885,2.324908
2365,2901,2.337802
2366,2896,2.333773
2367,2885,2.324908
2368,2881,2.321685
2369,2896,2.333773
2370,2905,2.341026
2371,2885,2.324908
2372,2905,2.341026
2373,2901,2.337802
2374,2909,2.344249
2375,2896,2.333773
2376,2889,2.328132
2377,2889,2.328132
2378,2897,2.334579
2379,2897,2.334579
2380,2901,2.337802
2381,2901,2.337802
2382,2885,2.324908
2383,2896,2.333773
2384,2897,2.334579
2385,2897,2.334579
2386,2892,2.330549
2387,2896,2.333773
2388,2889,2.328132
2389,2889,2.328132
2390,2893,2.331355
2391,2896,2.333773
2392,2901,2.337802
2393,2889,2.328132
2394,2901,2.337802
2395,2909,2.344249
2396,2896,2.333773
2397,2897,2.334579
2398,2897,2.334579
2399,2896,2.333773
2400,2885,2.324908
2401,2901,2.337802
2402,2897,2.334579
2403,2889,2.328132
2404,2900,2.336996
2405,2896,2.333773
2406,2897,2.334579
2407,2889,2.328132
2408,2901,2.337802
2409,2897,2.334579
2410,2905,2.341026
2411,2901,2.337802
2412,2896,2.333773
2413,2896,2.333773
2414,2897,2.334579
2415,2881,2.321685
2416,2885,2.324908
2417,2881,2.321685
2418,2897,2.334579
2419,2889,2.328132
2420,2896,2.333773
2421,2885,2.324908
2422,2896,2.333773
2423,2896,2.333773
2424,2897,2.334579
2425,2889,2.328132
2426,2897,2.334579
2427,2897,2.334579
2428,2897,2.334579
2429,2897,2.334579
2430,2900,2.336996
2431,2889,2.328132
2432,2896,2.333773
2433,2889,2.328132
2434,2889,2.328132
2435,2897,2.334579
2436,2889,2.328132
2437,2885,2.324908
2438,2901,2.337802
2439,2889,2.328132
2440,2892,2.330549
2441,2901,2.337802
2442,2901,2.337802
2443,2885,2.324908
2444,2881,2.321685
2445,2885,2.324908
2446,2889,2.328132
2447,2897,2.334579
2448,2885,2.324908
2449,2901,2.337802
2450,2897,2.334579
2451,2889,2.328132
2452,2901,2.337802
2453,2893,2.331355
2454,2893,2.331355
2455,2897,2.334579
2456,2896,2.333773
2457,2893,2.331355
2458,2889,2.328132
2459,2901,2.337802
2460,2889,2.328132
2461,2896,2.333773
2462,2897,2.334579
2463,2881,2.321685
2464,2897,2.334579
2465,2896,2.333773
2466,2897,2.334579
2467,2889,2.328132
2468,2901,2.337802
2469,2897,2.334579
2470,2897,2.334579
2471,2905,2.341026
2472,2897,2.334579
2473,2889,2.328132
2474,2889,2.328132
2475,2885,2.324908
2476,2905,2.341026
2477,2905,2.341026
2478,2897,2.334579
2479,2905,2.341026
2480,2889,2.328132
2481,2893,2.331355
2482,2905,2.341026
2483,2885,2.324908
2484,2889,2.328132
2485,2905,2.341026
2486,2896,2.333773
2487,2897,2.334579
2488,2885,2.324908
2489,2896,2.333773
2490,2877,2.318462
2491,2885,2.324908
2492,2896,2.333773
2493,2897,2.334579
2494,2885,2.324908
2495,2896,2.333773
2496,2901,2.337802
2497,2897,2.334579
2498,2889,2.328132
2499,2885,2.324908
2500,2896,2.333773
2501,2889,2.328132
2502,2889,2.328132
2503,2893,2.331355
2504,2889,2.328132
2505,2897,2.334579
2506,2889,2.328132
2507,2889,2.328132
2508,2897,2.334579
2509,2893,2.331355
2510,2896,2.333773
2511,2893,2.331355
2512,2889,2.328132
2513,2885,2.324908
2514,2897,2.334579
2515,2897,2.334579
2516,2889,2.328132
2517,2897,2.334579
2518,2901,2.337802
2519,2892,2.330549
2520,2897,2.334579
2521,2901,2.337802
2522,2889,2.328132
2523,2885,2.324908
2524,2897,2.334579
2525,2901,2.337802
2526,2901,2.337802
2527,2897,2.334579
2528,2885,2.324908
2529,2884,2.324103
2530,2897,2.334579
2531,2889,2.328132
2532,2896,2.333773
2533,2889,2.328132
2534,2885,2.324908
2535,2885,2.324908
2536,2896,2.333773
2537,2881,2.321685
2538,2892,2.330549
2539,2905,2.341026
2540,2885,2.324908
2541,2889,2.328132
2542,2889,2.328132
2543,2885,2.324908
2544,2885,2.324908
2545,2881,2.321685
2546,2881,2.321685
2547,2885,2.324908
2548,2893,2.331355
2549,2885,2.324908
2550,2885,2.324908
2551,2889,2.328132
2552,2885,2.324908
2553,2885,2.324908
2554,2893,2.331355
2555,2877,2.318462
2556,2885,2.324908
2557,2889,2.328132
2558,2877,2.318462
2559,2881,2.321685
2560,2885,2.324908
2561,2889,2.328132
2562,2877,2.318462
2563,2873,2.315238
2564,2885,2.324908
2565,2885,2.324908
2566,2881,2.321685
2567,2881,2.321685
2568,2869,2.312015
2569,2881,2.321685
2570,2881,2.321685
2571,2885,2.324908
2572,2885,2.324908
2573,2873,2.315238
2574,2884,2.324103
2575,2869,2.312015
2576,2869,2.312015
2577,2880,2.320879
2578,2897,2.334579
2579,2877,2.318462
2580,2877,2.318462
2581,2881,2.321685
2582,2877,2.318462
2583,2881,2.321685
2584,2880,2.320879
2585,2881,2.321685
2586,2885,2.324908
2587,2877,2.318462
2588,2889,2.328132
2589,2881,2.321685
2590,2877,2.318462
2591,2877,2.318462
2592,2865,2.308791
2593,2869,2.312015
2594,2885,2.324908
2595,2881,2.321685
2596,2869,2.312015
2597,2864,2.307985
2598,2873,2.315238
2599,2877,2.318462
2600,2876,2.317656
2601,2853,2.299121
2602,2869,2.312015
2603,2873,2.315238
2604,2869,2.312015
2605,2876,2.317656
2606,2869,2.312015
2607,2876,2.317656
2608,2869,2.312015
2609,2873,2.315238
2610,2865,2.308791
2611,2869,2.312015
2612,2869,2.312015
2613,2869,2.312015
2614,2869,2.312015
2615,2869,2.312015
2616,2869,2.312015
2617,2865,2.308791
2618,2865,2.308791
2619,2853,2.299121
2620,2853,2.299121
2621,2864,2.307985
2622,2861,2.305568
2623,2865,2.308791
2624,2849,2.295897
2625,2857,2.302344
2626,2857,2.302344
2627,2857,2.302344
2628,2869,2.312015
2629,2865,2.308791
2630,2857,2.302344
2631,2853,2.299121
2632,2845,2.292674
2633,2853,2.299121
2634,2860,2.304762
2635,2860,2.304762
2636,2841,2.289451
2637,2860,2.304762
2638,2853,2.299121
2639,2845,2.292674
2640,2861,2.305568
2641,2845,2.292674
2642,2853,2.299121
2643,2841,2.289451
2644,2845,2.292674
2645,2845,2.292674
2646,2841,2.289451
2647,2860,2.304762
2648,2845,2.292674
2649,2845,2.292674
2650,2845,2.292674
2651,2841,2.289451
2652,2853,2.299121
2653,2841,2.289451
2654,2845,2.292674
2655,2833,2.283004
2656,2853,2.299121
2657,2837,2.286227
2658,2828,2.278974
2659,2836,2.285421
2660,2837,2.286227
2661,2845,2.292674
2662,2832,2.282198
2663,2833,2.283004
2664,2821,2.273333
2665,2825,2.276557
2666,2837,2.286227
2667,2825,2.276557
2668,2837,2.286227
2669,2841,2.289451
2670,2832,2.282198
2671,2825,2.276557
2672,2817,2.270110
2673,2825,2.276557
2674,2817,2.270110
2675,2825,2.276557
2676,2832,2.282198
2677,2825,2.276557
2678,2825,2.276557
2679,2841,2.289451
2680,2825,2.276557
2681,2825,2.276557
2682,2816,2.269304
2683,2816,2.269304
2684,2821,2.273333
2685,2825,2.276557
2686,2816,2.269304
2687,2800,2.256410
2688,2816,2.269304
2689,2821,2.273333
2690,2816,2.269304
2691,2816,2.269304
2692,2816,2.269304
2693,2816,2.269304
2694,2800,2.256410
2695,2801,2.257216
2696,2816,2.269304
2697,2797,2.253993
2698,2816,2.269304
2699,2801,2.257216
2700,2800,2.256410
2701,2800,2.256410
2702,2793,2.250769
2703,2797,2.253993
2704,2797,2.253993
2705,2793,2.250769
2706,2801,2.257216
2707,2773,2.234652
2708,2793,2.250769
2709,2789,2.247546
2710,2789,2.247546
2711,2785,2.244322
2712,2789,2.247546
2713,2789,2.247546
2714,2789,2.247546
2715,2788,2.246740
2716,2773,2.234652
2717,2773,2.234652
2718,2781,2.241099
2719,2764,2.227399
2720,2769,2.231429
2721,2773,2.234652
2722,2773,2.234652
2723,2773,2.234652
2724,2773,2.234652
2725,2768,2.230623
2726,2769,2.231429
2727,2768,2.230623
2728,2768,2.230623
2729,2768,2.230623
2730,2768,2.230623
2731,2769,2.231429
2732,2757,2.221758
2733,2756,2.220952
2734,2768,2.230623
2735,2768,2.230623
2736,2757,2.221758
2737,2740,2.208059
2738,2741,2.208864
2739,2761,2.224982
2740,2745,2.212088
2741,2757,2.221758
2742,2749,2.215311
2743,2753,2.218535
2744,2737,2.205641
2745,2753,2.218535
2746,2741,2.208864
2747,2729,2.199194
2748,2745,2.212088
2749,2737,2.205641
2750,2736,2.204835
2751,2737,2.205641
2752,2736,2.204835
2753,2729,2.199194
2754,2729,2.199194
2755,2736,2.204835
2756,2717,2.189524
2757,2717,2.189524
2758,2737,2.205641
2759,2725,2.195971
2760,2725,2.195971
2761,2709,2.183077
2762,2729,2.199194
2763,2717,2.189524
2764,2713,2.186300
2765,2704,2.179048
2766,2713,2.186300
2767,2721,2.192747
2768,2709,2.183077
2769,2705,2.179853
2770,2705,2.179853
2771,2709,2.183077
2772,2697,2.173407
2773,2709,2.183077
2774,2705,2.179853
2775,2709,2.183077
2776,2693,2.170183
2777,2704,2.179048
2778,2693,2.170183
2779,2697,2.173407
2780,2687,2.165348
2781,2685,2.163736
2782,2685,2.163736
2783,2681,2.160513
2784,2687,2.165348
2785,2677,2.157289
2786,2685,2.163736
2787,2673,2.154066
2788,2685,2.163736
2789,2685,2.163736
2790,2673,2.154066
2791,2685,2.163736
2792,2677,2.157289
2793,2657,2.141172
2794,2677,2.157289
2795,2685,2.163736
2796,2661,2.144396
2797,2653,2.137949
2798,2641,2.128278
2799,2657,2.141172
2800,2641,2.128278
2801,2641,2.128278
2802,2644,2.130696
2803,2633,2.121832
2804,2644,2.130696
2805,2640,2.127473
2806,2637,2.125055
2807,2645,2.131502
2808,2649,2.134725
2809,2653,2.137949
2810,2641,2.128278
2811,2629,2.118608
2812,2640,2.127473
2813,2629,2.118608
2814,2633,2.121832
2815,2613,2.105714
2816,2621,2.112161
2817,2613,2.105714
2818,2613,2.105714
2819,2613,2.105714
2820,2617,2.108938
2821,2613,2.105714
2822,2601,2.096044
2823,2613,2.105714
2824,2608,2.101685
2825,2613,2.105714
2826,2609,2.102491
2827,2589,2.086374
2828,2609,2.102491
2829,2597,2.092821
2830,2589,2.086374
2831,2581,2.079927
2832,2580,2.079121
2833,2585,2.083150
2834,2581,2.079927
2835,2576,2.075897
2836,2577,2.076703
2837,2576,2.075897
2838,2577,2.076703
2839,2576,2.075897
2840,2576,2.075897
2841,2576,2.075897
2842,2553,2.057363
2843,2569,2.070256
2844,2569,2.070256
2845,2559,2.062198
2846,2557,2.060586
2847,2549,2.054139
2848,2565,2.067033
2849,2557,2.060586
2850,2557,2.060586
2851,2541,2.047692
2852,2553,2.057363
2853,2557,2.060586
2854,2533,2.041245
2855,2533,2.041245
2856,2525,2.034799
2857,2544,2.050110
2858,2545,2.050916
2859,2549,2.054139
2860,2533,2.041245
2861,2544,2.050110
2862,2529,2.038022
2863,2521,2.031575
2864,2513,2.025128
2865,2532,2.040440
2866,2517,2.028352
2867,2501,2.015458
2868,2501,2.015458
2869,2501,2.015458
2870,2521,2.031575
2871,2517,2.028352
2872,2525,2.034799
2873,2501,2.015458
2874,2517,2.028352
2875,2508,2.021099
2876,2509,2.021905
2877,2516,2.027546
2878,2497,2.012234
2879,2524,2.033993
2880,2500,2.014652
2881,2501,2.015458
2882,2509,2.021905
2883,2509,2.021905
2884,2501,2.015458
2885,2485,2.002564
2886,2485,2.002564
2887,2481,1.999341
2888,2469,1.989670
2889,2461,1.983223
2890,2485,2.002564
2891,2473,1.992894
2892,2461,1.983223
2893,2485,2.002564
2894,2469,1.989670
2895,2481,1.999341
2896,2489,2.005788
2897,2461,1.983223
2898,2477,1.996117
2899,2461,1.983223
2900,2465,1.986447
2901,2457,1.980000
2902,2452,1.975971
2903,2461,1.983223
2904,2448,1.972747
2905,2457,1.980000
2906,2452,1.975971
2907,2453,1.976777
2908,2453,1.976777
2909,2449,1.973553
2910,2453,1.976777
2911,2457,1.980000
2912,2441,1.967106
2913,2441,1.967106
2914,2449,1.973553
2915,2433,1.960659
2916,2437,1.963883
2917,2429,1.957436
2918,2449,1.973553
2919,2437,1.963883
2920,2429,1.957436
2921,2429,1.957436
2922,2429,1.957436
2923,2431,1.959048
2924,2416,1.946960
2925,2421,1.950989
2926,2416,1.946960
2927,2416,1.946960
2928,2429,1.957436
2929,2433,1.960659
2930,2417,1.947766
2931,2428,1.956630
2932,2417,1.947766
2933,2425,1.954212
2934,2421,1.950989
2935,2421,1.950989
2936,2405,1.938095
2937,2421,1.950989
2938,2421,1.950989
2939,2417,1.947766
2940,2429,1.957436
2941,2421,1.950989
2942,2421,1.950989
2943,2401,1.934872
2944,2397,1.931648
2945,2396,1.930842
2946,2397,1.931648
2947,2397,1.931648
2948,2397,1.931648
2949,2397,1.931648
2950,2405,1.938095
2951,2416,1.946960
2952,2405,1.938095
2953,2397,1.931648
2954,2389,1.925201
2955,2405,1.938095
2956,2389,1.925201
2957,2381,1.918755
2958,2397,1.931648
2959,2397,1.931648
2960,2401,1.934872
2961,2396,1.930842
2962,2397,1.931648
2963,2397,1.931648
2964,2384,1.921172
2965,2373,1.912308
2966,2389,1.925201
2967,2393,1.928425
2968,2365,1.905861
2969,2369,1.909084
2970,2373,1.912308
2971,2381,1.918755
2972,2384,1.921172
2973,2377,1.915531
2974,2397,1.931648
2975,2385,1.921978
2976,2384,1.921172
2977,2397,1.931648
2978,2388,1.924396
2979,2369,1.909084
2980,2360,1.901832
2981,2364,1.905055
2982,2357,1.899414
2983,2365,1.905861
2984,2373,1.912308
2985,2365,1.905861
2986,2369,1.909084
2987,2357,1.899414
2988,2357,1.899414
2989,2365,1.905861
2990,2357,1.899414
2991,2353,1.896190
2992,2365,1.905861
2993,2353,1.896190
2994,2357,1.899414
2995,2349,1.892967
2996,2361,1.902637
2997,2353,1.896190
2998,2356,1.898608
2999,2345,1.889744
3000,2353,1.896190
3001,2345,1.889744
3002,2352,1.895385
3003,2348,1.892161
3004,2349,1.892967
3005,2340,1.885714
3006,2349,1.892967
3007,2352,1.895385
3008,2345,1.889744
3009,2341,1.886520
3010,2332,1.879267
3011,2341,1.886520
3012,2333,1.880073
3013,2333,1.880073
3014,2341,1.886520
3015,2357,1.899414
3016,2353,1.896190
3017,2357,1.899414
3018,2353,1.896190
3019,2345,1.889744
3020,2341,1.886520
3021,2335,1.881685
3022,2325,1.873626
3023,2329,1.876850
3024,2329,1.876850
3025,2324,1.872821
3026,2325,1.873626
3027,2333,1.880073
3028,2329,1.876850
3029,2320,1.869597
3030,2321,1.870403
3031,2317,1.867179
3032,2320,1.869597
3033,2305,1.857509
3034,2325,1.873626
3035,2313,1.863956
3036,2321,1.870403
3037,2329,1.876850
3038,2320,1.869597
3039,2305,1.857509
3040,2305,1.857509
3041,2320,1.869597
3042,2325,1.873626
3043,2313,1.863956
3044,2309,1.860733
3045,2309,1.860733
3046,2309,1.860733
3047,2304,1.856703
3048,2301,1.854286
3049,2309,1.860733
3050,2325,1.873626
3051,2324,1.872821
3052,2321,1.870403
3053,2321,1.870403
3054,2309,1.860733
3055,2320,1.869597
3056,2305,1.857509
3057,2293,1.847839
3058,2288,1.843810
3059,2297,1.851062
3060,2297,1.851062
3061,2308,1.859927
3062,2277,1.834945
3063,2285,1.841392
3064,2289,1.844615
3065,2284,1.840586
3066,2277,1.834945
3067,2285,1.841392
3068,2269,1.828498
3069,2277,1.834945
3070,2285,1.841392
3071,2301,1.854286
3072,2301,1.854286
3073,2305,1.857509
3074,2320,1.869597
3075,2313,1.863956
3076,2321,1.870403
3077,2305,1.857509
3078,2305,1.857509
3079,2305,1.857509
3080,2305,1.857509
3081,2293,1.847839
3082,2289,1.844615
3083,2288,1.843810
3084,2288,1.843810
3085,2308,1.859927
3086,2320,1.869597
3087,2329,1.876850
3088,2308,1.859927
3089,2309,1.860733
3090,2325,1.873626
3091,2309,1.860733
3092,2308,1.859927
3093,2297,1.851062
3094,2289,1.844615
3095,2301,1.854286
3096,2289,1.844615
3097,2297,1.851062
3098,2289,1.844615
3099,2277,1.834945
3100,2288,1.843810
3101,2281,1.838168
3102,2273,1.831722
3103,2269,1.828498
3104,2265,1.825275
3105,2284,1.840586
3106,2265,1.825275
3107,2277,1.834945
3108,2261,1.822051
3109,2277,1.834945
3110,2265,1.825275
3111,2277,1.834945
3112,2261,1.822051
3113,2249,1.812381
3114,2253,1.815604
3115,2257,1.818828
3116,2256,1.818022
3117,2253,1.815604
3118,2261,1.822051
3119,2269,1.828498
3120,2269,1.828498
3121,2273,1.831722
3122,2268,1.827692
3123,2281,1.838168
3124,2269,1.828498
3125,2277,1.834945
3126,2257,1.818828
3127,2268,1.827692
3128,2265,1.825275
3129,2256,1.818022
3130,2253,1.815604
3131,2265,1.825275
3132,2261,1.822051
3133,2257,1.818828
3134,2256,1.818022
3135,2256,1.818022
3136,2265,1.825275
3137,2269,1.828498
3138,2261,1.822051
3139,2269,1.828498
3140,2269,1.828498
3141,2261,1.822051
3142,2257,1.818828
3143,2249,1.812381
3144,2257,1.818828
3145,2245,1.809158
3146,2249,1.812381
3147,2241,1.805934
3148,2244,1.808352
3149,2241,1.805934
3150,2240,1.805128
3151,2241,1.805934
3152,2241,1.805934
3153,2245,1.809158
3154,2233,1.799487
3155,2241,1.805934
3156,2237,1.802711
3157,2240,1.805128
3158,2241,1.805934
3159,2237,1.802711
3160,2256,1.818022
3161,2256,1.818022
3162,2225,1.793040
3163,2237,1.802711
3164,2245,1.809158
3165,2237,1.802711
3166,2233,1.799487
3167,2225,1.793040
3168,2233,1.799487
3169,2225,1.793040
3170,2240,1.805128
3171,2237,1.802711
3172,2240,1.805128
3173,2225,1.793040
3174,2217,1.786593
3175,2225,1.793040
3176,2237,1.802711
3177,2241,1.805934
3178,2213,1.783370
3179,2228,1.795458
3180,2224,1.792234
3181,2229,1.796264
3182,2225,1.793040
3183,2229,1.796264
3184,2205,1.776923
3185,2205,1.776923
3186,2229,1.796264
3187,2224,1.792234
3188,2217,1.786593
3189,2228,1.795458
3190,2229,1.796264
3191,2225,1.793040
3192,2225,1.793040
3193,2224,1.792234
3194,2220,1.789011
3195,2233,1.799487
3196,2229,1.796264
3197,2241,1.805934
3198,2220,1.789011
3199,2224,1.792234
3200,2225,1.793040
3201,2213,1.783370
3202,2224,1.792234
3203,2229,1.796264
3204,2229,1.796264
3205,2213,1.783370
3206,2217,1.786593
3207,2221,1.789817
3208,2213,1.783370
3209,2221,1.789817
3210,2225,1.793040
3211,2204,1.776117
3212,2217,1.786593
3213,2217,1.786593
3214,2217,1.786593
3215,2224,1.792234
3216,2213,1.783370
3217,2207,1.778535
3218,2205,1.776923
3219,2212,1.782564
3220,2217,1.786593
3221,2205,1.776923
3222,2229,1.796264
3223,2205,1.776923
3224,2197,1.770476
3225,2193,1.767253
3226,2220,1.789011
3227,2197,1.770476
3228,2205,1.776923
3229,2205,1.776923
3230,2201,1.773700
3231,2197,1.770476
3232,2205,1.776923
3233,2207,1.778535
3234,2201,1.773700
3235,2205,1.776923
3236,2205,1.776923
3237,2185,1.760806
3238,2193,1.767253
3239,2201,1.773700
3240,2205,1.776923
3241,2197,1.770476
3242,2197,1.770476
3243,2205,1.776923
3244,2204,1.776117
3245,2204,1.776117
3246,2212,1.782564
3247,2205,1.776923
3248,2193,1.767253
3249,2201,1.773700
3250,2201,1.773700
3251,2205,1.776923
3252,2205,1.776923
3253,2197,1.770476
3254,2209,1.780147
3255,2193,1.767253
3256,2205,1.776923
3257,2204,1.776117
3258,2189,1.764029
3259,2197,1.770476
3260,2213,1.783370
3261,2201,1.773700
3262,2192,1.766447
3263,2205,1.776923
3264,2197,1.770476
3265,2204,1.776117
3266,2201,1.773700
3267,2213,1.783370
3268,2196,1.769670
3269,2205,1.776923
3270,2201,1.773700
3271,2205,1.776923
3272,2197,1.770476
3273,2205,1.776923
3274,2201,1.773700
3275,2201,1.773700
3276,2205,1.776923
3277,2197,1.770476
3278,2197,1.770476
3279,2185,1.760806
3280,2209,1.780147
3281,2201,1.773700
3282,2185,1.760806
3283,2189,1.764029
3284,2193,1.767253
3285,2205,1.776923
3286,2185,1.760806
3287,2205,1.776923
3288,2205,1.776923
3289,2201,1.773700
3290,2205,1.776923
3291,2197,1.770476
3292,2193,1.767253
3293,2193,1.767253
3294,2201,1.773700
3295,2193,1.767253
3296,2196,1.769670
3297,2196,1.769670
3298,2196,1.769670
3299,2189,1.764029
3300,2197,1.770476
3301,2197,1.770476
3302,2181,1.757582
3303,2193,1.767253
3304,2204,1.776117
3305,2197,1.770476
3306,2189,1.764029
3307,2185,1.760806
3308,2185,1.760806
3309,2193,1.767253
3310,2189,1.764029
3311,2196,1.769670
3312,2196,1.769670
3313,2193,1.767253
3314,2197,1.770476
3315,2197,1.770476
3316,2189,1.764029
3317,2175,1.752747
3318,2201,1.773700
3319,2185,1.760806
3320,2204,1.776117
3321,2192,1.766447
3322,2185,1.760806
3323,2201,1.773700
3324,2185,1.760806
3325,2197,1.770476
3326,2181,1.757582
3327,2189,1.764029
3328,2192,1.766447
3329,2197,1.770476
3330,2197,1.770476
3331,2192,1.766447
3332,2185,1.760806
3333,2185,1.760806
3334,2175,1.752747
3335,2201,1.773700
3336,2201,1.773700
3337,2197,1.770476
3338,2207,1.778535
3339,2193,1.767253
3340,2196,1.769670
3341,2185,1.760806
3342,2201,1.773700
3343,2189,1.764029
3344,2192,1.766447
3345,2185,1.760806
3346,2193,1.767253
3347,2192,1.766447
3348,2181,1.757582
3349,2173,1.751136
3350,2201,1.773700
3351,2196,1.769670
3352,2189,1.764029
3353,2201,1.773700
3354,2181,1.757582
3355,2181,1.757582
3356,2188,1.763223
3357,2173,1.751136
3358,2192,1.766447
3359,2173,1.751136
3360,2192,1.766447
3361,2173,1.751136
3362,2165,1.744689
3363,2185,1.760806
3364,2197,1.770476
3365,2189,1.764029
3366,2175,1.752747
3367,2175,1.752747
3368,2173,1.751136
3369,2175,1.752747
3370,2192,1.766447
3371,2185,1.760806
3372,2192,1.766447
3373,2181,1.757582
3374,2173,1.751136
3375,2193,1.767253
3376,2173,1.751136
3377,2173,1.751136
3378,2175,1.752747
3379,2185,1.760806
3380,2175,1.752747
3381,2175,1.752747
3382,2173,1.751136
3383,2173,1.751136
3384,2175,1.752747
3385,2169,1.747912
3386,2161,1.741465
3387,2173,1.751136
3388,2181,1.757582
3389,2175,1.752747
3390,2189,1.764029
3391,2185,1.760806
3392,2181,1.757582
3393,2175,1.752747
3394,2197,1.770476
3395,2181,1.757582
3396,2185,1.760806
3397,2169,1.747912
3398,2175,1.752747
3399,2173,1.751136
3400,2181,1.757582
3401,2173,1.751136
3402,2192,1.766447
3403,2173,1.751136
3404,2185,1.760806
3405,2172,1.750330
3406,2181,1.757582
3407,2181,1.757582
3408,2165,1.744689
3409,2192,1.766447
3410,2165,1.744689
3411,2175,1.752747
3412,2192,1.766447
3413,2175,1.752747
3414,2175,1.752747
3415,2188,1.763223
3416,2181,1.757582
3417,2173,1.751136
3418,2189,1.764029
3419,2181,1.757582
3420,2173,1.751136
3421,2175,1.752747
3422,2181,1.757582
3423,2188,1.763223
3424,2173,1.751136
3425,2173,1.751136
3426,2185,1.760806
3427,2175,1.752747
3428,2185,1.760806
3429,2193,1.767253
3430,2185,1.760806
3431,2185,1.760806
3432,2175,1.752747
3433,2185,1.760806
3434,2185,1.760806
3435,2172,1.750330
3436,2173,1.751136
3437,2189,1.764029
3438,2175,1.752747
3439,2185,1.760806
3440,2192,1.766447
3441,2193,1.767253
3442,2173,1.751136
3443,2185,1.760806
3444,2193,1.767253
3445,2188,1.763223
3446,2175,1.752747
3447,2197,1.770476
3448,2185,1.760806
3449,2185,1.760806
3450,2181,1.757582
3451,2193,1.767253
3452,2185,1.760806
3453,2188,1.763223
3454,2193,1.767253
3455,2189,1.764029
3456,2189,1.764029
3457,2193,1.767253
3458,2189,1.764029
3459,2197,1.770476
3460,2192,1.766447
3461,2197,1.770476
3462,2193,1.767253
3463,2193,1.767253
3464,2197,1.770476
3465,2197,1.770476
3466,2193,1.767253
3467,2181,1.757582
3468,2193,1.767253
3469,2189,1.764029
3470,2189,1.764029
3471,2192,1.766447
3472,2209,1.780147
3473,2197,1.770476
3474,2192,1.766447
3475,2201,1.773700
3476,2201,1.773700
3477,2193,1.767253
3478,2204,1.776117
3479,2204,1.776117
3480,2192,1.766447
3481,2197,1.770476
3482,2204,1.776117
3483,2224,1.792234
3484,2205,1.776923
3485,2201,1.773700
3486,2197,1.770476
3487,2204,1.776117
3488,2201,1.773700
3489,2196,1.769670
3490,2212,1.782564
3491,2205,1.776923
3492,2213,1.783370
3493,2205,1.776923
3494,2205,1.776923
3495,2224,1.792234
3496,2205,1.776923
3497,2197,1.770476
3498,2213,1.783370
3499,2205,1.776923
3500,2204,1.776117
3501,2193,1.767253
3502,2213,1.783370
3503,2213,1.783370
3504,2224,1.792234
3505,2217,1.786593
3506,2217,1.786593
3507,2224,1.792234
3508,2225,1.793040
3509,2217,1.786593
3510,2221,1.789817
3511,2225,1.793040
3512,2201,1.773700
3513,2213,1.783370
3514,2229,1.796264
3515,2225,1.793040
3516,2225,1.793040
3517,2224,1.792234
3518,2220,1.789011
3519,2225,1.793040
3520,2220,1.789011
3521,2221,1.789817
3522,2220,1.789011
3523,2225,1.793040
3524,2221,1.789817
3525,2240,1.805128
3526,2225,1.793040
3527,2221,1.789817
3528,2237,1.802711
3529,2220,1.789011
3530,2224,1.792234
3531,2237,1.802711
3532,2245,1.809158
3533,2229,1.796264
3534,2237,1.802711
3535,2241,1.805934
3536,2245,1.809158
3537,2240,1.805128
3538,2245,1.809158
3539,2241,1.805934
3540,2233,1.799487
3541,2245,1.809158
3542,2257,1.818828
3543,2256,1.818022
3544,2249,1.812381
3545,2257,1.818828
3546,2257,1.818828
3547,2249,1.812381
3548,2245,1.809158
3549,2257,1.818828
3550,2261,1.822051
3551,2260,1.821245
3552,2240,1.805128
3553,2257,1.818828
3554,2277,1.834945
3555,2261,1.822051
3556,2269,1.828498
3557,2277,1.834945
3558,2261,1.822051
3559,2265,1.825275
3560,2269,1.828498
3561,2277,1.834945
3562,2277,1.834945
3563,2277,1.834945
3564,2269,1.828498
3565,2281,1.838168
3566,2273,1.831722
3567,2276,1.834139
3568,2289,1.844615
3569,2297,1.851062
3570,2285,1.841392
3571,2293,1.847839
3572,2292,1.847033
3573,2293,1.847839
3574,2293,1.847839
3575,2297,1.851062
3576,2293,1.847839
3577,2304,1.856703
3578,2289,1.844615
3579,2293,1.847839
3580,2297,1.851062
3581,2305,1.857509
3582,2305,1.857509
3583,2297,1.851062
3584,2320,1.869597
3585,2309,1.860733
3586,2301,1.854286
3587,2308,1.859927
3588,2309,1.860733
3589,2316,1.866374
3590,2305,1.857509
3591,2321,1.870403
3592,2313,1.863956
3593,2321,1.870403
3594,2325,1.873626
3595,2340,1.885714
3596,2333,1.880073
3597,2341,1.886520
3598,2333,1.880073
3599,2345,1.889744
3600,2341,1.886520
3601,2341,1.886520
3602,2352,1.895385
3603,2356,1.898608
3604,2349,1.892967
3605,2353,1.896190
3606,2357,1.899414
3607,2365,1.905861
3608,2353,1.896190
3609,2356,1.898608
3610,2369,1.909084
3611,2384,1.921172
3612,2373,1.912308
3613,2365,1.905861
3614,2381,1.918755
3615,2388,1.924396
3616,2380,1.917949
3617,2388,1.924396
3618,2384,1.921172
3619,2405,1.938095
3620,2397,1.931648
3621,2393,1.928425
3622,2409,1.941319
3623,2401,1.934872
3624,2405,1.938095
3625,2405,1.938095
3626,2412,1.943736
3627,2425,1.954212
3628,2417,1.947766
3629,2409,1.941319
3630,2437,1.963883
3631,2429,1.957436
3632,2429,1.957436
3633,2421,1.950989
3634,2437,1.963883
3635,2441,1.967106
3636,2449,1.973553
3637,2449,1.973553
3638,2441,1.967106
3639,2448,1.972747
3640,2461,1.983223
3641,2461,1.983223
3642,2468,1.988864
3643,2457,1.980000
3644,2480,1.998535
3645,2453,1.976777
3646,2469,1.989670
3647,2469,1.989670
