Pixel,ADC,VoltageV
1,3938,3.173480
2,3938,3.173480
3,3944,3.178315
4,3936,3.171868
5,3936,3.171868
6,3936,3.171868
7,3936,3.171868
8,3936,3.171868
9,3936,3.171868
10,3936,3.171868
11,3936,3.171868
12,3936,3.171868
13,3936,3.171868
14,3936,3.171868
15,3936,3.171868
16,3915,3.154945
17,3115,2.510256
18,2520,2.030769
19,2538,2.045275
20,2554,2.058168
21,2554,2.058168
22,2552,2.056557
23,2555,2.058974
24,2543,2.049304
25,2554,2.058168
26,2555,2.058974
27,2559,2.062198
28,2552,2.056557
29,2555,2.058974
30,2538,2.045275
31,2547,2.052527
32,2559,2.062198
33,2547,2.052527
34,2543,2.049304
35,2554,2.058168
36,2555,2.058974
37,2555,2.058974
38,2554,2.058168
39,2552,2.056557
40,2555,2.058974
41,2543,2.049304
42,2539,2.046081
43,2543,2.049304
44,2547,2.052527
45,2552,2.056557
46,2554,2.058168
47,2555,2.058974
48,2554,2.058168
49,2555,2.058974
50,2554,2.058168
51,2547,2.052527
52,2555,2.058974
53,2552,2.056557
54,2555,2.058974
55,2555,2.058974
56,2554,2.058168
57,2555,2.058974
58,2559,2.062198
59,2543,2.049304
60,2552,2.056557
61,2555,2.058974
62,2559,2.062198
63,2555,2.058974
64,2559,2.062198
65,2538,2.045275
66,2538,2.045275
67,2539,2.046081
68,2554,2.058168
69,2539,2.046081
70,2543,2.049304
71,2552,2.056557
72,2554,2.058168
73,2539,2.046081
74,2554,2.058168
75,2555,2.058974
76,2555,2.058974
77,2543,2.049304
78,2571,2.071868
79,2559,2.062198
80,2563,2.065421
81,2555,2.058974
82,2559,2.062198
83,2559,2.062198
84,2571,2.071868
85,2571,2.071868
86,2555,2.058974
87,2559,2.062198
88,2559,2.062198
89,2570,2.071062
90,2570,2.071062
91,2559,2.062198
92,2555,2.058974
93,2554,2.058168
94,2568,2.069451
95,2559,2.062198
96,2552,2.056557
97,2554,2.058168
98,2555,2.058974
99,2552,2.056557
100,2554,2.058168
101,2554,2.058168
102,2552,2.056557
103,2539,2.046081
104,2555,2.058974
105,2552,2.056557
106,2539,2.046081
107,2559,2.062198
108,2555,2.058974
109,2547,2.052527
110,2552,2.056557
111,2538,2.045275
112,2538,2.045275
113,2538,2.045275
114,2539,2.046081
115,2554,2.058168
116,2555,2.058974
117,2555,2.058974
118,2543,2.049304
119,2554,2.058168
120,2555,2.058974
121,2555,2.058974
122,2547,2.052527
123,2559,2.062198
124,2543,2.049304
125,2555,2.058974
126,2554,2.058168
127,2555,2.058974
128,2559,2.062198
129,2552,2.056557
130,2543,2.049304
131,2552,2.056557
132,2555,2.058974
133,2555,2.058974
134,2555,2.058974
135,2552,2.056557
136,2570,2.071062
137,2568,2.069451
138,2555,2.058974
139,2555,2.058974
140,2568,2.069451
141,2559,2.062198
142,2559,2.062198
143,2559,2.062198
144,2555,2.058974
145,2552,2.056557
146,2570,2.071062
147,2555,2.058974
148,2555,2.058974
149,2555,2.058974
150,2568,2.069451
151,2559,2.062198
152,2555,2.058974
153,2547,2.052527
154,2559,2.062198
155,2555,2.058974
156,2555,2.058974
157,2554,2.058168
158,2555,2.058974
159,2568,2.069451
160,2543,2.049304
161,2554,2.058168
162,2555,2.058974
163,2559,2.062198
164,2555,2.058974
165,2570,2.071062
166,2554,2.058168
167,2547,2.052527
168,2563,2.065421
169,2552,2.056557
170,2559,2.062198
171,2554,2.058168
172,2552,2.056557
173,2559,2.062198
174,2554,2.058168
175,2559,2.062198
176,2559,2.062198
177,2555,2.058974
178,2554,2.058168
179,2539,2.046081
180,2539,2.046081
181,2538,2.045275
182,2543,2.049304
183,2554,2.058168
184,2547,2.052527
185,2547,2.052527
186,2539,2.046081
187,2552,2.056557
188,2555,2.058974
189,2538,2.045275
190,2547,2.052527
191,2543,2.049304
192,2539,2.046081
193,2547,2.052527
194,2538,2.045275
195,2543,2.049304
196,2547,2.052527
197,2552,2.056557
198,2543,2.049304
199,2539,2.046081
200,2543,2.049304
201,2538,2.045275
202,2538,2.045275
203,2547,2.052527
204,2539,2.046081
205,2552,2.056557
206,2554,2.058168
207,2539,2.046081
208,2539,2.046081
209,2543,2.049304
210,2552,2.056557
211,2543,2.049304
212,2539,2.046081
213,2555,2.058974
214,2554,2.058168
215,2539,2.046081
216,2552,2.056557
217,2555,2.058974
218,2538,2.045275
219,2554,2.058168
220,2543,2.049304
221,2559,2.062198
222,2552,2.056557
223,2555,2.058974
224,2552,2.056557
225,2554,2.058168
226,2547,2.052527
227,2552,2.056557
228,2547,2.052527
229,2555,2.058974
230,2563,2.065421
231,2543,2.049304
232,2543,2.049304
233,2575,2.075092
234,2555,2.058974
235,2555,2.058974
236,2552,2.056557
237,2543,2.049304
238,2543,2.049304
239,2552,2.056557
240,2543,2.049304
241,2539,2.046081
242,2547,2.052527
243,2554,2.058168
244,2543,2.049304
245,2554,2.058168
246,2555,2.058974
247,2554,2.058168
248,2555,2.058974
249,2543,2.049304
250,2554,2.058168
251,2552,2.056557
252,2570,2.071062
253,2543,2.049304
254,2559,2.062198
255,2543,2.049304
256,2552,2.056557
257,2555,2.058974
258,2555,2.058974
259,2555,2.058974
260,2552,2.056557
261,2554,2.058168
262,2554,2.058168
263,2554,2.058168
264,2555,2.058974
265,2555,2.058974
266,2554,2.058168
267,2554,2.058168
268,2555,2.058974
269,2539,2.046081
270,2552,2.056557
271,2539,2.046081
272,2555,2.058974
273,2552,2.056557
274,2555,2.058974
275,2543,2.049304
276,2539,2.046081
277,2543,2.049304
278,2539,2.046081
279,2554,2.058168
280,2539,2.046081
281,2547,2.052527
282,2554,2.058168
283,2543,2.049304
284,2555,2.058974
285,2568,2.069451
286,2554,2.058168
287,2543,2.049304
288,2554,2.058168
289,2559,2.062198
290,2552,2.056557
291,2543,2.049304
292,2554,2.058168
293,2547,2.052527
294,2554,2.058168
295,2539,2.046081
296,2555,2.058974
297,2554,2.058168
298,2568,2.069451
299,2554,2.058168
300,2554,2.058168
301,2539,2.046081
302,2552,2.056557
303,2552,2.056557
304,2543,2.049304
305,2554,2.058168
306,2543,2.049304
307,2547,2.052527
308,2555,2.058974
309,2539,2.046081
310,2554,2.058168
311,2539,2.046081
312,2554,2.058168
313,2554,2.058168
314,2559,2.062198
315,2554,2.058168
316,2555,2.058974
317,2554,2.058168
318,2547,2.052527
319,2559,2.062198
320,2555,2.058974
321,2552,2.056557
322,2568,2.069451
323,2547,2.052527
324,2570,2.071062
325,2555,2.058974
326,2555,2.058974
327,2555,2.058974
328,2570,2.071062
329,2554,2.058168
330,2559,2.062198
331,2571,2.071868
332,2570,2.071062
333,2571,2.071868
334,2559,2.062198
335,2563,2.065421
336,2571,2.071868
337,2555,2.058974
338,2570,2.071062
339,2555,2.058974
340,2563,2.065421
341,2559,2.062198
342,2555,2.058974
343,2568,2.069451
344,2570,2.071062
345,2555,2.058974
346,2571,2.071868
347,2559,2.062198
348,2571,2.071868
349,2568,2.069451
350,2571,2.071868
351,2570,2.071062
352,2568,2.069451
353,2570,2.071062
354,2575,2.075092
355,2575,2.075092
356,2555,2.058974
357,2570,2.071062
358,2555,2.058974
359,2570,2.071062
360,2571,2.071868
361,2571,2.071868
362,2571,2.071868
363,2554,2.058168
364,2571,2.071868
365,2559,2.062198
366,2559,2.062198
367,2559,2.062198
368,2554,2.058168
369,2559,2.062198
370,2555,2.058974
371,2559,2.062198
372,2554,2.058168
373,2555,2.058974
374,2559,2.062198
375,2555,2.058974
376,2547,2.052527
377,2559,2.062198
378,2552,2.056557
379,2555,2.058974
380,2543,2.049304
381,2552,2.056557
382,2552,2.056557
383,2552,2.056557
384,2543,2.049304
385,2555,2.058974
386,2547,2.052527
387,2571,2.071868
388,2555,2.058974
389,2559,2.062198
390,2559,2.062198
391,2559,2.062198
392,2554,2.058168
393,2555,2.058974
394,2570,2.071062
395,2547,2.052527
396,2554,2.058168
397,2571,2.071868
398,2570,2.071062
399,2555,2.058974
400,2554,2.058168
401,2570,2.071062
402,2559,2.062198
403,2555,2.058974
404,2536,2.043663
405,2543,2.049304
406,2552,2.056557
407,2555,2.058974
408,2555,2.058974
409,2555,2.058974
410,2568,2.069451
411,2559,2.062198
412,2547,2.052527
413,2570,2.071062
414,2568,2.069451
415,2568,2.069451
416,2552,2.056557
417,2555,2.058974
418,2570,2.071062
419,2554,2.058168
420,2570,2.071062
421,2568,2.069451
422,2554,2.058168
423,2543,2.049304
424,2555,2.058974
425,2543,2.049304
426,2554,2.058168
427,2552,2.056557
428,2543,2.049304
429,2554,2.058168
430,2539,2.046081
431,2559,2.062198
432,2552,2.056557
433,2539,2.046081
434,2554,2.058168
435,2536,2.043663
436,2554,2.058168
437,2559,2.062198
438,2538,2.045275
439,2554,2.058168
440,2555,2.058974
441,2554,2.058168
442,2552,2.056557
443,2555,2.058974
444,2555,2.058974
445,2539,2.046081
446,2543,2.049304
447,2555,2.058974
448,2555,2.058974
449,2559,2.062198
450,2559,2.062198
451,2552,2.056557
452,2568,2.069451
453,2555,2.058974
454,2555,2.058974
455,2555,2.058974
456,2539,2.046081
457,2554,2.058168
458,2552,2.056557
459,2559,2.062198
460,2555,2.058974
461,2555,2.058974
462,2559,2.062198
463,2555,2.058974
464,2543,2.049304
465,2539,2.046081
466,2547,2.052527
467,2559,2.062198
468,2555,2.058974
469,2559,2.062198
470,2554,2.058168
471,2570,2.071062
472,2563,2.065421
473,2571,2.071868
474,2586,2.083956
475,2592,2.088791
476,2579,2.078315
477,2592,2.088791
478,2592,2.088791
479,2592,2.088791
480,2571,2.071868
481,2555,2.058974
482,2555,2.058974
483,2555,2.058974
484,2555,2.058974
485,2571,2.071868
486,2568,2.069451
487,2559,2.062198
488,2559,2.062198
489,2555,2.058974
490,2554,2.058168
491,2559,2.062198
492,2568,2.069451
493,2555,2.058974
494,2555,2.058974
495,2543,2.049304
496,2571,2.071868
497,2584,2.082344
498,2571,2.071868
499,2571,2.071868
500,2568,2.069451
501,2586,2.083956
502,2594,2.090403
503,2571,2.071868
504,2592,2.088791
505,2575,2.075092
506,2568,2.069451
507,2575,2.075092
508,2555,2.058974
509,2559,2.062198
510,2559,2.062198
511,2552,2.056557
512,2555,2.058974
513,2571,2.071868
514,2552,2.056557
515,2555,2.058974
516,2555,2.058974
517,2559,2.062198
518,2570,2.071062
519,2559,2.062198
520,2559,2.062198
521,2570,2.071062
522,2584,2.082344
523,2568,2.069451
524,2592,2.088791
525,2571,2.071868
526,2586,2.083956
527,2592,2.088791
528,2586,2.083956
529,2592,2.088791
530,2571,2.071868
531,2586,2.083956
532,2575,2.075092
533,2586,2.083956
534,2592,2.088791
535,2584,2.082344
536,2592,2.088791
537,2592,2.088791
538,2595,2.091209
539,2592,2.088791
540,2584,2.082344
541,2584,2.082344
542,2575,2.075092
543,2570,2.071062
544,2555,2.058974
545,2571,2.071868
546,2571,2.071868
547,2584,2.082344
548,2575,2.075092
549,2584,2.082344
550,2592,2.088791
551,2570,2.071062
552,2571,2.071868
553,2584,2.082344
554,2584,2.082344
555,2570,2.071062
556,2555,2.058974
557,2570,2.071062
558,2575,2.075092
559,2575,2.075092
560,2584,2.082344
561,2571,2.071868
562,2575,2.075092
563,2571,2.071868
564,2592,2.088791
565,2586,2.083956
566,2571,2.071868
567,2579,2.078315
568,2571,2.071868
569,2554,2.058168
570,2575,2.075092
571,2563,2.065421
572,2559,2.062198
573,2575,2.075092
574,2571,2.071868
575,2571,2.071868
576,2575,2.075092
577,2568,2.069451
578,2570,2.071062
579,2570,2.071062
580,2575,2.075092
581,2555,2.058974
582,2571,2.071868
583,2570,2.071062
584,2571,2.071868
585,2571,2.071868
586,2570,2.071062
587,2559,2.062198
588,2555,2.058974
589,2570,2.071062
590,2568,2.069451
591,2570,2.071062
592,2571,2.071868
593,2559,2.062198
594,2563,2.065421
595,2555,2.058974
596,2563,2.065421
597,2568,2.069451
598,2568,2.069451
599,2568,2.069451
600,2568,2.069451
601,2575,2.075092
602,2570,2.071062
603,2592,2.088791
604,2570,2.071062
605,2571,2.071868
606,2571,2.071868
607,2571,2.071868
608,2579,2.078315
609,2586,2.083956
610,2584,2.082344
611,2571,2.071868
612,2563,2.065421
613,2575,2.075092
614,2592,2.088791
615,2563,2.065421
616,2575,2.075092
617,2571,2.071868
618,2571,2.071868
619,2571,2.071868
620,2571,2.071868
621,2579,2.078315
622,2575,2.075092
623,2571,2.071868
624,2559,2.062198
625,2575,2.075092
626,2571,2.071868
627,2592,2.088791
628,2571,2.071868
629,2584,2.082344
630,2592,2.088791
631,2592,2.088791
632,2575,2.075092
633,2571,2.071868
634,2595,2.091209
635,2586,2.083956
636,2592,2.088791
637,2571,2.071868
638,2594,2.090403
639,2592,2.088791
640,2594,2.090403
641,2592,2.088791
642,2594,2.090403
643,2594,2.090403
644,2600,2.095238
645,2594,2.090403
646,2584,2.082344
647,2575,2.075092
648,2571,2.071868
649,2571,2.071868
650,2571,2.071868
651,2586,2.083956
652,2575,2.075092
653,2571,2.071868
654,2570,2.071062
655,2584,2.082344
656,2571,2.071868
657,2592,2.088791
658,2592,2.088791
659,2575,2.075092
660,2592,2.088791
661,2594,2.090403
662,2584,2.082344
663,2600,2.095238
664,2586,2.083956
665,2592,2.088791
666,2586,2.083956
667,2592,2.088791
668,2571,2.071868
669,2568,2.069451
670,2592,2.088791
671,2575,2.075092
672,2592,2.088791
673,2592,2.088791
674,2592,2.088791
675,2595,2.091209
676,2586,2.083956
677,2571,2.071868
678,2584,2.082344
679,2592,2.088791
680,2600,2.095238
681,2575,2.075092
682,2586,2.083956
683,2592,2.088791
684,2594,2.090403
685,2602,2.096850
686,2595,2.091209
687,2571,2.071868
688,2584,2.082344
689,2575,2.075092
690,2571,2.071868
691,2600,2.095238
692,2586,2.083956
693,2575,2.075092
694,2592,2.088791
695,2592,2.088791
696,2586,2.083956
697,2584,2.082344
698,2603,2.097656
699,2592,2.088791
700,2592,2.088791
701,2602,2.096850
702,2600,2.095238
703,2595,2.091209
704,2607,2.100879
705,2603,2.097656
706,2602,2.096850
707,2603,2.097656
708,2611,2.104103
709,2603,2.097656
710,2603,2.097656
711,2595,2.091209
712,2595,2.091209
713,2595,2.091209
714,2595,2.091209
715,2602,2.096850
716,2607,2.100879
717,2595,2.091209
718,2602,2.096850
719,2592,2.088791
720,2595,2.091209
721,2595,2.091209
722,2595,2.091209
723,2595,2.091209
724,2603,2.097656
725,2602,2.096850
726,2618,2.109744
727,2603,2.097656
728,2607,2.100879
729,2603,2.097656
730,2595,2.091209
731,2611,2.104103
732,2603,2.097656
733,2600,2.095238
734,2618,2.109744
735,2607,2.100879
736,2603,2.097656
737,2592,2.088791
738,2603,2.097656
739,2594,2.090403
740,2594,2.090403
741,2594,2.090403
742,2607,2.100879
743,2602,2.096850
744,2600,2.095238
745,2592,2.088791
746,2602,2.096850
747,2594,2.090403
748,2595,2.091209
749,2603,2.097656
750,2602,2.096850
751,2600,2.095238
752,2602,2.096850
753,2603,2.097656
754,2603,2.097656
755,2602,2.096850
756,2603,2.097656
757,2600,2.095238
758,2595,2.091209
759,2619,2.110549
760,2603,2.097656
761,2618,2.109744
762,2618,2.109744
763,2611,2.104103
764,2616,2.108132
765,2618,2.109744
766,2616,2.108132
767,2607,2.100879
768,2616,2.108132
769,2603,2.097656
770,2603,2.097656
771,2603,2.097656
772,2603,2.097656
773,2603,2.097656
774,2600,2.095238
775,2603,2.097656
776,2603,2.097656
777,2603,2.097656
778,2592,2.088791
779,2616,2.108132
780,2618,2.109744
781,2603,2.097656
782,2607,2.100879
783,2602,2.096850
784,2603,2.097656
785,2603,2.097656
786,2618,2.109744
787,2616,2.108132
788,2616,2.108132
789,2624,2.114579
790,2618,2.109744
791,2618,2.109744
792,2619,2.110549
793,2603,2.097656
794,2618,2.109744
795,2626,2.116190
796,2619,2.110549
797,2611,2.104103
798,2624,2.114579
799,2603,2.097656
800,2603,2.097656
801,2616,2.108132
802,2619,2.110549
803,2607,2.100879
804,2616,2.108132
805,2616,2.108132
806,2600,2.095238
807,2616,2.108132
808,2616,2.108132
809,2616,2.108132
810,2595,2.091209
811,2619,2.110549
812,2616,2.108132
813,2626,2.116190
814,2607,2.100879
815,2611,2.104103
816,2611,2.104103
817,2600,2.095238
818,2618,2.109744
819,2607,2.100879
820,2616,2.108132
821,2626,2.116190
822,2619,2.110549
823,2632,2.121026
824,2635,2.123443
825,2626,2.116190
826,2635,2.123443
827,2634,2.122637
828,2635,2.123443
829,2650,2.135531
830,2627,2.116996
831,2639,2.126667
832,2635,2.123443
833,2634,2.122637
834,2635,2.123443
835,2635,2.123443
836,2635,2.123443
837,2632,2.121026
838,2635,2.123443
839,2634,2.122637
840,2656,2.140366
841,2656,2.140366
842,2635,2.123443
843,2650,2.135531
844,2635,2.123443
845,2643,2.129890
846,2656,2.140366
847,2659,2.142784
848,2658,2.141978
849,2639,2.126667
850,2659,2.142784
851,2658,2.141978
852,2658,2.141978
853,2639,2.126667
854,2635,2.123443
855,2648,2.133919
856,2639,2.126667
857,2639,2.126667
858,2639,2.126667
859,2656,2.140366
860,2648,2.133919
861,2639,2.126667
862,2643,2.129890
863,2639,2.126667
864,2643,2.129890
865,2656,2.140366
866,2639,2.126667
867,2635,2.123443
868,2634,2.122637
869,2635,2.123443
870,2635,2.123443
871,2632,2.121026
872,2632,2.121026
873,2634,2.122637
874,2635,2.123443
875,2635,2.123443
876,2635,2.123443
877,2619,2.110549
878,2626,2.116190
879,2627,2.116996
880,2627,2.116996
881,2619,2.110549
882,2624,2.114579
883,2635,2.123443
884,2627,2.116996
885,2635,2.123443
886,2650,2.135531
887,2634,2.122637
888,2635,2.123443
889,2626,2.116190
890,2634,2.122637
891,2634,2.122637
892,2635,2.123443
893,2635,2.123443
894,2626,2.116190
895,2639,2.126667
896,2643,2.129890
897,2635,2.123443
898,2648,2.133919
899,2659,2.142784
900,2656,2.140366
901,2656,2.140366
902,2635,2.123443
903,2656,2.140366
904,2656,2.140366
905,2658,2.141978
906,2635,2.123443
907,2656,2.140366
908,2658,2.141978
909,2658,2.141978
910,2639,2.126667
911,2643,2.129890
912,2648,2.133919
913,2650,2.135531
914,2656,2.140366
915,2656,2.140366
916,2639,2.126667
917,2656,2.140366
918,2639,2.126667
919,2656,2.140366
920,2659,2.142784
921,2656,2.140366
922,2656,2.140366
923,2656,2.140366
924,2648,2.133919
925,2656,2.140366
926,2656,2.140366
927,2656,2.140366
928,2648,2.133919
929,2627,2.116996
930,2643,2.129890
931,2656,2.140366
932,2656,2.140366
933,2656,2.140366
934,2658,2.141978
935,2656,2.140366
936,2656,2.140366
937,2658,2.141978
938,2656,2.140366
939,2659,2.142784
940,2656,2.140366
941,2667,2.149231
942,2667,2.149231
943,2635,2.123443
944,2659,2.142784
945,2664,2.146813
946,2658,2.141978
947,2667,2.149231
948,2658,2.141978
949,2658,2.141978
950,2667,2.149231
951,2664,2.146813
952,2666,2.148425
953,2667,2.149231
954,2656,2.140366
955,2671,2.152454
956,2666,2.148425
957,2656,2.140366
958,2664,2.146813
959,2656,2.140366
960,2656,2.140366
961,2656,2.140366
962,2659,2.142784
963,2656,2.140366
964,2659,2.142784
965,2658,2.141978
966,2664,2.146813
967,2664,2.146813
968,2656,2.140366
969,2666,2.148425
970,2656,2.140366
971,2667,2.149231
972,2659,2.142784
973,2682,2.161319
974,2666,2.148425
975,2664,2.146813
976,2659,2.142784
977,2658,2.141978
978,2658,2.141978
979,2658,2.141978
980,2680,2.159707
981,2664,2.146813
982,2659,2.142784
983,2667,2.149231
984,2667,2.149231
985,2682,2.161319
986,2666,2.148425
987,2667,2.149231
988,2682,2.161319
989,2671,2.152454
990,2671,2.152454
991,2667,2.149231
992,2683,2.162125
993,2671,2.152454
994,2667,2.149231
995,2671,2.152454
996,2683,2.162125
997,2683,2.162125
998,2680,2.159707
999,2682,2.161319
1000,2683,2.162125
1001,2683,2.162125
1002,2667,2.149231
1003,2687,2.165348
1004,2682,2.161319
1005,2682,2.161319
1006,2675,2.155678
1007,2671,2.152454
1008,2682,2.161319
1009,2683,2.162125
1010,2687,2.165348
1011,2683,2.162125
1012,2687,2.165348
1013,2667,2.149231
1014,2682,2.161319
1015,2683,2.162125
1016,2682,2.161319
1017,2667,2.149231
1018,2667,2.149231
1019,2687,2.165348
1020,2667,2.149231
1021,2666,2.148425
1022,2675,2.155678
1023,2671,2.152454
1024,2682,2.161319
1025,2682,2.161319
1026,2682,2.161319
1027,2683,2.162125
1028,2687,2.165348
1029,2671,2.152454
1030,2671,2.152454
1031,2682,2.161319
1032,2683,2.162125
1033,2667,2.149231
1034,2683,2.162125
1035,2675,2.155678
1036,2683,2.162125
1037,2682,2.161319
1038,2682,2.161319
1039,2699,2.175018
1040,2683,2.162125
1041,2683,2.162125
1042,2698,2.174212
1043,2683,2.162125
1044,2683,2.162125
1045,2667,2.149231
1046,2675,2.155678
1047,2683,2.162125
1048,2683,2.162125
1049,2687,2.165348
1050,2671,2.152454
1051,2671,2.152454
1052,2682,2.161319
1053,2671,2.152454
1054,2682,2.161319
1055,2680,2.159707
1056,2682,2.161319
1057,2687,2.165348
1058,2687,2.165348
1059,2699,2.175018
1060,2687,2.165348
1061,2696,2.172601
1062,2698,2.174212
1063,2687,2.165348
1064,2683,2.162125
1065,2683,2.162125
1066,2687,2.165348
1067,2698,2.174212
1068,2683,2.162125
1069,2683,2.162125
1070,2683,2.162125
1071,2687,2.165348
1072,2683,2.162125
1073,2687,2.165348
1074,2687,2.165348
1075,2687,2.165348
1076,2699,2.175018
1077,2698,2.174212
1078,2687,2.165348
1079,2687,2.165348
1080,2683,2.162125
1081,2687,2.165348
1082,2703,2.178242
1083,2699,2.175018
1084,2714,2.187106
1085,2699,2.175018
1086,2699,2.175018
1087,2696,2.172601
1088,2696,2.172601
1089,2699,2.175018
1090,2699,2.175018
1091,2703,2.178242
1092,2699,2.175018
1093,2699,2.175018
1094,2687,2.165348
1095,2699,2.175018
1096,2699,2.175018
1097,2699,2.175018
1098,2699,2.175018
1099,2683,2.162125
1100,2696,2.172601
1101,2698,2.174212
1102,2683,2.162125
1103,2687,2.165348
1104,2699,2.175018
1105,2687,2.165348
1106,2703,2.178242
1107,2699,2.175018
1108,2703,2.178242
1109,2699,2.175018
1110,2712,2.185495
1111,2722,2.193553
1112,2707,2.181465
1113,2699,2.175018
1114,2712,2.185495
1115,2707,2.181465
1116,2699,2.175018
1117,2703,2.178242
1118,2687,2.165348
1119,2698,2.174212
1120,2714,2.187106
1121,2699,2.175018
1122,2712,2.185495
1123,2699,2.175018
1124,2703,2.178242
1125,2720,2.191941
1126,2699,2.175018
1127,2712,2.185495
1128,2703,2.178242
1129,2720,2.191941
1130,2712,2.185495
1131,2720,2.191941
1132,2714,2.187106
1133,2720,2.191941
1134,2698,2.174212
1135,2720,2.191941
1136,2720,2.191941
1137,2699,2.175018
1138,2707,2.181465
1139,2722,2.193553
1140,2720,2.191941
1141,2714,2.187106
1142,2722,2.193553
1143,2722,2.193553
1144,2712,2.185495
1145,2720,2.191941
1146,2703,2.178242
1147,2703,2.178242
1148,2720,2.191941
1149,2730,2.200000
1150,2722,2.193553
1151,2731,2.200806
1152,2723,2.194359
1153,2723,2.194359
1154,2731,2.200806
1155,2730,2.200000
1156,2728,2.198388
1157,2714,2.187106
1158,2722,2.193553
1159,2703,2.178242
1160,2723,2.194359
1161,2722,2.193553
1162,2728,2.198388
1163,2720,2.191941
1164,2728,2.198388
1165,2722,2.193553
1166,2720,2.191941
1167,2731,2.200806
1168,2722,2.193553
1169,2730,2.200000
1170,2730,2.200000
1171,2731,2.200806
1172,2723,2.194359
1173,2730,2.200000
1174,2722,2.193553
1175,2728,2.198388
1176,2722,2.193553
1177,2720,2.191941
1178,2714,2.187106
1179,2720,2.191941
1180,2720,2.191941
1181,2723,2.194359
1182,2714,2.187106
1183,2731,2.200806
1184,2723,2.194359
1185,2728,2.198388
1186,2735,2.204029
1187,2731,2.200806
1188,2731,2.200806
1189,2720,2.191941
1190,2731,2.200806
1191,2731,2.200806
1192,2731,2.200806
1193,2722,2.193553
1194,2731,2.200806
1195,2730,2.200000
1196,2731,2.200806
1197,2728,2.198388
1198,2746,2.212894
1199,2723,2.194359
1200,2731,2.200806
1201,2744,2.211282
1202,2723,2.194359
1203,2730,2.200000
1204,2731,2.200806
1205,2735,2.204029
1206,2728,2.198388
1207,2720,2.191941
1208,2722,2.193553
1209,2730,2.200000
1210,2731,2.200806
1211,2730,2.200000
1212,2731,2.200806
1213,2735,2.204029
1214,2728,2.198388
1215,2755,2.220147
1216,2731,2.200806
1217,2744,2.211282
1218,2731,2.200806
1219,2752,2.217729
1220,2752,2.217729
1221,2731,2.200806
1222,2730,2.200000
1223,2730,2.200000
1224,2731,2.200806
1225,2731,2.200806
1226,2735,2.204029
1227,2731,2.200806
1228,2735,2.204029
1229,2754,2.219341
1230,2731,2.200806
1231,2735,2.204029
1232,2754,2.219341
1233,2731,2.200806
1234,2731,2.200806
1235,2730,2.200000
1236,2752,2.217729
1237,2744,2.211282
1238,2746,2.212894
1239,2735,2.204029
1240,2728,2.198388
1241,2746,2.212894
1242,2735,2.204029
1243,2731,2.200806
1244,2744,2.211282
1245,2744,2.211282
1246,2735,2.204029
1247,2735,2.204029
1248,2747,2.213700
1249,2752,2.217729
1250,2739,2.207253
1251,2744,2.211282
1252,2752,2.217729
1253,2744,2.211282
1254,2735,2.204029
1255,2747,2.213700
1256,2752,2.217729
1257,2747,2.213700
1258,2755,2.220147
1259,2746,2.212894
1260,2744,2.211282
1261,2731,2.200806
1262,2731,2.200806
1263,2754,2.219341
1264,2746,2.212894
1265,2747,2.213700
1266,2760,2.224176
1267,2752,2.217729
1268,2760,2.224176
1269,2752,2.217729
1270,2747,2.213700
1271,2747,2.213700
1272,2744,2.211282
1273,2744,2.211282
1274,2731,2.200806
1275,2752,2.217729
1276,2731,2.200806
1277,2755,2.220147
1278,2744,2.211282
1279,2746,2.212894
1280,2744,2.211282
1281,2746,2.212894
1282,2746,2.212894
1283,2755,2.220147
1284,2746,2.212894
1285,2767,2.229817
1286,2746,2.212894
1287,2754,2.219341
1288,2747,2.213700
1289,2755,2.220147
1290,2760,2.224176
1291,2754,2.219341
1292,2778,2.238681
1293,2754,2.219341
1294,2763,2.226593
1295,2762,2.225788
1296,2752,2.217729
1297,2752,2.217729
1298,2763,2.226593
1299,2754,2.219341
1300,2763,2.226593
1301,2763,2.226593
1302,2760,2.224176
1303,2763,2.226593
1304,2747,2.213700
1305,2746,2.212894
1306,2746,2.212894
1307,2763,2.226593
1308,2752,2.217729
1309,2760,2.224176
1310,2763,2.226593
1311,2762,2.225788
1312,2762,2.225788
1313,2763,2.226593
1314,2767,2.229817
1315,2784,2.243516
1316,2762,2.225788
1317,2760,2.224176
1318,2767,2.229817
1319,2760,2.224176
1320,2752,2.217729
1321,2755,2.220147
1322,2776,2.237070
1323,2767,2.229817
1324,2763,2.226593
1325,2752,2.217729
1326,2763,2.226593
1327,2755,2.220147
1328,2763,2.226593
1329,2767,2.229817
1330,2762,2.225788
1331,2767,2.229817
1332,2763,2.226593
1333,2776,2.237070
1334,2763,2.226593
1335,2763,2.226593
1336,2760,2.224176
1337,2755,2.220147
1338,2763,2.226593
1339,2763,2.226593
1340,2776,2.237070
1341,2763,2.226593
1342,2755,2.220147
1343,2767,2.229817
1344,2767,2.229817
1345,2763,2.226593
1346,2763,2.226593
1347,2763,2.226593
1348,2760,2.224176
1349,2784,2.243516
1350,2760,2.224176
1351,2763,2.226593
1352,2771,2.233040
1353,2763,2.226593
1354,2763,2.226593
1355,2784,2.243516
1356,2762,2.225788
1357,2763,2.226593
1358,2760,2.224176
1359,2755,2.220147
1360,2784,2.243516
1361,2776,2.237070
1362,2763,2.226593
1363,2755,2.220147
1364,2767,2.229817
1365,2763,2.226593
1366,2767,2.229817
1367,2763,2.226593
1368,2760,2.224176
1369,2767,2.229817
1370,2754,2.219341
1371,2771,2.233040
1372,2776,2.237070
1373,2760,2.224176
1374,2763,2.226593
1375,2762,2.225788
1376,2763,2.226593
1377,2767,2.229817
1378,2767,2.229817
1379,2767,2.229817
1380,2754,2.219341
1381,2762,2.225788
1382,2767,2.229817
1383,2755,2.220147
1384,2776,2.237070
1385,2776,2.237070
1386,2776,2.237070
1387,2760,2.224176
1388,2762,2.225788
1389,2755,2.220147
1390,2763,2.226593
1391,2762,2.225788
1392,2767,2.229817
1393,2767,2.229817
1394,2763,2.226593
1395,2762,2.225788
1396,2763,2.226593
1397,2763,2.226593
1398,2767,2.229817
1399,2767,2.229817
1400,2763,2.226593
1401,2767,2.229817
1402,2763,2.226593
1403,2767,2.229817
1404,2767,2.229817
1405,2763,2.226593
1406,2767,2.229817
1407,2763,2.226593
1408,2763,2.226593
1409,2763,2.226593
1410,2767,2.229817
1411,2767,2.229817
1412,2763,2.226593
1413,2763,2.226593
1414,2771,2.233040
1415,2763,2.226593
1416,2767,2.229817
1417,2762,2.225788
1418,2767,2.229817
1419,2762,2.225788
1420,2763,2.226593
1421,2763,2.226593
1422,2767,2.229817
1423,2763,2.226593
1424,2763,2.226593
1425,2784,2.243516
1426,2767,2.229817
1427,2762,2.225788
1428,2763,2.226593
1429,2763,2.226593
1430,2767,2.229817
1431,2771,2.233040
1432,2776,2.237070
1433,2763,2.226593
1434,2762,2.225788
1435,2762,2.225788
1436,2763,2.226593
1437,2784,2.243516
1438,2755,2.220147
1439,2755,2.220147
1440,2760,2.224176
1441,2763,2.226593
1442,2763,2.226593
1443,2784,2.243516
1444,2754,2.219341
1445,2762,2.225788
1446,2763,2.226593
1447,2762,2.225788
1448,2755,2.220147
1449,2763,2.226593
1450,2760,2.224176
1451,2767,2.229817
1452,2752,2.217729
1453,2763,2.226593
1454,2755,2.220147
1455,2754,2.219341
1456,2762,2.225788
1457,2754,2.219341
1458,2754,2.219341
1459,2763,2.226593
1460,2752,2.217729
1461,2752,2.217729
1462,2762,2.225788
1463,2754,2.219341
1464,2762,2.225788
1465,2754,2.219341
1466,2762,2.225788
1467,2752,2.217729
1468,2760,2.224176
1469,2760,2.224176
1470,2752,2.217729
1471,2752,2.217729
1472,2754,2.219341
1473,2752,2.217729
1474,2754,2.219341
1475,2744,2.211282
1476,2754,2.219341
1477,2746,2.212894
1478,2752,2.217729
1479,2746,2.212894
1480,2731,2.200806
1481,2755,2.220147
1482,2760,2.224176
1483,2744,2.211282
1484,2752,2.217729
1485,2754,2.219341
1486,2752,2.217729
1487,2754,2.219341
1488,2754,2.219341
1489,2746,2.212894
1490,2739,2.207253
1491,2752,2.217729
1492,2752,2.217729
1493,2754,2.219341
1494,2744,2.211282
1495,2754,2.219341
1496,2747,2.213700
1497,2746,2.212894
1498,2744,2.211282
1499,2744,2.211282
1500,2754,2.219341
1501,2747,2.213700
1502,2746,2.212894
1503,2755,2.220147
1504,2747,2.213700
1505,2752,2.217729
1506,2752,2.217729
1507,2747,2.213700
1508,2752,2.217729
1509,2746,2.212894
1510,2747,2.213700
1511,2744,2.211282
1512,2735,2.204029
1513,2746,2.212894
1514,2744,2.211282
1515,2735,2.204029
1516,2735,2.204029
1517,2744,2.211282
1518,2752,2.217729
1519,2735,2.204029
1520,2735,2.204029
1521,2735,2.204029
1522,2746,2.212894
1523,2731,2.200806
1524,2735,2.204029
1525,2744,2.211282
1526,2746,2.212894
1527,2735,2.204029
1528,2731,2.200806
1529,2731,2.200806
1530,2731,2.200806
1531,2731,2.200806
1532,2752,2.217729
1533,2730,2.200000
1534,2731,2.200806
1535,2731,2.200806
1536,2731,2.200806
1537,2730,2.200000
1538,2730,2.200000
1539,2731,2.200806
1540,2731,2.200806
1541,2730,2.200000
1542,2731,2.200806
1543,2731,2.200806
1544,2731,2.200806
1545,2731,2.200806
1546,2731,2.200806
1547,2735,2.204029
1548,2730,2.200000
1549,2730,2.200000
1550,2730,2.200000
1551,2730,2.200000
1552,2723,2.194359
1553,2730,2.200000
1554,2728,2.198388
1555,2731,2.200806
1556,2731,2.200806
1557,2730,2.200000
1558,2731,2.200806
1559,2703,2.178242
1560,2731,2.200806
1561,2730,2.200000
1562,2728,2.198388
1563,2728,2.198388
1564,2731,2.200806
1565,2723,2.194359
1566,2728,2.198388
1567,2720,2.191941
1568,2731,2.200806
1569,2730,2.200000
1570,2730,2.200000
1571,2730,2.200000
1572,2723,2.194359
1573,2735,2.204029
1574,2723,2.194359
1575,2744,2.211282
1576,2731,2.200806
1577,2728,2.198388
1578,2731,2.200806
1579,2720,2.191941
1580,2722,2.193553
1581,2720,2.191941
1582,2731,2.200806
1583,2720,2.191941
1584,2722,2.193553
1585,2720,2.191941
1586,2722,2.193553
1587,2720,2.191941
1588,2712,2.185495
1589,2712,2.185495
1590,2703,2.178242
1591,2720,2.191941
1592,2703,2.178242
1593,2720,2.191941
1594,2712,2.185495
1595,2699,2.175018
1596,2699,2.175018
1597,2714,2.187106
1598,2703,2.178242
1599,2723,2.194359
1600,2699,2.175018
1601,2720,2.191941
1602,2699,2.175018
1603,2703,2.178242
1604,2712,2.185495
1605,2722,2.193553
1606,2698,2.174212
1607,2699,2.175018
1608,2720,2.191941
1609,2731,2.200806
1610,2712,2.185495
1611,2728,2.198388
1612,2722,2.193553
1613,2703,2.178242
1614,2722,2.193553
1615,2714,2.187106
1616,2720,2.191941
1617,2723,2.194359
1618,2696,2.172601
1619,2698,2.174212
1620,2722,2.193553
1621,2720,2.191941
1622,2720,2.191941
1623,2714,2.187106
1624,2703,2.178242
1625,2720,2.191941
1626,2712,2.185495
1627,2703,2.178242
1628,2699,2.175018
1629,2707,2.181465
1630,2720,2.191941
1631,2703,2.178242
1632,2720,2.191941
1633,2699,2.175018
1634,2712,2.185495
1635,2720,2.191941
1636,2698,2.174212
1637,2699,2.175018
1638,2703,2.178242
1639,2712,2.185495
1640,2699,2.175018
1641,2703,2.178242
1642,2703,2.178242
1643,2703,2.178242
1644,2712,2.185495
1645,2722,2.193553
1646,2723,2.194359
1647,2707,2.181465
1648,2720,2.191941
1649,2720,2.191941
1650,2707,2.181465
1651,2714,2.187106
1652,2714,2.187106
1653,2720,2.191941
1654,2723,2.194359
1655,2722,2.193553
1656,2723,2.194359
1657,2720,2.191941
1658,2728,2.198388
1659,2728,2.198388
1660,2723,2.194359
1661,2730,2.200000
1662,2739,2.207253
1663,2731,2.200806
1664,2728,2.198388
1665,2731,2.200806
1666,2739,2.207253
1667,2735,2.204029
1668,2731,2.200806
1669,2739,2.207253
1670,2752,2.217729
1671,2730,2.200000
1672,2754,2.219341
1673,2735,2.204029
1674,2752,2.217729
1675,2746,2.212894
1676,2735,2.204029
1677,2744,2.211282
1678,2747,2.213700
1679,2752,2.217729
1680,2754,2.219341
1681,2754,2.219341
1682,2746,2.212894
1683,2752,2.217729
1684,2755,2.220147
1685,2762,2.225788
1686,2763,2.226593
1687,2762,2.225788
1688,2762,2.225788
1689,2763,2.226593
1690,2763,2.226593
1691,2763,2.226593
1692,2767,2.229817
1693,2762,2.225788
1694,2776,2.237070
1695,2763,2.226593
1696,2763,2.226593
1697,2763,2.226593
1698,2786,2.245128
1699,2762,2.225788
1700,2767,2.229817
1701,2776,2.237070
1702,2786,2.245128
1703,2784,2.243516
1704,2784,2.243516
1705,2784,2.243516
1706,2786,2.245128
1707,2794,2.251575
1708,2799,2.255604
1709,2795,2.252381
1710,2786,2.245128
1711,2792,2.249963
1712,2795,2.252381
1713,2794,2.251575
1714,2799,2.255604
1715,2799,2.255604
1716,2799,2.255604
1717,2795,2.252381
1718,2799,2.255604
1719,2799,2.255604
1720,2810,2.264469
1721,2808,2.262857
1722,2795,2.252381
1723,2795,2.252381
1724,2810,2.264469
1725,2808,2.262857
1726,2808,2.262857
1727,2808,2.262857
1728,2816,2.269304
1729,2799,2.255604
1730,2803,2.258828
1731,2816,2.269304
1732,2826,2.277363
1733,2810,2.264469
1734,2826,2.277363
1735,2810,2.264469
1736,2810,2.264469
1737,2816,2.269304
1738,2816,2.269304
1739,2819,2.271722
1740,2810,2.264469
1741,2819,2.271722
1742,2799,2.255604
1743,2827,2.278168
1744,2808,2.262857
1745,2818,2.270916
1746,2827,2.278168
1747,2819,2.271722
1748,2818,2.270916
1749,2816,2.269304
1750,2819,2.271722
1751,2816,2.269304
1752,2819,2.271722
1753,2824,2.275751
1754,2827,2.278168
1755,2824,2.275751
1756,2819,2.271722
1757,2824,2.275751
1758,2827,2.278168
1759,2827,2.278168
1760,2827,2.278168
1761,2818,2.270916
1762,2824,2.275751
1763,2827,2.278168
1764,2824,2.275751
1765,2819,2.271722
1766,2827,2.278168
1767,2818,2.270916
1768,2826,2.277363
1769,2831,2.281392
1770,2826,2.277363
1771,2831,2.281392
1772,2819,2.271722
1773,2826,2.277363
1774,2827,2.278168
1775,2819,2.271722
1776,2827,2.278168
1777,2831,2.281392
1778,2824,2.275751
1779,2827,2.278168
1780,2824,2.275751
1781,2826,2.277363
1782,2824,2.275751
1783,2827,2.278168
1784,2840,2.288645
1785,2819,2.271722
1786,2831,2.281392
1787,2827,2.278168
1788,2824,2.275751
1789,2831,2.281392
1790,2826,2.277363
1791,2826,2.277363
1792,2826,2.277363
1793,2827,2.278168
1794,2831,2.281392
1795,2827,2.278168
1796,2816,2.269304
1797,2831,2.281392
1798,2826,2.277363
1799,2827,2.278168
1800,2848,2.295092
1801,2827,2.278168
1802,2842,2.290256
1803,2831,2.281392
1804,2827,2.278168
1805,2848,2.295092
1806,2835,2.284615
1807,2831,2.281392
1808,2826,2.277363
1809,2827,2.278168
1810,2819,2.271722
1811,2818,2.270916
1812,2848,2.295092
1813,2826,2.277363
1814,2827,2.278168
1815,2826,2.277363
1816,2827,2.278168
1817,2826,2.277363
1818,2819,2.271722
1819,2831,2.281392
1820,2827,2.278168
1821,2827,2.278168
1822,2824,2.275751
1823,2827,2.278168
1824,2827,2.278168
1825,2827,2.278168
1826,2827,2.278168
1827,2827,2.278168
1828,2831,2.281392
1829,2826,2.277363
1830,2840,2.288645
1831,2824,2.275751
1832,2818,2.270916
1833,2827,2.278168
1834,2827,2.278168
1835,2826,2.277363
1836,2848,2.295092
1837,2826,2.277363
1838,2831,2.281392
1839,2818,2.270916
1840,2824,2.275751
1841,2827,2.278168
1842,2827,2.278168
1843,2827,2.278168
1844,2824,2.275751
1845,2819,2.271722
1846,2816,2.269304
1847,2827,2.278168
1848,2819,2.271722
1849,2824,2.275751
1850,2831,2.281392
1851,2835,2.284615
1852,2824,2.275751
1853,2827,2.278168
1854,2826,2.277363
1855,2827,2.278168
1856,2826,2.277363
1857,2819,2.271722
1858,2824,2.275751
1859,2827,2.278168
1860,2827,2.278168
1861,2810,2.264469
1862,2826,2.277363
1863,2818,2.270916
1864,2816,2.269304
1865,2818,2.270916
1866,2818,2.270916
1867,2819,2.271722
1868,2816,2.269304
1869,2819,2.271722
1870,2826,2.277363
1871,2824,2.275751
1872,2824,2.275751
1873,2819,2.271722
1874,2826,2.277363
1875,2810,2.264469
1876,2826,2.277363
1877,2824,2.275751
1878,2826,2.277363
1879,2824,2.275751
1880,2827,2.278168
1881,2819,2.271722
1882,2818,2.270916
1883,2816,2.269304
1884,2826,2.277363
1885,2827,2.278168
1886,2810,2.264469
1887,2810,2.264469
1888,2827,2.278168
1889,2816,2.269304
1890,2816,2.269304
1891,2819,2.271722
1892,2810,2.264469
1893,2819,2.271722
1894,2819,2.271722
1895,2818,2.270916
1896,2824,2.275751
1897,2818,2.270916
1898,2827,2.278168
1899,2826,2.277363
1900,2816,2.269304
1901,2808,2.262857
1902,2827,2.278168
1903,2816,2.269304
1904,2827,2.278168
1905,2818,2.270916
1906,2810,2.264469
1907,2824,2.275751
1908,2831,2.281392
1909,2824,2.275751
1910,2826,2.277363
1911,2827,2.278168
1912,2826,2.277363
1913,2816,2.269304
1914,2818,2.270916
1915,2816,2.269304
1916,2816,2.269304
1917,2827,2.278168
1918,2819,2.271722
1919,2831,2.281392
1920,2827,2.278168
1921,2831,2.281392
1922,2818,2.270916
1923,2826,2.277363
1924,2816,2.269304
1925,2818,2.270916
1926,2819,2.271722
1927,2826,2.277363
1928,2818,2.270916
1929,2826,2.277363
1930,2827,2.278168
1931,2827,2.278168
1932,2827,2.278168
1933,2826,2.277363
1934,2827,2.278168
1935,2831,2.281392
1936,2824,2.275751
1937,2826,2.277363
1938,2824,2.275751
1939,2826,2.277363
1940,2826,2.277363
1941,2831,2.281392
1942,2819,2.271722
1943,2826,2.277363
1944,2827,2.278168
1945,2826,2.277363
1946,2842,2.290256
1947,2827,2.278168
1948,2840,2.288645
1949,2840,2.288645
1950,2819,2.271722
1951,2827,2.278168
1952,2842,2.290256
1953,2826,2.277363
1954,2840,2.288645
1955,2848,2.295092
1956,2848,2.295092
1957,2848,2.295092
1958,2831,2.281392
1959,2818,2.270916
1960,2831,2.281392
1961,2848,2.295092
1962,2848,2.295092
1963,2831,2.281392
1964,2840,2.288645
1965,2851,2.297509
1966,2831,2.281392
1967,2850,2.296703
1968,2848,2.295092
1969,2840,2.288645
1970,2848,2.295092
1971,2848,2.295092
1972,2831,2.281392
1973,2840,2.288645
1974,2848,2.295092
1975,2827,2.278168
1976,2842,2.290256
1977,2850,2.296703
1978,2848,2.295092
1979,2851,2.297509
1980,2850,2.296703
1981,2851,2.297509
1982,2848,2.295092
1983,2851,2.297509
1984,2831,2.281392
1985,2848,2.295092
1986,2859,2.303956
1987,2858,2.303150
1988,2856,2.301538
1989,2851,2.297509
1990,2851,2.297509
1991,2858,2.303150
1992,2858,2.303150
1993,2850,2.296703
1994,2856,2.301538
1995,2856,2.301538
1996,2858,2.303150
1997,2851,2.297509
1998,2848,2.295092
1999,2859,2.303956
2000,2859,2.303956
2001,2859,2.303956
2002,2850,2.296703
2003,2858,2.303150
2004,2858,2.303150
2005,2859,2.303956
2006,2859,2.303956
2007,2850,2.296703
2008,2863,2.307179
2009,2859,2.303956
2010,2858,2.303150
2011,2856,2.301538
2012,2867,2.310403
2013,2859,2.303956
2014,2858,2.303150
2015,2859,2.303956
2016,2858,2.303150
2017,2858,2.303150
2018,2859,2.303956
2019,2850,2.296703
2020,2863,2.307179
2021,2872,2.314432
2022,2859,2.303956
2023,2867,2.310403
2024,2863,2.307179
2025,2863,2.307179
2026,2859,2.303956
2027,2875,2.316850
2028,2859,2.303956
2029,2867,2.310403
2030,2863,2.307179
2031,2851,2.297509
2032,2872,2.314432
2033,2859,2.303956
2034,2863,2.307179
2035,2874,2.316044
2036,2867,2.310403
2037,2874,2.316044
2038,2858,2.303150
2039,2858,2.303150
2040,2875,2.316850
2041,2880,2.320879
2042,2872,2.314432
2043,2859,2.303956
2044,2859,2.303956
2045,2863,2.307179
2046,2859,2.303956
2047,2858,2.303150
2048,2872,2.314432
2049,2863,2.307179
2050,2863,2.307179
2051,2859,2.303956
2052,2872,2.314432
2053,2874,2.316044
2054,2874,2.316044
2055,2858,2.303150
2056,2875,2.316850
2057,2872,2.314432
2058,2859,2.303956
2059,2859,2.303956
2060,2882,2.322491
2061,2863,2.307179
2062,2859,2.303956
2063,2874,2.316044
2064,2859,2.303956
2065,2863,2.307179
2066,2859,2.303956
2067,2875,2.316850
2068,2874,2.316044
2069,2858,2.303150
2070,2858,2.303150
2071,2859,2.303956
2072,2850,2.296703
2073,2872,2.314432
2074,2859,2.303956
2075,2859,2.303956
2076,2872,2.314432
2077,2867,2.310403
2078,2858,2.303150
2079,2872,2.314432
2080,2859,2.303956
2081,2859,2.303956
2082,2859,2.303956
2083,2859,2.303956
2084,2867,2.310403
2085,2874,2.316044
2086,2850,2.296703
2087,2859,2.303956
2088,2863,2.307179
2089,2859,2.303956
2090,2851,2.297509
2091,2859,2.303956
2092,2856,2.301538
2093,2859,2.303956
2094,2848,2.295092
2095,2858,2.303150
2096,2850,2.296703
2097,2850,2.296703
2098,2851,2.297509
2099,2848,2.295092
2100,2848,2.295092
2101,2827,2.278168
2102,2851,2.297509
2103,2848,2.295092
2104,2850,2.296703
2105,2856,2.301538
2106,2851,2.297509
2107,2848,2.295092
2108,2850,2.296703
2109,2835,2.284615
2110,2848,2.295092
2111,2848,2.295092
2112,2831,2.281392
2113,2848,2.295092
2114,2831,2.281392
2115,2831,2.281392
2116,2840,2.288645
2117,2850,2.296703
2118,2827,2.278168
2119,2848,2.295092
2120,2835,2.284615
2121,2848,2.295092
2122,2831,2.281392
2123,2827,2.278168
2124,2818,2.270916
2125,2831,2.281392
2126,2827,2.278168
2127,2826,2.277363
2128,2826,2.277363
2129,2827,2.278168
2130,2827,2.278168
2131,2827,2.278168
2132,2816,2.269304
2133,2831,2.281392
2134,2827,2.278168
2135,2827,2.278168
2136,2827,2.278168
2137,2827,2.278168
2138,2818,2.270916
2139,2803,2.258828
2140,2810,2.264469
2141,2816,2.269304
2142,2810,2.264469
2143,2816,2.269304
2144,2799,2.255604
2145,2811,2.265275
2146,2811,2.265275
2147,2818,2.270916
2148,2819,2.271722
2149,2810,2.264469
2150,2816,2.269304
2151,2808,2.262857
2152,2795,2.252381
2153,2803,2.258828
2154,2808,2.262857
2155,2810,2.264469
2156,2799,2.255604
2157,2808,2.262857
2158,2795,2.252381
2159,2795,2.252381
2160,2795,2.252381
2161,2795,2.252381
2162,2808,2.262857
2163,2803,2.258828
2164,2787,2.245934
2165,2818,2.270916
2166,2799,2.255604
2167,2808,2.262857
2168,2799,2.255604
2169,2799,2.255604
2170,2794,2.251575
2171,2799,2.255604
2172,2795,2.252381
2173,2795,2.252381
2174,2799,2.255604
2175,2792,2.249963
2176,2810,2.264469
2177,2808,2.262857
2178,2799,2.255604
2179,2808,2.262857
2180,2795,2.252381
2181,2816,2.269304
2182,2816,2.269304
2183,2818,2.270916
2184,2818,2.270916
2185,2816,2.269304
2186,2795,2.252381
2187,2818,2.270916
2188,2818,2.270916
2189,2827,2.278168
2190,2818,2.270916
2191,2826,2.277363
2192,2831,2.281392
2193,2827,2.278168
2194,2818,2.270916
2195,2835,2.284615
2196,2827,2.278168
2197,2835,2.284615
2198,2827,2.278168
2199,2831,2.281392
2200,2848,2.295092
2201,2827,2.278168
2202,2840,2.288645
2203,2848,2.295092
2204,2831,2.281392
2205,2851,2.297509
2206,2848,2.295092
2207,2835,2.284615
2208,2850,2.296703
2209,2831,2.281392
2210,2851,2.297509
2211,2858,2.303150
2212,2858,2.303150
2213,2848,2.295092
2214,2850,2.296703
2215,2851,2.297509
2216,2851,2.297509
2217,2858,2.303150
2218,2851,2.297509
2219,2858,2.303150
2220,2858,2.303150
2221,2874,2.316044
2222,2858,2.303150
2223,2859,2.303956
2224,2851,2.297509
2225,2859,2.303956
2226,2859,2.303956
2227,2858,2.303150
2228,2859,2.303956
2229,2858,2.303150
2230,2863,2.307179
2231,2867,2.310403
2232,2874,2.316044
2233,2875,2.316850
2234,2859,2.303956
2235,2863,2.307179
2236,2874,2.316044
2237,2867,2.310403
2238,2859,2.303956
2239,2859,2.303956
2240,2880,2.320879
2241,2875,2.316850
2242,2859,2.303956
2243,2880,2.320879
2244,2888,2.327326
2245,2874,2.316044
2246,2875,2.316850
2247,2882,2.322491
2248,2875,2.316850
2249,2875,2.316850
2250,2882,2.322491
2251,2872,2.314432
2252,2883,2.323297
2253,2880,2.320879
2254,2883,2.323297
2255,2874,2.316044
2256,2882,2.322491
2257,2883,2.323297
2258,2880,2.320879
2259,2888,2.327326
2260,2890,2.328938
2261,2883,2.323297
2262,2890,2.328938
2263,2875,2.316850
2264,2882,2.322491
2265,2895,2.332967
2266,2880,2.320879
2267,2890,2.328938
2268,2904,2.340220
2269,2891,2.329744
2270,2891,2.329744
2271,2891,2.329744
2272,2890,2.328938
2273,2891,2.329744
2274,2891,2.329744
2275,2888,2.327326
2276,2891,2.329744
2277,2890,2.328938
2278,2891,2.329744
2279,2890,2.328938
2280,2891,2.329744
2281,2906,2.341832
2282,2891,2.329744
2283,2891,2.329744
2284,2895,2.332967
2285,2904,2.340220
2286,2891,2.329744
2287,2891,2.329744
2288,2888,2.327326
2289,2891,2.329744
2290,2895,2.332967
2291,2890,2.328938
2292,2912,2.346667
2293,2891,2.329744
2294,2895,2.332967
2295,2895,2.332967
2296,2899,2.336190
2297,2906,2.341832
2298,2895,2.332967
2299,2895,2.332967
2300,2912,2.346667
2301,2920,2.353114
2302,2912,2.346667
2303,2895,2.332967
2304,2895,2.332967
2305,2891,2.329744
2306,2912,2.346667
2307,2899,2.336190
2308,2891,2.329744
2309,2912,2.346667
2310,2912,2.346667
2311,2895,2.332967
2312,2912,2.346667
2313,2904,2.340220
2314,2891,2.329744
2315,2891,2.329744
2316,2899,2.336190
2317,2899,2.336190
2318,2891,2.329744
2319,2895,2.332967
2320,2912,2.346667
2321,2895,2.332967
2322,2912,2.346667
2323,2904,2.340220
2324,2891,2.329744
2325,2915,2.349084
2326,2906,2.341832
2327,2895,2.332967
2328,2891,2.329744
2329,2904,2.340220
2330,2914,2.348278
2331,2912,2.346667
2332,2912,2.346667
2333,2895,2.332967
2334,2895,2.332967
2335,2904,2.340220
2336,2912,2.346667
2337,2912,2.346667
2338,2895,2.332967
2339,2912,2.346667
2340,2912,2.346667
2341,2912,2.346667
2342,2895,2.332967
2343,2912,2.346667
2344,2912,2.346667
2345,2891,2.329744
2346,2899,2.336190
2347,2912,2.346667
2348,2895,2.332967
2349,2904,2.340220
2350,2895,2.332967
2351,2912,2.346667
2352,2912,2.346667
2353,2904,2.340220
2354,2895,2.332967
2355,2912,2.346667
2356,2912,2.346667
2357,2904,2.340220
2358,2906,2.341832
2359,2895,2.332967
2360,2904,2.340220
2361,2895,2.332967
2362,2915,2.349084
2363,2891,2.329744
2364,2891,2.329744
2365,2912,2.346667
2366,2906,2.341832
2367,2912,2.346667
2368,2891,2.329744
2369,2895,2.332967
2370,2904,2.340220
2371,2912,2.346667
2372,2906,2.341832
2373,2890,2.328938
2374,2895,2.332967
2375,2891,2.329744
2376,2904,2.340220
2377,2891,2.329744
2378,2895,2.332967
2379,2912,2.346667
2380,2912,2.346667
2381,2899,2.336190
2382,2912,2.346667
2383,2912,2.346667
2384,2891,2.329744
2385,2891,2.329744
2386,2891,2.329744
2387,2904,2.340220
2388,2891,2.329744
2389,2912,2.346667
2390,2904,2.340220
2391,2912,2.346667
2392,2890,2.328938
2393,2912,2.346667
2394,2895,2.332967
2395,2912,2.346667
2396,2914,2.348278
2397,2912,2.346667
2398,2904,2.340220
2399,2899,2.336190
2400,2915,2.349084
2401,2895,2.332967
2402,2912,2.346667
2403,2891,2.329744
2404,2912,2.346667
2405,2915,2.349084
2406,2912,2.346667
2407,2912,2.346667
2408,2912,2.346667
2409,2891,2.329744
2410,2912,2.346667
2411,2912,2.346667
2412,2904,2.340220
2413,2895,2.332967
2414,2895,2.332967
2415,2890,2.328938
2416,2895,2.332967
2417,2891,2.329744
2418,2904,2.340220
2419,2914,2.348278
2420,2904,2.340220
2421,2895,2.332967
2422,2891,2.329744
2423,2904,2.340220
2424,2912,2.346667
2425,2912,2.346667
2426,2912,2.346667
2427,2912,2.346667
2428,2895,2.332967
2429,2904,2.340220
2430,2891,2.329744
2431,2912,2.346667
2432,2914,2.348278
2433,2912,2.346667
2434,2904,2.340220
2435,2904,2.340220
2436,2904,2.340220
2437,2895,2.332967
2438,2891,2.329744
2439,2912,2.346667
2440,2891,2.329744
2441,2904,2.340220
2442,2912,2.346667
2443,2904,2.340220
2444,2899,2.336190
2445,2914,2.348278
2446,2904,2.340220
2447,2890,2.328938
2448,2895,2.332967
2449,2906,2.341832
2450,2895,2.332967
2451,2912,2.346667
2452,2912,2.346667
2453,2912,2.346667
2454,2891,2.329744
2455,2912,2.346667
2456,2914,2.348278
2457,2895,2.332967
2458,2912,2.346667
2459,2891,2.329744
2460,2912,2.346667
2461,2891,2.329744
2462,2904,2.340220
2463,2904,2.340220
2464,2895,2.332967
2465,2912,2.346667
2466,2904,2.340220
2467,2912,2.346667
2468,2912,2.346667
2469,2914,2.348278
2470,2912,2.346667
2471,2904,2.340220
2472,2890,2.328938
2473,2914,2.348278
2474,2906,2.341832
2475,2891,2.329744
2476,2912,2.346667
2477,2912,2.346667
2478,2912,2.346667
2479,2912,2.346667
2480,2912,2.346667
2481,2912,2.346667
2482,2920,2.353114
2483,2895,2.332967
2484,2891,2.329744
2485,2914,2.348278
2486,2895,2.332967
2487,2912,2.346667
2488,2891,2.329744
2489,2906,2.341832
2490,2906,2.341832
2491,2891,2.329744
2492,2891,2.329744
2493,2912,2.346667
2494,2904,2.340220
2495,2912,2.346667
2496,2891,2.329744
2497,2891,2.329744
2498,2891,2.329744
2499,2915,2.349084
2500,2912,2.346667
2501,2891,2.329744
2502,2883,2.323297
2503,2895,2.332967
2504,2891,2.329744
2505,2891,2.329744
2506,2882,2.322491
2507,2891,2.329744
2508,2895,2.332967
2509,2891,2.329744
2510,2904,2.340220
2511,2891,2.329744
2512,2912,2.346667
2513,2895,2.332967
2514,2912,2.346667
2515,2891,2.329744
2516,2891,2.329744
2517,2904,2.340220
2518,2912,2.346667
2519,2904,2.340220
2520,2906,2.341832
2521,2912,2.346667
2522,2904,2.340220
2523,2890,2.328938
2524,2895,2.332967
2525,2895,2.332967
2526,2904,2.340220
2527,2891,2.329744
2528,2904,2.340220
2529,2895,2.332967
2530,2895,2.332967
2531,2895,2.332967
2532,2912,2.346667
2533,2912,2.346667
2534,2899,2.336190
2535,2899,2.336190
2536,2904,2.340220
2537,2888,2.327326
2538,2895,2.332967
2539,2895,2.332967
2540,2895,2.332967
2541,2891,2.329744
2542,2891,2.329744
2543,2895,2.332967
2544,2891,2.329744
2545,2891,2.329744
2546,2904,2.340220
2547,2891,2.329744
2548,2891,2.329744
2549,2883,2.323297
2550,2891,2.329744
2551,2888,2.327326
2552,2891,2.329744
2553,2891,2.329744
2554,2888,2.327326
2555,2890,2.328938
2556,2891,2.329744
2557,2895,2.332967
2558,2882,2.322491
2559,2904,2.340220
2560,2890,2.328938
2561,2883,2.323297
2562,2891,2.329744
2563,2891,2.329744
2564,2883,2.323297
2565,2891,2.329744
2566,2891,2.329744
2567,2888,2.327326
2568,2890,2.328938
2569,2891,2.329744
2570,2888,2.327326
2571,2882,2.322491
2572,2882,2.322491
2573,2882,2.322491
2574,2890,2.328938
2575,2890,2.328938
2576,2891,2.329744
2577,2882,2.322491
2578,2891,2.329744
2579,2891,2.329744
2580,2891,2.329744
2581,2883,2.323297
2582,2888,2.327326
2583,2891,2.329744
2584,2888,2.327326
2585,2895,2.332967
2586,2891,2.329744
2587,2890,2.328938
2588,2882,2.322491
2589,2891,2.329744
2590,2888,2.327326
2591,2890,2.328938
2592,2891,2.329744
2593,2888,2.327326
2594,2891,2.329744
2595,2880,2.320879
2596,2890,2.328938
2597,2891,2.329744
2598,2888,2.327326
2599,2875,2.316850
2600,2875,2.316850
2601,2882,2.322491
2602,2875,2.316850
2603,2880,2.320879
2604,2874,2.316044
2605,2883,2.323297
2606,2874,2.316044
2607,2880,2.320879
2608,2880,2.320879
2609,2880,2.320879
2610,2880,2.320879
2611,2883,2.323297
2612,2872,2.314432
2613,2863,2.307179
2614,2875,2.316850
2615,2874,2.316044
2616,2875,2.316850
2617,2863,2.307179
2618,2875,2.316850
2619,2863,2.307179
2620,2859,2.303956
2621,2859,2.303956
2622,2859,2.303956
2623,2863,2.307179
2624,2875,2.316850
2625,2863,2.307179
2626,2872,2.314432
2627,2859,2.303956
2628,2874,2.316044
2629,2856,2.301538
2630,2859,2.303956
2631,2858,2.303150
2632,2859,2.303956
2633,2872,2.314432
2634,2874,2.316044
2635,2863,2.307179
2636,2858,2.303150
2637,2859,2.303956
2638,2858,2.303150
2639,2858,2.303150
2640,2874,2.316044
2641,2856,2.301538
2642,2859,2.303956
2643,2859,2.303956
2644,2859,2.303956
2645,2851,2.297509
2646,2858,2.303150
2647,2856,2.301538
2648,2850,2.296703
2649,2850,2.296703
2650,2858,2.303150
2651,2863,2.307179
2652,2863,2.307179
2653,2856,2.301538
2654,2856,2.301538
2655,2859,2.303956
2656,2859,2.303956
2657,2863,2.307179
2658,2851,2.297509
2659,2831,2.281392
2660,2848,2.295092
2661,2848,2.295092
2662,2842,2.290256
2663,2840,2.288645
2664,2831,2.281392
2665,2842,2.290256
2666,2848,2.295092
2667,2848,2.295092
2668,2851,2.297509
2669,2848,2.295092
2670,2848,2.295092
2671,2842,2.290256
2672,2826,2.277363
2673,2827,2.278168
2674,2831,2.281392
2675,2831,2.281392
2676,2848,2.295092
2677,2827,2.278168
2678,2842,2.290256
2679,2827,2.278168
2680,2826,2.277363
2681,2831,2.281392
2682,2842,2.290256
2683,2827,2.278168
2684,2826,2.277363
2685,2818,2.270916
2686,2824,2.275751
2687,2819,2.271722
2688,2827,2.278168
2689,2819,2.271722
2690,2826,2.277363
2691,2827,2.278168
2692,2826,2.277363
2693,2826,2.277363
2694,2810,2.264469
2695,2799,2.255604
2696,2826,2.277363
2697,2810,2.264469
2698,2824,2.275751
2699,2799,2.255604
2700,2810,2.264469
2701,2808,2.262857
2702,2799,2.255604
2703,2808,2.262857
2704,2816,2.269304
2705,2803,2.258828
2706,2799,2.255604
2707,2799,2.255604
2708,2808,2.262857
2709,2794,2.251575
2710,2792,2.249963
2711,2795,2.252381
2712,2786,2.245128
2713,2786,2.245128
2714,2784,2.243516
2715,2795,2.252381
2716,2795,2.252381
2717,2787,2.245934
2718,2792,2.249963
2719,2792,2.249963
2720,2787,2.245934
2721,2786,2.245128
2722,2784,2.243516
2723,2794,2.251575
2724,2776,2.237070
2725,2787,2.245934
2726,2784,2.243516
2727,2784,2.243516
2728,2784,2.243516
2729,2787,2.245934
2730,2778,2.238681
2731,2784,2.243516
2732,2771,2.233040
2733,2784,2.243516
2734,2763,2.226593
2735,2776,2.237070
2736,2754,2.219341
2737,2767,2.229817
2738,2760,2.224176
2739,2763,2.226593
2740,2760,2.224176
2741,2752,2.217729
2742,2763,2.226593
2743,2760,2.224176
2744,2755,2.220147
2745,2755,2.220147
2746,2752,2.217729
2747,2762,2.225788
2748,2762,2.225788
2749,2754,2.219341
2750,2754,2.219341
2751,2752,2.217729
2752,2730,2.200000
2753,2730,2.200000
2754,2744,2.211282
2755,2735,2.204029
2756,2731,2.200806
2757,2731,2.200806
2758,2735,2.204029
2759,2744,2.211282
2760,2731,2.200806
2761,2744,2.211282
2762,2723,2.194359
2763,2735,2.204029
2764,2731,2.200806
2765,2728,2.198388
2766,2731,2.200806
2767,2731,2.200806
2768,2728,2.198388
2769,2728,2.198388
2770,2720,2.191941
2771,2722,2.193553
2772,2714,2.187106
2773,2712,2.185495
2774,2699,2.175018
2775,2699,2.175018
2776,2698,2.174212
2777,2720,2.191941
2778,2714,2.187106
2779,2698,2.174212
2780,2703,2.178242
2781,2712,2.185495
2782,2699,2.175018
2783,2703,2.178242
2784,2699,2.175018
2785,2691,2.168571
2786,2687,2.165348
2787,2696,2.172601
2788,2699,2.175018
2789,2687,2.165348
2790,2680,2.159707
2791,2687,2.165348
2792,2683,2.162125
2793,2683,2.162125
2794,2683,2.162125
2795,2683,2.162125
2796,2675,2.155678
2797,2667,2.149231
2798,2659,2.142784
2799,2658,2.141978
2800,2659,2.142784
2801,2658,2.141978
2802,2658,2.141978
2803,2650,2.135531
2804,2664,2.146813
2805,2659,2.142784
2806,2667,2.149231
2807,2666,2.148425
2808,2664,2.146813
2809,2667,2.149231
2810,2650,2.135531
2811,2656,2.140366
2812,2635,2.123443
2813,2639,2.126667
2814,2635,2.123443
2815,2634,2.122637
2816,2634,2.122637
2817,2639,2.126667
2818,2626,2.116190
2819,2626,2.116190
2820,2634,2.122637
2821,2627,2.116996
2822,2626,2.116190
2823,2618,2.109744
2824,2618,2.109744
2825,2632,2.121026
2826,2607,2.100879
2827,2618,2.109744
2828,2619,2.110549
2829,2624,2.114579
2830,2603,2.097656
2831,2603,2.097656
2832,2595,2.091209
2833,2592,2.088791
2834,2603,2.097656
2835,2602,2.096850
2836,2592,2.088791
2837,2595,2.091209
2838,2586,2.083956
2839,2594,2.090403
2840,2592,2.088791
2841,2592,2.088791
2842,2586,2.083956
2843,2570,2.071062
2844,2586,2.083956
2845,2595,2.091209
2846,2570,2.071062
2847,2563,2.065421
2848,2592,2.088791
2849,2579,2.078315
2850,2571,2.071868
2851,2570,2.071062
2852,2571,2.071868
2853,2571,2.071868
2854,2539,2.046081
2855,2536,2.043663
2856,2539,2.046081
2857,2543,2.049304
2858,2554,2.058168
2859,2555,2.058974
2860,2555,2.058974
2861,2552,2.056557
2862,2539,2.046081
2863,2554,2.058168
2864,2538,2.045275
2865,2539,2.046081
2866,2538,2.045275
2867,2528,2.037216
2868,2522,2.032381
2869,2531,2.039634
2870,2538,2.045275
2871,2520,2.030769
2872,2530,2.038828
2873,2530,2.038828
2874,2528,2.037216
2875,2528,2.037216
2876,2531,2.039634
2877,2530,2.038828
2878,2515,2.026740
2879,2528,2.037216
2880,2531,2.039634
2881,2528,2.037216
2882,2528,2.037216
2883,2528,2.037216
2884,2511,2.023516
2885,2507,2.020293
2886,2499,2.013846
2887,2499,2.013846
2888,2504,2.017875
2889,2490,2.006593
2890,2491,2.007399
2891,2479,1.997729
2892,2491,2.007399
2893,2491,2.007399
2894,2496,2.011429
2895,2496,2.011429
2896,2499,2.013846
2897,2488,2.004982
2898,2498,2.013040
2899,2475,1.994505
2900,2474,1.993700
2901,2475,1.994505
2902,2475,1.994505
2903,2496,2.011429
2904,2474,1.993700
2905,2467,1.988059
2906,2466,1.987253
2907,2475,1.994505
2908,2472,1.992088
2909,2464,1.985641
2910,2464,1.985641
2911,2467,1.988059
2912,2464,1.985641
2913,2458,1.980806
2914,2447,1.971941
2915,2458,1.980806
2916,2451,1.975165
2917,2472,1.992088
2918,2456,1.979194
2919,2464,1.985641
2920,2442,1.967912
2921,2464,1.985641
2922,2467,1.988059
2923,2458,1.980806
2924,2443,1.968718
2925,2434,1.961465
2926,2435,1.962271
2927,2442,1.967912
2928,2442,1.967912
2929,2464,1.985641
2930,2442,1.967912
2931,2447,1.971941
2932,2442,1.967912
2933,2440,1.966300
2934,2440,1.966300
2935,2440,1.966300
2936,2435,1.962271
2937,2435,1.962271
2938,2424,1.953407
2939,2427,1.955824
2940,2442,1.967912
2941,2435,1.962271
2942,2443,1.968718
2943,2411,1.942930
2944,2411,1.942930
2945,2424,1.953407
2946,2424,1.953407
2947,2424,1.953407
2948,2410,1.942125
2949,2415,1.946154
2950,2427,1.955824
2951,2415,1.946154
2952,2408,1.940513
2953,2411,1.942930
2954,2415,1.946154
2955,2424,1.953407
2956,2415,1.946154
2957,2392,1.927619
2958,2402,1.935678
2959,2424,1.953407
2960,2408,1.940513
2961,2411,1.942930
2962,2419,1.949377
2963,2426,1.955018
2964,2410,1.942125
2965,2400,1.934066
2966,2403,1.936484
2967,2411,1.942930
2968,2410,1.942125
2969,2378,1.916337
2970,2392,1.927619
2971,2400,1.934066
2972,2400,1.934066
2973,2400,1.934066
2974,2400,1.934066
2975,2403,1.936484
2976,2411,1.942930
2977,2408,1.940513
2978,2400,1.934066
2979,2394,1.929231
2980,2383,1.920366
2981,2383,1.920366
2982,2379,1.917143
2983,2378,1.916337
2984,2400,1.934066
2985,2383,1.920366
2986,2379,1.917143
2987,2379,1.917143
2988,2363,1.904249
2989,2400,1.934066
2990,2402,1.935678
2991,2370,1.909890
2992,2362,1.903443
2993,2383,1.920366
2994,2379,1.917143
2995,2383,1.920366
2996,2371,1.910696
2997,2371,1.910696
2998,2378,1.916337
2999,2363,1.904249
3000,2368,1.908278
3001,2378,1.916337
3002,2363,1.904249
3003,2371,1.910696
3004,2371,1.910696
3005,2362,1.903443
3006,2363,1.904249
3007,2362,1.903443
3008,2376,1.914725
3009,2363,1.904249
3010,2376,1.914725
3011,2363,1.904249
3012,2355,1.897802
3013,2370,1.909890
3014,2347,1.891355
3015,2362,1.903443
3016,2347,1.891355
3017,2363,1.904249
3018,2379,1.917143
3019,2360,1.901832
3020,2363,1.904249
3021,2346,1.890549
3022,2338,1.884103
3023,2351,1.894579
3024,2346,1.890549
3025,2355,1.897802
3026,2344,1.888938
3027,2351,1.894579
3028,2344,1.888938
3029,2346,1.890549
3030,2344,1.888938
3031,2355,1.897802
3032,2351,1.894579
3033,2346,1.890549
3034,2346,1.890549
3035,2336,1.882491
3036,2347,1.891355
3037,2339,1.884908
3038,2339,1.884908
3039,2338,1.884103
3040,2336,1.882491
3041,2344,1.888938
3042,2344,1.888938
3043,2315,1.865568
3044,2323,1.872015
3045,2338,1.884103
3046,2323,1.872015
3047,2336,1.882491
3048,2336,1.882491
3049,2330,1.877656
3050,2344,1.888938
3051,2344,1.888938
3052,2347,1.891355
3053,2346,1.890549
3054,2344,1.888938
3055,2339,1.884908
3056,2338,1.884103
3057,2323,1.872015
3058,2315,1.865568
3059,2312,1.863150
3060,2303,1.855897
3061,2307,1.859121
3062,2299,1.852674
3063,2299,1.852674
3064,2312,1.863150
3065,2315,1.865568
3066,2296,1.850256
3067,2287,1.843004
3068,2291,1.846227
3069,2299,1.852674
3070,2298,1.851868
3071,2314,1.864762
3072,2336,1.882491
3073,2336,1.882491
3074,2338,1.884103
3075,2336,1.882491
3076,2328,1.876044
3077,2315,1.865568
3078,2328,1.876044
3079,2336,1.882491
3080,2319,1.868791
3081,2314,1.864762
3082,2330,1.877656
3083,2307,1.859121
3084,2328,1.876044
3085,2307,1.859121
3086,2330,1.877656
3087,2347,1.891355
3088,2336,1.882491
3089,2347,1.891355
3090,2338,1.884103
3091,2319,1.868791
3092,2330,1.877656
3093,2323,1.872015
3094,2307,1.859121
3095,2315,1.865568
3096,2314,1.864762
3097,2296,1.850256
3098,2298,1.851868
3099,2287,1.843004
3100,2303,1.855897
3101,2280,1.837363
3102,2283,1.839780
3103,2282,1.838974
3104,2280,1.837363
3105,2299,1.852674
3106,2291,1.846227
3107,2296,1.850256
3108,2275,1.833333
3109,2296,1.850256
3110,2299,1.852674
3111,2282,1.838974
3112,2287,1.843004
3113,2275,1.833333
3114,2274,1.832527
3115,2287,1.843004
3116,2282,1.838974
3117,2282,1.838974
3118,2283,1.839780
3119,2282,1.838974
3120,2282,1.838974
3121,2283,1.839780
3122,2282,1.838974
3123,2283,1.839780
3124,2287,1.843004
3125,2287,1.843004
3126,2283,1.839780
3127,2283,1.839780
3128,2283,1.839780
3129,2275,1.833333
3130,2272,1.830916
3131,2282,1.838974
3132,2287,1.843004
3133,2283,1.839780
3134,2280,1.837363
3135,2275,1.833333
3136,2287,1.843004
3137,2280,1.837363
3138,2283,1.839780
3139,2282,1.838974
3140,2274,1.832527
3141,2283,1.839780
3142,2274,1.832527
3143,2283,1.839780
3144,2272,1.830916
3145,2266,1.826081
3146,2283,1.839780
3147,2272,1.830916
3148,2274,1.832527
3149,2250,1.813187
3150,2264,1.824469
3151,2255,1.817216
3152,2266,1.826081
3153,2272,1.830916
3154,2251,1.813993
3155,2272,1.830916
3156,2272,1.830916
3157,2274,1.832527
3158,2264,1.824469
3159,2255,1.817216
3160,2272,1.830916
3161,2272,1.830916
3162,2255,1.817216
3163,2251,1.813993
3164,2259,1.820440
3165,2264,1.824469
3166,2250,1.813187
3167,2251,1.813993
3168,2266,1.826081
3169,2248,1.811575
3170,2251,1.813993
3171,2250,1.813187
3172,2242,1.806740
3173,2255,1.817216
3174,2248,1.811575
3175,2248,1.811575
3176,2255,1.817216
3177,2255,1.817216
3178,2251,1.813993
3179,2251,1.813993
3180,2255,1.817216
3181,2251,1.813993
3182,2243,1.807546
3183,2250,1.813187
3184,2251,1.813993
3185,2235,1.801099
3186,2243,1.807546
3187,2250,1.813187
3188,2248,1.811575
3189,2242,1.806740
3190,2255,1.817216
3191,2223,1.791429
3192,2248,1.811575
3193,2243,1.807546
3194,2235,1.801099
3195,2250,1.813187
3196,2251,1.813993
3197,2240,1.805128
3198,2242,1.806740
3199,2243,1.807546
3200,2242,1.806740
3201,2255,1.817216
3202,2248,1.811575
3203,2243,1.807546
3204,2243,1.807546
3205,2251,1.813993
3206,2251,1.813993
3207,2251,1.813993
3208,2243,1.807546
3209,2250,1.813187
3210,2243,1.807546
3211,2242,1.806740
3212,2234,1.800293
3213,2235,1.801099
3214,2250,1.813187
3215,2251,1.813993
3216,2235,1.801099
3217,2251,1.813993
3218,2242,1.806740
3219,2243,1.807546
3220,2243,1.807546
3221,2251,1.813993
3222,2250,1.813187
3223,2232,1.798681
3224,2234,1.800293
3225,2240,1.805128
3226,2243,1.807546
3227,2232,1.798681
3228,2234,1.800293
3229,2232,1.798681
3230,2232,1.798681
3231,2218,1.787399
3232,2235,1.801099
3233,2240,1.805128
3234,2227,1.794652
3235,2223,1.791429
3236,2232,1.798681
3237,2219,1.788205
3238,2223,1.791429
3239,2211,1.781758
3240,2234,1.800293
3241,2223,1.791429
3242,2211,1.781758
3243,2232,1.798681
3244,2223,1.791429
3245,2232,1.798681
3246,2243,1.807546
3247,2242,1.806740
3248,2219,1.788205
3249,2234,1.800293
3250,2216,1.785788
3251,2234,1.800293
3252,2240,1.805128
3253,2223,1.791429
3254,2240,1.805128
3255,2223,1.791429
3256,2219,1.788205
3257,2223,1.791429
3258,2219,1.788205
3259,2227,1.794652
3260,2223,1.791429
3261,2219,1.788205
3262,2202,1.774505
3263,2219,1.788205
3264,2227,1.794652
3265,2223,1.791429
3266,2219,1.788205
3267,2216,1.785788
3268,2219,1.788205
3269,2218,1.787399
3270,2216,1.785788
3271,2219,1.788205
3272,2219,1.788205
3273,2218,1.787399
3274,2223,1.791429
3275,2219,1.788205
3276,2218,1.787399
3277,2219,1.788205
3278,2216,1.785788
3279,2218,1.787399
3280,2208,1.779341
3281,2218,1.787399
3282,2218,1.787399
3283,2218,1.787399
3284,2210,1.780952
3285,2211,1.781758
3286,2210,1.780952
3287,2210,1.780952
3288,2216,1.785788
3289,2223,1.791429
3290,2223,1.791429
3291,2211,1.781758
3292,2216,1.785788
3293,2210,1.780952
3294,2223,1.791429
3295,2218,1.787399
3296,2219,1.788205
3297,2208,1.779341
3298,2211,1.781758
3299,2223,1.791429
3300,2211,1.781758
3301,2210,1.780952
3302,2223,1.791429
3303,2208,1.779341
3304,2208,1.779341
3305,2219,1.788205
3306,2216,1.785788
3307,2210,1.780952
3308,2227,1.794652
3309,2211,1.781758
3310,2211,1.781758
3311,2210,1.780952
3312,2218,1.787399
3313,2223,1.791429
3314,2211,1.781758
3315,2208,1.779341
3316,2219,1.788205
3317,2218,1.787399
3318,2216,1.785788
3319,2210,1.780952
3320,2219,1.788205
3321,2219,1.788205
3322,2216,1.785788
3323,2210,1.780952
3324,2218,1.787399
3325,2232,1.798681
3326,2218,1.787399
3327,2219,1.788205
3328,2219,1.788205
3329,2218,1.787399
3330,2223,1.791429
3331,2218,1.787399
3332,2223,1.791429
3333,2211,1.781758
3334,2223,1.791429
3335,2208,1.779341
3336,2223,1.791429
3337,2219,1.788205
3338,2219,1.788205
3339,2210,1.780952
3340,2218,1.787399
3341,2216,1.785788
3342,2219,1.788205
3343,2210,1.780952
3344,2218,1.787399
3345,2210,1.780952
3346,2211,1.781758
3347,2208,1.779341
3348,2216,1.785788
3349,2211,1.781758
3350,2208,1.779341
3351,2211,1.781758
3352,2210,1.780952
3353,2208,1.779341
3354,2211,1.781758
3355,2210,1.780952
3356,2211,1.781758
3357,2208,1.779341
3358,2208,1.779341
3359,2211,1.781758
3360,2208,1.779341
3361,2216,1.785788
3362,2208,1.779341
3363,2216,1.785788
3364,2216,1.785788
3365,2211,1.781758
3366,2208,1.779341
3367,2211,1.781758
3368,2218,1.787399
3369,2210,1.780952
3370,2219,1.788205
3371,2218,1.787399
3372,2208,1.779341
3373,2210,1.780952
3374,2208,1.779341
3375,2210,1.780952
3376,2200,1.772894
3377,2218,1.787399
3378,2210,1.780952
3379,2191,1.765641
3380,2211,1.781758
3381,2210,1.780952
3382,2211,1.781758
3383,2211,1.781758
3384,2211,1.781758
3385,2191,1.765641
3386,2202,1.774505
3387,2208,1.779341
3388,2210,1.780952
3389,2210,1.780952
3390,2208,1.779341
3391,2219,1.788205
3392,2208,1.779341
3393,2210,1.780952
3394,2202,1.774505
3395,2218,1.787399
3396,2202,1.774505
3397,2195,1.768864
3398,2211,1.781758
3399,2200,1.772894
3400,2211,1.781758
3401,2208,1.779341
3402,2203,1.775311
3403,2219,1.788205
3404,2200,1.772894
3405,2208,1.779341
3406,2195,1.768864
3407,2210,1.780952
3408,2210,1.780952
3409,2211,1.781758
3410,2211,1.781758
3411,2208,1.779341
3412,2210,1.780952
3413,2195,1.768864
3414,2211,1.781758
3415,2208,1.779341
3416,2218,1.787399
3417,2216,1.785788
3418,2208,1.779341
3419,2195,1.768864
3420,2202,1.774505
3421,2202,1.774505
3422,2210,1.780952
3423,2210,1.780952
3424,2200,1.772894
3425,2210,1.780952
3426,2187,1.762418
3427,2210,1.780952
3428,2210,1.780952
3429,2216,1.785788
3430,2208,1.779341
3431,2208,1.779341
3432,2200,1.772894
3433,2208,1.779341
3434,2200,1.772894
3435,2211,1.781758
3436,2208,1.779341
3437,2202,1.774505
3438,2211,1.781758
3439,2208,1.779341
3440,2216,1.785788
3441,2208,1.779341
3442,2218,1.787399
3443,2216,1.785788
3444,2203,1.775311
3445,2210,1.780952
3446,2211,1.781758
3447,2211,1.781758
3448,2218,1.787399
3449,2216,1.785788
3450,2208,1.779341
3451,2210,1.780952
3452,2218,1.787399
3453,2218,1.787399
3454,2219,1.788205
3455,2211,1.781758
3456,2223,1.791429
3457,2216,1.785788
3458,2210,1.780952
3459,2218,1.787399
3460,2208,1.779341
3461,2218,1.787399
3462,2219,1.788205
3463,2211,1.781758
3464,2208,1.779341
3465,2219,1.788205
3466,2211,1.781758
3467,2208,1.779341
3468,2216,1.785788
3469,2218,1.787399
3470,2240,1.805128
3471,2219,1.788205
3472,2211,1.781758
3473,2219,1.788205
3474,2219,1.788205
3475,2216,1.785788
3476,2232,1.798681
3477,2210,1.780952
3478,2219,1.788205
3479,2232,1.798681
3480,2219,1.788205
3481,2219,1.788205
3482,2223,1.791429
3483,2240,1.805128
3484,2223,1.791429
3485,2223,1.791429
3486,2232,1.798681
3487,2219,1.788205
3488,2232,1.798681
3489,2211,1.781758
3490,2232,1.798681
3491,2223,1.791429
3492,2219,1.788205
3493,2232,1.798681
3494,2243,1.807546
3495,2223,1.791429
3496,2243,1.807546
3497,2240,1.805128
3498,2251,1.813993
3499,2232,1.798681
3500,2234,1.800293
3501,2240,1.805128
3502,2232,1.798681
3503,2234,1.800293
3504,2250,1.813187
3505,2240,1.805128
3506,2242,1.806740
3507,2240,1.805128
3508,2232,1.798681
3509,2232,1.798681
3510,2223,1.791429
3511,2232,1.798681
3512,2251,1.813993
3513,2234,1.800293
3514,2242,1.806740
3515,2243,1.807546
3516,2243,1.807546
3517,2235,1.801099
3518,2240,1.805128
3519,2242,1.806740
3520,2251,1.813993
3521,2255,1.817216
3522,2250,1.813187
3523,2255,1.817216
3524,2243,1.807546
3525,2248,1.811575
3526,2250,1.813187
3527,2240,1.805128
3528,2243,1.807546
3529,2250,1.813187
3530,2242,1.806740
3531,2251,1.813993
3532,2255,1.817216
3533,2235,1.801099
3534,2255,1.817216
3535,2251,1.813993
3536,2266,1.826081
3537,2251,1.813993
3538,2272,1.830916
3539,2274,1.832527
3540,2259,1.820440
3541,2272,1.830916
3542,2274,1.832527
3543,2272,1.830916
3544,2266,1.826081
3545,2266,1.826081
3546,2274,1.832527
3547,2272,1.830916
3548,2282,1.838974
3549,2272,1.830916
3550,2282,1.838974
3551,2272,1.830916
3552,2282,1.838974
3553,2283,1.839780
3554,2275,1.833333
3555,2282,1.838974
3556,2296,1.850256
3557,2272,1.830916
3558,2287,1.843004
3559,2274,1.832527
3560,2296,1.850256
3561,2299,1.852674
3562,2299,1.852674
3563,2296,1.850256
3564,2299,1.852674
3565,2298,1.851868
3566,2298,1.851868
3567,2298,1.851868
3568,2303,1.855897
3569,2291,1.846227
3570,2314,1.864762
3571,2323,1.872015
3572,2303,1.855897
3573,2323,1.872015
3574,2307,1.859121
3575,2312,1.863150
3576,2323,1.872015
3577,2319,1.868791
3578,2315,1.865568
3579,2314,1.864762
3580,2336,1.882491
3581,2328,1.876044
3582,2323,1.872015
3583,2314,1.864762
3584,2338,1.884103
3585,2315,1.865568
3586,2323,1.872015
3587,2346,1.890549
3588,2347,1.891355
3589,2344,1.888938
3590,2344,1.888938
3591,2339,1.884908
3592,2344,1.888938
3593,2339,1.884908
3594,2362,1.903443
3595,2351,1.894579
3596,2351,1.894579
3597,2346,1.890549
3598,2360,1.901832
3599,2355,1.897802
3600,2355,1.897802
3601,2360,1.901832
3602,2351,1.894579
3603,2355,1.897802
3604,2370,1.909890
3605,2379,1.917143
3606,2379,1.917143
3607,2376,1.914725
3608,2379,1.917143
3609,2379,1.917143
3610,2383,1.920366
3611,2400,1.934066
3612,2379,1.917143
3613,2383,1.920366
3614,2392,1.927619
3615,2400,1.934066
3616,2403,1.936484
3617,2400,1.934066
3618,2410,1.942125
3619,2402,1.935678
3620,2410,1.942125
3621,2415,1.946154
3622,2427,1.955824
3623,2424,1.953407
3624,2426,1.955018
3625,2427,1.955824
3626,2431,1.959048
3627,2427,1.955824
3628,2440,1.966300
3629,2443,1.968718
3630,2442,1.967912
3631,2434,1.961465
3632,2456,1.979194
3633,2458,1.980806
3634,2447,1.971941
3635,2472,1.992088
3636,2466,1.987253
3637,2458,1.980806
3638,2474,1.993700
3639,2467,1.988059
3640,2464,1.985641
3641,2474,1.993700
3642,2472,1.992088
3643,2479,1.997729
3644,2467,1.988059
3645,2475,1.994505
3646,2483,2.000952
3647,2475,1.994505
