Pixel,ADC,VoltageV
1,3933,3.169451
2,3933,3.169451
3,3933,3.169451
4,3929,3.166227
5,3929,3.166227
6,3933,3.169451
7,3933,3.169451
8,3929,3.166227
9,3925,3.163004
10,3929,3.166227
11,3929,3.166227
12,3933,3.169451
13,3933,3.169451
14,3933,3.169451
15,3933,3.169451
16,3921,3.159780
17,3101,2.498974
18,2512,2.024322
19,2544,2.050110
20,2544,2.050110
21,2545,2.050916
22,2557,2.060586
23,2557,2.060586
24,2557,2.060586
25,2557,2.060586
26,2557,2.060586
27,2549,2.054139
28,2557,2.060586
29,2549,2.054139
30,2557,2.060586
31,2553,2.057363
32,2564,2.066227
33,2559,2.062198
34,2564,2.066227
35,2557,2.060586
36,2569,2.070256
37,2572,2.072674
38,2553,2.057363
39,2544,2.050110
40,2553,2.057363
41,2553,2.057363
42,2549,2.054139
43,2549,2.054139
44,2565,2.067033
45,2557,2.060586
46,2565,2.067033
47,2549,2.054139
48,2549,2.054139
49,2553,2.057363
50,2553,2.057363
51,2565,2.067033
52,2548,2.053333
53,2557,2.060586
54,2553,2.057363
55,2557,2.060586
56,2557,2.060586
57,2557,2.060586
58,2553,2.057363
59,2544,2.050110
60,2549,2.054139
61,2549,2.054139
62,2553,2.057363
63,2549,2.054139
64,2541,2.047692
65,2549,2.054139
66,2549,2.054139
67,2565,2.067033
68,2565,2.067033
69,2553,2.057363
70,2564,2.066227
71,2553,2.057363
72,2545,2.050916
73,2549,2.054139
74,2553,2.057363
75,2557,2.060586
76,2565,2.067033
77,2557,2.060586
78,2559,2.062198
79,2564,2.066227
80,2557,2.060586
81,2565,2.067033
82,2557,2.060586
83,2549,2.054139
84,2557,2.060586
85,2569,2.070256
86,2565,2.067033
87,2565,2.067033
88,2577,2.076703
89,2545,2.050916
90,2545,2.050916
91,2557,2.060586
92,2565,2.067033
93,2557,2.060586
94,2565,2.067033
95,2577,2.076703
96,2553,2.057363
97,2549,2.054139
98,2565,2.067033
99,2544,2.050110
100,2544,2.050110
101,2557,2.060586
102,2548,2.053333
103,2553,2.057363
104,2565,2.067033
105,2545,2.050916
106,2545,2.050916
107,2549,2.054139
108,2553,2.057363
109,2549,2.054139
110,2557,2.060586
111,2541,2.047692
112,2549,2.054139
113,2544,2.050110
114,2549,2.054139
115,2557,2.060586
116,2557,2.060586
117,2553,2.057363
118,2549,2.054139
119,2549,2.054139
120,2553,2.057363
121,2557,2.060586
122,2545,2.050916
123,2557,2.060586
124,2549,2.054139
125,2557,2.060586
126,2549,2.054139
127,2553,2.057363
128,2549,2.054139
129,2545,2.050916
130,2549,2.054139
131,2549,2.054139
132,2569,2.070256
133,2557,2.060586
134,2549,2.054139
135,2541,2.047692
136,2557,2.060586
137,2553,2.057363
138,2557,2.060586
139,2557,2.060586
140,2557,2.060586
141,2572,2.072674
142,2569,2.070256
143,2557,2.060586
144,2565,2.067033
145,2557,2.060586
146,2565,2.067033
147,2553,2.057363
148,2565,2.067033
149,2557,2.060586
150,2557,2.060586
151,2565,2.067033
152,2553,2.057363
153,2553,2.057363
154,2557,2.060586
155,2556,2.059780
156,2556,2.059780
157,2559,2.062198
158,2565,2.067033
159,2549,2.054139
160,2559,2.062198
161,2553,2.057363
162,2553,2.057363
163,2557,2.060586
164,2557,2.060586
165,2549,2.054139
166,2556,2.059780
167,2557,2.060586
168,2553,2.057363
169,2557,2.060586
170,2565,2.067033
171,2553,2.057363
172,2557,2.060586
173,2569,2.070256
174,2565,2.067033
175,2569,2.070256
176,2549,2.054139
177,2549,2.054139
178,2557,2.060586
179,2545,2.050916
180,2553,2.057363
181,2533,2.041245
182,2557,2.060586
183,2545,2.050916
184,2556,2.059780
185,2541,2.047692
186,2545,2.050916
187,2545,2.050916
188,2549,2.054139
189,2549,2.054139
190,2541,2.047692
191,2533,2.041245
192,2537,2.044469
193,2549,2.054139
194,2553,2.057363
195,2545,2.050916
196,2545,2.050916
197,2549,2.054139
198,2537,2.044469
199,2541,2.047692
200,2544,2.050110
201,2541,2.047692
202,2541,2.047692
203,2537,2.044469
204,2537,2.044469
205,2545,2.050916
206,2549,2.054139
207,2548,2.053333
208,2545,2.050916
209,2545,2.050916
210,2544,2.050110
211,2545,2.050916
212,2533,2.041245
213,2557,2.060586
214,2549,2.054139
215,2545,2.050916
216,2557,2.060586
217,2549,2.054139
218,2549,2.054139
219,2544,2.050110
220,2541,2.047692
221,2565,2.067033
222,2549,2.054139
223,2553,2.057363
224,2553,2.057363
225,2545,2.050916
226,2545,2.050916
227,2565,2.067033
228,2565,2.067033
229,2565,2.067033
230,2537,2.044469
231,2553,2.057363
232,2557,2.060586
233,2556,2.059780
234,2549,2.054139
235,2545,2.050916
236,2549,2.054139
237,2557,2.060586
238,2556,2.059780
239,2549,2.054139
240,2553,2.057363
241,2544,2.050110
242,2556,2.059780
243,2553,2.057363
244,2549,2.054139
245,2557,2.060586
246,2545,2.050916
247,2549,2.054139
248,2553,2.057363
249,2553,2.057363
250,2549,2.054139
251,2557,2.060586
252,2557,2.060586
253,2549,2.054139
254,2541,2.047692
255,2556,2.059780
256,2553,2.057363
257,2556,2.059780
258,2559,2.062198
259,2549,2.054139
260,2557,2.060586
261,2565,2.067033
262,2565,2.067033
263,2549,2.054139
264,2557,2.060586
265,2553,2.057363
266,2545,2.050916
267,2553,2.057363
268,2541,2.047692
269,2533,2.041245
270,2545,2.050916
271,2544,2.050110
272,2545,2.050916
273,2545,2.050916
274,2557,2.060586
275,2549,2.054139
276,2545,2.050916
277,2556,2.059780
278,2549,2.054139
279,2537,2.044469
280,2537,2.044469
281,2544,2.050110
282,2553,2.057363
283,2548,2.053333
284,2537,2.044469
285,2553,2.057363
286,2553,2.057363
287,2553,2.057363
288,2557,2.060586
289,2545,2.050916
290,2541,2.047692
291,2549,2.054139
292,2549,2.054139
293,2557,2.060586
294,2556,2.059780
295,2557,2.060586
296,2545,2.050916
297,2553,2.057363
298,2533,2.041245
299,2540,2.046886
300,2553,2.057363
301,2545,2.050916
302,2533,2.041245
303,2540,2.046886
304,2549,2.054139
305,2545,2.050916
306,2549,2.054139
307,2557,2.060586
308,2549,2.054139
309,2553,2.057363
310,2549,2.054139
311,2557,2.060586
312,2553,2.057363
313,2549,2.054139
314,2549,2.054139
315,2544,2.050110
316,2549,2.054139
317,2557,2.060586
318,2557,2.060586
319,2565,2.067033
320,2557,2.060586
321,2576,2.075897
322,2557,2.060586
323,2576,2.075897
324,2565,2.067033
325,2565,2.067033
326,2565,2.067033
327,2561,2.063810
328,2549,2.054139
329,2565,2.067033
330,2559,2.062198
331,2569,2.070256
332,2569,2.070256
333,2577,2.076703
334,2564,2.066227
335,2565,2.067033
336,2576,2.075897
337,2557,2.060586
338,2557,2.060586
339,2557,2.060586
340,2565,2.067033
341,2557,2.060586
342,2553,2.057363
343,2564,2.066227
344,2565,2.067033
345,2557,2.060586
346,2559,2.062198
347,2569,2.070256
348,2577,2.076703
349,2569,2.070256
350,2576,2.075897
351,2576,2.075897
352,2565,2.067033
353,2569,2.070256
354,2577,2.076703
355,2585,2.083150
356,2581,2.079927
357,2577,2.076703
358,2581,2.079927
359,2557,2.060586
360,2549,2.054139
361,2565,2.067033
362,2581,2.079927
363,2573,2.073480
364,2569,2.070256
365,2565,2.067033
366,2549,2.054139
367,2556,2.059780
368,2557,2.060586
369,2557,2.060586
370,2553,2.057363
371,2541,2.047692
372,2545,2.050916
373,2557,2.060586
374,2553,2.057363
375,2564,2.066227
376,2557,2.060586
377,2565,2.067033
378,2556,2.059780
379,2544,2.050110
380,2553,2.057363
381,2556,2.059780
382,2553,2.057363
383,2557,2.060586
384,2557,2.060586
385,2549,2.054139
386,2556,2.059780
387,2545,2.050916
388,2545,2.050916
389,2565,2.067033
390,2557,2.060586
391,2557,2.060586
392,2557,2.060586
393,2557,2.060586
394,2557,2.060586
395,2565,2.067033
396,2572,2.072674
397,2559,2.062198
398,2556,2.059780
399,2557,2.060586
400,2565,2.067033
401,2557,2.060586
402,2565,2.067033
403,2553,2.057363
404,2549,2.054139
405,2533,2.041245
406,2548,2.053333
407,2565,2.067033
408,2549,2.054139
409,2557,2.060586
410,2569,2.070256
411,2564,2.066227
412,2565,2.067033
413,2565,2.067033
414,2557,2.060586
415,2559,2.062198
416,2556,2.059780
417,2559,2.062198
418,2545,2.050916
419,2564,2.066227
420,2565,2.067033
421,2557,2.060586
422,2553,2.057363
423,2549,2.054139
424,2549,2.054139
425,2557,2.060586
426,2544,2.050110
427,2549,2.054139
428,2549,2.054139
429,2544,2.050110
430,2549,2.054139
431,2557,2.060586
432,2557,2.060586
433,2557,2.060586
434,2544,2.050110
435,2544,2.050110
436,2549,2.054139
437,2544,2.050110
438,2556,2.059780
439,2549,2.054139
440,2549,2.054139
441,2545,2.050916
442,2559,2.062198
443,2545,2.050916
444,2557,2.060586
445,2544,2.050110
446,2549,2.054139
447,2549,2.054139
448,2549,2.054139
449,2553,2.057363
450,2557,2.060586
451,2569,2.070256
452,2569,2.070256
453,2545,2.050916
454,2559,2.062198
455,2557,2.060586
456,2557,2.060586
457,2556,2.059780
458,2549,2.054139
459,2557,2.060586
460,2569,2.070256
461,2553,2.057363
462,2549,2.054139
463,2549,2.054139
464,2561,2.063810
465,2557,2.060586
466,2557,2.060586
467,2557,2.060586
468,2569,2.070256
469,2557,2.060586
470,2557,2.060586
471,2572,2.072674
472,2576,2.075897
473,2569,2.070256
474,2577,2.076703
475,2585,2.083150
476,2589,2.086374
477,2585,2.083150
478,2581,2.079927
479,2577,2.076703
480,2573,2.073480
481,2577,2.076703
482,2569,2.070256
483,2557,2.060586
484,2577,2.076703
485,2557,2.060586
486,2557,2.060586
487,2569,2.070256
488,2573,2.073480
489,2565,2.067033
490,2544,2.050110
491,2559,2.062198
492,2565,2.067033
493,2565,2.067033
494,2557,2.060586
495,2565,2.067033
496,2577,2.076703
497,2573,2.073480
498,2572,2.072674
499,2569,2.070256
500,2581,2.079927
501,2585,2.083150
502,2577,2.076703
503,2576,2.075897
504,2576,2.075897
505,2576,2.075897
506,2573,2.073480
507,2553,2.057363
508,2577,2.076703
509,2569,2.070256
510,2559,2.062198
511,2561,2.063810
512,2565,2.067033
513,2559,2.062198
514,2553,2.057363
515,2545,2.050916
516,2559,2.062198
517,2565,2.067033
518,2569,2.070256
519,2564,2.066227
520,2565,2.067033
521,2581,2.079927
522,2565,2.067033
523,2569,2.070256
524,2577,2.076703
525,2577,2.076703
526,2577,2.076703
527,2588,2.085568
528,2577,2.076703
529,2581,2.079927
530,2589,2.086374
531,2589,2.086374
532,2597,2.092821
533,2581,2.079927
534,2589,2.086374
535,2576,2.075897
536,2589,2.086374
537,2596,2.092015
538,2589,2.086374
539,2581,2.079927
540,2580,2.079121
541,2589,2.086374
542,2569,2.070256
543,2585,2.083150
544,2569,2.070256
545,2585,2.083150
546,2569,2.070256
547,2581,2.079927
548,2576,2.075897
549,2565,2.067033
550,2576,2.075897
551,2589,2.086374
552,2577,2.076703
553,2580,2.079121
554,2572,2.072674
555,2581,2.079927
556,2580,2.079121
557,2557,2.060586
558,2573,2.073480
559,2581,2.079927
560,2585,2.083150
561,2581,2.079927
562,2581,2.079927
563,2576,2.075897
564,2576,2.075897
565,2565,2.067033
566,2581,2.079927
567,2576,2.075897
568,2577,2.076703
569,2576,2.075897
570,2565,2.067033
571,2577,2.076703
572,2585,2.083150
573,2581,2.079927
574,2565,2.067033
575,2581,2.079927
576,2581,2.079927
577,2576,2.075897
578,2557,2.060586
579,2573,2.073480
580,2573,2.073480
581,2557,2.060586
582,2576,2.075897
583,2573,2.073480
584,2569,2.070256
585,2565,2.067033
586,2557,2.060586
587,2569,2.070256
588,2565,2.067033
589,2577,2.076703
590,2569,2.070256
591,2557,2.060586
592,2557,2.060586
593,2557,2.060586
594,2576,2.075897
595,2573,2.073480
596,2569,2.070256
597,2565,2.067033
598,2557,2.060586
599,2580,2.079121
600,2581,2.079927
601,2581,2.079927
602,2553,2.057363
603,2564,2.066227
604,2580,2.079121
605,2581,2.079927
606,2577,2.076703
607,2581,2.079927
608,2589,2.086374
609,2589,2.086374
610,2585,2.083150
611,2573,2.073480
612,2577,2.076703
613,2581,2.079927
614,2581,2.079927
615,2576,2.075897
616,2589,2.086374
617,2585,2.083150
618,2577,2.076703
619,2581,2.079927
620,2577,2.076703
621,2581,2.079927
622,2581,2.079927
623,2581,2.079927
624,2576,2.075897
625,2585,2.083150
626,2565,2.067033
627,2581,2.079927
628,2589,2.086374
629,2581,2.079927
630,2581,2.079927
631,2585,2.083150
632,2569,2.070256
633,2581,2.079927
634,2581,2.079927
635,2589,2.086374
636,2597,2.092821
637,2588,2.085568
638,2576,2.075897
639,2589,2.086374
640,2585,2.083150
641,2601,2.096044
642,2581,2.079927
643,2597,2.092821
644,2597,2.092821
645,2589,2.086374
646,2589,2.086374
647,2581,2.079927
648,2565,2.067033
649,2576,2.075897
650,2573,2.073480
651,2581,2.079927
652,2557,2.060586
653,2576,2.075897
654,2565,2.067033
655,2569,2.070256
656,2577,2.076703
657,2576,2.075897
658,2589,2.086374
659,2577,2.076703
660,2588,2.085568
661,2581,2.079927
662,2597,2.092821
663,2585,2.083150
664,2581,2.079927
665,2577,2.076703
666,2585,2.083150
667,2577,2.076703
668,2581,2.079927
669,2577,2.076703
670,2577,2.076703
671,2576,2.075897
672,2597,2.092821
673,2581,2.079927
674,2589,2.086374
675,2585,2.083150
676,2577,2.076703
677,2589,2.086374
678,2577,2.076703
679,2597,2.092821
680,2569,2.070256
681,2596,2.092015
682,2581,2.079927
683,2593,2.089597
684,2577,2.076703
685,2605,2.099267
686,2585,2.083150
687,2577,2.076703
688,2585,2.083150
689,2581,2.079927
690,2585,2.083150
691,2601,2.096044
692,2589,2.086374
693,2577,2.076703
694,2580,2.079121
695,2581,2.079927
696,2581,2.079927
697,2589,2.086374
698,2589,2.086374
699,2589,2.086374
700,2589,2.086374
701,2597,2.092821
702,2601,2.096044
703,2597,2.092821
704,2589,2.086374
705,2597,2.092821
706,2597,2.092821
707,2605,2.099267
708,2589,2.086374
709,2613,2.105714
710,2617,2.108938
711,2609,2.102491
712,2597,2.092821
713,2613,2.105714
714,2609,2.102491
715,2609,2.102491
716,2589,2.086374
717,2597,2.092821
718,2597,2.092821
719,2589,2.086374
720,2589,2.086374
721,2589,2.086374
722,2597,2.092821
723,2597,2.092821
724,2597,2.092821
725,2589,2.086374
726,2605,2.099267
727,2604,2.098462
728,2604,2.098462
729,2617,2.108938
730,2597,2.092821
731,2591,2.087985
732,2601,2.096044
733,2617,2.108938
734,2608,2.101685
735,2608,2.101685
736,2589,2.086374
737,2593,2.089597
738,2591,2.087985
739,2601,2.096044
740,2597,2.092821
741,2608,2.101685
742,2597,2.092821
743,2597,2.092821
744,2609,2.102491
745,2604,2.098462
746,2596,2.092015
747,2589,2.086374
748,2581,2.079927
749,2608,2.101685
750,2596,2.092015
751,2593,2.089597
752,2589,2.086374
753,2597,2.092821
754,2591,2.087985
755,2597,2.092821
756,2589,2.086374
757,2625,2.115385
758,2613,2.105714
759,2601,2.096044
760,2613,2.105714
761,2613,2.105714
762,2601,2.096044
763,2601,2.096044
764,2613,2.105714
765,2613,2.105714
766,2591,2.087985
767,2608,2.101685
768,2613,2.105714
769,2605,2.099267
770,2597,2.092821
771,2613,2.105714
772,2597,2.092821
773,2609,2.102491
774,2608,2.101685
775,2608,2.101685
776,2589,2.086374
777,2608,2.101685
778,2608,2.101685
779,2601,2.096044
780,2617,2.108938
781,2613,2.105714
782,2608,2.101685
783,2601,2.096044
784,2613,2.105714
785,2609,2.102491
786,2609,2.102491
787,2617,2.108938
788,2601,2.096044
789,2613,2.105714
790,2609,2.102491
791,2621,2.112161
792,2633,2.121832
793,2613,2.105714
794,2624,2.114579
795,2609,2.102491
796,2608,2.101685
797,2601,2.096044
798,2608,2.101685
799,2613,2.105714
800,2613,2.105714
801,2625,2.115385
802,2621,2.112161
803,2617,2.108938
804,2625,2.115385
805,2621,2.112161
806,2597,2.092821
807,2597,2.092821
808,2613,2.105714
809,2613,2.105714
810,2605,2.099267
811,2608,2.101685
812,2609,2.102491
813,2613,2.105714
814,2625,2.115385
815,2625,2.115385
816,2621,2.112161
817,2625,2.115385
818,2613,2.105714
819,2609,2.102491
820,2597,2.092821
821,2617,2.108938
822,2617,2.108938
823,2629,2.118608
824,2641,2.128278
825,2621,2.112161
826,2641,2.128278
827,2629,2.118608
828,2645,2.131502
829,2629,2.118608
830,2633,2.121832
831,2625,2.115385
832,2640,2.127473
833,2625,2.115385
834,2641,2.128278
835,2633,2.121832
836,2629,2.118608
837,2645,2.131502
838,2640,2.127473
839,2641,2.128278
840,2640,2.127473
841,2653,2.137949
842,2641,2.128278
843,2649,2.134725
844,2657,2.141172
845,2645,2.131502
846,2653,2.137949
847,2661,2.144396
848,2645,2.131502
849,2645,2.131502
850,2669,2.150842
851,2633,2.121832
852,2640,2.127473
853,2645,2.131502
854,2640,2.127473
855,2653,2.137949
856,2637,2.125055
857,2645,2.131502
858,2649,2.134725
859,2641,2.128278
860,2645,2.131502
861,2645,2.131502
862,2641,2.128278
863,2640,2.127473
864,2637,2.125055
865,2653,2.137949
866,2641,2.128278
867,2633,2.121832
868,2641,2.128278
869,2645,2.131502
870,2636,2.124249
871,2645,2.131502
872,2633,2.121832
873,2645,2.131502
874,2641,2.128278
875,2641,2.128278
876,2641,2.128278
877,2629,2.118608
878,2640,2.127473
879,2641,2.128278
880,2621,2.112161
881,2629,2.118608
882,2629,2.118608
883,2625,2.115385
884,2640,2.127473
885,2645,2.131502
886,2641,2.128278
887,2653,2.137949
888,2641,2.128278
889,2625,2.115385
890,2645,2.131502
891,2645,2.131502
892,2653,2.137949
893,2641,2.128278
894,2653,2.137949
895,2645,2.131502
896,2645,2.131502
897,2653,2.137949
898,2657,2.141172
899,2649,2.134725
900,2653,2.137949
901,2645,2.131502
902,2645,2.131502
903,2653,2.137949
904,2653,2.137949
905,2641,2.128278
906,2652,2.137143
907,2644,2.130696
908,2653,2.137949
909,2653,2.137949
910,2644,2.130696
911,2653,2.137949
912,2653,2.137949
913,2649,2.134725
914,2645,2.131502
915,2653,2.137949
916,2645,2.131502
917,2653,2.137949
918,2652,2.137143
919,2653,2.137949
920,2641,2.128278
921,2649,2.134725
922,2653,2.137949
923,2645,2.131502
924,2649,2.134725
925,2649,2.134725
926,2653,2.137949
927,2645,2.131502
928,2645,2.131502
929,2640,2.127473
930,2641,2.128278
931,2649,2.134725
932,2653,2.137949
933,2660,2.143590
934,2645,2.131502
935,2653,2.137949
936,2655,2.139560
937,2653,2.137949
938,2653,2.137949
939,2649,2.134725
940,2649,2.134725
941,2665,2.147619
942,2653,2.137949
943,2653,2.137949
944,2652,2.137143
945,2653,2.137949
946,2673,2.154066
947,2665,2.147619
948,2660,2.143590
949,2649,2.134725
950,2665,2.147619
951,2673,2.154066
952,2661,2.144396
953,2665,2.147619
954,2653,2.137949
955,2653,2.137949
956,2657,2.141172
957,2672,2.153260
958,2657,2.141172
959,2661,2.144396
960,2653,2.137949
961,2653,2.137949
962,2649,2.134725
963,2653,2.137949
964,2653,2.137949
965,2661,2.144396
966,2652,2.137143
967,2653,2.137949
968,2660,2.143590
969,2661,2.144396
970,2673,2.154066
971,2665,2.147619
972,2653,2.137949
973,2661,2.144396
974,2661,2.144396
975,2665,2.147619
976,2661,2.144396
977,2673,2.154066
978,2672,2.153260
979,2661,2.144396
980,2657,2.141172
981,2661,2.144396
982,2665,2.147619
983,2673,2.154066
984,2672,2.153260
985,2672,2.153260
986,2681,2.160513
987,2677,2.157289
988,2677,2.157289
989,2677,2.157289
990,2673,2.154066
991,2661,2.144396
992,2677,2.157289
993,2677,2.157289
994,2665,2.147619
995,2677,2.157289
996,2677,2.157289
997,2673,2.154066
998,2673,2.154066
999,2677,2.157289
1000,2677,2.157289
1001,2669,2.150842
1002,2685,2.163736
1003,2677,2.157289
1004,2673,2.154066
1005,2685,2.163736
1006,2681,2.160513
1007,2681,2.160513
1008,2681,2.160513
1009,2685,2.163736
1010,2685,2.163736
1011,2685,2.163736
1012,2672,2.153260
1013,2677,2.157289
1014,2673,2.154066
1015,2681,2.160513
1016,2681,2.160513
1017,2673,2.154066
1018,2665,2.147619
1019,2665,2.147619
1020,2673,2.154066
1021,2672,2.153260
1022,2672,2.153260
1023,2685,2.163736
1024,2677,2.157289
1025,2677,2.157289
1026,2687,2.165348
1027,2685,2.163736
1028,2677,2.157289
1029,2681,2.160513
1030,2665,2.147619
1031,2677,2.157289
1032,2677,2.157289
1033,2673,2.154066
1034,2684,2.162930
1035,2681,2.160513
1036,2685,2.163736
1037,2685,2.163736
1038,2673,2.154066
1039,2685,2.163736
1040,2676,2.156484
1041,2684,2.162930
1042,2665,2.147619
1043,2687,2.165348
1044,2677,2.157289
1045,2687,2.165348
1046,2677,2.157289
1047,2685,2.163736
1048,2687,2.165348
1049,2673,2.154066
1050,2677,2.157289
1051,2681,2.160513
1052,2677,2.157289
1053,2685,2.163736
1054,2685,2.163736
1055,2677,2.157289
1056,2687,2.165348
1057,2681,2.160513
1058,2685,2.163736
1059,2687,2.165348
1060,2705,2.179853
1061,2705,2.179853
1062,2697,2.173407
1063,2687,2.165348
1064,2685,2.163736
1065,2687,2.165348
1066,2685,2.163736
1067,2704,2.179048
1068,2685,2.163736
1069,2693,2.170183
1070,2685,2.163736
1071,2685,2.163736
1072,2685,2.163736
1073,2687,2.165348
1074,2697,2.173407
1075,2687,2.165348
1076,2693,2.170183
1077,2685,2.163736
1078,2687,2.165348
1079,2681,2.160513
1080,2704,2.179048
1081,2700,2.175824
1082,2700,2.175824
1083,2697,2.173407
1084,2704,2.179048
1085,2697,2.173407
1086,2704,2.179048
1087,2693,2.170183
1088,2693,2.170183
1089,2687,2.165348
1090,2687,2.165348
1091,2704,2.179048
1092,2697,2.173407
1093,2704,2.179048
1094,2697,2.173407
1095,2693,2.170183
1096,2687,2.165348
1097,2697,2.173407
1098,2685,2.163736
1099,2700,2.175824
1100,2697,2.173407
1101,2697,2.173407
1102,2709,2.183077
1103,2700,2.175824
1104,2705,2.179853
1105,2709,2.183077
1106,2705,2.179853
1107,2704,2.179048
1108,2704,2.179048
1109,2713,2.186300
1110,2717,2.189524
1111,2705,2.179853
1112,2717,2.189524
1113,2705,2.179853
1114,2705,2.179853
1115,2709,2.183077
1116,2705,2.179853
1117,2709,2.183077
1118,2685,2.163736
1119,2705,2.179853
1120,2709,2.183077
1121,2717,2.189524
1122,2709,2.183077
1123,2717,2.189524
1124,2705,2.179853
1125,2713,2.186300
1126,2713,2.186300
1127,2709,2.183077
1128,2709,2.183077
1129,2709,2.183077
1130,2716,2.188718
1131,2724,2.195165
1132,2717,2.189524
1133,2701,2.176630
1134,2709,2.183077
1135,2709,2.183077
1136,2717,2.189524
1137,2716,2.188718
1138,2709,2.183077
1139,2713,2.186300
1140,2713,2.186300
1141,2717,2.189524
1142,2713,2.186300
1143,2704,2.179048
1144,2713,2.186300
1145,2725,2.195971
1146,2725,2.195971
1147,2717,2.189524
1148,2709,2.183077
1149,2733,2.202418
1150,2729,2.199194
1151,2704,2.179048
1152,2724,2.195165
1153,2717,2.189524
1154,2725,2.195971
1155,2741,2.208864
1156,2725,2.195971
1157,2732,2.201612
1158,2717,2.189524
1159,2724,2.195165
1160,2737,2.205641
1161,2737,2.205641
1162,2717,2.189524
1163,2725,2.195971
1164,2717,2.189524
1165,2736,2.204835
1166,2725,2.195971
1167,2736,2.204835
1168,2725,2.195971
1169,2725,2.195971
1170,2717,2.189524
1171,2717,2.189524
1172,2705,2.179853
1173,2736,2.204835
1174,2725,2.195971
1175,2713,2.186300
1176,2725,2.195971
1177,2721,2.192747
1178,2717,2.189524
1179,2716,2.188718
1180,2717,2.189524
1181,2725,2.195971
1182,2713,2.186300
1183,2724,2.195165
1184,2725,2.195971
1185,2732,2.201612
1186,2717,2.189524
1187,2725,2.195971
1188,2729,2.199194
1189,2729,2.199194
1190,2736,2.204835
1191,2737,2.205641
1192,2729,2.199194
1193,2737,2.205641
1194,2741,2.208864
1195,2736,2.204835
1196,2729,2.199194
1197,2725,2.195971
1198,2719,2.191136
1199,2729,2.199194
1200,2737,2.205641
1201,2737,2.205641
1202,2725,2.195971
1203,2737,2.205641
1204,2724,2.195165
1205,2717,2.189524
1206,2733,2.202418
1207,2729,2.199194
1208,2737,2.205641
1209,2733,2.202418
1210,2729,2.199194
1211,2736,2.204835
1212,2729,2.199194
1213,2732,2.201612
1214,2729,2.199194
1215,2737,2.205641
1216,2753,2.218535
1217,2736,2.204835
1218,2736,2.204835
1219,2736,2.204835
1220,2737,2.205641
1221,2737,2.205641
1222,2736,2.204835
1223,2737,2.205641
1224,2741,2.208864
1225,2725,2.195971
1226,2745,2.212088
1227,2737,2.205641
1228,2741,2.208864
1229,2752,2.217729
1230,2729,2.199194
1231,2749,2.215311
1232,2736,2.204835
1233,2741,2.208864
1234,2737,2.205641
1235,2736,2.204835
1236,2737,2.205641
1237,2752,2.217729
1238,2741,2.208864
1239,2736,2.204835
1240,2749,2.215311
1241,2741,2.208864
1242,2737,2.205641
1243,2745,2.212088
1244,2741,2.208864
1245,2752,2.217729
1246,2752,2.217729
1247,2741,2.208864
1248,2741,2.208864
1249,2737,2.205641
1250,2749,2.215311
1251,2737,2.205641
1252,2741,2.208864
1253,2752,2.217729
1254,2745,2.212088
1255,2737,2.205641
1256,2737,2.205641
1257,2745,2.212088
1258,2749,2.215311
1259,2737,2.205641
1260,2753,2.218535
1261,2741,2.208864
1262,2741,2.208864
1263,2753,2.218535
1264,2753,2.218535
1265,2757,2.221758
1266,2752,2.217729
1267,2749,2.215311
1268,2757,2.221758
1269,2764,2.227399
1270,2749,2.215311
1271,2749,2.215311
1272,2741,2.208864
1273,2741,2.208864
1274,2741,2.208864
1275,2745,2.212088
1276,2736,2.204835
1277,2737,2.205641
1278,2753,2.218535
1279,2749,2.215311
1280,2749,2.215311
1281,2741,2.208864
1282,2757,2.221758
1283,2757,2.221758
1284,2753,2.218535
1285,2757,2.221758
1286,2757,2.221758
1287,2768,2.230623
1288,2757,2.221758
1289,2752,2.217729
1290,2745,2.212088
1291,2752,2.217729
1292,2773,2.234652
1293,2752,2.217729
1294,2761,2.224982
1295,2753,2.218535
1296,2753,2.218535
1297,2749,2.215311
1298,2769,2.231429
1299,2753,2.218535
1300,2768,2.230623
1301,2768,2.230623
1302,2757,2.221758
1303,2753,2.218535
1304,2753,2.218535
1305,2753,2.218535
1306,2757,2.221758
1307,2752,2.217729
1308,2764,2.227399
1309,2753,2.218535
1310,2757,2.221758
1311,2757,2.221758
1312,2765,2.228205
1313,2772,2.233846
1314,2768,2.230623
1315,2768,2.230623
1316,2768,2.230623
1317,2757,2.221758
1318,2757,2.221758
1319,2761,2.224982
1320,2761,2.224982
1321,2757,2.221758
1322,2757,2.221758
1323,2769,2.231429
1324,2769,2.231429
1325,2761,2.224982
1326,2769,2.231429
1327,2753,2.218535
1328,2753,2.218535
1329,2761,2.224982
1330,2769,2.231429
1331,2757,2.221758
1332,2761,2.224982
1333,2773,2.234652
1334,2769,2.231429
1335,2768,2.230623
1336,2769,2.231429
1337,2761,2.224982
1338,2769,2.231429
1339,2761,2.224982
1340,2768,2.230623
1341,2756,2.220952
1342,2769,2.231429
1343,2769,2.231429
1344,2769,2.231429
1345,2757,2.221758
1346,2773,2.234652
1347,2773,2.234652
1348,2768,2.230623
1349,2753,2.218535
1350,2768,2.230623
1351,2769,2.231429
1352,2761,2.224982
1353,2764,2.227399
1354,2765,2.228205
1355,2768,2.230623
1356,2772,2.233846
1357,2768,2.230623
1358,2757,2.221758
1359,2757,2.221758
1360,2773,2.234652
1361,2757,2.221758
1362,2769,2.231429
1363,2777,2.237875
1364,2769,2.231429
1365,2753,2.218535
1366,2769,2.231429
1367,2773,2.234652
1368,2768,2.230623
1369,2752,2.217729
1370,2765,2.228205
1371,2768,2.230623
1372,2769,2.231429
1373,2768,2.230623
1374,2768,2.230623
1375,2773,2.234652
1376,2757,2.221758
1377,2769,2.231429
1378,2773,2.234652
1379,2773,2.234652
1380,2761,2.224982
1381,2768,2.230623
1382,2769,2.231429
1383,2768,2.230623
1384,2773,2.234652
1385,2769,2.231429
1386,2769,2.231429
1387,2761,2.224982
1388,2773,2.234652
1389,2769,2.231429
1390,2773,2.234652
1391,2761,2.224982
1392,2768,2.230623
1393,2773,2.234652
1394,2777,2.237875
1395,2777,2.237875
1396,2769,2.231429
1397,2773,2.234652
1398,2768,2.230623
1399,2757,2.221758
1400,2768,2.230623
1401,2769,2.231429
1402,2772,2.233846
1403,2773,2.234652
1404,2768,2.230623
1405,2768,2.230623
1406,2768,2.230623
1407,2768,2.230623
1408,2761,2.224982
1409,2768,2.230623
1410,2768,2.230623
1411,2768,2.230623
1412,2765,2.228205
1413,2769,2.231429
1414,2761,2.224982
1415,2757,2.221758
1416,2773,2.234652
1417,2768,2.230623
1418,2757,2.221758
1419,2769,2.231429
1420,2757,2.221758
1421,2757,2.221758
1422,2761,2.224982
1423,2769,2.231429
1424,2773,2.234652
1425,2757,2.221758
1426,2777,2.237875
1427,2768,2.230623
1428,2773,2.234652
1429,2768,2.230623
1430,2769,2.231429
1431,2769,2.231429
1432,2769,2.231429
1433,2768,2.230623
1434,2768,2.230623
1435,2761,2.224982
1436,2769,2.231429
1437,2768,2.230623
1438,2761,2.224982
1439,2757,2.221758
1440,2753,2.218535
1441,2765,2.228205
1442,2769,2.231429
1443,2769,2.231429
1444,2777,2.237875
1445,2753,2.218535
1446,2768,2.230623
1447,2761,2.224982
1448,2753,2.218535
1449,2765,2.228205
1450,2769,2.231429
1451,2769,2.231429
1452,2757,2.221758
1453,2753,2.218535
1454,2761,2.224982
1455,2757,2.221758
1456,2753,2.218535
1457,2757,2.221758
1458,2757,2.221758
1459,2753,2.218535
1460,2765,2.228205
1461,2757,2.221758
1462,2761,2.224982
1463,2753,2.218535
1464,2768,2.230623
1465,2753,2.218535
1466,2769,2.231429
1467,2757,2.221758
1468,2757,2.221758
1469,2749,2.215311
1470,2764,2.227399
1471,2757,2.221758
1472,2756,2.220952
1473,2757,2.221758
1474,2741,2.208864
1475,2757,2.221758
1476,2749,2.215311
1477,2757,2.221758
1478,2737,2.205641
1479,2757,2.221758
1480,2749,2.215311
1481,2749,2.215311
1482,2752,2.217729
1483,2757,2.221758
1484,2748,2.214505
1485,2753,2.218535
1486,2757,2.221758
1487,2745,2.212088
1488,2741,2.208864
1489,2737,2.205641
1490,2745,2.212088
1491,2753,2.218535
1492,2749,2.215311
1493,2753,2.218535
1494,2737,2.205641
1495,2736,2.204835
1496,2757,2.221758
1497,2737,2.205641
1498,2745,2.212088
1499,2741,2.208864
1500,2753,2.218535
1501,2745,2.212088
1502,2745,2.212088
1503,2741,2.208864
1504,2753,2.218535
1505,2753,2.218535
1506,2749,2.215311
1507,2745,2.212088
1508,2741,2.208864
1509,2736,2.204835
1510,2749,2.215311
1511,2737,2.205641
1512,2749,2.215311
1513,2752,2.217729
1514,2737,2.205641
1515,2745,2.212088
1516,2737,2.205641
1517,2725,2.195971
1518,2753,2.218535
1519,2741,2.208864
1520,2752,2.217729
1521,2741,2.208864
1522,2737,2.205641
1523,2736,2.204835
1524,2740,2.208059
1525,2741,2.208864
1526,2733,2.202418
1527,2737,2.205641
1528,2741,2.208864
1529,2725,2.195971
1530,2736,2.204835
1531,2749,2.215311
1532,2741,2.208864
1533,2737,2.205641
1534,2741,2.208864
1535,2737,2.205641
1536,2732,2.201612
1537,2733,2.202418
1538,2725,2.195971
1539,2736,2.204835
1540,2729,2.199194
1541,2745,2.212088
1542,2733,2.202418
1543,2736,2.204835
1544,2729,2.199194
1545,2736,2.204835
1546,2741,2.208864
1547,2741,2.208864
1548,2736,2.204835
1549,2736,2.204835
1550,2737,2.205641
1551,2736,2.204835
1552,2725,2.195971
1553,2725,2.195971
1554,2725,2.195971
1555,2736,2.204835
1556,2725,2.195971
1557,2736,2.204835
1558,2725,2.195971
1559,2717,2.189524
1560,2736,2.204835
1561,2725,2.195971
1562,2717,2.189524
1563,2717,2.189524
1564,2733,2.202418
1565,2725,2.195971
1566,2729,2.199194
1567,2737,2.205641
1568,2736,2.204835
1569,2724,2.195165
1570,2725,2.195971
1571,2725,2.195971
1572,2736,2.204835
1573,2737,2.205641
1574,2717,2.189524
1575,2725,2.195971
1576,2732,2.201612
1577,2736,2.204835
1578,2725,2.195971
1579,2736,2.204835
1580,2717,2.189524
1581,2724,2.195165
1582,2721,2.192747
1583,2725,2.195971
1584,2717,2.189524
1585,2717,2.189524
1586,2700,2.175824
1587,2713,2.186300
1588,2713,2.186300
1589,2709,2.183077
1590,2717,2.189524
1591,2687,2.165348
1592,2717,2.189524
1593,2713,2.186300
1594,2709,2.183077
1595,2709,2.183077
1596,2713,2.186300
1597,2717,2.189524
1598,2709,2.183077
1599,2713,2.186300
1600,2709,2.183077
1601,2705,2.179853
1602,2713,2.186300
1603,2717,2.189524
1604,2705,2.179853
1605,2709,2.183077
1606,2725,2.195971
1607,2700,2.175824
1608,2709,2.183077
1609,2709,2.183077
1610,2717,2.189524
1611,2717,2.189524
1612,2717,2.189524
1613,2709,2.183077
1614,2704,2.179048
1615,2701,2.176630
1616,2709,2.183077
1617,2709,2.183077
1618,2704,2.179048
1619,2709,2.183077
1620,2697,2.173407
1621,2729,2.199194
1622,2705,2.179853
1623,2708,2.182271
1624,2704,2.179048
1625,2709,2.183077
1626,2725,2.195971
1627,2701,2.176630
1628,2704,2.179048
1629,2704,2.179048
1630,2713,2.186300
1631,2709,2.183077
1632,2708,2.182271
1633,2709,2.183077
1634,2708,2.182271
1635,2697,2.173407
1636,2709,2.183077
1637,2705,2.179853
1638,2717,2.189524
1639,2717,2.189524
1640,2704,2.179048
1641,2709,2.183077
1642,2709,2.183077
1643,2717,2.189524
1644,2709,2.183077
1645,2705,2.179853
1646,2709,2.183077
1647,2717,2.189524
1648,2709,2.183077
1649,2709,2.183077
1650,2716,2.188718
1651,2717,2.189524
1652,2721,2.192747
1653,2717,2.189524
1654,2717,2.189524
1655,2717,2.189524
1656,2713,2.186300
1657,2729,2.199194
1658,2717,2.189524
1659,2709,2.183077
1660,2725,2.195971
1661,2736,2.204835
1662,2725,2.195971
1663,2725,2.195971
1664,2737,2.205641
1665,2741,2.208864
1666,2737,2.205641
1667,2740,2.208059
1668,2736,2.204835
1669,2737,2.205641
1670,2736,2.204835
1671,2748,2.214505
1672,2736,2.204835
1673,2737,2.205641
1674,2741,2.208864
1675,2737,2.205641
1676,2736,2.204835
1677,2741,2.208864
1678,2753,2.218535
1679,2745,2.212088
1680,2752,2.217729
1681,2737,2.205641
1682,2745,2.212088
1683,2764,2.227399
1684,2757,2.221758
1685,2753,2.218535
1686,2764,2.227399
1687,2764,2.227399
1688,2753,2.218535
1689,2773,2.234652
1690,2757,2.221758
1691,2769,2.231429
1692,2769,2.231429
1693,2772,2.233846
1694,2781,2.241099
1695,2777,2.237875
1696,2769,2.231429
1697,2781,2.241099
1698,2777,2.237875
1699,2768,2.230623
1700,2769,2.231429
1701,2781,2.241099
1702,2769,2.231429
1703,2769,2.231429
1704,2781,2.241099
1705,2781,2.241099
1706,2793,2.250769
1707,2785,2.244322
1708,2789,2.247546
1709,2781,2.241099
1710,2800,2.256410
1711,2785,2.244322
1712,2785,2.244322
1713,2785,2.244322
1714,2800,2.256410
1715,2800,2.256410
1716,2801,2.257216
1717,2793,2.250769
1718,2801,2.257216
1719,2800,2.256410
1720,2801,2.257216
1721,2816,2.269304
1722,2800,2.256410
1723,2793,2.250769
1724,2793,2.250769
1725,2816,2.269304
1726,2801,2.257216
1727,2817,2.270110
1728,2816,2.269304
1729,2797,2.253993
1730,2816,2.269304
1731,2816,2.269304
1732,2816,2.269304
1733,2801,2.257216
1734,2816,2.269304
1735,2816,2.269304
1736,2816,2.269304
1737,2816,2.269304
1738,2816,2.269304
1739,2817,2.270110
1740,2817,2.270110
1741,2821,2.273333
1742,2817,2.270110
1743,2825,2.276557
1744,2816,2.269304
1745,2832,2.282198
1746,2821,2.273333
1747,2817,2.270110
1748,2833,2.283004
1749,2816,2.269304
1750,2821,2.273333
1751,2817,2.270110
1752,2817,2.270110
1753,2832,2.282198
1754,2816,2.269304
1755,2825,2.276557
1756,2825,2.276557
1757,2817,2.270110
1758,2825,2.276557
1759,2832,2.282198
1760,2821,2.273333
1761,2816,2.269304
1762,2828,2.278974
1763,2832,2.282198
1764,2836,2.285421
1765,2825,2.276557
1766,2832,2.282198
1767,2817,2.270110
1768,2837,2.286227
1769,2817,2.270110
1770,2825,2.276557
1771,2832,2.282198
1772,2817,2.270110
1773,2821,2.273333
1774,2821,2.273333
1775,2825,2.276557
1776,2829,2.279780
1777,2832,2.282198
1778,2833,2.283004
1779,2817,2.270110
1780,2828,2.278974
1781,2832,2.282198
1782,2825,2.276557
1783,2832,2.282198
1784,2829,2.279780
1785,2825,2.276557
1786,2821,2.273333
1787,2821,2.273333
1788,2833,2.283004
1789,2837,2.286227
1790,2833,2.283004
1791,2833,2.283004
1792,2837,2.286227
1793,2837,2.286227
1794,2817,2.270110
1795,2817,2.270110
1796,2821,2.273333
1797,2833,2.283004
1798,2837,2.286227
1799,2837,2.286227
1800,2828,2.278974
1801,2825,2.276557
1802,2821,2.273333
1803,2837,2.286227
1804,2825,2.276557
1805,2837,2.286227
1806,2832,2.282198
1807,2829,2.279780
1808,2825,2.276557
1809,2832,2.282198
1810,2833,2.283004
1811,2837,2.286227
1812,2837,2.286227
1813,2833,2.283004
1814,2833,2.283004
1815,2828,2.278974
1816,2821,2.273333
1817,2832,2.282198
1818,2832,2.282198
1819,2833,2.283004
1820,2833,2.283004
1821,2833,2.283004
1822,2821,2.273333
1823,2837,2.286227
1824,2821,2.273333
1825,2837,2.286227
1826,2837,2.286227
1827,2828,2.278974
1828,2825,2.276557
1829,2833,2.283004
1830,2832,2.282198
1831,2833,2.283004
1832,2837,2.286227
1833,2821,2.273333
1834,2821,2.273333
1835,2825,2.276557
1836,2832,2.282198
1837,2817,2.270110
1838,2821,2.273333
1839,2833,2.283004
1840,2816,2.269304
1841,2821,2.273333
1842,2829,2.279780
1843,2829,2.279780
1844,2821,2.273333
1845,2820,2.272527
1846,2836,2.285421
1847,2825,2.276557
1848,2832,2.282198
1849,2821,2.273333
1850,2828,2.278974
1851,2832,2.282198
1852,2832,2.282198
1853,2817,2.270110
1854,2817,2.270110
1855,2832,2.282198
1856,2825,2.276557
1857,2825,2.276557
1858,2817,2.270110
1859,2833,2.283004
1860,2821,2.273333
1861,2816,2.269304
1862,2817,2.270110
1863,2817,2.270110
1864,2832,2.282198
1865,2821,2.273333
1866,2817,2.270110
1867,2816,2.269304
1868,2817,2.270110
1869,2821,2.273333
1870,2832,2.282198
1871,2817,2.270110
1872,2832,2.282198
1873,2821,2.273333
1874,2821,2.273333
1875,2820,2.272527
1876,2816,2.269304
1877,2817,2.270110
1878,2821,2.273333
1879,2832,2.282198
1880,2829,2.279780
1881,2821,2.273333
1882,2825,2.276557
1883,2817,2.270110
1884,2816,2.269304
1885,2821,2.273333
1886,2825,2.276557
1887,2821,2.273333
1888,2821,2.273333
1889,2821,2.273333
1890,2821,2.273333
1891,2816,2.269304
1892,2816,2.269304
1893,2816,2.269304
1894,2821,2.273333
1895,2817,2.270110
1896,2817,2.270110
1897,2833,2.283004
1898,2817,2.270110
1899,2821,2.273333
1900,2821,2.273333
1901,2816,2.269304
1902,2821,2.273333
1903,2821,2.273333
1904,2816,2.269304
1905,2817,2.270110
1906,2821,2.273333
1907,2821,2.273333
1908,2817,2.270110
1909,2820,2.272527
1910,2828,2.278974
1911,2817,2.270110
1912,2821,2.273333
1913,2825,2.276557
1914,2825,2.276557
1915,2817,2.270110
1916,2821,2.273333
1917,2821,2.273333
1918,2817,2.270110
1919,2832,2.282198
1920,2829,2.279780
1921,2821,2.273333
1922,2816,2.269304
1923,2817,2.270110
1924,2833,2.283004
1925,2817,2.270110
1926,2825,2.276557
1927,2821,2.273333
1928,2832,2.282198
1929,2821,2.273333
1930,2817,2.270110
1931,2825,2.276557
1932,2832,2.282198
1933,2821,2.273333
1934,2825,2.276557
1935,2821,2.273333
1936,2832,2.282198
1937,2821,2.273333
1938,2821,2.273333
1939,2821,2.273333
1940,2820,2.272527
1941,2832,2.282198
1942,2837,2.286227
1943,2821,2.273333
1944,2832,2.282198
1945,2833,2.283004
1946,2837,2.286227
1947,2833,2.283004
1948,2833,2.283004
1949,2832,2.282198
1950,2832,2.282198
1951,2829,2.279780
1952,2837,2.286227
1953,2821,2.273333
1954,2832,2.282198
1955,2833,2.283004
1956,2853,2.299121
1957,2837,2.286227
1958,2837,2.286227
1959,2841,2.289451
1960,2845,2.292674
1961,2833,2.283004
1962,2837,2.286227
1963,2841,2.289451
1964,2837,2.286227
1965,2841,2.289451
1966,2845,2.292674
1967,2845,2.292674
1968,2837,2.286227
1969,2845,2.292674
1970,2837,2.286227
1971,2837,2.286227
1972,2833,2.283004
1973,2841,2.289451
1974,2837,2.286227
1975,2845,2.292674
1976,2841,2.289451
1977,2845,2.292674
1978,2849,2.295897
1979,2853,2.299121
1980,2841,2.289451
1981,2845,2.292674
1982,2837,2.286227
1983,2841,2.289451
1984,2841,2.289451
1985,2849,2.295897
1986,2845,2.292674
1987,2852,2.298315
1988,2853,2.299121
1989,2853,2.299121
1990,2849,2.295897
1991,2853,2.299121
1992,2865,2.308791
1993,2845,2.292674
1994,2853,2.299121
1995,2857,2.302344
1996,2853,2.299121
1997,2865,2.308791
1998,2845,2.292674
1999,2845,2.292674
2000,2857,2.302344
2001,2857,2.302344
2002,2853,2.299121
2003,2860,2.304762
2004,2857,2.302344
2005,2864,2.307985
2006,2865,2.308791
2007,2853,2.299121
2008,2865,2.308791
2009,2865,2.308791
2010,2845,2.292674
2011,2864,2.307985
2012,2857,2.302344
2013,2864,2.307985
2014,2864,2.307985
2015,2853,2.299121
2016,2865,2.308791
2017,2865,2.308791
2018,2857,2.302344
2019,2861,2.305568
2020,2869,2.312015
2021,2873,2.315238
2022,2864,2.307985
2023,2857,2.302344
2024,2865,2.308791
2025,2861,2.305568
2026,2864,2.307985
2027,2865,2.308791
2028,2864,2.307985
2029,2865,2.308791
2030,2869,2.312015
2031,2865,2.308791
2032,2869,2.312015
2033,2864,2.307985
2034,2853,2.299121
2035,2864,2.307985
2036,2876,2.317656
2037,2869,2.312015
2038,2865,2.308791
2039,2869,2.312015
2040,2865,2.308791
2041,2873,2.315238
2042,2869,2.312015
2043,2864,2.307985
2044,2869,2.312015
2045,2877,2.318462
2046,2869,2.312015
2047,2857,2.302344
2048,2865,2.308791
2049,2873,2.315238
2050,2864,2.307985
2051,2865,2.308791
2052,2857,2.302344
2053,2865,2.308791
2054,2869,2.312015
2055,2865,2.308791
2056,2873,2.315238
2057,2864,2.307985
2058,2865,2.308791
2059,2864,2.307985
2060,2860,2.304762
2061,2865,2.308791
2062,2861,2.305568
2063,2873,2.315238
2064,2869,2.312015
2065,2864,2.307985
2066,2857,2.302344
2067,2869,2.312015
2068,2853,2.299121
2069,2857,2.302344
2070,2864,2.307985
2071,2853,2.299121
2072,2861,2.305568
2073,2845,2.292674
2074,2853,2.299121
2075,2865,2.308791
2076,2853,2.299121
2077,2853,2.299121
2078,2857,2.302344
2079,2868,2.311209
2080,2849,2.295897
2081,2865,2.308791
2082,2853,2.299121
2083,2864,2.307985
2084,2861,2.305568
2085,2857,2.302344
2086,2853,2.299121
2087,2849,2.295897
2088,2864,2.307985
2089,2864,2.307985
2090,2845,2.292674
2091,2845,2.292674
2092,2849,2.295897
2093,2857,2.302344
2094,2853,2.299121
2095,2845,2.292674
2096,2853,2.299121
2097,2845,2.292674
2098,2841,2.289451
2099,2845,2.292674
2100,2841,2.289451
2101,2844,2.291868
2102,2845,2.292674
2103,2853,2.299121
2104,2849,2.295897
2105,2864,2.307985
2106,2852,2.298315
2107,2849,2.295897
2108,2833,2.283004
2109,2845,2.292674
2110,2833,2.283004
2111,2845,2.292674
2112,2837,2.286227
2113,2837,2.286227
2114,2841,2.289451
2115,2837,2.286227
2116,2841,2.289451
2117,2841,2.289451
2118,2833,2.283004
2119,2829,2.279780
2120,2825,2.276557
2121,2841,2.289451
2122,2832,2.282198
2123,2836,2.285421
2124,2821,2.273333
2125,2825,2.276557
2126,2837,2.286227
2127,2832,2.282198
2128,2825,2.276557
2129,2837,2.286227
2130,2833,2.283004
2131,2821,2.273333
2132,2821,2.273333
2133,2821,2.273333
2134,2821,2.273333
2135,2828,2.278974
2136,2821,2.273333
2137,2816,2.269304
2138,2816,2.269304
2139,2817,2.270110
2140,2816,2.269304
2141,2816,2.269304
2142,2816,2.269304
2143,2825,2.276557
2144,2816,2.269304
2145,2816,2.269304
2146,2816,2.269304
2147,2816,2.269304
2148,2817,2.270110
2149,2801,2.257216
2150,2816,2.269304
2151,2801,2.257216
2152,2816,2.269304
2153,2805,2.260440
2154,2793,2.250769
2155,2816,2.269304
2156,2816,2.269304
2157,2816,2.269304
2158,2816,2.269304
2159,2793,2.250769
2160,2797,2.253993
2161,2816,2.269304
2162,2801,2.257216
2163,2793,2.250769
2164,2816,2.269304
2165,2805,2.260440
2166,2800,2.256410
2167,2816,2.269304
2168,2801,2.257216
2169,2793,2.250769
2170,2801,2.257216
2171,2793,2.250769
2172,2800,2.256410
2173,2816,2.269304
2174,2816,2.269304
2175,2801,2.257216
2176,2801,2.257216
2177,2800,2.256410
2178,2816,2.269304
2179,2816,2.269304
2180,2801,2.257216
2181,2821,2.273333
2182,2816,2.269304
2183,2817,2.270110
2184,2816,2.269304
2185,2821,2.273333
2186,2832,2.282198
2187,2816,2.269304
2188,2821,2.273333
2189,2825,2.276557
2190,2816,2.269304
2191,2833,2.283004
2192,2817,2.270110
2193,2829,2.279780
2194,2832,2.282198
2195,2821,2.273333
2196,2817,2.270110
2197,2832,2.282198
2198,2832,2.282198
2199,2845,2.292674
2200,2845,2.292674
2201,2841,2.289451
2202,2828,2.278974
2203,2841,2.289451
2204,2833,2.283004
2205,2845,2.292674
2206,2847,2.294286
2207,2837,2.286227
2208,2841,2.289451
2209,2844,2.291868
2210,2845,2.292674
2211,2841,2.289451
2212,2845,2.292674
2213,2845,2.292674
2214,2864,2.307985
2215,2857,2.302344
2216,2853,2.299121
2217,2845,2.292674
2218,2841,2.289451
2219,2845,2.292674
2220,2864,2.307985
2221,2865,2.308791
2222,2865,2.308791
2223,2864,2.307985
2224,2865,2.308791
2225,2857,2.302344
2226,2864,2.307985
2227,2864,2.307985
2228,2865,2.308791
2229,2873,2.315238
2230,2869,2.312015
2231,2861,2.305568
2232,2869,2.312015
2233,2864,2.307985
2234,2865,2.308791
2235,2881,2.321685
2236,2869,2.312015
2237,2865,2.308791
2238,2864,2.307985
2239,2877,2.318462
2240,2881,2.321685
2241,2873,2.315238
2242,2869,2.312015
2243,2877,2.318462
2244,2885,2.324908
2245,2877,2.318462
2246,2877,2.318462
2247,2881,2.321685
2248,2881,2.321685
2249,2885,2.324908
2250,2869,2.312015
2251,2869,2.312015
2252,2885,2.324908
2253,2885,2.324908
2254,2877,2.318462
2255,2881,2.321685
2256,2880,2.320879
2257,2884,2.324103
2258,2877,2.318462
2259,2889,2.328132
2260,2885,2.324908
2261,2880,2.320879
2262,2881,2.321685
2263,2881,2.321685
2264,2893,2.331355
2265,2881,2.321685
2266,2885,2.324908
2267,2877,2.318462
2268,2885,2.324908
2269,2885,2.324908
2270,2885,2.324908
2271,2885,2.324908
2272,2893,2.331355
2273,2881,2.321685
2274,2896,2.333773
2275,2896,2.333773
2276,2901,2.337802
2277,2901,2.337802
2278,2896,2.333773
2279,2885,2.324908
2280,2893,2.331355
2281,2885,2.324908
2282,2896,2.333773
2283,2897,2.334579
2284,2897,2.334579
2285,2889,2.328132
2286,2897,2.334579
2287,2889,2.328132
2288,2901,2.337802
2289,2893,2.331355
2290,2900,2.336996
2291,2901,2.337802
2292,2889,2.328132
2293,2897,2.334579
2294,2905,2.341026
2295,2901,2.337802
2296,2905,2.341026
2297,2896,2.333773
2298,2901,2.337802
2299,2896,2.333773
2300,2893,2.331355
2301,2901,2.337802
2302,2897,2.334579
2303,2905,2.341026
2304,2901,2.337802
2305,2905,2.341026
2306,2905,2.341026
2307,2901,2.337802
2308,2901,2.337802
2309,2900,2.336996
2310,2896,2.333773
2311,2905,2.341026
2312,2897,2.334579
2313,2897,2.334579
2314,2905,2.341026
2315,2909,2.344249
2316,2901,2.337802
2317,2896,2.333773
2318,2901,2.337802
2319,2896,2.333773
2320,2896,2.333773
2321,2897,2.334579
2322,2896,2.333773
2323,2901,2.337802
2324,2897,2.334579
2325,2909,2.344249
2326,2901,2.337802
2327,2893,2.331355
2328,2889,2.328132
2329,2889,2.328132
2330,2897,2.334579
2331,2909,2.344249
2332,2884,2.324103
2333,2901,2.337802
2334,2901,2.337802
2335,2897,2.334579
2336,2909,2.344249
2337,2897,2.334579
2338,2897,2.334579
2339,2901,2.337802
2340,2901,2.337802
2341,2901,2.337802
2342,2901,2.337802
2343,2897,2.334579
2344,2908,2.343443
2345,2893,2.331355
2346,2909,2.344249
2347,2901,2.337802
2348,2893,2.331355
2349,2900,2.336996
2350,2901,2.337802
2351,2901,2.337802
2352,2901,2.337802
2353,2909,2.344249
2354,2897,2.334579
2355,2901,2.337802
2356,2901,2.337802
2357,2909,2.344249
2358,2917,2.350696
2359,2896,2.333773
2360,2905,2.341026
2361,2909,2.344249
2362,2909,2.344249
2363,2909,2.344249
2364,2909,2.344249
2365,2901,2.337802
2366,2897,2.334579
2367,2901,2.337802
2368,2889,2.328132
2369,2901,2.337802
2370,2901,2.337802
2371,2901,2.337802
2372,2909,2.344249
2373,2905,2.341026
2374,2896,2.333773
2375,2901,2.337802
2376,2901,2.337802
2377,2897,2.334579
2378,2909,2.344249
2379,2908,2.343443
2380,2897,2.334579
2381,2893,2.331355
2382,2901,2.337802
2383,2901,2.337802
2384,2901,2.337802
2385,2909,2.344249
2386,2905,2.341026
2387,2909,2.344249
2388,2897,2.334579
2389,2909,2.344249
2390,2901,2.337802
2391,2909,2.344249
2392,2897,2.334579
2393,2901,2.337802
2394,2901,2.337802
2395,2892,2.330549
2396,2909,2.344249
2397,2901,2.337802
2398,2897,2.334579
2399,2896,2.333773
2400,2897,2.334579
2401,2897,2.334579
2402,2909,2.344249
2403,2901,2.337802
2404,2893,2.331355
2405,2896,2.333773
2406,2909,2.344249
2407,2897,2.334579
2408,2901,2.337802
2409,2909,2.344249
2410,2905,2.341026
2411,2901,2.337802
2412,2901,2.337802
2413,2901,2.337802
2414,2897,2.334579
2415,2897,2.334579
2416,2897,2.334579
2417,2885,2.324908
2418,2897,2.334579
2419,2896,2.333773
2420,2901,2.337802
2421,2908,2.343443
2422,2908,2.343443
2423,2901,2.337802
2424,2905,2.341026
2425,2905,2.341026
2426,2905,2.341026
2427,2901,2.337802
2428,2909,2.344249
2429,2901,2.337802
2430,2897,2.334579
2431,2905,2.341026
2432,2909,2.344249
2433,2901,2.337802
2434,2901,2.337802
2435,2897,2.334579
2436,2905,2.341026
2437,2896,2.333773
2438,2881,2.321685
2439,2897,2.334579
2440,2909,2.344249
2441,2901,2.337802
2442,2901,2.337802
2443,2901,2.337802
2444,2901,2.337802
2445,2897,2.334579
2446,2909,2.344249
2447,2901,2.337802
2448,2905,2.341026
2449,2909,2.344249
2450,2905,2.341026
2451,2897,2.334579
2452,2909,2.344249
2453,2893,2.331355
2454,2901,2.337802
2455,2896,2.333773
2456,2889,2.328132
2457,2901,2.337802
2458,2896,2.333773
2459,2897,2.334579
2460,2901,2.337802
2461,2901,2.337802
2462,2897,2.334579
2463,2905,2.341026
2464,2889,2.328132
2465,2896,2.333773
2466,2901,2.337802
2467,2909,2.344249
2468,2901,2.337802
2469,2909,2.344249
2470,2908,2.343443
2471,2901,2.337802
2472,2901,2.337802
2473,2896,2.333773
2474,2901,2.337802
2475,2901,2.337802
2476,2905,2.341026
2477,2909,2.344249
2478,2901,2.337802
2479,2901,2.337802
2480,2905,2.341026
2481,2908,2.343443
2482,2901,2.337802
2483,2905,2.341026
2484,2897,2.334579
2485,2897,2.334579
2486,2901,2.337802
2487,2905,2.341026
2488,2893,2.331355
2489,2900,2.336996
2490,2901,2.337802
2491,2905,2.341026
2492,2901,2.337802
2493,2901,2.337802
2494,2909,2.344249
2495,2905,2.341026
2496,2896,2.333773
2497,2896,2.333773
2498,2921,2.353919
2499,2901,2.337802
2500,2901,2.337802
2501,2885,2.324908
2502,2905,2.341026
2503,2897,2.334579
2504,2909,2.344249
2505,2889,2.328132
2506,2901,2.337802
2507,2905,2.341026
2508,2896,2.333773
2509,2909,2.344249
2510,2901,2.337802
2511,2897,2.334579
2512,2896,2.333773
2513,2909,2.344249
2514,2909,2.344249
2515,2897,2.334579
2516,2901,2.337802
2517,2897,2.334579
2518,2897,2.334579
2519,2897,2.334579
2520,2897,2.334579
2521,2905,2.341026
2522,2897,2.334579
2523,2905,2.341026
2524,2908,2.343443
2525,2905,2.341026
2526,2901,2.337802
2527,2896,2.333773
2528,2901,2.337802
2529,2901,2.337802
2530,2905,2.341026
2531,2897,2.334579
2532,2896,2.333773
2533,2909,2.344249
2534,2881,2.321685
2535,2896,2.333773
2536,2896,2.333773
2537,2909,2.344249
2538,2889,2.328132
2539,2896,2.333773
2540,2885,2.324908
2541,2901,2.337802
2542,2889,2.328132
2543,2897,2.334579
2544,2896,2.333773
2545,2896,2.333773
2546,2900,2.336996
2547,2889,2.328132
2548,2892,2.330549
2549,2885,2.324908
2550,2905,2.341026
2551,2885,2.324908
2552,2897,2.334579
2553,2901,2.337802
2554,2892,2.330549
2555,2893,2.331355
2556,2896,2.333773
2557,2901,2.337802
2558,2881,2.321685
2559,2897,2.334579
2560,2873,2.315238
2561,2893,2.331355
2562,2889,2.328132
2563,2885,2.324908
2564,2889,2.328132
2565,2889,2.328132
2566,2897,2.334579
2567,2885,2.324908
2568,2885,2.324908
2569,2889,2.328132
2570,2885,2.324908
2571,2893,2.331355
2572,2877,2.318462
2573,2889,2.328132
2574,2885,2.324908
2575,2881,2.321685
2576,2896,2.333773
2577,2889,2.328132
2578,2885,2.324908
2579,2885,2.324908
2580,2892,2.330549
2581,2869,2.312015
2582,2885,2.324908
2583,2885,2.324908
2584,2889,2.328132
2585,2893,2.331355
2586,2893,2.331355
2587,2877,2.318462
2588,2896,2.333773
2589,2889,2.328132
2590,2881,2.321685
2591,2889,2.328132
2592,2881,2.321685
2593,2885,2.324908
2594,2881,2.321685
2595,2901,2.337802
2596,2885,2.324908
2597,2881,2.321685
2598,2881,2.321685
2599,2881,2.321685
2600,2877,2.318462
2601,2873,2.315238
2602,2877,2.318462
2603,2881,2.321685
2604,2865,2.308791
2605,2869,2.312015
2606,2885,2.324908
2607,2881,2.321685
2608,2877,2.318462
2609,2869,2.312015
2610,2869,2.312015
2611,2865,2.308791
2612,2865,2.308791
2613,2877,2.318462
2614,2869,2.312015
2615,2869,2.312015
2616,2885,2.324908
2617,2865,2.308791
2618,2873,2.315238
2619,2864,2.307985
2620,2861,2.305568
2621,2865,2.308791
2622,2857,2.302344
2623,2865,2.308791
2624,2873,2.315238
2625,2865,2.308791
2626,2869,2.312015
2627,2864,2.307985
2628,2865,2.308791
2629,2857,2.302344
2630,2857,2.302344
2631,2849,2.295897
2632,2865,2.308791
2633,2864,2.307985
2634,2864,2.307985
2635,2864,2.307985
2636,2857,2.302344
2637,2857,2.302344
2638,2857,2.302344
2639,2853,2.299121
2640,2853,2.299121
2641,2864,2.307985
2642,2865,2.308791
2643,2853,2.299121
2644,2845,2.292674
2645,2853,2.299121
2646,2861,2.305568
2647,2849,2.295897
2648,2864,2.307985
2649,2845,2.292674
2650,2853,2.299121
2651,2869,2.312015
2652,2860,2.304762
2653,2853,2.299121
2654,2853,2.299121
2655,2864,2.307985
2656,2861,2.305568
2657,2845,2.292674
2658,2841,2.289451
2659,2845,2.292674
2660,2849,2.295897
2661,2845,2.292674
2662,2837,2.286227
2663,2845,2.292674
2664,2845,2.292674
2665,2845,2.292674
2666,2837,2.286227
2667,2841,2.289451
2668,2845,2.292674
2669,2845,2.292674
2670,2837,2.286227
2671,2825,2.276557
2672,2825,2.276557
2673,2828,2.278974
2674,2821,2.273333
2675,2833,2.283004
2676,2833,2.283004
2677,2837,2.286227
2678,2837,2.286227
2679,2833,2.283004
2680,2825,2.276557
2681,2833,2.283004
2682,2833,2.283004
2683,2825,2.276557
2684,2821,2.273333
2685,2816,2.269304
2686,2821,2.273333
2687,2816,2.269304
2688,2829,2.279780
2689,2816,2.269304
2690,2825,2.276557
2691,2821,2.273333
2692,2821,2.273333
2693,2816,2.269304
2694,2816,2.269304
2695,2816,2.269304
2696,2825,2.276557
2697,2817,2.270110
2698,2816,2.269304
2699,2816,2.269304
2700,2816,2.269304
2701,2816,2.269304
2702,2801,2.257216
2703,2816,2.269304
2704,2789,2.247546
2705,2801,2.257216
2706,2816,2.269304
2707,2789,2.247546
2708,2817,2.270110
2709,2789,2.247546
2710,2801,2.257216
2711,2781,2.241099
2712,2797,2.253993
2713,2796,2.253187
2714,2781,2.241099
2715,2789,2.247546
2716,2804,2.259634
2717,2781,2.241099
2718,2801,2.257216
2719,2789,2.247546
2720,2796,2.253187
2721,2780,2.240293
2722,2777,2.237875
2723,2781,2.241099
2724,2777,2.237875
2725,2781,2.241099
2726,2773,2.234652
2727,2797,2.253993
2728,2789,2.247546
2729,2781,2.241099
2730,2773,2.234652
2731,2777,2.237875
2732,2773,2.234652
2733,2773,2.234652
2734,2777,2.237875
2735,2773,2.234652
2736,2748,2.214505
2737,2773,2.234652
2738,2773,2.234652
2739,2757,2.221758
2740,2745,2.212088
2741,2748,2.214505
2742,2745,2.212088
2743,2753,2.218535
2744,2757,2.221758
2745,2757,2.221758
2746,2753,2.218535
2747,2757,2.221758
2748,2752,2.217729
2749,2753,2.218535
2750,2757,2.221758
2751,2737,2.205641
2752,2741,2.208864
2753,2741,2.208864
2754,2741,2.208864
2755,2745,2.212088
2756,2729,2.199194
2757,2737,2.205641
2758,2737,2.205641
2759,2733,2.202418
2760,2725,2.195971
2761,2729,2.199194
2762,2737,2.205641
2763,2736,2.204835
2764,2732,2.201612
2765,2729,2.199194
2766,2725,2.195971
2767,2725,2.195971
2768,2729,2.199194
2769,2717,2.189524
2770,2717,2.189524
2771,2717,2.189524
2772,2697,2.173407
2773,2709,2.183077
2774,2705,2.179853
2775,2717,2.189524
2776,2687,2.165348
2777,2700,2.175824
2778,2697,2.173407
2779,2701,2.176630
2780,2705,2.179853
2781,2704,2.179048
2782,2697,2.173407
2783,2697,2.173407
2784,2697,2.173407
2785,2693,2.170183
2786,2687,2.165348
2787,2687,2.165348
2788,2705,2.179853
2789,2697,2.173407
2790,2697,2.173407
2791,2685,2.163736
2792,2687,2.165348
2793,2705,2.179853
2794,2685,2.163736
2795,2684,2.162930
2796,2677,2.157289
2797,2665,2.147619
2798,2672,2.153260
2799,2661,2.144396
2800,2653,2.137949
2801,2653,2.137949
2802,2645,2.131502
2803,2665,2.147619
2804,2653,2.137949
2805,2661,2.144396
2806,2653,2.137949
2807,2653,2.137949
2808,2661,2.144396
2809,2661,2.144396
2810,2661,2.144396
2811,2653,2.137949
2812,2629,2.118608
2813,2629,2.118608
2814,2629,2.118608
2815,2640,2.127473
2816,2621,2.112161
2817,2624,2.114579
2818,2629,2.118608
2819,2637,2.125055
2820,2625,2.115385
2821,2641,2.128278
2822,2629,2.118608
2823,2633,2.121832
2824,2609,2.102491
2825,2617,2.108938
2826,2617,2.108938
2827,2613,2.105714
2828,2629,2.118608
2829,2621,2.112161
2830,2609,2.102491
2831,2585,2.083150
2832,2621,2.112161
2833,2601,2.096044
2834,2604,2.098462
2835,2597,2.092821
2836,2589,2.086374
2837,2589,2.086374
2838,2589,2.086374
2839,2581,2.079927
2840,2585,2.083150
2841,2581,2.079927
2842,2589,2.086374
2843,2576,2.075897
2844,2581,2.079927
2845,2581,2.079927
2846,2589,2.086374
2847,2573,2.073480
2848,2576,2.075897
2849,2576,2.075897
2850,2581,2.079927
2851,2565,2.067033
2852,2565,2.067033
2853,2569,2.070256
2854,2557,2.060586
2855,2533,2.041245
2856,2545,2.050916
2857,2553,2.057363
2858,2553,2.057363
2859,2544,2.050110
2860,2548,2.053333
2861,2557,2.060586
2862,2533,2.041245
2863,2545,2.050916
2864,2533,2.041245
2865,2533,2.041245
2866,2537,2.044469
2867,2533,2.041245
2868,2533,2.041245
2869,2521,2.031575
2870,2525,2.034799
2871,2525,2.034799
2872,2525,2.034799
2873,2517,2.028352
2874,2524,2.033993
2875,2540,2.046886
2876,2525,2.034799
2877,2521,2.031575
2878,2529,2.038022
2879,2533,2.041245
2880,2533,2.041245
2881,2525,2.034799
2882,2525,2.034799
2883,2513,2.025128
2884,2517,2.028352
2885,2497,2.012234
2886,2512,2.024322
2887,2497,2.012234
2888,2505,2.018681
2889,2497,2.012234
2890,2501,2.015458
2891,2496,2.011429
2892,2492,2.008205
2893,2493,2.009011
2894,2497,2.012234
2895,2489,2.005788
2896,2489,2.005788
2897,2489,2.005788
2898,2505,2.018681
2899,2485,2.002564
2900,2481,1.999341
2901,2481,1.999341
2902,2457,1.980000
2903,2477,1.996117
2904,2469,1.989670
2905,2469,1.989670
2906,2473,1.992894
2907,2476,1.995311
2908,2481,1.999341
2909,2469,1.989670
2910,2461,1.983223
2911,2469,1.989670
2912,2449,1.973553
2913,2453,1.976777
2914,2473,1.992894
2915,2453,1.976777
2916,2469,1.989670
2917,2457,1.980000
2918,2461,1.983223
2919,2452,1.975971
2920,2444,1.969524
2921,2453,1.976777
2922,2453,1.976777
2923,2457,1.980000
2924,2449,1.973553
2925,2444,1.969524
2926,2429,1.957436
2927,2441,1.967106
2928,2449,1.973553
2929,2437,1.963883
2930,2437,1.963883
2931,2445,1.970330
2932,2421,1.950989
2933,2448,1.972747
2934,2448,1.972747
2935,2433,1.960659
2936,2421,1.950989
2937,2437,1.963883
2938,2433,1.960659
2939,2444,1.969524
2940,2437,1.963883
2941,2441,1.967106
2942,2433,1.960659
2943,2429,1.957436
2944,2409,1.941319
2945,2404,1.937289
2946,2397,1.931648
2947,2425,1.954212
2948,2420,1.950183
2949,2421,1.950989
2950,2421,1.950989
2951,2425,1.954212
2952,2417,1.947766
2953,2416,1.946960
2954,2420,1.950183
2955,2429,1.957436
2956,2409,1.941319
2957,2384,1.921172
2958,2416,1.946960
2959,2413,1.944542
2960,2417,1.947766
2961,2421,1.950989
2962,2417,1.947766
2963,2421,1.950989
2964,2404,1.937289
2965,2405,1.938095
2966,2397,1.931648
2967,2389,1.925201
2968,2397,1.931648
2969,2385,1.921978
2970,2389,1.925201
2971,2405,1.938095
2972,2409,1.941319
2973,2397,1.931648
2974,2404,1.937289
2975,2416,1.946960
2976,2421,1.950989
2977,2416,1.946960
2978,2401,1.934872
2979,2405,1.938095
2980,2380,1.917949
2981,2372,1.911502
2982,2369,1.909084
2983,2385,1.921978
2984,2384,1.921172
2985,2389,1.925201
2986,2385,1.921978
2987,2377,1.915531
2988,2377,1.915531
2989,2384,1.921172
2990,2385,1.921978
2991,2377,1.915531
2992,2373,1.912308
2993,2385,1.921978
2994,2373,1.912308
2995,2373,1.912308
2996,2373,1.912308
2997,2377,1.915531
2998,2377,1.915531
2999,2373,1.912308
3000,2365,1.905861
3001,2365,1.905861
3002,2373,1.912308
3003,2361,1.902637
3004,2357,1.899414
3005,2365,1.905861
3006,2369,1.909084
3007,2365,1.905861
3008,2357,1.899414
3009,2361,1.902637
3010,2361,1.902637
3011,2364,1.905055
3012,2365,1.905861
3013,2365,1.905861
3014,2357,1.899414
3015,2365,1.905861
3016,2365,1.905861
3017,2361,1.902637
3018,2361,1.902637
3019,2372,1.911502
3020,2364,1.905055
3021,2353,1.896190
3022,2341,1.886520
3023,2348,1.892161
3024,2341,1.886520
3025,2349,1.892967
3026,2333,1.880073
3027,2353,1.896190
3028,2352,1.895385
3029,2345,1.889744
3030,2345,1.889744
3031,2340,1.885714
3032,2337,1.883297
3033,2341,1.886520
3034,2333,1.880073
3035,2340,1.885714
3036,2352,1.895385
3037,2352,1.895385
3038,2333,1.880073
3039,2325,1.873626
3040,2329,1.876850
3041,2333,1.880073
3042,2321,1.870403
3043,2333,1.880073
3044,2333,1.880073
3045,2313,1.863956
3046,2340,1.885714
3047,2328,1.876044
3048,2333,1.880073
3049,2333,1.880073
3050,2329,1.876850
3051,2345,1.889744
3052,2352,1.895385
3053,2333,1.880073
3054,2329,1.876850
3055,2325,1.873626
3056,2333,1.880073
3057,2325,1.873626
3058,2317,1.867179
3059,2320,1.869597
3060,2329,1.876850
3061,2309,1.860733
3062,2309,1.860733
3063,2313,1.863956
3064,2316,1.866374
3065,2301,1.854286
3066,2288,1.843810
3067,2292,1.847033
3068,2309,1.860733
3069,2293,1.847839
3070,2293,1.847839
3071,2309,1.860733
3072,2313,1.863956
3073,2333,1.880073
3074,2321,1.870403
3075,2320,1.869597
3076,2333,1.880073
3077,2329,1.876850
3078,2321,1.870403
3079,2325,1.873626
3080,2309,1.860733
3081,2317,1.867179
3082,2324,1.872821
3083,2304,1.856703
3084,2309,1.860733
3085,2321,1.870403
3086,2337,1.883297
3087,2333,1.880073
3088,2335,1.881685
3089,2341,1.886520
3090,2341,1.886520
3091,2341,1.886520
3092,2333,1.880073
3093,2325,1.873626
3094,2309,1.860733
3095,2309,1.860733
3096,2309,1.860733
3097,2289,1.844615
3098,2288,1.843810
3099,2297,1.851062
3100,2292,1.847033
3101,2293,1.847839
3102,2285,1.841392
3103,2293,1.847839
3104,2281,1.838168
3105,2289,1.844615
3106,2288,1.843810
3107,2285,1.841392
3108,2292,1.847033
3109,2304,1.856703
3110,2293,1.847839
3111,2300,1.853480
3112,2289,1.844615
3113,2277,1.834945
3114,2284,1.840586
3115,2284,1.840586
3116,2293,1.847839
3117,2277,1.834945
3118,2269,1.828498
3119,2293,1.847839
3120,2297,1.851062
3121,2281,1.838168
3122,2297,1.851062
3123,2289,1.844615
3124,2285,1.841392
3125,2277,1.834945
3126,2277,1.834945
3127,2285,1.841392
3128,2277,1.834945
3129,2277,1.834945
3130,2261,1.822051
3131,2281,1.838168
3132,2276,1.834139
3133,2277,1.834945
3134,2289,1.844615
3135,2289,1.844615
3136,2285,1.841392
3137,2288,1.843810
3138,2289,1.844615
3139,2277,1.834945
3140,2288,1.843810
3141,2281,1.838168
3142,2269,1.828498
3143,2269,1.828498
3144,2261,1.822051
3145,2265,1.825275
3146,2257,1.818828
3147,2261,1.822051
3148,2260,1.821245
3149,2261,1.822051
3150,2260,1.821245
3151,2261,1.822051
3152,2252,1.814799
3153,2257,1.818828
3154,2269,1.828498
3155,2281,1.838168
3156,2261,1.822051
3157,2268,1.827692
3158,2269,1.828498
3159,2281,1.838168
3160,2277,1.834945
3161,2261,1.822051
3162,2271,1.830110
3163,2252,1.814799
3164,2257,1.818828
3165,2260,1.821245
3166,2261,1.822051
3167,2253,1.815604
3168,2245,1.809158
3169,2244,1.808352
3170,2245,1.809158
3171,2241,1.805934
3172,2257,1.818828
3173,2257,1.818828
3174,2240,1.805128
3175,2249,1.812381
3176,2253,1.815604
3177,2245,1.809158
3178,2265,1.825275
3179,2241,1.805934
3180,2256,1.818022
3181,2245,1.809158
3182,2260,1.821245
3183,2261,1.822051
3184,2253,1.815604
3185,2241,1.805934
3186,2245,1.809158
3187,2257,1.818828
3188,2252,1.814799
3189,2245,1.809158
3190,2249,1.812381
3191,2236,1.801905
3192,2245,1.809158
3193,2245,1.809158
3194,2261,1.822051
3195,2245,1.809158
3196,2241,1.805934
3197,2253,1.815604
3198,2256,1.818022
3199,2261,1.822051
3200,2257,1.818828
3201,2249,1.812381
3202,2245,1.809158
3203,2245,1.809158
3204,2245,1.809158
3205,2249,1.812381
3206,2228,1.795458
3207,2257,1.818828
3208,2233,1.799487
3209,2253,1.815604
3210,2229,1.796264
3211,2241,1.805934
3212,2240,1.805128
3213,2245,1.809158
3214,2245,1.809158
3215,2237,1.802711
3216,2240,1.805128
3217,2237,1.802711
3218,2228,1.795458
3219,2225,1.793040
3220,2236,1.801905
3221,2240,1.805128
3222,2249,1.812381
3223,2224,1.792234
3224,2229,1.796264
3225,2229,1.796264
3226,2229,1.796264
3227,2240,1.805128
3228,2233,1.799487
3229,2237,1.802711
3230,2225,1.793040
3231,2225,1.793040
3232,2229,1.796264
3233,2233,1.799487
3234,2229,1.796264
3235,2221,1.789817
3236,2229,1.796264
3237,2205,1.776923
3238,2233,1.799487
3239,2225,1.793040
3240,2224,1.792234
3241,2220,1.789011
3242,2225,1.793040
3243,2233,1.799487
3244,2224,1.792234
3245,2237,1.802711
3246,2213,1.783370
3247,2225,1.793040
3248,2229,1.796264
3249,2224,1.792234
3250,2228,1.795458
3251,2217,1.786593
3252,2233,1.799487
3253,2213,1.783370
3254,2225,1.793040
3255,2229,1.796264
3256,2213,1.783370
3257,2221,1.789817
3258,2205,1.776923
3259,2224,1.792234
3260,2225,1.793040
3261,2212,1.782564
3262,2220,1.789011
3263,2225,1.793040
3264,2213,1.783370
3265,2224,1.792234
3266,2228,1.795458
3267,2229,1.796264
3268,2224,1.792234
3269,2233,1.799487
3270,2217,1.786593
3271,2225,1.793040
3272,2224,1.792234
3273,2224,1.792234
3274,2224,1.792234
3275,2213,1.783370
3276,2233,1.799487
3277,2213,1.783370
3278,2224,1.792234
3279,2213,1.783370
3280,2213,1.783370
3281,2221,1.789817
3282,2205,1.776923
3283,2221,1.789817
3284,2221,1.789817
3285,2213,1.783370
3286,2213,1.783370
3287,2220,1.789011
3288,2224,1.792234
3289,2213,1.783370
3290,2213,1.783370
3291,2217,1.786593
3292,2212,1.782564
3293,2205,1.776923
3294,2229,1.796264
3295,2217,1.786593
3296,2213,1.783370
3297,2225,1.793040
3298,2205,1.776923
3299,2213,1.783370
3300,2217,1.786593
3301,2213,1.783370
3302,2213,1.783370
3303,2213,1.783370
3304,2217,1.786593
3305,2213,1.783370
3306,2217,1.786593
3307,2201,1.773700
3308,2205,1.776923
3309,2213,1.783370
3310,2205,1.776923
3311,2205,1.776923
3312,2229,1.796264
3313,2221,1.789817
3314,2207,1.778535
3315,2213,1.783370
3316,2224,1.792234
3317,2220,1.789011
3318,2207,1.778535
3319,2205,1.776923
3320,2213,1.783370
3321,2205,1.776923
3322,2205,1.776923
3323,2213,1.783370
3324,2204,1.776117
3325,2205,1.776923
3326,2228,1.795458
3327,2207,1.778535
3328,2225,1.793040
3329,2224,1.792234
3330,2213,1.783370
3331,2205,1.776923
3332,2213,1.783370
3333,2225,1.793040
3334,2204,1.776117
3335,2205,1.776923
3336,2213,1.783370
3337,2224,1.792234
3338,2213,1.783370
3339,2224,1.792234
3340,2213,1.783370
3341,2213,1.783370
3342,2205,1.776923
3343,2213,1.783370
3344,2212,1.782564
3345,2205,1.776923
3346,2213,1.783370
3347,2197,1.770476
3348,2213,1.783370
3349,2205,1.776923
3350,2209,1.780147
3351,2213,1.783370
3352,2209,1.780147
3353,2213,1.783370
3354,2201,1.773700
3355,2197,1.770476
3356,2213,1.783370
3357,2221,1.789817
3358,2201,1.773700
3359,2213,1.783370
3360,2197,1.770476
3361,2205,1.776923
3362,2201,1.773700
3363,2205,1.776923
3364,2205,1.776923
3365,2204,1.776117
3366,2201,1.773700
3367,2209,1.780147
3368,2213,1.783370
3369,2205,1.776923
3370,2205,1.776923
3371,2205,1.776923
3372,2209,1.780147
3373,2205,1.776923
3374,2212,1.782564
3375,2213,1.783370
3376,2213,1.783370
3377,2205,1.776923
3378,2192,1.766447
3379,2212,1.782564
3380,2205,1.776923
3381,2204,1.776117
3382,2201,1.773700
3383,2205,1.776923
3384,2193,1.767253
3385,2193,1.767253
3386,2201,1.773700
3387,2193,1.767253
3388,2189,1.764029
3389,2205,1.776923
3390,2201,1.773700
3391,2213,1.783370
3392,2205,1.776923
3393,2204,1.776117
3394,2201,1.773700
3395,2197,1.770476
3396,2207,1.778535
3397,2204,1.776117
3398,2185,1.760806
3399,2204,1.776117
3400,2197,1.770476
3401,2188,1.763223
3402,2193,1.767253
3403,2201,1.773700
3404,2197,1.770476
3405,2205,1.776923
3406,2197,1.770476
3407,2205,1.776923
3408,2197,1.770476
3409,2205,1.776923
3410,2193,1.767253
3411,2204,1.776117
3412,2201,1.773700
3413,2221,1.789817
3414,2205,1.776923
3415,2204,1.776117
3416,2192,1.766447
3417,2201,1.773700
3418,2212,1.782564
3419,2192,1.766447
3420,2197,1.770476
3421,2201,1.773700
3422,2201,1.773700
3423,2217,1.786593
3424,2205,1.776923
3425,2201,1.773700
3426,2213,1.783370
3427,2197,1.770476
3428,2205,1.776923
3429,2197,1.770476
3430,2196,1.769670
3431,2213,1.783370
3432,2197,1.770476
3433,2205,1.776923
3434,2204,1.776117
3435,2205,1.776923
3436,2201,1.773700
3437,2207,1.778535
3438,2217,1.786593
3439,2205,1.776923
3440,2204,1.776117
3441,2213,1.783370
3442,2213,1.783370
3443,2213,1.783370
3444,2213,1.783370
3445,2205,1.776923
3446,2213,1.783370
3447,2213,1.783370
3448,2205,1.776923
3449,2217,1.786593
3450,2217,1.786593
3451,2221,1.789817
3452,2212,1.782564
3453,2224,1.792234
3454,2224,1.792234
3455,2213,1.783370
3456,2213,1.783370
3457,2213,1.783370
3458,2217,1.786593
3459,2213,1.783370
3460,2205,1.776923
3461,2224,1.792234
3462,2221,1.789817
3463,2213,1.783370
3464,2205,1.776923
3465,2221,1.789817
3466,2212,1.782564
3467,2213,1.783370
3468,2225,1.793040
3469,2233,1.799487
3470,2213,1.783370
3471,2224,1.792234
3472,2212,1.782564
3473,2229,1.796264
3474,2220,1.789011
3475,2217,1.786593
3476,2213,1.783370
3477,2213,1.783370
3478,2228,1.795458
3479,2209,1.780147
3480,2225,1.793040
3481,2220,1.789011
3482,2225,1.793040
3483,2229,1.796264
3484,2225,1.793040
3485,2225,1.793040
3486,2229,1.796264
3487,2233,1.799487
3488,2229,1.796264
3489,2237,1.802711
3490,2212,1.782564
3491,2229,1.796264
3492,2229,1.796264
3493,2229,1.796264
3494,2225,1.793040
3495,2245,1.809158
3496,2228,1.795458
3497,2225,1.793040
3498,2229,1.796264
3499,2225,1.793040
3500,2224,1.792234
3501,2241,1.805934
3502,2241,1.805934
3503,2229,1.796264
3504,2240,1.805128
3505,2237,1.802711
3506,2244,1.808352
3507,2225,1.793040
3508,2229,1.796264
3509,2240,1.805128
3510,2244,1.808352
3511,2233,1.799487
3512,2241,1.805934
3513,2236,1.801905
3514,2252,1.814799
3515,2249,1.812381
3516,2245,1.809158
3517,2237,1.802711
3518,2241,1.805934
3519,2245,1.809158
3520,2244,1.808352
3521,2249,1.812381
3522,2244,1.808352
3523,2260,1.821245
3524,2249,1.812381
3525,2257,1.818828
3526,2244,1.808352
3527,2257,1.818828
3528,2249,1.812381
3529,2257,1.818828
3530,2241,1.805934
3531,2249,1.812381
3532,2245,1.809158
3533,2265,1.825275
3534,2261,1.822051
3535,2265,1.825275
3536,2261,1.822051
3537,2260,1.821245
3538,2257,1.818828
3539,2265,1.825275
3540,2261,1.822051
3541,2268,1.827692
3542,2269,1.828498
3543,2260,1.821245
3544,2277,1.834945
3545,2269,1.828498
3546,2288,1.843810
3547,2261,1.822051
3548,2268,1.827692
3549,2269,1.828498
3550,2273,1.831722
3551,2277,1.834945
3552,2288,1.843810
3553,2277,1.834945
3554,2288,1.843810
3555,2293,1.847839
3556,2273,1.831722
3557,2289,1.844615
3558,2288,1.843810
3559,2289,1.844615
3560,2297,1.851062
3561,2288,1.843810
3562,2288,1.843810
3563,2293,1.847839
3564,2288,1.843810
3565,2305,1.857509
3566,2304,1.856703
3567,2297,1.851062
3568,2308,1.859927
3569,2304,1.856703
3570,2316,1.866374
3571,2305,1.857509
3572,2317,1.867179
3573,2321,1.870403
3574,2304,1.856703
3575,2316,1.866374
3576,2325,1.873626
3577,2317,1.867179
3578,2324,1.872821
3579,2325,1.873626
3580,2317,1.867179
3581,2316,1.866374
3582,2320,1.869597
3583,2309,1.860733
3584,2320,1.869597
3585,2329,1.876850
3586,2333,1.880073
3587,2333,1.880073
3588,2335,1.881685
3589,2333,1.880073
3590,2325,1.873626
3591,2333,1.880073
3592,2341,1.886520
3593,2335,1.881685
3594,2349,1.892967
3595,2357,1.899414
3596,2353,1.896190
3597,2340,1.885714
3598,2357,1.899414
3599,2357,1.899414
3600,2345,1.889744
3601,2361,1.902637
3602,2369,1.909084
3603,2373,1.912308
3604,2364,1.905055
3605,2369,1.909084
3606,2365,1.905861
3607,2377,1.915531
3608,2384,1.921172
3609,2384,1.921172
3610,2373,1.912308
3611,2385,1.921978
3612,2385,1.921978
3613,2384,1.921172
3614,2389,1.925201
3615,2389,1.925201
3616,2397,1.931648
3617,2397,1.931648
3618,2405,1.938095
3619,2404,1.937289
3620,2413,1.944542
3621,2417,1.947766
3622,2416,1.946960
3623,2429,1.957436
3624,2437,1.963883
3625,2421,1.950989
3626,2429,1.957436
3627,2429,1.957436
3628,2429,1.957436
3629,2460,1.982418
3630,2448,1.972747
3631,2444,1.969524
3632,2441,1.967106
3633,2453,1.976777
3634,2457,1.980000
3635,2444,1.969524
3636,2448,1.972747
3637,2461,1.983223
3638,2461,1.983223
3639,2460,1.982418
3640,2457,1.980000
3641,2481,1.999341
3642,2469,1.989670
3643,2481,1.999341
3644,2477,1.996117
3645,2481,1.999341
3646,2485,2.002564
3647,2485,2.002564
