Pixel,ADC,VoltageV
1,3935,3.171062
2,3934,3.170256
3,3935,3.171062
4,3926,3.163810
5,3927,3.164615
6,3927,3.164615
7,3927,3.164615
8,3924,3.162198
9,3926,3.163810
10,3927,3.164615
11,3926,3.163810
12,3927,3.164615
13,3927,3.164615
14,3927,3.164615
15,3927,3.164615
16,3924,3.162198
17,3110,2.506227
18,2516,2.027546
19,2534,2.042051
20,2526,2.035604
21,2548,2.053333
22,2559,2.062198
23,2551,2.055751
24,2544,2.050110
25,2556,2.059780
26,2556,2.059780
27,2544,2.050110
28,2558,2.061392
29,2567,2.068645
30,2559,2.062198
31,2551,2.055751
32,2544,2.050110
33,2551,2.055751
34,2551,2.055751
35,2558,2.061392
36,2551,2.055751
37,2556,2.059780
38,2544,2.050110
39,2559,2.062198
40,2551,2.055751
41,2548,2.053333
42,2559,2.062198
43,2544,2.050110
44,2550,2.054945
45,2551,2.055751
46,2551,2.055751
47,2550,2.054945
48,2548,2.053333
49,2556,2.059780
50,2558,2.061392
51,2548,2.053333
52,2548,2.053333
53,2550,2.054945
54,2551,2.055751
55,2556,2.059780
56,2551,2.055751
57,2558,2.061392
58,2535,2.042857
59,2551,2.055751
60,2551,2.055751
61,2532,2.040440
62,2544,2.050110
63,2535,2.042857
64,2544,2.050110
65,2548,2.053333
66,2544,2.050110
67,2548,2.053333
68,2544,2.050110
69,2548,2.053333
70,2551,2.055751
71,2559,2.062198
72,2535,2.042857
73,2551,2.055751
74,2551,2.055751
75,2559,2.062198
76,2551,2.055751
77,2559,2.062198
78,2556,2.059780
79,2544,2.050110
80,2556,2.059780
81,2551,2.055751
82,2558,2.061392
83,2558,2.061392
84,2564,2.066227
85,2559,2.062198
86,2566,2.067839
87,2576,2.075897
88,2559,2.062198
89,2566,2.067839
90,2559,2.062198
91,2551,2.055751
92,2566,2.067839
93,2548,2.053333
94,2551,2.055751
95,2548,2.053333
96,2559,2.062198
97,2551,2.055751
98,2548,2.053333
99,2544,2.050110
100,2544,2.050110
101,2548,2.053333
102,2535,2.042857
103,2544,2.050110
104,2550,2.054945
105,2548,2.053333
106,2534,2.042051
107,2548,2.053333
108,2559,2.062198
109,2559,2.062198
110,2544,2.050110
111,2551,2.055751
112,2548,2.053333
113,2544,2.050110
114,2544,2.050110
115,2535,2.042857
116,2544,2.050110
117,2551,2.055751
118,2548,2.053333
119,2558,2.061392
120,2544,2.050110
121,2548,2.053333
122,2559,2.062198
123,2556,2.059780
124,2544,2.050110
125,2558,2.061392
126,2558,2.061392
127,2551,2.055751
128,2548,2.053333
129,2540,2.046886
130,2544,2.050110
131,2544,2.050110
132,2559,2.062198
133,2557,2.060586
134,2559,2.062198
135,2548,2.053333
136,2559,2.062198
137,2551,2.055751
138,2567,2.068645
139,2559,2.062198
140,2551,2.055751
141,2551,2.055751
142,2559,2.062198
143,2564,2.066227
144,2559,2.062198
145,2556,2.059780
146,2558,2.061392
147,2580,2.079121
148,2549,2.054139
149,2555,2.058974
150,2543,2.049304
151,2554,2.058168
152,2553,2.057363
153,2550,2.054945
154,2576,2.075897
155,2559,2.062198
156,2554,2.058168
157,2535,2.042857
158,2554,2.058168
159,2559,2.062198
160,2558,2.061392
161,2551,2.055751
162,2554,2.058168
163,2550,2.054945
164,2558,2.061392
165,2550,2.054945
166,2554,2.058168
167,2551,2.055751
168,2570,2.071062
169,2546,2.051722
170,2554,2.058168
171,2546,2.051722
172,2554,2.058168
173,2559,2.062198
174,2552,2.056557
175,2559,2.062198
176,2554,2.058168
177,2546,2.051722
178,2552,2.056557
179,2552,2.056557
180,2539,2.046081
181,2554,2.058168
182,2539,2.046081
183,2559,2.062198
184,2552,2.056557
185,2543,2.049304
186,2539,2.046081
187,2552,2.056557
188,2543,2.049304
189,2554,2.058168
190,2552,2.056557
191,2538,2.045275
192,2539,2.046081
193,2555,2.058974
194,2547,2.052527
195,2539,2.046081
196,2554,2.058168
197,2539,2.046081
198,2539,2.046081
199,2552,2.056557
200,2530,2.038828
201,2547,2.052527
202,2538,2.045275
203,2538,2.045275
204,2552,2.056557
205,2554,2.058168
206,2536,2.043663
207,2543,2.049304
208,2539,2.046081
209,2552,2.056557
210,2554,2.058168
211,2554,2.058168
212,2552,2.056557
213,2555,2.058974
214,2555,2.058974
215,2568,2.069451
216,2554,2.058168
217,2559,2.062198
218,2547,2.052527
219,2568,2.069451
220,2552,2.056557
221,2555,2.058974
222,2559,2.062198
223,2543,2.049304
224,2555,2.058974
225,2552,2.056557
226,2552,2.056557
227,2568,2.069451
228,2559,2.062198
229,2555,2.058974
230,2552,2.056557
231,2559,2.062198
232,2554,2.058168
233,2570,2.071062
234,2555,2.058974
235,2559,2.062198
236,2552,2.056557
237,2559,2.062198
238,2554,2.058168
239,2539,2.046081
240,2552,2.056557
241,2552,2.056557
242,2539,2.046081
243,2543,2.049304
244,2552,2.056557
245,2554,2.058168
246,2559,2.062198
247,2552,2.056557
248,2554,2.058168
249,2547,2.052527
250,2552,2.056557
251,2559,2.062198
252,2552,2.056557
253,2559,2.062198
254,2555,2.058974
255,2554,2.058168
256,2555,2.058974
257,2559,2.062198
258,2539,2.046081
259,2555,2.058974
260,2559,2.062198
261,2543,2.049304
262,2543,2.049304
263,2555,2.058974
264,2555,2.058974
265,2555,2.058974
266,2547,2.052527
267,2555,2.058974
268,2555,2.058974
269,2554,2.058168
270,2547,2.052527
271,2554,2.058168
272,2554,2.058168
273,2552,2.056557
274,2539,2.046081
275,2554,2.058168
276,2554,2.058168
277,2531,2.039634
278,2543,2.049304
279,2539,2.046081
280,2552,2.056557
281,2546,2.051722
282,2568,2.069451
283,2547,2.052527
284,2547,2.052527
285,2547,2.052527
286,2539,2.046081
287,2547,2.052527
288,2552,2.056557
289,2554,2.058168
290,2547,2.052527
291,2559,2.062198
292,2554,2.058168
293,2555,2.058974
294,2555,2.058974
295,2554,2.058168
296,2555,2.058974
297,2559,2.062198
298,2555,2.058974
299,2547,2.052527
300,2543,2.049304
301,2543,2.049304
302,2555,2.058974
303,2543,2.049304
304,2539,2.046081
305,2555,2.058974
306,2552,2.056557
307,2543,2.049304
308,2555,2.058974
309,2547,2.052527
310,2559,2.062198
311,2552,2.056557
312,2547,2.052527
313,2554,2.058168
314,2538,2.045275
315,2555,2.058974
316,2559,2.062198
317,2555,2.058974
318,2554,2.058168
319,2570,2.071062
320,2568,2.069451
321,2571,2.071868
322,2555,2.058974
323,2571,2.071868
324,2568,2.069451
325,2575,2.075092
326,2570,2.071062
327,2559,2.062198
328,2559,2.062198
329,2570,2.071062
330,2570,2.071062
331,2570,2.071062
332,2575,2.075092
333,2559,2.062198
334,2571,2.071868
335,2555,2.058974
336,2570,2.071062
337,2570,2.071062
338,2571,2.071868
339,2559,2.062198
340,2559,2.062198
341,2559,2.062198
342,2559,2.062198
343,2568,2.069451
344,2559,2.062198
345,2555,2.058974
346,2559,2.062198
347,2568,2.069451
348,2584,2.082344
349,2559,2.062198
350,2571,2.071868
351,2571,2.071868
352,2570,2.071062
353,2570,2.071062
354,2584,2.082344
355,2579,2.078315
356,2571,2.071868
357,2584,2.082344
358,2555,2.058974
359,2571,2.071868
360,2555,2.058974
361,2570,2.071062
362,2570,2.071062
363,2570,2.071062
364,2568,2.069451
365,2555,2.058974
366,2570,2.071062
367,2568,2.069451
368,2555,2.058974
369,2554,2.058168
370,2559,2.062198
371,2554,2.058168
372,2552,2.056557
373,2555,2.058974
374,2555,2.058974
375,2555,2.058974
376,2555,2.058974
377,2555,2.058974
378,2559,2.062198
379,2554,2.058168
380,2538,2.045275
381,2552,2.056557
382,2555,2.058974
383,2559,2.062198
384,2547,2.052527
385,2536,2.043663
386,2547,2.052527
387,2555,2.058974
388,2543,2.049304
389,2568,2.069451
390,2552,2.056557
391,2554,2.058168
392,2554,2.058168
393,2570,2.071062
394,2571,2.071868
395,2559,2.062198
396,2547,2.052527
397,2559,2.062198
398,2571,2.071868
399,2538,2.045275
400,2559,2.062198
401,2570,2.071062
402,2554,2.058168
403,2554,2.058168
404,2552,2.056557
405,2559,2.062198
406,2552,2.056557
407,2554,2.058168
408,2559,2.062198
409,2559,2.062198
410,2568,2.069451
411,2570,2.071062
412,2555,2.058974
413,2571,2.071868
414,2555,2.058974
415,2568,2.069451
416,2555,2.058974
417,2559,2.062198
418,2571,2.071868
419,2552,2.056557
420,2568,2.069451
421,2554,2.058168
422,2559,2.062198
423,2559,2.062198
424,2555,2.058974
425,2543,2.049304
426,2539,2.046081
427,2547,2.052527
428,2554,2.058168
429,2539,2.046081
430,2554,2.058168
431,2543,2.049304
432,2539,2.046081
433,2552,2.056557
434,2543,2.049304
435,2536,2.043663
436,2552,2.056557
437,2555,2.058974
438,2552,2.056557
439,2552,2.056557
440,2559,2.062198
441,2552,2.056557
442,2568,2.069451
443,2554,2.058168
444,2543,2.049304
445,2554,2.058168
446,2568,2.069451
447,2559,2.062198
448,2559,2.062198
449,2554,2.058168
450,2563,2.065421
451,2575,2.075092
452,2563,2.065421
453,2559,2.062198
454,2559,2.062198
455,2559,2.062198
456,2559,2.062198
457,2568,2.069451
458,2559,2.062198
459,2559,2.062198
460,2568,2.069451
461,2555,2.058974
462,2555,2.058974
463,2559,2.062198
464,2554,2.058168
465,2559,2.062198
466,2559,2.062198
467,2559,2.062198
468,2568,2.069451
469,2570,2.071062
470,2559,2.062198
471,2571,2.071868
472,2571,2.071868
473,2571,2.071868
474,2592,2.088791
475,2579,2.078315
476,2595,2.091209
477,2579,2.078315
478,2584,2.082344
479,2592,2.088791
480,2592,2.088791
481,2571,2.071868
482,2570,2.071062
483,2568,2.069451
484,2555,2.058974
485,2552,2.056557
486,2568,2.069451
487,2559,2.062198
488,2555,2.058974
489,2559,2.062198
490,2552,2.056557
491,2570,2.071062
492,2559,2.062198
493,2559,2.062198
494,2559,2.062198
495,2568,2.069451
496,2559,2.062198
497,2594,2.090403
498,2575,2.075092
499,2571,2.071868
500,2575,2.075092
501,2592,2.088791
502,2571,2.071868
503,2559,2.062198
504,2575,2.075092
505,2586,2.083956
506,2575,2.075092
507,2584,2.082344
508,2559,2.062198
509,2568,2.069451
510,2559,2.062198
511,2568,2.069451
512,2575,2.075092
513,2563,2.065421
514,2554,2.058168
515,2555,2.058974
516,2555,2.058974
517,2559,2.062198
518,2559,2.062198
519,2568,2.069451
520,2559,2.062198
521,2570,2.071062
522,2568,2.069451
523,2570,2.071062
524,2570,2.071062
525,2575,2.075092
526,2571,2.071868
527,2586,2.083956
528,2592,2.088791
529,2586,2.083956
530,2575,2.075092
531,2584,2.082344
532,2584,2.082344
533,2595,2.091209
534,2584,2.082344
535,2586,2.083956
536,2592,2.088791
537,2575,2.075092
538,2600,2.095238
539,2579,2.078315
540,2579,2.078315
541,2592,2.088791
542,2595,2.091209
543,2571,2.071868
544,2571,2.071868
545,2579,2.078315
546,2571,2.071868
547,2586,2.083956
548,2586,2.083956
549,2571,2.071868
550,2570,2.071062
551,2571,2.071868
552,2579,2.078315
553,2584,2.082344
554,2571,2.071868
555,2568,2.069451
556,2584,2.082344
557,2571,2.071868
558,2571,2.071868
559,2592,2.088791
560,2584,2.082344
561,2586,2.083956
562,2586,2.083956
563,2586,2.083956
564,2592,2.088791
565,2575,2.075092
566,2575,2.075092
567,2579,2.078315
568,2570,2.071062
569,2571,2.071868
570,2571,2.071868
571,2592,2.088791
572,2575,2.075092
573,2575,2.075092
574,2559,2.062198
575,2575,2.075092
576,2575,2.075092
577,2571,2.071868
578,2575,2.075092
579,2570,2.071062
580,2571,2.071868
581,2570,2.071062
582,2571,2.071868
583,2571,2.071868
584,2554,2.058168
585,2568,2.069451
586,2579,2.078315
587,2570,2.071062
588,2575,2.075092
589,2575,2.075092
590,2575,2.075092
591,2559,2.062198
592,2571,2.071868
593,2571,2.071868
594,2579,2.078315
595,2568,2.069451
596,2571,2.071868
597,2571,2.071868
598,2555,2.058974
599,2570,2.071062
600,2571,2.071868
601,2584,2.082344
602,2584,2.082344
603,2579,2.078315
604,2568,2.069451
605,2584,2.082344
606,2571,2.071868
607,2579,2.078315
608,2592,2.088791
609,2579,2.078315
610,2586,2.083956
611,2592,2.088791
612,2570,2.071062
613,2586,2.083956
614,2579,2.078315
615,2575,2.075092
616,2592,2.088791
617,2575,2.075092
618,2571,2.071868
619,2579,2.078315
620,2575,2.075092
621,2570,2.071062
622,2584,2.082344
623,2571,2.071868
624,2571,2.071868
625,2568,2.069451
626,2570,2.071062
627,2571,2.071868
628,2575,2.075092
629,2594,2.090403
630,2592,2.088791
631,2584,2.082344
632,2579,2.078315
633,2592,2.088791
634,2592,2.088791
635,2592,2.088791
636,2584,2.082344
637,2600,2.095238
638,2579,2.078315
639,2592,2.088791
640,2592,2.088791
641,2594,2.090403
642,2592,2.088791
643,2592,2.088791
644,2592,2.088791
645,2592,2.088791
646,2592,2.088791
647,2592,2.088791
648,2586,2.083956
649,2571,2.071868
650,2571,2.071868
651,2571,2.071868
652,2575,2.075092
653,2592,2.088791
654,2592,2.088791
655,2578,2.077509
656,2594,2.090403
657,2579,2.078315
658,2594,2.090403
659,2584,2.082344
660,2600,2.095238
661,2595,2.091209
662,2579,2.078315
663,2592,2.088791
664,2586,2.083956
665,2584,2.082344
666,2570,2.071062
667,2584,2.082344
668,2584,2.082344
669,2571,2.071868
670,2584,2.082344
671,2594,2.090403
672,2592,2.088791
673,2595,2.091209
674,2592,2.088791
675,2592,2.088791
676,2579,2.078315
677,2584,2.082344
678,2586,2.083956
679,2575,2.075092
680,2592,2.088791
681,2600,2.095238
682,2575,2.075092
683,2575,2.075092
684,2579,2.078315
685,2600,2.095238
686,2586,2.083956
687,2579,2.078315
688,2584,2.082344
689,2592,2.088791
690,2592,2.088791
691,2579,2.078315
692,2584,2.082344
693,2584,2.082344
694,2592,2.088791
695,2592,2.088791
696,2594,2.090403
697,2592,2.088791
698,2592,2.088791
699,2584,2.082344
700,2595,2.091209
701,2594,2.090403
702,2607,2.100879
703,2602,2.096850
704,2602,2.096850
705,2584,2.082344
706,2603,2.097656
707,2603,2.097656
708,2618,2.109744
709,2616,2.108132
710,2607,2.100879
711,2600,2.095238
712,2603,2.097656
713,2616,2.108132
714,2603,2.097656
715,2603,2.097656
716,2600,2.095238
717,2602,2.096850
718,2611,2.104103
719,2595,2.091209
720,2603,2.097656
721,2603,2.097656
722,2603,2.097656
723,2602,2.096850
724,2611,2.104103
725,2602,2.096850
726,2607,2.100879
727,2603,2.097656
728,2603,2.097656
729,2600,2.095238
730,2603,2.097656
731,2616,2.108132
732,2607,2.100879
733,2619,2.110549
734,2611,2.104103
735,2607,2.100879
736,2619,2.110549
737,2603,2.097656
738,2603,2.097656
739,2603,2.097656
740,2600,2.095238
741,2602,2.096850
742,2594,2.090403
743,2595,2.091209
744,2595,2.091209
745,2584,2.082344
746,2603,2.097656
747,2592,2.088791
748,2600,2.095238
749,2618,2.109744
750,2618,2.109744
751,2602,2.096850
752,2594,2.090403
753,2603,2.097656
754,2603,2.097656
755,2602,2.096850
756,2603,2.097656
757,2607,2.100879
758,2616,2.108132
759,2607,2.100879
760,2607,2.100879
761,2616,2.108132
762,2618,2.109744
763,2616,2.108132
764,2626,2.116190
765,2616,2.108132
766,2619,2.110549
767,2616,2.108132
768,2611,2.104103
769,2595,2.091209
770,2595,2.091209
771,2618,2.109744
772,2607,2.100879
773,2600,2.095238
774,2603,2.097656
775,2603,2.097656
776,2603,2.097656
777,2602,2.096850
778,2600,2.095238
779,2607,2.100879
780,2594,2.090403
781,2616,2.108132
782,2603,2.097656
783,2618,2.109744
784,2619,2.110549
785,2611,2.104103
786,2607,2.100879
787,2618,2.109744
788,2618,2.109744
789,2607,2.100879
790,2611,2.104103
791,2624,2.114579
792,2619,2.110549
793,2607,2.100879
794,2607,2.100879
795,2626,2.116190
796,2626,2.116190
797,2618,2.109744
798,2632,2.121026
799,2619,2.110549
800,2616,2.108132
801,2634,2.122637
802,2624,2.114579
803,2618,2.109744
804,2619,2.110549
805,2619,2.110549
806,2616,2.108132
807,2616,2.108132
808,2611,2.104103
809,2607,2.100879
810,2616,2.108132
811,2603,2.097656
812,2611,2.104103
813,2611,2.104103
814,2619,2.110549
815,2618,2.109744
816,2626,2.116190
817,2618,2.109744
818,2611,2.104103
819,2618,2.109744
820,2626,2.116190
821,2619,2.110549
822,2627,2.116996
823,2626,2.116190
824,2632,2.121026
825,2634,2.122637
826,2635,2.123443
827,2634,2.122637
828,2632,2.121026
829,2634,2.122637
830,2648,2.133919
831,2643,2.129890
832,2626,2.116190
833,2639,2.126667
834,2634,2.122637
835,2658,2.141978
836,2632,2.121026
837,2635,2.123443
838,2648,2.133919
839,2632,2.121026
840,2643,2.129890
841,2639,2.126667
842,2635,2.123443
843,2648,2.133919
844,2635,2.123443
845,2664,2.146813
846,2656,2.140366
847,2659,2.142784
848,2664,2.146813
849,2656,2.140366
850,2656,2.140366
851,2658,2.141978
852,2635,2.123443
853,2656,2.140366
854,2648,2.133919
855,2656,2.140366
856,2635,2.123443
857,2656,2.140366
858,2643,2.129890
859,2639,2.126667
860,2656,2.140366
861,2648,2.133919
862,2656,2.140366
863,2639,2.126667
864,2648,2.133919
865,2650,2.135531
866,2643,2.129890
867,2635,2.123443
868,2635,2.123443
869,2635,2.123443
870,2643,2.129890
871,2634,2.122637
872,2634,2.122637
873,2634,2.122637
874,2635,2.123443
875,2635,2.123443
876,2648,2.133919
877,2619,2.110549
878,2626,2.116190
879,2639,2.126667
880,2626,2.116190
881,2627,2.116996
882,2634,2.122637
883,2635,2.123443
884,2634,2.122637
885,2648,2.133919
886,2635,2.123443
887,2635,2.123443
888,2648,2.133919
889,2626,2.116190
890,2639,2.126667
891,2639,2.126667
892,2635,2.123443
893,2635,2.123443
894,2648,2.133919
895,2639,2.126667
896,2658,2.141978
897,2635,2.123443
898,2643,2.129890
899,2666,2.148425
900,2656,2.140366
901,2656,2.140366
902,2634,2.122637
903,2639,2.126667
904,2635,2.123443
905,2656,2.140366
906,2643,2.129890
907,2639,2.126667
908,2643,2.129890
909,2658,2.141978
910,2656,2.140366
911,2643,2.129890
912,2639,2.126667
913,2656,2.140366
914,2635,2.123443
915,2650,2.135531
916,2656,2.140366
917,2656,2.140366
918,2656,2.140366
919,2659,2.142784
920,2659,2.142784
921,2643,2.129890
922,2658,2.141978
923,2656,2.140366
924,2648,2.133919
925,2656,2.140366
926,2656,2.140366
927,2656,2.140366
928,2650,2.135531
929,2650,2.135531
930,2643,2.129890
931,2643,2.129890
932,2664,2.146813
933,2658,2.141978
934,2658,2.141978
935,2667,2.149231
936,2656,2.140366
937,2680,2.159707
938,2656,2.140366
939,2648,2.133919
940,2664,2.146813
941,2639,2.126667
942,2643,2.129890
943,2656,2.140366
944,2656,2.140366
945,2667,2.149231
946,2658,2.141978
947,2659,2.142784
948,2666,2.148425
949,2667,2.149231
950,2667,2.149231
951,2667,2.149231
952,2667,2.149231
953,2656,2.140366
954,2659,2.142784
955,2659,2.142784
956,2666,2.148425
957,2666,2.148425
958,2658,2.141978
959,2659,2.142784
960,2667,2.149231
961,2656,2.140366
962,2656,2.140366
963,2666,2.148425
964,2658,2.141978
965,2664,2.146813
966,2656,2.140366
967,2666,2.148425
968,2667,2.149231
969,2659,2.142784
970,2656,2.140366
971,2666,2.148425
972,2658,2.141978
973,2659,2.142784
974,2659,2.142784
975,2682,2.161319
976,2667,2.149231
977,2680,2.159707
978,2680,2.159707
979,2658,2.141978
980,2666,2.148425
981,2666,2.148425
982,2658,2.141978
983,2667,2.149231
984,2664,2.146813
985,2687,2.165348
986,2683,2.162125
987,2667,2.149231
988,2683,2.162125
989,2671,2.152454
990,2683,2.162125
991,2675,2.155678
992,2683,2.162125
993,2682,2.161319
994,2667,2.149231
995,2683,2.162125
996,2687,2.165348
997,2683,2.162125
998,2671,2.152454
999,2682,2.161319
1000,2683,2.162125
1001,2687,2.165348
1002,2680,2.159707
1003,2682,2.161319
1004,2687,2.165348
1005,2682,2.161319
1006,2687,2.165348
1007,2675,2.155678
1008,2687,2.165348
1009,2687,2.165348
1010,2683,2.162125
1011,2675,2.155678
1012,2675,2.155678
1013,2682,2.161319
1014,2683,2.162125
1015,2687,2.165348
1016,2666,2.148425
1017,2671,2.152454
1018,2671,2.152454
1019,2667,2.149231
1020,2667,2.149231
1021,2671,2.152454
1022,2667,2.149231
1023,2675,2.155678
1024,2683,2.162125
1025,2682,2.161319
1026,2682,2.161319
1027,2699,2.175018
1028,2682,2.161319
1029,2680,2.159707
1030,2682,2.161319
1031,2683,2.162125
1032,2683,2.162125
1033,2683,2.162125
1034,2683,2.162125
1035,2680,2.159707
1036,2687,2.165348
1037,2683,2.162125
1038,2683,2.162125
1039,2699,2.175018
1040,2687,2.165348
1041,2698,2.174212
1042,2683,2.162125
1043,2699,2.175018
1044,2683,2.162125
1045,2687,2.165348
1046,2683,2.162125
1047,2680,2.159707
1048,2683,2.162125
1049,2682,2.161319
1050,2680,2.159707
1051,2682,2.161319
1052,2675,2.155678
1053,2683,2.162125
1054,2683,2.162125
1055,2687,2.165348
1056,2680,2.159707
1057,2687,2.165348
1058,2687,2.165348
1059,2698,2.174212
1060,2698,2.174212
1061,2699,2.175018
1062,2699,2.175018
1063,2698,2.174212
1064,2699,2.175018
1065,2698,2.174212
1066,2687,2.165348
1067,2683,2.162125
1068,2687,2.165348
1069,2696,2.172601
1070,2698,2.174212
1071,2696,2.172601
1072,2698,2.174212
1073,2687,2.165348
1074,2698,2.174212
1075,2707,2.181465
1076,2696,2.172601
1077,2699,2.175018
1078,2699,2.175018
1079,2698,2.174212
1080,2707,2.181465
1081,2699,2.175018
1082,2698,2.174212
1083,2706,2.180659
1084,2687,2.165348
1085,2699,2.175018
1086,2683,2.162125
1087,2699,2.175018
1088,2699,2.175018
1089,2699,2.175018
1090,2698,2.174212
1091,2703,2.178242
1092,2699,2.175018
1093,2703,2.178242
1094,2699,2.175018
1095,2687,2.165348
1096,2698,2.174212
1097,2703,2.178242
1098,2687,2.165348
1099,2698,2.174212
1100,2712,2.185495
1101,2699,2.175018
1102,2699,2.175018
1103,2696,2.172601
1104,2707,2.181465
1105,2699,2.175018
1106,2696,2.172601
1107,2712,2.185495
1108,2707,2.181465
1109,2698,2.174212
1110,2722,2.193553
1111,2699,2.175018
1112,2720,2.191941
1113,2720,2.191941
1114,2722,2.193553
1115,2707,2.181465
1116,2699,2.175018
1117,2712,2.185495
1118,2720,2.191941
1119,2712,2.185495
1120,2703,2.178242
1121,2699,2.175018
1122,2720,2.191941
1123,2699,2.175018
1124,2712,2.185495
1125,2699,2.175018
1126,2712,2.185495
1127,2707,2.181465
1128,2720,2.191941
1129,2703,2.178242
1130,2707,2.181465
1131,2714,2.187106
1132,2703,2.178242
1133,2722,2.193553
1134,2720,2.191941
1135,2720,2.191941
1136,2703,2.178242
1137,2720,2.191941
1138,2720,2.191941
1139,2703,2.178242
1140,2723,2.194359
1141,2723,2.194359
1142,2728,2.198388
1143,2720,2.191941
1144,2722,2.193553
1145,2722,2.193553
1146,2712,2.185495
1147,2728,2.198388
1148,2720,2.191941
1149,2730,2.200000
1150,2739,2.207253
1151,2720,2.191941
1152,2731,2.200806
1153,2728,2.198388
1154,2728,2.198388
1155,2731,2.200806
1156,2723,2.194359
1157,2728,2.198388
1158,2731,2.200806
1159,2728,2.198388
1160,2730,2.200000
1161,2723,2.194359
1162,2735,2.204029
1163,2720,2.191941
1164,2722,2.193553
1165,2731,2.200806
1166,2720,2.191941
1167,2731,2.200806
1168,2731,2.200806
1169,2728,2.198388
1170,2730,2.200000
1171,2723,2.194359
1172,2728,2.198388
1173,2723,2.194359
1174,2722,2.193553
1175,2722,2.193553
1176,2731,2.200806
1177,2722,2.193553
1178,2722,2.193553
1179,2730,2.200000
1180,2722,2.193553
1181,2722,2.193553
1182,2714,2.187106
1183,2730,2.200000
1184,2731,2.200806
1185,2730,2.200000
1186,2738,2.206447
1187,2720,2.191941
1188,2730,2.200000
1189,2730,2.200000
1190,2731,2.200806
1191,2744,2.211282
1192,2723,2.194359
1193,2744,2.211282
1194,2754,2.219341
1195,2731,2.200806
1196,2744,2.211282
1197,2723,2.194359
1198,2735,2.204029
1199,2731,2.200806
1200,2731,2.200806
1201,2730,2.200000
1202,2730,2.200000
1203,2720,2.191941
1204,2730,2.200000
1205,2728,2.198388
1206,2730,2.200000
1207,2744,2.211282
1208,2744,2.211282
1209,2731,2.200806
1210,2731,2.200806
1211,2731,2.200806
1212,2731,2.200806
1213,2739,2.207253
1214,2728,2.198388
1215,2739,2.207253
1216,2739,2.207253
1217,2752,2.217729
1218,2731,2.200806
1219,2747,2.213700
1220,2730,2.200000
1221,2730,2.200000
1222,2746,2.212894
1223,2735,2.204029
1224,2723,2.194359
1225,2731,2.200806
1226,2744,2.211282
1227,2744,2.211282
1228,2735,2.204029
1229,2747,2.213700
1230,2735,2.204029
1231,2746,2.212894
1232,2755,2.220147
1233,2754,2.219341
1234,2746,2.212894
1235,2746,2.212894
1236,2746,2.212894
1237,2744,2.211282
1238,2731,2.200806
1239,2746,2.212894
1240,2739,2.207253
1241,2747,2.213700
1242,2755,2.220147
1243,2746,2.212894
1244,2747,2.213700
1245,2752,2.217729
1246,2754,2.219341
1247,2760,2.224176
1248,2747,2.213700
1249,2746,2.212894
1250,2744,2.211282
1251,2747,2.213700
1252,2744,2.211282
1253,2754,2.219341
1254,2752,2.217729
1255,2752,2.217729
1256,2752,2.217729
1257,2739,2.207253
1258,2744,2.211282
1259,2747,2.213700
1260,2755,2.220147
1261,2760,2.224176
1262,2744,2.211282
1263,2731,2.200806
1264,2746,2.212894
1265,2755,2.220147
1266,2763,2.226593
1267,2762,2.225788
1268,2746,2.212894
1269,2755,2.220147
1270,2754,2.219341
1271,2763,2.226593
1272,2754,2.219341
1273,2755,2.220147
1274,2735,2.204029
1275,2755,2.220147
1276,2752,2.217729
1277,2746,2.212894
1278,2762,2.225788
1279,2746,2.212894
1280,2747,2.213700
1281,2754,2.219341
1282,2754,2.219341
1283,2754,2.219341
1284,2760,2.224176
1285,2747,2.213700
1286,2754,2.219341
1287,2752,2.217729
1288,2744,2.211282
1289,2755,2.220147
1290,2744,2.211282
1291,2767,2.229817
1292,2760,2.224176
1293,2754,2.219341
1294,2754,2.219341
1295,2754,2.219341
1296,2735,2.204029
1297,2755,2.220147
1298,2763,2.226593
1299,2747,2.213700
1300,2763,2.226593
1301,2763,2.226593
1302,2752,2.217729
1303,2762,2.225788
1304,2754,2.219341
1305,2763,2.226593
1306,2760,2.224176
1307,2763,2.226593
1308,2760,2.224176
1309,2760,2.224176
1310,2755,2.220147
1311,2755,2.220147
1312,2762,2.225788
1313,2776,2.237070
1314,2767,2.229817
1315,2784,2.243516
1316,2763,2.226593
1317,2760,2.224176
1318,2767,2.229817
1319,2776,2.237070
1320,2763,2.226593
1321,2776,2.237070
1322,2784,2.243516
1323,2784,2.243516
1324,2762,2.225788
1325,2767,2.229817
1326,2760,2.224176
1327,2763,2.226593
1328,2763,2.226593
1329,2776,2.237070
1330,2763,2.226593
1331,2767,2.229817
1332,2762,2.225788
1333,2754,2.219341
1334,2763,2.226593
1335,2755,2.220147
1336,2763,2.226593
1337,2762,2.225788
1338,2763,2.226593
1339,2784,2.243516
1340,2763,2.226593
1341,2763,2.226593
1342,2767,2.229817
1343,2763,2.226593
1344,2776,2.237070
1345,2763,2.226593
1346,2762,2.225788
1347,2754,2.219341
1348,2763,2.226593
1349,2763,2.226593
1350,2762,2.225788
1351,2762,2.225788
1352,2763,2.226593
1353,2763,2.226593
1354,2776,2.237070
1355,2771,2.233040
1356,2763,2.226593
1357,2776,2.237070
1358,2763,2.226593
1359,2778,2.238681
1360,2784,2.243516
1361,2762,2.225788
1362,2767,2.229817
1363,2771,2.233040
1364,2762,2.225788
1365,2763,2.226593
1366,2767,2.229817
1367,2763,2.226593
1368,2771,2.233040
1369,2763,2.226593
1370,2763,2.226593
1371,2754,2.219341
1372,2763,2.226593
1373,2760,2.224176
1374,2784,2.243516
1375,2778,2.238681
1376,2776,2.237070
1377,2763,2.226593
1378,2786,2.245128
1379,2784,2.243516
1380,2763,2.226593
1381,2767,2.229817
1382,2763,2.226593
1383,2763,2.226593
1384,2767,2.229817
1385,2763,2.226593
1386,2767,2.229817
1387,2760,2.224176
1388,2767,2.229817
1389,2771,2.233040
1390,2763,2.226593
1391,2754,2.219341
1392,2784,2.243516
1393,2763,2.226593
1394,2760,2.224176
1395,2762,2.225788
1396,2784,2.243516
1397,2762,2.225788
1398,2755,2.220147
1399,2778,2.238681
1400,2763,2.226593
1401,2786,2.245128
1402,2762,2.225788
1403,2776,2.237070
1404,2760,2.224176
1405,2763,2.226593
1406,2784,2.243516
1407,2763,2.226593
1408,2763,2.226593
1409,2776,2.237070
1410,2767,2.229817
1411,2763,2.226593
1412,2767,2.229817
1413,2762,2.225788
1414,2763,2.226593
1415,2763,2.226593
1416,2784,2.243516
1417,2763,2.226593
1418,2771,2.233040
1419,2767,2.229817
1420,2763,2.226593
1421,2776,2.237070
1422,2763,2.226593
1423,2776,2.237070
1424,2767,2.229817
1425,2763,2.226593
1426,2784,2.243516
1427,2763,2.226593
1428,2771,2.233040
1429,2771,2.233040
1430,2760,2.224176
1431,2784,2.243516
1432,2771,2.233040
1433,2763,2.226593
1434,2763,2.226593
1435,2767,2.229817
1436,2784,2.243516
1437,2763,2.226593
1438,2763,2.226593
1439,2763,2.226593
1440,2767,2.229817
1441,2767,2.229817
1442,2763,2.226593
1443,2771,2.233040
1444,2767,2.229817
1445,2762,2.225788
1446,2763,2.226593
1447,2762,2.225788
1448,2762,2.225788
1449,2767,2.229817
1450,2762,2.225788
1451,2762,2.225788
1452,2762,2.225788
1453,2754,2.219341
1454,2762,2.225788
1455,2771,2.233040
1456,2762,2.225788
1457,2767,2.229817
1458,2763,2.226593
1459,2762,2.225788
1460,2754,2.219341
1461,2767,2.229817
1462,2763,2.226593
1463,2755,2.220147
1464,2754,2.219341
1465,2760,2.224176
1466,2760,2.224176
1467,2754,2.219341
1468,2754,2.219341
1469,2754,2.219341
1470,2754,2.219341
1471,2760,2.224176
1472,2754,2.219341
1473,2762,2.225788
1474,2754,2.219341
1475,2746,2.212894
1476,2739,2.207253
1477,2755,2.220147
1478,2767,2.229817
1479,2752,2.217729
1480,2754,2.219341
1481,2755,2.220147
1482,2752,2.217729
1483,2746,2.212894
1484,2746,2.212894
1485,2760,2.224176
1486,2752,2.217729
1487,2752,2.217729
1488,2746,2.212894
1489,2739,2.207253
1490,2754,2.219341
1491,2746,2.212894
1492,2746,2.212894
1493,2752,2.217729
1494,2752,2.217729
1495,2752,2.217729
1496,2752,2.217729
1497,2746,2.212894
1498,2746,2.212894
1499,2752,2.217729
1500,2746,2.212894
1501,2744,2.211282
1502,2754,2.219341
1503,2754,2.219341
1504,2746,2.212894
1505,2755,2.220147
1506,2754,2.219341
1507,2752,2.217729
1508,2752,2.217729
1509,2735,2.204029
1510,2735,2.204029
1511,2760,2.224176
1512,2747,2.213700
1513,2744,2.211282
1514,2752,2.217729
1515,2744,2.211282
1516,2739,2.207253
1517,2744,2.211282
1518,2752,2.217729
1519,2746,2.212894
1520,2746,2.212894
1521,2730,2.200000
1522,2754,2.219341
1523,2739,2.207253
1524,2731,2.200806
1525,2722,2.193553
1526,2746,2.212894
1527,2752,2.217729
1528,2754,2.219341
1529,2735,2.204029
1530,2735,2.204029
1531,2746,2.212894
1532,2746,2.212894
1533,2735,2.204029
1534,2728,2.198388
1535,2746,2.212894
1536,2722,2.193553
1537,2730,2.200000
1538,2744,2.211282
1539,2744,2.211282
1540,2730,2.200000
1541,2739,2.207253
1542,2739,2.207253
1543,2731,2.200806
1544,2730,2.200000
1545,2735,2.204029
1546,2730,2.200000
1547,2739,2.207253
1548,2728,2.198388
1549,2731,2.200806
1550,2731,2.200806
1551,2728,2.198388
1552,2731,2.200806
1553,2731,2.200806
1554,2723,2.194359
1555,2730,2.200000
1556,2730,2.200000
1557,2738,2.206447
1558,2731,2.200806
1559,2720,2.191941
1560,2730,2.200000
1561,2714,2.187106
1562,2723,2.194359
1563,2720,2.191941
1564,2730,2.200000
1565,2735,2.204029
1566,2731,2.200806
1567,2728,2.198388
1568,2731,2.200806
1569,2723,2.194359
1570,2728,2.198388
1571,2730,2.200000
1572,2731,2.200806
1573,2723,2.194359
1574,2720,2.191941
1575,2730,2.200000
1576,2731,2.200806
1577,2735,2.204029
1578,2723,2.194359
1579,2722,2.193553
1580,2723,2.194359
1581,2722,2.193553
1582,2723,2.194359
1583,2731,2.200806
1584,2723,2.194359
1585,2728,2.198388
1586,2720,2.191941
1587,2707,2.181465
1588,2722,2.193553
1589,2720,2.191941
1590,2720,2.191941
1591,2706,2.180659
1592,2722,2.193553
1593,2722,2.193553
1594,2699,2.175018
1595,2720,2.191941
1596,2703,2.178242
1597,2720,2.191941
1598,2703,2.178242
1599,2722,2.193553
1600,2720,2.191941
1601,2699,2.175018
1602,2707,2.181465
1603,2720,2.191941
1604,2698,2.174212
1605,2720,2.191941
1606,2720,2.191941
1607,2698,2.174212
1608,2722,2.193553
1609,2720,2.191941
1610,2720,2.191941
1611,2723,2.194359
1612,2730,2.200000
1613,2728,2.198388
1614,2703,2.178242
1615,2703,2.178242
1616,2720,2.191941
1617,2720,2.191941
1618,2707,2.181465
1619,2703,2.178242
1620,2712,2.185495
1621,2720,2.191941
1622,2703,2.178242
1623,2714,2.187106
1624,2707,2.181465
1625,2720,2.191941
1626,2723,2.194359
1627,2720,2.191941
1628,2712,2.185495
1629,2703,2.178242
1630,2720,2.191941
1631,2703,2.178242
1632,2707,2.181465
1633,2722,2.193553
1634,2714,2.187106
1635,2720,2.191941
1636,2712,2.185495
1637,2720,2.191941
1638,2720,2.191941
1639,2712,2.185495
1640,2703,2.178242
1641,2699,2.175018
1642,2714,2.187106
1643,2720,2.191941
1644,2714,2.187106
1645,2707,2.181465
1646,2712,2.185495
1647,2728,2.198388
1648,2712,2.185495
1649,2707,2.181465
1650,2722,2.193553
1651,2720,2.191941
1652,2728,2.198388
1653,2720,2.191941
1654,2731,2.200806
1655,2728,2.198388
1656,2730,2.200000
1657,2722,2.193553
1658,2723,2.194359
1659,2731,2.200806
1660,2723,2.194359
1661,2739,2.207253
1662,2744,2.211282
1663,2739,2.207253
1664,2731,2.200806
1665,2744,2.211282
1666,2735,2.204029
1667,2730,2.200000
1668,2730,2.200000
1669,2731,2.200806
1670,2754,2.219341
1671,2735,2.204029
1672,2731,2.200806
1673,2739,2.207253
1674,2752,2.217729
1675,2735,2.204029
1676,2754,2.219341
1677,2735,2.204029
1678,2754,2.219341
1679,2752,2.217729
1680,2752,2.217729
1681,2752,2.217729
1682,2747,2.213700
1683,2755,2.220147
1684,2762,2.225788
1685,2771,2.233040
1686,2755,2.220147
1687,2763,2.226593
1688,2762,2.225788
1689,2752,2.217729
1690,2754,2.219341
1691,2784,2.243516
1692,2763,2.226593
1693,2784,2.243516
1694,2784,2.243516
1695,2786,2.245128
1696,2763,2.226593
1697,2767,2.229817
1698,2771,2.233040
1699,2784,2.243516
1700,2771,2.233040
1701,2786,2.245128
1702,2792,2.249963
1703,2792,2.249963
1704,2767,2.229817
1705,2792,2.249963
1706,2792,2.249963
1707,2794,2.251575
1708,2786,2.245128
1709,2787,2.245934
1710,2792,2.249963
1711,2792,2.249963
1712,2794,2.251575
1713,2803,2.258828
1714,2818,2.270916
1715,2795,2.252381
1716,2786,2.245128
1717,2787,2.245934
1718,2808,2.262857
1719,2799,2.255604
1720,2810,2.264469
1721,2808,2.262857
1722,2808,2.262857
1723,2799,2.255604
1724,2795,2.252381
1725,2803,2.258828
1726,2810,2.264469
1727,2811,2.265275
1728,2808,2.262857
1729,2803,2.258828
1730,2816,2.269304
1731,2819,2.271722
1732,2816,2.269304
1733,2799,2.255604
1734,2803,2.258828
1735,2810,2.264469
1736,2808,2.262857
1737,2811,2.265275
1738,2808,2.262857
1739,2824,2.275751
1740,2818,2.270916
1741,2816,2.269304
1742,2816,2.269304
1743,2827,2.278168
1744,2803,2.258828
1745,2826,2.277363
1746,2824,2.275751
1747,2819,2.271722
1748,2831,2.281392
1749,2819,2.271722
1750,2819,2.271722
1751,2819,2.271722
1752,2818,2.270916
1753,2816,2.269304
1754,2826,2.277363
1755,2824,2.275751
1756,2827,2.278168
1757,2831,2.281392
1758,2827,2.278168
1759,2818,2.270916
1760,2831,2.281392
1761,2818,2.270916
1762,2827,2.278168
1763,2827,2.278168
1764,2831,2.281392
1765,2827,2.278168
1766,2826,2.277363
1767,2831,2.281392
1768,2826,2.277363
1769,2831,2.281392
1770,2827,2.278168
1771,2835,2.284615
1772,2827,2.278168
1773,2827,2.278168
1774,2831,2.281392
1775,2826,2.277363
1776,2827,2.278168
1777,2819,2.271722
1778,2827,2.278168
1779,2831,2.281392
1780,2831,2.281392
1781,2827,2.278168
1782,2827,2.278168
1783,2827,2.278168
1784,2827,2.278168
1785,2827,2.278168
1786,2831,2.281392
1787,2827,2.278168
1788,2827,2.278168
1789,2826,2.277363
1790,2824,2.275751
1791,2827,2.278168
1792,2831,2.281392
1793,2826,2.277363
1794,2835,2.284615
1795,2840,2.288645
1796,2826,2.277363
1797,2831,2.281392
1798,2831,2.281392
1799,2826,2.277363
1800,2835,2.284615
1801,2835,2.284615
1802,2835,2.284615
1803,2835,2.284615
1804,2840,2.288645
1805,2827,2.278168
1806,2840,2.288645
1807,2835,2.284615
1808,2835,2.284615
1809,2819,2.271722
1810,2831,2.281392
1811,2831,2.281392
1812,2826,2.277363
1813,2831,2.281392
1814,2819,2.271722
1815,2827,2.278168
1816,2835,2.284615
1817,2827,2.278168
1818,2831,2.281392
1819,2840,2.288645
1820,2840,2.288645
1821,2827,2.278168
1822,2831,2.281392
1823,2827,2.278168
1824,2826,2.277363
1825,2826,2.277363
1826,2826,2.277363
1827,2827,2.278168
1828,2826,2.277363
1829,2827,2.278168
1830,2827,2.278168
1831,2826,2.277363
1832,2831,2.281392
1833,2827,2.278168
1834,2827,2.278168
1835,2831,2.281392
1836,2827,2.278168
1837,2819,2.271722
1838,2831,2.281392
1839,2824,2.275751
1840,2827,2.278168
1841,2826,2.277363
1842,2827,2.278168
1843,2826,2.277363
1844,2831,2.281392
1845,2827,2.278168
1846,2827,2.278168
1847,2818,2.270916
1848,2831,2.281392
1849,2826,2.277363
1850,2827,2.278168
1851,2831,2.281392
1852,2826,2.277363
1853,2818,2.270916
1854,2824,2.275751
1855,2827,2.278168
1856,2827,2.278168
1857,2818,2.270916
1858,2827,2.278168
1859,2827,2.278168
1860,2824,2.275751
1861,2826,2.277363
1862,2818,2.270916
1863,2818,2.270916
1864,2827,2.278168
1865,2824,2.275751
1866,2811,2.265275
1867,2826,2.277363
1868,2816,2.269304
1869,2819,2.271722
1870,2827,2.278168
1871,2827,2.278168
1872,2824,2.275751
1873,2819,2.271722
1874,2827,2.278168
1875,2824,2.275751
1876,2810,2.264469
1877,2827,2.278168
1878,2816,2.269304
1879,2818,2.270916
1880,2816,2.269304
1881,2818,2.270916
1882,2816,2.269304
1883,2826,2.277363
1884,2816,2.269304
1885,2827,2.278168
1886,2816,2.269304
1887,2810,2.264469
1888,2831,2.281392
1889,2824,2.275751
1890,2826,2.277363
1891,2826,2.277363
1892,2816,2.269304
1893,2819,2.271722
1894,2826,2.277363
1895,2824,2.275751
1896,2824,2.275751
1897,2824,2.275751
1898,2819,2.271722
1899,2824,2.275751
1900,2816,2.269304
1901,2818,2.270916
1902,2816,2.269304
1903,2811,2.265275
1904,2824,2.275751
1905,2818,2.270916
1906,2824,2.275751
1907,2827,2.278168
1908,2824,2.275751
1909,2827,2.278168
1910,2827,2.278168
1911,2826,2.277363
1912,2819,2.271722
1913,2826,2.277363
1914,2819,2.271722
1915,2818,2.270916
1916,2826,2.277363
1917,2826,2.277363
1918,2827,2.278168
1919,2826,2.277363
1920,2827,2.278168
1921,2824,2.275751
1922,2827,2.278168
1923,2840,2.288645
1924,2826,2.277363
1925,2827,2.278168
1926,2824,2.275751
1927,2826,2.277363
1928,2824,2.275751
1929,2827,2.278168
1930,2840,2.288645
1931,2831,2.281392
1932,2827,2.278168
1933,2827,2.278168
1934,2826,2.277363
1935,2835,2.284615
1936,2827,2.278168
1937,2824,2.275751
1938,2826,2.277363
1939,2827,2.278168
1940,2826,2.277363
1941,2824,2.275751
1942,2831,2.281392
1943,2840,2.288645
1944,2842,2.290256
1945,2842,2.290256
1946,2827,2.278168
1947,2827,2.278168
1948,2840,2.288645
1949,2848,2.295092
1950,2826,2.277363
1951,2850,2.296703
1952,2840,2.288645
1953,2831,2.281392
1954,2827,2.278168
1955,2848,2.295092
1956,2850,2.296703
1957,2848,2.295092
1958,2848,2.295092
1959,2827,2.278168
1960,2848,2.295092
1961,2827,2.278168
1962,2840,2.288645
1963,2858,2.303150
1964,2850,2.296703
1965,2848,2.295092
1966,2851,2.297509
1967,2848,2.295092
1968,2856,2.301538
1969,2850,2.296703
1970,2850,2.296703
1971,2831,2.281392
1972,2848,2.295092
1973,2850,2.296703
1974,2848,2.295092
1975,2856,2.301538
1976,2850,2.296703
1977,2850,2.296703
1978,2850,2.296703
1979,2848,2.295092
1980,2858,2.303150
1981,2858,2.303150
1982,2842,2.290256
1983,2859,2.303956
1984,2848,2.295092
1985,2856,2.301538
1986,2856,2.301538
1987,2850,2.296703
1988,2858,2.303150
1989,2850,2.296703
1990,2858,2.303150
1991,2858,2.303150
1992,2856,2.301538
1993,2859,2.303956
1994,2859,2.303956
1995,2859,2.303956
1996,2858,2.303150
1997,2848,2.295092
1998,2858,2.303150
1999,2848,2.295092
2000,2859,2.303956
2001,2858,2.303150
2002,2859,2.303956
2003,2859,2.303956
2004,2874,2.316044
2005,2863,2.307179
2006,2856,2.301538
2007,2858,2.303150
2008,2867,2.310403
2009,2859,2.303956
2010,2859,2.303956
2011,2863,2.307179
2012,2859,2.303956
2013,2859,2.303956
2014,2859,2.303956
2015,2872,2.314432
2016,2872,2.314432
2017,2867,2.310403
2018,2867,2.310403
2019,2863,2.307179
2020,2867,2.310403
2021,2874,2.316044
2022,2848,2.295092
2023,2874,2.316044
2024,2875,2.316850
2025,2858,2.303150
2026,2882,2.322491
2027,2888,2.327326
2028,2863,2.307179
2029,2863,2.307179
2030,2859,2.303956
2031,2863,2.307179
2032,2867,2.310403
2033,2874,2.316044
2034,2874,2.316044
2035,2874,2.316044
2036,2867,2.310403
2037,2875,2.316850
2038,2859,2.303956
2039,2872,2.314432
2040,2867,2.310403
2041,2880,2.320879
2042,2863,2.307179
2043,2874,2.316044
2044,2863,2.307179
2045,2875,2.316850
2046,2872,2.314432
2047,2872,2.314432
2048,2867,2.310403
2049,2872,2.314432
2050,2883,2.323297
2051,2875,2.316850
2052,2863,2.307179
2053,2872,2.314432
2054,2880,2.320879
2055,2859,2.303956
2056,2867,2.310403
2057,2859,2.303956
2058,2874,2.316044
2059,2872,2.314432
2060,2875,2.316850
2061,2859,2.303956
2062,2858,2.303150
2063,2874,2.316044
2064,2863,2.307179
2065,2863,2.307179
2066,2880,2.320879
2067,2863,2.307179
2068,2859,2.303956
2069,2859,2.303956
2070,2859,2.303956
2071,2875,2.316850
2072,2859,2.303956
2073,2859,2.303956
2074,2850,2.296703
2075,2859,2.303956
2076,2859,2.303956
2077,2859,2.303956
2078,2867,2.310403
2079,2859,2.303956
2080,2859,2.303956
2081,2858,2.303150
2082,2850,2.296703
2083,2859,2.303956
2084,2858,2.303150
2085,2859,2.303956
2086,2859,2.303956
2087,2859,2.303956
2088,2874,2.316044
2089,2863,2.307179
2090,2856,2.301538
2091,2851,2.297509
2092,2850,2.296703
2093,2859,2.303956
2094,2856,2.301538
2095,2858,2.303150
2096,2848,2.295092
2097,2859,2.303956
2098,2848,2.295092
2099,2850,2.296703
2100,2858,2.303150
2101,2848,2.295092
2102,2840,2.288645
2103,2858,2.303150
2104,2850,2.296703
2105,2851,2.297509
2106,2848,2.295092
2107,2848,2.295092
2108,2842,2.290256
2109,2850,2.296703
2110,2848,2.295092
2111,2851,2.297509
2112,2842,2.290256
2113,2848,2.295092
2114,2827,2.278168
2115,2835,2.284615
2116,2850,2.296703
2117,2827,2.278168
2118,2831,2.281392
2119,2848,2.295092
2120,2840,2.288645
2121,2835,2.284615
2122,2827,2.278168
2123,2851,2.297509
2124,2831,2.281392
2125,2824,2.275751
2126,2826,2.277363
2127,2840,2.288645
2128,2827,2.278168
2129,2827,2.278168
2130,2827,2.278168
2131,2827,2.278168
2132,2819,2.271722
2133,2818,2.270916
2134,2824,2.275751
2135,2826,2.277363
2136,2827,2.278168
2137,2818,2.270916
2138,2808,2.262857
2139,2826,2.277363
2140,2816,2.269304
2141,2826,2.277363
2142,2810,2.264469
2143,2818,2.270916
2144,2818,2.270916
2145,2811,2.265275
2146,2811,2.265275
2147,2808,2.262857
2148,2818,2.270916
2149,2795,2.252381
2150,2810,2.264469
2151,2808,2.262857
2152,2816,2.269304
2153,2808,2.262857
2154,2795,2.252381
2155,2811,2.265275
2156,2794,2.251575
2157,2810,2.264469
2158,2794,2.251575
2159,2810,2.264469
2160,2803,2.258828
2161,2810,2.264469
2162,2810,2.264469
2163,2799,2.255604
2164,2803,2.258828
2165,2794,2.251575
2166,2794,2.251575
2167,2810,2.264469
2168,2795,2.252381
2169,2786,2.245128
2170,2795,2.252381
2171,2808,2.262857
2172,2808,2.262857
2173,2824,2.275751
2174,2811,2.265275
2175,2799,2.255604
2176,2810,2.264469
2177,2816,2.269304
2178,2816,2.269304
2179,2808,2.262857
2180,2810,2.264469
2181,2824,2.275751
2182,2816,2.269304
2183,2824,2.275751
2184,2816,2.269304
2185,2803,2.258828
2186,2816,2.269304
2187,2816,2.269304
2188,2819,2.271722
2189,2819,2.271722
2190,2824,2.275751
2191,2827,2.278168
2192,2826,2.277363
2193,2831,2.281392
2194,2810,2.264469
2195,2827,2.278168
2196,2827,2.278168
2197,2827,2.278168
2198,2831,2.281392
2199,2827,2.278168
2200,2840,2.288645
2201,2831,2.281392
2202,2848,2.295092
2203,2848,2.295092
2204,2831,2.281392
2205,2840,2.288645
2206,2827,2.278168
2207,2850,2.296703
2208,2848,2.295092
2209,2848,2.295092
2210,2848,2.295092
2211,2848,2.295092
2212,2863,2.307179
2213,2858,2.303150
2214,2850,2.296703
2215,2856,2.301538
2216,2848,2.295092
2217,2859,2.303956
2218,2850,2.296703
2219,2858,2.303150
2220,2859,2.303956
2221,2859,2.303956
2222,2858,2.303150
2223,2858,2.303150
2224,2859,2.303956
2225,2874,2.316044
2226,2859,2.303956
2227,2863,2.307179
2228,2859,2.303956
2229,2872,2.314432
2230,2875,2.316850
2231,2863,2.307179
2232,2872,2.314432
2233,2863,2.307179
2234,2859,2.303956
2235,2867,2.310403
2236,2875,2.316850
2237,2882,2.322491
2238,2882,2.322491
2239,2880,2.320879
2240,2880,2.320879
2241,2880,2.320879
2242,2888,2.327326
2243,2875,2.316850
2244,2883,2.323297
2245,2880,2.320879
2246,2880,2.320879
2247,2883,2.323297
2248,2890,2.328938
2249,2882,2.322491
2250,2888,2.327326
2251,2890,2.328938
2252,2888,2.327326
2253,2888,2.327326
2254,2888,2.327326
2255,2891,2.329744
2256,2882,2.322491
2257,2895,2.332967
2258,2882,2.322491
2259,2888,2.327326
2260,2890,2.328938
2261,2891,2.329744
2262,2888,2.327326
2263,2890,2.328938
2264,2883,2.323297
2265,2875,2.316850
2266,2882,2.322491
2267,2891,2.329744
2268,2906,2.341832
2269,2890,2.328938
2270,2895,2.332967
2271,2888,2.327326
2272,2888,2.327326
2273,2890,2.328938
2274,2912,2.346667
2275,2895,2.332967
2276,2895,2.332967
2277,2891,2.329744
2278,2895,2.332967
2279,2890,2.328938
2280,2899,2.336190
2281,2904,2.340220
2282,2891,2.329744
2283,2890,2.328938
2284,2891,2.329744
2285,2891,2.329744
2286,2899,2.336190
2287,2891,2.329744
2288,2895,2.332967
2289,2895,2.332967
2290,2899,2.336190
2291,2883,2.323297
2292,2891,2.329744
2293,2912,2.346667
2294,2904,2.340220
2295,2891,2.329744
2296,2904,2.340220
2297,2912,2.346667
2298,2895,2.332967
2299,2912,2.346667
2300,2912,2.346667
2301,2891,2.329744
2302,2912,2.346667
2303,2899,2.336190
2304,2904,2.340220
2305,2904,2.340220
2306,2895,2.332967
2307,2899,2.336190
2308,2904,2.340220
2309,2912,2.346667
2310,2891,2.329744
2311,2891,2.329744
2312,2891,2.329744
2313,2895,2.332967
2314,2895,2.332967
2315,2895,2.332967
2316,2912,2.346667
2317,2895,2.332967
2318,2912,2.346667
2319,2912,2.346667
2320,2904,2.340220
2321,2912,2.346667
2322,2912,2.346667
2323,2912,2.346667
2324,2914,2.348278
2325,2895,2.332967
2326,2891,2.329744
2327,2899,2.336190
2328,2912,2.346667
2329,2891,2.329744
2330,2899,2.336190
2331,2912,2.346667
2332,2912,2.346667
2333,2912,2.346667
2334,2904,2.340220
2335,2895,2.332967
2336,2912,2.346667
2337,2912,2.346667
2338,2904,2.340220
2339,2912,2.346667
2340,2904,2.340220
2341,2904,2.340220
2342,2891,2.329744
2343,2891,2.329744
2344,2899,2.336190
2345,2912,2.346667
2346,2912,2.346667
2347,2914,2.348278
2348,2904,2.340220
2349,2904,2.340220
2350,2912,2.346667
2351,2912,2.346667
2352,2891,2.329744
2353,2912,2.346667
2354,2899,2.336190
2355,2912,2.346667
2356,2912,2.346667
2357,2904,2.340220
2358,2890,2.328938
2359,2912,2.346667
2360,2895,2.332967
2361,2914,2.348278
2362,2912,2.346667
2363,2904,2.340220
2364,2904,2.340220
2365,2895,2.332967
2366,2899,2.336190
2367,2912,2.346667
2368,2895,2.332967
2369,2895,2.332967
2370,2904,2.340220
2371,2906,2.341832
2372,2912,2.346667
2373,2895,2.332967
2374,2912,2.346667
2375,2895,2.332967
2376,2891,2.329744
2377,2912,2.346667
2378,2914,2.348278
2379,2912,2.346667
2380,2904,2.340220
2381,2899,2.336190
2382,2888,2.327326
2383,2912,2.346667
2384,2912,2.346667
2385,2912,2.346667
2386,2891,2.329744
2387,2914,2.348278
2388,2912,2.346667
2389,2912,2.346667
2390,2912,2.346667
2391,2912,2.346667
2392,2912,2.346667
2393,2914,2.348278
2394,2899,2.336190
2395,2912,2.346667
2396,2904,2.340220
2397,2906,2.341832
2398,2904,2.340220
2399,2891,2.329744
2400,2912,2.346667
2401,2895,2.332967
2402,2895,2.332967
2403,2895,2.332967
2404,2904,2.340220
2405,2904,2.340220
2406,2904,2.340220
2407,2895,2.332967
2408,2904,2.340220
2409,2895,2.332967
2410,2899,2.336190
2411,2912,2.346667
2412,2912,2.346667
2413,2906,2.341832
2414,2895,2.332967
2415,2891,2.329744
2416,2904,2.340220
2417,2891,2.329744
2418,2891,2.329744
2419,2904,2.340220
2420,2912,2.346667
2421,2895,2.332967
2422,2912,2.346667
2423,2914,2.348278
2424,2904,2.340220
2425,2912,2.346667
2426,2912,2.346667
2427,2912,2.346667
2428,2904,2.340220
2429,2904,2.340220
2430,2912,2.346667
2431,2912,2.346667
2432,2915,2.349084
2433,2904,2.340220
2434,2906,2.341832
2435,2912,2.346667
2436,2912,2.346667
2437,2904,2.340220
2438,2891,2.329744
2439,2904,2.340220
2440,2904,2.340220
2441,2895,2.332967
2442,2904,2.340220
2443,2912,2.346667
2444,2914,2.348278
2445,2891,2.329744
2446,2912,2.346667
2447,2912,2.346667
2448,2904,2.340220
2449,2912,2.346667
2450,2891,2.329744
2451,2895,2.332967
2452,2904,2.340220
2453,2904,2.340220
2454,2891,2.329744
2455,2912,2.346667
2456,2912,2.346667
2457,2914,2.348278
2458,2915,2.349084
2459,2904,2.340220
2460,2891,2.329744
2461,2914,2.348278
2462,2904,2.340220
2463,2899,2.336190
2464,2912,2.346667
2465,2915,2.349084
2466,2912,2.346667
2467,2904,2.340220
2468,2912,2.346667
2469,2912,2.346667
2470,2912,2.346667
2471,2914,2.348278
2472,2895,2.332967
2473,2899,2.336190
2474,2912,2.346667
2475,2920,2.353114
2476,2922,2.354725
2477,2912,2.346667
2478,2899,2.336190
2479,2912,2.346667
2480,2920,2.353114
2481,2920,2.353114
2482,2914,2.348278
2483,2904,2.340220
2484,2912,2.346667
2485,2891,2.329744
2486,2904,2.340220
2487,2912,2.346667
2488,2899,2.336190
2489,2915,2.349084
2490,2891,2.329744
2491,2914,2.348278
2492,2904,2.340220
2493,2912,2.346667
2494,2895,2.332967
2495,2912,2.346667
2496,2890,2.328938
2497,2904,2.340220
2498,2912,2.346667
2499,2904,2.340220
2500,2899,2.336190
2501,2912,2.346667
2502,2895,2.332967
2503,2906,2.341832
2504,2920,2.353114
2505,2912,2.346667
2506,2895,2.332967
2507,2890,2.328938
2508,2891,2.329744
2509,2912,2.346667
2510,2912,2.346667
2511,2912,2.346667
2512,2895,2.332967
2513,2914,2.348278
2514,2895,2.332967
2515,2912,2.346667
2516,2895,2.332967
2517,2912,2.346667
2518,2912,2.346667
2519,2912,2.346667
2520,2904,2.340220
2521,2912,2.346667
2522,2912,2.346667
2523,2891,2.329744
2524,2891,2.329744
2525,2891,2.329744
2526,2895,2.332967
2527,2891,2.329744
2528,2895,2.332967
2529,2899,2.336190
2530,2899,2.336190
2531,2906,2.341832
2532,2899,2.336190
2533,2904,2.340220
2534,2899,2.336190
2535,2890,2.328938
2536,2904,2.340220
2537,2891,2.329744
2538,2891,2.329744
2539,2891,2.329744
2540,2904,2.340220
2541,2891,2.329744
2542,2890,2.328938
2543,2912,2.346667
2544,2891,2.329744
2545,2895,2.332967
2546,2891,2.329744
2547,2891,2.329744
2548,2895,2.332967
2549,2912,2.346667
2550,2895,2.332967
2551,2891,2.329744
2552,2904,2.340220
2553,2891,2.329744
2554,2895,2.332967
2555,2895,2.332967
2556,2891,2.329744
2557,2895,2.332967
2558,2891,2.329744
2559,2883,2.323297
2560,2895,2.332967
2561,2891,2.329744
2562,2891,2.329744
2563,2891,2.329744
2564,2891,2.329744
2565,2890,2.328938
2566,2895,2.332967
2567,2891,2.329744
2568,2890,2.328938
2569,2891,2.329744
2570,2891,2.329744
2571,2890,2.328938
2572,2890,2.328938
2573,2890,2.328938
2574,2882,2.322491
2575,2882,2.322491
2576,2890,2.328938
2577,2891,2.329744
2578,2895,2.332967
2579,2891,2.329744
2580,2891,2.329744
2581,2888,2.327326
2582,2891,2.329744
2583,2882,2.322491
2584,2888,2.327326
2585,2890,2.328938
2586,2890,2.328938
2587,2883,2.323297
2588,2891,2.329744
2589,2891,2.329744
2590,2882,2.322491
2591,2875,2.316850
2592,2883,2.323297
2593,2891,2.329744
2594,2891,2.329744
2595,2888,2.327326
2596,2875,2.316850
2597,2890,2.328938
2598,2883,2.323297
2599,2891,2.329744
2600,2888,2.327326
2601,2882,2.322491
2602,2882,2.322491
2603,2875,2.316850
2604,2880,2.320879
2605,2888,2.327326
2606,2882,2.322491
2607,2875,2.316850
2608,2874,2.316044
2609,2882,2.322491
2610,2883,2.323297
2611,2882,2.322491
2612,2880,2.320879
2613,2874,2.316044
2614,2875,2.316850
2615,2880,2.320879
2616,2875,2.316850
2617,2863,2.307179
2618,2874,2.316044
2619,2867,2.310403
2620,2872,2.314432
2621,2859,2.303956
2622,2859,2.303956
2623,2874,2.316044
2624,2863,2.307179
2625,2882,2.322491
2626,2872,2.314432
2627,2874,2.316044
2628,2874,2.316044
2629,2875,2.316850
2630,2863,2.307179
2631,2859,2.303956
2632,2859,2.303956
2633,2859,2.303956
2634,2859,2.303956
2635,2875,2.316850
2636,2858,2.303150
2637,2863,2.307179
2638,2874,2.316044
2639,2858,2.303150
2640,2875,2.316850
2641,2850,2.296703
2642,2859,2.303956
2643,2858,2.303150
2644,2863,2.307179
2645,2858,2.303150
2646,2858,2.303150
2647,2859,2.303956
2648,2859,2.303956
2649,2856,2.301538
2650,2858,2.303150
2651,2858,2.303150
2652,2858,2.303150
2653,2859,2.303956
2654,2856,2.301538
2655,2859,2.303956
2656,2856,2.301538
2657,2856,2.301538
2658,2848,2.295092
2659,2850,2.296703
2660,2850,2.296703
2661,2856,2.301538
2662,2848,2.295092
2663,2851,2.297509
2664,2848,2.295092
2665,2827,2.278168
2666,2840,2.288645
2667,2827,2.278168
2668,2856,2.301538
2669,2851,2.297509
2670,2850,2.296703
2671,2848,2.295092
2672,2831,2.281392
2673,2827,2.278168
2674,2831,2.281392
2675,2831,2.281392
2676,2850,2.296703
2677,2848,2.295092
2678,2831,2.281392
2679,2827,2.278168
2680,2827,2.278168
2681,2848,2.295092
2682,2827,2.278168
2683,2827,2.278168
2684,2827,2.278168
2685,2827,2.278168
2686,2818,2.270916
2687,2816,2.269304
2688,2827,2.278168
2689,2827,2.278168
2690,2826,2.277363
2691,2819,2.271722
2692,2818,2.270916
2693,2810,2.264469
2694,2819,2.271722
2695,2816,2.269304
2696,2816,2.269304
2697,2827,2.278168
2698,2816,2.269304
2699,2810,2.264469
2700,2811,2.265275
2701,2810,2.264469
2702,2808,2.262857
2703,2808,2.262857
2704,2810,2.264469
2705,2799,2.255604
2706,2808,2.262857
2707,2803,2.258828
2708,2816,2.269304
2709,2803,2.258828
2710,2799,2.255604
2711,2794,2.251575
2712,2795,2.252381
2713,2794,2.251575
2714,2795,2.252381
2715,2795,2.252381
2716,2794,2.251575
2717,2792,2.249963
2718,2795,2.252381
2719,2794,2.251575
2720,2792,2.249963
2721,2784,2.243516
2722,2794,2.251575
2723,2771,2.233040
2724,2784,2.243516
2725,2786,2.245128
2726,2784,2.243516
2727,2786,2.245128
2728,2778,2.238681
2729,2784,2.243516
2730,2771,2.233040
2731,2767,2.229817
2732,2784,2.243516
2733,2763,2.226593
2734,2784,2.243516
2735,2767,2.229817
2736,2776,2.237070
2737,2763,2.226593
2738,2763,2.226593
2739,2771,2.233040
2740,2767,2.229817
2741,2763,2.226593
2742,2767,2.229817
2743,2767,2.229817
2744,2747,2.213700
2745,2746,2.212894
2746,2752,2.217729
2747,2754,2.219341
2748,2755,2.220147
2749,2760,2.224176
2750,2755,2.220147
2751,2760,2.224176
2752,2744,2.211282
2753,2746,2.212894
2754,2735,2.204029
2755,2752,2.217729
2756,2735,2.204029
2757,2739,2.207253
2758,2739,2.207253
2759,2731,2.200806
2760,2735,2.204029
2761,2730,2.200000
2762,2731,2.200806
2763,2731,2.200806
2764,2723,2.194359
2765,2731,2.200806
2766,2731,2.200806
2767,2722,2.193553
2768,2731,2.200806
2769,2712,2.185495
2770,2723,2.194359
2771,2720,2.191941
2772,2720,2.191941
2773,2731,2.200806
2774,2712,2.185495
2775,2720,2.191941
2776,2703,2.178242
2777,2707,2.181465
2778,2712,2.185495
2779,2720,2.191941
2780,2699,2.175018
2781,2699,2.175018
2782,2703,2.178242
2783,2699,2.175018
2784,2687,2.165348
2785,2699,2.175018
2786,2699,2.175018
2787,2683,2.162125
2788,2698,2.174212
2789,2696,2.172601
2790,2699,2.175018
2791,2683,2.162125
2792,2698,2.174212
2793,2699,2.175018
2794,2698,2.174212
2795,2687,2.165348
2796,2682,2.161319
2797,2675,2.155678
2798,2671,2.152454
2799,2666,2.148425
2800,2659,2.142784
2801,2658,2.141978
2802,2658,2.141978
2803,2656,2.140366
2804,2659,2.142784
2805,2659,2.142784
2806,2658,2.141978
2807,2656,2.140366
2808,2656,2.140366
2809,2664,2.146813
2810,2648,2.133919
2811,2658,2.141978
2812,2639,2.126667
2813,2634,2.122637
2814,2648,2.133919
2815,2635,2.123443
2816,2634,2.122637
2817,2635,2.123443
2818,2627,2.116996
2819,2635,2.123443
2820,2634,2.122637
2821,2634,2.122637
2822,2627,2.116996
2823,2632,2.121026
2824,2607,2.100879
2825,2618,2.109744
2826,2616,2.108132
2827,2619,2.110549
2828,2611,2.104103
2829,2618,2.109744
2830,2626,2.116190
2831,2600,2.095238
2832,2600,2.095238
2833,2603,2.097656
2834,2600,2.095238
2835,2594,2.090403
2836,2595,2.091209
2837,2592,2.088791
2838,2592,2.088791
2839,2592,2.088791
2840,2571,2.071868
2841,2592,2.088791
2842,2592,2.088791
2843,2594,2.090403
2844,2592,2.088791
2845,2594,2.090403
2846,2586,2.083956
2847,2570,2.071062
2848,2584,2.082344
2849,2579,2.078315
2850,2559,2.062198
2851,2568,2.069451
2852,2575,2.075092
2853,2570,2.071062
2854,2555,2.058974
2855,2543,2.049304
2856,2536,2.043663
2857,2555,2.058974
2858,2559,2.062198
2859,2554,2.058168
2860,2547,2.052527
2861,2552,2.056557
2862,2543,2.049304
2863,2552,2.056557
2864,2552,2.056557
2865,2555,2.058974
2866,2530,2.038828
2867,2530,2.038828
2868,2528,2.037216
2869,2528,2.037216
2870,2539,2.046081
2871,2547,2.052527
2872,2531,2.039634
2873,2528,2.037216
2874,2528,2.037216
2875,2538,2.045275
2876,2531,2.039634
2877,2528,2.037216
2878,2528,2.037216
2879,2528,2.037216
2880,2528,2.037216
2881,2528,2.037216
2882,2522,2.032381
2883,2530,2.038828
2884,2511,2.023516
2885,2490,2.006593
2886,2511,2.023516
2887,2507,2.020293
2888,2496,2.011429
2889,2491,2.007399
2890,2507,2.020293
2891,2488,2.004982
2892,2488,2.004982
2893,2504,2.017875
2894,2498,2.013040
2895,2507,2.020293
2896,2488,2.004982
2897,2504,2.017875
2898,2490,2.006593
2899,2496,2.011429
2900,2474,1.993700
2901,2475,1.994505
2902,2474,1.993700
2903,2488,2.004982
2904,2472,1.992088
2905,2474,1.993700
2906,2474,1.993700
2907,2467,1.988059
2908,2466,1.987253
2909,2467,1.988059
2910,2467,1.988059
2911,2474,1.993700
2912,2456,1.979194
2913,2456,1.979194
2914,2472,1.992088
2915,2479,1.997729
2916,2467,1.988059
2917,2464,1.985641
2918,2464,1.985641
2919,2464,1.985641
2920,2447,1.971941
2921,2464,1.985641
2922,2456,1.979194
2923,2458,1.980806
2924,2451,1.975165
2925,2427,1.955824
2926,2427,1.955824
2927,2435,1.962271
2928,2451,1.975165
2929,2443,1.968718
2930,2443,1.968718
2931,2440,1.966300
2932,2440,1.966300
2933,2458,1.980806
2934,2442,1.967912
2935,2424,1.953407
2936,2440,1.966300
2937,2434,1.961465
2938,2440,1.966300
2939,2443,1.968718
2940,2431,1.959048
2941,2443,1.968718
2942,2443,1.968718
2943,2427,1.955824
2944,2419,1.949377
2945,2431,1.959048
2946,2410,1.942125
2947,2419,1.949377
2948,2411,1.942930
2949,2411,1.942930
2950,2427,1.955824
2951,2419,1.949377
2952,2400,1.934066
2953,2415,1.946154
2954,2419,1.949377
2955,2440,1.966300
2956,2424,1.953407
2957,2394,1.929231
2958,2411,1.942930
2959,2424,1.953407
2960,2411,1.942930
2961,2427,1.955824
2962,2411,1.942930
2963,2415,1.946154
2964,2403,1.936484
2965,2408,1.940513
2966,2411,1.942930
2967,2410,1.942125
2968,2400,1.934066
2969,2400,1.934066
2970,2387,1.923590
2971,2400,1.934066
2972,2411,1.942930
2973,2424,1.953407
2974,2403,1.936484
2975,2424,1.953407
2976,2410,1.942125
2977,2410,1.942125
2978,2408,1.940513
2979,2392,1.927619
2980,2394,1.929231
2981,2400,1.934066
2982,2379,1.917143
2983,2379,1.917143
2984,2400,1.934066
2985,2379,1.917143
2986,2379,1.917143
2987,2383,1.920366
2988,2400,1.934066
2989,2403,1.936484
2990,2400,1.934066
2991,2370,1.909890
2992,2378,1.916337
2993,2383,1.920366
2994,2379,1.917143
2995,2379,1.917143
2996,2371,1.910696
2997,2378,1.916337
2998,2378,1.916337
2999,2368,1.908278
3000,2363,1.904249
3001,2363,1.904249
3002,2376,1.914725
3003,2383,1.920366
3004,2370,1.909890
3005,2370,1.909890
3006,2351,1.894579
3007,2370,1.909890
3008,2378,1.916337
3009,2368,1.908278
3010,2363,1.904249
3011,2355,1.897802
3012,2368,1.908278
3013,2360,1.901832
3014,2360,1.901832
3015,2355,1.897802
3016,2371,1.910696
3017,2370,1.909890
3018,2363,1.904249
3019,2363,1.904249
3020,2351,1.894579
3021,2376,1.914725
3022,2347,1.891355
3023,2355,1.897802
3024,2351,1.894579
3025,2351,1.894579
3026,2347,1.891355
3027,2347,1.891355
3028,2355,1.897802
3029,2363,1.904249
3030,2351,1.894579
3031,2338,1.884103
3032,2346,1.890549
3033,2336,1.882491
3034,2346,1.890549
3035,2351,1.894579
3036,2351,1.894579
3037,2354,1.896996
3038,2328,1.876044
3039,2339,1.884908
3040,2338,1.884103
3041,2330,1.877656
3042,2330,1.877656
3043,2336,1.882491
3044,2338,1.884103
3045,2339,1.884908
3046,2330,1.877656
3047,2328,1.876044
3048,2339,1.884908
3049,2338,1.884103
3050,2344,1.888938
3051,2339,1.884908
3052,2344,1.888938
3053,2344,1.888938
3054,2346,1.890549
3055,2328,1.876044
3056,2330,1.877656
3057,2328,1.876044
3058,2307,1.859121
3059,2312,1.863150
3060,2323,1.872015
3061,2314,1.864762
3062,2312,1.863150
3063,2312,1.863150
3064,2312,1.863150
3065,2319,1.868791
3066,2299,1.852674
3067,2303,1.855897
3068,2312,1.863150
3069,2299,1.852674
3070,2319,1.868791
3071,2328,1.876044
3072,2328,1.876044
3073,2338,1.884103
3074,2330,1.877656
3075,2336,1.882491
3076,2346,1.890549
3077,2336,1.882491
3078,2336,1.882491
3079,2323,1.872015
3080,2323,1.872015
3081,2315,1.865568
3082,2315,1.865568
3083,2307,1.859121
3084,2315,1.865568
3085,2315,1.865568
3086,2336,1.882491
3087,2346,1.890549
3088,2347,1.891355
3089,2346,1.890549
3090,2339,1.884908
3091,2328,1.876044
3092,2338,1.884103
3093,2319,1.868791
3094,2315,1.865568
3095,2315,1.865568
3096,2299,1.852674
3097,2314,1.864762
3098,2299,1.852674
3099,2291,1.846227
3100,2303,1.855897
3101,2298,1.851868
3102,2283,1.839780
3103,2298,1.851868
3104,2287,1.843004
3105,2296,1.850256
3106,2298,1.851868
3107,2296,1.850256
3108,2282,1.838974
3109,2299,1.852674
3110,2291,1.846227
3111,2283,1.839780
3112,2283,1.839780
3113,2272,1.830916
3114,2291,1.846227
3115,2282,1.838974
3116,2291,1.846227
3117,2296,1.850256
3118,2291,1.846227
3119,2298,1.851868
3120,2282,1.838974
3121,2291,1.846227
3122,2296,1.850256
3123,2280,1.837363
3124,2287,1.843004
3125,2272,1.830916
3126,2283,1.839780
3127,2280,1.837363
3128,2283,1.839780
3129,2283,1.839780
3130,2274,1.832527
3131,2287,1.843004
3132,2291,1.846227
3133,2274,1.832527
3134,2290,1.845421
3135,2282,1.838974
3136,2287,1.843004
3137,2283,1.839780
3138,2283,1.839780
3139,2282,1.838974
3140,2291,1.846227
3141,2291,1.846227
3142,2275,1.833333
3143,2291,1.846227
3144,2280,1.837363
3145,2272,1.830916
3146,2272,1.830916
3147,2255,1.817216
3148,2258,1.819634
3149,2272,1.830916
3150,2259,1.820440
3151,2259,1.820440
3152,2272,1.830916
3153,2266,1.826081
3154,2272,1.830916
3155,2272,1.830916
3156,2272,1.830916
3157,2274,1.832527
3158,2275,1.833333
3159,2272,1.830916
3160,2274,1.832527
3161,2275,1.833333
3162,2259,1.820440
3163,2264,1.824469
3164,2255,1.817216
3165,2264,1.824469
3166,2255,1.817216
3167,2251,1.813993
3168,2251,1.813993
3169,2251,1.813993
3170,2242,1.806740
3171,2259,1.820440
3172,2255,1.817216
3173,2250,1.813187
3174,2243,1.807546
3175,2243,1.807546
3176,2255,1.817216
3177,2259,1.820440
3178,2259,1.820440
3179,2266,1.826081
3180,2251,1.813993
3181,2243,1.807546
3182,2248,1.811575
3183,2250,1.813187
3184,2242,1.806740
3185,2248,1.811575
3186,2248,1.811575
3187,2251,1.813993
3188,2250,1.813187
3189,2243,1.807546
3190,2251,1.813993
3191,2250,1.813187
3192,2248,1.811575
3193,2242,1.806740
3194,2251,1.813993
3195,2248,1.811575
3196,2250,1.813187
3197,2251,1.813993
3198,2248,1.811575
3199,2240,1.805128
3200,2250,1.813187
3201,2255,1.817216
3202,2248,1.811575
3203,2250,1.813187
3204,2251,1.813993
3205,2248,1.811575
3206,2251,1.813993
3207,2243,1.807546
3208,2240,1.805128
3209,2251,1.813993
3210,2243,1.807546
3211,2243,1.807546
3212,2248,1.811575
3213,2232,1.798681
3214,2242,1.806740
3215,2232,1.798681
3216,2250,1.813187
3217,2243,1.807546
3218,2227,1.794652
3219,2242,1.806740
3220,2223,1.791429
3221,2248,1.811575
3222,2248,1.811575
3223,2234,1.800293
3224,2234,1.800293
3225,2218,1.787399
3226,2227,1.794652
3227,2240,1.805128
3228,2227,1.794652
3229,2235,1.801099
3230,2227,1.794652
3231,2234,1.800293
3232,2219,1.788205
3233,2219,1.788205
3234,2223,1.791429
3235,2232,1.798681
3236,2219,1.788205
3237,2232,1.798681
3238,2227,1.794652
3239,2232,1.798681
3240,2235,1.801099
3241,2219,1.788205
3242,2227,1.794652
3243,2223,1.791429
3244,2240,1.805128
3245,2234,1.800293
3246,2240,1.805128
3247,2235,1.801099
3248,2234,1.800293
3249,2218,1.787399
3250,2219,1.788205
3251,2219,1.788205
3252,2232,1.798681
3253,2235,1.801099
3254,2232,1.798681
3255,2234,1.800293
3256,2211,1.781758
3257,2219,1.788205
3258,2227,1.794652
3259,2216,1.785788
3260,2232,1.798681
3261,2218,1.787399
3262,2232,1.798681
3263,2234,1.800293
3264,2216,1.785788
3265,2242,1.806740
3266,2223,1.791429
3267,2219,1.788205
3268,2227,1.794652
3269,2223,1.791429
3270,2210,1.780952
3271,2232,1.798681
3272,2223,1.791429
3273,2232,1.798681
3274,2226,1.793846
3275,2219,1.788205
3276,2226,1.793846
3277,2216,1.785788
3278,2219,1.788205
3279,2208,1.779341
3280,2223,1.791429
3281,2218,1.787399
3282,2227,1.794652
3283,2227,1.794652
3284,2210,1.780952
3285,2219,1.788205
3286,2223,1.791429
3287,2210,1.780952
3288,2219,1.788205
3289,2208,1.779341
3290,2219,1.788205
3291,2210,1.780952
3292,2210,1.780952
3293,2210,1.780952
3294,2216,1.785788
3295,2208,1.779341
3296,2216,1.785788
3297,2219,1.788205
3298,2216,1.785788
3299,2216,1.785788
3300,2202,1.774505
3301,2216,1.785788
3302,2223,1.791429
3303,2211,1.781758
3304,2227,1.794652
3305,2232,1.798681
3306,2211,1.781758
3307,2208,1.779341
3308,2211,1.781758
3309,2211,1.781758
3310,2211,1.781758
3311,2219,1.788205
3312,2208,1.779341
3313,2223,1.791429
3314,2216,1.785788
3315,2211,1.781758
3316,2219,1.788205
3317,2208,1.779341
3318,2219,1.788205
3319,2219,1.788205
3320,2216,1.785788
3321,2211,1.781758
3322,2208,1.779341
3323,2211,1.781758
3324,2216,1.785788
3325,2223,1.791429
3326,2211,1.781758
3327,2223,1.791429
3328,2211,1.781758
3329,2211,1.781758
3330,2218,1.787399
3331,2211,1.781758
3332,2216,1.785788
3333,2226,1.793846
3334,2211,1.781758
3335,2211,1.781758
3336,2227,1.794652
3337,2223,1.791429
3338,2219,1.788205
3339,2218,1.787399
3340,2211,1.781758
3341,2208,1.779341
3342,2234,1.800293
3343,2208,1.779341
3344,2216,1.785788
3345,2218,1.787399
3346,2218,1.787399
3347,2211,1.781758
3348,2218,1.787399
3349,2208,1.779341
3350,2208,1.779341
3351,2219,1.788205
3352,2216,1.785788
3353,2216,1.785788
3354,2219,1.788205
3355,2208,1.779341
3356,2219,1.788205
3357,2211,1.781758
3358,2218,1.787399
3359,2208,1.779341
3360,2187,1.762418
3361,2211,1.781758
3362,2223,1.791429
3363,2208,1.779341
3364,2208,1.779341
3365,2210,1.780952
3366,2219,1.788205
3367,2202,1.774505
3368,2216,1.785788
3369,2211,1.781758
3370,2210,1.780952
3371,2210,1.780952
3372,2216,1.785788
3373,2219,1.788205
3374,2208,1.779341
3375,2210,1.780952
3376,2210,1.780952
3377,2210,1.780952
3378,2208,1.779341
3379,2211,1.781758
3380,2210,1.780952
3381,2208,1.779341
3382,2210,1.780952
3383,2195,1.768864
3384,2195,1.768864
3385,2218,1.787399
3386,2195,1.768864
3387,2195,1.768864
3388,2202,1.774505
3389,2208,1.779341
3390,2195,1.768864
3391,2195,1.768864
3392,2216,1.785788
3393,2200,1.772894
3394,2208,1.779341
3395,2200,1.772894
3396,2208,1.779341
3397,2211,1.781758
3398,2202,1.774505
3399,2216,1.785788
3400,2208,1.779341
3401,2208,1.779341
3402,2187,1.762418
3403,2210,1.780952
3404,2202,1.774505
3405,2200,1.772894
3406,2210,1.780952
3407,2216,1.785788
3408,2208,1.779341
3409,2210,1.780952
3410,2211,1.781758
3411,2208,1.779341
3412,2211,1.781758
3413,2210,1.780952
3414,2211,1.781758
3415,2208,1.779341
3416,2200,1.772894
3417,2208,1.779341
3418,2191,1.765641
3419,2211,1.781758
3420,2216,1.785788
3421,2210,1.780952
3422,2208,1.779341
3423,2208,1.779341
3424,2210,1.780952
3425,2191,1.765641
3426,2200,1.772894
3427,2208,1.779341
3428,2211,1.781758
3429,2211,1.781758
3430,2216,1.785788
3431,2194,1.768059
3432,2219,1.788205
3433,2216,1.785788
3434,2208,1.779341
3435,2208,1.779341
3436,2211,1.781758
3437,2200,1.772894
3438,2218,1.787399
3439,2191,1.765641
3440,2208,1.779341
3441,2218,1.787399
3442,2210,1.780952
3443,2219,1.788205
3444,2216,1.785788
3445,2210,1.780952
3446,2216,1.785788
3447,2208,1.779341
3448,2219,1.788205
3449,2195,1.768864
3450,2210,1.780952
3451,2210,1.780952
3452,2211,1.781758
3453,2232,1.798681
3454,2219,1.788205
3455,2216,1.785788
3456,2216,1.785788
3457,2211,1.781758
3458,2219,1.788205
3459,2227,1.794652
3460,2219,1.788205
3461,2208,1.779341
3462,2216,1.785788
3463,2219,1.788205
3464,2232,1.798681
3465,2227,1.794652
3466,2218,1.787399
3467,2218,1.787399
3468,2219,1.788205
3469,2227,1.794652
3470,2219,1.788205
3471,2218,1.787399
3472,2227,1.794652
3473,2223,1.791429
3474,2219,1.788205
3475,2219,1.788205
3476,2234,1.800293
3477,2218,1.787399
3478,2216,1.785788
3479,2223,1.791429
3480,2227,1.794652
3481,2223,1.791429
3482,2234,1.800293
3483,2227,1.794652
3484,2227,1.794652
3485,2227,1.794652
3486,2218,1.787399
3487,2227,1.794652
3488,2227,1.794652
3489,2223,1.791429
3490,2234,1.800293
3491,2234,1.800293
3492,2219,1.788205
3493,2219,1.788205
3494,2227,1.794652
3495,2234,1.800293
3496,2227,1.794652
3497,2240,1.805128
3498,2235,1.801099
3499,2240,1.805128
3500,2234,1.800293
3501,2235,1.801099
3502,2235,1.801099
3503,2235,1.801099
3504,2234,1.800293
3505,2234,1.800293
3506,2235,1.801099
3507,2234,1.800293
3508,2242,1.806740
3509,2243,1.807546
3510,2223,1.791429
3511,2242,1.806740
3512,2242,1.806740
3513,2255,1.817216
3514,2242,1.806740
3515,2250,1.813187
3516,2235,1.801099
3517,2242,1.806740
3518,2240,1.805128
3519,2234,1.800293
3520,2243,1.807546
3521,2255,1.817216
3522,2264,1.824469
3523,2251,1.813993
3524,2251,1.813993
3525,2248,1.811575
3526,2248,1.811575
3527,2255,1.817216
3528,2264,1.824469
3529,2243,1.807546
3530,2264,1.824469
3531,2255,1.817216
3532,2248,1.811575
3533,2259,1.820440
3534,2250,1.813187
3535,2255,1.817216
3536,2259,1.820440
3537,2259,1.820440
3538,2264,1.824469
3539,2272,1.830916
3540,2251,1.813993
3541,2255,1.817216
3542,2266,1.826081
3543,2259,1.820440
3544,2274,1.832527
3545,2272,1.830916
3546,2274,1.832527
3547,2282,1.838974
3548,2275,1.833333
3549,2274,1.832527
3550,2272,1.830916
3551,2272,1.830916
3552,2275,1.833333
3553,2283,1.839780
3554,2283,1.839780
3555,2280,1.837363
3556,2274,1.832527
3557,2282,1.838974
3558,2283,1.839780
3559,2287,1.843004
3560,2282,1.838974
3561,2296,1.850256
3562,2291,1.846227
3563,2298,1.851868
3564,2299,1.852674
3565,2303,1.855897
3566,2303,1.855897
3567,2303,1.855897
3568,2299,1.852674
3569,2299,1.852674
3570,2314,1.864762
3571,2315,1.865568
3572,2319,1.868791
3573,2299,1.852674
3574,2314,1.864762
3575,2319,1.868791
3576,2319,1.868791
3577,2314,1.864762
3578,2328,1.876044
3579,2323,1.872015
3580,2315,1.865568
3581,2336,1.882491
3582,2315,1.865568
3583,2330,1.877656
3584,2323,1.872015
3585,2336,1.882491
3586,2336,1.882491
3587,2338,1.884103
3588,2339,1.884908
3589,2346,1.890549
3590,2346,1.890549
3591,2344,1.888938
3592,2346,1.890549
3593,2347,1.891355
3594,2354,1.896996
3595,2363,1.904249
3596,2347,1.891355
3597,2362,1.903443
3598,2362,1.903443
3599,2371,1.910696
3600,2363,1.904249
3601,2362,1.903443
3602,2355,1.897802
3603,2362,1.903443
3604,2360,1.901832
3605,2378,1.916337
3606,2363,1.904249
3607,2379,1.917143
3608,2363,1.904249
3609,2387,1.923590
3610,2383,1.920366
3611,2400,1.934066
3612,2386,1.922784
3613,2392,1.927619
3614,2383,1.920366
3615,2402,1.935678
3616,2408,1.940513
3617,2400,1.934066
3618,2403,1.936484
3619,2419,1.949377
3620,2424,1.953407
3621,2419,1.949377
3622,2415,1.946154
3623,2410,1.942125
3624,2426,1.955018
3625,2418,1.948571
3626,2427,1.955824
3627,2426,1.955018
3628,2427,1.955824
3629,2442,1.967912
3630,2431,1.959048
3631,2443,1.968718
3632,2447,1.971941
3633,2443,1.968718
3634,2475,1.994505
3635,2464,1.985641
3636,2464,1.985641
3637,2466,1.987253
3638,2472,1.992088
3639,2464,1.985641
3640,2475,1.994505
3641,2475,1.994505
3642,2475,1.994505
3643,2475,1.994505
3644,2488,2.004982
3645,2474,1.993700
3646,2490,2.006593
3647,2490,2.006593
