Pixel,ADC,VoltageV
1,3938,3.173480
2,3938,3.173480
3,3938,3.173480
4,3936,3.171868
5,3936,3.171868
6,3936,3.171868
7,3936,3.171868
8,3936,3.171868
9,3919,3.158168
10,3936,3.171868
11,3923,3.161392
12,3936,3.171868
13,3936,3.171868
14,3936,3.171868
15,3936,3.171868
16,3915,3.154945
17,3171,2.555385
18,2626,2.116190
19,2656,2.140366
20,2666,2.148425
21,2659,2.142784
22,2656,2.140366
23,2650,2.135531
24,2659,2.142784
25,2666,2.148425
26,2643,2.129890
27,2658,2.141978
28,2643,2.129890
29,2666,2.148425
30,2658,2.141978
31,2656,2.140366
32,2658,2.141978
33,2666,2.148425
34,2643,2.129890
35,2658,2.141978
36,2648,2.133919
37,2656,2.140366
38,2659,2.142784
39,2659,2.142784
40,2659,2.142784
41,2666,2.148425
42,2671,2.152454
43,2643,2.129890
44,2659,2.142784
45,2658,2.141978
46,2658,2.141978
47,2656,2.140366
48,2650,2.135531
49,2666,2.148425
50,2656,2.140366
51,2658,2.141978
52,2656,2.140366
53,2658,2.141978
54,2658,2.141978
55,2666,2.148425
56,2659,2.142784
57,2658,2.141978
58,2664,2.146813
59,2639,2.126667
60,2656,2.140366
61,2643,2.129890
62,2656,2.140366
63,2658,2.141978
64,2656,2.140366
65,2656,2.140366
66,2658,2.141978
67,2658,2.141978
68,2656,2.140366
69,2635,2.123443
70,2656,2.140366
71,2656,2.140366
72,2643,2.129890
73,2659,2.142784
74,2664,2.146813
75,2659,2.142784
76,2666,2.148425
77,2659,2.142784
78,2667,2.149231
79,2667,2.149231
80,2667,2.149231
81,2666,2.148425
82,2666,2.148425
83,2659,2.142784
84,2671,2.152454
85,2656,2.140366
86,2658,2.141978
87,2658,2.141978
88,2659,2.142784
89,2667,2.149231
90,2664,2.146813
91,2667,2.149231
92,2656,2.140366
93,2671,2.152454
94,2667,2.149231
95,2667,2.149231
96,2659,2.142784
97,2656,2.140366
98,2659,2.142784
99,2666,2.148425
100,2656,2.140366
101,2659,2.142784
102,2656,2.140366
103,2656,2.140366
104,2639,2.126667
105,2656,2.140366
106,2656,2.140366
107,2656,2.140366
108,2656,2.140366
109,2650,2.135531
110,2643,2.129890
111,2658,2.141978
112,2656,2.140366
113,2635,2.123443
114,2643,2.129890
115,2656,2.140366
116,2671,2.152454
117,2643,2.129890
118,2658,2.141978
119,2656,2.140366
120,2650,2.135531
121,2659,2.142784
122,2656,2.140366
123,2658,2.141978
124,2656,2.140366
125,2656,2.140366
126,2634,2.122637
127,2656,2.140366
128,2656,2.140366
129,2656,2.140366
130,2639,2.126667
131,2666,2.148425
132,2658,2.141978
133,2658,2.141978
134,2656,2.140366
135,2664,2.146813
136,2666,2.148425
137,2650,2.135531
138,2667,2.149231
139,2666,2.148425
140,2671,2.152454
141,2667,2.149231
142,2658,2.141978
143,2658,2.141978
144,2666,2.148425
145,2667,2.149231
146,2650,2.135531
147,2659,2.142784
148,2658,2.141978
149,2656,2.140366
150,2648,2.133919
151,2658,2.141978
152,2658,2.141978
153,2659,2.142784
154,2656,2.140366
155,2658,2.141978
156,2666,2.148425
157,2658,2.141978
158,2666,2.148425
159,2658,2.141978
160,2666,2.148425
161,2659,2.142784
162,2667,2.149231
163,2658,2.141978
164,2667,2.149231
165,2671,2.152454
166,2666,2.148425
167,2658,2.141978
168,2659,2.142784
169,2656,2.140366
170,2658,2.141978
171,2671,2.152454
172,2667,2.149231
173,2664,2.146813
174,2658,2.141978
175,2666,2.148425
176,2667,2.149231
177,2659,2.142784
178,2658,2.141978
179,2656,2.140366
180,2656,2.140366
181,2656,2.140366
182,2658,2.141978
183,2658,2.141978
184,2658,2.141978
185,2639,2.126667
186,2643,2.129890
187,2656,2.140366
188,2656,2.140366
189,2658,2.141978
190,2656,2.140366
191,2656,2.140366
192,2656,2.140366
193,2656,2.140366
194,2656,2.140366
195,2643,2.129890
196,2643,2.129890
197,2659,2.142784
198,2650,2.135531
199,2639,2.126667
200,2656,2.140366
201,2656,2.140366
202,2656,2.140366
203,2650,2.135531
204,2656,2.140366
205,2648,2.133919
206,2658,2.141978
207,2643,2.129890
208,2639,2.126667
209,2658,2.141978
210,2635,2.123443
211,2656,2.140366
212,2659,2.142784
213,2666,2.148425
214,2656,2.140366
215,2643,2.129890
216,2639,2.126667
217,2667,2.149231
218,2659,2.142784
219,2658,2.141978
220,2639,2.126667
221,2667,2.149231
222,2666,2.148425
223,2658,2.141978
224,2658,2.141978
225,2666,2.148425
226,2658,2.141978
227,2656,2.140366
228,2658,2.141978
229,2659,2.142784
230,2648,2.133919
231,2664,2.146813
232,2659,2.142784
233,2658,2.141978
234,2650,2.135531
235,2666,2.148425
236,2659,2.142784
237,2656,2.140366
238,2656,2.140366
239,2656,2.140366
240,2656,2.140366
241,2656,2.140366
242,2656,2.140366
243,2643,2.129890
244,2648,2.133919
245,2656,2.140366
246,2659,2.142784
247,2658,2.141978
248,2656,2.140366
249,2658,2.141978
250,2639,2.126667
251,2639,2.126667
252,2658,2.141978
253,2635,2.123443
254,2659,2.142784
255,2656,2.140366
256,2658,2.141978
257,2650,2.135531
258,2635,2.123443
259,2656,2.140366
260,2659,2.142784
261,2656,2.140366
262,2656,2.140366
263,2671,2.152454
264,2656,2.140366
265,2658,2.141978
266,2656,2.140366
267,2656,2.140366
268,2656,2.140366
269,2656,2.140366
270,2643,2.129890
271,2656,2.140366
272,2666,2.148425
273,2658,2.141978
274,2656,2.140366
275,2643,2.129890
276,2634,2.122637
277,2656,2.140366
278,2635,2.123443
279,2635,2.123443
280,2664,2.146813
281,2635,2.123443
282,2656,2.140366
283,2658,2.141978
284,2656,2.140366
285,2656,2.140366
286,2643,2.129890
287,2656,2.140366
288,2656,2.140366
289,2658,2.141978
290,2658,2.141978
291,2656,2.140366
292,2659,2.142784
293,2656,2.140366
294,2666,2.148425
295,2658,2.141978
296,2659,2.142784
297,2658,2.141978
298,2656,2.140366
299,2659,2.142784
300,2659,2.142784
301,2658,2.141978
302,2650,2.135531
303,2658,2.141978
304,2643,2.129890
305,2656,2.140366
306,2643,2.129890
307,2658,2.141978
308,2656,2.140366
309,2656,2.140366
310,2635,2.123443
311,2658,2.141978
312,2658,2.141978
313,2658,2.141978
314,2658,2.141978
315,2658,2.141978
316,2658,2.141978
317,2656,2.140366
318,2635,2.123443
319,2666,2.148425
320,2666,2.148425
321,2666,2.148425
322,2666,2.148425
323,2667,2.149231
324,2666,2.148425
325,2656,2.140366
326,2667,2.149231
327,2639,2.126667
328,2671,2.152454
329,2666,2.148425
330,2667,2.149231
331,2667,2.149231
332,2671,2.152454
333,2659,2.142784
334,2666,2.148425
335,2666,2.148425
336,2658,2.141978
337,2656,2.140366
338,2664,2.146813
339,2671,2.152454
340,2656,2.140366
341,2658,2.141978
342,2664,2.146813
343,2659,2.142784
344,2656,2.140366
345,2659,2.142784
346,2666,2.148425
347,2666,2.148425
348,2659,2.142784
349,2667,2.149231
350,2659,2.142784
351,2659,2.142784
352,2666,2.148425
353,2667,2.149231
354,2671,2.152454
355,2671,2.152454
356,2658,2.141978
357,2680,2.159707
358,2675,2.155678
359,2667,2.149231
360,2667,2.149231
361,2667,2.149231
362,2667,2.149231
363,2671,2.152454
364,2667,2.149231
365,2656,2.140366
366,2659,2.142784
367,2658,2.141978
368,2675,2.155678
369,2671,2.152454
370,2667,2.149231
371,2658,2.141978
372,2658,2.141978
373,2658,2.141978
374,2656,2.140366
375,2656,2.140366
376,2656,2.140366
377,2656,2.140366
378,2659,2.142784
379,2656,2.140366
380,2659,2.142784
381,2639,2.126667
382,2658,2.141978
383,2643,2.129890
384,2648,2.133919
385,2643,2.129890
386,2656,2.140366
387,2658,2.141978
388,2639,2.126667
389,2656,2.140366
390,2658,2.141978
391,2666,2.148425
392,2656,2.140366
393,2659,2.142784
394,2658,2.141978
395,2666,2.148425
396,2667,2.149231
397,2659,2.142784
398,2659,2.142784
399,2656,2.140366
400,2666,2.148425
401,2658,2.141978
402,2650,2.135531
403,2656,2.140366
404,2658,2.141978
405,2656,2.140366
406,2656,2.140366
407,2658,2.141978
408,2671,2.152454
409,2658,2.141978
410,2656,2.140366
411,2656,2.140366
412,2656,2.140366
413,2656,2.140366
414,2664,2.146813
415,2658,2.141978
416,2666,2.148425
417,2658,2.141978
418,2666,2.148425
419,2656,2.140366
420,2658,2.141978
421,2659,2.142784
422,2658,2.141978
423,2639,2.126667
424,2659,2.142784
425,2643,2.129890
426,2635,2.123443
427,2658,2.141978
428,2648,2.133919
429,2639,2.126667
430,2648,2.133919
431,2666,2.148425
432,2643,2.129890
433,2643,2.129890
434,2656,2.140366
435,2656,2.140366
436,2643,2.129890
437,2639,2.126667
438,2639,2.126667
439,2658,2.141978
440,2658,2.141978
441,2643,2.129890
442,2635,2.123443
443,2656,2.140366
444,2656,2.140366
445,2650,2.135531
446,2656,2.140366
447,2666,2.148425
448,2659,2.142784
449,2659,2.142784
450,2656,2.140366
451,2658,2.141978
452,2664,2.146813
453,2659,2.142784
454,2666,2.148425
455,2666,2.148425
456,2667,2.149231
457,2659,2.142784
458,2643,2.129890
459,2658,2.141978
460,2656,2.140366
461,2658,2.141978
462,2666,2.148425
463,2650,2.135531
464,2659,2.142784
465,2666,2.148425
466,2656,2.140366
467,2667,2.149231
468,2666,2.148425
469,2659,2.142784
470,2666,2.148425
471,2667,2.149231
472,2671,2.152454
473,2658,2.141978
474,2671,2.152454
475,2682,2.161319
476,2680,2.159707
477,2682,2.161319
478,2666,2.148425
479,2683,2.162125
480,2666,2.148425
481,2667,2.149231
482,2666,2.148425
483,2658,2.141978
484,2659,2.142784
485,2658,2.141978
486,2658,2.141978
487,2658,2.141978
488,2667,2.149231
489,2658,2.141978
490,2656,2.140366
491,2666,2.148425
492,2666,2.148425
493,2667,2.149231
494,2650,2.135531
495,2667,2.149231
496,2667,2.149231
497,2671,2.152454
498,2682,2.161319
499,2666,2.148425
500,2682,2.161319
501,2683,2.162125
502,2675,2.155678
503,2666,2.148425
504,2675,2.155678
505,2687,2.165348
506,2675,2.155678
507,2664,2.146813
508,2658,2.141978
509,2667,2.149231
510,2656,2.140366
511,2656,2.140366
512,2666,2.148425
513,2658,2.141978
514,2656,2.140366
515,2650,2.135531
516,2667,2.149231
517,2659,2.142784
518,2666,2.148425
519,2667,2.149231
520,2671,2.152454
521,2667,2.149231
522,2671,2.152454
523,2671,2.152454
524,2666,2.148425
525,2671,2.152454
526,2675,2.155678
527,2675,2.155678
528,2666,2.148425
529,2667,2.149231
530,2683,2.162125
531,2671,2.152454
532,2675,2.155678
533,2667,2.149231
534,2682,2.161319
535,2683,2.162125
536,2667,2.149231
537,2680,2.159707
538,2675,2.155678
539,2671,2.152454
540,2680,2.159707
541,2682,2.161319
542,2671,2.152454
543,2667,2.149231
544,2667,2.149231
545,2671,2.152454
546,2683,2.162125
547,2667,2.149231
548,2659,2.142784
549,2656,2.140366
550,2666,2.148425
551,2671,2.152454
552,2675,2.155678
553,2667,2.149231
554,2675,2.155678
555,2666,2.148425
556,2656,2.140366
557,2671,2.152454
558,2666,2.148425
559,2671,2.152454
560,2666,2.148425
561,2671,2.152454
562,2671,2.152454
563,2666,2.148425
564,2667,2.149231
565,2667,2.149231
566,2675,2.155678
567,2667,2.149231
568,2682,2.161319
569,2675,2.155678
570,2666,2.148425
571,2666,2.148425
572,2671,2.152454
573,2667,2.149231
574,2683,2.162125
575,2671,2.152454
576,2667,2.149231
577,2667,2.149231
578,2659,2.142784
579,2666,2.148425
580,2659,2.142784
581,2666,2.148425
582,2666,2.148425
583,2659,2.142784
584,2671,2.152454
585,2671,2.152454
586,2671,2.152454
587,2667,2.149231
588,2667,2.149231
589,2639,2.126667
590,2656,2.140366
591,2659,2.142784
592,2671,2.152454
593,2659,2.142784
594,2656,2.140366
595,2666,2.148425
596,2658,2.141978
597,2659,2.142784
598,2667,2.149231
599,2659,2.142784
600,2667,2.149231
601,2666,2.148425
602,2667,2.149231
603,2666,2.148425
604,2675,2.155678
605,2666,2.148425
606,2682,2.161319
607,2659,2.142784
608,2682,2.161319
609,2667,2.149231
610,2667,2.149231
611,2666,2.148425
612,2675,2.155678
613,2682,2.161319
614,2671,2.152454
615,2675,2.155678
616,2667,2.149231
617,2667,2.149231
618,2656,2.140366
619,2687,2.165348
620,2675,2.155678
621,2682,2.161319
622,2667,2.149231
623,2675,2.155678
624,2675,2.155678
625,2675,2.155678
626,2666,2.148425
627,2675,2.155678
628,2680,2.159707
629,2667,2.149231
630,2671,2.152454
631,2671,2.152454
632,2664,2.146813
633,2682,2.161319
634,2667,2.149231
635,2675,2.155678
636,2683,2.162125
637,2683,2.162125
638,2682,2.161319
639,2683,2.162125
640,2687,2.165348
641,2687,2.165348
642,2683,2.162125
643,2687,2.165348
644,2698,2.174212
645,2683,2.162125
646,2682,2.161319
647,2683,2.162125
648,2671,2.152454
649,2667,2.149231
650,2667,2.149231
651,2666,2.148425
652,2667,2.149231
653,2687,2.165348
654,2671,2.152454
655,2667,2.149231
656,2666,2.148425
657,2667,2.149231
658,2671,2.152454
659,2675,2.155678
660,2683,2.162125
661,2683,2.162125
662,2683,2.162125
663,2696,2.172601
664,2683,2.162125
665,2671,2.152454
666,2683,2.162125
667,2671,2.152454
668,2671,2.152454
669,2675,2.155678
670,2682,2.161319
671,2687,2.165348
672,2666,2.148425
673,2683,2.162125
674,2667,2.149231
675,2682,2.161319
676,2675,2.155678
677,2675,2.155678
678,2675,2.155678
679,2687,2.165348
680,2687,2.165348
681,2671,2.152454
682,2667,2.149231
683,2687,2.165348
684,2683,2.162125
685,2682,2.161319
686,2682,2.161319
687,2683,2.162125
688,2682,2.161319
689,2682,2.161319
690,2683,2.162125
691,2687,2.165348
692,2682,2.161319
693,2667,2.149231
694,2687,2.165348
695,2683,2.162125
696,2682,2.161319
697,2682,2.161319
698,2687,2.165348
699,2683,2.162125
700,2680,2.159707
701,2683,2.162125
702,2687,2.165348
703,2687,2.165348
704,2691,2.168571
705,2683,2.162125
706,2696,2.172601
707,2699,2.175018
708,2698,2.174212
709,2714,2.187106
710,2720,2.191941
711,2687,2.165348
712,2687,2.165348
713,2696,2.172601
714,2699,2.175018
715,2698,2.174212
716,2683,2.162125
717,2703,2.178242
718,2687,2.165348
719,2687,2.165348
720,2683,2.162125
721,2683,2.162125
722,2696,2.172601
723,2687,2.165348
724,2687,2.165348
725,2699,2.175018
726,2699,2.175018
727,2687,2.165348
728,2699,2.175018
729,2707,2.181465
730,2698,2.174212
731,2699,2.175018
732,2687,2.165348
733,2712,2.185495
734,2687,2.165348
735,2687,2.165348
736,2699,2.175018
737,2687,2.165348
738,2687,2.165348
739,2687,2.165348
740,2687,2.165348
741,2698,2.174212
742,2696,2.172601
743,2683,2.162125
744,2699,2.175018
745,2687,2.165348
746,2675,2.155678
747,2683,2.162125
748,2696,2.172601
749,2699,2.175018
750,2687,2.165348
751,2691,2.168571
752,2683,2.162125
753,2698,2.174212
754,2707,2.181465
755,2698,2.174212
756,2699,2.175018
757,2687,2.165348
758,2696,2.172601
759,2698,2.174212
760,2699,2.175018
761,2699,2.175018
762,2699,2.175018
763,2720,2.191941
764,2703,2.178242
765,2699,2.175018
766,2699,2.175018
767,2699,2.175018
768,2683,2.162125
769,2687,2.165348
770,2703,2.178242
771,2698,2.174212
772,2687,2.165348
773,2687,2.165348
774,2698,2.174212
775,2699,2.175018
776,2703,2.178242
777,2687,2.165348
778,2698,2.174212
779,2703,2.178242
780,2698,2.174212
781,2699,2.175018
782,2698,2.174212
783,2698,2.174212
784,2698,2.174212
785,2699,2.175018
786,2698,2.174212
787,2703,2.178242
788,2720,2.191941
789,2699,2.175018
790,2707,2.181465
791,2714,2.187106
792,2703,2.178242
793,2703,2.178242
794,2714,2.187106
795,2720,2.191941
796,2703,2.178242
797,2714,2.187106
798,2714,2.187106
799,2699,2.175018
800,2703,2.178242
801,2720,2.191941
802,2714,2.187106
803,2698,2.174212
804,2712,2.185495
805,2698,2.174212
806,2687,2.165348
807,2714,2.187106
808,2703,2.178242
809,2714,2.187106
810,2703,2.178242
811,2714,2.187106
812,2699,2.175018
813,2703,2.178242
814,2707,2.181465
815,2703,2.178242
816,2714,2.187106
817,2720,2.191941
818,2707,2.181465
819,2699,2.175018
820,2707,2.181465
821,2714,2.187106
822,2722,2.193553
823,2722,2.193553
824,2722,2.193553
825,2722,2.193553
826,2730,2.200000
827,2730,2.200000
828,2730,2.200000
829,2730,2.200000
830,2730,2.200000
831,2723,2.194359
832,2723,2.194359
833,2722,2.193553
834,2728,2.198388
835,2731,2.200806
836,2720,2.191941
837,2720,2.191941
838,2722,2.193553
839,2723,2.194359
840,2722,2.193553
841,2746,2.212894
842,2735,2.204029
843,2723,2.194359
844,2739,2.207253
845,2731,2.200806
846,2735,2.204029
847,2739,2.207253
848,2747,2.213700
849,2744,2.211282
850,2735,2.204029
851,2731,2.200806
852,2739,2.207253
853,2731,2.200806
854,2730,2.200000
855,2735,2.204029
856,2720,2.191941
857,2735,2.204029
858,2731,2.200806
859,2739,2.207253
860,2722,2.193553
861,2746,2.212894
862,2731,2.200806
863,2731,2.200806
864,2746,2.212894
865,2730,2.200000
866,2731,2.200806
867,2730,2.200000
868,2723,2.194359
869,2722,2.193553
870,2730,2.200000
871,2730,2.200000
872,2720,2.191941
873,2722,2.193553
874,2723,2.194359
875,2735,2.204029
876,2722,2.193553
877,2723,2.194359
878,2730,2.200000
879,2722,2.193553
880,2722,2.193553
881,2720,2.191941
882,2720,2.191941
883,2722,2.193553
884,2730,2.200000
885,2730,2.200000
886,2744,2.211282
887,2723,2.194359
888,2722,2.193553
889,2722,2.193553
890,2730,2.200000
891,2731,2.200806
892,2723,2.194359
893,2722,2.193553
894,2730,2.200000
895,2730,2.200000
896,2730,2.200000
897,2735,2.204029
898,2731,2.200806
899,2739,2.207253
900,2731,2.200806
901,2735,2.204029
902,2730,2.200000
903,2722,2.193553
904,2735,2.204029
905,2730,2.200000
906,2730,2.200000
907,2739,2.207253
908,2746,2.212894
909,2746,2.212894
910,2739,2.207253
911,2731,2.200806
912,2731,2.200806
913,2744,2.211282
914,2731,2.200806
915,2735,2.204029
916,2731,2.200806
917,2731,2.200806
918,2746,2.212894
919,2735,2.204029
920,2731,2.200806
921,2731,2.200806
922,2746,2.212894
923,2735,2.204029
924,2730,2.200000
925,2731,2.200806
926,2746,2.212894
927,2746,2.212894
928,2735,2.204029
929,2735,2.204029
930,2730,2.200000
931,2730,2.200000
932,2746,2.212894
933,2754,2.219341
934,2746,2.212894
935,2731,2.200806
936,2735,2.204029
937,2747,2.213700
938,2746,2.212894
939,2730,2.200000
940,2735,2.204029
941,2754,2.219341
942,2739,2.207253
943,2747,2.213700
944,2735,2.204029
945,2731,2.200806
946,2754,2.219341
947,2746,2.212894
948,2754,2.219341
949,2746,2.212894
950,2739,2.207253
951,2752,2.217729
952,2735,2.204029
953,2755,2.220147
954,2747,2.213700
955,2754,2.219341
956,2746,2.212894
957,2739,2.207253
958,2739,2.207253
959,2754,2.219341
960,2739,2.207253
961,2735,2.204029
962,2735,2.204029
963,2728,2.198388
964,2739,2.207253
965,2735,2.204029
966,2746,2.212894
967,2739,2.207253
968,2746,2.212894
969,2754,2.219341
970,2762,2.225788
971,2754,2.219341
972,2739,2.207253
973,2752,2.217729
974,2760,2.224176
975,2747,2.213700
976,2747,2.213700
977,2746,2.212894
978,2746,2.212894
979,2754,2.219341
980,2746,2.212894
981,2752,2.217729
982,2762,2.225788
983,2763,2.226593
984,2746,2.212894
985,2763,2.226593
986,2762,2.225788
987,2763,2.226593
988,2763,2.226593
989,2767,2.229817
990,2763,2.226593
991,2754,2.219341
992,2763,2.226593
993,2763,2.226593
994,2767,2.229817
995,2767,2.229817
996,2762,2.225788
997,2763,2.226593
998,2760,2.224176
999,2776,2.237070
1000,2767,2.229817
1001,2762,2.225788
1002,2762,2.225788
1003,2763,2.226593
1004,2762,2.225788
1005,2767,2.229817
1006,2763,2.226593
1007,2767,2.229817
1008,2763,2.226593
1009,2776,2.237070
1010,2776,2.237070
1011,2763,2.226593
1012,2767,2.229817
1013,2767,2.229817
1014,2763,2.226593
1015,2763,2.226593
1016,2767,2.229817
1017,2771,2.233040
1018,2755,2.220147
1019,2763,2.226593
1020,2746,2.212894
1021,2767,2.229817
1022,2755,2.220147
1023,2762,2.225788
1024,2755,2.220147
1025,2762,2.225788
1026,2763,2.226593
1027,2784,2.243516
1028,2754,2.219341
1029,2762,2.225788
1030,2754,2.219341
1031,2763,2.226593
1032,2763,2.226593
1033,2762,2.225788
1034,2784,2.243516
1035,2763,2.226593
1036,2767,2.229817
1037,2760,2.224176
1038,2755,2.220147
1039,2762,2.225788
1040,2784,2.243516
1041,2784,2.243516
1042,2767,2.229817
1043,2763,2.226593
1044,2762,2.225788
1045,2763,2.226593
1046,2784,2.243516
1047,2763,2.226593
1048,2762,2.225788
1049,2755,2.220147
1050,2767,2.229817
1051,2763,2.226593
1052,2762,2.225788
1053,2762,2.225788
1054,2778,2.238681
1055,2763,2.226593
1056,2762,2.225788
1057,2784,2.243516
1058,2784,2.243516
1059,2786,2.245128
1060,2776,2.237070
1061,2784,2.243516
1062,2784,2.243516
1063,2784,2.243516
1064,2771,2.233040
1065,2784,2.243516
1066,2784,2.243516
1067,2778,2.238681
1068,2763,2.226593
1069,2763,2.226593
1070,2778,2.238681
1071,2763,2.226593
1072,2767,2.229817
1073,2771,2.233040
1074,2776,2.237070
1075,2763,2.226593
1076,2786,2.245128
1077,2778,2.238681
1078,2771,2.233040
1079,2784,2.243516
1080,2767,2.229817
1081,2786,2.245128
1082,2786,2.245128
1083,2784,2.243516
1084,2786,2.245128
1085,2784,2.243516
1086,2784,2.243516
1087,2784,2.243516
1088,2786,2.245128
1089,2784,2.243516
1090,2786,2.245128
1091,2786,2.245128
1092,2784,2.243516
1093,2787,2.245934
1094,2787,2.245934
1095,2786,2.245128
1096,2787,2.245934
1097,2771,2.233040
1098,2771,2.233040
1099,2787,2.245934
1100,2786,2.245128
1101,2786,2.245128
1102,2784,2.243516
1103,2767,2.229817
1104,2784,2.243516
1105,2786,2.245128
1106,2787,2.245934
1107,2786,2.245128
1108,2771,2.233040
1109,2786,2.245128
1110,2784,2.243516
1111,2799,2.255604
1112,2794,2.251575
1113,2784,2.243516
1114,2787,2.245934
1115,2786,2.245128
1116,2784,2.243516
1117,2786,2.245128
1118,2784,2.243516
1119,2786,2.245128
1120,2784,2.243516
1121,2787,2.245934
1122,2795,2.252381
1123,2786,2.245128
1124,2795,2.252381
1125,2787,2.245934
1126,2787,2.245934
1127,2786,2.245128
1128,2784,2.243516
1129,2786,2.245128
1130,2795,2.252381
1131,2795,2.252381
1132,2795,2.252381
1133,2799,2.255604
1134,2794,2.251575
1135,2786,2.245128
1136,2787,2.245934
1137,2792,2.249963
1138,2799,2.255604
1139,2787,2.245934
1140,2795,2.252381
1141,2795,2.252381
1142,2795,2.252381
1143,2795,2.252381
1144,2794,2.251575
1145,2787,2.245934
1146,2795,2.252381
1147,2794,2.251575
1148,2794,2.251575
1149,2799,2.255604
1150,2799,2.255604
1151,2799,2.255604
1152,2799,2.255604
1153,2799,2.255604
1154,2808,2.262857
1155,2808,2.262857
1156,2795,2.252381
1157,2795,2.252381
1158,2794,2.251575
1159,2795,2.252381
1160,2795,2.252381
1161,2795,2.252381
1162,2795,2.252381
1163,2816,2.269304
1164,2799,2.255604
1165,2794,2.251575
1166,2816,2.269304
1167,2803,2.258828
1168,2795,2.252381
1169,2799,2.255604
1170,2799,2.255604
1171,2810,2.264469
1172,2795,2.252381
1173,2808,2.262857
1174,2795,2.252381
1175,2794,2.251575
1176,2794,2.251575
1177,2803,2.258828
1178,2795,2.252381
1179,2794,2.251575
1180,2787,2.245934
1181,2810,2.264469
1182,2808,2.262857
1183,2808,2.262857
1184,2816,2.269304
1185,2799,2.255604
1186,2810,2.264469
1187,2795,2.252381
1188,2808,2.262857
1189,2803,2.258828
1190,2810,2.264469
1191,2803,2.258828
1192,2819,2.271722
1193,2816,2.269304
1194,2803,2.258828
1195,2816,2.269304
1196,2816,2.269304
1197,2818,2.270916
1198,2794,2.251575
1199,2799,2.255604
1200,2816,2.269304
1201,2816,2.269304
1202,2808,2.262857
1203,2819,2.271722
1204,2799,2.255604
1205,2803,2.258828
1206,2794,2.251575
1207,2826,2.277363
1208,2816,2.269304
1209,2799,2.255604
1210,2810,2.264469
1211,2819,2.271722
1212,2808,2.262857
1213,2799,2.255604
1214,2816,2.269304
1215,2819,2.271722
1216,2816,2.269304
1217,2816,2.269304
1218,2818,2.270916
1219,2795,2.252381
1220,2810,2.264469
1221,2799,2.255604
1222,2818,2.270916
1223,2799,2.255604
1224,2795,2.252381
1225,2818,2.270916
1226,2799,2.255604
1227,2819,2.271722
1228,2819,2.271722
1229,2819,2.271722
1230,2818,2.270916
1231,2810,2.264469
1232,2824,2.275751
1233,2816,2.269304
1234,2818,2.270916
1235,2803,2.258828
1236,2803,2.258828
1237,2827,2.278168
1238,2816,2.269304
1239,2819,2.271722
1240,2818,2.270916
1241,2818,2.270916
1242,2826,2.277363
1243,2816,2.269304
1244,2826,2.277363
1245,2827,2.278168
1246,2827,2.278168
1247,2819,2.271722
1248,2826,2.277363
1249,2819,2.271722
1250,2831,2.281392
1251,2803,2.258828
1252,2816,2.269304
1253,2819,2.271722
1254,2818,2.270916
1255,2819,2.271722
1256,2819,2.271722
1257,2819,2.271722
1258,2826,2.277363
1259,2819,2.271722
1260,2818,2.270916
1261,2826,2.277363
1262,2827,2.278168
1263,2827,2.278168
1264,2827,2.278168
1265,2827,2.278168
1266,2826,2.277363
1267,2827,2.278168
1268,2818,2.270916
1269,2831,2.281392
1270,2826,2.277363
1271,2818,2.270916
1272,2818,2.270916
1273,2827,2.278168
1274,2824,2.275751
1275,2831,2.281392
1276,2827,2.278168
1277,2818,2.270916
1278,2826,2.277363
1279,2816,2.269304
1280,2826,2.277363
1281,2827,2.278168
1282,2827,2.278168
1283,2826,2.277363
1284,2819,2.271722
1285,2826,2.277363
1286,2818,2.270916
1287,2835,2.284615
1288,2818,2.270916
1289,2827,2.278168
1290,2826,2.277363
1291,2826,2.277363
1292,2818,2.270916
1293,2826,2.277363
1294,2827,2.278168
1295,2826,2.277363
1296,2827,2.278168
1297,2824,2.275751
1298,2826,2.277363
1299,2826,2.277363
1300,2835,2.284615
1301,2835,2.284615
1302,2826,2.277363
1303,2827,2.278168
1304,2840,2.288645
1305,2827,2.278168
1306,2831,2.281392
1307,2848,2.295092
1308,2831,2.281392
1309,2831,2.281392
1310,2826,2.277363
1311,2831,2.281392
1312,2827,2.278168
1313,2848,2.295092
1314,2850,2.296703
1315,2848,2.295092
1316,2840,2.288645
1317,2848,2.295092
1318,2827,2.278168
1319,2827,2.278168
1320,2827,2.278168
1321,2831,2.281392
1322,2835,2.284615
1323,2848,2.295092
1324,2835,2.284615
1325,2835,2.284615
1326,2848,2.295092
1327,2831,2.281392
1328,2819,2.271722
1329,2827,2.278168
1330,2827,2.278168
1331,2824,2.275751
1332,2831,2.281392
1333,2827,2.278168
1334,2848,2.295092
1335,2827,2.278168
1336,2835,2.284615
1337,2831,2.281392
1338,2827,2.278168
1339,2827,2.278168
1340,2850,2.296703
1341,2835,2.284615
1342,2848,2.295092
1343,2848,2.295092
1344,2848,2.295092
1345,2831,2.281392
1346,2848,2.295092
1347,2848,2.295092
1348,2827,2.278168
1349,2835,2.284615
1350,2840,2.288645
1351,2850,2.296703
1352,2831,2.281392
1353,2831,2.281392
1354,2848,2.295092
1355,2848,2.295092
1356,2848,2.295092
1357,2827,2.278168
1358,2850,2.296703
1359,2842,2.290256
1360,2850,2.296703
1361,2840,2.288645
1362,2848,2.295092
1363,2848,2.295092
1364,2848,2.295092
1365,2856,2.301538
1366,2840,2.288645
1367,2831,2.281392
1368,2835,2.284615
1369,2831,2.281392
1370,2840,2.288645
1371,2835,2.284615
1372,2848,2.295092
1373,2848,2.295092
1374,2851,2.297509
1375,2850,2.296703
1376,2848,2.295092
1377,2848,2.295092
1378,2848,2.295092
1379,2850,2.296703
1380,2831,2.281392
1381,2848,2.295092
1382,2848,2.295092
1383,2850,2.296703
1384,2842,2.290256
1385,2835,2.284615
1386,2848,2.295092
1387,2848,2.295092
1388,2848,2.295092
1389,2831,2.281392
1390,2848,2.295092
1391,2835,2.284615
1392,2835,2.284615
1393,2848,2.295092
1394,2835,2.284615
1395,2858,2.303150
1396,2835,2.284615
1397,2850,2.296703
1398,2848,2.295092
1399,2851,2.297509
1400,2850,2.296703
1401,2850,2.296703
1402,2848,2.295092
1403,2850,2.296703
1404,2848,2.295092
1405,2851,2.297509
1406,2848,2.295092
1407,2835,2.284615
1408,2827,2.278168
1409,2848,2.295092
1410,2848,2.295092
1411,2863,2.307179
1412,2850,2.296703
1413,2848,2.295092
1414,2831,2.281392
1415,2848,2.295092
1416,2848,2.295092
1417,2850,2.296703
1418,2850,2.296703
1419,2851,2.297509
1420,2827,2.278168
1421,2850,2.296703
1422,2842,2.290256
1423,2842,2.290256
1424,2858,2.303150
1425,2851,2.297509
1426,2850,2.296703
1427,2850,2.296703
1428,2851,2.297509
1429,2851,2.297509
1430,2858,2.303150
1431,2850,2.296703
1432,2850,2.296703
1433,2850,2.296703
1434,2850,2.296703
1435,2848,2.295092
1436,2850,2.296703
1437,2858,2.303150
1438,2858,2.303150
1439,2858,2.303150
1440,2858,2.303150
1441,2850,2.296703
1442,2848,2.295092
1443,2850,2.296703
1444,2859,2.303956
1445,2856,2.301538
1446,2859,2.303956
1447,2848,2.295092
1448,2850,2.296703
1449,2848,2.295092
1450,2850,2.296703
1451,2851,2.297509
1452,2848,2.295092
1453,2850,2.296703
1454,2842,2.290256
1455,2848,2.295092
1456,2842,2.290256
1457,2848,2.295092
1458,2848,2.295092
1459,2850,2.296703
1460,2831,2.281392
1461,2842,2.290256
1462,2848,2.295092
1463,2848,2.295092
1464,2840,2.288645
1465,2848,2.295092
1466,2851,2.297509
1467,2842,2.290256
1468,2848,2.295092
1469,2850,2.296703
1470,2827,2.278168
1471,2831,2.281392
1472,2850,2.296703
1473,2848,2.295092
1474,2848,2.295092
1475,2840,2.288645
1476,2858,2.303150
1477,2850,2.296703
1478,2827,2.278168
1479,2851,2.297509
1480,2850,2.296703
1481,2848,2.295092
1482,2848,2.295092
1483,2842,2.290256
1484,2848,2.295092
1485,2851,2.297509
1486,2835,2.284615
1487,2848,2.295092
1488,2850,2.296703
1489,2831,2.281392
1490,2831,2.281392
1491,2848,2.295092
1492,2835,2.284615
1493,2835,2.284615
1494,2850,2.296703
1495,2835,2.284615
1496,2850,2.296703
1497,2850,2.296703
1498,2831,2.281392
1499,2848,2.295092
1500,2848,2.295092
1501,2850,2.296703
1502,2850,2.296703
1503,2850,2.296703
1504,2851,2.297509
1505,2848,2.295092
1506,2850,2.296703
1507,2850,2.296703
1508,2848,2.295092
1509,2848,2.295092
1510,2848,2.295092
1511,2851,2.297509
1512,2848,2.295092
1513,2851,2.297509
1514,2848,2.295092
1515,2850,2.296703
1516,2835,2.284615
1517,2850,2.296703
1518,2848,2.295092
1519,2850,2.296703
1520,2851,2.297509
1521,2851,2.297509
1522,2858,2.303150
1523,2842,2.290256
1524,2848,2.295092
1525,2856,2.301538
1526,2840,2.288645
1527,2848,2.295092
1528,2848,2.295092
1529,2848,2.295092
1530,2848,2.295092
1531,2856,2.301538
1532,2848,2.295092
1533,2842,2.290256
1534,2848,2.295092
1535,2850,2.296703
1536,2848,2.295092
1537,2850,2.296703
1538,2850,2.296703
1539,2858,2.303150
1540,2851,2.297509
1541,2842,2.290256
1542,2858,2.303150
1543,2842,2.290256
1544,2842,2.290256
1545,2858,2.303150
1546,2858,2.303150
1547,2848,2.295092
1548,2850,2.296703
1549,2856,2.301538
1550,2856,2.301538
1551,2850,2.296703
1552,2848,2.295092
1553,2850,2.296703
1554,2856,2.301538
1555,2835,2.284615
1556,2848,2.295092
1557,2850,2.296703
1558,2856,2.301538
1559,2850,2.296703
1560,2850,2.296703
1561,2850,2.296703
1562,2850,2.296703
1563,2856,2.301538
1564,2851,2.297509
1565,2850,2.296703
1566,2863,2.307179
1567,2848,2.295092
1568,2851,2.297509
1569,2848,2.295092
1570,2863,2.307179
1571,2850,2.296703
1572,2851,2.297509
1573,2863,2.307179
1574,2851,2.297509
1575,2863,2.307179
1576,2858,2.303150
1577,2859,2.303956
1578,2863,2.307179
1579,2858,2.303150
1580,2850,2.296703
1581,2875,2.316850
1582,2874,2.316044
1583,2859,2.303956
1584,2851,2.297509
1585,2851,2.297509
1586,2850,2.296703
1587,2859,2.303956
1588,2858,2.303150
1589,2840,2.288645
1590,2858,2.303150
1591,2858,2.303150
1592,2856,2.301538
1593,2863,2.307179
1594,2848,2.295092
1595,2858,2.303150
1596,2856,2.301538
1597,2858,2.303150
1598,2858,2.303150
1599,2867,2.310403
1600,2851,2.297509
1601,2850,2.296703
1602,2858,2.303150
1603,2858,2.303150
1604,2848,2.295092
1605,2859,2.303956
1606,2859,2.303956
1607,2859,2.303956
1608,2859,2.303956
1609,2859,2.303956
1610,2874,2.316044
1611,2863,2.307179
1612,2863,2.307179
1613,2858,2.303150
1614,2858,2.303150
1615,2859,2.303956
1616,2867,2.310403
1617,2863,2.307179
1618,2859,2.303956
1619,2874,2.316044
1620,2859,2.303956
1621,2863,2.307179
1622,2858,2.303150
1623,2874,2.316044
1624,2858,2.303150
1625,2850,2.296703
1626,2875,2.316850
1627,2863,2.307179
1628,2850,2.296703
1629,2859,2.303956
1630,2859,2.303956
1631,2859,2.303956
1632,2859,2.303956
1633,2874,2.316044
1634,2872,2.314432
1635,2863,2.307179
1636,2863,2.307179
1637,2859,2.303956
1638,2863,2.307179
1639,2863,2.307179
1640,2859,2.303956
1641,2863,2.307179
1642,2867,2.310403
1643,2863,2.307179
1644,2859,2.303956
1645,2874,2.316044
1646,2859,2.303956
1647,2863,2.307179
1648,2859,2.303956
1649,2874,2.316044
1650,2863,2.307179
1651,2863,2.307179
1652,2874,2.316044
1653,2867,2.310403
1654,2867,2.310403
1655,2874,2.316044
1656,2859,2.303956
1657,2863,2.307179
1658,2867,2.310403
1659,2859,2.303956
1660,2883,2.323297
1661,2875,2.316850
1662,2874,2.316044
1663,2874,2.316044
1664,2882,2.322491
1665,2859,2.303956
1666,2882,2.322491
1667,2880,2.320879
1668,2882,2.322491
1669,2872,2.314432
1670,2875,2.316850
1671,2867,2.310403
1672,2874,2.316044
1673,2874,2.316044
1674,2863,2.307179
1675,2874,2.316044
1676,2874,2.316044
1677,2867,2.310403
1678,2874,2.316044
1679,2859,2.303956
1680,2874,2.316044
1681,2874,2.316044
1682,2867,2.310403
1683,2875,2.316850
1684,2874,2.316044
1685,2883,2.323297
1686,2867,2.310403
1687,2872,2.314432
1688,2874,2.316044
1689,2882,2.322491
1690,2874,2.316044
1691,2863,2.307179
1692,2874,2.316044
1693,2867,2.310403
1694,2882,2.322491
1695,2863,2.307179
1696,2874,2.316044
1697,2867,2.310403
1698,2890,2.328938
1699,2872,2.314432
1700,2882,2.322491
1701,2882,2.322491
1702,2883,2.323297
1703,2880,2.320879
1704,2875,2.316850
1705,2874,2.316044
1706,2875,2.316850
1707,2883,2.323297
1708,2875,2.316850
1709,2882,2.322491
1710,2872,2.314432
1711,2890,2.328938
1712,2875,2.316850
1713,2882,2.322491
1714,2875,2.316850
1715,2882,2.322491
1716,2863,2.307179
1717,2875,2.316850
1718,2883,2.323297
1719,2875,2.316850
1720,2875,2.316850
1721,2875,2.316850
1722,2882,2.322491
1723,2890,2.328938
1724,2890,2.328938
1725,2875,2.316850
1726,2875,2.316850
1727,2882,2.322491
1728,2890,2.328938
1729,2872,2.314432
1730,2882,2.322491
1731,2882,2.322491
1732,2882,2.322491
1733,2882,2.322491
1734,2891,2.329744
1735,2891,2.329744
1736,2882,2.322491
1737,2890,2.328938
1738,2882,2.322491
1739,2883,2.323297
1740,2882,2.322491
1741,2882,2.322491
1742,2883,2.323297
1743,2891,2.329744
1744,2882,2.322491
1745,2890,2.328938
1746,2874,2.316044
1747,2890,2.328938
1748,2890,2.328938
1749,2882,2.322491
1750,2882,2.322491
1751,2882,2.322491
1752,2890,2.328938
1753,2890,2.328938
1754,2882,2.322491
1755,2891,2.329744
1756,2891,2.329744
1757,2883,2.323297
1758,2888,2.327326
1759,2882,2.322491
1760,2890,2.328938
1761,2888,2.327326
1762,2891,2.329744
1763,2875,2.316850
1764,2883,2.323297
1765,2891,2.329744
1766,2891,2.329744
1767,2882,2.322491
1768,2890,2.328938
1769,2890,2.328938
1770,2888,2.327326
1771,2891,2.329744
1772,2890,2.328938
1773,2888,2.327326
1774,2891,2.329744
1775,2882,2.322491
1776,2895,2.332967
1777,2883,2.323297
1778,2882,2.322491
1779,2890,2.328938
1780,2891,2.329744
1781,2891,2.329744
1782,2890,2.328938
1783,2890,2.328938
1784,2882,2.322491
1785,2891,2.329744
1786,2883,2.323297
1787,2890,2.328938
1788,2883,2.323297
1789,2891,2.329744
1790,2882,2.322491
1791,2883,2.323297
1792,2890,2.328938
1793,2883,2.323297
1794,2888,2.327326
1795,2890,2.328938
1796,2882,2.322491
1797,2891,2.329744
1798,2890,2.328938
1799,2890,2.328938
1800,2912,2.346667
1801,2882,2.322491
1802,2888,2.327326
1803,2891,2.329744
1804,2891,2.329744
1805,2890,2.328938
1806,2891,2.329744
1807,2891,2.329744
1808,2895,2.332967
1809,2890,2.328938
1810,2882,2.322491
1811,2895,2.332967
1812,2895,2.332967
1813,2890,2.328938
1814,2890,2.328938
1815,2890,2.328938
1816,2890,2.328938
1817,2883,2.323297
1818,2895,2.332967
1819,2882,2.322491
1820,2888,2.327326
1821,2890,2.328938
1822,2890,2.328938
1823,2890,2.328938
1824,2875,2.316850
1825,2891,2.329744
1826,2883,2.323297
1827,2875,2.316850
1828,2890,2.328938
1829,2883,2.323297
1830,2891,2.329744
1831,2890,2.328938
1832,2895,2.332967
1833,2882,2.322491
1834,2890,2.328938
1835,2891,2.329744
1836,2890,2.328938
1837,2890,2.328938
1838,2883,2.323297
1839,2891,2.329744
1840,2883,2.323297
1841,2891,2.329744
1842,2875,2.316850
1843,2890,2.328938
1844,2875,2.316850
1845,2883,2.323297
1846,2890,2.328938
1847,2891,2.329744
1848,2883,2.323297
1849,2891,2.329744
1850,2875,2.316850
1851,2883,2.323297
1852,2875,2.316850
1853,2890,2.328938
1854,2888,2.327326
1855,2883,2.323297
1856,2882,2.322491
1857,2882,2.322491
1858,2874,2.316044
1859,2882,2.322491
1860,2890,2.328938
1861,2874,2.316044
1862,2867,2.310403
1863,2874,2.316044
1864,2882,2.322491
1865,2882,2.322491
1866,2882,2.322491
1867,2863,2.307179
1868,2882,2.322491
1869,2883,2.323297
1870,2875,2.316850
1871,2875,2.316850
1872,2888,2.327326
1873,2882,2.322491
1874,2882,2.322491
1875,2874,2.316044
1876,2875,2.316850
1877,2875,2.316850
1878,2883,2.323297
1879,2874,2.316044
1880,2874,2.316044
1881,2882,2.322491
1882,2874,2.316044
1883,2872,2.314432
1884,2882,2.322491
1885,2874,2.316044
1886,2882,2.322491
1887,2882,2.322491
1888,2882,2.322491
1889,2875,2.316850
1890,2882,2.322491
1891,2874,2.316044
1892,2874,2.316044
1893,2863,2.307179
1894,2882,2.322491
1895,2875,2.316850
1896,2874,2.316044
1897,2867,2.310403
1898,2874,2.316044
1899,2867,2.310403
1900,2882,2.322491
1901,2875,2.316850
1902,2874,2.316044
1903,2890,2.328938
1904,2874,2.316044
1905,2875,2.316850
1906,2874,2.316044
1907,2880,2.320879
1908,2883,2.323297
1909,2874,2.316044
1910,2882,2.322491
1911,2890,2.328938
1912,2874,2.316044
1913,2874,2.316044
1914,2875,2.316850
1915,2875,2.316850
1916,2890,2.328938
1917,2874,2.316044
1918,2875,2.316850
1919,2882,2.322491
1920,2883,2.323297
1921,2883,2.323297
1922,2882,2.322491
1923,2875,2.316850
1924,2863,2.307179
1925,2875,2.316850
1926,2891,2.329744
1927,2890,2.328938
1928,2874,2.316044
1929,2875,2.316850
1930,2883,2.323297
1931,2880,2.320879
1932,2882,2.322491
1933,2890,2.328938
1934,2875,2.316850
1935,2875,2.316850
1936,2874,2.316044
1937,2883,2.323297
1938,2874,2.316044
1939,2875,2.316850
1940,2882,2.322491
1941,2875,2.316850
1942,2874,2.316044
1943,2891,2.329744
1944,2883,2.323297
1945,2890,2.328938
1946,2872,2.314432
1947,2882,2.322491
1948,2883,2.323297
1949,2875,2.316850
1950,2890,2.328938
1951,2890,2.328938
1952,2888,2.327326
1953,2891,2.329744
1954,2890,2.328938
1955,2890,2.328938
1956,2890,2.328938
1957,2891,2.329744
1958,2891,2.329744
1959,2883,2.323297
1960,2890,2.328938
1961,2882,2.322491
1962,2899,2.336190
1963,2891,2.329744
1964,2891,2.329744
1965,2890,2.328938
1966,2882,2.322491
1967,2883,2.323297
1968,2890,2.328938
1969,2890,2.328938
1970,2882,2.322491
1971,2890,2.328938
1972,2890,2.328938
1973,2890,2.328938
1974,2890,2.328938
1975,2891,2.329744
1976,2888,2.327326
1977,2882,2.322491
1978,2895,2.332967
1979,2890,2.328938
1980,2890,2.328938
1981,2895,2.332967
1982,2891,2.329744
1983,2890,2.328938
1984,2891,2.329744
1985,2895,2.332967
1986,2890,2.328938
1987,2895,2.332967
1988,2891,2.329744
1989,2899,2.336190
1990,2895,2.332967
1991,2891,2.329744
1992,2891,2.329744
1993,2906,2.341832
1994,2891,2.329744
1995,2895,2.332967
1996,2895,2.332967
1997,2891,2.329744
1998,2890,2.328938
1999,2899,2.336190
2000,2895,2.332967
2001,2890,2.328938
2002,2890,2.328938
2003,2890,2.328938
2004,2899,2.336190
2005,2890,2.328938
2006,2895,2.332967
2007,2890,2.328938
2008,2895,2.332967
2009,2895,2.332967
2010,2895,2.332967
2011,2899,2.336190
2012,2891,2.329744
2013,2890,2.328938
2014,2891,2.329744
2015,2895,2.332967
2016,2891,2.329744
2017,2895,2.332967
2018,2895,2.332967
2019,2895,2.332967
2020,2891,2.329744
2021,2891,2.329744
2022,2899,2.336190
2023,2899,2.336190
2024,2895,2.332967
2025,2888,2.327326
2026,2895,2.332967
2027,2912,2.346667
2028,2912,2.346667
2029,2912,2.346667
2030,2891,2.329744
2031,2895,2.332967
2032,2890,2.328938
2033,2906,2.341832
2034,2899,2.336190
2035,2912,2.346667
2036,2899,2.336190
2037,2883,2.323297
2038,2895,2.332967
2039,2912,2.346667
2040,2895,2.332967
2041,2895,2.332967
2042,2890,2.328938
2043,2904,2.340220
2044,2895,2.332967
2045,2899,2.336190
2046,2891,2.329744
2047,2890,2.328938
2048,2895,2.332967
2049,2895,2.332967
2050,2891,2.329744
2051,2891,2.329744
2052,2890,2.328938
2053,2899,2.336190
2054,2891,2.329744
2055,2899,2.336190
2056,2890,2.328938
2057,2890,2.328938
2058,2890,2.328938
2059,2882,2.322491
2060,2890,2.328938
2061,2888,2.327326
2062,2895,2.332967
2063,2888,2.327326
2064,2882,2.322491
2065,2883,2.323297
2066,2882,2.322491
2067,2891,2.329744
2068,2890,2.328938
2069,2891,2.329744
2070,2883,2.323297
2071,2888,2.327326
2072,2882,2.322491
2073,2882,2.322491
2074,2882,2.322491
2075,2882,2.322491
2076,2882,2.322491
2077,2875,2.316850
2078,2874,2.316044
2079,2863,2.307179
2080,2874,2.316044
2081,2863,2.307179
2082,2863,2.307179
2083,2875,2.316850
2084,2874,2.316044
2085,2872,2.314432
2086,2863,2.307179
2087,2858,2.303150
2088,2867,2.310403
2089,2859,2.303956
2090,2859,2.303956
2091,2851,2.297509
2092,2851,2.297509
2093,2851,2.297509
2094,2851,2.297509
2095,2858,2.303150
2096,2850,2.296703
2097,2858,2.303150
2098,2842,2.290256
2099,2848,2.295092
2100,2848,2.295092
2101,2831,2.281392
2102,2848,2.295092
2103,2827,2.278168
2104,2840,2.288645
2105,2848,2.295092
2106,2827,2.278168
2107,2827,2.278168
2108,2819,2.271722
2109,2827,2.278168
2110,2816,2.269304
2111,2826,2.277363
2112,2818,2.270916
2113,2827,2.278168
2114,2810,2.264469
2115,2816,2.269304
2116,2795,2.252381
2117,2808,2.262857
2118,2795,2.252381
2119,2808,2.262857
2120,2794,2.251575
2121,2799,2.255604
2122,2799,2.255604
2123,2794,2.251575
2124,2786,2.245128
2125,2794,2.251575
2126,2786,2.245128
2127,2784,2.243516
2128,2767,2.229817
2129,2784,2.243516
2130,2784,2.243516
2131,2771,2.233040
2132,2763,2.226593
2133,2755,2.220147
2134,2762,2.225788
2135,2755,2.220147
2136,2747,2.213700
2137,2754,2.219341
2138,2747,2.213700
2139,2744,2.211282
2140,2730,2.200000
2141,2746,2.212894
2142,2731,2.200806
2143,2730,2.200000
2144,2731,2.200806
2145,2720,2.191941
2146,2730,2.200000
2147,2720,2.191941
2148,2714,2.187106
2149,2720,2.191941
2150,2703,2.178242
2151,2698,2.174212
2152,2703,2.178242
2153,2699,2.175018
2154,2698,2.174212
2155,2699,2.175018
2156,2691,2.168571
2157,2699,2.175018
2158,2699,2.175018
2159,2683,2.162125
2160,2682,2.161319
2161,2691,2.168571
2162,2687,2.165348
2163,2682,2.161319
2164,2671,2.152454
2165,2682,2.161319
2166,2682,2.161319
2167,2671,2.152454
2168,2675,2.155678
2169,2682,2.161319
2170,2675,2.155678
2171,2667,2.149231
2172,2683,2.162125
2173,2682,2.161319
2174,2696,2.172601
2175,2683,2.162125
2176,2698,2.174212
2177,2683,2.162125
2178,2687,2.165348
2179,2687,2.165348
2180,2687,2.165348
2181,2687,2.165348
2182,2698,2.174212
2183,2707,2.181465
2184,2712,2.185495
2185,2720,2.191941
2186,2703,2.178242
2187,2720,2.191941
2188,2722,2.193553
2189,2720,2.191941
2190,2731,2.200806
2191,2723,2.194359
2192,2723,2.194359
2193,2731,2.200806
2194,2746,2.212894
2195,2754,2.219341
2196,2747,2.213700
2197,2754,2.219341
2198,2754,2.219341
2199,2755,2.220147
2200,2767,2.229817
2201,2784,2.243516
2202,2771,2.233040
2203,2784,2.243516
2204,2786,2.245128
2205,2786,2.245128
2206,2786,2.245128
2207,2794,2.251575
2208,2786,2.245128
2209,2794,2.251575
2210,2810,2.264469
2211,2795,2.252381
2212,2826,2.277363
2213,2816,2.269304
2214,2827,2.278168
2215,2819,2.271722
2216,2826,2.277363
2217,2835,2.284615
2218,2835,2.284615
2219,2831,2.281392
2220,2842,2.290256
2221,2835,2.284615
2222,2848,2.295092
2223,2848,2.295092
2224,2858,2.303150
2225,2858,2.303150
2226,2858,2.303150
2227,2856,2.301538
2228,2851,2.297509
2229,2863,2.307179
2230,2859,2.303956
2231,2867,2.310403
2232,2863,2.307179
2233,2867,2.310403
2234,2874,2.316044
2235,2867,2.310403
2236,2875,2.316850
2237,2882,2.322491
2238,2883,2.323297
2239,2888,2.327326
2240,2882,2.322491
2241,2883,2.323297
2242,2895,2.332967
2243,2890,2.328938
2244,2899,2.336190
2245,2883,2.323297
2246,2890,2.328938
2247,2891,2.329744
2248,2899,2.336190
2249,2912,2.346667
2250,2912,2.346667
2251,2912,2.346667
2252,2912,2.346667
2253,2923,2.355531
2254,2912,2.346667
2255,2895,2.332967
2256,2912,2.346667
2257,2922,2.354725
2258,2915,2.349084
2259,2912,2.346667
2260,2914,2.348278
2261,2922,2.354725
2262,2923,2.355531
2263,2914,2.348278
2264,2922,2.354725
2265,2922,2.354725
2266,2914,2.348278
2267,2923,2.355531
2268,2923,2.355531
2269,2922,2.354725
2270,2938,2.367619
2271,2927,2.358755
2272,2923,2.355531
2273,2915,2.349084
2274,2931,2.361978
2275,2931,2.361978
2276,2923,2.355531
2277,2923,2.355531
2278,2927,2.358755
2279,2922,2.354725
2280,2927,2.358755
2281,2938,2.367619
2282,2939,2.368425
2283,2923,2.355531
2284,2938,2.367619
2285,2938,2.367619
2286,2927,2.358755
2287,2938,2.367619
2288,2938,2.367619
2289,2927,2.358755
2290,2939,2.368425
2291,2927,2.358755
2292,2938,2.367619
2293,2938,2.367619
2294,2939,2.368425
2295,2931,2.361978
2296,2936,2.366007
2297,2947,2.374872
2298,2954,2.380513
2299,2943,2.371648
2300,2938,2.367619
2301,2927,2.358755
2302,2931,2.361978
2303,2939,2.368425
2304,2954,2.380513
2305,2938,2.367619
2306,2946,2.374066
2307,2939,2.368425
2308,2939,2.368425
2309,2939,2.368425
2310,2954,2.380513
2311,2938,2.367619
2312,2938,2.367619
2313,2946,2.374066
2314,2939,2.368425
2315,2939,2.368425
2316,2946,2.374066
2317,2943,2.371648
2318,2927,2.358755
2319,2946,2.374066
2320,2938,2.367619
2321,2939,2.368425
2322,2939,2.368425
2323,2947,2.374872
2324,2952,2.378901
2325,2943,2.371648
2326,2947,2.374872
2327,2939,2.368425
2328,2954,2.380513
2329,2954,2.380513
2330,2939,2.368425
2331,2938,2.367619
2332,2946,2.374066
2333,2946,2.374066
2334,2939,2.368425
2335,2939,2.368425
2336,2943,2.371648
2337,2952,2.378901
2338,2947,2.374872
2339,2954,2.380513
2340,2954,2.380513
2341,2939,2.368425
2342,2947,2.374872
2343,2939,2.368425
2344,2955,2.381319
2345,2947,2.374872
2346,2955,2.381319
2347,2954,2.380513
2348,2959,2.384542
2349,2939,2.368425
2350,2954,2.380513
2351,2946,2.374066
2352,2947,2.374872
2353,2954,2.380513
2354,2947,2.374872
2355,2939,2.368425
2356,2954,2.380513
2357,2943,2.371648
2358,2959,2.384542
2359,2939,2.368425
2360,2955,2.381319
2361,2939,2.368425
2362,2952,2.378901
2363,2952,2.378901
2364,2955,2.381319
2365,2955,2.381319
2366,2946,2.374066
2367,2947,2.374872
2368,2938,2.367619
2369,2939,2.368425
2370,2947,2.374872
2371,2947,2.374872
2372,2939,2.368425
2373,2955,2.381319
2374,2954,2.380513
2375,2943,2.371648
2376,2943,2.371648
2377,2947,2.374872
2378,2939,2.368425
2379,2954,2.380513
2380,2954,2.380513
2381,2952,2.378901
2382,2947,2.374872
2383,2954,2.380513
2384,2959,2.384542
2385,2954,2.380513
2386,2939,2.368425
2387,2955,2.381319
2388,2947,2.374872
2389,2952,2.378901
2390,2952,2.378901
2391,2955,2.381319
2392,2947,2.374872
2393,2947,2.374872
2394,2955,2.381319
2395,2947,2.374872
2396,2954,2.380513
2397,2955,2.381319
2398,2938,2.367619
2399,2947,2.374872
2400,2943,2.371648
2401,2943,2.371648
2402,2946,2.374066
2403,2939,2.368425
2404,2938,2.367619
2405,2947,2.374872
2406,2947,2.374872
2407,2947,2.374872
2408,2955,2.381319
2409,2954,2.380513
2410,2955,2.381319
2411,2947,2.374872
2412,2954,2.380513
2413,2947,2.374872
2414,2947,2.374872
2415,2947,2.374872
2416,2954,2.380513
2417,2936,2.366007
2418,2939,2.368425
2419,2939,2.368425
2420,2939,2.368425
2421,2939,2.368425
2422,2947,2.374872
2423,2946,2.374066
2424,2939,2.368425
2425,2954,2.380513
2426,2947,2.374872
2427,2955,2.381319
2428,2943,2.371648
2429,2936,2.366007
2430,2954,2.380513
2431,2943,2.371648
2432,2943,2.371648
2433,2943,2.371648
2434,2943,2.371648
2435,2955,2.381319
2436,2947,2.374872
2437,2943,2.371648
2438,2947,2.374872
2439,2938,2.367619
2440,2943,2.371648
2441,2954,2.380513
2442,2946,2.374066
2443,2938,2.367619
2444,2947,2.374872
2445,2954,2.380513
2446,2947,2.374872
2447,2938,2.367619
2448,2947,2.374872
2449,2939,2.368425
2450,2939,2.368425
2451,2939,2.368425
2452,2955,2.381319
2453,2939,2.368425
2454,2946,2.374066
2455,2938,2.367619
2456,2939,2.368425
2457,2954,2.380513
2458,2939,2.368425
2459,2946,2.374066
2460,2955,2.381319
2461,2954,2.380513
2462,2947,2.374872
2463,2939,2.368425
2464,2946,2.374066
2465,2954,2.380513
2466,2939,2.368425
2467,2947,2.374872
2468,2947,2.374872
2469,2959,2.384542
2470,2955,2.381319
2471,2954,2.380513
2472,2939,2.368425
2473,2939,2.368425
2474,2955,2.381319
2475,2939,2.368425
2476,2946,2.374066
2477,2954,2.380513
2478,2955,2.381319
2479,2952,2.378901
2480,2955,2.381319
2481,2959,2.384542
2482,2943,2.371648
2483,2955,2.381319
2484,2936,2.366007
2485,2952,2.378901
2486,2943,2.371648
2487,2939,2.368425
2488,2947,2.374872
2489,2955,2.381319
2490,2939,2.368425
2491,2943,2.371648
2492,2938,2.367619
2493,2947,2.374872
2494,2954,2.380513
2495,2939,2.368425
2496,2939,2.368425
2497,2938,2.367619
2498,2947,2.374872
2499,2952,2.378901
2500,2946,2.374066
2501,2939,2.368425
2502,2943,2.371648
2503,2939,2.368425
2504,2946,2.374066
2505,2943,2.371648
2506,2943,2.371648
2507,2939,2.368425
2508,2938,2.367619
2509,2939,2.368425
2510,2943,2.371648
2511,2938,2.367619
2512,2946,2.374066
2513,2939,2.368425
2514,2954,2.380513
2515,2939,2.368425
2516,2954,2.380513
2517,2947,2.374872
2518,2952,2.378901
2519,2943,2.371648
2520,2947,2.374872
2521,2943,2.371648
2522,2955,2.381319
2523,2946,2.374066
2524,2954,2.380513
2525,2952,2.378901
2526,2939,2.368425
2527,2947,2.374872
2528,2947,2.374872
2529,2938,2.367619
2530,2939,2.368425
2531,2946,2.374066
2532,2952,2.378901
2533,2947,2.374872
2534,2938,2.367619
2535,2946,2.374066
2536,2939,2.368425
2537,2938,2.367619
2538,2939,2.368425
2539,2939,2.368425
2540,2943,2.371648
2541,2931,2.361978
2542,2943,2.371648
2543,2939,2.368425
2544,2938,2.367619
2545,2939,2.368425
2546,2938,2.367619
2547,2938,2.367619
2548,2939,2.368425
2549,2938,2.367619
2550,2938,2.367619
2551,2946,2.374066
2552,2938,2.367619
2553,2939,2.368425
2554,2943,2.371648
2555,2931,2.361978
2556,2939,2.368425
2557,2938,2.367619
2558,2939,2.368425
2559,2938,2.367619
2560,2936,2.366007
2561,2938,2.367619
2562,2931,2.361978
2563,2938,2.367619
2564,2927,2.358755
2565,2943,2.371648
2566,2939,2.368425
2567,2923,2.355531
2568,2939,2.368425
2569,2927,2.358755
2570,2943,2.371648
2571,2938,2.367619
2572,2938,2.367619
2573,2923,2.355531
2574,2931,2.361978
2575,2927,2.358755
2576,2931,2.361978
2577,2938,2.367619
2578,2938,2.367619
2579,2931,2.361978
2580,2938,2.367619
2581,2927,2.358755
2582,2931,2.361978
2583,2922,2.354725
2584,2939,2.368425
2585,2939,2.368425
2586,2931,2.361978
2587,2938,2.367619
2588,2936,2.366007
2589,2927,2.358755
2590,2923,2.355531
2591,2923,2.355531
2592,2938,2.367619
2593,2923,2.355531
2594,2927,2.358755
2595,2927,2.358755
2596,2927,2.358755
2597,2914,2.348278
2598,2922,2.354725
2599,2931,2.361978
2600,2931,2.361978
2601,2922,2.354725
2602,2922,2.354725
2603,2923,2.355531
2604,2922,2.354725
2605,2915,2.349084
2606,2922,2.354725
2607,2927,2.358755
2608,2922,2.354725
2609,2938,2.367619
2610,2923,2.355531
2611,2915,2.349084
2612,2914,2.348278
2613,2915,2.349084
2614,2922,2.354725
2615,2923,2.355531
2616,2915,2.349084
2617,2914,2.348278
2618,2920,2.353114
2619,2922,2.354725
2620,2914,2.348278
2621,2915,2.349084
2622,2914,2.348278
2623,2923,2.355531
2624,2914,2.348278
2625,2922,2.354725
2626,2915,2.349084
2627,2914,2.348278
2628,2915,2.349084
2629,2914,2.348278
2630,2914,2.348278
2631,2912,2.346667
2632,2899,2.336190
2633,2914,2.348278
2634,2912,2.346667
2635,2914,2.348278
2636,2922,2.354725
2637,2923,2.355531
2638,2914,2.348278
2639,2915,2.349084
2640,2915,2.349084
2641,2912,2.346667
2642,2914,2.348278
2643,2914,2.348278
2644,2914,2.348278
2645,2895,2.332967
2646,2895,2.332967
2647,2891,2.329744
2648,2914,2.348278
2649,2899,2.336190
2650,2899,2.336190
2651,2891,2.329744
2652,2915,2.349084
2653,2914,2.348278
2654,2914,2.348278
2655,2912,2.346667
2656,2906,2.341832
2657,2891,2.329744
2658,2891,2.329744
2659,2904,2.340220
2660,2891,2.329744
2661,2890,2.328938
2662,2895,2.332967
2663,2883,2.323297
2664,2880,2.320879
2665,2895,2.332967
2666,2883,2.323297
2667,2890,2.328938
2668,2891,2.329744
2669,2899,2.336190
2670,2874,2.316044
2671,2883,2.323297
2672,2890,2.328938
2673,2891,2.329744
2674,2875,2.316850
2675,2888,2.327326
2676,2883,2.323297
2677,2882,2.322491
2678,2890,2.328938
2679,2895,2.332967
2680,2890,2.328938
2681,2874,2.316044
2682,2874,2.316044
2683,2875,2.316850
2684,2890,2.328938
2685,2883,2.323297
2686,2874,2.316044
2687,2880,2.320879
2688,2863,2.307179
2689,2872,2.314432
2690,2891,2.329744
2691,2882,2.322491
2692,2863,2.307179
2693,2863,2.307179
2694,2874,2.316044
2695,2863,2.307179
2696,2875,2.316850
2697,2880,2.320879
2698,2858,2.303150
2699,2859,2.303956
2700,2858,2.303150
2701,2859,2.303956
2702,2858,2.303150
2703,2872,2.314432
2704,2859,2.303956
2705,2859,2.303956
2706,2851,2.297509
2707,2856,2.301538
2708,2858,2.303150
2709,2858,2.303150
2710,2835,2.284615
2711,2858,2.303150
2712,2848,2.295092
2713,2859,2.303956
2714,2856,2.301538
2715,2851,2.297509
2716,2848,2.295092
2717,2848,2.295092
2718,2850,2.296703
2719,2848,2.295092
2720,2848,2.295092
2721,2840,2.288645
2722,2848,2.295092
2723,2827,2.278168
2724,2848,2.295092
2725,2851,2.297509
2726,2835,2.284615
2727,2840,2.288645
2728,2827,2.278168
2729,2835,2.284615
2730,2831,2.281392
2731,2842,2.290256
2732,2827,2.278168
2733,2824,2.275751
2734,2831,2.281392
2735,2826,2.277363
2736,2831,2.281392
2737,2827,2.278168
2738,2818,2.270916
2739,2826,2.277363
2740,2818,2.270916
2741,2826,2.277363
2742,2818,2.270916
2743,2819,2.271722
2744,2803,2.258828
2745,2816,2.269304
2746,2808,2.262857
2747,2824,2.275751
2748,2810,2.264469
2749,2810,2.264469
2750,2808,2.262857
2751,2810,2.264469
2752,2795,2.252381
2753,2810,2.264469
2754,2803,2.258828
2755,2803,2.258828
2756,2799,2.255604
2757,2794,2.251575
2758,2786,2.245128
2759,2795,2.252381
2760,2787,2.245934
2761,2784,2.243516
2762,2794,2.251575
2763,2799,2.255604
2764,2794,2.251575
2765,2794,2.251575
2766,2787,2.245934
2767,2787,2.245934
2768,2787,2.245934
2769,2787,2.245934
2770,2771,2.233040
2771,2778,2.238681
2772,2786,2.245128
2773,2787,2.245934
2774,2771,2.233040
2775,2763,2.226593
2776,2784,2.243516
2777,2767,2.229817
2778,2784,2.243516
2779,2771,2.233040
2780,2763,2.226593
2781,2767,2.229817
2782,2762,2.225788
2783,2762,2.225788
2784,2755,2.220147
2785,2763,2.226593
2786,2760,2.224176
2787,2760,2.224176
2788,2762,2.225788
2789,2754,2.219341
2790,2754,2.219341
2791,2767,2.229817
2792,2762,2.225788
2793,2755,2.220147
2794,2755,2.220147
2795,2755,2.220147
2796,2754,2.219341
2797,2735,2.204029
2798,2739,2.207253
2799,2735,2.204029
2800,2723,2.194359
2801,2730,2.200000
2802,2735,2.204029
2803,2722,2.193553
2804,2731,2.200806
2805,2722,2.193553
2806,2722,2.193553
2807,2722,2.193553
2808,2723,2.194359
2809,2731,2.200806
2810,2723,2.194359
2811,2720,2.191941
2812,2720,2.191941
2813,2720,2.191941
2814,2703,2.178242
2815,2698,2.174212
2816,2698,2.174212
2817,2698,2.174212
2818,2712,2.185495
2819,2699,2.175018
2820,2707,2.181465
2821,2707,2.181465
2822,2687,2.165348
2823,2687,2.165348
2824,2691,2.168571
2825,2699,2.175018
2826,2699,2.175018
2827,2687,2.165348
2828,2699,2.175018
2829,2698,2.174212
2830,2682,2.161319
2831,2682,2.161319
2832,2671,2.152454
2833,2683,2.162125
2834,2675,2.155678
2835,2667,2.149231
2836,2666,2.148425
2837,2666,2.148425
2838,2656,2.140366
2839,2671,2.152454
2840,2666,2.148425
2841,2667,2.149231
2842,2659,2.142784
2843,2656,2.140366
2844,2658,2.141978
2845,2659,2.142784
2846,2656,2.140366
2847,2658,2.141978
2848,2658,2.141978
2849,2659,2.142784
2850,2656,2.140366
2851,2648,2.133919
2852,2643,2.129890
2853,2656,2.140366
2854,2627,2.116996
2855,2618,2.109744
2856,2626,2.116190
2857,2635,2.123443
2858,2634,2.122637
2859,2635,2.123443
2860,2618,2.109744
2861,2626,2.116190
2862,2635,2.123443
2863,2619,2.110549
2864,2618,2.109744
2865,2626,2.116190
2866,2611,2.104103
2867,2607,2.100879
2868,2619,2.110549
2869,2603,2.097656
2870,2607,2.100879
2871,2611,2.104103
2872,2607,2.100879
2873,2603,2.097656
2874,2611,2.104103
2875,2611,2.104103
2876,2611,2.104103
2877,2603,2.097656
2878,2594,2.090403
2879,2618,2.109744
2880,2607,2.100879
2881,2602,2.096850
2882,2602,2.096850
2883,2619,2.110549
2884,2594,2.090403
2885,2592,2.088791
2886,2594,2.090403
2887,2594,2.090403
2888,2592,2.088791
2889,2571,2.071868
2890,2575,2.075092
2891,2594,2.090403
2892,2595,2.091209
2893,2592,2.088791
2894,2602,2.096850
2895,2579,2.078315
2896,2575,2.075092
2897,2584,2.082344
2898,2575,2.075092
2899,2570,2.071062
2900,2570,2.071062
2901,2554,2.058168
2902,2555,2.058974
2903,2555,2.058974
2904,2559,2.062198
2905,2555,2.058974
2906,2554,2.058168
2907,2570,2.071062
2908,2559,2.062198
2909,2559,2.062198
2910,2547,2.052527
2911,2554,2.058168
2912,2555,2.058974
2913,2554,2.058168
2914,2554,2.058168
2915,2547,2.052527
2916,2543,2.049304
2917,2554,2.058168
2918,2538,2.045275
2919,2539,2.046081
2920,2543,2.049304
2921,2543,2.049304
2922,2547,2.052527
2923,2538,2.045275
2924,2530,2.038828
2925,2530,2.038828
2926,2528,2.037216
2927,2539,2.046081
2928,2543,2.049304
2929,2538,2.045275
2930,2539,2.046081
2931,2530,2.038828
2932,2531,2.039634
2933,2531,2.039634
2934,2538,2.045275
2935,2522,2.032381
2936,2536,2.043663
2937,2531,2.039634
2938,2530,2.038828
2939,2530,2.038828
2940,2531,2.039634
2941,2528,2.037216
2942,2531,2.039634
2943,2528,2.037216
2944,2498,2.013040
2945,2506,2.019487
2946,2506,2.019487
2947,2528,2.037216
2948,2507,2.020293
2949,2498,2.013040
2950,2511,2.023516
2951,2515,2.026740
2952,2498,2.013040
2953,2515,2.026740
2954,2511,2.023516
2955,2528,2.037216
2956,2506,2.019487
2957,2496,2.011429
2958,2499,2.013846
2959,2528,2.037216
2960,2528,2.037216
2961,2507,2.020293
2962,2506,2.019487
2963,2504,2.017875
2964,2506,2.019487
2965,2506,2.019487
2966,2498,2.013040
2967,2499,2.013846
2968,2490,2.006593
2969,2498,2.013040
2970,2490,2.006593
2971,2479,1.997729
2972,2490,2.006593
2973,2498,2.013040
2974,2506,2.019487
2975,2496,2.011429
2976,2499,2.013846
2977,2499,2.013846
2978,2499,2.013846
2979,2490,2.006593
2980,2479,1.997729
2981,2475,1.994505
2982,2483,2.000952
2983,2475,1.994505
2984,2479,1.997729
2985,2496,2.011429
2986,2479,1.997729
2987,2488,2.004982
2988,2475,1.994505
2989,2483,2.000952
2990,2479,1.997729
2991,2475,1.994505
2992,2474,1.993700
2993,2474,1.993700
2994,2474,1.993700
2995,2475,1.994505
2996,2475,1.994505
2997,2464,1.985641
2998,2479,1.997729
2999,2466,1.987253
3000,2458,1.980806
3001,2466,1.987253
3002,2475,1.994505
3003,2464,1.985641
3004,2472,1.992088
3005,2458,1.980806
3006,2451,1.975165
3007,2474,1.993700
3008,2466,1.987253
3009,2466,1.987253
3010,2472,1.992088
3011,2467,1.988059
3012,2456,1.979194
3013,2464,1.985641
3014,2456,1.979194
3015,2464,1.985641
3016,2464,1.985641
3017,2466,1.987253
3018,2466,1.987253
3019,2466,1.987253
3020,2458,1.980806
3021,2447,1.971941
3022,2443,1.968718
3023,2440,1.966300
3024,2435,1.962271
3025,2447,1.971941
3026,2451,1.975165
3027,2440,1.966300
3028,2451,1.975165
3029,2458,1.980806
3030,2451,1.975165
3031,2435,1.962271
3032,2427,1.955824
3033,2427,1.955824
3034,2447,1.971941
3035,2442,1.967912
3036,2447,1.971941
3037,2447,1.971941
3038,2431,1.959048
3039,2427,1.955824
3040,2431,1.959048
3041,2443,1.968718
3042,2431,1.959048
3043,2431,1.959048
3044,2435,1.962271
3045,2415,1.946154
3046,2435,1.962271
3047,2443,1.968718
3048,2427,1.955824
3049,2442,1.967912
3050,2443,1.968718
3051,2440,1.966300
3052,2447,1.971941
3053,2440,1.966300
3054,2424,1.953407
3055,2427,1.955824
3056,2424,1.953407
3057,2410,1.942125
3058,2415,1.946154
3059,2415,1.946154
3060,2411,1.942930
3061,2410,1.942125
3062,2408,1.940513
3063,2426,1.955018
3064,2415,1.946154
3065,2415,1.946154
3066,2402,1.935678
3067,2403,1.936484
3068,2402,1.935678
3069,2402,1.935678
3070,2411,1.942930
3071,2415,1.946154
3072,2415,1.946154
3073,2427,1.955824
3074,2440,1.966300
3075,2434,1.961465
3076,2426,1.955018
3077,2426,1.955018
3078,2427,1.955824
3079,2426,1.955018
3080,2411,1.942930
3081,2411,1.942930
3082,2415,1.946154
3083,2415,1.946154
3084,2402,1.935678
3085,2419,1.949377
3086,2419,1.949377
3087,2443,1.968718
3088,2435,1.962271
3089,2442,1.967912
3090,2427,1.955824
3091,2442,1.967912
3092,2411,1.942930
3093,2415,1.946154
3094,2419,1.949377
3095,2403,1.936484
3096,2419,1.949377
3097,2402,1.935678
3098,2400,1.934066
3099,2403,1.936484
3100,2410,1.942125
3101,2411,1.942930
3102,2379,1.917143
3103,2402,1.935678
3104,2403,1.936484
3105,2383,1.920366
3106,2400,1.934066
3107,2402,1.935678
3108,2379,1.917143
3109,2394,1.929231
3110,2400,1.934066
3111,2400,1.934066
3112,2383,1.920366
3113,2387,1.923590
3114,2379,1.917143
3115,2400,1.934066
3116,2400,1.934066
3117,2383,1.920366
3118,2387,1.923590
3119,2383,1.920366
3120,2400,1.934066
3121,2383,1.920366
3122,2379,1.917143
3123,2402,1.935678
3124,2402,1.935678
3125,2379,1.917143
3126,2394,1.929231
3127,2378,1.916337
3128,2400,1.934066
3129,2371,1.910696
3130,2383,1.920366
3131,2379,1.917143
3132,2394,1.929231
3133,2383,1.920366
3134,2383,1.920366
3135,2400,1.934066
3136,2371,1.910696
3137,2400,1.934066
3138,2400,1.934066
3139,2400,1.934066
3140,2400,1.934066
3141,2379,1.917143
3142,2387,1.923590
3143,2378,1.916337
3144,2378,1.916337
3145,2379,1.917143
3146,2379,1.917143
3147,2362,1.903443
3148,2370,1.909890
3149,2378,1.916337
3150,2371,1.910696
3151,2370,1.909890
3152,2370,1.909890
3153,2370,1.909890
3154,2378,1.916337
3155,2378,1.916337
3156,2360,1.901832
3157,2378,1.916337
3158,2371,1.910696
3159,2368,1.908278
3160,2363,1.904249
3161,2378,1.916337
3162,2379,1.917143
3163,2355,1.897802
3164,2355,1.897802
3165,2347,1.891355
3166,2346,1.890549
3167,2362,1.903443
3168,2362,1.903443
3169,2355,1.897802
3170,2351,1.894579
3171,2347,1.891355
3172,2351,1.894579
3173,2360,1.901832
3174,2362,1.903443
3175,2355,1.897802
3176,2362,1.903443
3177,2362,1.903443
3178,2339,1.884908
3179,2370,1.909890
3180,2362,1.903443
3181,2362,1.903443
3182,2370,1.909890
3183,2362,1.903443
3184,2347,1.891355
3185,2355,1.897802
3186,2362,1.903443
3187,2355,1.897802
3188,2351,1.894579
3189,2339,1.884908
3190,2355,1.897802
3191,2351,1.894579
3192,2346,1.890549
3193,2351,1.894579
3194,2347,1.891355
3195,2346,1.890549
3196,2351,1.894579
3197,2351,1.894579
3198,2351,1.894579
3199,2362,1.903443
3200,2362,1.903443
3201,2344,1.888938
3202,2347,1.891355
3203,2355,1.897802
3204,2355,1.897802
3205,2344,1.888938
3206,2362,1.903443
3207,2347,1.891355
3208,2339,1.884908
3209,2346,1.890549
3210,2339,1.884908
3211,2346,1.890549
3212,2339,1.884908
3213,2346,1.890549
3214,2339,1.884908
3215,2347,1.891355
3216,2362,1.903443
3217,2339,1.884908
3218,2339,1.884908
3219,2344,1.888938
3220,2346,1.890549
3221,2338,1.884103
3222,2339,1.884908
3223,2339,1.884908
3224,2344,1.888938
3225,2338,1.884103
3226,2338,1.884103
3227,2339,1.884908
3228,2338,1.884103
3229,2336,1.882491
3230,2347,1.891355
3231,2323,1.872015
3232,2314,1.864762
3233,2323,1.872015
3234,2330,1.877656
3235,2336,1.882491
3236,2338,1.884103
3237,2338,1.884103
3238,2336,1.882491
3239,2319,1.868791
3240,2336,1.882491
3241,2336,1.882491
3242,2336,1.882491
3243,2328,1.876044
3244,2330,1.877656
3245,2339,1.884908
3246,2339,1.884908
3247,2336,1.882491
3248,2336,1.882491
3249,2336,1.882491
3250,2319,1.868791
3251,2346,1.890549
3252,2336,1.882491
3253,2336,1.882491
3254,2338,1.884103
3255,2338,1.884103
3256,2346,1.890549
3257,2336,1.882491
3258,2336,1.882491
3259,2330,1.877656
3260,2330,1.877656
3261,2319,1.868791
3262,2315,1.865568
3263,2336,1.882491
3264,2339,1.884908
3265,2336,1.882491
3266,2336,1.882491
3267,2319,1.868791
3268,2336,1.882491
3269,2330,1.877656
3270,2328,1.876044
3271,2336,1.882491
3272,2336,1.882491
3273,2339,1.884908
3274,2338,1.884103
3275,2330,1.877656
3276,2338,1.884103
3277,2323,1.872015
3278,2346,1.890549
3279,2323,1.872015
3280,2314,1.864762
3281,2315,1.865568
3282,2319,1.868791
3283,2323,1.872015
3284,2319,1.868791
3285,2328,1.876044
3286,2339,1.884908
3287,2319,1.868791
3288,2323,1.872015
3289,2338,1.884103
3290,2323,1.872015
3291,2330,1.877656
3292,2312,1.863150
3293,2315,1.865568
3294,2323,1.872015
3295,2328,1.876044
3296,2315,1.865568
3297,2312,1.863150
3298,2328,1.876044
3299,2323,1.872015
3300,2319,1.868791
3301,2319,1.868791
3302,2330,1.877656
3303,2315,1.865568
3304,2328,1.876044
3305,2330,1.877656
3306,2319,1.868791
3307,2330,1.877656
3308,2319,1.868791
3309,2315,1.865568
3310,2315,1.865568
3311,2330,1.877656
3312,2315,1.865568
3313,2330,1.877656
3314,2330,1.877656
3315,2314,1.864762
3316,2319,1.868791
3317,2315,1.865568
3318,2323,1.872015
3319,2319,1.868791
3320,2314,1.864762
3321,2315,1.865568
3322,2323,1.872015
3323,2336,1.882491
3324,2315,1.865568
3325,2336,1.882491
3326,2323,1.872015
3327,2336,1.882491
3328,2323,1.872015
3329,2346,1.890549
3330,2336,1.882491
3331,2338,1.884103
3332,2323,1.872015
3333,2319,1.868791
3334,2319,1.868791
3335,2319,1.868791
3336,2319,1.868791
3337,2319,1.868791
3338,2336,1.882491
3339,2330,1.877656
3340,2307,1.859121
3341,2315,1.865568
3342,2330,1.877656
3343,2328,1.876044
3344,2315,1.865568
3345,2323,1.872015
3346,2323,1.872015
3347,2336,1.882491
3348,2319,1.868791
3349,2330,1.877656
3350,2319,1.868791
3351,2314,1.864762
3352,2315,1.865568
3353,2315,1.865568
3354,2315,1.865568
3355,2307,1.859121
3356,2336,1.882491
3357,2314,1.864762
3358,2319,1.868791
3359,2314,1.864762
3360,2314,1.864762
3361,2303,1.855897
3362,2330,1.877656
3363,2314,1.864762
3364,2314,1.864762
3365,2319,1.868791
3366,2319,1.868791
3367,2314,1.864762
3368,2315,1.865568
3369,2319,1.868791
3370,2323,1.872015
3371,2303,1.855897
3372,2328,1.876044
3373,2314,1.864762
3374,2307,1.859121
3375,2314,1.864762
3376,2315,1.865568
3377,2319,1.868791
3378,2315,1.865568
3379,2315,1.865568
3380,2315,1.865568
3381,2312,1.863150
3382,2307,1.859121
3383,2315,1.865568
3384,2314,1.864762
3385,2298,1.851868
3386,2303,1.855897
3387,2315,1.865568
3388,2307,1.859121
3389,2307,1.859121
3390,2307,1.859121
3391,2314,1.864762
3392,2323,1.872015
3393,2319,1.868791
3394,2303,1.855897
3395,2314,1.864762
3396,2315,1.865568
3397,2303,1.855897
3398,2303,1.855897
3399,2319,1.868791
3400,2314,1.864762
3401,2299,1.852674
3402,2315,1.865568
3403,2314,1.864762
3404,2323,1.872015
3405,2315,1.865568
3406,2307,1.859121
3407,2323,1.872015
3408,2307,1.859121
3409,2307,1.859121
3410,2323,1.872015
3411,2303,1.855897
3412,2314,1.864762
3413,2315,1.865568
3414,2303,1.855897
3415,2314,1.864762
3416,2314,1.864762
3417,2303,1.855897
3418,2303,1.855897
3419,2314,1.864762
3420,2299,1.852674
3421,2315,1.865568
3422,2315,1.865568
3423,2319,1.868791
3424,2299,1.852674
3425,2315,1.865568
3426,2307,1.859121
3427,2319,1.868791
3428,2314,1.864762
3429,2307,1.859121
3430,2319,1.868791
3431,2314,1.864762
3432,2319,1.868791
3433,2319,1.868791
3434,2315,1.865568
3435,2319,1.868791
3436,2314,1.864762
3437,2299,1.852674
3438,2314,1.864762
3439,2314,1.864762
3440,2315,1.865568
3441,2312,1.863150
3442,2319,1.868791
3443,2315,1.865568
3444,2319,1.868791
3445,2314,1.864762
3446,2328,1.876044
3447,2330,1.877656
3448,2303,1.855897
3449,2314,1.864762
3450,2323,1.872015
3451,2330,1.877656
3452,2323,1.872015
3453,2314,1.864762
3454,2315,1.865568
3455,2307,1.859121
3456,2336,1.882491
3457,2330,1.877656
3458,2323,1.872015
3459,2314,1.864762
3460,2314,1.864762
3461,2315,1.865568
3462,2323,1.872015
3463,2336,1.882491
3464,2319,1.868791
3465,2319,1.868791
3466,2323,1.872015
3467,2323,1.872015
3468,2330,1.877656
3469,2319,1.868791
3470,2330,1.877656
3471,2336,1.882491
3472,2315,1.865568
3473,2315,1.865568
3474,2336,1.882491
3475,2323,1.872015
3476,2323,1.872015
3477,2330,1.877656
3478,2336,1.882491
3479,2319,1.868791
3480,2330,1.877656
3481,2336,1.882491
3482,2328,1.876044
3483,2338,1.884103
3484,2323,1.872015
3485,2319,1.868791
3486,2319,1.868791
3487,2336,1.882491
3488,2330,1.877656
3489,2336,1.882491
3490,2330,1.877656
3491,2347,1.891355
3492,2336,1.882491
3493,2339,1.884908
3494,2338,1.884103
3495,2339,1.884908
3496,2338,1.884103
3497,2347,1.891355
3498,2339,1.884908
3499,2336,1.882491
3500,2339,1.884908
3501,2347,1.891355
3502,2338,1.884103
3503,2336,1.882491
3504,2338,1.884103
3505,2346,1.890549
3506,2339,1.884908
3507,2338,1.884103
3508,2338,1.884103
3509,2351,1.894579
3510,2346,1.890549
3511,2346,1.890549
3512,2346,1.890549
3513,2339,1.884908
3514,2347,1.891355
3515,2346,1.890549
3516,2344,1.888938
3517,2338,1.884103
3518,2346,1.890549
3519,2346,1.890549
3520,2339,1.884908
3521,2351,1.894579
3522,2339,1.884908
3523,2351,1.894579
3524,2363,1.904249
3525,2347,1.891355
3526,2346,1.890549
3527,2339,1.884908
3528,2347,1.891355
3529,2351,1.894579
3530,2363,1.904249
3531,2378,1.916337
3532,2363,1.904249
3533,2363,1.904249
3534,2362,1.903443
3535,2363,1.904249
3536,2362,1.903443
3537,2362,1.903443
3538,2360,1.901832
3539,2355,1.897802
3540,2363,1.904249
3541,2363,1.904249
3542,2370,1.909890
3543,2378,1.916337
3544,2378,1.916337
3545,2370,1.909890
3546,2378,1.916337
3547,2371,1.910696
3548,2379,1.917143
3549,2383,1.920366
3550,2371,1.910696
3551,2387,1.923590
3552,2383,1.920366
3553,2383,1.920366
3554,2387,1.923590
3555,2392,1.927619
3556,2400,1.934066
3557,2400,1.934066
3558,2383,1.920366
3559,2400,1.934066
3560,2400,1.934066
3561,2402,1.935678
3562,2387,1.923590
3563,2400,1.934066
3564,2400,1.934066
3565,2403,1.936484
3566,2400,1.934066
3567,2400,1.934066
3568,2403,1.936484
3569,2403,1.936484
3570,2410,1.942125
3571,2411,1.942930
3572,2403,1.936484
3573,2411,1.942930
3574,2403,1.936484
3575,2415,1.946154
3576,2419,1.949377
3577,2411,1.942930
3578,2415,1.946154
3579,2415,1.946154
3580,2419,1.949377
3581,2426,1.955018
3582,2427,1.955824
3583,2415,1.946154
3584,2434,1.961465
3585,2426,1.955018
3586,2427,1.955824
3587,2427,1.955824
3588,2427,1.955824
3589,2440,1.966300
3590,2435,1.962271
3591,2427,1.955824
3592,2442,1.967912
3593,2458,1.980806
3594,2451,1.975165
3595,2447,1.971941
3596,2442,1.967912
3597,2451,1.975165
3598,2443,1.968718
3599,2447,1.971941
3600,2451,1.975165
3601,2447,1.971941
3602,2467,1.988059
3603,2458,1.980806
3604,2464,1.985641
3605,2472,1.992088
3606,2466,1.987253
3607,2467,1.988059
3608,2475,1.994505
3609,2467,1.988059
3610,2466,1.987253
3611,2483,2.000952
3612,2479,1.997729
3613,2498,2.013040
3614,2499,2.013846
3615,2498,2.013040
3616,2490,2.006593
3617,2490,2.006593
3618,2498,2.013040
3619,2491,2.007399
3620,2506,2.019487
3621,2506,2.019487
3622,2507,2.020293
3623,2507,2.020293
3624,2522,2.032381
3625,2515,2.026740
3626,2522,2.032381
3627,2522,2.032381
3628,2528,2.037216
3629,2522,2.032381
3630,2528,2.037216
3631,2539,2.046081
3632,2531,2.039634
3633,2538,2.045275
3634,2531,2.039634
3635,2530,2.038828
3636,2554,2.058168
3637,2547,2.052527
3638,2543,2.049304
3639,2554,2.058168
3640,2554,2.058168
3641,2559,2.062198
3642,2555,2.058974
3643,2559,2.062198
3644,2568,2.069451
3645,2554,2.058168
3646,2575,2.075092
3647,2570,2.071062
