Pixel,ADC,VoltageV
1,3927,3.164615
2,3934,3.170256
3,3935,3.171062
4,3924,3.162198
5,3926,3.163810
6,3927,3.164615
7,3927,3.164615
8,3924,3.162198
9,3924,3.162198
10,3926,3.163810
11,3924,3.162198
12,3926,3.163810
13,3927,3.164615
14,3927,3.164615
15,3927,3.164615
16,3920,3.158974
17,3175,2.558608
18,2624,2.114579
19,2640,2.127473
20,2646,2.132308
21,2647,2.133114
22,2647,2.133114
23,2660,2.143590
24,2644,2.130696
25,2660,2.143590
26,2652,2.137143
27,2644,2.130696
28,2654,2.138755
29,2655,2.139560
30,2663,2.146007
31,2647,2.133114
32,2660,2.143590
33,2655,2.139560
34,2654,2.138755
35,2654,2.138755
36,2654,2.138755
37,2662,2.145201
38,2652,2.137143
39,2647,2.133114
40,2644,2.130696
41,2647,2.133114
42,2655,2.139560
43,2654,2.138755
44,2646,2.132308
45,2644,2.130696
46,2652,2.137143
47,2646,2.132308
48,2647,2.133114
49,2663,2.146007
50,2654,2.138755
51,2646,2.132308
52,2653,2.137949
53,2655,2.139560
54,2652,2.137143
55,2647,2.133114
56,2652,2.137143
57,2647,2.133114
58,2647,2.133114
59,2644,2.130696
60,2654,2.138755
61,2652,2.137143
62,2660,2.143590
63,2655,2.139560
64,2647,2.133114
65,2647,2.133114
66,2644,2.130696
67,2646,2.132308
68,2640,2.127473
69,2655,2.139560
70,2647,2.133114
71,2640,2.127473
72,2663,2.146007
73,2654,2.138755
74,2662,2.145201
75,2660,2.143590
76,2662,2.145201
77,2663,2.146007
78,2647,2.133114
79,2646,2.132308
80,2655,2.139560
81,2647,2.133114
82,2662,2.145201
83,2663,2.146007
84,2672,2.153260
85,2672,2.153260
86,2655,2.139560
87,2647,2.133114
88,2654,2.138755
89,2647,2.133114
90,2646,2.132308
91,2672,2.153260
92,2660,2.143590
93,2654,2.138755
94,2655,2.139560
95,2655,2.139560
96,2654,2.138755
97,2660,2.143590
98,2655,2.139560
99,2654,2.138755
100,2646,2.132308
101,2654,2.138755
102,2647,2.133114
103,2654,2.138755
104,2646,2.132308
105,2647,2.133114
106,2655,2.139560
107,2660,2.143590
108,2647,2.133114
109,2644,2.130696
110,2644,2.130696
111,2640,2.127473
112,2647,2.133114
113,2652,2.137143
114,2647,2.133114
115,2640,2.127473
116,2644,2.130696
117,2640,2.127473
118,2652,2.137143
119,2655,2.139560
120,2647,2.133114
121,2652,2.137143
122,2647,2.133114
123,2654,2.138755
124,2644,2.130696
125,2652,2.137143
126,2647,2.133114
127,2646,2.132308
128,2646,2.132308
129,2647,2.133114
130,2652,2.137143
131,2646,2.132308
132,2654,2.138755
133,2654,2.138755
134,2647,2.133114
135,2654,2.138755
136,2652,2.137143
137,2646,2.132308
138,2662,2.145201
139,2652,2.137143
140,2660,2.143590
141,2654,2.138755
142,2654,2.138755
143,2655,2.139560
144,2672,2.153260
145,2655,2.139560
146,2655,2.139560
147,2652,2.137143
148,2652,2.137143
149,2663,2.146007
150,2652,2.137143
151,2647,2.133114
152,2647,2.133114
153,2644,2.130696
154,2660,2.143590
155,2663,2.146007
156,2652,2.137143
157,2654,2.138755
158,2646,2.132308
159,2655,2.139560
160,2662,2.145201
161,2652,2.137143
162,2647,2.133114
163,2660,2.143590
164,2662,2.145201
165,2663,2.146007
166,2654,2.138755
167,2647,2.133114
168,2652,2.137143
169,2654,2.138755
170,2672,2.153260
171,2655,2.139560
172,2660,2.143590
173,2662,2.145201
174,2654,2.138755
175,2647,2.133114
176,2662,2.145201
177,2660,2.143590
178,2660,2.143590
179,2647,2.133114
180,2654,2.138755
181,2647,2.133114
182,2652,2.137143
183,2647,2.133114
184,2644,2.130696
185,2640,2.127473
186,2644,2.130696
187,2644,2.130696
188,2646,2.132308
189,2644,2.130696
190,2644,2.130696
191,2640,2.127473
192,2647,2.133114
193,2640,2.127473
194,2654,2.138755
195,2646,2.132308
196,2644,2.130696
197,2640,2.127473
198,2647,2.133114
199,2652,2.137143
200,2646,2.132308
201,2640,2.127473
202,2640,2.127473
203,2647,2.133114
204,2644,2.130696
205,2646,2.132308
206,2631,2.120220
207,2631,2.120220
208,2644,2.130696
209,2647,2.133114
210,2652,2.137143
211,2640,2.127473
212,2647,2.133114
213,2654,2.138755
214,2647,2.133114
215,2647,2.133114
216,2640,2.127473
217,2647,2.133114
218,2647,2.133114
219,2644,2.130696
220,2644,2.130696
221,2647,2.133114
222,2646,2.132308
223,2647,2.133114
224,2652,2.137143
225,2647,2.133114
226,2652,2.137143
227,2652,2.137143
228,2660,2.143590
229,2653,2.137949
230,2660,2.143590
231,2654,2.138755
232,2647,2.133114
233,2654,2.138755
234,2652,2.137143
235,2646,2.132308
236,2654,2.138755
237,2647,2.133114
238,2647,2.133114
239,2644,2.130696
240,2646,2.132308
241,2645,2.131502
242,2652,2.137143
243,2640,2.127473
244,2640,2.127473
245,2655,2.139560
246,2644,2.130696
247,2647,2.133114
248,2655,2.139560
249,2654,2.138755
250,2647,2.133114
251,2644,2.130696
252,2655,2.139560
253,2646,2.132308
254,2647,2.133114
255,2640,2.127473
256,2647,2.133114
257,2644,2.130696
258,2644,2.130696
259,2640,2.127473
260,2660,2.143590
261,2652,2.137143
262,2647,2.133114
263,2647,2.133114
264,2644,2.130696
265,2644,2.130696
266,2647,2.133114
267,2663,2.146007
268,2644,2.130696
269,2646,2.132308
270,2655,2.139560
271,2644,2.130696
272,2655,2.139560
273,2644,2.130696
274,2652,2.137143
275,2654,2.138755
276,2640,2.127473
277,2654,2.138755
278,2644,2.130696
279,2647,2.133114
280,2640,2.127473
281,2636,2.124249
282,2647,2.133114
283,2652,2.137143
284,2647,2.133114
285,2640,2.127473
286,2654,2.138755
287,2654,2.138755
288,2652,2.137143
289,2646,2.132308
290,2655,2.139560
291,2652,2.137143
292,2647,2.133114
293,2647,2.133114
294,2655,2.139560
295,2646,2.132308
296,2647,2.133114
297,2631,2.120220
298,2646,2.132308
299,2647,2.133114
300,2655,2.139560
301,2640,2.127473
302,2647,2.133114
303,2631,2.120220
304,2630,2.119414
305,2646,2.132308
306,2647,2.133114
307,2640,2.127473
308,2644,2.130696
309,2640,2.127473
310,2647,2.133114
311,2646,2.132308
312,2654,2.138755
313,2660,2.143590
314,2647,2.133114
315,2660,2.143590
316,2662,2.145201
317,2647,2.133114
318,2660,2.143590
319,2662,2.145201
320,2647,2.133114
321,2647,2.133114
322,2660,2.143590
323,2660,2.143590
324,2663,2.146007
325,2655,2.139560
326,2654,2.138755
327,2655,2.139560
328,2662,2.145201
329,2672,2.153260
330,2663,2.146007
331,2647,2.133114
332,2663,2.146007
333,2655,2.139560
334,2654,2.138755
335,2660,2.143590
336,2660,2.143590
337,2660,2.143590
338,2655,2.139560
339,2644,2.130696
340,2662,2.145201
341,2654,2.138755
342,2654,2.138755
343,2660,2.143590
344,2655,2.139560
345,2655,2.139560
346,2654,2.138755
347,2660,2.143590
348,2676,2.156484
349,2652,2.137143
350,2655,2.139560
351,2660,2.143590
352,2662,2.145201
353,2672,2.153260
354,2676,2.156484
355,2672,2.153260
356,2672,2.153260
357,2663,2.146007
358,2676,2.156484
359,2662,2.145201
360,2660,2.143590
361,2647,2.133114
362,2663,2.146007
363,2662,2.145201
364,2676,2.156484
365,2652,2.137143
366,2655,2.139560
367,2652,2.137143
368,2655,2.139560
369,2654,2.138755
370,2646,2.132308
371,2647,2.133114
372,2654,2.138755
373,2647,2.133114
374,2647,2.133114
375,2655,2.139560
376,2654,2.138755
377,2655,2.139560
378,2647,2.133114
379,2654,2.138755
380,2647,2.133114
381,2647,2.133114
382,2646,2.132308
383,2647,2.133114
384,2631,2.120220
385,2652,2.137143
386,2652,2.137143
387,2646,2.132308
388,2655,2.139560
389,2655,2.139560
390,2652,2.137143
391,2662,2.145201
392,2652,2.137143
393,2644,2.130696
394,2654,2.138755
395,2654,2.138755
396,2654,2.138755
397,2647,2.133114
398,2652,2.137143
399,2652,2.137143
400,2647,2.133114
401,2662,2.145201
402,2647,2.133114
403,2646,2.132308
404,2640,2.127473
405,2660,2.143590
406,2644,2.130696
407,2662,2.145201
408,2654,2.138755
409,2663,2.146007
410,2646,2.132308
411,2647,2.133114
412,2644,2.130696
413,2663,2.146007
414,2640,2.127473
415,2662,2.145201
416,2660,2.143590
417,2663,2.146007
418,2655,2.139560
419,2654,2.138755
420,2660,2.143590
421,2655,2.139560
422,2640,2.127473
423,2663,2.146007
424,2652,2.137143
425,2640,2.127473
426,2647,2.133114
427,2655,2.139560
428,2644,2.130696
429,2631,2.120220
430,2640,2.127473
431,2654,2.138755
432,2646,2.132308
433,2644,2.130696
434,2645,2.131502
435,2646,2.132308
436,2630,2.119414
437,2631,2.120220
438,2646,2.132308
439,2654,2.138755
440,2640,2.127473
441,2660,2.143590
442,2662,2.145201
443,2644,2.130696
444,2647,2.133114
445,2655,2.139560
446,2654,2.138755
447,2660,2.143590
448,2660,2.143590
449,2654,2.138755
450,2647,2.133114
451,2647,2.133114
452,2640,2.127473
453,2654,2.138755
454,2640,2.127473
455,2646,2.132308
456,2660,2.143590
457,2640,2.127473
458,2655,2.139560
459,2647,2.133114
460,2647,2.133114
461,2644,2.130696
462,2655,2.139560
463,2652,2.137143
464,2654,2.138755
465,2652,2.137143
466,2655,2.139560
467,2660,2.143590
468,2647,2.133114
469,2655,2.139560
470,2660,2.143590
471,2672,2.153260
472,2647,2.133114
473,2676,2.156484
474,2663,2.146007
475,2676,2.156484
476,2678,2.158095
477,2679,2.158901
478,2672,2.153260
479,2668,2.150037
480,2678,2.158095
481,2655,2.139560
482,2647,2.133114
483,2663,2.146007
484,2654,2.138755
485,2647,2.133114
486,2655,2.139560
487,2660,2.143590
488,2647,2.133114
489,2647,2.133114
490,2647,2.133114
491,2652,2.137143
492,2654,2.138755
493,2655,2.139560
494,2655,2.139560
495,2662,2.145201
496,2662,2.145201
497,2663,2.146007
498,2672,2.153260
499,2660,2.143590
500,2663,2.146007
501,2662,2.145201
502,2679,2.158901
503,2663,2.146007
504,2672,2.153260
505,2672,2.153260
506,2672,2.153260
507,2672,2.153260
508,2660,2.143590
509,2660,2.143590
510,2660,2.143590
511,2660,2.143590
512,2644,2.130696
513,2652,2.137143
514,2644,2.130696
515,2655,2.139560
516,2640,2.127473
517,2654,2.138755
518,2654,2.138755
519,2660,2.143590
520,2663,2.146007
521,2662,2.145201
522,2672,2.153260
523,2663,2.146007
524,2672,2.153260
525,2678,2.158095
526,2662,2.145201
527,2676,2.156484
528,2672,2.153260
529,2672,2.153260
530,2672,2.153260
531,2678,2.158095
532,2672,2.153260
533,2660,2.143590
534,2676,2.156484
535,2672,2.153260
536,2678,2.158095
537,2678,2.158095
538,2672,2.153260
539,2672,2.153260
540,2678,2.158095
541,2663,2.146007
542,2663,2.146007
543,2660,2.143590
544,2672,2.153260
545,2655,2.139560
546,2662,2.145201
547,2660,2.143590
548,2672,2.153260
549,2672,2.153260
550,2679,2.158901
551,2676,2.156484
552,2660,2.143590
553,2660,2.143590
554,2663,2.146007
555,2668,2.150037
556,2660,2.143590
557,2654,2.138755
558,2672,2.153260
559,2662,2.145201
560,2672,2.153260
561,2672,2.153260
562,2672,2.153260
563,2676,2.156484
564,2663,2.146007
565,2662,2.145201
566,2655,2.139560
567,2672,2.153260
568,2672,2.153260
569,2663,2.146007
570,2663,2.146007
571,2672,2.153260
572,2672,2.153260
573,2655,2.139560
574,2672,2.153260
575,2668,2.150037
576,2660,2.143590
577,2660,2.143590
578,2662,2.145201
579,2655,2.139560
580,2655,2.139560
581,2663,2.146007
582,2672,2.153260
583,2647,2.133114
584,2663,2.146007
585,2660,2.143590
586,2660,2.143590
587,2676,2.156484
588,2660,2.143590
589,2660,2.143590
590,2652,2.137143
591,2660,2.143590
592,2663,2.146007
593,2663,2.146007
594,2654,2.138755
595,2660,2.143590
596,2663,2.146007
597,2672,2.153260
598,2652,2.137143
599,2672,2.153260
600,2662,2.145201
601,2672,2.153260
602,2654,2.138755
603,2660,2.143590
604,2672,2.153260
605,2672,2.153260
606,2676,2.156484
607,2663,2.146007
608,2672,2.153260
609,2678,2.158095
610,2660,2.143590
611,2672,2.153260
612,2672,2.153260
613,2672,2.153260
614,2655,2.139560
615,2663,2.146007
616,2672,2.153260
617,2663,2.146007
618,2663,2.146007
619,2655,2.139560
620,2662,2.145201
621,2672,2.153260
622,2676,2.156484
623,2662,2.145201
624,2662,2.145201
625,2668,2.150037
626,2663,2.146007
627,2676,2.156484
628,2676,2.156484
629,2655,2.139560
630,2672,2.153260
631,2676,2.156484
632,2663,2.146007
633,2672,2.153260
634,2678,2.158095
635,2676,2.156484
636,2684,2.162930
637,2679,2.158901
638,2679,2.158901
639,2679,2.158901
640,2684,2.162930
641,2694,2.170989
642,2679,2.158901
643,2692,2.169377
644,2678,2.158095
645,2672,2.153260
646,2678,2.158095
647,2688,2.166154
648,2663,2.146007
649,2662,2.145201
650,2663,2.146007
651,2684,2.162930
652,2672,2.153260
653,2678,2.158095
654,2672,2.153260
655,2662,2.145201
656,2676,2.156484
657,2688,2.166154
658,2684,2.162930
659,2663,2.146007
660,2662,2.145201
661,2676,2.156484
662,2676,2.156484
663,2672,2.153260
664,2679,2.158901
665,2672,2.153260
666,2662,2.145201
667,2672,2.153260
668,2672,2.153260
669,2676,2.156484
670,2676,2.156484
671,2679,2.158901
672,2676,2.156484
673,2688,2.166154
674,2676,2.156484
675,2672,2.153260
676,2668,2.150037
677,2676,2.156484
678,2684,2.162930
679,2679,2.158901
680,2676,2.156484
681,2672,2.153260
682,2676,2.156484
683,2672,2.153260
684,2678,2.158095
685,2676,2.156484
686,2688,2.166154
687,2684,2.162930
688,2663,2.146007
689,2678,2.158095
690,2676,2.156484
691,2672,2.153260
692,2676,2.156484
693,2676,2.156484
694,2678,2.158095
695,2663,2.146007
696,2676,2.156484
697,2672,2.153260
698,2679,2.158901
699,2688,2.166154
700,2684,2.162930
701,2692,2.169377
702,2692,2.169377
703,2692,2.169377
704,2692,2.169377
705,2688,2.166154
706,2695,2.171795
707,2695,2.171795
708,2688,2.166154
709,2694,2.170989
710,2692,2.169377
711,2692,2.169377
712,2694,2.170989
713,2684,2.162930
714,2692,2.169377
715,2704,2.179048
716,2678,2.158095
717,2679,2.158901
718,2695,2.171795
719,2688,2.166154
720,2684,2.162930
721,2686,2.164542
722,2684,2.162930
723,2694,2.170989
724,2694,2.170989
725,2694,2.170989
726,2688,2.166154
727,2684,2.162930
728,2704,2.179048
729,2694,2.170989
730,2704,2.179048
731,2694,2.170989
732,2692,2.169377
733,2700,2.175824
734,2704,2.179048
735,2708,2.182271
736,2688,2.166154
737,2679,2.158901
738,2684,2.162930
739,2676,2.156484
740,2684,2.162930
741,2688,2.166154
742,2684,2.162930
743,2695,2.171795
744,2692,2.169377
745,2679,2.158901
746,2692,2.169377
747,2686,2.164542
748,2684,2.162930
749,2692,2.169377
750,2688,2.166154
751,2694,2.170989
752,2692,2.169377
753,2679,2.158901
754,2695,2.171795
755,2688,2.166154
756,2694,2.170989
757,2695,2.171795
758,2695,2.171795
759,2700,2.175824
760,2694,2.170989
761,2695,2.171795
762,2711,2.184689
763,2711,2.184689
764,2695,2.171795
765,2692,2.169377
766,2704,2.179048
767,2692,2.169377
768,2692,2.169377
769,2695,2.171795
770,2679,2.158901
771,2704,2.179048
772,2695,2.171795
773,2695,2.171795
774,2688,2.166154
775,2678,2.158095
776,2692,2.169377
777,2679,2.158901
778,2686,2.164542
779,2695,2.171795
780,2710,2.183883
781,2695,2.171795
782,2694,2.170989
783,2692,2.169377
784,2704,2.179048
785,2708,2.182271
786,2708,2.182271
787,2708,2.182271
788,2694,2.170989
789,2694,2.170989
790,2704,2.179048
791,2704,2.179048
792,2694,2.170989
793,2695,2.171795
794,2692,2.169377
795,2704,2.179048
796,2704,2.179048
797,2708,2.182271
798,2711,2.184689
799,2704,2.179048
800,2711,2.184689
801,2708,2.182271
802,2700,2.175824
803,2704,2.179048
804,2695,2.171795
805,2695,2.171795
806,2704,2.179048
807,2688,2.166154
808,2708,2.182271
809,2694,2.170989
810,2688,2.166154
811,2704,2.179048
812,2695,2.171795
813,2708,2.182271
814,2708,2.182271
815,2708,2.182271
816,2708,2.182271
817,2700,2.175824
818,2716,2.188718
819,2704,2.179048
820,2695,2.171795
821,2704,2.179048
822,2700,2.175824
823,2711,2.184689
824,2718,2.190330
825,2711,2.184689
826,2711,2.184689
827,2719,2.191136
828,2708,2.182271
829,2719,2.191136
830,2718,2.190330
831,2726,2.196777
832,2718,2.190330
833,2719,2.191136
834,2716,2.188718
835,2711,2.184689
836,2727,2.197582
837,2719,2.191136
838,2727,2.197582
839,2719,2.191136
840,2717,2.189524
841,2727,2.197582
842,2724,2.195165
843,2736,2.204835
844,2727,2.197582
845,2740,2.208059
846,2740,2.208059
847,2727,2.197582
848,2740,2.208059
849,2727,2.197582
850,2736,2.204835
851,2740,2.208059
852,2719,2.191136
853,2736,2.204835
854,2736,2.204835
855,2727,2.197582
856,2736,2.204835
857,2727,2.197582
858,2726,2.196777
859,2719,2.191136
860,2740,2.208059
861,2724,2.195165
862,2718,2.190330
863,2740,2.208059
864,2727,2.197582
865,2727,2.197582
866,2726,2.196777
867,2716,2.188718
868,2724,2.195165
869,2724,2.195165
870,2736,2.204835
871,2719,2.191136
872,2718,2.190330
873,2727,2.197582
874,2716,2.188718
875,2719,2.191136
876,2716,2.188718
877,2718,2.190330
878,2708,2.182271
879,2708,2.182271
880,2716,2.188718
881,2727,2.197582
882,2727,2.197582
883,2716,2.188718
884,2711,2.184689
885,2724,2.195165
886,2726,2.196777
887,2736,2.204835
888,2719,2.191136
889,2719,2.191136
890,2716,2.188718
891,2724,2.195165
892,2719,2.191136
893,2718,2.190330
894,2718,2.190330
895,2726,2.196777
896,2727,2.197582
897,2726,2.196777
898,2727,2.197582
899,2736,2.204835
900,2740,2.208059
901,2736,2.204835
902,2724,2.195165
903,2727,2.197582
904,2736,2.204835
905,2727,2.197582
906,2724,2.195165
907,2727,2.197582
908,2727,2.197582
909,2752,2.217729
910,2726,2.196777
911,2740,2.208059
912,2727,2.197582
913,2727,2.197582
914,2736,2.204835
915,2740,2.208059
916,2736,2.204835
917,2727,2.197582
918,2726,2.196777
919,2752,2.217729
920,2726,2.196777
921,2740,2.208059
922,2740,2.208059
923,2740,2.208059
924,2726,2.196777
925,2727,2.197582
926,2736,2.204835
927,2727,2.197582
928,2740,2.208059
929,2718,2.190330
930,2727,2.197582
931,2726,2.196777
932,2724,2.195165
933,2752,2.217729
934,2736,2.204835
935,2752,2.217729
936,2727,2.197582
937,2736,2.204835
938,2736,2.204835
939,2736,2.204835
940,2752,2.217729
941,2727,2.197582
942,2752,2.217729
943,2719,2.191136
944,2726,2.196777
945,2740,2.208059
946,2752,2.217729
947,2740,2.208059
948,2752,2.217729
949,2742,2.209670
950,2741,2.208864
951,2752,2.217729
952,2736,2.204835
953,2752,2.217729
954,2752,2.217729
955,2742,2.209670
956,2752,2.217729
957,2742,2.209670
958,2742,2.209670
959,2736,2.204835
960,2740,2.208059
961,2727,2.197582
962,2740,2.208059
963,2736,2.204835
964,2736,2.204835
965,2740,2.208059
966,2752,2.217729
967,2752,2.217729
968,2743,2.210476
969,2752,2.217729
970,2752,2.217729
971,2736,2.204835
972,2742,2.209670
973,2740,2.208059
974,2752,2.217729
975,2759,2.223370
976,2752,2.217729
977,2756,2.220952
978,2740,2.208059
979,2736,2.204835
980,2752,2.217729
981,2740,2.208059
982,2752,2.217729
983,2752,2.217729
984,2742,2.209670
985,2752,2.217729
986,2759,2.223370
987,2756,2.220952
988,2752,2.217729
989,2764,2.227399
990,2752,2.217729
991,2752,2.217729
992,2759,2.223370
993,2756,2.220952
994,2752,2.217729
995,2768,2.230623
996,2758,2.222564
997,2768,2.230623
998,2758,2.222564
999,2768,2.230623
1000,2759,2.223370
1001,2752,2.217729
1002,2752,2.217729
1003,2759,2.223370
1004,2759,2.223370
1005,2758,2.222564
1006,2756,2.220952
1007,2768,2.230623
1008,2756,2.220952
1009,2768,2.230623
1010,2768,2.230623
1011,2759,2.223370
1012,2768,2.230623
1013,2772,2.233846
1014,2768,2.230623
1015,2759,2.223370
1016,2759,2.223370
1017,2768,2.230623
1018,2756,2.220952
1019,2768,2.230623
1020,2752,2.217729
1021,2752,2.217729
1022,2752,2.217729
1023,2752,2.217729
1024,2758,2.222564
1025,2756,2.220952
1026,2756,2.220952
1027,2759,2.223370
1028,2759,2.223370
1029,2768,2.230623
1030,2768,2.230623
1031,2768,2.230623
1032,2759,2.223370
1033,2756,2.220952
1034,2772,2.233846
1035,2756,2.220952
1036,2752,2.217729
1037,2756,2.220952
1038,2768,2.230623
1039,2768,2.230623
1040,2758,2.222564
1041,2768,2.230623
1042,2774,2.235458
1043,2772,2.233846
1044,2759,2.223370
1045,2768,2.230623
1046,2759,2.223370
1047,2756,2.220952
1048,2768,2.230623
1049,2768,2.230623
1050,2756,2.220952
1051,2764,2.227399
1052,2752,2.217729
1053,2759,2.223370
1054,2772,2.233846
1055,2772,2.233846
1056,2756,2.220952
1057,2768,2.230623
1058,2759,2.223370
1059,2774,2.235458
1060,2774,2.235458
1061,2775,2.236264
1062,2768,2.230623
1063,2788,2.246740
1064,2775,2.236264
1065,2774,2.235458
1066,2780,2.240293
1067,2768,2.230623
1068,2774,2.235458
1069,2774,2.235458
1070,2768,2.230623
1071,2768,2.230623
1072,2764,2.227399
1073,2768,2.230623
1074,2772,2.233846
1075,2768,2.230623
1076,2774,2.235458
1077,2768,2.230623
1078,2768,2.230623
1079,2774,2.235458
1080,2768,2.230623
1081,2774,2.235458
1082,2782,2.241905
1083,2768,2.230623
1084,2774,2.235458
1085,2782,2.241905
1086,2774,2.235458
1087,2772,2.233846
1088,2774,2.235458
1089,2774,2.235458
1090,2782,2.241905
1091,2764,2.227399
1092,2780,2.240293
1093,2759,2.223370
1094,2775,2.236264
1095,2783,2.242711
1096,2775,2.236264
1097,2783,2.242711
1098,2768,2.230623
1099,2759,2.223370
1100,2768,2.230623
1101,2774,2.235458
1102,2775,2.236264
1103,2775,2.236264
1104,2774,2.235458
1105,2775,2.236264
1106,2780,2.240293
1107,2783,2.242711
1108,2782,2.241905
1109,2775,2.236264
1110,2775,2.236264
1111,2788,2.246740
1112,2790,2.248352
1113,2791,2.249158
1114,2782,2.241905
1115,2791,2.249158
1116,2775,2.236264
1117,2788,2.246740
1118,2782,2.241905
1119,2782,2.241905
1120,2775,2.236264
1121,2783,2.242711
1122,2775,2.236264
1123,2791,2.249158
1124,2780,2.240293
1125,2788,2.246740
1126,2783,2.242711
1127,2783,2.242711
1128,2782,2.241905
1129,2775,2.236264
1130,2791,2.249158
1131,2796,2.253187
1132,2788,2.246740
1133,2775,2.236264
1134,2775,2.236264
1135,2775,2.236264
1136,2788,2.246740
1137,2783,2.242711
1138,2783,2.242711
1139,2788,2.246740
1140,2790,2.248352
1141,2800,2.256410
1142,2791,2.249158
1143,2800,2.256410
1144,2791,2.249158
1145,2783,2.242711
1146,2800,2.256410
1147,2791,2.249158
1148,2791,2.249158
1149,2791,2.249158
1150,2800,2.256410
1151,2800,2.256410
1152,2806,2.261245
1153,2804,2.259634
1154,2806,2.261245
1155,2791,2.249158
1156,2800,2.256410
1157,2800,2.256410
1158,2800,2.256410
1159,2800,2.256410
1160,2783,2.242711
1161,2806,2.261245
1162,2800,2.256410
1163,2800,2.256410
1164,2791,2.249158
1165,2791,2.249158
1166,2800,2.256410
1167,2804,2.259634
1168,2807,2.262051
1169,2804,2.259634
1170,2800,2.256410
1171,2790,2.248352
1172,2791,2.249158
1173,2782,2.241905
1174,2804,2.259634
1175,2791,2.249158
1176,2804,2.259634
1177,2800,2.256410
1178,2791,2.249158
1179,2804,2.259634
1180,2783,2.242711
1181,2800,2.256410
1182,2800,2.256410
1183,2804,2.259634
1184,2804,2.259634
1185,2800,2.256410
1186,2791,2.249158
1187,2791,2.249158
1188,2800,2.256410
1189,2806,2.261245
1190,2807,2.262051
1191,2816,2.269304
1192,2806,2.261245
1193,2806,2.261245
1194,2820,2.272527
1195,2804,2.259634
1196,2807,2.262051
1197,2800,2.256410
1198,2805,2.260440
1199,2800,2.256410
1200,2800,2.256410
1201,2807,2.262051
1202,2804,2.259634
1203,2800,2.256410
1204,2804,2.259634
1205,2800,2.256410
1206,2800,2.256410
1207,2807,2.262051
1208,2807,2.262051
1209,2804,2.259634
1210,2800,2.256410
1211,2807,2.262051
1212,2806,2.261245
1213,2800,2.256410
1214,2788,2.246740
1215,2816,2.269304
1216,2814,2.267692
1217,2807,2.262051
1218,2807,2.262051
1219,2816,2.269304
1220,2806,2.261245
1221,2800,2.256410
1222,2800,2.256410
1223,2804,2.259634
1224,2800,2.256410
1225,2822,2.274139
1226,2807,2.262051
1227,2807,2.262051
1228,2820,2.272527
1229,2822,2.274139
1230,2806,2.261245
1231,2812,2.266081
1232,2807,2.262051
1233,2806,2.261245
1234,2814,2.267692
1235,2812,2.266081
1236,2806,2.261245
1237,2816,2.269304
1238,2822,2.274139
1239,2820,2.272527
1240,2804,2.259634
1241,2822,2.274139
1242,2822,2.274139
1243,2814,2.267692
1244,2814,2.267692
1245,2814,2.267692
1246,2820,2.272527
1247,2800,2.256410
1248,2822,2.274139
1249,2816,2.269304
1250,2814,2.267692
1251,2814,2.267692
1252,2816,2.269304
1253,2812,2.266081
1254,2814,2.267692
1255,2812,2.266081
1256,2814,2.267692
1257,2820,2.272527
1258,2820,2.272527
1259,2832,2.282198
1260,2823,2.274945
1261,2807,2.262051
1262,2820,2.272527
1263,2816,2.269304
1264,2832,2.282198
1265,2823,2.274945
1266,2832,2.282198
1267,2836,2.285421
1268,2823,2.274945
1269,2823,2.274945
1270,2820,2.272527
1271,2820,2.272527
1272,2814,2.267692
1273,2823,2.274945
1274,2820,2.272527
1275,2823,2.274945
1276,2807,2.262051
1277,2822,2.274139
1278,2806,2.261245
1279,2816,2.269304
1280,2820,2.272527
1281,2814,2.267692
1282,2832,2.282198
1283,2832,2.282198
1284,2836,2.285421
1285,2823,2.274945
1286,2836,2.285421
1287,2832,2.282198
1288,2832,2.282198
1289,2822,2.274139
1290,2823,2.274945
1291,2820,2.272527
1292,2816,2.269304
1293,2832,2.282198
1294,2823,2.274945
1295,2832,2.282198
1296,2832,2.282198
1297,2820,2.272527
1298,2822,2.274139
1299,2832,2.282198
1300,2832,2.282198
1301,2823,2.274945
1302,2836,2.285421
1303,2822,2.274139
1304,2839,2.287839
1305,2822,2.274139
1306,2836,2.285421
1307,2832,2.282198
1308,2820,2.272527
1309,2846,2.293480
1310,2832,2.282198
1311,2838,2.287033
1312,2836,2.285421
1313,2836,2.285421
1314,2836,2.285421
1315,2823,2.274945
1316,2836,2.285421
1317,2820,2.272527
1318,2832,2.282198
1319,2832,2.282198
1320,2823,2.274945
1321,2836,2.285421
1322,2832,2.282198
1323,2823,2.274945
1324,2836,2.285421
1325,2839,2.287839
1326,2836,2.285421
1327,2836,2.285421
1328,2822,2.274139
1329,2822,2.274139
1330,2838,2.287033
1331,2838,2.287033
1332,2832,2.282198
1333,2836,2.285421
1334,2836,2.285421
1335,2820,2.272527
1336,2823,2.274945
1337,2846,2.293480
1338,2832,2.282198
1339,2832,2.282198
1340,2836,2.285421
1341,2836,2.285421
1342,2832,2.282198
1343,2838,2.287033
1344,2832,2.282198
1345,2836,2.285421
1346,2846,2.293480
1347,2823,2.274945
1348,2832,2.282198
1349,2836,2.285421
1350,2838,2.287033
1351,2838,2.287033
1352,2836,2.285421
1353,2844,2.291868
1354,2847,2.294286
1355,2832,2.282198
1356,2852,2.298315
1357,2836,2.285421
1358,2839,2.287839
1359,2832,2.282198
1360,2836,2.285421
1361,2832,2.282198
1362,2836,2.285421
1363,2838,2.287033
1364,2832,2.282198
1365,2838,2.287033
1366,2836,2.285421
1367,2839,2.287839
1368,2838,2.287033
1369,2832,2.282198
1370,2846,2.293480
1371,2836,2.285421
1372,2847,2.294286
1373,2839,2.287839
1374,2844,2.291868
1375,2846,2.293480
1376,2844,2.291868
1377,2847,2.294286
1378,2839,2.287839
1379,2836,2.285421
1380,2846,2.293480
1381,2836,2.285421
1382,2852,2.298315
1383,2839,2.287839
1384,2838,2.287033
1385,2839,2.287839
1386,2846,2.293480
1387,2836,2.285421
1388,2836,2.285421
1389,2838,2.287033
1390,2838,2.287033
1391,2836,2.285421
1392,2836,2.285421
1393,2838,2.287033
1394,2844,2.291868
1395,2847,2.294286
1396,2844,2.291868
1397,2839,2.287839
1398,2836,2.285421
1399,2838,2.287033
1400,2836,2.285421
1401,2852,2.298315
1402,2836,2.285421
1403,2852,2.298315
1404,2847,2.294286
1405,2847,2.294286
1406,2839,2.287839
1407,2836,2.285421
1408,2838,2.287033
1409,2836,2.285421
1410,2839,2.287839
1411,2846,2.293480
1412,2836,2.285421
1413,2838,2.287033
1414,2839,2.287839
1415,2838,2.287033
1416,2852,2.298315
1417,2839,2.287839
1418,2847,2.294286
1419,2844,2.291868
1420,2846,2.293480
1421,2838,2.287033
1422,2839,2.287839
1423,2844,2.291868
1424,2846,2.293480
1425,2838,2.287033
1426,2846,2.293480
1427,2838,2.287033
1428,2839,2.287839
1429,2839,2.287839
1430,2839,2.287839
1431,2854,2.299927
1432,2854,2.299927
1433,2846,2.293480
1434,2846,2.293480
1435,2823,2.274945
1436,2847,2.294286
1437,2844,2.291868
1438,2844,2.291868
1439,2838,2.287033
1440,2854,2.299927
1441,2847,2.294286
1442,2838,2.287033
1443,2844,2.291868
1444,2847,2.294286
1445,2832,2.282198
1446,2839,2.287839
1447,2839,2.287839
1448,2846,2.293480
1449,2836,2.285421
1450,2844,2.291868
1451,2847,2.294286
1452,2836,2.285421
1453,2836,2.285421
1454,2839,2.287839
1455,2839,2.287839
1456,2836,2.285421
1457,2852,2.298315
1458,2832,2.282198
1459,2832,2.282198
1460,2820,2.272527
1461,2847,2.294286
1462,2864,2.307985
1463,2838,2.287033
1464,2839,2.287839
1465,2832,2.282198
1466,2836,2.285421
1467,2846,2.293480
1468,2839,2.287839
1469,2832,2.282198
1470,2846,2.293480
1471,2844,2.291868
1472,2839,2.287839
1473,2836,2.285421
1474,2838,2.287033
1475,2839,2.287839
1476,2839,2.287839
1477,2852,2.298315
1478,2836,2.285421
1479,2838,2.287033
1480,2844,2.291868
1481,2844,2.291868
1482,2846,2.293480
1483,2847,2.294286
1484,2838,2.287033
1485,2846,2.293480
1486,2836,2.285421
1487,2844,2.291868
1488,2832,2.282198
1489,2836,2.285421
1490,2846,2.293480
1491,2839,2.287839
1492,2839,2.287839
1493,2847,2.294286
1494,2852,2.298315
1495,2844,2.291868
1496,2836,2.285421
1497,2839,2.287839
1498,2836,2.285421
1499,2836,2.285421
1500,2844,2.291868
1501,2839,2.287839
1502,2836,2.285421
1503,2846,2.293480
1504,2832,2.282198
1505,2839,2.287839
1506,2837,2.286227
1507,2836,2.285421
1508,2838,2.287033
1509,2846,2.293480
1510,2846,2.293480
1511,2838,2.287033
1512,2855,2.300733
1513,2839,2.287839
1514,2839,2.287839
1515,2844,2.291868
1516,2839,2.287839
1517,2844,2.291868
1518,2852,2.298315
1519,2847,2.294286
1520,2847,2.294286
1521,2836,2.285421
1522,2854,2.299927
1523,2847,2.294286
1524,2838,2.287033
1525,2832,2.282198
1526,2839,2.287839
1527,2838,2.287033
1528,2839,2.287839
1529,2836,2.285421
1530,2839,2.287839
1531,2836,2.285421
1532,2846,2.293480
1533,2838,2.287033
1534,2839,2.287839
1535,2839,2.287839
1536,2839,2.287839
1537,2839,2.287839
1538,2839,2.287839
1539,2852,2.298315
1540,2839,2.287839
1541,2847,2.294286
1542,2846,2.293480
1543,2864,2.307985
1544,2839,2.287839
1545,2839,2.287839
1546,2846,2.293480
1547,2852,2.298315
1548,2839,2.287839
1549,2847,2.294286
1550,2839,2.287839
1551,2839,2.287839
1552,2838,2.287033
1553,2836,2.285421
1554,2839,2.287839
1555,2836,2.285421
1556,2838,2.287033
1557,2847,2.294286
1558,2854,2.299927
1559,2846,2.293480
1560,2839,2.287839
1561,2852,2.298315
1562,2846,2.293480
1563,2839,2.287839
1564,2852,2.298315
1565,2839,2.287839
1566,2852,2.298315
1567,2847,2.294286
1568,2852,2.298315
1569,2852,2.298315
1570,2844,2.291868
1571,2855,2.300733
1572,2854,2.299927
1573,2854,2.299927
1574,2846,2.293480
1575,2852,2.298315
1576,2852,2.298315
1577,2847,2.294286
1578,2838,2.287033
1579,2839,2.287839
1580,2847,2.294286
1581,2844,2.291868
1582,2839,2.287839
1583,2868,2.311209
1584,2847,2.294286
1585,2854,2.299927
1586,2839,2.287839
1587,2855,2.300733
1588,2838,2.287033
1589,2847,2.294286
1590,2864,2.307985
1591,2860,2.304762
1592,2846,2.293480
1593,2852,2.298315
1594,2854,2.299927
1595,2844,2.291868
1596,2847,2.294286
1597,2855,2.300733
1598,2855,2.300733
1599,2864,2.307985
1600,2854,2.299927
1601,2852,2.298315
1602,2864,2.307985
1603,2839,2.287839
1604,2847,2.294286
1605,2854,2.299927
1606,2864,2.307985
1607,2864,2.307985
1608,2855,2.300733
1609,2868,2.311209
1610,2852,2.298315
1611,2855,2.300733
1612,2868,2.311209
1613,2854,2.299927
1614,2852,2.298315
1615,2864,2.307985
1616,2864,2.307985
1617,2868,2.311209
1618,2852,2.298315
1619,2855,2.300733
1620,2864,2.307985
1621,2864,2.307985
1622,2855,2.300733
1623,2864,2.307985
1624,2864,2.307985
1625,2864,2.307985
1626,2864,2.307985
1627,2852,2.298315
1628,2855,2.300733
1629,2864,2.307985
1630,2847,2.294286
1631,2855,2.300733
1632,2870,2.312821
1633,2864,2.307985
1634,2864,2.307985
1635,2864,2.307985
1636,2870,2.312821
1637,2870,2.312821
1638,2864,2.307985
1639,2880,2.320879
1640,2864,2.307985
1641,2864,2.307985
1642,2864,2.307985
1643,2852,2.298315
1644,2871,2.313626
1645,2868,2.311209
1646,2855,2.300733
1647,2868,2.311209
1648,2855,2.300733
1649,2864,2.307985
1650,2868,2.311209
1651,2864,2.307985
1652,2868,2.311209
1653,2868,2.311209
1654,2870,2.312821
1655,2868,2.311209
1656,2864,2.307985
1657,2868,2.311209
1658,2870,2.312821
1659,2868,2.311209
1660,2864,2.307985
1661,2864,2.307985
1662,2855,2.300733
1663,2868,2.311209
1664,2868,2.311209
1665,2864,2.307985
1666,2871,2.313626
1667,2880,2.320879
1668,2864,2.307985
1669,2868,2.311209
1670,2880,2.320879
1671,2871,2.313626
1672,2870,2.312821
1673,2868,2.311209
1674,2880,2.320879
1675,2868,2.311209
1676,2880,2.320879
1677,2870,2.312821
1678,2880,2.320879
1679,2868,2.311209
1680,2880,2.320879
1681,2868,2.311209
1682,2868,2.311209
1683,2868,2.311209
1684,2871,2.313626
1685,2887,2.326520
1686,2868,2.311209
1687,2880,2.320879
1688,2880,2.320879
1689,2880,2.320879
1690,2868,2.311209
1691,2880,2.320879
1692,2884,2.324103
1693,2880,2.320879
1694,2886,2.325714
1695,2880,2.320879
1696,2880,2.320879
1697,2868,2.311209
1698,2864,2.307985
1699,2884,2.324103
1700,2870,2.312821
1701,2871,2.313626
1702,2880,2.320879
1703,2886,2.325714
1704,2880,2.320879
1705,2870,2.312821
1706,2880,2.320879
1707,2864,2.307985
1708,2870,2.312821
1709,2868,2.311209
1710,2871,2.313626
1711,2884,2.324103
1712,2880,2.320879
1713,2886,2.325714
1714,2868,2.311209
1715,2884,2.324103
1716,2871,2.313626
1717,2886,2.325714
1718,2887,2.326520
1719,2880,2.320879
1720,2887,2.326520
1721,2884,2.324103
1722,2871,2.313626
1723,2871,2.313626
1724,2887,2.326520
1725,2880,2.320879
1726,2880,2.320879
1727,2880,2.320879
1728,2887,2.326520
1729,2870,2.312821
1730,2880,2.320879
1731,2880,2.320879
1732,2870,2.312821
1733,2884,2.324103
1734,2887,2.326520
1735,2880,2.320879
1736,2886,2.325714
1737,2886,2.325714
1738,2871,2.313626
1739,2880,2.320879
1740,2880,2.320879
1741,2884,2.324103
1742,2884,2.324103
1743,2887,2.326520
1744,2880,2.320879
1745,2884,2.324103
1746,2880,2.320879
1747,2887,2.326520
1748,2884,2.324103
1749,2871,2.313626
1750,2887,2.326520
1751,2880,2.320879
1752,2871,2.313626
1753,2880,2.320879
1754,2884,2.324103
1755,2887,2.326520
1756,2880,2.320879
1757,2880,2.320879
1758,2896,2.333773
1759,2884,2.324103
1760,2884,2.324103
1761,2887,2.326520
1762,2880,2.320879
1763,2896,2.333773
1764,2896,2.333773
1765,2880,2.320879
1766,2870,2.312821
1767,2887,2.326520
1768,2884,2.324103
1769,2884,2.324103
1770,2886,2.325714
1771,2896,2.333773
1772,2871,2.313626
1773,2880,2.320879
1774,2896,2.333773
1775,2880,2.320879
1776,2884,2.324103
1777,2884,2.324103
1778,2884,2.324103
1779,2880,2.320879
1780,2886,2.325714
1781,2886,2.325714
1782,2880,2.320879
1783,2887,2.326520
1784,2884,2.324103
1785,2884,2.324103
1786,2884,2.324103
1787,2880,2.320879
1788,2884,2.324103
1789,2880,2.320879
1790,2880,2.320879
1791,2884,2.324103
1792,2884,2.324103
1793,2880,2.320879
1794,2884,2.324103
1795,2880,2.320879
1796,2884,2.324103
1797,2887,2.326520
1798,2886,2.325714
1799,2887,2.326520
1800,2887,2.326520
1801,2896,2.333773
1802,2900,2.336996
1803,2887,2.326520
1804,2886,2.325714
1805,2886,2.325714
1806,2896,2.333773
1807,2887,2.326520
1808,2884,2.324103
1809,2884,2.324103
1810,2871,2.313626
1811,2884,2.324103
1812,2896,2.333773
1813,2896,2.333773
1814,2887,2.326520
1815,2884,2.324103
1816,2886,2.325714
1817,2884,2.324103
1818,2880,2.320879
1819,2884,2.324103
1820,2884,2.324103
1821,2884,2.324103
1822,2896,2.333773
1823,2884,2.324103
1824,2880,2.320879
1825,2887,2.326520
1826,2880,2.320879
1827,2880,2.320879
1828,2880,2.320879
1829,2886,2.325714
1830,2884,2.324103
1831,2884,2.324103
1832,2880,2.320879
1833,2886,2.325714
1834,2880,2.320879
1835,2886,2.325714
1836,2880,2.320879
1837,2887,2.326520
1838,2887,2.326520
1839,2880,2.320879
1840,2887,2.326520
1841,2886,2.325714
1842,2880,2.320879
1843,2880,2.320879
1844,2880,2.320879
1845,2884,2.324103
1846,2884,2.324103
1847,2880,2.320879
1848,2880,2.320879
1849,2884,2.324103
1850,2880,2.320879
1851,2880,2.320879
1852,2884,2.324103
1853,2880,2.320879
1854,2884,2.324103
1855,2880,2.320879
1856,2896,2.333773
1857,2880,2.320879
1858,2868,2.311209
1859,2886,2.325714
1860,2880,2.320879
1861,2884,2.324103
1862,2880,2.320879
1863,2880,2.320879
1864,2884,2.324103
1865,2880,2.320879
1866,2871,2.313626
1867,2884,2.324103
1868,2880,2.320879
1869,2880,2.320879
1870,2880,2.320879
1871,2884,2.324103
1872,2886,2.325714
1873,2886,2.325714
1874,2880,2.320879
1875,2880,2.320879
1876,2884,2.324103
1877,2880,2.320879
1878,2880,2.320879
1879,2884,2.324103
1880,2880,2.320879
1881,2887,2.326520
1882,2880,2.320879
1883,2880,2.320879
1884,2868,2.311209
1885,2864,2.307985
1886,2880,2.320879
1887,2880,2.320879
1888,2868,2.311209
1889,2870,2.312821
1890,2884,2.324103
1891,2871,2.313626
1892,2880,2.320879
1893,2880,2.320879
1894,2884,2.324103
1895,2884,2.324103
1896,2884,2.324103
1897,2870,2.312821
1898,2868,2.311209
1899,2884,2.324103
1900,2880,2.320879
1901,2864,2.307985
1902,2871,2.313626
1903,2884,2.324103
1904,2880,2.320879
1905,2871,2.313626
1906,2864,2.307985
1907,2880,2.320879
1908,2880,2.320879
1909,2880,2.320879
1910,2868,2.311209
1911,2880,2.320879
1912,2884,2.324103
1913,2868,2.311209
1914,2871,2.313626
1915,2880,2.320879
1916,2880,2.320879
1917,2880,2.320879
1918,2870,2.312821
1919,2884,2.324103
1920,2870,2.312821
1921,2880,2.320879
1922,2880,2.320879
1923,2880,2.320879
1924,2880,2.320879
1925,2880,2.320879
1926,2884,2.324103
1927,2868,2.311209
1928,2880,2.320879
1929,2880,2.320879
1930,2884,2.324103
1931,2880,2.320879
1932,2880,2.320879
1933,2887,2.326520
1934,2884,2.324103
1935,2880,2.320879
1936,2884,2.324103
1937,2887,2.326520
1938,2870,2.312821
1939,2884,2.324103
1940,2880,2.320879
1941,2880,2.320879
1942,2884,2.324103
1943,2880,2.320879
1944,2884,2.324103
1945,2884,2.324103
1946,2886,2.325714
1947,2880,2.320879
1948,2880,2.320879
1949,2880,2.320879
1950,2887,2.326520
1951,2880,2.320879
1952,2880,2.320879
1953,2886,2.325714
1954,2884,2.324103
1955,2886,2.325714
1956,2884,2.324103
1957,2887,2.326520
1958,2884,2.324103
1959,2884,2.324103
1960,2884,2.324103
1961,2887,2.326520
1962,2887,2.326520
1963,2884,2.324103
1964,2887,2.326520
1965,2896,2.333773
1966,2896,2.333773
1967,2884,2.324103
1968,2896,2.333773
1969,2886,2.325714
1970,2887,2.326520
1971,2884,2.324103
1972,2886,2.325714
1973,2902,2.338608
1974,2884,2.324103
1975,2887,2.326520
1976,2887,2.326520
1977,2887,2.326520
1978,2887,2.326520
1979,2887,2.326520
1980,2896,2.333773
1981,2900,2.336996
1982,2880,2.320879
1983,2887,2.326520
1984,2896,2.333773
1985,2887,2.326520
1986,2886,2.325714
1987,2900,2.336996
1988,2887,2.326520
1989,2900,2.336996
1990,2900,2.336996
1991,2884,2.324103
1992,2884,2.324103
1993,2886,2.325714
1994,2896,2.333773
1995,2886,2.325714
1996,2900,2.336996
1997,2896,2.333773
1998,2886,2.325714
1999,2886,2.325714
2000,2887,2.326520
2001,2900,2.336996
2002,2887,2.326520
2003,2896,2.333773
2004,2902,2.338608
2005,2903,2.339414
2006,2887,2.326520
2007,2887,2.326520
2008,2884,2.324103
2009,2900,2.336996
2010,2896,2.333773
2011,2896,2.333773
2012,2900,2.336996
2013,2902,2.338608
2014,2896,2.333773
2015,2896,2.333773
2016,2900,2.336996
2017,2903,2.339414
2018,2900,2.336996
2019,2903,2.339414
2020,2896,2.333773
2021,2896,2.333773
2022,2896,2.333773
2023,2887,2.326520
2024,2900,2.336996
2025,2902,2.338608
2026,2896,2.333773
2027,2908,2.343443
2028,2902,2.338608
2029,2900,2.336996
2030,2886,2.325714
2031,2884,2.324103
2032,2887,2.326520
2033,2900,2.336996
2034,2887,2.326520
2035,2896,2.333773
2036,2896,2.333773
2037,2896,2.333773
2038,2896,2.333773
2039,2896,2.333773
2040,2887,2.326520
2041,2896,2.333773
2042,2903,2.339414
2043,2902,2.338608
2044,2887,2.326520
2045,2887,2.326520
2046,2896,2.333773
2047,2880,2.320879
2048,2887,2.326520
2049,2896,2.333773
2050,2887,2.326520
2051,2896,2.333773
2052,2887,2.326520
2053,2896,2.333773
2054,2887,2.326520
2055,2896,2.333773
2056,2896,2.333773
2057,2887,2.326520
2058,2896,2.333773
2059,2887,2.326520
2060,2887,2.326520
2061,2896,2.333773
2062,2880,2.320879
2063,2900,2.336996
2064,2884,2.324103
2065,2880,2.320879
2066,2884,2.324103
2067,2880,2.320879
2068,2884,2.324103
2069,2886,2.325714
2070,2880,2.320879
2071,2880,2.320879
2072,2884,2.324103
2073,2880,2.320879
2074,2884,2.324103
2075,2884,2.324103
2076,2871,2.313626
2077,2884,2.324103
2078,2870,2.312821
2079,2880,2.320879
2080,2868,2.311209
2081,2854,2.299927
2082,2864,2.307985
2083,2880,2.320879
2084,2880,2.320879
2085,2880,2.320879
2086,2868,2.311209
2087,2864,2.307985
2088,2870,2.312821
2089,2847,2.294286
2090,2864,2.307985
2091,2847,2.294286
2092,2839,2.287839
2093,2839,2.287839
2094,2846,2.293480
2095,2847,2.294286
2096,2839,2.287839
2097,2839,2.287839
2098,2855,2.300733
2099,2839,2.287839
2100,2832,2.282198
2101,2836,2.285421
2102,2844,2.291868
2103,2839,2.287839
2104,2823,2.274945
2105,2823,2.274945
2106,2832,2.282198
2107,2822,2.274139
2108,2823,2.274945
2109,2822,2.274139
2110,2807,2.262051
2111,2822,2.274139
2112,2806,2.261245
2113,2816,2.269304
2114,2820,2.272527
2115,2807,2.262051
2116,2822,2.274139
2117,2804,2.259634
2118,2806,2.261245
2119,2790,2.248352
2120,2791,2.249158
2121,2800,2.256410
2122,2791,2.249158
2123,2791,2.249158
2124,2783,2.242711
2125,2774,2.235458
2126,2782,2.241905
2127,2772,2.233846
2128,2782,2.241905
2129,2774,2.235458
2130,2772,2.233846
2131,2768,2.230623
2132,2758,2.222564
2133,2768,2.230623
2134,2759,2.223370
2135,2758,2.222564
2136,2759,2.223370
2137,2756,2.220952
2138,2740,2.208059
2139,2752,2.217729
2140,2740,2.208059
2141,2743,2.210476
2142,2736,2.204835
2143,2736,2.204835
2144,2726,2.196777
2145,2718,2.190330
2146,2710,2.183883
2147,2716,2.188718
2148,2711,2.184689
2149,2708,2.182271
2150,2708,2.182271
2151,2711,2.184689
2152,2716,2.188718
2153,2692,2.169377
2154,2679,2.158901
2155,2692,2.169377
2156,2684,2.162930
2157,2704,2.179048
2158,2692,2.169377
2159,2695,2.171795
2160,2679,2.158901
2161,2679,2.158901
2162,2679,2.158901
2163,2676,2.156484
2164,2692,2.169377
2165,2678,2.158095
2166,2679,2.158901
2167,2676,2.156484
2168,2676,2.156484
2169,2679,2.158901
2170,2684,2.162930
2171,2676,2.156484
2172,2678,2.158095
2173,2676,2.156484
2174,2678,2.158095
2175,2676,2.156484
2176,2692,2.169377
2177,2688,2.166154
2178,2679,2.158901
2179,2704,2.179048
2180,2688,2.166154
2181,2695,2.171795
2182,2679,2.158901
2183,2704,2.179048
2184,2710,2.183883
2185,2695,2.171795
2186,2711,2.184689
2187,2711,2.184689
2188,2718,2.190330
2189,2724,2.195165
2190,2711,2.184689
2191,2711,2.184689
2192,2719,2.191136
2193,2727,2.197582
2194,2740,2.208059
2195,2736,2.204835
2196,2742,2.209670
2197,2752,2.217729
2198,2759,2.223370
2199,2758,2.222564
2200,2756,2.220952
2201,2774,2.235458
2202,2759,2.223370
2203,2768,2.230623
2204,2772,2.233846
2205,2775,2.236264
2206,2791,2.249158
2207,2791,2.249158
2208,2791,2.249158
2209,2800,2.256410
2210,2783,2.242711
2211,2806,2.261245
2212,2807,2.262051
2213,2816,2.269304
2214,2806,2.261245
2215,2822,2.274139
2216,2820,2.272527
2217,2832,2.282198
2218,2820,2.272527
2219,2832,2.282198
2220,2832,2.282198
2221,2820,2.272527
2222,2839,2.287839
2223,2839,2.287839
2224,2839,2.287839
2225,2847,2.294286
2226,2852,2.298315
2227,2847,2.294286
2228,2847,2.294286
2229,2860,2.304762
2230,2864,2.307985
2231,2870,2.312821
2232,2871,2.313626
2233,2871,2.313626
2234,2864,2.307985
2235,2880,2.320879
2236,2880,2.320879
2237,2884,2.324103
2238,2880,2.320879
2239,2880,2.320879
2240,2886,2.325714
2241,2880,2.320879
2242,2896,2.333773
2243,2884,2.324103
2244,2900,2.336996
2245,2887,2.326520
2246,2896,2.333773
2247,2896,2.333773
2248,2900,2.336996
2249,2900,2.336996
2250,2910,2.345055
2251,2900,2.336996
2252,2903,2.339414
2253,2903,2.339414
2254,2903,2.339414
2255,2900,2.336996
2256,2900,2.336996
2257,2908,2.343443
2258,2903,2.339414
2259,2908,2.343443
2260,2903,2.339414
2261,2911,2.345861
2262,2910,2.345055
2263,2900,2.336996
2264,2910,2.345055
2265,2908,2.343443
2266,2911,2.345861
2267,2918,2.351502
2268,2932,2.362784
2269,2918,2.351502
2270,2911,2.345861
2271,2928,2.359560
2272,2911,2.345861
2273,2910,2.345055
2274,2928,2.359560
2275,2928,2.359560
2276,2928,2.359560
2277,2919,2.352308
2278,2928,2.359560
2279,2932,2.362784
2280,2932,2.362784
2281,2928,2.359560
2282,2919,2.352308
2283,2944,2.372454
2284,2932,2.362784
2285,2928,2.359560
2286,2932,2.362784
2287,2932,2.362784
2288,2928,2.359560
2289,2919,2.352308
2290,2948,2.375678
2291,2934,2.364396
2292,2934,2.364396
2293,2935,2.365201
2294,2935,2.365201
2295,2932,2.362784
2296,2935,2.365201
2297,2934,2.364396
2298,2932,2.362784
2299,2935,2.365201
2300,2948,2.375678
2301,2944,2.372454
2302,2944,2.372454
2303,2948,2.375678
2304,2948,2.375678
2305,2934,2.364396
2306,2948,2.375678
2307,2944,2.372454
2308,2935,2.365201
2309,2944,2.372454
2310,2944,2.372454
2311,2944,2.372454
2312,2944,2.372454
2313,2932,2.362784
2314,2944,2.372454
2315,2944,2.372454
2316,2935,2.365201
2317,2944,2.372454
2318,2934,2.364396
2319,2944,2.372454
2320,2948,2.375678
2321,2944,2.372454
2322,2951,2.378095
2323,2944,2.372454
2324,2951,2.378095
2325,2950,2.377289
2326,2948,2.375678
2327,2948,2.375678
2328,2948,2.375678
2329,2948,2.375678
2330,2950,2.377289
2331,2950,2.377289
2332,2948,2.375678
2333,2950,2.377289
2334,2948,2.375678
2335,2944,2.372454
2336,2948,2.375678
2337,2951,2.378095
2338,2948,2.375678
2339,2951,2.378095
2340,2950,2.377289
2341,2960,2.385348
2342,2948,2.375678
2343,2944,2.372454
2344,2944,2.372454
2345,2948,2.375678
2346,2948,2.375678
2347,2951,2.378095
2348,2944,2.372454
2349,2944,2.372454
2350,2935,2.365201
2351,2960,2.385348
2352,2948,2.375678
2353,2948,2.375678
2354,2944,2.372454
2355,2944,2.372454
2356,2964,2.388571
2357,2950,2.377289
2358,2951,2.378095
2359,2944,2.372454
2360,2944,2.372454
2361,2944,2.372454
2362,2944,2.372454
2363,2944,2.372454
2364,2935,2.365201
2365,2951,2.378095
2366,2951,2.378095
2367,2944,2.372454
2368,2950,2.377289
2369,2935,2.365201
2370,2935,2.365201
2371,2944,2.372454
2372,2950,2.377289
2373,2964,2.388571
2374,2948,2.375678
2375,2944,2.372454
2376,2944,2.372454
2377,2951,2.378095
2378,2950,2.377289
2379,2944,2.372454
2380,2948,2.375678
2381,2935,2.365201
2382,2944,2.372454
2383,2950,2.377289
2384,2948,2.375678
2385,2948,2.375678
2386,2944,2.372454
2387,2951,2.378095
2388,2932,2.362784
2389,2948,2.375678
2390,2951,2.378095
2391,2948,2.375678
2392,2960,2.385348
2393,2948,2.375678
2394,2960,2.385348
2395,2951,2.378095
2396,2944,2.372454
2397,2948,2.375678
2398,2944,2.372454
2399,2948,2.375678
2400,2935,2.365201
2401,2934,2.364396
2402,2935,2.365201
2403,2944,2.372454
2404,2948,2.375678
2405,2944,2.372454
2406,2934,2.364396
2407,2944,2.372454
2408,2950,2.377289
2409,2950,2.377289
2410,2948,2.375678
2411,2944,2.372454
2412,2951,2.378095
2413,2944,2.372454
2414,2935,2.365201
2415,2944,2.372454
2416,2944,2.372454
2417,2928,2.359560
2418,2948,2.375678
2419,2948,2.375678
2420,2934,2.364396
2421,2934,2.364396
2422,2948,2.375678
2423,2950,2.377289
2424,2944,2.372454
2425,2944,2.372454
2426,2951,2.378095
2427,2964,2.388571
2428,2950,2.377289
2429,2948,2.375678
2430,2951,2.378095
2431,2948,2.375678
2432,2960,2.385348
2433,2950,2.377289
2434,2944,2.372454
2435,2948,2.375678
2436,2944,2.372454
2437,2948,2.375678
2438,2948,2.375678
2439,2944,2.372454
2440,2944,2.372454
2441,2948,2.375678
2442,2948,2.375678
2443,2944,2.372454
2444,2944,2.372454
2445,2948,2.375678
2446,2948,2.375678
2447,2948,2.375678
2448,2944,2.372454
2449,2948,2.375678
2450,2944,2.372454
2451,2944,2.372454
2452,2935,2.365201
2453,2944,2.372454
2454,2944,2.372454
2455,2950,2.377289
2456,2935,2.365201
2457,2944,2.372454
2458,2935,2.365201
2459,2948,2.375678
2460,2944,2.372454
2461,2944,2.372454
2462,2944,2.372454
2463,2950,2.377289
2464,2944,2.372454
2465,2948,2.375678
2466,2944,2.372454
2467,2960,2.385348
2468,2950,2.377289
2469,2948,2.375678
2470,2950,2.377289
2471,2944,2.372454
2472,2948,2.375678
2473,2964,2.388571
2474,2948,2.375678
2475,2960,2.385348
2476,2948,2.375678
2477,2960,2.385348
2478,2944,2.372454
2479,2960,2.385348
2480,2951,2.378095
2481,2960,2.385348
2482,2944,2.372454
2483,2948,2.375678
2484,2944,2.372454
2485,2948,2.375678
2486,2948,2.375678
2487,2935,2.365201
2488,2951,2.378095
2489,2951,2.378095
2490,2944,2.372454
2491,2948,2.375678
2492,2944,2.372454
2493,2948,2.375678
2494,2948,2.375678
2495,2948,2.375678
2496,2948,2.375678
2497,2935,2.365201
2498,2950,2.377289
2499,2944,2.372454
2500,2951,2.378095
2501,2950,2.377289
2502,2944,2.372454
2503,2948,2.375678
2504,2944,2.372454
2505,2935,2.365201
2506,2944,2.372454
2507,2944,2.372454
2508,2951,2.378095
2509,2944,2.372454
2510,2944,2.372454
2511,2944,2.372454
2512,2951,2.378095
2513,2935,2.365201
2514,2951,2.378095
2515,2948,2.375678
2516,2948,2.375678
2517,2932,2.362784
2518,2944,2.372454
2519,2951,2.378095
2520,2948,2.375678
2521,2950,2.377289
2522,2950,2.377289
2523,2948,2.375678
2524,2950,2.377289
2525,2944,2.372454
2526,2935,2.365201
2527,2948,2.375678
2528,2935,2.365201
2529,2950,2.377289
2530,2944,2.372454
2531,2944,2.372454
2532,2944,2.372454
2533,2944,2.372454
2534,2944,2.372454
2535,2932,2.362784
2536,2935,2.365201
2537,2944,2.372454
2538,2932,2.362784
2539,2951,2.378095
2540,2944,2.372454
2541,2944,2.372454
2542,2944,2.372454
2543,2935,2.365201
2544,2944,2.372454
2545,2935,2.365201
2546,2932,2.362784
2547,2944,2.372454
2548,2948,2.375678
2549,2935,2.365201
2550,2932,2.362784
2551,2934,2.364396
2552,2935,2.365201
2553,2932,2.362784
2554,2950,2.377289
2555,2950,2.377289
2556,2944,2.372454
2557,2951,2.378095
2558,2932,2.362784
2559,2932,2.362784
2560,2944,2.372454
2561,2944,2.372454
2562,2934,2.364396
2563,2932,2.362784
2564,2944,2.372454
2565,2935,2.365201
2566,2944,2.372454
2567,2932,2.362784
2568,2932,2.362784
2569,2928,2.359560
2570,2919,2.352308
2571,2935,2.365201
2572,2928,2.359560
2573,2934,2.364396
2574,2932,2.362784
2575,2928,2.359560
2576,2932,2.362784
2577,2928,2.359560
2578,2928,2.359560
2579,2932,2.362784
2580,2928,2.359560
2581,2932,2.362784
2582,2934,2.364396
2583,2934,2.364396
2584,2935,2.365201
2585,2918,2.351502
2586,2928,2.359560
2587,2928,2.359560
2588,2928,2.359560
2589,2928,2.359560
2590,2934,2.364396
2591,2935,2.365201
2592,2934,2.364396
2593,2934,2.364396
2594,2934,2.364396
2595,2928,2.359560
2596,2928,2.359560
2597,2935,2.365201
2598,2919,2.352308
2599,2919,2.352308
2600,2919,2.352308
2601,2908,2.343443
2602,2919,2.352308
2603,2919,2.352308
2604,2919,2.352308
2605,2934,2.364396
2606,2910,2.345055
2607,2918,2.351502
2608,2928,2.359560
2609,2919,2.352308
2610,2918,2.351502
2611,2928,2.359560
2612,2919,2.352308
2613,2916,2.349890
2614,2916,2.349890
2615,2918,2.351502
2616,2918,2.351502
2617,2928,2.359560
2618,2902,2.338608
2619,2918,2.351502
2620,2911,2.345861
2621,2903,2.339414
2622,2902,2.338608
2623,2919,2.352308
2624,2918,2.351502
2625,2918,2.351502
2626,2916,2.349890
2627,2911,2.345861
2628,2903,2.339414
2629,2919,2.352308
2630,2911,2.345861
2631,2908,2.343443
2632,2903,2.339414
2633,2911,2.345861
2634,2911,2.345861
2635,2918,2.351502
2636,2903,2.339414
2637,2902,2.338608
2638,2911,2.345861
2639,2903,2.339414
2640,2903,2.339414
2641,2903,2.339414
2642,2900,2.336996
2643,2903,2.339414
2644,2900,2.336996
2645,2900,2.336996
2646,2896,2.333773
2647,2896,2.333773
2648,2903,2.339414
2649,2896,2.333773
2650,2903,2.339414
2651,2918,2.351502
2652,2903,2.339414
2653,2902,2.338608
2654,2902,2.338608
2655,2900,2.336996
2656,2903,2.339414
2657,2896,2.333773
2658,2884,2.324103
2659,2887,2.326520
2660,2896,2.333773
2661,2900,2.336996
2662,2886,2.325714
2663,2887,2.326520
2664,2880,2.320879
2665,2887,2.326520
2666,2896,2.333773
2667,2886,2.325714
2668,2900,2.336996
2669,2884,2.324103
2670,2884,2.324103
2671,2886,2.325714
2672,2886,2.325714
2673,2868,2.311209
2674,2884,2.324103
2675,2896,2.333773
2676,2896,2.333773
2677,2880,2.320879
2678,2880,2.320879
2679,2887,2.326520
2680,2871,2.313626
2681,2884,2.324103
2682,2868,2.311209
2683,2880,2.320879
2684,2880,2.320879
2685,2880,2.320879
2686,2884,2.324103
2687,2880,2.320879
2688,2870,2.312821
2689,2884,2.324103
2690,2880,2.320879
2691,2870,2.312821
2692,2868,2.311209
2693,2860,2.304762
2694,2860,2.304762
2695,2868,2.311209
2696,2868,2.311209
2697,2864,2.307985
2698,2864,2.307985
2699,2864,2.307985
2700,2864,2.307985
2701,2855,2.300733
2702,2852,2.298315
2703,2855,2.300733
2704,2864,2.307985
2705,2855,2.300733
2706,2855,2.300733
2707,2847,2.294286
2708,2855,2.300733
2709,2838,2.287033
2710,2839,2.287839
2711,2852,2.298315
2712,2847,2.294286
2713,2847,2.294286
2714,2832,2.282198
2715,2846,2.293480
2716,2839,2.287839
2717,2844,2.291868
2718,2832,2.282198
2719,2839,2.287839
2720,2838,2.287033
2721,2839,2.287839
2722,2839,2.287839
2723,2839,2.287839
2724,2839,2.287839
2725,2832,2.282198
2726,2836,2.285421
2727,2836,2.285421
2728,2823,2.274945
2729,2823,2.274945
2730,2836,2.285421
2731,2839,2.287839
2732,2823,2.274945
2733,2832,2.282198
2734,2823,2.274945
2735,2832,2.282198
2736,2812,2.266081
2737,2814,2.267692
2738,2823,2.274945
2739,2832,2.282198
2740,2806,2.261245
2741,2812,2.266081
2742,2820,2.272527
2743,2813,2.266886
2744,2806,2.261245
2745,2807,2.262051
2746,2812,2.266081
2747,2800,2.256410
2748,2814,2.267692
2749,2807,2.262051
2750,2806,2.261245
2751,2804,2.259634
2752,2783,2.242711
2753,2804,2.259634
2754,2790,2.248352
2755,2796,2.253187
2756,2804,2.259634
2757,2800,2.256410
2758,2791,2.249158
2759,2783,2.242711
2760,2790,2.248352
2761,2775,2.236264
2762,2783,2.242711
2763,2783,2.242711
2764,2775,2.236264
2765,2791,2.249158
2766,2775,2.236264
2767,2774,2.235458
2768,2772,2.233846
2769,2783,2.242711
2770,2788,2.246740
2771,2768,2.230623
2772,2768,2.230623
2773,2780,2.240293
2774,2775,2.236264
2775,2774,2.235458
2776,2775,2.236264
2777,2772,2.233846
2778,2768,2.230623
2779,2758,2.222564
2780,2775,2.236264
2781,2772,2.233846
2782,2768,2.230623
2783,2756,2.220952
2784,2759,2.223370
2785,2759,2.223370
2786,2752,2.217729
2787,2752,2.217729
2788,2752,2.217729
2789,2759,2.223370
2790,2752,2.217729
2791,2752,2.217729
2792,2752,2.217729
2793,2752,2.217729
2794,2752,2.217729
2795,2758,2.222564
2796,2752,2.217729
2797,2752,2.217729
2798,2740,2.208059
2799,2719,2.191136
2800,2711,2.184689
2801,2736,2.204835
2802,2724,2.195165
2803,2726,2.196777
2804,2724,2.195165
2805,2718,2.190330
2806,2718,2.190330
2807,2716,2.188718
2808,2726,2.196777
2809,2724,2.195165
2810,2727,2.197582
2811,2716,2.188718
2812,2704,2.179048
2813,2710,2.183883
2814,2694,2.170989
2815,2704,2.179048
2816,2708,2.182271
2817,2700,2.175824
2818,2695,2.171795
2819,2692,2.169377
2820,2705,2.179853
2821,2710,2.183883
2822,2692,2.169377
2823,2695,2.171795
2824,2694,2.170989
2825,2688,2.166154
2826,2679,2.158901
2827,2686,2.164542
2828,2692,2.169377
2829,2688,2.166154
2830,2686,2.164542
2831,2676,2.156484
2832,2679,2.158901
2833,2672,2.153260
2834,2663,2.146007
2835,2672,2.153260
2836,2662,2.145201
2837,2647,2.133114
2838,2660,2.143590
2839,2678,2.158095
2840,2647,2.133114
2841,2663,2.146007
2842,2654,2.138755
2843,2640,2.127473
2844,2660,2.143590
2845,2676,2.156484
2846,2652,2.137143
2847,2644,2.130696
2848,2647,2.133114
2849,2647,2.133114
2850,2655,2.139560
2851,2647,2.133114
2852,2647,2.133114
2853,2655,2.139560
2854,2624,2.114579
2855,2628,2.117802
2856,2612,2.104908
2857,2631,2.120220
2858,2644,2.130696
2859,2640,2.127473
2860,2631,2.120220
2861,2628,2.117802
2862,2624,2.114579
2863,2612,2.104908
2864,2628,2.117802
2865,2630,2.119414
2866,2608,2.101685
2867,2624,2.114579
2868,2612,2.104908
2869,2599,2.094432
2870,2624,2.114579
2871,2612,2.104908
2872,2624,2.114579
2873,2599,2.094432
2874,2604,2.098462
2875,2612,2.104908
2876,2599,2.094432
2877,2591,2.087985
2878,2590,2.087179
2879,2612,2.104908
2880,2599,2.094432
2881,2596,2.092015
2882,2596,2.092015
2883,2614,2.106520
2884,2604,2.098462
2885,2596,2.092015
2886,2582,2.080733
2887,2576,2.075897
2888,2580,2.079121
2889,2566,2.067839
2890,2580,2.079121
2891,2567,2.068645
2892,2566,2.067839
2893,2567,2.068645
2894,2567,2.068645
2895,2580,2.079121
2896,2576,2.075897
2897,2564,2.066227
2898,2583,2.081538
2899,2576,2.075897
2900,2558,2.061392
2901,2566,2.067839
2902,2566,2.067839
2903,2566,2.067839
2904,2548,2.053333
2905,2559,2.062198
2906,2544,2.050110
2907,2551,2.055751
2908,2540,2.046886
2909,2556,2.059780
2910,2559,2.062198
2911,2551,2.055751
2912,2551,2.055751
2913,2548,2.053333
2914,2548,2.053333
2915,2540,2.046886
2916,2558,2.061392
2917,2551,2.055751
2918,2527,2.036410
2919,2540,2.046886
2920,2532,2.040440
2921,2535,2.042857
2922,2532,2.040440
2923,2544,2.050110
2924,2526,2.035604
2925,2526,2.035604
2926,2514,2.025934
2927,2518,2.029158
2928,2550,2.054945
2929,2540,2.046886
2930,2527,2.036410
2931,2524,2.033993
2932,2518,2.029158
2933,2535,2.042857
2934,2527,2.036410
2935,2524,2.033993
2936,2518,2.029158
2937,2535,2.042857
2938,2518,2.029158
2939,2524,2.033993
2940,2532,2.040440
2941,2532,2.040440
2942,2524,2.033993
2943,2518,2.029158
2944,2503,2.017070
2945,2508,2.021099
2946,2502,2.016264
2947,2512,2.024322
2948,2512,2.024322
2949,2502,2.016264
2950,2508,2.021099
2951,2512,2.024322
2952,2496,2.011429
2953,2512,2.024322
2954,2527,2.036410
2955,2519,2.029963
2956,2500,2.014652
2957,2486,2.003370
2958,2503,2.017070
2959,2496,2.011429
2960,2500,2.014652
2961,2503,2.017070
2962,2502,2.016264
2963,2503,2.017070
2964,2484,2.001758
2965,2500,2.014652
2966,2496,2.011429
2967,2496,2.011429
2968,2480,1.998535
2969,2471,1.991282
2970,2482,2.000147
2971,2500,2.014652
2972,2484,2.001758
2973,2496,2.011429
2974,2480,1.998535
2975,2500,2.014652
2976,2512,2.024322
2977,2516,2.027546
2978,2496,2.011429
2979,2496,2.011429
2980,2476,1.995311
2981,2468,1.988864
2982,2484,2.001758
2983,2471,1.991282
2984,2471,1.991282
2985,2480,1.998535
2986,2468,1.988864
2987,2480,1.998535
2988,2487,2.004176
2989,2482,2.000147
2990,2468,1.988864
2991,2480,1.998535
2992,2455,1.978388
2993,2484,2.001758
2994,2461,1.983223
2995,2463,1.984835
2996,2471,1.991282
2997,2452,1.975971
2998,2463,1.984835
2999,2471,1.991282
3000,2462,1.984029
3001,2452,1.975971
3002,2463,1.984835
3003,2452,1.975971
3004,2463,1.984835
3005,2470,1.990476
3006,2460,1.982418
3007,2452,1.975971
3008,2463,1.984835
3009,2463,1.984835
3010,2452,1.975971
3011,2462,1.984029
3012,2448,1.972747
3013,2452,1.975971
3014,2448,1.972747
3015,2460,1.982418
3016,2455,1.978388
3017,2462,1.984029
3018,2463,1.984835
3019,2454,1.977582
3020,2449,1.973553
3021,2444,1.969524
3022,2452,1.975971
3023,2455,1.978388
3024,2444,1.969524
3025,2439,1.965495
3026,2448,1.972747
3027,2454,1.977582
3028,2439,1.965495
3029,2437,1.963883
3030,2438,1.964689
3031,2432,1.959853
3032,2432,1.959853
3033,2439,1.965495
3034,2439,1.965495
3035,2439,1.965495
3036,2438,1.964689
3037,2439,1.965495
3038,2436,1.963077
3039,2436,1.963077
3040,2416,1.946960
3041,2432,1.959853
3042,2422,1.951795
3043,2416,1.946960
3044,2444,1.969524
3045,2438,1.964689
3046,2432,1.959853
3047,2420,1.950183
3048,2432,1.959853
3049,2438,1.964689
3050,2439,1.965495
3051,2432,1.959853
3052,2452,1.975971
3053,2432,1.959853
3054,2438,1.964689
3055,2432,1.959853
3056,2420,1.950183
3057,2407,1.939707
3058,2412,1.943736
3059,2407,1.939707
3060,2416,1.946960
3061,2406,1.938901
3062,2407,1.939707
3063,2416,1.946960
3064,2407,1.939707
3065,2404,1.937289
3066,2391,1.926813
3067,2404,1.937289
3068,2404,1.937289
3069,2396,1.930842
3070,2406,1.938901
3071,2432,1.959853
3072,2422,1.951795
3073,2432,1.959853
3074,2423,1.952601
3075,2439,1.965495
3076,2436,1.963077
3077,2422,1.951795
3078,2432,1.959853
3079,2432,1.959853
3080,2423,1.952601
3081,2420,1.950183
3082,2416,1.946960
3083,2416,1.946960
3084,2407,1.939707
3085,2432,1.959853
3086,2423,1.952601
3087,2432,1.959853
3088,2423,1.952601
3089,2444,1.969524
3090,2432,1.959853
3091,2432,1.959853
3092,2432,1.959853
3093,2407,1.939707
3094,2407,1.939707
3095,2416,1.946960
3096,2399,1.933260
3097,2398,1.932454
3098,2390,1.926007
3099,2384,1.921172
3100,2399,1.933260
3101,2391,1.926813
3102,2375,1.913919
3103,2390,1.926007
3104,2375,1.913919
3105,2390,1.926007
3106,2388,1.924396
3107,2391,1.926813
3108,2396,1.930842
3109,2404,1.937289
3110,2375,1.913919
3111,2390,1.926007
3112,2384,1.921172
3113,2384,1.921172
3114,2375,1.913919
3115,2396,1.930842
3116,2375,1.913919
3117,2375,1.913919
3118,2368,1.908278
3119,2396,1.930842
3120,2390,1.926007
3121,2384,1.921172
3122,2391,1.926813
3123,2388,1.924396
3124,2388,1.924396
3125,2390,1.926007
3126,2375,1.913919
3127,2375,1.913919
3128,2399,1.933260
3129,2375,1.913919
3130,2388,1.924396
3131,2386,1.922784
3132,2396,1.930842
3133,2384,1.921172
3134,2374,1.913114
3135,2368,1.908278
3136,2375,1.913919
3137,2384,1.921172
3138,2391,1.926813
3139,2384,1.921172
3140,2380,1.917949
3141,2380,1.917949
3142,2375,1.913919
3143,2375,1.913919
3144,2368,1.908278
3145,2358,1.900220
3146,2375,1.913919
3147,2372,1.911502
3148,2372,1.911502
3149,2368,1.908278
3150,2359,1.901026
3151,2356,1.898608
3152,2352,1.895385
3153,2368,1.908278
3154,2372,1.911502
3155,2372,1.911502
3156,2358,1.900220
3157,2384,1.921172
3158,2356,1.898608
3159,2368,1.908278
3160,2375,1.913919
3161,2368,1.908278
3162,2368,1.908278
3163,2368,1.908278
3164,2368,1.908278
3165,2368,1.908278
3166,2352,1.895385
3167,2368,1.908278
3168,2335,1.881685
3169,2343,1.888132
3170,2342,1.887326
3171,2358,1.900220
3172,2352,1.895385
3173,2352,1.895385
3174,2348,1.892161
3175,2356,1.898608
3176,2340,1.885714
3177,2352,1.895385
3178,2358,1.900220
3179,2368,1.908278
3180,2368,1.908278
3181,2352,1.895385
3182,2359,1.901026
3183,2342,1.887326
3184,2342,1.887326
3185,2352,1.895385
3186,2358,1.900220
3187,2356,1.898608
3188,2368,1.908278
3189,2359,1.901026
3190,2342,1.887326
3191,2342,1.887326
3192,2343,1.888132
3193,2356,1.898608
3194,2335,1.881685
3195,2335,1.881685
3196,2359,1.901026
3197,2342,1.887326
3198,2342,1.887326
3199,2343,1.888132
3200,2356,1.898608
3201,2352,1.895385
3202,2352,1.895385
3203,2348,1.892161
3204,2356,1.898608
3205,2335,1.881685
3206,2356,1.898608
3207,2352,1.895385
3208,2334,1.880879
3209,2352,1.895385
3210,2343,1.888132
3211,2348,1.892161
3212,2332,1.879267
3213,2335,1.881685
3214,2340,1.885714
3215,2352,1.895385
3216,2343,1.888132
3217,2340,1.885714
3218,2327,1.875238
3219,2334,1.880879
3220,2340,1.885714
3221,2327,1.875238
3222,2348,1.892161
3223,2343,1.888132
3224,2340,1.885714
3225,2332,1.879267
3226,2324,1.872821
3227,2340,1.885714
3228,2327,1.875238
3229,2327,1.875238
3230,2334,1.880879
3231,2322,1.871209
3232,2335,1.881685
3233,2327,1.875238
3234,2321,1.870403
3235,2327,1.875238
3236,2326,1.874432
3237,2324,1.872821
3238,2335,1.881685
3239,2327,1.875238
3240,2335,1.881685
3241,2324,1.872821
3242,2324,1.872821
3243,2316,1.866374
3244,2324,1.872821
3245,2332,1.879267
3246,2340,1.885714
3247,2327,1.875238
3248,2326,1.874432
3249,2327,1.875238
3250,2334,1.880879
3251,2320,1.869597
3252,2334,1.880879
3253,2332,1.879267
3254,2316,1.866374
3255,2335,1.881685
3256,2316,1.866374
3257,2334,1.880879
3258,2320,1.869597
3259,2327,1.875238
3260,2327,1.875238
3261,2324,1.872821
3262,2327,1.875238
3263,2342,1.887326
3264,2303,1.855897
3265,2334,1.880879
3266,2340,1.885714
3267,2332,1.879267
3268,2320,1.869597
3269,2340,1.885714
3270,2324,1.872821
3271,2325,1.873626
3272,2324,1.872821
3273,2321,1.870403
3274,2327,1.875238
3275,2324,1.872821
3276,2326,1.874432
3277,2332,1.879267
3278,2320,1.869597
3279,2320,1.869597
3280,2303,1.855897
3281,2303,1.855897
3282,2320,1.869597
3283,2332,1.879267
3284,2332,1.879267
3285,2316,1.866374
3286,2311,1.862344
3287,2324,1.872821
3288,2335,1.881685
3289,2303,1.855897
3290,2324,1.872821
3291,2320,1.869597
3292,2324,1.872821
3293,2303,1.855897
3294,2326,1.874432
3295,2320,1.869597
3296,2311,1.862344
3297,2316,1.866374
3298,2316,1.866374
3299,2327,1.875238
3300,2324,1.872821
3301,2316,1.866374
3302,2326,1.874432
3303,2311,1.862344
3304,2311,1.862344
3305,2311,1.862344
3306,2327,1.875238
3307,2324,1.872821
3308,2303,1.855897
3309,2324,1.872821
3310,2320,1.869597
3311,2324,1.872821
3312,2311,1.862344
3313,2324,1.872821
3314,2320,1.869597
3315,2320,1.869597
3316,2320,1.869597
3317,2320,1.869597
3318,2324,1.872821
3319,2303,1.855897
3320,2303,1.855897
3321,2324,1.872821
3322,2311,1.862344
3323,2320,1.869597
3324,2303,1.855897
3325,2316,1.866374
3326,2326,1.874432
3327,2332,1.879267
3328,2303,1.855897
3329,2327,1.875238
3330,2321,1.870403
3331,2327,1.875238
3332,2327,1.875238
3333,2320,1.869597
3334,2324,1.872821
3335,2332,1.879267
3336,2320,1.869597
3337,2320,1.869597
3338,2320,1.869597
3339,2320,1.869597
3340,2311,1.862344
3341,2320,1.869597
3342,2324,1.872821
3343,2303,1.855897
3344,2326,1.874432
3345,2320,1.869597
3346,2327,1.875238
3347,2303,1.855897
3348,2311,1.862344
3349,2320,1.869597
3350,2303,1.855897
3351,2311,1.862344
3352,2320,1.869597
3353,2311,1.862344
3354,2303,1.855897
3355,2320,1.869597
3356,2303,1.855897
3357,2303,1.855897
3358,2311,1.862344
3359,2320,1.869597
3360,2302,1.855092
3361,2320,1.869597
3362,2324,1.872821
3363,2320,1.869597
3364,2316,1.866374
3365,2303,1.855897
3366,2303,1.855897
3367,2316,1.866374
3368,2300,1.853480
3369,2324,1.872821
3370,2320,1.869597
3371,2311,1.862344
3372,2311,1.862344
3373,2320,1.869597
3374,2303,1.855897
3375,2303,1.855897
3376,2311,1.862344
3377,2326,1.874432
3378,2324,1.872821
3379,2316,1.866374
3380,2303,1.855897
3381,2302,1.855092
3382,2303,1.855897
3383,2303,1.855897
3384,2294,1.848645
3385,2300,1.853480
3386,2303,1.855897
3387,2302,1.855092
3388,2303,1.855897
3389,2303,1.855897
3390,2303,1.855897
3391,2302,1.855092
3392,2300,1.853480
3393,2303,1.855897
3394,2303,1.855897
3395,2292,1.847033
3396,2303,1.855897
3397,2303,1.855897
3398,2303,1.855897
3399,2324,1.872821
3400,2311,1.862344
3401,2302,1.855092
3402,2303,1.855897
3403,2324,1.872821
3404,2303,1.855897
3405,2303,1.855897
3406,2320,1.869597
3407,2324,1.872821
3408,2303,1.855897
3409,2303,1.855897
3410,2292,1.847033
3411,2302,1.855092
3412,2303,1.855897
3413,2303,1.855897
3414,2302,1.855092
3415,2302,1.855092
3416,2294,1.848645
3417,2303,1.855897
3418,2300,1.853480
3419,2316,1.866374
3420,2303,1.855897
3421,2303,1.855897
3422,2295,1.849451
3423,2311,1.862344
3424,2303,1.855897
3425,2311,1.862344
3426,2320,1.869597
3427,2303,1.855897
3428,2320,1.869597
3429,2311,1.862344
3430,2303,1.855897
3431,2311,1.862344
3432,2303,1.855897
3433,2303,1.855897
3434,2311,1.862344
3435,2311,1.862344
3436,2316,1.866374
3437,2316,1.866374
3438,2311,1.862344
3439,2311,1.862344
3440,2316,1.866374
3441,2302,1.855092
3442,2311,1.862344
3443,2311,1.862344
3444,2311,1.862344
3445,2303,1.855897
3446,2303,1.855897
3447,2311,1.862344
3448,2320,1.869597
3449,2303,1.855897
3450,2332,1.879267
3451,2311,1.862344
3452,2324,1.872821
3453,2303,1.855897
3454,2316,1.866374
3455,2303,1.855897
3456,2320,1.869597
3457,2324,1.872821
3458,2327,1.875238
3459,2303,1.855897
3460,2320,1.869597
3461,2311,1.862344
3462,2324,1.872821
3463,2332,1.879267
3464,2324,1.872821
3465,2316,1.866374
3466,2334,1.880879
3467,2326,1.874432
3468,2324,1.872821
3469,2327,1.875238
3470,2316,1.866374
3471,2324,1.872821
3472,2324,1.872821
3473,2327,1.875238
3474,2326,1.874432
3475,2303,1.855897
3476,2326,1.874432
3477,2324,1.872821
3478,2327,1.875238
3479,2324,1.872821
3480,2320,1.869597
3481,2332,1.879267
3482,2316,1.866374
3483,2334,1.880879
3484,2320,1.869597
3485,2324,1.872821
3486,2324,1.872821
3487,2324,1.872821
3488,2332,1.879267
3489,2326,1.874432
3490,2324,1.872821
3491,2334,1.880879
3492,2334,1.880879
3493,2327,1.875238
3494,2342,1.887326
3495,2335,1.881685
3496,2327,1.875238
3497,2332,1.879267
3498,2324,1.872821
3499,2327,1.875238
3500,2348,1.892161
3501,2343,1.888132
3502,2342,1.887326
3503,2311,1.862344
3504,2340,1.885714
3505,2335,1.881685
3506,2327,1.875238
3507,2343,1.888132
3508,2354,1.896996
3509,2332,1.879267
3510,2332,1.879267
3511,2348,1.892161
3512,2348,1.892161
3513,2342,1.887326
3514,2343,1.888132
3515,2356,1.898608
3516,2340,1.885714
3517,2324,1.872821
3518,2334,1.880879
3519,2356,1.898608
3520,2356,1.898608
3521,2340,1.885714
3522,2335,1.881685
3523,2343,1.888132
3524,2348,1.892161
3525,2356,1.898608
3526,2348,1.892161
3527,2352,1.895385
3528,2368,1.908278
3529,2352,1.895385
3530,2358,1.900220
3531,2368,1.908278
3532,2352,1.895385
3533,2359,1.901026
3534,2356,1.898608
3535,2368,1.908278
3536,2358,1.900220
3537,2359,1.901026
3538,2359,1.901026
3539,2356,1.898608
3540,2368,1.908278
3541,2343,1.888132
3542,2368,1.908278
3543,2372,1.911502
3544,2375,1.913919
3545,2375,1.913919
3546,2380,1.917949
3547,2368,1.908278
3548,2375,1.913919
3549,2375,1.913919
3550,2388,1.924396
3551,2388,1.924396
3552,2368,1.908278
3553,2384,1.921172
3554,2396,1.930842
3555,2374,1.913114
3556,2384,1.921172
3557,2375,1.913919
3558,2388,1.924396
3559,2391,1.926813
3560,2375,1.913919
3561,2399,1.933260
3562,2384,1.921172
3563,2374,1.913114
3564,2396,1.930842
3565,2391,1.926813
3566,2391,1.926813
3567,2391,1.926813
3568,2404,1.937289
3569,2416,1.946960
3570,2398,1.932454
3571,2412,1.943736
3572,2407,1.939707
3573,2407,1.939707
3574,2388,1.924396
3575,2416,1.946960
3576,2406,1.938901
3577,2420,1.950183
3578,2421,1.950989
3579,2416,1.946960
3580,2407,1.939707
3581,2416,1.946960
3582,2422,1.951795
3583,2391,1.926813
3584,2432,1.959853
3585,2416,1.946960
3586,2422,1.951795
3587,2432,1.959853
3588,2438,1.964689
3589,2416,1.946960
3590,2439,1.965495
3591,2439,1.965495
3592,2439,1.965495
3593,2436,1.963077
3594,2439,1.965495
3595,2439,1.965495
3596,2439,1.965495
3597,2439,1.965495
3598,2439,1.965495
3599,2439,1.965495
3600,2439,1.965495
3601,2455,1.978388
3602,2454,1.977582
3603,2460,1.982418
3604,2455,1.978388
3605,2463,1.984835
3606,2460,1.982418
3607,2463,1.984835
3608,2468,1.988864
3609,2480,1.998535
3610,2480,1.998535
3611,2480,1.998535
3612,2471,1.991282
3613,2484,2.001758
3614,2480,1.998535
3615,2496,2.011429
3616,2496,2.011429
3617,2486,2.003370
3618,2496,2.011429
3619,2496,2.011429
3620,2503,2.017070
3621,2500,2.014652
3622,2508,2.021099
3623,2503,2.017070
3624,2500,2.014652
3625,2503,2.017070
3626,2508,2.021099
3627,2534,2.042051
3628,2516,2.027546
3629,2518,2.029158
3630,2533,2.041245
3631,2526,2.035604
3632,2527,2.036410
3633,2540,2.046886
3634,2544,2.050110
3635,2540,2.046886
3636,2532,2.040440
3637,2548,2.053333
3638,2544,2.050110
3639,2532,2.040440
3640,2551,2.055751
3641,2551,2.055751
3642,2550,2.054945
3643,2550,2.054945
3644,2558,2.061392
3645,2551,2.055751
3646,2567,2.068645
3647,2566,2.067839
