Pixel,ADC,VoltageV
1,3933,3.169451
2,3933,3.169451
3,3937,3.172674
4,3929,3.166227
5,3925,3.163004
6,3933,3.169451
7,3933,3.169451
8,3925,3.163004
9,3925,3.163004
10,3933,3.169451
11,3925,3.163004
12,3925,3.163004
13,3929,3.166227
14,3933,3.169451
15,3925,3.163004
16,3921,3.159780
17,3173,2.556996
18,2613,2.105714
19,2645,2.131502
20,2640,2.127473
21,2653,2.137949
22,2649,2.134725
23,2653,2.137949
24,2645,2.131502
25,2657,2.141172
26,2641,2.128278
27,2653,2.137949
28,2653,2.137949
29,2653,2.137949
30,2649,2.134725
31,2649,2.134725
32,2653,2.137949
33,2641,2.128278
34,2645,2.131502
35,2649,2.134725
36,2661,2.144396
37,2653,2.137949
38,2649,2.134725
39,2661,2.144396
40,2645,2.131502
41,2641,2.128278
42,2644,2.130696
43,2653,2.137949
44,2629,2.118608
45,2653,2.137949
46,2645,2.131502
47,2645,2.131502
48,2653,2.137949
49,2653,2.137949
50,2653,2.137949
51,2652,2.137143
52,2657,2.141172
53,2653,2.137949
54,2640,2.127473
55,2641,2.128278
56,2645,2.131502
57,2652,2.137143
58,2644,2.130696
59,2641,2.128278
60,2645,2.131502
61,2645,2.131502
62,2653,2.137949
63,2653,2.137949
64,2653,2.137949
65,2645,2.131502
66,2645,2.131502
67,2649,2.134725
68,2645,2.131502
69,2645,2.131502
70,2649,2.134725
71,2653,2.137949
72,2653,2.137949
73,2653,2.137949
74,2645,2.131502
75,2657,2.141172
76,2653,2.137949
77,2661,2.144396
78,2644,2.130696
79,2641,2.128278
80,2653,2.137949
81,2653,2.137949
82,2652,2.137143
83,2653,2.137949
84,2665,2.147619
85,2649,2.134725
86,2653,2.137949
87,2645,2.131502
88,2653,2.137949
89,2657,2.141172
90,2653,2.137949
91,2668,2.150037
92,2653,2.137949
93,2649,2.134725
94,2660,2.143590
95,2649,2.134725
96,2653,2.137949
97,2649,2.134725
98,2641,2.128278
99,2645,2.131502
100,2645,2.131502
101,2653,2.137949
102,2649,2.134725
103,2645,2.131502
104,2633,2.121832
105,2641,2.128278
106,2645,2.131502
107,2641,2.128278
108,2641,2.128278
109,2649,2.134725
110,2645,2.131502
111,2640,2.127473
112,2653,2.137949
113,2633,2.121832
114,2645,2.131502
115,2641,2.128278
116,2649,2.134725
117,2637,2.125055
118,2633,2.121832
119,2649,2.134725
120,2653,2.137949
121,2645,2.131502
122,2657,2.141172
123,2653,2.137949
124,2653,2.137949
125,2657,2.141172
126,2653,2.137949
127,2649,2.134725
128,2645,2.131502
129,2645,2.131502
130,2653,2.137949
131,2657,2.141172
132,2653,2.137949
133,2645,2.131502
134,2653,2.137949
135,2653,2.137949
136,2653,2.137949
137,2641,2.128278
138,2653,2.137949
139,2661,2.144396
140,2660,2.143590
141,2661,2.144396
142,2672,2.153260
143,2653,2.137949
144,2661,2.144396
145,2653,2.137949
146,2660,2.143590
147,2661,2.144396
148,2641,2.128278
149,2657,2.141172
150,2653,2.137949
151,2653,2.137949
152,2653,2.137949
153,2657,2.141172
154,2653,2.137949
155,2649,2.134725
156,2652,2.137143
157,2653,2.137949
158,2641,2.128278
159,2669,2.150842
160,2649,2.134725
161,2653,2.137949
162,2645,2.131502
163,2653,2.137949
164,2657,2.141172
165,2645,2.131502
166,2661,2.144396
167,2653,2.137949
168,2645,2.131502
169,2652,2.137143
170,2653,2.137949
171,2649,2.134725
172,2657,2.141172
173,2653,2.137949
174,2640,2.127473
175,2657,2.141172
176,2649,2.134725
177,2653,2.137949
178,2645,2.131502
179,2633,2.121832
180,2661,2.144396
181,2633,2.121832
182,2653,2.137949
183,2649,2.134725
184,2645,2.131502
185,2636,2.124249
186,2637,2.125055
187,2649,2.134725
188,2629,2.118608
189,2641,2.128278
190,2645,2.131502
191,2641,2.128278
192,2633,2.121832
193,2640,2.127473
194,2641,2.128278
195,2640,2.127473
196,2641,2.128278
197,2645,2.131502
198,2649,2.134725
199,2645,2.131502
200,2629,2.118608
201,2649,2.134725
202,2645,2.131502
203,2641,2.128278
204,2640,2.127473
205,2653,2.137949
206,2645,2.131502
207,2641,2.128278
208,2645,2.131502
209,2641,2.128278
210,2652,2.137143
211,2641,2.128278
212,2649,2.134725
213,2652,2.137143
214,2645,2.131502
215,2657,2.141172
216,2636,2.124249
217,2653,2.137949
218,2645,2.131502
219,2652,2.137143
220,2633,2.121832
221,2653,2.137949
222,2661,2.144396
223,2644,2.130696
224,2641,2.128278
225,2645,2.131502
226,2657,2.141172
227,2649,2.134725
228,2645,2.131502
229,2653,2.137949
230,2649,2.134725
231,2653,2.137949
232,2653,2.137949
233,2661,2.144396
234,2640,2.127473
235,2649,2.134725
236,2649,2.134725
237,2649,2.134725
238,2641,2.128278
239,2653,2.137949
240,2653,2.137949
241,2644,2.130696
242,2645,2.131502
243,2653,2.137949
244,2649,2.134725
245,2645,2.131502
246,2645,2.131502
247,2645,2.131502
248,2653,2.137949
249,2657,2.141172
250,2645,2.131502
251,2645,2.131502
252,2657,2.141172
253,2653,2.137949
254,2653,2.137949
255,2652,2.137143
256,2640,2.127473
257,2653,2.137949
258,2649,2.134725
259,2644,2.130696
260,2649,2.134725
261,2649,2.134725
262,2652,2.137143
263,2661,2.144396
264,2661,2.144396
265,2657,2.141172
266,2645,2.131502
267,2640,2.127473
268,2653,2.137949
269,2652,2.137143
270,2641,2.128278
271,2652,2.137143
272,2637,2.125055
273,2629,2.118608
274,2645,2.131502
275,2649,2.134725
276,2641,2.128278
277,2645,2.131502
278,2644,2.130696
279,2636,2.124249
280,2649,2.134725
281,2640,2.127473
282,2645,2.131502
283,2641,2.128278
284,2645,2.131502
285,2640,2.127473
286,2644,2.130696
287,2653,2.137949
288,2640,2.127473
289,2645,2.131502
290,2653,2.137949
291,2652,2.137143
292,2641,2.128278
293,2645,2.131502
294,2661,2.144396
295,2649,2.134725
296,2644,2.130696
297,2665,2.147619
298,2645,2.131502
299,2653,2.137949
300,2645,2.131502
301,2645,2.131502
302,2641,2.128278
303,2641,2.128278
304,2645,2.131502
305,2649,2.134725
306,2645,2.131502
307,2633,2.121832
308,2649,2.134725
309,2640,2.127473
310,2641,2.128278
311,2645,2.131502
312,2645,2.131502
313,2661,2.144396
314,2649,2.134725
315,2649,2.134725
316,2644,2.130696
317,2653,2.137949
318,2661,2.144396
319,2645,2.131502
320,2653,2.137949
321,2645,2.131502
322,2653,2.137949
323,2649,2.134725
324,2653,2.137949
325,2649,2.134725
326,2653,2.137949
327,2653,2.137949
328,2649,2.134725
329,2668,2.150037
330,2649,2.134725
331,2653,2.137949
332,2657,2.141172
333,2653,2.137949
334,2660,2.143590
335,2668,2.150037
336,2665,2.147619
337,2665,2.147619
338,2653,2.137949
339,2657,2.141172
340,2672,2.153260
341,2669,2.150842
342,2649,2.134725
343,2661,2.144396
344,2653,2.137949
345,2645,2.131502
346,2653,2.137949
347,2653,2.137949
348,2661,2.144396
349,2661,2.144396
350,2672,2.153260
351,2665,2.147619
352,2661,2.144396
353,2653,2.137949
354,2673,2.154066
355,2673,2.154066
356,2665,2.147619
357,2661,2.144396
358,2669,2.150842
359,2653,2.137949
360,2665,2.147619
361,2673,2.154066
362,2652,2.137143
363,2653,2.137949
364,2645,2.131502
365,2661,2.144396
366,2653,2.137949
367,2653,2.137949
368,2649,2.134725
369,2653,2.137949
370,2649,2.134725
371,2649,2.134725
372,2661,2.144396
373,2672,2.153260
374,2641,2.128278
375,2649,2.134725
376,2660,2.143590
377,2653,2.137949
378,2653,2.137949
379,2645,2.131502
380,2649,2.134725
381,2653,2.137949
382,2645,2.131502
383,2645,2.131502
384,2645,2.131502
385,2641,2.128278
386,2645,2.131502
387,2653,2.137949
388,2652,2.137143
389,2645,2.131502
390,2644,2.130696
391,2637,2.125055
392,2657,2.141172
393,2645,2.131502
394,2649,2.134725
395,2653,2.137949
396,2657,2.141172
397,2653,2.137949
398,2653,2.137949
399,2653,2.137949
400,2649,2.134725
401,2641,2.128278
402,2653,2.137949
403,2645,2.131502
404,2649,2.134725
405,2645,2.131502
406,2649,2.134725
407,2645,2.131502
408,2653,2.137949
409,2661,2.144396
410,2645,2.131502
411,2645,2.131502
412,2657,2.141172
413,2653,2.137949
414,2645,2.131502
415,2652,2.137143
416,2641,2.128278
417,2653,2.137949
418,2661,2.144396
419,2661,2.144396
420,2653,2.137949
421,2645,2.131502
422,2653,2.137949
423,2645,2.131502
424,2641,2.128278
425,2637,2.125055
426,2640,2.127473
427,2649,2.134725
428,2629,2.118608
429,2645,2.131502
430,2640,2.127473
431,2641,2.128278
432,2645,2.131502
433,2645,2.131502
434,2649,2.134725
435,2628,2.117802
436,2645,2.131502
437,2661,2.144396
438,2645,2.131502
439,2649,2.134725
440,2653,2.137949
441,2649,2.134725
442,2645,2.131502
443,2645,2.131502
444,2653,2.137949
445,2653,2.137949
446,2641,2.128278
447,2649,2.134725
448,2645,2.131502
449,2653,2.137949
450,2653,2.137949
451,2645,2.131502
452,2661,2.144396
453,2649,2.134725
454,2649,2.134725
455,2641,2.128278
456,2641,2.128278
457,2640,2.127473
458,2645,2.131502
459,2645,2.131502
460,2645,2.131502
461,2645,2.131502
462,2661,2.144396
463,2645,2.131502
464,2653,2.137949
465,2649,2.134725
466,2645,2.131502
467,2653,2.137949
468,2661,2.144396
469,2661,2.144396
470,2653,2.137949
471,2653,2.137949
472,2672,2.153260
473,2665,2.147619
474,2672,2.153260
475,2672,2.153260
476,2665,2.147619
477,2673,2.154066
478,2672,2.153260
479,2661,2.144396
480,2672,2.153260
481,2657,2.141172
482,2661,2.144396
483,2649,2.134725
484,2653,2.137949
485,2652,2.137143
486,2653,2.137949
487,2657,2.141172
488,2653,2.137949
489,2653,2.137949
490,2645,2.131502
491,2653,2.137949
492,2653,2.137949
493,2645,2.131502
494,2661,2.144396
495,2657,2.141172
496,2661,2.144396
497,2672,2.153260
498,2661,2.144396
499,2660,2.143590
500,2661,2.144396
501,2661,2.144396
502,2677,2.157289
503,2661,2.144396
504,2665,2.147619
505,2668,2.150037
506,2673,2.154066
507,2665,2.147619
508,2653,2.137949
509,2661,2.144396
510,2653,2.137949
511,2649,2.134725
512,2645,2.131502
513,2652,2.137143
514,2645,2.131502
515,2645,2.131502
516,2645,2.131502
517,2652,2.137143
518,2657,2.141172
519,2645,2.131502
520,2661,2.144396
521,2653,2.137949
522,2661,2.144396
523,2660,2.143590
524,2661,2.144396
525,2673,2.154066
526,2665,2.147619
527,2677,2.157289
528,2677,2.157289
529,2669,2.150842
530,2672,2.153260
531,2672,2.153260
532,2665,2.147619
533,2672,2.153260
534,2672,2.153260
535,2665,2.147619
536,2672,2.153260
537,2673,2.154066
538,2681,2.160513
539,2673,2.154066
540,2684,2.162930
541,2665,2.147619
542,2676,2.156484
543,2672,2.153260
544,2665,2.147619
545,2665,2.147619
546,2653,2.137949
547,2665,2.147619
548,2653,2.137949
549,2653,2.137949
550,2676,2.156484
551,2672,2.153260
552,2669,2.150842
553,2661,2.144396
554,2653,2.137949
555,2669,2.150842
556,2676,2.156484
557,2669,2.150842
558,2661,2.144396
559,2665,2.147619
560,2660,2.143590
561,2673,2.154066
562,2673,2.154066
563,2661,2.144396
564,2665,2.147619
565,2653,2.137949
566,2668,2.150037
567,2653,2.137949
568,2673,2.154066
569,2661,2.144396
570,2661,2.144396
571,2661,2.144396
572,2672,2.153260
573,2661,2.144396
574,2653,2.137949
575,2661,2.144396
576,2657,2.141172
577,2661,2.144396
578,2652,2.137143
579,2661,2.144396
580,2653,2.137949
581,2652,2.137143
582,2672,2.153260
583,2653,2.137949
584,2661,2.144396
585,2665,2.147619
586,2657,2.141172
587,2665,2.147619
588,2653,2.137949
589,2653,2.137949
590,2665,2.147619
591,2657,2.141172
592,2645,2.131502
593,2660,2.143590
594,2653,2.137949
595,2649,2.134725
596,2653,2.137949
597,2657,2.141172
598,2653,2.137949
599,2669,2.150842
600,2668,2.150037
601,2649,2.134725
602,2657,2.141172
603,2665,2.147619
604,2661,2.144396
605,2661,2.144396
606,2672,2.153260
607,2669,2.150842
608,2677,2.157289
609,2665,2.147619
610,2673,2.154066
611,2665,2.147619
612,2673,2.154066
613,2661,2.144396
614,2669,2.150842
615,2665,2.147619
616,2676,2.156484
617,2665,2.147619
618,2660,2.143590
619,2661,2.144396
620,2672,2.153260
621,2677,2.157289
622,2661,2.144396
623,2669,2.150842
624,2657,2.141172
625,2665,2.147619
626,2661,2.144396
627,2672,2.153260
628,2669,2.150842
629,2677,2.157289
630,2673,2.154066
631,2677,2.157289
632,2681,2.160513
633,2677,2.157289
634,2665,2.147619
635,2677,2.157289
636,2677,2.157289
637,2665,2.147619
638,2672,2.153260
639,2681,2.160513
640,2681,2.160513
641,2677,2.157289
642,2673,2.154066
643,2677,2.157289
644,2681,2.160513
645,2677,2.157289
646,2681,2.160513
647,2677,2.157289
648,2661,2.144396
649,2661,2.144396
650,2657,2.141172
651,2673,2.154066
652,2672,2.153260
653,2669,2.150842
654,2665,2.147619
655,2669,2.150842
656,2672,2.153260
657,2677,2.157289
658,2677,2.157289
659,2669,2.150842
660,2673,2.154066
661,2665,2.147619
662,2673,2.154066
663,2673,2.154066
664,2677,2.157289
665,2673,2.154066
666,2677,2.157289
667,2668,2.150037
668,2668,2.150037
669,2665,2.147619
670,2665,2.147619
671,2677,2.157289
672,2677,2.157289
673,2673,2.154066
674,2681,2.160513
675,2672,2.153260
676,2677,2.157289
677,2676,2.156484
678,2673,2.154066
679,2673,2.154066
680,2673,2.154066
681,2677,2.157289
682,2677,2.157289
683,2677,2.157289
684,2681,2.160513
685,2673,2.154066
686,2673,2.154066
687,2669,2.150842
688,2661,2.144396
689,2685,2.163736
690,2672,2.153260
691,2681,2.160513
692,2673,2.154066
693,2668,2.150037
694,2673,2.154066
695,2665,2.147619
696,2672,2.153260
697,2669,2.150842
698,2685,2.163736
699,2687,2.165348
700,2685,2.163736
701,2687,2.165348
702,2681,2.160513
703,2685,2.163736
704,2687,2.165348
705,2673,2.154066
706,2700,2.175824
707,2685,2.163736
708,2685,2.163736
709,2681,2.160513
710,2687,2.165348
711,2685,2.163736
712,2685,2.163736
713,2687,2.165348
714,2685,2.163736
715,2681,2.160513
716,2685,2.163736
717,2687,2.165348
718,2705,2.179853
719,2685,2.163736
720,2677,2.157289
721,2681,2.160513
722,2673,2.154066
723,2673,2.154066
724,2693,2.170183
725,2687,2.165348
726,2697,2.173407
727,2704,2.179048
728,2685,2.163736
729,2687,2.165348
730,2697,2.173407
731,2687,2.165348
732,2685,2.163736
733,2685,2.163736
734,2685,2.163736
735,2681,2.160513
736,2687,2.165348
737,2693,2.170183
738,2685,2.163736
739,2677,2.157289
740,2684,2.162930
741,2685,2.163736
742,2685,2.163736
743,2685,2.163736
744,2685,2.163736
745,2687,2.165348
746,2681,2.160513
747,2677,2.157289
748,2677,2.157289
749,2685,2.163736
750,2685,2.163736
751,2704,2.179048
752,2685,2.163736
753,2687,2.165348
754,2687,2.165348
755,2705,2.179853
756,2685,2.163736
757,2693,2.170183
758,2687,2.165348
759,2697,2.173407
760,2687,2.165348
761,2705,2.179853
762,2705,2.179853
763,2700,2.175824
764,2705,2.179853
765,2705,2.179853
766,2687,2.165348
767,2687,2.165348
768,2697,2.173407
769,2685,2.163736
770,2687,2.165348
771,2705,2.179853
772,2685,2.163736
773,2687,2.165348
774,2685,2.163736
775,2685,2.163736
776,2685,2.163736
777,2677,2.157289
778,2685,2.163736
779,2685,2.163736
780,2681,2.160513
781,2685,2.163736
782,2701,2.176630
783,2687,2.165348
784,2697,2.173407
785,2704,2.179048
786,2705,2.179853
787,2701,2.176630
788,2687,2.165348
789,2693,2.170183
790,2717,2.189524
791,2693,2.170183
792,2697,2.173407
793,2697,2.173407
794,2705,2.179853
795,2687,2.165348
796,2704,2.179048
797,2704,2.179048
798,2704,2.179048
799,2697,2.173407
800,2687,2.165348
801,2709,2.183077
802,2701,2.176630
803,2709,2.183077
804,2705,2.179853
805,2693,2.170183
806,2700,2.175824
807,2705,2.179853
808,2697,2.173407
809,2701,2.176630
810,2700,2.175824
811,2709,2.183077
812,2705,2.179853
813,2687,2.165348
814,2705,2.179853
815,2704,2.179048
816,2693,2.170183
817,2709,2.183077
818,2693,2.170183
819,2697,2.173407
820,2701,2.176630
821,2704,2.179048
822,2709,2.183077
823,2717,2.189524
824,2709,2.183077
825,2717,2.189524
826,2717,2.189524
827,2717,2.189524
828,2717,2.189524
829,2709,2.183077
830,2717,2.189524
831,2704,2.179048
832,2716,2.188718
833,2717,2.189524
834,2736,2.204835
835,2717,2.189524
836,2717,2.189524
837,2717,2.189524
838,2732,2.201612
839,2717,2.189524
840,2725,2.195971
841,2717,2.189524
842,2717,2.189524
843,2729,2.199194
844,2740,2.208059
845,2741,2.208864
846,2729,2.199194
847,2725,2.195971
848,2736,2.204835
849,2736,2.204835
850,2737,2.205641
851,2737,2.205641
852,2741,2.208864
853,2729,2.199194
854,2725,2.195971
855,2736,2.204835
856,2736,2.204835
857,2725,2.195971
858,2737,2.205641
859,2736,2.204835
860,2736,2.204835
861,2725,2.195971
862,2741,2.208864
863,2717,2.189524
864,2721,2.192747
865,2736,2.204835
866,2729,2.199194
867,2717,2.189524
868,2725,2.195971
869,2736,2.204835
870,2713,2.186300
871,2709,2.183077
872,2705,2.179853
873,2717,2.189524
874,2717,2.189524
875,2717,2.189524
876,2717,2.189524
877,2708,2.182271
878,2717,2.189524
879,2725,2.195971
880,2717,2.189524
881,2705,2.179853
882,2713,2.186300
883,2716,2.188718
884,2725,2.195971
885,2717,2.189524
886,2725,2.195971
887,2736,2.204835
888,2736,2.204835
889,2717,2.189524
890,2717,2.189524
891,2737,2.205641
892,2717,2.189524
893,2725,2.195971
894,2717,2.189524
895,2713,2.186300
896,2725,2.195971
897,2729,2.199194
898,2736,2.204835
899,2741,2.208864
900,2725,2.195971
901,2725,2.195971
902,2725,2.195971
903,2717,2.189524
904,2729,2.199194
905,2724,2.195165
906,2736,2.204835
907,2737,2.205641
908,2729,2.199194
909,2737,2.205641
910,2729,2.199194
911,2721,2.192747
912,2733,2.202418
913,2737,2.205641
914,2741,2.208864
915,2737,2.205641
916,2725,2.195971
917,2741,2.208864
918,2729,2.199194
919,2733,2.202418
920,2732,2.201612
921,2725,2.195971
922,2737,2.205641
923,2732,2.201612
924,2724,2.195165
925,2736,2.204835
926,2725,2.195971
927,2725,2.195971
928,2725,2.195971
929,2717,2.189524
930,2717,2.189524
931,2736,2.204835
932,2737,2.205641
933,2736,2.204835
934,2729,2.199194
935,2737,2.205641
936,2717,2.189524
937,2741,2.208864
938,2737,2.205641
939,2736,2.204835
940,2741,2.208864
941,2725,2.195971
942,2725,2.195971
943,2736,2.204835
944,2741,2.208864
945,2741,2.208864
946,2741,2.208864
947,2745,2.212088
948,2745,2.212088
949,2749,2.215311
950,2753,2.218535
951,2745,2.212088
952,2752,2.217729
953,2748,2.214505
954,2737,2.205641
955,2741,2.208864
956,2737,2.205641
957,2741,2.208864
958,2741,2.208864
959,2736,2.204835
960,2749,2.215311
961,2737,2.205641
962,2740,2.208059
963,2736,2.204835
964,2741,2.208864
965,2737,2.205641
966,2741,2.208864
967,2737,2.205641
968,2737,2.205641
969,2749,2.215311
970,2753,2.218535
971,2745,2.212088
972,2737,2.205641
973,2745,2.212088
974,2757,2.221758
975,2741,2.208864
976,2741,2.208864
977,2752,2.217729
978,2737,2.205641
979,2741,2.208864
980,2741,2.208864
981,2745,2.212088
982,2740,2.208059
983,2757,2.221758
984,2752,2.217729
985,2749,2.215311
986,2748,2.214505
987,2757,2.221758
988,2769,2.231429
989,2748,2.214505
990,2768,2.230623
991,2749,2.215311
992,2761,2.224982
993,2745,2.212088
994,2761,2.224982
995,2768,2.230623
996,2753,2.218535
997,2753,2.218535
998,2749,2.215311
999,2745,2.212088
1000,2757,2.221758
1001,2768,2.230623
1002,2753,2.218535
1003,2757,2.221758
1004,2757,2.221758
1005,2741,2.208864
1006,2761,2.224982
1007,2753,2.218535
1008,2761,2.224982
1009,2757,2.221758
1010,2769,2.231429
1011,2761,2.224982
1012,2757,2.221758
1013,2765,2.228205
1014,2768,2.230623
1015,2752,2.217729
1016,2765,2.228205
1017,2761,2.224982
1018,2757,2.221758
1019,2761,2.224982
1020,2745,2.212088
1021,2753,2.218535
1022,2745,2.212088
1023,2753,2.218535
1024,2757,2.221758
1025,2769,2.231429
1026,2769,2.231429
1027,2761,2.224982
1028,2772,2.233846
1029,2757,2.221758
1030,2764,2.227399
1031,2769,2.231429
1032,2769,2.231429
1033,2765,2.228205
1034,2753,2.218535
1035,2769,2.231429
1036,2753,2.218535
1037,2757,2.221758
1038,2768,2.230623
1039,2773,2.234652
1040,2768,2.230623
1041,2769,2.231429
1042,2769,2.231429
1043,2773,2.234652
1044,2768,2.230623
1045,2761,2.224982
1046,2769,2.231429
1047,2769,2.231429
1048,2768,2.230623
1049,2757,2.221758
1050,2761,2.224982
1051,2753,2.218535
1052,2753,2.218535
1053,2757,2.221758
1054,2777,2.237875
1055,2761,2.224982
1056,2769,2.231429
1057,2769,2.231429
1058,2777,2.237875
1059,2769,2.231429
1060,2773,2.234652
1061,2769,2.231429
1062,2773,2.234652
1063,2764,2.227399
1064,2773,2.234652
1065,2793,2.250769
1066,2789,2.247546
1067,2773,2.234652
1068,2768,2.230623
1069,2769,2.231429
1070,2781,2.241099
1071,2761,2.224982
1072,2761,2.224982
1073,2781,2.241099
1074,2768,2.230623
1075,2769,2.231429
1076,2768,2.230623
1077,2780,2.240293
1078,2761,2.224982
1079,2768,2.230623
1080,2777,2.237875
1081,2781,2.241099
1082,2789,2.247546
1083,2781,2.241099
1084,2777,2.237875
1085,2777,2.237875
1086,2773,2.234652
1087,2781,2.241099
1088,2761,2.224982
1089,2789,2.247546
1090,2773,2.234652
1091,2781,2.241099
1092,2781,2.241099
1093,2769,2.231429
1094,2773,2.234652
1095,2777,2.237875
1096,2773,2.234652
1097,2769,2.231429
1098,2768,2.230623
1099,2773,2.234652
1100,2781,2.241099
1101,2780,2.240293
1102,2769,2.231429
1103,2773,2.234652
1104,2777,2.237875
1105,2781,2.241099
1106,2773,2.234652
1107,2781,2.241099
1108,2781,2.241099
1109,2781,2.241099
1110,2789,2.247546
1111,2789,2.247546
1112,2781,2.241099
1113,2785,2.244322
1114,2789,2.247546
1115,2789,2.247546
1116,2789,2.247546
1117,2788,2.246740
1118,2781,2.241099
1119,2777,2.237875
1120,2777,2.237875
1121,2773,2.234652
1122,2789,2.247546
1123,2785,2.244322
1124,2781,2.241099
1125,2781,2.241099
1126,2793,2.250769
1127,2781,2.241099
1128,2777,2.237875
1129,2781,2.241099
1130,2789,2.247546
1131,2800,2.256410
1132,2789,2.247546
1133,2788,2.246740
1134,2793,2.250769
1135,2789,2.247546
1136,2785,2.244322
1137,2789,2.247546
1138,2789,2.247546
1139,2789,2.247546
1140,2793,2.250769
1141,2789,2.247546
1142,2781,2.241099
1143,2816,2.269304
1144,2800,2.256410
1145,2793,2.250769
1146,2781,2.241099
1147,2800,2.256410
1148,2781,2.241099
1149,2800,2.256410
1150,2800,2.256410
1151,2801,2.257216
1152,2800,2.256410
1153,2816,2.269304
1154,2781,2.241099
1155,2801,2.257216
1156,2789,2.247546
1157,2801,2.257216
1158,2801,2.257216
1159,2777,2.237875
1160,2801,2.257216
1161,2800,2.256410
1162,2801,2.257216
1163,2793,2.250769
1164,2800,2.256410
1165,2801,2.257216
1166,2801,2.257216
1167,2781,2.241099
1168,2789,2.247546
1169,2800,2.256410
1170,2789,2.247546
1171,2805,2.260440
1172,2801,2.257216
1173,2793,2.250769
1174,2800,2.256410
1175,2801,2.257216
1176,2793,2.250769
1177,2793,2.250769
1178,2801,2.257216
1179,2789,2.247546
1180,2800,2.256410
1181,2789,2.247546
1182,2816,2.269304
1183,2800,2.256410
1184,2801,2.257216
1185,2789,2.247546
1186,2816,2.269304
1187,2800,2.256410
1188,2801,2.257216
1189,2800,2.256410
1190,2801,2.257216
1191,2816,2.269304
1192,2817,2.270110
1193,2801,2.257216
1194,2781,2.241099
1195,2816,2.269304
1196,2816,2.269304
1197,2816,2.269304
1198,2816,2.269304
1199,2816,2.269304
1200,2801,2.257216
1201,2801,2.257216
1202,2801,2.257216
1203,2816,2.269304
1204,2797,2.253993
1205,2801,2.257216
1206,2816,2.269304
1207,2801,2.257216
1208,2793,2.250769
1209,2816,2.269304
1210,2816,2.269304
1211,2816,2.269304
1212,2816,2.269304
1213,2816,2.269304
1214,2801,2.257216
1215,2816,2.269304
1216,2816,2.269304
1217,2801,2.257216
1218,2821,2.273333
1219,2816,2.269304
1220,2797,2.253993
1221,2816,2.269304
1222,2816,2.269304
1223,2816,2.269304
1224,2816,2.269304
1225,2805,2.260440
1226,2816,2.269304
1227,2821,2.273333
1228,2816,2.269304
1229,2821,2.273333
1230,2816,2.269304
1231,2801,2.257216
1232,2800,2.256410
1233,2817,2.270110
1234,2817,2.270110
1235,2816,2.269304
1236,2816,2.269304
1237,2816,2.269304
1238,2821,2.273333
1239,2821,2.273333
1240,2804,2.259634
1241,2816,2.269304
1242,2816,2.269304
1243,2804,2.259634
1244,2816,2.269304
1245,2829,2.279780
1246,2816,2.269304
1247,2816,2.269304
1248,2825,2.276557
1249,2816,2.269304
1250,2816,2.269304
1251,2817,2.270110
1252,2816,2.269304
1253,2816,2.269304
1254,2816,2.269304
1255,2817,2.270110
1256,2816,2.269304
1257,2816,2.269304
1258,2816,2.269304
1259,2817,2.270110
1260,2816,2.269304
1261,2816,2.269304
1262,2816,2.269304
1263,2816,2.269304
1264,2821,2.273333
1265,2825,2.276557
1266,2825,2.276557
1267,2832,2.282198
1268,2832,2.282198
1269,2821,2.273333
1270,2817,2.270110
1271,2817,2.270110
1272,2833,2.283004
1273,2816,2.269304
1274,2817,2.270110
1275,2833,2.283004
1276,2816,2.269304
1277,2816,2.269304
1278,2821,2.273333
1279,2816,2.269304
1280,2816,2.269304
1281,2817,2.270110
1282,2832,2.282198
1283,2833,2.283004
1284,2829,2.279780
1285,2825,2.276557
1286,2829,2.279780
1287,2825,2.276557
1288,2821,2.273333
1289,2825,2.276557
1290,2837,2.286227
1291,2825,2.276557
1292,2821,2.273333
1293,2817,2.270110
1294,2825,2.276557
1295,2832,2.282198
1296,2828,2.278974
1297,2821,2.273333
1298,2821,2.273333
1299,2832,2.282198
1300,2821,2.273333
1301,2821,2.273333
1302,2828,2.278974
1303,2832,2.282198
1304,2828,2.278974
1305,2821,2.273333
1306,2817,2.270110
1307,2825,2.276557
1308,2829,2.279780
1309,2825,2.276557
1310,2837,2.286227
1311,2832,2.282198
1312,2841,2.289451
1313,2821,2.273333
1314,2833,2.283004
1315,2837,2.286227
1316,2837,2.286227
1317,2821,2.273333
1318,2832,2.282198
1319,2841,2.289451
1320,2832,2.282198
1321,2821,2.273333
1322,2837,2.286227
1323,2837,2.286227
1324,2833,2.283004
1325,2833,2.283004
1326,2832,2.282198
1327,2832,2.282198
1328,2828,2.278974
1329,2841,2.289451
1330,2841,2.289451
1331,2832,2.282198
1332,2836,2.285421
1333,2833,2.283004
1334,2817,2.270110
1335,2832,2.282198
1336,2825,2.276557
1337,2833,2.283004
1338,2837,2.286227
1339,2837,2.286227
1340,2837,2.286227
1341,2841,2.289451
1342,2829,2.279780
1343,2832,2.282198
1344,2837,2.286227
1345,2833,2.283004
1346,2841,2.289451
1347,2832,2.282198
1348,2841,2.289451
1349,2829,2.279780
1350,2832,2.282198
1351,2845,2.292674
1352,2821,2.273333
1353,2833,2.283004
1354,2845,2.292674
1355,2833,2.283004
1356,2833,2.283004
1357,2833,2.283004
1358,2829,2.279780
1359,2829,2.279780
1360,2832,2.282198
1361,2828,2.278974
1362,2832,2.282198
1363,2829,2.279780
1364,2832,2.282198
1365,2829,2.279780
1366,2833,2.283004
1367,2829,2.279780
1368,2837,2.286227
1369,2832,2.282198
1370,2833,2.283004
1371,2833,2.283004
1372,2833,2.283004
1373,2837,2.286227
1374,2837,2.286227
1375,2844,2.291868
1376,2837,2.286227
1377,2845,2.292674
1378,2837,2.286227
1379,2841,2.289451
1380,2833,2.283004
1381,2841,2.289451
1382,2841,2.289451
1383,2832,2.282198
1384,2833,2.283004
1385,2844,2.291868
1386,2857,2.302344
1387,2837,2.286227
1388,2828,2.278974
1389,2837,2.286227
1390,2837,2.286227
1391,2837,2.286227
1392,2825,2.276557
1393,2845,2.292674
1394,2837,2.286227
1395,2841,2.289451
1396,2841,2.289451
1397,2837,2.286227
1398,2837,2.286227
1399,2841,2.289451
1400,2852,2.298315
1401,2860,2.304762
1402,2845,2.292674
1403,2833,2.283004
1404,2837,2.286227
1405,2833,2.283004
1406,2833,2.283004
1407,2837,2.286227
1408,2832,2.282198
1409,2841,2.289451
1410,2841,2.289451
1411,2853,2.299121
1412,2845,2.292674
1413,2845,2.292674
1414,2853,2.299121
1415,2841,2.289451
1416,2837,2.286227
1417,2841,2.289451
1418,2841,2.289451
1419,2828,2.278974
1420,2845,2.292674
1421,2837,2.286227
1422,2837,2.286227
1423,2837,2.286227
1424,2845,2.292674
1425,2845,2.292674
1426,2837,2.286227
1427,2845,2.292674
1428,2857,2.302344
1429,2837,2.286227
1430,2845,2.292674
1431,2845,2.292674
1432,2853,2.299121
1433,2845,2.292674
1434,2841,2.289451
1435,2825,2.276557
1436,2845,2.292674
1437,2845,2.292674
1438,2845,2.292674
1439,2845,2.292674
1440,2841,2.289451
1441,2845,2.292674
1442,2845,2.292674
1443,2845,2.292674
1444,2849,2.295897
1445,2845,2.292674
1446,2841,2.289451
1447,2845,2.292674
1448,2841,2.289451
1449,2845,2.292674
1450,2837,2.286227
1451,2845,2.292674
1452,2833,2.283004
1453,2841,2.289451
1454,2841,2.289451
1455,2833,2.283004
1456,2845,2.292674
1457,2837,2.286227
1458,2845,2.292674
1459,2844,2.291868
1460,2837,2.286227
1461,2853,2.299121
1462,2841,2.289451
1463,2853,2.299121
1464,2837,2.286227
1465,2845,2.292674
1466,2845,2.292674
1467,2841,2.289451
1468,2833,2.283004
1469,2837,2.286227
1470,2837,2.286227
1471,2841,2.289451
1472,2845,2.292674
1473,2841,2.289451
1474,2845,2.292674
1475,2825,2.276557
1476,2845,2.292674
1477,2832,2.282198
1478,2845,2.292674
1479,2837,2.286227
1480,2837,2.286227
1481,2841,2.289451
1482,2833,2.283004
1483,2837,2.286227
1484,2845,2.292674
1485,2837,2.286227
1486,2837,2.286227
1487,2845,2.292674
1488,2837,2.286227
1489,2833,2.283004
1490,2829,2.279780
1491,2841,2.289451
1492,2833,2.283004
1493,2837,2.286227
1494,2841,2.289451
1495,2833,2.283004
1496,2849,2.295897
1497,2833,2.283004
1498,2837,2.286227
1499,2833,2.283004
1500,2841,2.289451
1501,2837,2.286227
1502,2837,2.286227
1503,2845,2.292674
1504,2853,2.299121
1505,2841,2.289451
1506,2837,2.286227
1507,2837,2.286227
1508,2845,2.292674
1509,2833,2.283004
1510,2837,2.286227
1511,2833,2.283004
1512,2845,2.292674
1513,2845,2.292674
1514,2837,2.286227
1515,2845,2.292674
1516,2837,2.286227
1517,2841,2.289451
1518,2841,2.289451
1519,2845,2.292674
1520,2845,2.292674
1521,2845,2.292674
1522,2844,2.291868
1523,2845,2.292674
1524,2841,2.289451
1525,2837,2.286227
1526,2845,2.292674
1527,2845,2.292674
1528,2845,2.292674
1529,2845,2.292674
1530,2841,2.289451
1531,2853,2.299121
1532,2841,2.289451
1533,2845,2.292674
1534,2833,2.283004
1535,2841,2.289451
1536,2845,2.292674
1537,2845,2.292674
1538,2845,2.292674
1539,2845,2.292674
1540,2853,2.299121
1541,2845,2.292674
1542,2845,2.292674
1543,2853,2.299121
1544,2833,2.283004
1545,2845,2.292674
1546,2853,2.299121
1547,2845,2.292674
1548,2844,2.291868
1549,2845,2.292674
1550,2845,2.292674
1551,2853,2.299121
1552,2845,2.292674
1553,2845,2.292674
1554,2853,2.299121
1555,2837,2.286227
1556,2841,2.289451
1557,2853,2.299121
1558,2853,2.299121
1559,2845,2.292674
1560,2845,2.292674
1561,2841,2.289451
1562,2853,2.299121
1563,2845,2.292674
1564,2857,2.302344
1565,2849,2.295897
1566,2852,2.298315
1567,2853,2.299121
1568,2853,2.299121
1569,2845,2.292674
1570,2857,2.302344
1571,2864,2.307985
1572,2845,2.292674
1573,2853,2.299121
1574,2845,2.292674
1575,2853,2.299121
1576,2845,2.292674
1577,2857,2.302344
1578,2864,2.307985
1579,2845,2.292674
1580,2857,2.302344
1581,2845,2.292674
1582,2845,2.292674
1583,2864,2.307985
1584,2845,2.292674
1585,2853,2.299121
1586,2861,2.305568
1587,2845,2.292674
1588,2853,2.299121
1589,2845,2.292674
1590,2857,2.302344
1591,2853,2.299121
1592,2849,2.295897
1593,2853,2.299121
1594,2849,2.295897
1595,2853,2.299121
1596,2853,2.299121
1597,2869,2.312015
1598,2853,2.299121
1599,2853,2.299121
1600,2845,2.292674
1601,2845,2.292674
1602,2861,2.305568
1603,2853,2.299121
1604,2853,2.299121
1605,2864,2.307985
1606,2845,2.292674
1607,2864,2.307985
1608,2853,2.299121
1609,2853,2.299121
1610,2869,2.312015
1611,2869,2.312015
1612,2853,2.299121
1613,2853,2.299121
1614,2881,2.321685
1615,2864,2.307985
1616,2849,2.295897
1617,2845,2.292674
1618,2852,2.298315
1619,2861,2.305568
1620,2865,2.308791
1621,2865,2.308791
1622,2864,2.307985
1623,2852,2.298315
1624,2857,2.302344
1625,2853,2.299121
1626,2849,2.295897
1627,2845,2.292674
1628,2864,2.307985
1629,2864,2.307985
1630,2864,2.307985
1631,2865,2.308791
1632,2853,2.299121
1633,2857,2.302344
1634,2857,2.302344
1635,2865,2.308791
1636,2869,2.312015
1637,2853,2.299121
1638,2873,2.315238
1639,2864,2.307985
1640,2853,2.299121
1641,2865,2.308791
1642,2869,2.312015
1643,2869,2.312015
1644,2865,2.308791
1645,2869,2.312015
1646,2864,2.307985
1647,2852,2.298315
1648,2857,2.302344
1649,2847,2.294286
1650,2847,2.294286
1651,2868,2.311209
1652,2857,2.302344
1653,2864,2.307985
1654,2869,2.312015
1655,2861,2.305568
1656,2865,2.308791
1657,2861,2.305568
1658,2860,2.304762
1659,2869,2.312015
1660,2869,2.312015
1661,2865,2.308791
1662,2864,2.307985
1663,2857,2.302344
1664,2864,2.307985
1665,2869,2.312015
1666,2865,2.308791
1667,2869,2.312015
1668,2865,2.308791
1669,2889,2.328132
1670,2865,2.308791
1671,2861,2.305568
1672,2869,2.312015
1673,2865,2.308791
1674,2857,2.302344
1675,2865,2.308791
1676,2869,2.312015
1677,2857,2.302344
1678,2873,2.315238
1679,2869,2.312015
1680,2877,2.318462
1681,2864,2.307985
1682,2861,2.305568
1683,2877,2.318462
1684,2869,2.312015
1685,2877,2.318462
1686,2873,2.315238
1687,2873,2.315238
1688,2869,2.312015
1689,2865,2.308791
1690,2873,2.315238
1691,2881,2.321685
1692,2885,2.324908
1693,2864,2.307985
1694,2873,2.315238
1695,2869,2.312015
1696,2865,2.308791
1697,2857,2.302344
1698,2865,2.308791
1699,2877,2.318462
1700,2869,2.312015
1701,2880,2.320879
1702,2869,2.312015
1703,2877,2.318462
1704,2869,2.312015
1705,2877,2.318462
1706,2877,2.318462
1707,2864,2.307985
1708,2876,2.317656
1709,2877,2.318462
1710,2893,2.331355
1711,2877,2.318462
1712,2877,2.318462
1713,2873,2.315238
1714,2869,2.312015
1715,2885,2.324908
1716,2876,2.317656
1717,2881,2.321685
1718,2877,2.318462
1719,2869,2.312015
1720,2877,2.318462
1721,2876,2.317656
1722,2885,2.324908
1723,2877,2.318462
1724,2873,2.315238
1725,2869,2.312015
1726,2873,2.315238
1727,2885,2.324908
1728,2885,2.324908
1729,2865,2.308791
1730,2873,2.315238
1731,2881,2.321685
1732,2873,2.315238
1733,2885,2.324908
1734,2881,2.321685
1735,2873,2.315238
1736,2877,2.318462
1737,2873,2.315238
1738,2881,2.321685
1739,2885,2.324908
1740,2877,2.318462
1741,2885,2.324908
1742,2885,2.324908
1743,2881,2.321685
1744,2881,2.321685
1745,2881,2.321685
1746,2881,2.321685
1747,2869,2.312015
1748,2885,2.324908
1749,2881,2.321685
1750,2869,2.312015
1751,2885,2.324908
1752,2873,2.315238
1753,2881,2.321685
1754,2892,2.330549
1755,2885,2.324908
1756,2885,2.324908
1757,2885,2.324908
1758,2881,2.321685
1759,2877,2.318462
1760,2881,2.321685
1761,2877,2.318462
1762,2869,2.312015
1763,2873,2.315238
1764,2869,2.312015
1765,2884,2.324103
1766,2885,2.324908
1767,2880,2.320879
1768,2893,2.331355
1769,2896,2.333773
1770,2873,2.315238
1771,2881,2.321685
1772,2889,2.328132
1773,2881,2.321685
1774,2897,2.334579
1775,2885,2.324908
1776,2884,2.324103
1777,2885,2.324908
1778,2889,2.328132
1779,2881,2.321685
1780,2881,2.321685
1781,2881,2.321685
1782,2885,2.324908
1783,2881,2.321685
1784,2885,2.324908
1785,2885,2.324908
1786,2877,2.318462
1787,2889,2.328132
1788,2880,2.320879
1789,2873,2.315238
1790,2873,2.315238
1791,2885,2.324908
1792,2885,2.324908
1793,2889,2.328132
1794,2881,2.321685
1795,2880,2.320879
1796,2896,2.333773
1797,2877,2.318462
1798,2877,2.318462
1799,2885,2.324908
1800,2885,2.324908
1801,2885,2.324908
1802,2885,2.324908
1803,2893,2.331355
1804,2885,2.324908
1805,2885,2.324908
1806,2889,2.328132
1807,2889,2.328132
1808,2881,2.321685
1809,2869,2.312015
1810,2881,2.321685
1811,2885,2.324908
1812,2877,2.318462
1813,2873,2.315238
1814,2885,2.324908
1815,2889,2.328132
1816,2896,2.333773
1817,2881,2.321685
1818,2873,2.315238
1819,2877,2.318462
1820,2896,2.333773
1821,2880,2.320879
1822,2885,2.324908
1823,2889,2.328132
1824,2877,2.318462
1825,2877,2.318462
1826,2889,2.328132
1827,2877,2.318462
1828,2877,2.318462
1829,2885,2.324908
1830,2889,2.328132
1831,2880,2.320879
1832,2897,2.334579
1833,2869,2.312015
1834,2877,2.318462
1835,2873,2.315238
1836,2881,2.321685
1837,2877,2.318462
1838,2881,2.321685
1839,2865,2.308791
1840,2873,2.315238
1841,2869,2.312015
1842,2869,2.312015
1843,2881,2.321685
1844,2885,2.324908
1845,2873,2.315238
1846,2880,2.320879
1847,2881,2.321685
1848,2885,2.324908
1849,2869,2.312015
1850,2885,2.324908
1851,2877,2.318462
1852,2873,2.315238
1853,2877,2.318462
1854,2877,2.318462
1855,2873,2.315238
1856,2873,2.315238
1857,2881,2.321685
1858,2865,2.308791
1859,2877,2.318462
1860,2881,2.321685
1861,2865,2.308791
1862,2881,2.321685
1863,2873,2.315238
1864,2881,2.321685
1865,2869,2.312015
1866,2877,2.318462
1867,2873,2.315238
1868,2881,2.321685
1869,2873,2.315238
1870,2881,2.321685
1871,2885,2.324908
1872,2885,2.324908
1873,2877,2.318462
1874,2881,2.321685
1875,2873,2.315238
1876,2881,2.321685
1877,2881,2.321685
1878,2885,2.324908
1879,2873,2.315238
1880,2876,2.317656
1881,2881,2.321685
1882,2873,2.315238
1883,2865,2.308791
1884,2881,2.321685
1885,2869,2.312015
1886,2873,2.315238
1887,2869,2.312015
1888,2865,2.308791
1889,2896,2.333773
1890,2873,2.315238
1891,2873,2.315238
1892,2873,2.315238
1893,2881,2.321685
1894,2873,2.315238
1895,2885,2.324908
1896,2869,2.312015
1897,2869,2.312015
1898,2881,2.321685
1899,2869,2.312015
1900,2873,2.315238
1901,2873,2.315238
1902,2877,2.318462
1903,2869,2.312015
1904,2865,2.308791
1905,2881,2.321685
1906,2873,2.315238
1907,2869,2.312015
1908,2885,2.324908
1909,2877,2.318462
1910,2873,2.315238
1911,2877,2.318462
1912,2869,2.312015
1913,2881,2.321685
1914,2880,2.320879
1915,2857,2.302344
1916,2885,2.324908
1917,2885,2.324908
1918,2877,2.318462
1919,2877,2.318462
1920,2877,2.318462
1921,2885,2.324908
1922,2873,2.315238
1923,2881,2.321685
1924,2877,2.318462
1925,2885,2.324908
1926,2869,2.312015
1927,2877,2.318462
1928,2873,2.315238
1929,2884,2.324103
1930,2873,2.315238
1931,2877,2.318462
1932,2881,2.321685
1933,2873,2.315238
1934,2881,2.321685
1935,2892,2.330549
1936,2873,2.315238
1937,2884,2.324103
1938,2876,2.317656
1939,2877,2.318462
1940,2873,2.315238
1941,2881,2.321685
1942,2881,2.321685
1943,2885,2.324908
1944,2885,2.324908
1945,2881,2.321685
1946,2885,2.324908
1947,2880,2.320879
1948,2885,2.324908
1949,2885,2.324908
1950,2877,2.318462
1951,2869,2.312015
1952,2885,2.324908
1953,2881,2.321685
1954,2885,2.324908
1955,2881,2.321685
1956,2877,2.318462
1957,2877,2.318462
1958,2869,2.312015
1959,2881,2.321685
1960,2889,2.328132
1961,2877,2.318462
1962,2885,2.324908
1963,2881,2.321685
1964,2885,2.324908
1965,2885,2.324908
1966,2889,2.328132
1967,2889,2.328132
1968,2881,2.321685
1969,2885,2.324908
1970,2896,2.333773
1971,2885,2.324908
1972,2885,2.324908
1973,2885,2.324908
1974,2892,2.330549
1975,2893,2.331355
1976,2896,2.333773
1977,2885,2.324908
1978,2896,2.333773
1979,2885,2.324908
1980,2889,2.328132
1981,2901,2.337802
1982,2885,2.324908
1983,2897,2.334579
1984,2889,2.328132
1985,2901,2.337802
1986,2896,2.333773
1987,2885,2.324908
1988,2897,2.334579
1989,2901,2.337802
1990,2897,2.334579
1991,2901,2.337802
1992,2897,2.334579
1993,2881,2.321685
1994,2896,2.333773
1995,2896,2.333773
1996,2896,2.333773
1997,2897,2.334579
1998,2896,2.333773
1999,2885,2.324908
2000,2885,2.324908
2001,2889,2.328132
2002,2885,2.324908
2003,2885,2.324908
2004,2897,2.334579
2005,2896,2.333773
2006,2901,2.337802
2007,2897,2.334579
2008,2897,2.334579
2009,2897,2.334579
2010,2909,2.344249
2011,2901,2.337802
2012,2897,2.334579
2013,2885,2.324908
2014,2901,2.337802
2015,2901,2.337802
2016,2896,2.333773
2017,2901,2.337802
2018,2897,2.334579
2019,2896,2.333773
2020,2897,2.334579
2021,2901,2.337802
2022,2881,2.321685
2023,2897,2.334579
2024,2896,2.333773
2025,2885,2.324908
2026,2889,2.328132
2027,2885,2.324908
2028,2885,2.324908
2029,2901,2.337802
2030,2897,2.334579
2031,2901,2.337802
2032,2889,2.328132
2033,2896,2.333773
2034,2905,2.341026
2035,2889,2.328132
2036,2901,2.337802
2037,2884,2.324103
2038,2896,2.333773
2039,2892,2.330549
2040,2893,2.331355
2041,2897,2.334579
2042,2885,2.324908
2043,2892,2.330549
2044,2892,2.330549
2045,2885,2.324908
2046,2897,2.334579
2047,2889,2.328132
2048,2881,2.321685
2049,2893,2.331355
2050,2896,2.333773
2051,2885,2.324908
2052,2889,2.328132
2053,2885,2.324908
2054,2889,2.328132
2055,2881,2.321685
2056,2893,2.331355
2057,2896,2.333773
2058,2901,2.337802
2059,2885,2.324908
2060,2889,2.328132
2061,2885,2.324908
2062,2885,2.324908
2063,2885,2.324908
2064,2885,2.324908
2065,2889,2.328132
2066,2884,2.324103
2067,2881,2.321685
2068,2877,2.318462
2069,2873,2.315238
2070,2876,2.317656
2071,2873,2.315238
2072,2869,2.312015
2073,2869,2.312015
2074,2873,2.315238
2075,2869,2.312015
2076,2881,2.321685
2077,2873,2.315238
2078,2869,2.312015
2079,2876,2.317656
2080,2864,2.307985
2081,2869,2.312015
2082,2864,2.307985
2083,2865,2.308791
2084,2857,2.302344
2085,2864,2.307985
2086,2853,2.299121
2087,2864,2.307985
2088,2865,2.308791
2089,2864,2.307985
2090,2857,2.302344
2091,2857,2.302344
2092,2857,2.302344
2093,2845,2.292674
2094,2861,2.305568
2095,2845,2.292674
2096,2837,2.286227
2097,2841,2.289451
2098,2841,2.289451
2099,2841,2.289451
2100,2832,2.282198
2101,2833,2.283004
2102,2837,2.286227
2103,2832,2.282198
2104,2832,2.282198
2105,2837,2.286227
2106,2832,2.282198
2107,2817,2.270110
2108,2816,2.269304
2109,2832,2.282198
2110,2821,2.273333
2111,2816,2.269304
2112,2817,2.270110
2113,2817,2.270110
2114,2816,2.269304
2115,2816,2.269304
2116,2801,2.257216
2117,2817,2.270110
2118,2789,2.247546
2119,2816,2.269304
2120,2789,2.247546
2121,2777,2.237875
2122,2789,2.247546
2123,2789,2.247546
2124,2788,2.246740
2125,2785,2.244322
2126,2781,2.241099
2127,2781,2.241099
2128,2777,2.237875
2129,2773,2.234652
2130,2769,2.231429
2131,2768,2.230623
2132,2757,2.221758
2133,2769,2.231429
2134,2753,2.218535
2135,2748,2.214505
2136,2741,2.208864
2137,2737,2.205641
2138,2737,2.205641
2139,2741,2.208864
2140,2725,2.195971
2141,2752,2.217729
2142,2725,2.195971
2143,2717,2.189524
2144,2729,2.199194
2145,2732,2.201612
2146,2713,2.186300
2147,2719,2.191136
2148,2709,2.183077
2149,2697,2.173407
2150,2717,2.189524
2151,2709,2.183077
2152,2697,2.173407
2153,2700,2.175824
2154,2704,2.179048
2155,2701,2.176630
2156,2687,2.165348
2157,2685,2.163736
2158,2685,2.163736
2159,2681,2.160513
2160,2685,2.163736
2161,2672,2.153260
2162,2685,2.163736
2163,2684,2.162930
2164,2665,2.147619
2165,2673,2.154066
2166,2673,2.154066
2167,2681,2.160513
2168,2681,2.160513
2169,2677,2.157289
2170,2681,2.160513
2171,2681,2.160513
2172,2677,2.157289
2173,2685,2.163736
2174,2687,2.165348
2175,2681,2.160513
2176,2685,2.163736
2177,2677,2.157289
2178,2681,2.160513
2179,2685,2.163736
2180,2685,2.163736
2181,2693,2.170183
2182,2685,2.163736
2183,2705,2.179853
2184,2709,2.183077
2185,2716,2.188718
2186,2717,2.189524
2187,2705,2.179853
2188,2716,2.188718
2189,2725,2.195971
2190,2736,2.204835
2191,2725,2.195971
2192,2733,2.202418
2193,2725,2.195971
2194,2741,2.208864
2195,2736,2.204835
2196,2752,2.217729
2197,2765,2.228205
2198,2753,2.218535
2199,2753,2.218535
2200,2753,2.218535
2201,2781,2.241099
2202,2761,2.224982
2203,2769,2.231429
2204,2773,2.234652
2205,2777,2.237875
2206,2773,2.234652
2207,2793,2.250769
2208,2793,2.250769
2209,2800,2.256410
2210,2817,2.270110
2211,2801,2.257216
2212,2816,2.269304
2213,2816,2.269304
2214,2816,2.269304
2215,2825,2.276557
2216,2816,2.269304
2217,2825,2.276557
2218,2821,2.273333
2219,2837,2.286227
2220,2833,2.283004
2221,2829,2.279780
2222,2837,2.286227
2223,2845,2.292674
2224,2837,2.286227
2225,2837,2.286227
2226,2845,2.292674
2227,2861,2.305568
2228,2857,2.302344
2229,2857,2.302344
2230,2868,2.311209
2231,2864,2.307985
2232,2857,2.302344
2233,2865,2.308791
2234,2873,2.315238
2235,2865,2.308791
2236,2869,2.312015
2237,2877,2.318462
2238,2873,2.315238
2239,2869,2.312015
2240,2877,2.318462
2241,2885,2.324908
2242,2893,2.331355
2243,2885,2.324908
2244,2889,2.328132
2245,2897,2.334579
2246,2896,2.333773
2247,2897,2.334579
2248,2889,2.328132
2249,2901,2.337802
2250,2897,2.334579
2251,2893,2.331355
2252,2909,2.344249
2253,2901,2.337802
2254,2905,2.341026
2255,2901,2.337802
2256,2909,2.344249
2257,2909,2.344249
2258,2909,2.344249
2259,2905,2.341026
2260,2897,2.334579
2261,2909,2.344249
2262,2917,2.350696
2263,2917,2.350696
2264,2917,2.350696
2265,2917,2.350696
2266,2917,2.350696
2267,2929,2.360366
2268,2917,2.350696
2269,2928,2.359560
2270,2917,2.350696
2271,2925,2.357143
2272,2929,2.360366
2273,2928,2.359560
2274,2925,2.357143
2275,2929,2.360366
2276,2917,2.350696
2277,2929,2.360366
2278,2929,2.360366
2279,2929,2.360366
2280,2929,2.360366
2281,2929,2.360366
2282,2929,2.360366
2283,2933,2.363590
2284,2928,2.359560
2285,2937,2.366813
2286,2933,2.363590
2287,2941,2.370037
2288,2941,2.370037
2289,2933,2.363590
2290,2937,2.366813
2291,2941,2.370037
2292,2940,2.369231
2293,2941,2.370037
2294,2929,2.360366
2295,2941,2.370037
2296,2937,2.366813
2297,2933,2.363590
2298,2937,2.366813
2299,2937,2.366813
2300,2941,2.370037
2301,2949,2.376484
2302,2937,2.366813
2303,2949,2.376484
2304,2949,2.376484
2305,2933,2.363590
2306,2941,2.370037
2307,2941,2.370037
2308,2933,2.363590
2309,2921,2.353919
2310,2953,2.379707
2311,2960,2.385348
2312,2941,2.370037
2313,2941,2.370037
2314,2929,2.360366
2315,2943,2.371648
2316,2941,2.370037
2317,2937,2.366813
2318,2941,2.370037
2319,2941,2.370037
2320,2941,2.370037
2321,2941,2.370037
2322,2941,2.370037
2323,2949,2.376484
2324,2949,2.376484
2325,2949,2.376484
2326,2933,2.363590
2327,2945,2.373260
2328,2953,2.379707
2329,2929,2.360366
2330,2941,2.370037
2331,2945,2.373260
2332,2945,2.373260
2333,2949,2.376484
2334,2953,2.379707
2335,2960,2.385348
2336,2961,2.386154
2337,2945,2.373260
2338,2949,2.376484
2339,2941,2.370037
2340,2941,2.370037
2341,2949,2.376484
2342,2953,2.379707
2343,2941,2.370037
2344,2937,2.366813
2345,2941,2.370037
2346,2941,2.370037
2347,2937,2.366813
2348,2949,2.376484
2349,2956,2.382125
2350,2949,2.376484
2351,2949,2.376484
2352,2941,2.370037
2353,2945,2.373260
2354,2949,2.376484
2355,2941,2.370037
2356,2949,2.376484
2357,2953,2.379707
2358,2949,2.376484
2359,2949,2.376484
2360,2949,2.376484
2361,2941,2.370037
2362,2941,2.370037
2363,2941,2.370037
2364,2949,2.376484
2365,2949,2.376484
2366,2949,2.376484
2367,2949,2.376484
2368,2937,2.366813
2369,2937,2.366813
2370,2941,2.370037
2371,2933,2.363590
2372,2941,2.370037
2373,2941,2.370037
2374,2941,2.370037
2375,2941,2.370037
2376,2949,2.376484
2377,2941,2.370037
2378,2949,2.376484
2379,2960,2.385348
2380,2941,2.370037
2381,2933,2.363590
2382,2953,2.379707
2383,2949,2.376484
2384,2941,2.370037
2385,2961,2.386154
2386,2941,2.370037
2387,2948,2.375678
2388,2937,2.366813
2389,2949,2.376484
2390,2941,2.370037
2391,2948,2.375678
2392,2949,2.376484
2393,2949,2.376484
2394,2941,2.370037
2395,2949,2.376484
2396,2953,2.379707
2397,2961,2.386154
2398,2933,2.363590
2399,2941,2.370037
2400,2941,2.370037
2401,2941,2.370037
2402,2949,2.376484
2403,2949,2.376484
2404,2941,2.370037
2405,2953,2.379707
2406,2941,2.370037
2407,2941,2.370037
2408,2941,2.370037
2409,2953,2.379707
2410,2949,2.376484
2411,2937,2.366813
2412,2941,2.370037
2413,2941,2.370037
2414,2941,2.370037
2415,2941,2.370037
2416,2941,2.370037
2417,2937,2.366813
2418,2941,2.370037
2419,2943,2.371648
2420,2941,2.370037
2421,2937,2.366813
2422,2949,2.376484
2423,2937,2.366813
2424,2945,2.373260
2425,2960,2.385348
2426,2937,2.366813
2427,2941,2.370037
2428,2949,2.376484
2429,2941,2.370037
2430,2949,2.376484
2431,2941,2.370037
2432,2957,2.382930
2433,2949,2.376484
2434,2948,2.375678
2435,2941,2.370037
2436,2929,2.360366
2437,2941,2.370037
2438,2949,2.376484
2439,2941,2.370037
2440,2941,2.370037
2441,2933,2.363590
2442,2941,2.370037
2443,2941,2.370037
2444,2949,2.376484
2445,2941,2.370037
2446,2949,2.376484
2447,2941,2.370037
2448,2941,2.370037
2449,2949,2.376484
2450,2941,2.370037
2451,2941,2.370037
2452,2937,2.366813
2453,2949,2.376484
2454,2941,2.370037
2455,2941,2.370037
2456,2949,2.376484
2457,2960,2.385348
2458,2941,2.370037
2459,2949,2.376484
2460,2945,2.373260
2461,2960,2.385348
2462,2941,2.370037
2463,2941,2.370037
2464,2949,2.376484
2465,2937,2.366813
2466,2949,2.376484
2467,2949,2.376484
2468,2953,2.379707
2469,2949,2.376484
2470,2941,2.370037
2471,2941,2.370037
2472,2933,2.363590
2473,2949,2.376484
2474,2956,2.382125
2475,2961,2.386154
2476,2949,2.376484
2477,2957,2.382930
2478,2949,2.376484
2479,2960,2.385348
2480,2960,2.385348
2481,2937,2.366813
2482,2949,2.376484
2483,2957,2.382930
2484,2937,2.366813
2485,2957,2.382930
2486,2941,2.370037
2487,2945,2.373260
2488,2941,2.370037
2489,2937,2.366813
2490,2937,2.366813
2491,2940,2.369231
2492,2941,2.370037
2493,2949,2.376484
2494,2941,2.370037
2495,2940,2.369231
2496,2941,2.370037
2497,2941,2.370037
2498,2949,2.376484
2499,2941,2.370037
2500,2941,2.370037
2501,2941,2.370037
2502,2941,2.370037
2503,2941,2.370037
2504,2960,2.385348
2505,2941,2.370037
2506,2949,2.376484
2507,2941,2.370037
2508,2941,2.370037
2509,2953,2.379707
2510,2929,2.360366
2511,2948,2.375678
2512,2953,2.379707
2513,2949,2.376484
2514,2941,2.370037
2515,2941,2.370037
2516,2941,2.370037
2517,2937,2.366813
2518,2941,2.370037
2519,2941,2.370037
2520,2949,2.376484
2521,2949,2.376484
2522,2953,2.379707
2523,2941,2.370037
2524,2949,2.376484
2525,2949,2.376484
2526,2949,2.376484
2527,2937,2.366813
2528,2941,2.370037
2529,2933,2.363590
2530,2941,2.370037
2531,2937,2.366813
2532,2949,2.376484
2533,2941,2.370037
2534,2933,2.363590
2535,2941,2.370037
2536,2933,2.363590
2537,2949,2.376484
2538,2937,2.366813
2539,2949,2.376484
2540,2941,2.370037
2541,2949,2.376484
2542,2941,2.370037
2543,2941,2.370037
2544,2933,2.363590
2545,2933,2.363590
2546,2940,2.369231
2547,2929,2.360366
2548,2949,2.376484
2549,2937,2.366813
2550,2933,2.363590
2551,2937,2.366813
2552,2933,2.363590
2553,2941,2.370037
2554,2941,2.370037
2555,2941,2.370037
2556,2937,2.366813
2557,2941,2.370037
2558,2929,2.360366
2559,2933,2.363590
2560,2933,2.363590
2561,2941,2.370037
2562,2933,2.363590
2563,2929,2.360366
2564,2941,2.370037
2565,2928,2.359560
2566,2933,2.363590
2567,2937,2.366813
2568,2929,2.360366
2569,2929,2.360366
2570,2933,2.363590
2571,2929,2.360366
2572,2921,2.353919
2573,2929,2.360366
2574,2929,2.360366
2575,2921,2.353919
2576,2933,2.363590
2577,2928,2.359560
2578,2928,2.359560
2579,2929,2.360366
2580,2924,2.356337
2581,2933,2.363590
2582,2928,2.359560
2583,2933,2.363590
2584,2933,2.363590
2585,2933,2.363590
2586,2929,2.360366
2587,2933,2.363590
2588,2917,2.350696
2589,2921,2.353919
2590,2929,2.360366
2591,2929,2.360366
2592,2928,2.359560
2593,2941,2.370037
2594,2929,2.360366
2595,2917,2.350696
2596,2928,2.359560
2597,2929,2.360366
2598,2937,2.366813
2599,2932,2.362784
2600,2928,2.359560
2601,2929,2.360366
2602,2921,2.353919
2603,2924,2.356337
2604,2921,2.353919
2605,2917,2.350696
2606,2925,2.357143
2607,2929,2.360366
2608,2917,2.350696
2609,2925,2.357143
2610,2909,2.344249
2611,2921,2.353919
2612,2916,2.349890
2613,2909,2.344249
2614,2909,2.344249
2615,2928,2.359560
2616,2917,2.350696
2617,2905,2.341026
2618,2921,2.353919
2619,2921,2.353919
2620,2900,2.336996
2621,2909,2.344249
2622,2916,2.349890
2623,2913,2.347473
2624,2917,2.350696
2625,2916,2.349890
2626,2917,2.350696
2627,2909,2.344249
2628,2909,2.344249
2629,2913,2.347473
2630,2913,2.347473
2631,2917,2.350696
2632,2909,2.344249
2633,2901,2.337802
2634,2909,2.344249
2635,2905,2.341026
2636,2897,2.334579
2637,2913,2.347473
2638,2901,2.337802
2639,2897,2.334579
2640,2901,2.337802
2641,2901,2.337802
2642,2909,2.344249
2643,2901,2.337802
2644,2909,2.344249
2645,2897,2.334579
2646,2901,2.337802
2647,2909,2.344249
2648,2901,2.337802
2649,2901,2.337802
2650,2896,2.333773
2651,2909,2.344249
2652,2909,2.344249
2653,2905,2.341026
2654,2897,2.334579
2655,2901,2.337802
2656,2909,2.344249
2657,2897,2.334579
2658,2885,2.324908
2659,2885,2.324908
2660,2885,2.324908
2661,2897,2.334579
2662,2892,2.330549
2663,2896,2.333773
2664,2885,2.324908
2665,2896,2.333773
2666,2885,2.324908
2667,2885,2.324908
2668,2885,2.324908
2669,2896,2.333773
2670,2885,2.324908
2671,2885,2.324908
2672,2893,2.331355
2673,2869,2.312015
2674,2881,2.321685
2675,2885,2.324908
2676,2885,2.324908
2677,2877,2.318462
2678,2869,2.312015
2679,2881,2.321685
2680,2877,2.318462
2681,2881,2.321685
2682,2889,2.328132
2683,2877,2.318462
2684,2881,2.321685
2685,2869,2.312015
2686,2873,2.315238
2687,2869,2.312015
2688,2865,2.308791
2689,2869,2.312015
2690,2877,2.318462
2691,2876,2.317656
2692,2869,2.312015
2693,2869,2.312015
2694,2865,2.308791
2695,2869,2.312015
2696,2853,2.299121
2697,2869,2.312015
2698,2864,2.307985
2699,2857,2.302344
2700,2865,2.308791
2701,2857,2.302344
2702,2845,2.292674
2703,2869,2.312015
2704,2864,2.307985
2705,2845,2.292674
2706,2853,2.299121
2707,2853,2.299121
2708,2853,2.299121
2709,2837,2.286227
2710,2849,2.295897
2711,2841,2.289451
2712,2845,2.292674
2713,2845,2.292674
2714,2837,2.286227
2715,2832,2.282198
2716,2841,2.289451
2717,2845,2.292674
2718,2833,2.283004
2719,2837,2.286227
2720,2845,2.292674
2721,2845,2.292674
2722,2845,2.292674
2723,2837,2.286227
2724,2845,2.292674
2725,2832,2.282198
2726,2841,2.289451
2727,2829,2.279780
2728,2817,2.270110
2729,2833,2.283004
2730,2821,2.273333
2731,2833,2.283004
2732,2821,2.273333
2733,2825,2.276557
2734,2828,2.278974
2735,2832,2.282198
2736,2821,2.273333
2737,2821,2.273333
2738,2816,2.269304
2739,2817,2.270110
2740,2817,2.270110
2741,2817,2.270110
2742,2821,2.273333
2743,2816,2.269304
2744,2817,2.270110
2745,2816,2.269304
2746,2816,2.269304
2747,2816,2.269304
2748,2817,2.270110
2749,2816,2.269304
2750,2816,2.269304
2751,2816,2.269304
2752,2793,2.250769
2753,2793,2.250769
2754,2816,2.269304
2755,2801,2.257216
2756,2800,2.256410
2757,2781,2.241099
2758,2789,2.247546
2759,2785,2.244322
2760,2789,2.247546
2761,2800,2.256410
2762,2793,2.250769
2763,2789,2.247546
2764,2793,2.250769
2765,2789,2.247546
2766,2785,2.244322
2767,2781,2.241099
2768,2773,2.234652
2769,2773,2.234652
2770,2781,2.241099
2771,2773,2.234652
2772,2773,2.234652
2773,2769,2.231429
2774,2772,2.233846
2775,2769,2.231429
2776,2772,2.233846
2777,2769,2.231429
2778,2768,2.230623
2779,2773,2.234652
2780,2768,2.230623
2781,2761,2.224982
2782,2761,2.224982
2783,2768,2.230623
2784,2753,2.218535
2785,2753,2.218535
2786,2748,2.214505
2787,2768,2.230623
2788,2764,2.227399
2789,2753,2.218535
2790,2757,2.221758
2791,2748,2.214505
2792,2757,2.221758
2793,2745,2.212088
2794,2753,2.218535
2795,2741,2.208864
2796,2752,2.217729
2797,2748,2.214505
2798,2737,2.205641
2799,2717,2.189524
2800,2717,2.189524
2801,2717,2.189524
2802,2709,2.183077
2803,2717,2.189524
2804,2741,2.208864
2805,2717,2.189524
2806,2725,2.195971
2807,2717,2.189524
2808,2737,2.205641
2809,2725,2.195971
2810,2717,2.189524
2811,2713,2.186300
2812,2709,2.183077
2813,2704,2.179048
2814,2705,2.179853
2815,2705,2.179853
2816,2693,2.170183
2817,2687,2.165348
2818,2697,2.173407
2819,2687,2.165348
2820,2697,2.173407
2821,2701,2.176630
2822,2685,2.163736
2823,2704,2.179048
2824,2693,2.170183
2825,2687,2.165348
2826,2681,2.160513
2827,2681,2.160513
2828,2685,2.163736
2829,2677,2.157289
2830,2673,2.154066
2831,2665,2.147619
2832,2676,2.156484
2833,2676,2.156484
2834,2672,2.153260
2835,2661,2.144396
2836,2661,2.144396
2837,2669,2.150842
2838,2672,2.153260
2839,2665,2.147619
2840,2657,2.141172
2841,2653,2.137949
2842,2653,2.137949
2843,2645,2.131502
2844,2649,2.134725
2845,2653,2.137949
2846,2649,2.134725
2847,2640,2.127473
2848,2649,2.134725
2849,2645,2.131502
2850,2641,2.128278
2851,2645,2.131502
2852,2640,2.127473
2853,2641,2.128278
2854,2629,2.118608
2855,2628,2.117802
2856,2625,2.115385
2857,2629,2.118608
2858,2645,2.131502
2859,2621,2.112161
2860,2621,2.112161
2861,2621,2.112161
2862,2609,2.102491
2863,2621,2.112161
2864,2613,2.105714
2865,2617,2.108938
2866,2612,2.104908
2867,2613,2.105714
2868,2596,2.092015
2869,2601,2.096044
2870,2613,2.105714
2871,2613,2.105714
2872,2608,2.101685
2873,2609,2.102491
2874,2605,2.099267
2875,2589,2.086374
2876,2604,2.098462
2877,2588,2.085568
2878,2608,2.101685
2879,2604,2.098462
2880,2608,2.101685
2881,2604,2.098462
2882,2593,2.089597
2883,2613,2.105714
2884,2613,2.105714
2885,2581,2.079927
2886,2585,2.083150
2887,2589,2.086374
2888,2589,2.086374
2889,2577,2.076703
2890,2577,2.076703
2891,2576,2.075897
2892,2576,2.075897
2893,2573,2.073480
2894,2581,2.079927
2895,2577,2.076703
2896,2576,2.075897
2897,2581,2.079927
2898,2572,2.072674
2899,2557,2.060586
2900,2557,2.060586
2901,2553,2.057363
2902,2565,2.067033
2903,2548,2.053333
2904,2557,2.060586
2905,2565,2.067033
2906,2553,2.057363
2907,2553,2.057363
2908,2556,2.059780
2909,2557,2.060586
2910,2557,2.060586
2911,2549,2.054139
2912,2545,2.050916
2913,2525,2.034799
2914,2544,2.050110
2915,2545,2.050916
2916,2544,2.050110
2917,2545,2.050916
2918,2533,2.041245
2919,2553,2.057363
2920,2541,2.047692
2921,2545,2.050916
2922,2537,2.044469
2923,2541,2.047692
2924,2517,2.028352
2925,2524,2.033993
2926,2501,2.015458
2927,2532,2.040440
2928,2541,2.047692
2929,2544,2.050110
2930,2541,2.047692
2931,2533,2.041245
2932,2525,2.034799
2933,2529,2.038022
2934,2529,2.038022
2935,2524,2.033993
2936,2517,2.028352
2937,2517,2.028352
2938,2521,2.031575
2939,2529,2.038022
2940,2529,2.038022
2941,2533,2.041245
2942,2525,2.034799
2943,2505,2.018681
2944,2501,2.015458
2945,2493,2.009011
2946,2509,2.021905
2947,2513,2.025128
2948,2501,2.015458
2949,2501,2.015458
2950,2512,2.024322
2951,2513,2.025128
2952,2497,2.012234
2953,2497,2.012234
2954,2501,2.015458
2955,2513,2.025128
2956,2485,2.002564
2957,2485,2.002564
2958,2489,2.005788
2959,2524,2.033993
2960,2501,2.015458
2961,2492,2.008205
2962,2505,2.018681
2963,2513,2.025128
2964,2497,2.012234
2965,2493,2.009011
2966,2485,2.002564
2967,2493,2.009011
2968,2477,1.996117
2969,2473,1.992894
2970,2481,1.999341
2971,2496,2.011429
2972,2496,2.011429
2973,2493,2.009011
2974,2489,2.005788
2975,2509,2.021905
2976,2500,2.014652
2977,2501,2.015458
2978,2489,2.005788
2979,2481,1.999341
2980,2481,1.999341
2981,2476,1.995311
2982,2461,1.983223
2983,2461,1.983223
2984,2465,1.986447
2985,2473,1.992894
2986,2480,1.998535
2987,2477,1.996117
2988,2476,1.995311
2989,2485,2.002564
2990,2485,2.002564
2991,2461,1.983223
2992,2469,1.989670
2993,2473,1.992894
2994,2473,1.992894
2995,2481,1.999341
2996,2461,1.983223
2997,2453,1.976777
2998,2461,1.983223
2999,2461,1.983223
3000,2457,1.980000
3001,2461,1.983223
3002,2481,1.999341
3003,2473,1.992894
3004,2461,1.983223
3005,2449,1.973553
3006,2453,1.976777
3007,2461,1.983223
3008,2469,1.989670
3009,2461,1.983223
3010,2453,1.976777
3011,2469,1.989670
3012,2449,1.973553
3013,2444,1.969524
3014,2457,1.980000
3015,2457,1.980000
3016,2453,1.976777
3017,2452,1.975971
3018,2469,1.989670
3019,2453,1.976777
3020,2461,1.983223
3021,2453,1.976777
3022,2449,1.973553
3023,2437,1.963883
3024,2448,1.972747
3025,2448,1.972747
3026,2437,1.963883
3027,2436,1.963077
3028,2449,1.973553
3029,2437,1.963883
3030,2441,1.967106
3031,2436,1.963077
3032,2425,1.954212
3033,2429,1.957436
3034,2448,1.972747
3035,2437,1.963883
3036,2452,1.975971
3037,2429,1.957436
3038,2425,1.954212
3039,2417,1.947766
3040,2425,1.954212
3041,2421,1.950989
3042,2425,1.954212
3043,2429,1.957436
3044,2437,1.963883
3045,2429,1.957436
3046,2421,1.950989
3047,2425,1.954212
3048,2421,1.950989
3049,2436,1.963077
3050,2437,1.963883
3051,2433,1.960659
3052,2433,1.960659
3053,2429,1.957436
3054,2437,1.963883
3055,2425,1.954212
3056,2433,1.960659
3057,2417,1.947766
3058,2405,1.938095
3059,2420,1.950183
3060,2397,1.931648
3061,2417,1.947766
3062,2409,1.941319
3063,2409,1.941319
3064,2404,1.937289
3065,2413,1.944542
3066,2389,1.925201
3067,2401,1.934872
3068,2397,1.931648
3069,2405,1.938095
3070,2397,1.931648
3071,2425,1.954212
3072,2429,1.957436
3073,2417,1.947766
3074,2429,1.957436
3075,2429,1.957436
3076,2417,1.947766
3077,2409,1.941319
3078,2428,1.956630
3079,2425,1.954212
3080,2405,1.938095
3081,2416,1.946960
3082,2416,1.946960
3083,2409,1.941319
3084,2417,1.947766
3085,2416,1.946960
3086,2429,1.957436
3087,2429,1.957436
3088,2437,1.963883
3089,2445,1.970330
3090,2421,1.950989
3091,2428,1.956630
3092,2421,1.950989
3093,2417,1.947766
3094,2396,1.930842
3095,2404,1.937289
3096,2405,1.938095
3097,2404,1.937289
3098,2389,1.925201
3099,2389,1.925201
3100,2397,1.931648
3101,2393,1.928425
3102,2385,1.921978
3103,2397,1.931648
3104,2389,1.925201
3105,2385,1.921978
3106,2381,1.918755
3107,2396,1.930842
3108,2384,1.921172
3109,2385,1.921978
3110,2389,1.925201
3111,2389,1.925201
3112,2377,1.915531
3113,2384,1.921172
3114,2377,1.915531
3115,2385,1.921978
3116,2384,1.921172
3117,2377,1.915531
3118,2384,1.921172
3119,2388,1.924396
3120,2384,1.921172
3121,2397,1.931648
3122,2389,1.925201
3123,2396,1.930842
3124,2389,1.925201
3125,2389,1.925201
3126,2385,1.921978
3127,2384,1.921172
3128,2385,1.921978
3129,2385,1.921978
3130,2377,1.915531
3131,2380,1.917949
3132,2393,1.928425
3133,2385,1.921978
3134,2385,1.921978
3135,2385,1.921978
3136,2385,1.921978
3137,2389,1.925201
3138,2393,1.928425
3139,2385,1.921978
3140,2389,1.925201
3141,2385,1.921978
3142,2385,1.921978
3143,2385,1.921978
3144,2373,1.912308
3145,2373,1.912308
3146,2369,1.909084
3147,2357,1.899414
3148,2357,1.899414
3149,2361,1.902637
3150,2364,1.905055
3151,2352,1.895385
3152,2353,1.896190
3153,2345,1.889744
3154,2373,1.912308
3155,2365,1.905861
3156,2369,1.909084
3157,2364,1.905055
3158,2365,1.905861
3159,2381,1.918755
3160,2385,1.921978
3161,2356,1.898608
3162,2369,1.909084
3163,2357,1.899414
3164,2357,1.899414
3165,2357,1.899414
3166,2357,1.899414
3167,2365,1.905861
3168,2357,1.899414
3169,2353,1.896190
3170,2352,1.895385
3171,2357,1.899414
3172,2357,1.899414
3173,2348,1.892161
3174,2345,1.889744
3175,2361,1.902637
3176,2357,1.899414
3177,2357,1.899414
3178,2357,1.899414
3179,2340,1.885714
3180,2349,1.892967
3181,2352,1.895385
3182,2357,1.899414
3183,2361,1.902637
3184,2353,1.896190
3185,2357,1.899414
3186,2333,1.880073
3187,2345,1.889744
3188,2352,1.895385
3189,2345,1.889744
3190,2357,1.899414
3191,2353,1.896190
3192,2348,1.892161
3193,2341,1.886520
3194,2352,1.895385
3195,2341,1.886520
3196,2357,1.899414
3197,2353,1.896190
3198,2352,1.895385
3199,2357,1.899414
3200,2357,1.899414
3201,2357,1.899414
3202,2357,1.899414
3203,2341,1.886520
3204,2341,1.886520
3205,2340,1.885714
3206,2341,1.886520
3207,2361,1.902637
3208,2349,1.892967
3209,2345,1.889744
3210,2340,1.885714
3211,2333,1.880073
3212,2341,1.886520
3213,2357,1.899414
3214,2341,1.886520
3215,2353,1.896190
3216,2341,1.886520
3217,2341,1.886520
3218,2341,1.886520
3219,2333,1.880073
3220,2333,1.880073
3221,2341,1.886520
3222,2333,1.880073
3223,2337,1.883297
3224,2324,1.872821
3225,2341,1.886520
3226,2333,1.880073
3227,2333,1.880073
3228,2325,1.873626
3229,2325,1.873626
3230,2329,1.876850
3231,2333,1.880073
3232,2333,1.880073
3233,2321,1.870403
3234,2329,1.876850
3235,2325,1.873626
3236,2325,1.873626
3237,2333,1.880073
3238,2321,1.870403
3239,2325,1.873626
3240,2325,1.873626
3241,2313,1.863956
3242,2325,1.873626
3243,2325,1.873626
3244,2325,1.873626
3245,2333,1.880073
3246,2329,1.876850
3247,2333,1.880073
3248,2320,1.869597
3249,2325,1.873626
3250,2324,1.872821
3251,2333,1.880073
3252,2332,1.879267
3253,2333,1.880073
3254,2329,1.876850
3255,2333,1.880073
3256,2325,1.873626
3257,2320,1.869597
3258,2329,1.876850
3259,2317,1.867179
3260,2325,1.873626
3261,2320,1.869597
3262,2317,1.867179
3263,2316,1.866374
3264,2325,1.873626
3265,2325,1.873626
3266,2329,1.876850
3267,2335,1.881685
3268,2337,1.883297
3269,2329,1.876850
3270,2309,1.860733
3271,2329,1.876850
3272,2321,1.870403
3273,2340,1.885714
3274,2321,1.870403
3275,2329,1.876850
3276,2333,1.880073
3277,2325,1.873626
3278,2325,1.873626
3279,2321,1.870403
3280,2325,1.873626
3281,2320,1.869597
3282,2305,1.857509
3283,2313,1.863956
3284,2313,1.863956
3285,2321,1.870403
3286,2313,1.863956
3287,2341,1.886520
3288,2325,1.873626
3289,2321,1.870403
3290,2324,1.872821
3291,2332,1.879267
3292,2321,1.870403
3293,2324,1.872821
3294,2329,1.876850
3295,2309,1.860733
3296,2313,1.863956
3297,2309,1.860733
3298,2325,1.873626
3299,2325,1.873626
3300,2313,1.863956
3301,2320,1.869597
3302,2320,1.869597
3303,2325,1.873626
3304,2317,1.867179
3305,2305,1.857509
3306,2321,1.870403
3307,2316,1.866374
3308,2309,1.860733
3309,2321,1.870403
3310,2305,1.857509
3311,2309,1.860733
3312,2316,1.866374
3313,2325,1.873626
3314,2313,1.863956
3315,2320,1.869597
3316,2325,1.873626
3317,2309,1.860733
3318,2325,1.873626
3319,2320,1.869597
3320,2317,1.867179
3321,2305,1.857509
3322,2301,1.854286
3323,2333,1.880073
3324,2313,1.863956
3325,2321,1.870403
3326,2309,1.860733
3327,2324,1.872821
3328,2321,1.870403
3329,2325,1.873626
3330,2317,1.867179
3331,2309,1.860733
3332,2325,1.873626
3333,2325,1.873626
3334,2316,1.866374
3335,2304,1.856703
3336,2313,1.863956
3337,2321,1.870403
3338,2305,1.857509
3339,2321,1.870403
3340,2320,1.869597
3341,2317,1.867179
3342,2329,1.876850
3343,2317,1.867179
3344,2324,1.872821
3345,2309,1.860733
3346,2305,1.857509
3347,2332,1.879267
3348,2321,1.870403
3349,2305,1.857509
3350,2313,1.863956
3351,2313,1.863956
3352,2317,1.867179
3353,2313,1.863956
3354,2300,1.853480
3355,2305,1.857509
3356,2309,1.860733
3357,2301,1.854286
3358,2305,1.857509
3359,2309,1.860733
3360,2313,1.863956
3361,2313,1.863956
3362,2316,1.866374
3363,2309,1.860733
3364,2313,1.863956
3365,2316,1.866374
3366,2316,1.866374
3367,2309,1.860733
3368,2305,1.857509
3369,2309,1.860733
3370,2309,1.860733
3371,2317,1.867179
3372,2309,1.860733
3373,2305,1.857509
3374,2317,1.867179
3375,2309,1.860733
3376,2300,1.853480
3377,2313,1.863956
3378,2308,1.859927
3379,2321,1.870403
3380,2289,1.844615
3381,2309,1.860733
3382,2309,1.860733
3383,2309,1.860733
3384,2305,1.857509
3385,2305,1.857509
3386,2292,1.847033
3387,2305,1.857509
3388,2309,1.860733
3389,2297,1.851062
3390,2308,1.859927
3391,2304,1.856703
3392,2321,1.870403
3393,2316,1.866374
3394,2289,1.844615
3395,2320,1.869597
3396,2301,1.854286
3397,2309,1.860733
3398,2305,1.857509
3399,2301,1.854286
3400,2321,1.870403
3401,2293,1.847839
3402,2308,1.859927
3403,2316,1.866374
3404,2316,1.866374
3405,2316,1.866374
3406,2304,1.856703
3407,2309,1.860733
3408,2297,1.851062
3409,2301,1.854286
3410,2324,1.872821
3411,2313,1.863956
3412,2320,1.869597
3413,2320,1.869597
3414,2305,1.857509
3415,2317,1.867179
3416,2309,1.860733
3417,2313,1.863956
3418,2309,1.860733
3419,2304,1.856703
3420,2313,1.863956
3421,2320,1.869597
3422,2317,1.867179
3423,2305,1.857509
3424,2309,1.860733
3425,2320,1.869597
3426,2304,1.856703
3427,2308,1.859927
3428,2297,1.851062
3429,2309,1.860733
3430,2313,1.863956
3431,2309,1.860733
3432,2309,1.860733
3433,2313,1.863956
3434,2305,1.857509
3435,2321,1.870403
3436,2305,1.857509
3437,2309,1.860733
3438,2309,1.860733
3439,2317,1.867179
3440,2309,1.860733
3441,2305,1.857509
3442,2313,1.863956
3443,2313,1.863956
3444,2313,1.863956
3445,2309,1.860733
3446,2316,1.866374
3447,2309,1.860733
3448,2313,1.863956
3449,2309,1.860733
3450,2324,1.872821
3451,2325,1.873626
3452,2316,1.866374
3453,2325,1.873626
3454,2313,1.863956
3455,2321,1.870403
3456,2309,1.860733
3457,2317,1.867179
3458,2324,1.872821
3459,2320,1.869597
3460,2305,1.857509
3461,2325,1.873626
3462,2321,1.870403
3463,2320,1.869597
3464,2317,1.867179
3465,2333,1.880073
3466,2313,1.863956
3467,2325,1.873626
3468,2324,1.872821
3469,2321,1.870403
3470,2313,1.863956
3471,2309,1.860733
3472,2309,1.860733
3473,2317,1.867179
3474,2333,1.880073
3475,2320,1.869597
3476,2309,1.860733
3477,2332,1.879267
3478,2324,1.872821
3479,2320,1.869597
3480,2324,1.872821
3481,2317,1.867179
3482,2320,1.869597
3483,2333,1.880073
3484,2321,1.870403
3485,2325,1.873626
3486,2329,1.876850
3487,2329,1.876850
3488,2329,1.876850
3489,2321,1.870403
3490,2337,1.883297
3491,2341,1.886520
3492,2329,1.876850
3493,2325,1.873626
3494,2320,1.869597
3495,2333,1.880073
3496,2333,1.880073
3497,2337,1.883297
3498,2332,1.879267
3499,2333,1.880073
3500,2329,1.876850
3501,2333,1.880073
3502,2341,1.886520
3503,2333,1.880073
3504,2325,1.873626
3505,2340,1.885714
3506,2325,1.873626
3507,2333,1.880073
3508,2333,1.880073
3509,2345,1.889744
3510,2333,1.880073
3511,2352,1.895385
3512,2345,1.889744
3513,2341,1.886520
3514,2345,1.889744
3515,2333,1.880073
3516,2353,1.896190
3517,2333,1.880073
3518,2333,1.880073
3519,2345,1.889744
3520,2357,1.899414
3521,2333,1.880073
3522,2341,1.886520
3523,2353,1.896190
3524,2348,1.892161
3525,2341,1.886520
3526,2341,1.886520
3527,2353,1.896190
3528,2349,1.892967
3529,2356,1.898608
3530,2357,1.899414
3531,2356,1.898608
3532,2353,1.896190
3533,2357,1.899414
3534,2352,1.895385
3535,2365,1.905861
3536,2369,1.909084
3537,2373,1.912308
3538,2361,1.902637
3539,2373,1.912308
3540,2369,1.909084
3541,2353,1.896190
3542,2369,1.909084
3543,2365,1.905861
3544,2364,1.905055
3545,2361,1.902637
3546,2357,1.899414
3547,2357,1.899414
3548,2369,1.909084
3549,2372,1.911502
3550,2369,1.909084
3551,2372,1.911502
3552,2373,1.912308
3553,2393,1.928425
3554,2373,1.912308
3555,2393,1.928425
3556,2377,1.915531
3557,2373,1.912308
3558,2377,1.915531
3559,2389,1.925201
3560,2385,1.921978
3561,2397,1.931648
3562,2389,1.925201
3563,2381,1.918755
3564,2389,1.925201
3565,2393,1.928425
3566,2412,1.943736
3567,2385,1.921978
3568,2393,1.928425
3569,2393,1.928425
3570,2397,1.931648
3571,2413,1.944542
3572,2416,1.946960
3573,2417,1.947766
3574,2421,1.950989
3575,2405,1.938095
3576,2412,1.943736
3577,2429,1.957436
3578,2409,1.941319
3579,2413,1.944542
3580,2421,1.950989
3581,2425,1.954212
3582,2421,1.950989
3583,2416,1.946960
3584,2429,1.957436
3585,2429,1.957436
3586,2429,1.957436
3587,2421,1.950989
3588,2421,1.950989
3589,2429,1.957436
3590,2429,1.957436
3591,2433,1.960659
3592,2436,1.963077
3593,2437,1.963883
3594,2441,1.967106
3595,2444,1.969524
3596,2441,1.967106
3597,2452,1.975971
3598,2444,1.969524
3599,2449,1.973553
3600,2448,1.972747
3601,2453,1.976777
3602,2453,1.976777
3603,2461,1.983223
3604,2461,1.983223
3605,2461,1.983223
3606,2461,1.983223
3607,2461,1.983223
3608,2457,1.980000
3609,2461,1.983223
3610,2460,1.982418
3611,2473,1.992894
3612,2481,1.999341
3613,2473,1.992894
3614,2480,1.998535
3615,2469,1.989670
3616,2496,2.011429
3617,2493,2.009011
3618,2497,2.012234
3619,2497,2.012234
3620,2485,2.002564
3621,2496,2.011429
3622,2497,2.012234
3623,2501,2.015458
3624,2505,2.018681
3625,2517,2.028352
3626,2508,2.021099
3627,2524,2.033993
3628,2517,2.028352
3629,2517,2.028352
3630,2525,2.034799
3631,2513,2.025128
3632,2513,2.025128
3633,2537,2.044469
3634,2533,2.041245
3635,2549,2.054139
3636,2525,2.034799
3637,2544,2.050110
3638,2545,2.050916
3639,2549,2.054139
3640,2557,2.060586
3641,2557,2.060586
3642,2549,2.054139
3643,2557,2.060586
3644,2557,2.060586
3645,2557,2.060586
3646,2565,2.067033
3647,2557,2.060586
