Pixel,ADC,VoltageV
1,3933,3.169451
2,3933,3.169451
3,3933,3.169451
4,3925,3.163004
5,3925,3.163004
6,3929,3.166227
7,3929,3.166227
8,3925,3.163004
9,3925,3.163004
10,3929,3.166227
11,3921,3.159780
12,3925,3.163004
13,3925,3.163004
14,3929,3.166227
15,3925,3.163004
16,3921,3.159780
17,3137,2.527985
18,2557,2.060586
19,2577,2.076703
20,2581,2.079927
21,2596,2.092015
22,2591,2.087985
23,2581,2.079927
24,2585,2.083150
25,2589,2.086374
26,2581,2.079927
27,2589,2.086374
28,2589,2.086374
29,2589,2.086374
30,2591,2.087985
31,2589,2.086374
32,2589,2.086374
33,2589,2.086374
34,2585,2.083150
35,2589,2.086374
36,2580,2.079121
37,2589,2.086374
38,2577,2.076703
39,2585,2.083150
40,2589,2.086374
41,2589,2.086374
42,2589,2.086374
43,2585,2.083150
44,2576,2.075897
45,2585,2.083150
46,2589,2.086374
47,2589,2.086374
48,2589,2.086374
49,2581,2.079927
50,2585,2.083150
51,2597,2.092821
52,2589,2.086374
53,2589,2.086374
54,2581,2.079927
55,2581,2.079927
56,2589,2.086374
57,2601,2.096044
58,2589,2.086374
59,2589,2.086374
60,2581,2.079927
61,2585,2.083150
62,2589,2.086374
63,2581,2.079927
64,2585,2.083150
65,2585,2.083150
66,2597,2.092821
67,2589,2.086374
68,2577,2.076703
69,2581,2.079927
70,2589,2.086374
71,2589,2.086374
72,2589,2.086374
73,2589,2.086374
74,2589,2.086374
75,2588,2.085568
76,2601,2.096044
77,2591,2.087985
78,2589,2.086374
79,2576,2.075897
80,2585,2.083150
81,2580,2.079121
82,2601,2.096044
83,2605,2.099267
84,2593,2.089597
85,2591,2.087985
86,2589,2.086374
87,2597,2.092821
88,2581,2.079927
89,2593,2.089597
90,2589,2.086374
91,2597,2.092821
92,2589,2.086374
93,2597,2.092821
94,2585,2.083150
95,2605,2.099267
96,2589,2.086374
97,2580,2.079121
98,2589,2.086374
99,2589,2.086374
100,2585,2.083150
101,2589,2.086374
102,2585,2.083150
103,2585,2.083150
104,2589,2.086374
105,2585,2.083150
106,2585,2.083150
107,2585,2.083150
108,2589,2.086374
109,2581,2.079927
110,2589,2.086374
111,2577,2.076703
112,2581,2.079927
113,2581,2.079927
114,2581,2.079927
115,2577,2.076703
116,2580,2.079121
117,2577,2.076703
118,2581,2.079927
119,2589,2.086374
120,2573,2.073480
121,2589,2.086374
122,2585,2.083150
123,2577,2.076703
124,2589,2.086374
125,2589,2.086374
126,2589,2.086374
127,2585,2.083150
128,2589,2.086374
129,2588,2.085568
130,2581,2.079927
131,2591,2.087985
132,2589,2.086374
133,2589,2.086374
134,2589,2.086374
135,2597,2.092821
136,2605,2.099267
137,2589,2.086374
138,2597,2.092821
139,2601,2.096044
140,2589,2.086374
141,2593,2.089597
142,2597,2.092821
143,2609,2.102491
144,2589,2.086374
145,2597,2.092821
146,2597,2.092821
147,2604,2.098462
148,2589,2.086374
149,2597,2.092821
150,2589,2.086374
151,2589,2.086374
152,2608,2.101685
153,2589,2.086374
154,2585,2.083150
155,2597,2.092821
156,2608,2.101685
157,2589,2.086374
158,2589,2.086374
159,2589,2.086374
160,2597,2.092821
161,2585,2.083150
162,2589,2.086374
163,2601,2.096044
164,2589,2.086374
165,2609,2.102491
166,2581,2.079927
167,2589,2.086374
168,2581,2.079927
169,2601,2.096044
170,2591,2.087985
171,2589,2.086374
172,2597,2.092821
173,2597,2.092821
174,2589,2.086374
175,2597,2.092821
176,2585,2.083150
177,2589,2.086374
178,2597,2.092821
179,2585,2.083150
180,2581,2.079927
181,2576,2.075897
182,2576,2.075897
183,2589,2.086374
184,2581,2.079927
185,2581,2.079927
186,2581,2.079927
187,2589,2.086374
188,2589,2.086374
189,2581,2.079927
190,2573,2.073480
191,2577,2.076703
192,2576,2.075897
193,2580,2.079121
194,2588,2.085568
195,2581,2.079927
196,2589,2.086374
197,2585,2.083150
198,2581,2.079927
199,2581,2.079927
200,2585,2.083150
201,2581,2.079927
202,2589,2.086374
203,2581,2.079927
204,2573,2.073480
205,2597,2.092821
206,2577,2.076703
207,2580,2.079121
208,2577,2.076703
209,2581,2.079927
210,2581,2.079927
211,2577,2.076703
212,2580,2.079121
213,2581,2.079927
214,2589,2.086374
215,2581,2.079927
216,2581,2.079927
217,2589,2.086374
218,2581,2.079927
219,2585,2.083150
220,2585,2.083150
221,2589,2.086374
222,2596,2.092015
223,2601,2.096044
224,2577,2.076703
225,2589,2.086374
226,2589,2.086374
227,2585,2.083150
228,2581,2.079927
229,2581,2.079927
230,2581,2.079927
231,2589,2.086374
232,2576,2.075897
233,2585,2.083150
234,2597,2.092821
235,2589,2.086374
236,2589,2.086374
237,2589,2.086374
238,2589,2.086374
239,2589,2.086374
240,2589,2.086374
241,2589,2.086374
242,2589,2.086374
243,2597,2.092821
244,2591,2.087985
245,2585,2.083150
246,2597,2.092821
247,2597,2.092821
248,2597,2.092821
249,2589,2.086374
250,2589,2.086374
251,2585,2.083150
252,2593,2.089597
253,2591,2.087985
254,2589,2.086374
255,2597,2.092821
256,2581,2.079927
257,2585,2.083150
258,2581,2.079927
259,2589,2.086374
260,2577,2.076703
261,2581,2.079927
262,2596,2.092015
263,2597,2.092821
264,2601,2.096044
265,2601,2.096044
266,2576,2.075897
267,2581,2.079927
268,2585,2.083150
269,2581,2.079927
270,2589,2.086374
271,2577,2.076703
272,2589,2.086374
273,2569,2.070256
274,2581,2.079927
275,2589,2.086374
276,2581,2.079927
277,2577,2.076703
278,2577,2.076703
279,2577,2.076703
280,2577,2.076703
281,2585,2.083150
282,2589,2.086374
283,2581,2.079927
284,2588,2.085568
285,2585,2.083150
286,2581,2.079927
287,2597,2.092821
288,2585,2.083150
289,2581,2.079927
290,2588,2.085568
291,2589,2.086374
292,2597,2.092821
293,2589,2.086374
294,2589,2.086374
295,2585,2.083150
296,2589,2.086374
297,2593,2.089597
298,2589,2.086374
299,2589,2.086374
300,2576,2.075897
301,2577,2.076703
302,2597,2.092821
303,2581,2.079927
304,2589,2.086374
305,2581,2.079927
306,2585,2.083150
307,2581,2.079927
308,2585,2.083150
309,2576,2.075897
310,2589,2.086374
311,2585,2.083150
312,2589,2.086374
313,2589,2.086374
314,2585,2.083150
315,2597,2.092821
316,2589,2.086374
317,2588,2.085568
318,2576,2.075897
319,2608,2.101685
320,2589,2.086374
321,2601,2.096044
322,2589,2.086374
323,2597,2.092821
324,2589,2.086374
325,2585,2.083150
326,2609,2.102491
327,2609,2.102491
328,2601,2.096044
329,2589,2.086374
330,2601,2.096044
331,2597,2.092821
332,2601,2.096044
333,2597,2.092821
334,2589,2.086374
335,2593,2.089597
336,2609,2.102491
337,2604,2.098462
338,2597,2.092821
339,2597,2.092821
340,2601,2.096044
341,2589,2.086374
342,2588,2.085568
343,2604,2.098462
344,2589,2.086374
345,2608,2.101685
346,2596,2.092015
347,2597,2.092821
348,2604,2.098462
349,2597,2.092821
350,2596,2.092015
351,2601,2.096044
352,2608,2.101685
353,2609,2.102491
354,2613,2.105714
355,2604,2.098462
356,2608,2.101685
357,2604,2.098462
358,2608,2.101685
359,2593,2.089597
360,2609,2.102491
361,2613,2.105714
362,2608,2.101685
363,2589,2.086374
364,2585,2.083150
365,2585,2.083150
366,2589,2.086374
367,2601,2.096044
368,2597,2.092821
369,2597,2.092821
370,2585,2.083150
371,2573,2.073480
372,2585,2.083150
373,2596,2.092015
374,2596,2.092015
375,2589,2.086374
376,2585,2.083150
377,2585,2.083150
378,2589,2.086374
379,2596,2.092015
380,2585,2.083150
381,2589,2.086374
382,2597,2.092821
383,2585,2.083150
384,2581,2.079927
385,2581,2.079927
386,2577,2.076703
387,2589,2.086374
388,2581,2.079927
389,2589,2.086374
390,2589,2.086374
391,2591,2.087985
392,2589,2.086374
393,2597,2.092821
394,2589,2.086374
395,2597,2.092821
396,2605,2.099267
397,2608,2.101685
398,2609,2.102491
399,2596,2.092015
400,2585,2.083150
401,2581,2.079927
402,2585,2.083150
403,2589,2.086374
404,2589,2.086374
405,2581,2.079927
406,2581,2.079927
407,2589,2.086374
408,2597,2.092821
409,2589,2.086374
410,2588,2.085568
411,2597,2.092821
412,2597,2.092821
413,2597,2.092821
414,2597,2.092821
415,2589,2.086374
416,2589,2.086374
417,2581,2.079927
418,2597,2.092821
419,2589,2.086374
420,2605,2.099267
421,2597,2.092821
422,2593,2.089597
423,2581,2.079927
424,2597,2.092821
425,2585,2.083150
426,2589,2.086374
427,2589,2.086374
428,2581,2.079927
429,2580,2.079121
430,2589,2.086374
431,2577,2.076703
432,2581,2.079927
433,2580,2.079121
434,2589,2.086374
435,2581,2.079927
436,2585,2.083150
437,2589,2.086374
438,2589,2.086374
439,2576,2.075897
440,2597,2.092821
441,2589,2.086374
442,2577,2.076703
443,2585,2.083150
444,2589,2.086374
445,2589,2.086374
446,2597,2.092821
447,2589,2.086374
448,2589,2.086374
449,2604,2.098462
450,2589,2.086374
451,2581,2.079927
452,2589,2.086374
453,2601,2.096044
454,2588,2.085568
455,2597,2.092821
456,2581,2.079927
457,2597,2.092821
458,2585,2.083150
459,2585,2.083150
460,2597,2.092821
461,2585,2.083150
462,2589,2.086374
463,2593,2.089597
464,2601,2.096044
465,2589,2.086374
466,2585,2.083150
467,2589,2.086374
468,2589,2.086374
469,2589,2.086374
470,2589,2.086374
471,2597,2.092821
472,2601,2.096044
473,2601,2.096044
474,2613,2.105714
475,2609,2.102491
476,2613,2.105714
477,2613,2.105714
478,2609,2.102491
479,2613,2.105714
480,2613,2.105714
481,2608,2.101685
482,2597,2.092821
483,2581,2.079927
484,2596,2.092015
485,2581,2.079927
486,2597,2.092821
487,2585,2.083150
488,2593,2.089597
489,2581,2.079927
490,2585,2.083150
491,2588,2.085568
492,2591,2.087985
493,2597,2.092821
494,2589,2.086374
495,2589,2.086374
496,2601,2.096044
497,2613,2.105714
498,2609,2.102491
499,2617,2.108938
500,2608,2.101685
501,2608,2.101685
502,2613,2.105714
503,2604,2.098462
504,2608,2.101685
505,2608,2.101685
506,2609,2.102491
507,2601,2.096044
508,2597,2.092821
509,2589,2.086374
510,2589,2.086374
511,2597,2.092821
512,2585,2.083150
513,2589,2.086374
514,2597,2.092821
515,2589,2.086374
516,2585,2.083150
517,2609,2.102491
518,2597,2.092821
519,2597,2.092821
520,2608,2.101685
521,2608,2.101685
522,2609,2.102491
523,2601,2.096044
524,2604,2.098462
525,2613,2.105714
526,2613,2.105714
527,2609,2.102491
528,2613,2.105714
529,2609,2.102491
530,2605,2.099267
531,2605,2.099267
532,2617,2.108938
533,2613,2.105714
534,2613,2.105714
535,2609,2.102491
536,2613,2.105714
537,2613,2.105714
538,2613,2.105714
539,2613,2.105714
540,2621,2.112161
541,2608,2.101685
542,2605,2.099267
543,2596,2.092015
544,2613,2.105714
545,2609,2.102491
546,2597,2.092821
547,2601,2.096044
548,2609,2.102491
549,2609,2.102491
550,2609,2.102491
551,2609,2.102491
552,2609,2.102491
553,2588,2.085568
554,2609,2.102491
555,2605,2.099267
556,2597,2.092821
557,2597,2.092821
558,2613,2.105714
559,2605,2.099267
560,2601,2.096044
561,2613,2.105714
562,2625,2.115385
563,2591,2.087985
564,2609,2.102491
565,2605,2.099267
566,2617,2.108938
567,2609,2.102491
568,2609,2.102491
569,2601,2.096044
570,2605,2.099267
571,2605,2.099267
572,2609,2.102491
573,2604,2.098462
574,2617,2.108938
575,2601,2.096044
576,2613,2.105714
577,2608,2.101685
578,2597,2.092821
579,2601,2.096044
580,2608,2.101685
581,2601,2.096044
582,2608,2.101685
583,2597,2.092821
584,2591,2.087985
585,2589,2.086374
586,2605,2.099267
587,2601,2.096044
588,2605,2.099267
589,2597,2.092821
590,2597,2.092821
591,2597,2.092821
592,2597,2.092821
593,2589,2.086374
594,2597,2.092821
595,2605,2.099267
596,2597,2.092821
597,2597,2.092821
598,2597,2.092821
599,2608,2.101685
600,2617,2.108938
601,2613,2.105714
602,2589,2.086374
603,2608,2.101685
604,2617,2.108938
605,2597,2.092821
606,2609,2.102491
607,2605,2.099267
608,2605,2.099267
609,2609,2.102491
610,2608,2.101685
611,2601,2.096044
612,2608,2.101685
613,2613,2.105714
614,2617,2.108938
615,2608,2.101685
616,2609,2.102491
617,2609,2.102491
618,2605,2.099267
619,2609,2.102491
620,2597,2.092821
621,2617,2.108938
622,2612,2.104908
623,2605,2.099267
624,2613,2.105714
625,2609,2.102491
626,2597,2.092821
627,2613,2.105714
628,2608,2.101685
629,2621,2.112161
630,2609,2.102491
631,2609,2.102491
632,2617,2.108938
633,2597,2.092821
634,2609,2.102491
635,2629,2.118608
636,2601,2.096044
637,2612,2.104908
638,2613,2.105714
639,2620,2.111355
640,2625,2.115385
641,2613,2.105714
642,2625,2.115385
643,2625,2.115385
644,2621,2.112161
645,2625,2.115385
646,2621,2.112161
647,2613,2.105714
648,2609,2.102491
649,2597,2.092821
650,2597,2.092821
651,2613,2.105714
652,2609,2.102491
653,2609,2.102491
654,2616,2.108132
655,2601,2.096044
656,2610,2.103297
657,2618,2.109744
658,2614,2.106520
659,2616,2.108132
660,2599,2.094432
661,2626,2.116190
662,2615,2.107326
663,2624,2.114579
664,2610,2.103297
665,2608,2.101685
666,2610,2.103297
667,2610,2.103297
668,2598,2.093626
669,2618,2.109744
670,2615,2.107326
671,2616,2.108132
672,2615,2.107326
673,2618,2.109744
674,2599,2.094432
675,2618,2.109744
676,2615,2.107326
677,2610,2.103297
678,2615,2.107326
679,2618,2.109744
680,2615,2.107326
681,2608,2.101685
682,2614,2.106520
683,2624,2.114579
684,2615,2.107326
685,2634,2.122637
686,2623,2.113773
687,2616,2.108132
688,2610,2.103297
689,2618,2.109744
690,2610,2.103297
691,2618,2.109744
692,2615,2.107326
693,2632,2.121026
694,2615,2.107326
695,2602,2.096850
696,2615,2.107326
697,2616,2.108132
698,2614,2.106520
699,2634,2.122637
700,2615,2.107326
701,2626,2.116190
702,2615,2.107326
703,2632,2.121026
704,2630,2.119414
705,2626,2.116190
706,2631,2.120220
707,2634,2.122637
708,2631,2.120220
709,2648,2.133919
710,2623,2.113773
711,2642,2.129084
712,2630,2.119414
713,2642,2.129084
714,2630,2.119414
715,2626,2.116190
716,2631,2.120220
717,2626,2.116190
718,2615,2.107326
719,2634,2.122637
720,2623,2.113773
721,2634,2.122637
722,2631,2.120220
723,2626,2.116190
724,2615,2.107326
725,2634,2.122637
726,2630,2.119414
727,2634,2.122637
728,2623,2.113773
729,2642,2.129084
730,2631,2.120220
731,2640,2.127473
732,2631,2.120220
733,2634,2.122637
734,2642,2.129084
735,2634,2.122637
736,2642,2.129084
737,2634,2.122637
738,2630,2.119414
739,2626,2.116190
740,2630,2.119414
741,2634,2.122637
742,2630,2.119414
743,2624,2.114579
744,2631,2.120220
745,2626,2.116190
746,2630,2.119414
747,2626,2.116190
748,2615,2.107326
749,2632,2.121026
750,2631,2.120220
751,2634,2.122637
752,2614,2.106520
753,2650,2.135531
754,2615,2.107326
755,2642,2.129084
756,2631,2.120220
757,2648,2.133919
758,2631,2.120220
759,2632,2.121026
760,2631,2.120220
761,2632,2.121026
762,2642,2.129084
763,2634,2.122637
764,2646,2.132308
765,2650,2.135531
766,2631,2.120220
767,2640,2.127473
768,2631,2.120220
769,2634,2.122637
770,2631,2.120220
771,2634,2.122637
772,2631,2.120220
773,2632,2.121026
774,2630,2.119414
775,2648,2.133919
776,2642,2.129084
777,2632,2.121026
778,2642,2.129084
779,2648,2.133919
780,2631,2.120220
781,2648,2.133919
782,2642,2.129084
783,2634,2.122637
784,2642,2.129084
785,2632,2.121026
786,2631,2.120220
787,2654,2.138755
788,2646,2.132308
789,2642,2.129084
790,2642,2.129084
791,2650,2.135531
792,2658,2.141978
793,2642,2.129084
794,2642,2.129084
795,2648,2.133919
796,2658,2.141978
797,2650,2.135531
798,2646,2.132308
799,2660,2.143590
800,2652,2.137143
801,2660,2.143590
802,2660,2.143590
803,2639,2.126667
804,2645,2.131502
805,2629,2.118608
806,2645,2.131502
807,2637,2.125055
808,2645,2.131502
809,2645,2.131502
810,2636,2.124249
811,2639,2.126667
812,2645,2.131502
813,2660,2.143590
814,2637,2.125055
815,2652,2.137143
816,2639,2.126667
817,2637,2.125055
818,2645,2.131502
819,2645,2.131502
820,2629,2.118608
821,2637,2.125055
822,2660,2.143590
823,2660,2.143590
824,2660,2.143590
825,2653,2.137949
826,2668,2.150037
827,2660,2.143590
828,2660,2.143590
829,2677,2.157289
830,2661,2.144396
831,2661,2.144396
832,2669,2.150842
833,2669,2.150842
834,2660,2.143590
835,2668,2.150037
836,2668,2.150037
837,2669,2.150842
838,2669,2.150842
839,2669,2.150842
840,2669,2.150842
841,2669,2.150842
842,2668,2.150037
843,2669,2.150842
844,2652,2.137143
845,2669,2.150842
846,2677,2.157289
847,2692,2.169377
848,2693,2.170183
849,2677,2.157289
850,2684,2.162930
851,2692,2.169377
852,2692,2.169377
853,2677,2.157289
854,2669,2.150842
855,2668,2.150037
856,2677,2.157289
857,2677,2.157289
858,2684,2.162930
859,2669,2.150842
860,2668,2.150037
861,2661,2.144396
862,2669,2.150842
863,2685,2.163736
864,2671,2.152454
865,2692,2.169377
866,2669,2.150842
867,2661,2.144396
868,2668,2.150037
869,2669,2.150842
870,2677,2.157289
871,2661,2.144396
872,2660,2.143590
873,2669,2.150842
874,2669,2.150842
875,2660,2.143590
876,2669,2.150842
877,2652,2.137143
878,2668,2.150037
879,2668,2.150037
880,2660,2.143590
881,2668,2.150037
882,2661,2.144396
883,2669,2.150842
884,2661,2.144396
885,2669,2.150842
886,2668,2.150037
887,2685,2.163736
888,2669,2.150842
889,2668,2.150037
890,2669,2.150842
891,2677,2.157289
892,2669,2.150842
893,2660,2.143590
894,2668,2.150037
895,2669,2.150842
896,2684,2.162930
897,2669,2.150842
898,2669,2.150842
899,2669,2.150842
900,2684,2.162930
901,2684,2.162930
902,2668,2.150037
903,2669,2.150842
904,2684,2.162930
905,2677,2.157289
906,2669,2.150842
907,2669,2.150842
908,2661,2.144396
909,2684,2.162930
910,2685,2.163736
911,2677,2.157289
912,2684,2.162930
913,2684,2.162930
914,2669,2.150842
915,2684,2.162930
916,2685,2.163736
917,2684,2.162930
918,2685,2.163736
919,2669,2.150842
920,2669,2.150842
921,2669,2.150842
922,2669,2.150842
923,2685,2.163736
924,2669,2.150842
925,2692,2.169377
926,2677,2.157289
927,2692,2.169377
928,2677,2.157289
929,2669,2.150842
930,2671,2.152454
931,2671,2.152454
932,2676,2.156484
933,2692,2.169377
934,2692,2.169377
935,2692,2.169377
936,2677,2.157289
937,2677,2.157289
938,2677,2.157289
939,2692,2.169377
940,2700,2.175824
941,2684,2.162930
942,2692,2.169377
943,2692,2.169377
944,2684,2.162930
945,2677,2.157289
946,2685,2.163736
947,2692,2.169377
948,2693,2.170183
949,2684,2.162930
950,2684,2.162930
951,2700,2.175824
952,2692,2.169377
953,2684,2.162930
954,2692,2.169377
955,2685,2.163736
956,2701,2.176630
957,2693,2.170183
958,2685,2.163736
959,2685,2.163736
960,2684,2.162930
961,2684,2.162930
962,2671,2.152454
963,2669,2.150842
964,2677,2.157289
965,2692,2.169377
966,2669,2.150842
967,2692,2.169377
968,2692,2.169377
969,2692,2.169377
970,2684,2.162930
971,2701,2.176630
972,2700,2.175824
973,2692,2.169377
974,2701,2.176630
975,2700,2.175824
976,2700,2.175824
977,2693,2.170183
978,2693,2.170183
979,2701,2.176630
980,2692,2.169377
981,2692,2.169377
982,2700,2.175824
983,2701,2.176630
984,2700,2.175824
985,2701,2.176630
986,2709,2.183077
987,2709,2.183077
988,2701,2.176630
989,2701,2.176630
990,2701,2.176630
991,2701,2.176630
992,2701,2.176630
993,2716,2.188718
994,2709,2.183077
995,2716,2.188718
996,2703,2.178242
997,2700,2.175824
998,2709,2.183077
999,2701,2.176630
1000,2701,2.176630
1001,2708,2.182271
1002,2700,2.175824
1003,2701,2.176630
1004,2700,2.175824
1005,2716,2.188718
1006,2709,2.183077
1007,2717,2.189524
1008,2716,2.188718
1009,2716,2.188718
1010,2717,2.189524
1011,2701,2.176630
1012,2724,2.195165
1013,2709,2.183077
1014,2716,2.188718
1015,2701,2.176630
1016,2701,2.176630
1017,2701,2.176630
1018,2700,2.175824
1019,2701,2.176630
1020,2700,2.175824
1021,2701,2.176630
1022,2701,2.176630
1023,2701,2.176630
1024,2701,2.176630
1025,2701,2.176630
1026,2709,2.183077
1027,2701,2.176630
1028,2709,2.183077
1029,2716,2.188718
1030,2709,2.183077
1031,2717,2.189524
1032,2709,2.183077
1033,2709,2.183077
1034,2701,2.176630
1035,2701,2.176630
1036,2703,2.178242
1037,2709,2.183077
1038,2701,2.176630
1039,2716,2.188718
1040,2717,2.189524
1041,2716,2.188718
1042,2716,2.188718
1043,2717,2.189524
1044,2716,2.188718
1045,2725,2.195971
1046,2717,2.189524
1047,2703,2.178242
1048,2717,2.189524
1049,2717,2.189524
1050,2701,2.176630
1051,2700,2.175824
1052,2701,2.176630
1053,2716,2.188718
1054,2700,2.175824
1055,2717,2.189524
1056,2716,2.188718
1057,2717,2.189524
1058,2724,2.195165
1059,2717,2.189524
1060,2732,2.201612
1061,2717,2.189524
1062,2732,2.201612
1063,2725,2.195971
1064,2733,2.202418
1065,2732,2.201612
1066,2724,2.195165
1067,2716,2.188718
1068,2701,2.176630
1069,2717,2.189524
1070,2724,2.195165
1071,2716,2.188718
1072,2701,2.176630
1073,2717,2.189524
1074,2716,2.188718
1075,2717,2.189524
1076,2717,2.189524
1077,2725,2.195971
1078,2716,2.188718
1079,2724,2.195165
1080,2716,2.188718
1081,2724,2.195165
1082,2733,2.202418
1083,2732,2.201612
1084,2732,2.201612
1085,2725,2.195971
1086,2724,2.195165
1087,2725,2.195971
1088,2725,2.195971
1089,2732,2.201612
1090,2732,2.201612
1091,2717,2.189524
1092,2732,2.201612
1093,2732,2.201612
1094,2733,2.202418
1095,2732,2.201612
1096,2732,2.201612
1097,2733,2.202418
1098,2725,2.195971
1099,2732,2.201612
1100,2733,2.202418
1101,2724,2.195165
1102,2733,2.202418
1103,2724,2.195165
1104,2724,2.195165
1105,2733,2.202418
1106,2732,2.201612
1107,2732,2.201612
1108,2741,2.208864
1109,2732,2.201612
1110,2748,2.214505
1111,2748,2.214505
1112,2733,2.202418
1113,2732,2.201612
1114,2748,2.214505
1115,2733,2.202418
1116,2732,2.201612
1117,2732,2.201612
1118,2733,2.202418
1119,2725,2.195971
1120,2733,2.202418
1121,2735,2.204029
1122,2732,2.201612
1123,2733,2.202418
1124,2741,2.208864
1125,2735,2.204029
1126,2733,2.202418
1127,2724,2.195165
1128,2733,2.202418
1129,2733,2.202418
1130,2735,2.204029
1131,2749,2.215311
1132,2748,2.214505
1133,2748,2.214505
1134,2735,2.204029
1135,2735,2.204029
1136,2733,2.202418
1137,2732,2.201612
1138,2748,2.214505
1139,2733,2.202418
1140,2732,2.201612
1141,2749,2.215311
1142,2749,2.215311
1143,2749,2.215311
1144,2735,2.204029
1145,2732,2.201612
1146,2748,2.214505
1147,2733,2.202418
1148,2741,2.208864
1149,2756,2.220952
1150,2756,2.220952
1151,2748,2.214505
1152,2749,2.215311
1153,2756,2.220952
1154,2733,2.202418
1155,2748,2.214505
1156,2748,2.214505
1157,2756,2.220952
1158,2756,2.220952
1159,2748,2.214505
1160,2748,2.214505
1161,2749,2.215311
1162,2749,2.215311
1163,2748,2.214505
1164,2733,2.202418
1165,2748,2.214505
1166,2749,2.215311
1167,2756,2.220952
1168,2757,2.221758
1169,2757,2.221758
1170,2749,2.215311
1171,2748,2.214505
1172,2749,2.215311
1173,2748,2.214505
1174,2741,2.208864
1175,2756,2.220952
1176,2749,2.215311
1177,2735,2.204029
1178,2748,2.214505
1179,2749,2.215311
1180,2741,2.208864
1181,2748,2.214505
1182,2735,2.204029
1183,2764,2.227399
1184,2748,2.214505
1185,2749,2.215311
1186,2748,2.214505
1187,2733,2.202418
1188,2748,2.214505
1189,2749,2.215311
1190,2756,2.220952
1191,2764,2.227399
1192,2756,2.220952
1193,2765,2.228205
1194,2749,2.215311
1195,2756,2.220952
1196,2764,2.227399
1197,2756,2.220952
1198,2748,2.214505
1199,2756,2.220952
1200,2765,2.228205
1201,2756,2.220952
1202,2757,2.221758
1203,2756,2.220952
1204,2756,2.220952
1205,2764,2.227399
1206,2764,2.227399
1207,2765,2.228205
1208,2749,2.215311
1209,2764,2.227399
1210,2764,2.227399
1211,2756,2.220952
1212,2764,2.227399
1213,2764,2.227399
1214,2764,2.227399
1215,2765,2.228205
1216,2764,2.227399
1217,2765,2.228205
1218,2764,2.227399
1219,2764,2.227399
1220,2765,2.228205
1221,2741,2.208864
1222,2756,2.220952
1223,2748,2.214505
1224,2756,2.220952
1225,2756,2.220952
1226,2764,2.227399
1227,2764,2.227399
1228,2780,2.240293
1229,2765,2.228205
1230,2765,2.228205
1231,2765,2.228205
1232,2765,2.228205
1233,2764,2.227399
1234,2757,2.221758
1235,2765,2.228205
1236,2765,2.228205
1237,2765,2.228205
1238,2764,2.227399
1239,2780,2.240293
1240,2780,2.240293
1241,2765,2.228205
1242,2764,2.227399
1243,2756,2.220952
1244,2757,2.221758
1245,2780,2.240293
1246,2765,2.228205
1247,2765,2.228205
1248,2780,2.240293
1249,2764,2.227399
1250,2764,2.227399
1251,2767,2.229817
1252,2765,2.228205
1253,2765,2.228205
1254,2765,2.228205
1255,2780,2.240293
1256,2765,2.228205
1257,2765,2.228205
1258,2757,2.221758
1259,2765,2.228205
1260,2764,2.227399
1261,2765,2.228205
1262,2773,2.234652
1263,2773,2.234652
1264,2765,2.228205
1265,2788,2.246740
1266,2780,2.240293
1267,2780,2.240293
1268,2780,2.240293
1269,2780,2.240293
1270,2767,2.229817
1271,2765,2.228205
1272,2780,2.240293
1273,2765,2.228205
1274,2765,2.228205
1275,2767,2.229817
1276,2765,2.228205
1277,2773,2.234652
1278,2789,2.247546
1279,2780,2.240293
1280,2765,2.228205
1281,2788,2.246740
1282,2789,2.247546
1283,2789,2.247546
1284,2788,2.246740
1285,2780,2.240293
1286,2788,2.246740
1287,2788,2.246740
1288,2773,2.234652
1289,2780,2.240293
1290,2780,2.240293
1291,2773,2.234652
1292,2789,2.247546
1293,2788,2.246740
1294,2781,2.241099
1295,2780,2.240293
1296,2780,2.240293
1297,2773,2.234652
1298,2789,2.247546
1299,2788,2.246740
1300,2780,2.240293
1301,2788,2.246740
1302,2781,2.241099
1303,2781,2.241099
1304,2780,2.240293
1305,2781,2.241099
1306,2781,2.241099
1307,2780,2.240293
1308,2788,2.246740
1309,2796,2.253187
1310,2773,2.234652
1311,2789,2.247546
1312,2796,2.253187
1313,2796,2.253187
1314,2797,2.253993
1315,2789,2.247546
1316,2796,2.253187
1317,2780,2.240293
1318,2796,2.253187
1319,2789,2.247546
1320,2781,2.241099
1321,2797,2.253993
1322,2797,2.253993
1323,2789,2.247546
1324,2797,2.253993
1325,2796,2.253187
1326,2796,2.253187
1327,2780,2.240293
1328,2780,2.240293
1329,2788,2.246740
1330,2796,2.253187
1331,2789,2.247546
1332,2788,2.246740
1333,2788,2.246740
1334,2788,2.246740
1335,2796,2.253187
1336,2780,2.240293
1337,2789,2.247546
1338,2797,2.253993
1339,2796,2.253187
1340,2789,2.247546
1341,2796,2.253187
1342,2788,2.246740
1343,2788,2.246740
1344,2797,2.253993
1345,2796,2.253187
1346,2796,2.253187
1347,2797,2.253993
1348,2796,2.253187
1349,2788,2.246740
1350,2796,2.253187
1351,2796,2.253187
1352,2797,2.253993
1353,2788,2.246740
1354,2796,2.253187
1355,2796,2.253187
1356,2797,2.253993
1357,2797,2.253993
1358,2788,2.246740
1359,2789,2.247546
1360,2788,2.246740
1361,2796,2.253187
1362,2781,2.241099
1363,2796,2.253187
1364,2797,2.253993
1365,2788,2.246740
1366,2797,2.253993
1367,2797,2.253993
1368,2797,2.253993
1369,2789,2.247546
1370,2796,2.253187
1371,2804,2.259634
1372,2797,2.253993
1373,2797,2.253993
1374,2805,2.260440
1375,2789,2.247546
1376,2805,2.260440
1377,2805,2.260440
1378,2797,2.253993
1379,2796,2.253187
1380,2812,2.266081
1381,2789,2.247546
1382,2797,2.253993
1383,2805,2.260440
1384,2796,2.253187
1385,2812,2.266081
1386,2812,2.266081
1387,2797,2.253993
1388,2799,2.255604
1389,2797,2.253993
1390,2805,2.260440
1391,2796,2.253187
1392,2797,2.253993
1393,2797,2.253993
1394,2797,2.253993
1395,2797,2.253993
1396,2797,2.253993
1397,2797,2.253993
1398,2796,2.253187
1399,2796,2.253187
1400,2812,2.266081
1401,2797,2.253993
1402,2813,2.266886
1403,2805,2.260440
1404,2812,2.266081
1405,2813,2.266886
1406,2797,2.253993
1407,2797,2.253993
1408,2805,2.260440
1409,2797,2.253993
1410,2813,2.266886
1411,2820,2.272527
1412,2797,2.253993
1413,2796,2.253187
1414,2812,2.266081
1415,2788,2.246740
1416,2812,2.266081
1417,2812,2.266081
1418,2812,2.266081
1419,2797,2.253993
1420,2813,2.266886
1421,2812,2.266081
1422,2797,2.253993
1423,2812,2.266081
1424,2820,2.272527
1425,2820,2.272527
1426,2813,2.266886
1427,2805,2.260440
1428,2820,2.272527
1429,2813,2.266886
1430,2813,2.266886
1431,2813,2.266886
1432,2813,2.266886
1433,2797,2.253993
1434,2812,2.266081
1435,2820,2.272527
1436,2821,2.273333
1437,2813,2.266886
1438,2820,2.272527
1439,2812,2.266081
1440,2805,2.260440
1441,2813,2.266886
1442,2820,2.272527
1443,2812,2.266081
1444,2821,2.273333
1445,2812,2.266081
1446,2820,2.272527
1447,2813,2.266886
1448,2813,2.266886
1449,2820,2.272527
1450,2829,2.279780
1451,2813,2.266886
1452,2797,2.253993
1453,2805,2.260440
1454,2820,2.272527
1455,2813,2.266886
1456,2813,2.266886
1457,2828,2.278974
1458,2820,2.272527
1459,2813,2.266886
1460,2797,2.253993
1461,2813,2.266886
1462,2805,2.260440
1463,2812,2.266081
1464,2812,2.266081
1465,2820,2.272527
1466,2812,2.266081
1467,2812,2.266081
1468,2805,2.260440
1469,2812,2.266081
1470,2797,2.253993
1471,2805,2.260440
1472,2813,2.266886
1473,2812,2.266081
1474,2805,2.260440
1475,2812,2.266081
1476,2813,2.266886
1477,2805,2.260440
1478,2812,2.266081
1479,2805,2.260440
1480,2812,2.266081
1481,2813,2.266886
1482,2812,2.266081
1483,2797,2.253993
1484,2812,2.266081
1485,2812,2.266081
1486,2797,2.253993
1487,2805,2.260440
1488,2812,2.266081
1489,2805,2.260440
1490,2799,2.255604
1491,2812,2.266081
1492,2797,2.253993
1493,2812,2.266081
1494,2820,2.272527
1495,2813,2.266886
1496,2812,2.266081
1497,2812,2.266081
1498,2805,2.260440
1499,2805,2.260440
1500,2828,2.278974
1501,2820,2.272527
1502,2812,2.266081
1503,2820,2.272527
1504,2813,2.266886
1505,2799,2.255604
1506,2805,2.260440
1507,2805,2.260440
1508,2796,2.253187
1509,2797,2.253993
1510,2813,2.266886
1511,2812,2.266081
1512,2821,2.273333
1513,2812,2.266081
1514,2796,2.253187
1515,2797,2.253993
1516,2805,2.260440
1517,2828,2.278974
1518,2813,2.266886
1519,2820,2.272527
1520,2813,2.266886
1521,2812,2.266081
1522,2813,2.266886
1523,2812,2.266081
1524,2797,2.253993
1525,2813,2.266886
1526,2797,2.253993
1527,2797,2.253993
1528,2797,2.253993
1529,2812,2.266081
1530,2805,2.260440
1531,2820,2.272527
1532,2820,2.272527
1533,2797,2.253993
1534,2813,2.266886
1535,2813,2.266886
1536,2789,2.247546
1537,2813,2.266886
1538,2812,2.266081
1539,2812,2.266081
1540,2820,2.272527
1541,2805,2.260440
1542,2812,2.266081
1543,2812,2.266081
1544,2813,2.266886
1545,2820,2.272527
1546,2812,2.266081
1547,2812,2.266081
1548,2812,2.266081
1549,2797,2.253993
1550,2820,2.272527
1551,2812,2.266081
1552,2812,2.266081
1553,2805,2.260440
1554,2820,2.272527
1555,2805,2.260440
1556,2813,2.266886
1557,2813,2.266886
1558,2813,2.266886
1559,2812,2.266081
1560,2797,2.253993
1561,2813,2.266886
1562,2813,2.266886
1563,2821,2.273333
1564,2805,2.260440
1565,2821,2.273333
1566,2820,2.272527
1567,2813,2.266886
1568,2820,2.272527
1569,2828,2.278974
1570,2813,2.266886
1571,2820,2.272527
1572,2821,2.273333
1573,2821,2.273333
1574,2821,2.273333
1575,2813,2.266886
1576,2821,2.273333
1577,2820,2.272527
1578,2821,2.273333
1579,2812,2.266081
1580,2812,2.266081
1581,2829,2.279780
1582,2797,2.253993
1583,2812,2.266081
1584,2805,2.260440
1585,2821,2.273333
1586,2805,2.260440
1587,2797,2.253993
1588,2797,2.253993
1589,2805,2.260440
1590,2812,2.266081
1591,2797,2.253993
1592,2805,2.260440
1593,2813,2.266886
1594,2812,2.266081
1595,2821,2.273333
1596,2799,2.255604
1597,2820,2.272527
1598,2820,2.272527
1599,2829,2.279780
1600,2821,2.273333
1601,2812,2.266081
1602,2820,2.272527
1603,2812,2.266081
1604,2821,2.273333
1605,2812,2.266081
1606,2820,2.272527
1607,2820,2.272527
1608,2828,2.278974
1609,2828,2.278974
1610,2821,2.273333
1611,2829,2.279780
1612,2828,2.278974
1613,2820,2.272527
1614,2829,2.279780
1615,2828,2.278974
1616,2828,2.278974
1617,2820,2.272527
1618,2813,2.266886
1619,2820,2.272527
1620,2813,2.266886
1621,2829,2.279780
1622,2821,2.273333
1623,2797,2.253993
1624,2812,2.266081
1625,2813,2.266886
1626,2820,2.272527
1627,2828,2.278974
1628,2820,2.272527
1629,2820,2.272527
1630,2812,2.266081
1631,2799,2.255604
1632,2820,2.272527
1633,2828,2.278974
1634,2828,2.278974
1635,2821,2.273333
1636,2828,2.278974
1637,2812,2.266081
1638,2813,2.266886
1639,2821,2.273333
1640,2820,2.272527
1641,2821,2.273333
1642,2821,2.273333
1643,2821,2.273333
1644,2820,2.272527
1645,2821,2.273333
1646,2821,2.273333
1647,2820,2.272527
1648,2805,2.260440
1649,2813,2.266886
1650,2820,2.272527
1651,2812,2.266081
1652,2828,2.278974
1653,2820,2.272527
1654,2821,2.273333
1655,2829,2.279780
1656,2821,2.273333
1657,2812,2.266081
1658,2820,2.272527
1659,2820,2.272527
1660,2812,2.266081
1661,2828,2.278974
1662,2828,2.278974
1663,2829,2.279780
1664,2829,2.279780
1665,2828,2.278974
1666,2828,2.278974
1667,2828,2.278974
1668,2829,2.279780
1669,2828,2.278974
1670,2820,2.272527
1671,2828,2.278974
1672,2828,2.278974
1673,2828,2.278974
1674,2829,2.279780
1675,2828,2.278974
1676,2821,2.273333
1677,2828,2.278974
1678,2821,2.273333
1679,2844,2.291868
1680,2828,2.278974
1681,2820,2.272527
1682,2821,2.273333
1683,2829,2.279780
1684,2821,2.273333
1685,2829,2.279780
1686,2831,2.281392
1687,2829,2.279780
1688,2821,2.273333
1689,2821,2.273333
1690,2844,2.291868
1691,2828,2.278974
1692,2828,2.278974
1693,2829,2.279780
1694,2844,2.291868
1695,2829,2.279780
1696,2829,2.279780
1697,2820,2.272527
1698,2829,2.279780
1699,2829,2.279780
1700,2821,2.273333
1701,2829,2.279780
1702,2829,2.279780
1703,2831,2.281392
1704,2828,2.278974
1705,2821,2.273333
1706,2829,2.279780
1707,2829,2.279780
1708,2828,2.278974
1709,2828,2.278974
1710,2820,2.272527
1711,2828,2.278974
1712,2829,2.279780
1713,2820,2.272527
1714,2828,2.278974
1715,2828,2.278974
1716,2828,2.278974
1717,2844,2.291868
1718,2821,2.273333
1719,2828,2.278974
1720,2829,2.279780
1721,2829,2.279780
1722,2828,2.278974
1723,2829,2.279780
1724,2829,2.279780
1725,2828,2.278974
1726,2829,2.279780
1727,2829,2.279780
1728,2829,2.279780
1729,2829,2.279780
1730,2828,2.278974
1731,2837,2.286227
1732,2829,2.279780
1733,2844,2.291868
1734,2828,2.278974
1735,2828,2.278974
1736,2837,2.286227
1737,2829,2.279780
1738,2829,2.279780
1739,2829,2.279780
1740,2829,2.279780
1741,2831,2.281392
1742,2828,2.278974
1743,2844,2.291868
1744,2828,2.278974
1745,2831,2.281392
1746,2837,2.286227
1747,2844,2.291868
1748,2829,2.279780
1749,2820,2.272527
1750,2820,2.272527
1751,2831,2.281392
1752,2821,2.273333
1753,2828,2.278974
1754,2844,2.291868
1755,2829,2.279780
1756,2828,2.278974
1757,2828,2.278974
1758,2837,2.286227
1759,2831,2.281392
1760,2844,2.291868
1761,2831,2.281392
1762,2829,2.279780
1763,2829,2.279780
1764,2828,2.278974
1765,2829,2.279780
1766,2844,2.291868
1767,2829,2.279780
1768,2829,2.279780
1769,2831,2.281392
1770,2829,2.279780
1771,2837,2.286227
1772,2829,2.279780
1773,2844,2.291868
1774,2845,2.292674
1775,2829,2.279780
1776,2829,2.279780
1777,2844,2.291868
1778,2829,2.279780
1779,2821,2.273333
1780,2829,2.279780
1781,2829,2.279780
1782,2821,2.273333
1783,2829,2.279780
1784,2852,2.298315
1785,2845,2.292674
1786,2820,2.272527
1787,2844,2.291868
1788,2844,2.291868
1789,2831,2.281392
1790,2829,2.279780
1791,2829,2.279780
1792,2829,2.279780
1793,2829,2.279780
1794,2829,2.279780
1795,2837,2.286227
1796,2828,2.278974
1797,2821,2.273333
1798,2831,2.281392
1799,2837,2.286227
1800,2829,2.279780
1801,2829,2.279780
1802,2829,2.279780
1803,2844,2.291868
1804,2837,2.286227
1805,2844,2.291868
1806,2844,2.291868
1807,2844,2.291868
1808,2828,2.278974
1809,2837,2.286227
1810,2821,2.273333
1811,2837,2.286227
1812,2821,2.273333
1813,2828,2.278974
1814,2829,2.279780
1815,2828,2.278974
1816,2828,2.278974
1817,2829,2.279780
1818,2831,2.281392
1819,2837,2.286227
1820,2844,2.291868
1821,2837,2.286227
1822,2829,2.279780
1823,2820,2.272527
1824,2829,2.279780
1825,2831,2.281392
1826,2829,2.279780
1827,2828,2.278974
1828,2844,2.291868
1829,2828,2.278974
1830,2829,2.279780
1831,2845,2.292674
1832,2828,2.278974
1833,2844,2.291868
1834,2844,2.291868
1835,2828,2.278974
1836,2829,2.279780
1837,2828,2.278974
1838,2828,2.278974
1839,2828,2.278974
1840,2821,2.273333
1841,2829,2.279780
1842,2828,2.278974
1843,2844,2.291868
1844,2831,2.281392
1845,2829,2.279780
1846,2829,2.279780
1847,2821,2.273333
1848,2812,2.266081
1849,2828,2.278974
1850,2828,2.278974
1851,2829,2.279780
1852,2828,2.278974
1853,2820,2.272527
1854,2828,2.278974
1855,2805,2.260440
1856,2828,2.278974
1857,2813,2.266886
1858,2828,2.278974
1859,2820,2.272527
1860,2820,2.272527
1861,2828,2.278974
1862,2829,2.279780
1863,2820,2.272527
1864,2829,2.279780
1865,2820,2.272527
1866,2820,2.272527
1867,2813,2.266886
1868,2821,2.273333
1869,2821,2.273333
1870,2828,2.278974
1871,2820,2.272527
1872,2821,2.273333
1873,2820,2.272527
1874,2820,2.272527
1875,2821,2.273333
1876,2821,2.273333
1877,2813,2.266886
1878,2837,2.286227
1879,2829,2.279780
1880,2828,2.278974
1881,2820,2.272527
1882,2820,2.272527
1883,2820,2.272527
1884,2812,2.266081
1885,2828,2.278974
1886,2813,2.266886
1887,2812,2.266081
1888,2813,2.266886
1889,2828,2.278974
1890,2820,2.272527
1891,2820,2.272527
1892,2821,2.273333
1893,2821,2.273333
1894,2820,2.272527
1895,2820,2.272527
1896,2820,2.272527
1897,2820,2.272527
1898,2812,2.266081
1899,2820,2.272527
1900,2812,2.266081
1901,2829,2.279780
1902,2821,2.273333
1903,2813,2.266886
1904,2829,2.279780
1905,2828,2.278974
1906,2821,2.273333
1907,2820,2.272527
1908,2821,2.273333
1909,2813,2.266886
1910,2812,2.266081
1911,2821,2.273333
1912,2812,2.266081
1913,2828,2.278974
1914,2820,2.272527
1915,2813,2.266886
1916,2820,2.272527
1917,2821,2.273333
1918,2813,2.266886
1919,2820,2.272527
1920,2820,2.272527
1921,2821,2.273333
1922,2812,2.266081
1923,2813,2.266886
1924,2821,2.273333
1925,2820,2.272527
1926,2813,2.266886
1927,2812,2.266081
1928,2820,2.272527
1929,2828,2.278974
1930,2813,2.266886
1931,2828,2.278974
1932,2820,2.272527
1933,2829,2.279780
1934,2820,2.272527
1935,2828,2.278974
1936,2821,2.273333
1937,2828,2.278974
1938,2828,2.278974
1939,2828,2.278974
1940,2829,2.279780
1941,2829,2.279780
1942,2821,2.273333
1943,2844,2.291868
1944,2828,2.278974
1945,2828,2.278974
1946,2829,2.279780
1947,2828,2.278974
1948,2829,2.279780
1949,2829,2.279780
1950,2821,2.273333
1951,2829,2.279780
1952,2829,2.279780
1953,2829,2.279780
1954,2829,2.279780
1955,2837,2.286227
1956,2829,2.279780
1957,2829,2.279780
1958,2829,2.279780
1959,2829,2.279780
1960,2837,2.286227
1961,2828,2.278974
1962,2828,2.278974
1963,2829,2.279780
1964,2829,2.279780
1965,2844,2.291868
1966,2831,2.281392
1967,2844,2.291868
1968,2844,2.291868
1969,2829,2.279780
1970,2844,2.291868
1971,2829,2.279780
1972,2829,2.279780
1973,2852,2.298315
1974,2828,2.278974
1975,2829,2.279780
1976,2829,2.279780
1977,2828,2.278974
1978,2829,2.279780
1979,2845,2.292674
1980,2845,2.292674
1981,2829,2.279780
1982,2844,2.291868
1983,2844,2.291868
1984,2844,2.291868
1985,2837,2.286227
1986,2829,2.279780
1987,2831,2.281392
1988,2845,2.292674
1989,2844,2.291868
1990,2852,2.298315
1991,2853,2.299121
1992,2852,2.298315
1993,2844,2.291868
1994,2844,2.291868
1995,2844,2.291868
1996,2829,2.279780
1997,2844,2.291868
1998,2852,2.298315
1999,2852,2.298315
2000,2845,2.292674
2001,2852,2.298315
2002,2844,2.291868
2003,2829,2.279780
2004,2845,2.292674
2005,2844,2.291868
2006,2844,2.291868
2007,2852,2.298315
2008,2853,2.299121
2009,2861,2.305568
2010,2844,2.291868
2011,2837,2.286227
2012,2845,2.292674
2013,2831,2.281392
2014,2844,2.291868
2015,2829,2.279780
2016,2852,2.298315
2017,2844,2.291868
2018,2852,2.298315
2019,2853,2.299121
2020,2845,2.292674
2021,2853,2.299121
2022,2837,2.286227
2023,2860,2.304762
2024,2860,2.304762
2025,2829,2.279780
2026,2852,2.298315
2027,2853,2.299121
2028,2852,2.298315
2029,2852,2.298315
2030,2845,2.292674
2031,2844,2.291868
2032,2860,2.304762
2033,2852,2.298315
2034,2845,2.292674
2035,2860,2.304762
2036,2853,2.299121
2037,2852,2.298315
2038,2845,2.292674
2039,2844,2.291868
2040,2845,2.292674
2041,2852,2.298315
2042,2844,2.291868
2043,2829,2.279780
2044,2844,2.291868
2045,2844,2.291868
2046,2831,2.281392
2047,2853,2.299121
2048,2844,2.291868
2049,2860,2.304762
2050,2845,2.292674
2051,2853,2.299121
2052,2852,2.298315
2053,2844,2.291868
2054,2852,2.298315
2055,2844,2.291868
2056,2852,2.298315
2057,2852,2.298315
2058,2844,2.291868
2059,2828,2.278974
2060,2844,2.291868
2061,2829,2.279780
2062,2829,2.279780
2063,2837,2.286227
2064,2829,2.279780
2065,2837,2.286227
2066,2831,2.281392
2067,2831,2.281392
2068,2844,2.291868
2069,2844,2.291868
2070,2829,2.279780
2071,2829,2.279780
2072,2829,2.279780
2073,2829,2.279780
2074,2829,2.279780
2075,2812,2.266081
2076,2829,2.279780
2077,2831,2.281392
2078,2820,2.272527
2079,2813,2.266886
2080,2812,2.266081
2081,2829,2.279780
2082,2828,2.278974
2083,2813,2.266886
2084,2813,2.266886
2085,2813,2.266886
2086,2821,2.273333
2087,2813,2.266886
2088,2813,2.266886
2089,2805,2.260440
2090,2813,2.266886
2091,2805,2.260440
2092,2805,2.260440
2093,2812,2.266081
2094,2797,2.253993
2095,2812,2.266081
2096,2796,2.253187
2097,2796,2.253187
2098,2796,2.253187
2099,2789,2.247546
2100,2781,2.241099
2101,2789,2.247546
2102,2789,2.247546
2103,2788,2.246740
2104,2788,2.246740
2105,2789,2.247546
2106,2773,2.234652
2107,2765,2.228205
2108,2780,2.240293
2109,2773,2.234652
2110,2765,2.228205
2111,2765,2.228205
2112,2764,2.227399
2113,2757,2.221758
2114,2765,2.228205
2115,2756,2.220952
2116,2756,2.220952
2117,2757,2.221758
2118,2735,2.204029
2119,2749,2.215311
2120,2741,2.208864
2121,2733,2.202418
2122,2733,2.202418
2123,2741,2.208864
2124,2725,2.195971
2125,2733,2.202418
2126,2724,2.195165
2127,2724,2.195165
2128,2725,2.195971
2129,2732,2.201612
2130,2717,2.189524
2131,2701,2.176630
2132,2709,2.183077
2133,2716,2.188718
2134,2709,2.183077
2135,2693,2.170183
2136,2700,2.175824
2137,2700,2.175824
2138,2700,2.175824
2139,2701,2.176630
2140,2677,2.157289
2141,2684,2.162930
2142,2684,2.162930
2143,2684,2.162930
2144,2669,2.150842
2145,2668,2.150037
2146,2668,2.150037
2147,2669,2.150842
2148,2668,2.150037
2149,2661,2.144396
2150,2660,2.143590
2151,2652,2.137143
2152,2660,2.143590
2153,2652,2.137143
2154,2652,2.137143
2155,2637,2.125055
2156,2645,2.131502
2157,2637,2.125055
2158,2645,2.131502
2159,2636,2.124249
2160,2629,2.118608
2161,2645,2.131502
2162,2637,2.125055
2163,2637,2.125055
2164,2629,2.118608
2165,2628,2.117802
2166,2629,2.118608
2167,2621,2.112161
2168,2636,2.124249
2169,2637,2.125055
2170,2636,2.124249
2171,2637,2.125055
2172,2652,2.137143
2173,2636,2.124249
2174,2637,2.125055
2175,2637,2.125055
2176,2637,2.125055
2177,2637,2.125055
2178,2637,2.125055
2179,2637,2.125055
2180,2652,2.137143
2181,2660,2.143590
2182,2660,2.143590
2183,2669,2.150842
2184,2660,2.143590
2185,2669,2.150842
2186,2669,2.150842
2187,2671,2.152454
2188,2669,2.150842
2189,2684,2.162930
2190,2677,2.157289
2191,2684,2.162930
2192,2692,2.169377
2193,2692,2.169377
2194,2693,2.170183
2195,2701,2.176630
2196,2700,2.175824
2197,2717,2.189524
2198,2716,2.188718
2199,2716,2.188718
2200,2732,2.201612
2201,2717,2.189524
2202,2732,2.201612
2203,2735,2.204029
2204,2748,2.214505
2205,2748,2.214505
2206,2748,2.214505
2207,2740,2.208059
2208,2757,2.221758
2209,2764,2.227399
2210,2765,2.228205
2211,2765,2.228205
2212,2767,2.229817
2213,2780,2.240293
2214,2781,2.241099
2215,2780,2.240293
2216,2780,2.240293
2217,2789,2.247546
2218,2780,2.240293
2219,2797,2.253993
2220,2796,2.253187
2221,2796,2.253187
2222,2797,2.253993
2223,2797,2.253993
2224,2812,2.266081
2225,2805,2.260440
2226,2812,2.266081
2227,2821,2.273333
2228,2812,2.266081
2229,2820,2.272527
2230,2829,2.279780
2231,2821,2.273333
2232,2829,2.279780
2233,2837,2.286227
2234,2820,2.272527
2235,2828,2.278974
2236,2831,2.281392
2237,2831,2.281392
2238,2844,2.291868
2239,2844,2.291868
2240,2845,2.292674
2241,2852,2.298315
2242,2852,2.298315
2243,2852,2.298315
2244,2861,2.305568
2245,2852,2.298315
2246,2860,2.304762
2247,2860,2.304762
2248,2861,2.305568
2249,2860,2.304762
2250,2861,2.305568
2251,2861,2.305568
2252,2861,2.305568
2253,2861,2.305568
2254,2861,2.305568
2255,2876,2.317656
2256,2861,2.305568
2257,2877,2.318462
2258,2869,2.312015
2259,2869,2.312015
2260,2861,2.305568
2261,2861,2.305568
2262,2877,2.318462
2263,2877,2.318462
2264,2885,2.324908
2265,2876,2.317656
2266,2892,2.330549
2267,2885,2.324908
2268,2892,2.330549
2269,2892,2.330549
2270,2893,2.331355
2271,2892,2.330549
2272,2892,2.330549
2273,2892,2.330549
2274,2885,2.324908
2275,2892,2.330549
2276,2893,2.331355
2277,2892,2.330549
2278,2893,2.331355
2279,2893,2.331355
2280,2892,2.330549
2281,2908,2.343443
2282,2893,2.331355
2283,2892,2.330549
2284,2893,2.331355
2285,2893,2.331355
2286,2893,2.331355
2287,2892,2.330549
2288,2893,2.331355
2289,2884,2.324103
2290,2893,2.331355
2291,2893,2.331355
2292,2893,2.331355
2293,2908,2.343443
2294,2909,2.344249
2295,2908,2.343443
2296,2908,2.343443
2297,2908,2.343443
2298,2916,2.349890
2299,2916,2.349890
2300,2908,2.343443
2301,2908,2.343443
2302,2916,2.349890
2303,2909,2.344249
2304,2908,2.343443
2305,2916,2.349890
2306,2909,2.344249
2307,2909,2.344249
2308,2909,2.344249
2309,2908,2.343443
2310,2916,2.349890
2311,2916,2.349890
2312,2916,2.349890
2313,2916,2.349890
2314,2901,2.337802
2315,2909,2.344249
2316,2924,2.356337
2317,2895,2.332967
2318,2909,2.344249
2319,2916,2.349890
2320,2908,2.343443
2321,2916,2.349890
2322,2917,2.350696
2323,2916,2.349890
2324,2908,2.343443
2325,2916,2.349890
2326,2925,2.357143
2327,2893,2.331355
2328,2916,2.349890
2329,2924,2.356337
2330,2916,2.349890
2331,2916,2.349890
2332,2916,2.349890
2333,2917,2.350696
2334,2924,2.356337
2335,2908,2.343443
2336,2916,2.349890
2337,2901,2.337802
2338,2916,2.349890
2339,2916,2.349890
2340,2895,2.332967
2341,2916,2.349890
2342,2933,2.363590
2343,2924,2.356337
2344,2924,2.356337
2345,2924,2.356337
2346,2917,2.350696
2347,2909,2.344249
2348,2917,2.350696
2349,2916,2.349890
2350,2916,2.349890
2351,2917,2.350696
2352,2916,2.349890
2353,2917,2.350696
2354,2916,2.349890
2355,2917,2.350696
2356,2916,2.349890
2357,2917,2.350696
2358,2908,2.343443
2359,2909,2.344249
2360,2917,2.350696
2361,2917,2.350696
2362,2924,2.356337
2363,2917,2.350696
2364,2901,2.337802
2365,2916,2.349890
2366,2909,2.344249
2367,2924,2.356337
2368,2895,2.332967
2369,2909,2.344249
2370,2917,2.350696
2371,2916,2.349890
2372,2917,2.350696
2373,2901,2.337802
2374,2916,2.349890
2375,2909,2.344249
2376,2917,2.350696
2377,2916,2.349890
2378,2909,2.344249
2379,2909,2.344249
2380,2916,2.349890
2381,2924,2.356337
2382,2917,2.350696
2383,2917,2.350696
2384,2916,2.349890
2385,2917,2.350696
2386,2924,2.356337
2387,2909,2.344249
2388,2908,2.343443
2389,2917,2.350696
2390,2917,2.350696
2391,2916,2.349890
2392,2916,2.349890
2393,2916,2.349890
2394,2917,2.350696
2395,2916,2.349890
2396,2925,2.357143
2397,2909,2.344249
2398,2908,2.343443
2399,2917,2.350696
2400,2916,2.349890
2401,2916,2.349890
2402,2901,2.337802
2403,2916,2.349890
2404,2909,2.344249
2405,2909,2.344249
2406,2916,2.349890
2407,2908,2.343443
2408,2925,2.357143
2409,2924,2.356337
2410,2908,2.343443
2411,2908,2.343443
2412,2924,2.356337
2413,2909,2.344249
2414,2924,2.356337
2415,2909,2.344249
2416,2916,2.349890
2417,2909,2.344249
2418,2895,2.332967
2419,2916,2.349890
2420,2916,2.349890
2421,2908,2.343443
2422,2917,2.350696
2423,2924,2.356337
2424,2916,2.349890
2425,2924,2.356337
2426,2909,2.344249
2427,2924,2.356337
2428,2924,2.356337
2429,2908,2.343443
2430,2924,2.356337
2431,2909,2.344249
2432,2916,2.349890
2433,2917,2.350696
2434,2909,2.344249
2435,2916,2.349890
2436,2916,2.349890
2437,2908,2.343443
2438,2909,2.344249
2439,2909,2.344249
2440,2917,2.350696
2441,2908,2.343443
2442,2916,2.349890
2443,2917,2.350696
2444,2916,2.349890
2445,2924,2.356337
2446,2924,2.356337
2447,2909,2.344249
2448,2917,2.350696
2449,2909,2.344249
2450,2909,2.344249
2451,2901,2.337802
2452,2909,2.344249
2453,2893,2.331355
2454,2916,2.349890
2455,2917,2.350696
2456,2909,2.344249
2457,2908,2.343443
2458,2924,2.356337
2459,2916,2.349890
2460,2924,2.356337
2461,2924,2.356337
2462,2924,2.356337
2463,2916,2.349890
2464,2924,2.356337
2465,2924,2.356337
2466,2916,2.349890
2467,2916,2.349890
2468,2924,2.356337
2469,2924,2.356337
2470,2924,2.356337
2471,2924,2.356337
2472,2909,2.344249
2473,2916,2.349890
2474,2893,2.331355
2475,2924,2.356337
2476,2917,2.350696
2477,2924,2.356337
2478,2917,2.350696
2479,2916,2.349890
2480,2940,2.369231
2481,2925,2.357143
2482,2909,2.344249
2483,2916,2.349890
2484,2924,2.356337
2485,2909,2.344249
2486,2908,2.343443
2487,2916,2.349890
2488,2909,2.344249
2489,2924,2.356337
2490,2909,2.344249
2491,2909,2.344249
2492,2924,2.356337
2493,2925,2.357143
2494,2916,2.349890
2495,2909,2.344249
2496,2925,2.357143
2497,2916,2.349890
2498,2916,2.349890
2499,2916,2.349890
2500,2925,2.357143
2501,2909,2.344249
2502,2917,2.350696
2503,2908,2.343443
2504,2916,2.349890
2505,2924,2.356337
2506,2916,2.349890
2507,2908,2.343443
2508,2925,2.357143
2509,2909,2.344249
2510,2909,2.344249
2511,2908,2.343443
2512,2916,2.349890
2513,2908,2.343443
2514,2909,2.344249
2515,2916,2.349890
2516,2917,2.350696
2517,2908,2.343443
2518,2916,2.349890
2519,2916,2.349890
2520,2917,2.350696
2521,2916,2.349890
2522,2917,2.350696
2523,2924,2.356337
2524,2924,2.356337
2525,2917,2.350696
2526,2916,2.349890
2527,2916,2.349890
2528,2908,2.343443
2529,2908,2.343443
2530,2908,2.343443
2531,2909,2.344249
2532,2916,2.349890
2533,2908,2.343443
2534,2901,2.337802
2535,2909,2.344249
2536,2908,2.343443
2537,2909,2.344249
2538,2908,2.343443
2539,2916,2.349890
2540,2908,2.343443
2541,2895,2.332967
2542,2909,2.344249
2543,2901,2.337802
2544,2924,2.356337
2545,2893,2.331355
2546,2917,2.350696
2547,2893,2.331355
2548,2908,2.343443
2549,2893,2.331355
2550,2901,2.337802
2551,2909,2.344249
2552,2909,2.344249
2553,2901,2.337802
2554,2908,2.343443
2555,2901,2.337802
2556,2908,2.343443
2557,2909,2.344249
2558,2893,2.331355
2559,2895,2.332967
2560,2895,2.332967
2561,2908,2.343443
2562,2901,2.337802
2563,2901,2.337802
2564,2916,2.349890
2565,2893,2.331355
2566,2893,2.331355
2567,2893,2.331355
2568,2908,2.343443
2569,2901,2.337802
2570,2909,2.344249
2571,2908,2.343443
2572,2901,2.337802
2573,2893,2.331355
2574,2908,2.343443
2575,2893,2.331355
2576,2908,2.343443
2577,2895,2.332967
2578,2893,2.331355
2579,2893,2.331355
2580,2892,2.330549
2581,2908,2.343443
2582,2916,2.349890
2583,2892,2.330549
2584,2908,2.343443
2585,2895,2.332967
2586,2893,2.331355
2587,2893,2.331355
2588,2893,2.331355
2589,2893,2.331355
2590,2893,2.331355
2591,2908,2.343443
2592,2893,2.331355
2593,2893,2.331355
2594,2892,2.330549
2595,2892,2.330549
2596,2893,2.331355
2597,2892,2.330549
2598,2908,2.343443
2599,2884,2.324103
2600,2892,2.330549
2601,2892,2.330549
2602,2895,2.332967
2603,2893,2.331355
2604,2892,2.330549
2605,2892,2.330549
2606,2893,2.331355
2607,2892,2.330549
2608,2885,2.324908
2609,2893,2.331355
2610,2885,2.324908
2611,2893,2.331355
2612,2877,2.318462
2613,2892,2.330549
2614,2876,2.317656
2615,2884,2.324103
2616,2893,2.331355
2617,2884,2.324103
2618,2877,2.318462
2619,2877,2.318462
2620,2877,2.318462
2621,2877,2.318462
2622,2892,2.330549
2623,2884,2.324103
2624,2877,2.318462
2625,2884,2.324103
2626,2877,2.318462
2627,2876,2.317656
2628,2877,2.318462
2629,2876,2.317656
2630,2884,2.324103
2631,2877,2.318462
2632,2884,2.324103
2633,2884,2.324103
2634,2877,2.318462
2635,2869,2.312015
2636,2876,2.317656
2637,2884,2.324103
2638,2869,2.312015
2639,2876,2.317656
2640,2861,2.305568
2641,2869,2.312015
2642,2876,2.317656
2643,2877,2.318462
2644,2877,2.318462
2645,2861,2.305568
2646,2869,2.312015
2647,2861,2.305568
2648,2877,2.318462
2649,2861,2.305568
2650,2853,2.299121
2651,2877,2.318462
2652,2877,2.318462
2653,2876,2.317656
2654,2861,2.305568
2655,2877,2.318462
2656,2877,2.318462
2657,2853,2.299121
2658,2853,2.299121
2659,2860,2.304762
2660,2853,2.299121
2661,2861,2.305568
2662,2861,2.305568
2663,2861,2.305568
2664,2852,2.298315
2665,2861,2.305568
2666,2861,2.305568
2667,2852,2.298315
2668,2852,2.298315
2669,2852,2.298315
2670,2845,2.292674
2671,2853,2.299121
2672,2860,2.304762
2673,2844,2.291868
2674,2852,2.298315
2675,2861,2.305568
2676,2853,2.299121
2677,2844,2.291868
2678,2852,2.298315
2679,2845,2.292674
2680,2852,2.298315
2681,2852,2.298315
2682,2845,2.292674
2683,2845,2.292674
2684,2829,2.279780
2685,2844,2.291868
2686,2837,2.286227
2687,2828,2.278974
2688,2837,2.286227
2689,2844,2.291868
2690,2844,2.291868
2691,2844,2.291868
2692,2829,2.279780
2693,2831,2.281392
2694,2821,2.273333
2695,2821,2.273333
2696,2828,2.278974
2697,2828,2.278974
2698,2821,2.273333
2699,2828,2.278974
2700,2829,2.279780
2701,2828,2.278974
2702,2813,2.266886
2703,2828,2.278974
2704,2828,2.278974
2705,2813,2.266886
2706,2820,2.272527
2707,2820,2.272527
2708,2828,2.278974
2709,2820,2.272527
2710,2820,2.272527
2711,2813,2.266886
2712,2812,2.266081
2713,2812,2.266081
2714,2797,2.253993
2715,2812,2.266081
2716,2812,2.266081
2717,2812,2.266081
2718,2812,2.266081
2719,2799,2.255604
2720,2797,2.253993
2721,2796,2.253187
2722,2796,2.253187
2723,2797,2.253993
2724,2812,2.266081
2725,2796,2.253187
2726,2796,2.253187
2727,2797,2.253993
2728,2796,2.253187
2729,2781,2.241099
2730,2797,2.253993
2731,2796,2.253187
2732,2796,2.253187
2733,2796,2.253187
2734,2796,2.253187
2735,2788,2.246740
2736,2788,2.246740
2737,2780,2.240293
2738,2773,2.234652
2739,2788,2.246740
2740,2781,2.241099
2741,2781,2.241099
2742,2765,2.228205
2743,2765,2.228205
2744,2773,2.234652
2745,2781,2.241099
2746,2765,2.228205
2747,2781,2.241099
2748,2781,2.241099
2749,2764,2.227399
2750,2765,2.228205
2751,2780,2.240293
2752,2765,2.228205
2753,2764,2.227399
2754,2756,2.220952
2755,2756,2.220952
2756,2756,2.220952
2757,2765,2.228205
2758,2764,2.227399
2759,2757,2.221758
2760,2749,2.215311
2761,2756,2.220952
2762,2757,2.221758
2763,2741,2.208864
2764,2756,2.220952
2765,2748,2.214505
2766,2748,2.214505
2767,2756,2.220952
2768,2741,2.208864
2769,2732,2.201612
2770,2733,2.202418
2771,2733,2.202418
2772,2735,2.204029
2773,2725,2.195971
2774,2733,2.202418
2775,2732,2.201612
2776,2725,2.195971
2777,2725,2.195971
2778,2748,2.214505
2779,2732,2.201612
2780,2725,2.195971
2781,2717,2.189524
2782,2717,2.189524
2783,2716,2.188718
2784,2724,2.195165
2785,2717,2.189524
2786,2717,2.189524
2787,2724,2.195165
2788,2717,2.189524
2789,2716,2.188718
2790,2716,2.188718
2791,2701,2.176630
2792,2709,2.183077
2793,2716,2.188718
2794,2717,2.189524
2795,2701,2.176630
2796,2693,2.170183
2797,2692,2.169377
2798,2692,2.169377
2799,2693,2.170183
2800,2685,2.163736
2801,2684,2.162930
2802,2684,2.162930
2803,2669,2.150842
2804,2669,2.150842
2805,2668,2.150037
2806,2669,2.150842
2807,2684,2.162930
2808,2684,2.162930
2809,2677,2.157289
2810,2685,2.163736
2811,2668,2.150037
2812,2669,2.150842
2813,2669,2.150842
2814,2660,2.143590
2815,2652,2.137143
2816,2660,2.143590
2817,2653,2.137949
2818,2653,2.137949
2819,2660,2.143590
2820,2668,2.150037
2821,2668,2.150037
2822,2652,2.137143
2823,2652,2.137143
2824,2653,2.137949
2825,2637,2.125055
2826,2637,2.125055
2827,2652,2.137143
2828,2637,2.125055
2829,2637,2.125055
2830,2628,2.117802
2831,2636,2.124249
2832,2636,2.124249
2833,2628,2.117802
2834,2628,2.117802
2835,2605,2.099267
2836,2620,2.111355
2837,2628,2.117802
2838,2613,2.105714
2839,2607,2.100879
2840,2604,2.098462
2841,2620,2.111355
2842,2604,2.098462
2843,2621,2.112161
2844,2613,2.105714
2845,2620,2.111355
2846,2604,2.098462
2847,2596,2.092015
2848,2597,2.092821
2849,2604,2.098462
2850,2597,2.092821
2851,2604,2.098462
2852,2596,2.092015
2853,2588,2.085568
2854,2573,2.073480
2855,2573,2.073480
2856,2588,2.085568
2857,2589,2.086374
2858,2604,2.098462
2859,2588,2.085568
2860,2572,2.072674
2861,2556,2.059780
2862,2557,2.060586
2863,2588,2.085568
2864,2573,2.073480
2865,2573,2.073480
2866,2557,2.060586
2867,2557,2.060586
2868,2556,2.059780
2869,2541,2.047692
2870,2556,2.059780
2871,2556,2.059780
2872,2557,2.060586
2873,2549,2.054139
2874,2556,2.059780
2875,2541,2.047692
2876,2557,2.060586
2877,2540,2.046886
2878,2541,2.047692
2879,2557,2.060586
2880,2564,2.066227
2881,2541,2.047692
2882,2556,2.059780
2883,2556,2.059780
2884,2541,2.047692
2885,2541,2.047692
2886,2540,2.046886
2887,2533,2.041245
2888,2524,2.033993
2889,2524,2.033993
2890,2532,2.040440
2891,2525,2.034799
2892,2524,2.033993
2893,2532,2.040440
2894,2532,2.040440
2895,2540,2.046886
2896,2517,2.028352
2897,2525,2.034799
2898,2533,2.041245
2899,2517,2.028352
2900,2501,2.015458
2901,2501,2.015458
2902,2509,2.021905
2903,2501,2.015458
2904,2509,2.021905
2905,2492,2.008205
2906,2501,2.015458
2907,2501,2.015458
2908,2508,2.021099
2909,2492,2.008205
2910,2500,2.014652
2911,2492,2.008205
2912,2479,1.997729
2913,2500,2.014652
2914,2492,2.008205
2915,2493,2.009011
2916,2493,2.009011
2917,2500,2.014652
2918,2477,1.996117
2919,2479,1.997729
2920,2500,2.014652
2921,2508,2.021099
2922,2485,2.002564
2923,2493,2.009011
2924,2476,1.995311
2925,2468,1.988864
2926,2469,1.989670
2927,2468,1.988864
2928,2485,2.002564
2929,2485,2.002564
2930,2485,2.002564
2931,2476,1.995311
2932,2468,1.988864
2933,2477,1.996117
2934,2469,1.989670
2935,2468,1.988864
2936,2469,1.989670
2937,2476,1.995311
2938,2477,1.996117
2939,2476,1.995311
2940,2476,1.995311
2941,2468,1.988864
2942,2468,1.988864
2943,2460,1.982418
2944,2460,1.982418
2945,2447,1.971941
2946,2445,1.970330
2947,2453,1.976777
2948,2460,1.982418
2949,2444,1.969524
2950,2468,1.988864
2951,2452,1.975971
2952,2445,1.970330
2953,2444,1.969524
2954,2468,1.988864
2955,2452,1.975971
2956,2444,1.969524
2957,2432,1.959853
2958,2437,1.963883
2959,2453,1.976777
2960,2453,1.976777
2961,2453,1.976777
2962,2460,1.982418
2963,2445,1.970330
2964,2444,1.969524
2965,2444,1.969524
2966,2436,1.963077
2967,2445,1.970330
2968,2436,1.963077
2969,2432,1.959853
2970,2428,1.956630
2971,2432,1.959853
2972,2444,1.969524
2973,2437,1.963883
2974,2444,1.969524
2975,2445,1.970330
2976,2444,1.969524
2977,2460,1.982418
2978,2445,1.970330
2979,2436,1.963077
2980,2415,1.946154
2981,2428,1.956630
2982,2436,1.963077
2983,2421,1.950989
2984,2415,1.946154
2985,2415,1.946154
2986,2413,1.944542
2987,2412,1.943736
2988,2421,1.950989
2989,2428,1.956630
2990,2412,1.943736
2991,2412,1.943736
2992,2413,1.944542
2993,2428,1.956630
2994,2428,1.956630
2995,2421,1.950989
2996,2413,1.944542
2997,2404,1.937289
2998,2404,1.937289
2999,2405,1.938095
3000,2396,1.930842
3001,2405,1.938095
3002,2413,1.944542
3003,2412,1.943736
3004,2404,1.937289
3005,2397,1.931648
3006,2404,1.937289
3007,2396,1.930842
3008,2404,1.937289
3009,2404,1.937289
3010,2396,1.930842
3011,2413,1.944542
3012,2412,1.943736
3013,2397,1.931648
3014,2383,1.920366
3015,2404,1.937289
3016,2412,1.943736
3017,2396,1.930842
3018,2404,1.937289
3019,2404,1.937289
3020,2404,1.937289
3021,2381,1.918755
3022,2365,1.905861
3023,2396,1.930842
3024,2396,1.930842
3025,2380,1.917949
3026,2396,1.930842
3027,2381,1.918755
3028,2396,1.930842
3029,2365,1.905861
3030,2404,1.937289
3031,2372,1.911502
3032,2380,1.917949
3033,2380,1.917949
3034,2383,1.920366
3035,2381,1.918755
3036,2365,1.905861
3037,2380,1.917949
3038,2372,1.911502
3039,2372,1.911502
3040,2365,1.905861
3041,2364,1.905055
3042,2364,1.905055
3043,2357,1.899414
3044,2365,1.905861
3045,2364,1.905055
3046,2364,1.905055
3047,2373,1.912308
3048,2365,1.905861
3049,2373,1.912308
3050,2381,1.918755
3051,2383,1.920366
3052,2373,1.912308
3053,2380,1.917949
3054,2364,1.905055
3055,2365,1.905861
3056,2364,1.905055
3057,2365,1.905861
3058,2351,1.894579
3059,2351,1.894579
3060,2349,1.892967
3061,2349,1.892967
3062,2356,1.898608
3063,2349,1.892967
3064,2348,1.892161
3065,2349,1.892967
3066,2348,1.892161
3067,2348,1.892161
3068,2340,1.885714
3069,2333,1.880073
3070,2340,1.885714
3071,2364,1.905055
3072,2365,1.905861
3073,2365,1.905861
3074,2372,1.911502
3075,2372,1.911502
3076,2396,1.930842
3077,2364,1.905055
3078,2364,1.905055
3079,2349,1.892967
3080,2348,1.892161
3081,2349,1.892967
3082,2349,1.892967
3083,2348,1.892161
3084,2340,1.885714
3085,2364,1.905055
3086,2372,1.911502
3087,2373,1.912308
3088,2381,1.918755
3089,2380,1.917949
3090,2380,1.917949
3091,2365,1.905861
3092,2372,1.911502
3093,2364,1.905055
3094,2349,1.892967
3095,2348,1.892161
3096,2340,1.885714
3097,2348,1.892161
3098,2333,1.880073
3099,2332,1.879267
3100,2340,1.885714
3101,2340,1.885714
3102,2332,1.879267
3103,2325,1.873626
3104,2317,1.867179
3105,2317,1.867179
3106,2325,1.873626
3107,2340,1.885714
3108,2325,1.873626
3109,2333,1.880073
3110,2332,1.879267
3111,2317,1.867179
3112,2340,1.885714
3113,2317,1.867179
3114,2325,1.873626
3115,2332,1.879267
3116,2332,1.879267
3117,2317,1.867179
3118,2317,1.867179
3119,2325,1.873626
3120,2316,1.866374
3121,2317,1.867179
3122,2332,1.879267
3123,2332,1.879267
3124,2325,1.873626
3125,2317,1.867179
3126,2319,1.868791
3127,2317,1.867179
3128,2319,1.868791
3129,2317,1.867179
3130,2316,1.866374
3131,2332,1.879267
3132,2317,1.867179
3133,2316,1.866374
3134,2319,1.868791
3135,2317,1.867179
3136,2341,1.886520
3137,2340,1.885714
3138,2332,1.879267
3139,2325,1.873626
3140,2332,1.879267
3141,2317,1.867179
3142,2316,1.866374
3143,2333,1.880073
3144,2303,1.855897
3145,2303,1.855897
3146,2316,1.866374
3147,2301,1.854286
3148,2316,1.866374
3149,2300,1.853480
3150,2293,1.847839
3151,2301,1.854286
3152,2293,1.847839
3153,2300,1.853480
3154,2316,1.866374
3155,2317,1.867179
3156,2301,1.854286
3157,2303,1.855897
3158,2300,1.853480
3159,2317,1.867179
3160,2301,1.854286
3161,2303,1.855897
3162,2316,1.866374
3163,2300,1.853480
3164,2301,1.854286
3165,2303,1.855897
3166,2284,1.840586
3167,2285,1.841392
3168,2285,1.841392
3169,2285,1.841392
3170,2300,1.853480
3171,2285,1.841392
3172,2285,1.841392
3173,2301,1.854286
3174,2300,1.853480
3175,2293,1.847839
3176,2300,1.853480
3177,2300,1.853480
3178,2300,1.853480
3179,2303,1.855897
3180,2285,1.841392
3181,2285,1.841392
3182,2285,1.841392
3183,2284,1.840586
3184,2285,1.841392
3185,2277,1.834945
3186,2300,1.853480
3187,2300,1.853480
3188,2300,1.853480
3189,2301,1.854286
3190,2287,1.843004
3191,2300,1.853480
3192,2300,1.853480
3193,2300,1.853480
3194,2285,1.841392
3195,2284,1.840586
3196,2285,1.841392
3197,2285,1.841392
3198,2293,1.847839
3199,2284,1.840586
3200,2285,1.841392
3201,2277,1.834945
3202,2284,1.840586
3203,2285,1.841392
3204,2285,1.841392
3205,2300,1.853480
3206,2284,1.840586
3207,2277,1.834945
3208,2276,1.834139
3209,2276,1.834139
3210,2285,1.841392
3211,2277,1.834945
3212,2276,1.834139
3213,2277,1.834945
3214,2284,1.840586
3215,2277,1.834945
3216,2292,1.847033
3217,2269,1.828498
3218,2284,1.840586
3219,2268,1.827692
3220,2277,1.834945
3221,2276,1.834139
3222,2287,1.843004
3223,2276,1.834139
3224,2276,1.834139
3225,2276,1.834139
3226,2276,1.834139
3227,2276,1.834139
3228,2269,1.828498
3229,2277,1.834945
3230,2268,1.827692
3231,2268,1.827692
3232,2276,1.834139
3233,2261,1.822051
3234,2269,1.828498
3235,2261,1.822051
3236,2276,1.834139
3237,2277,1.834945
3238,2277,1.834945
3239,2253,1.815604
3240,2268,1.827692
3241,2261,1.822051
3242,2276,1.834139
3243,2268,1.827692
3244,2276,1.834139
3245,2276,1.834139
3246,2269,1.828498
3247,2276,1.834139
3248,2269,1.828498
3249,2276,1.834139
3250,2253,1.815604
3251,2268,1.827692
3252,2277,1.834945
3253,2272,1.830916
3254,2253,1.815604
3255,2268,1.827692
3256,2261,1.822051
3257,2253,1.815604
3258,2268,1.827692
3259,2261,1.822051
3260,2269,1.828498
3261,2261,1.822051
3262,2253,1.815604
3263,2268,1.827692
3264,2253,1.815604
3265,2261,1.822051
3266,2276,1.834139
3267,2284,1.840586
3268,2268,1.827692
3269,2276,1.834139
3270,2268,1.827692
3271,2276,1.834139
3272,2261,1.822051
3273,2253,1.815604
3274,2268,1.827692
3275,2255,1.817216
3276,2268,1.827692
3277,2269,1.828498
3278,2269,1.828498
3279,2268,1.827692
3280,2252,1.814799
3281,2268,1.827692
3282,2261,1.822051
3283,2253,1.815604
3284,2252,1.814799
3285,2253,1.815604
3286,2261,1.822051
3287,2261,1.822051
3288,2268,1.827692
3289,2269,1.828498
3290,2261,1.822051
3291,2253,1.815604
3292,2255,1.817216
3293,2255,1.817216
3294,2255,1.817216
3295,2253,1.815604
3296,2245,1.809158
3297,2252,1.814799
3298,2253,1.815604
3299,2253,1.815604
3300,2252,1.814799
3301,2253,1.815604
3302,2253,1.815604
3303,2268,1.827692
3304,2252,1.814799
3305,2268,1.827692
3306,2255,1.817216
3307,2245,1.809158
3308,2253,1.815604
3309,2253,1.815604
3310,2261,1.822051
3311,2268,1.827692
3312,2268,1.827692
3313,2252,1.814799
3314,2268,1.827692
3315,2253,1.815604
3316,2252,1.814799
3317,2252,1.814799
3318,2252,1.814799
3319,2253,1.815604
3320,2253,1.815604
3321,2253,1.815604
3322,2245,1.809158
3323,2255,1.817216
3324,2253,1.815604
3325,2252,1.814799
3326,2253,1.815604
3327,2255,1.817216
3328,2269,1.828498
3329,2255,1.817216
3330,2253,1.815604
3331,2253,1.815604
3332,2244,1.808352
3333,2268,1.827692
3334,2260,1.821245
3335,2245,1.809158
3336,2268,1.827692
3337,2252,1.814799
3338,2252,1.814799
3339,2260,1.821245
3340,2253,1.815604
3341,2261,1.822051
3342,2255,1.817216
3343,2252,1.814799
3344,2255,1.817216
3345,2268,1.827692
3346,2245,1.809158
3347,2255,1.817216
3348,2252,1.814799
3349,2245,1.809158
3350,2253,1.815604
3351,2245,1.809158
3352,2253,1.815604
3353,2245,1.809158
3354,2253,1.815604
3355,2260,1.821245
3356,2245,1.809158
3357,2245,1.809158
3358,2245,1.809158
3359,2253,1.815604
3360,2252,1.814799
3361,2236,1.801905
3362,2252,1.814799
3363,2255,1.817216
3364,2253,1.815604
3365,2244,1.808352
3366,2255,1.817216
3367,2245,1.809158
3368,2245,1.809158
3369,2252,1.814799
3370,2245,1.809158
3371,2253,1.815604
3372,2244,1.808352
3373,2253,1.815604
3374,2237,1.802711
3375,2253,1.815604
3376,2237,1.802711
3377,2252,1.814799
3378,2253,1.815604
3379,2252,1.814799
3380,2236,1.801905
3381,2252,1.814799
3382,2253,1.815604
3383,2252,1.814799
3384,2237,1.802711
3385,2252,1.814799
3386,2245,1.809158
3387,2253,1.815604
3388,2244,1.808352
3389,2244,1.808352
3390,2245,1.809158
3391,2253,1.815604
3392,2244,1.808352
3393,2244,1.808352
3394,2244,1.808352
3395,2245,1.809158
3396,2253,1.815604
3397,2237,1.802711
3398,2244,1.808352
3399,2253,1.815604
3400,2236,1.801905
3401,2244,1.808352
3402,2237,1.802711
3403,2236,1.801905
3404,2253,1.815604
3405,2253,1.815604
3406,2245,1.809158
3407,2252,1.814799
3408,2244,1.808352
3409,2253,1.815604
3410,2252,1.814799
3411,2252,1.814799
3412,2252,1.814799
3413,2236,1.801905
3414,2245,1.809158
3415,2252,1.814799
3416,2244,1.808352
3417,2252,1.814799
3418,2236,1.801905
3419,2252,1.814799
3420,2253,1.815604
3421,2244,1.808352
3422,2237,1.802711
3423,2237,1.802711
3424,2237,1.802711
3425,2252,1.814799
3426,2245,1.809158
3427,2255,1.817216
3428,2252,1.814799
3429,2245,1.809158
3430,2252,1.814799
3431,2244,1.808352
3432,2252,1.814799
3433,2245,1.809158
3434,2255,1.817216
3435,2245,1.809158
3436,2255,1.817216
3437,2223,1.791429
3438,2252,1.814799
3439,2245,1.809158
3440,2245,1.809158
3441,2245,1.809158
3442,2252,1.814799
3443,2261,1.822051
3444,2255,1.817216
3445,2253,1.815604
3446,2244,1.808352
3447,2252,1.814799
3448,2252,1.814799
3449,2252,1.814799
3450,2252,1.814799
3451,2268,1.827692
3452,2261,1.822051
3453,2269,1.828498
3454,2253,1.815604
3455,2252,1.814799
3456,2253,1.815604
3457,2253,1.815604
3458,2244,1.808352
3459,2276,1.834139
3460,2260,1.821245
3461,2268,1.827692
3462,2255,1.817216
3463,2260,1.821245
3464,2277,1.834945
3465,2260,1.821245
3466,2245,1.809158
3467,2268,1.827692
3468,2261,1.822051
3469,2276,1.834139
3470,2276,1.834139
3471,2261,1.822051
3472,2252,1.814799
3473,2252,1.814799
3474,2276,1.834139
3475,2255,1.817216
3476,2268,1.827692
3477,2276,1.834139
3478,2268,1.827692
3479,2253,1.815604
3480,2268,1.827692
3481,2261,1.822051
3482,2260,1.821245
3483,2268,1.827692
3484,2276,1.834139
3485,2261,1.822051
3486,2261,1.822051
3487,2268,1.827692
3488,2268,1.827692
3489,2276,1.834139
3490,2268,1.827692
3491,2268,1.827692
3492,2277,1.834945
3493,2277,1.834945
3494,2268,1.827692
3495,2268,1.827692
3496,2276,1.834139
3497,2277,1.834945
3498,2284,1.840586
3499,2285,1.841392
3500,2284,1.840586
3501,2285,1.841392
3502,2285,1.841392
3503,2277,1.834945
3504,2276,1.834139
3505,2285,1.841392
3506,2277,1.834945
3507,2277,1.834945
3508,2285,1.841392
3509,2269,1.828498
3510,2276,1.834139
3511,2284,1.840586
3512,2276,1.834139
3513,2277,1.834945
3514,2284,1.840586
3515,2284,1.840586
3516,2293,1.847839
3517,2285,1.841392
3518,2277,1.834945
3519,2284,1.840586
3520,2285,1.841392
3521,2300,1.853480
3522,2285,1.841392
3523,2284,1.840586
3524,2285,1.841392
3525,2300,1.853480
3526,2285,1.841392
3527,2284,1.840586
3528,2300,1.853480
3529,2300,1.853480
3530,2284,1.840586
3531,2287,1.843004
3532,2284,1.840586
3533,2285,1.841392
3534,2300,1.853480
3535,2303,1.855897
3536,2300,1.853480
3537,2303,1.855897
3538,2316,1.866374
3539,2303,1.855897
3540,2301,1.854286
3541,2293,1.847839
3542,2301,1.854286
3543,2301,1.854286
3544,2300,1.853480
3545,2303,1.855897
3546,2303,1.855897
3547,2317,1.867179
3548,2301,1.854286
3549,2303,1.855897
3550,2317,1.867179
3551,2317,1.867179
3552,2317,1.867179
3553,2303,1.855897
3554,2325,1.873626
3555,2316,1.866374
3556,2319,1.868791
3557,2319,1.868791
3558,2317,1.867179
3559,2340,1.885714
3560,2325,1.873626
3561,2325,1.873626
3562,2333,1.880073
3563,2340,1.885714
3564,2333,1.880073
3565,2340,1.885714
3566,2348,1.892161
3567,2332,1.879267
3568,2332,1.879267
3569,2340,1.885714
3570,2349,1.892967
3571,2340,1.885714
3572,2340,1.885714
3573,2349,1.892967
3574,2349,1.892967
3575,2357,1.899414
3576,2351,1.894579
3577,2357,1.899414
3578,2349,1.892967
3579,2357,1.899414
3580,2349,1.892967
3581,2365,1.905861
3582,2365,1.905861
3583,2351,1.894579
3584,2364,1.905055
3585,2373,1.912308
3586,2364,1.905055
3587,2365,1.905861
3588,2373,1.912308
3589,2380,1.917949
3590,2383,1.920366
3591,2372,1.911502
3592,2381,1.918755
3593,2389,1.925201
3594,2396,1.930842
3595,2383,1.920366
3596,2381,1.918755
3597,2388,1.924396
3598,2396,1.930842
3599,2404,1.937289
3600,2381,1.918755
3601,2396,1.930842
3602,2412,1.943736
3603,2397,1.931648
3604,2404,1.937289
3605,2397,1.931648
3606,2396,1.930842
3607,2413,1.944542
3608,2428,1.956630
3609,2412,1.943736
3610,2412,1.943736
3611,2428,1.956630
3612,2428,1.956630
3613,2421,1.950989
3614,2436,1.963077
3615,2428,1.956630
3616,2436,1.963077
3617,2445,1.970330
3618,2436,1.963077
3619,2444,1.969524
3620,2445,1.970330
3621,2452,1.975971
3622,2444,1.969524
3623,2468,1.988864
3624,2461,1.983223
3625,2445,1.970330
3626,2460,1.982418
3627,2469,1.989670
3628,2476,1.995311
3629,2468,1.988864
3630,2479,1.997729
3631,2477,1.996117
3632,2477,1.996117
3633,2469,1.989670
3634,2477,1.996117
3635,2493,2.009011
3636,2485,2.002564
3637,2493,2.009011
3638,2492,2.008205
3639,2509,2.021905
3640,2508,2.021099
3641,2500,2.014652
3642,2508,2.021099
3643,2511,2.023516
3644,2508,2.021099
3645,2508,2.021099
3646,2508,2.021099
3647,2511,2.023516
