Pixel,ADC,VoltageV
1,3938,3.173480
2,3938,3.173480
3,3938,3.173480
4,3936,3.171868
5,3936,3.171868
6,3936,3.171868
7,3936,3.171868
8,3936,3.171868
9,3936,3.171868
10,3936,3.171868
11,3936,3.171868
12,3936,3.171868
13,3936,3.171868
14,3936,3.171868
15,3936,3.171868
16,3915,3.154945
17,3130,2.522344
18,2554,2.058168
19,2575,2.075092
20,2586,2.083956
21,2594,2.090403
22,2595,2.091209
23,2592,2.088791
24,2592,2.088791
25,2579,2.078315
26,2592,2.088791
27,2594,2.090403
28,2594,2.090403
29,2592,2.088791
30,2602,2.096850
31,2602,2.096850
32,2594,2.090403
33,2602,2.096850
34,2603,2.097656
35,2594,2.090403
36,2594,2.090403
37,2592,2.088791
38,2592,2.088791
39,2603,2.097656
40,2595,2.091209
41,2602,2.096850
42,2602,2.096850
43,2594,2.090403
44,2586,2.083956
45,2607,2.100879
46,2592,2.088791
47,2603,2.097656
48,2579,2.078315
49,2586,2.083956
50,2592,2.088791
51,2592,2.088791
52,2592,2.088791
53,2594,2.090403
54,2592,2.088791
55,2592,2.088791
56,2594,2.090403
57,2602,2.096850
58,2575,2.075092
59,2584,2.082344
60,2592,2.088791
61,2595,2.091209
62,2592,2.088791
63,2594,2.090403
64,2579,2.078315
65,2592,2.088791
66,2592,2.088791
67,2602,2.096850
68,2584,2.082344
69,2594,2.090403
70,2603,2.097656
71,2594,2.090403
72,2594,2.090403
73,2592,2.088791
74,2592,2.088791
75,2592,2.088791
76,2602,2.096850
77,2586,2.083956
78,2594,2.090403
79,2602,2.096850
80,2594,2.090403
81,2603,2.097656
82,2602,2.096850
83,2595,2.091209
84,2603,2.097656
85,2603,2.097656
86,2595,2.091209
87,2603,2.097656
88,2595,2.091209
89,2602,2.096850
90,2592,2.088791
91,2602,2.096850
92,2619,2.110549
93,2575,2.075092
94,2594,2.090403
95,2595,2.091209
96,2592,2.088791
97,2586,2.083956
98,2571,2.071868
99,2575,2.075092
100,2575,2.075092
101,2595,2.091209
102,2595,2.091209
103,2584,2.082344
104,2592,2.088791
105,2584,2.082344
106,2586,2.083956
107,2594,2.090403
108,2592,2.088791
109,2592,2.088791
110,2575,2.075092
111,2584,2.082344
112,2575,2.075092
113,2594,2.090403
114,2579,2.078315
115,2586,2.083956
116,2595,2.091209
117,2575,2.075092
118,2594,2.090403
119,2592,2.088791
120,2602,2.096850
121,2592,2.088791
122,2594,2.090403
123,2595,2.091209
124,2579,2.078315
125,2586,2.083956
126,2594,2.090403
127,2594,2.090403
128,2594,2.090403
129,2592,2.088791
130,2595,2.091209
131,2595,2.091209
132,2595,2.091209
133,2592,2.088791
134,2602,2.096850
135,2603,2.097656
136,2602,2.096850
137,2592,2.088791
138,2607,2.100879
139,2603,2.097656
140,2602,2.096850
141,2602,2.096850
142,2607,2.100879
143,2603,2.097656
144,2602,2.096850
145,2592,2.088791
146,2595,2.091209
147,2602,2.096850
148,2602,2.096850
149,2592,2.088791
150,2595,2.091209
151,2603,2.097656
152,2600,2.095238
153,2603,2.097656
154,2602,2.096850
155,2602,2.096850
156,2586,2.083956
157,2595,2.091209
158,2595,2.091209
159,2594,2.090403
160,2595,2.091209
161,2602,2.096850
162,2584,2.082344
163,2603,2.097656
164,2594,2.090403
165,2592,2.088791
166,2594,2.090403
167,2592,2.088791
168,2602,2.096850
169,2600,2.095238
170,2602,2.096850
171,2607,2.100879
172,2595,2.091209
173,2595,2.091209
174,2595,2.091209
175,2592,2.088791
176,2602,2.096850
177,2603,2.097656
178,2602,2.096850
179,2592,2.088791
180,2592,2.088791
181,2592,2.088791
182,2592,2.088791
183,2592,2.088791
184,2586,2.083956
185,2602,2.096850
186,2579,2.078315
187,2594,2.090403
188,2579,2.078315
189,2592,2.088791
190,2592,2.088791
191,2586,2.083956
192,2575,2.075092
193,2586,2.083956
194,2592,2.088791
195,2571,2.071868
196,2579,2.078315
197,2592,2.088791
198,2586,2.083956
199,2594,2.090403
200,2592,2.088791
201,2586,2.083956
202,2575,2.075092
203,2579,2.078315
204,2586,2.083956
205,2592,2.088791
206,2594,2.090403
207,2571,2.071868
208,2584,2.082344
209,2579,2.078315
210,2579,2.078315
211,2592,2.088791
212,2592,2.088791
213,2594,2.090403
214,2592,2.088791
215,2592,2.088791
216,2592,2.088791
217,2594,2.090403
218,2592,2.088791
219,2592,2.088791
220,2602,2.096850
221,2595,2.091209
222,2586,2.083956
223,2603,2.097656
224,2592,2.088791
225,2592,2.088791
226,2595,2.091209
227,2592,2.088791
228,2592,2.088791
229,2607,2.100879
230,2595,2.091209
231,2592,2.088791
232,2592,2.088791
233,2602,2.096850
234,2586,2.083956
235,2595,2.091209
236,2594,2.090403
237,2592,2.088791
238,2602,2.096850
239,2586,2.083956
240,2595,2.091209
241,2594,2.090403
242,2602,2.096850
243,2594,2.090403
244,2595,2.091209
245,2595,2.091209
246,2586,2.083956
247,2594,2.090403
248,2579,2.078315
249,2592,2.088791
250,2586,2.083956
251,2592,2.088791
252,2592,2.088791
253,2602,2.096850
254,2586,2.083956
255,2594,2.090403
256,2602,2.096850
257,2594,2.090403
258,2594,2.090403
259,2592,2.088791
260,2594,2.090403
261,2579,2.078315
262,2594,2.090403
263,2595,2.091209
264,2592,2.088791
265,2592,2.088791
266,2579,2.078315
267,2579,2.078315
268,2594,2.090403
269,2592,2.088791
270,2575,2.075092
271,2575,2.075092
272,2586,2.083956
273,2579,2.078315
274,2592,2.088791
275,2575,2.075092
276,2592,2.088791
277,2594,2.090403
278,2584,2.082344
279,2575,2.075092
280,2579,2.078315
281,2586,2.083956
282,2594,2.090403
283,2592,2.088791
284,2592,2.088791
285,2594,2.090403
286,2579,2.078315
287,2592,2.088791
288,2586,2.083956
289,2592,2.088791
290,2592,2.088791
291,2592,2.088791
292,2592,2.088791
293,2579,2.078315
294,2579,2.078315
295,2584,2.082344
296,2603,2.097656
297,2603,2.097656
298,2575,2.075092
299,2579,2.078315
300,2592,2.088791
301,2586,2.083956
302,2594,2.090403
303,2584,2.082344
304,2579,2.078315
305,2592,2.088791
306,2584,2.082344
307,2575,2.075092
308,2579,2.078315
309,2584,2.082344
310,2586,2.083956
311,2594,2.090403
312,2592,2.088791
313,2592,2.088791
314,2595,2.091209
315,2595,2.091209
316,2607,2.100879
317,2595,2.091209
318,2592,2.088791
319,2602,2.096850
320,2579,2.078315
321,2595,2.091209
322,2595,2.091209
323,2595,2.091209
324,2592,2.088791
325,2594,2.090403
326,2603,2.097656
327,2595,2.091209
328,2595,2.091209
329,2602,2.096850
330,2595,2.091209
331,2602,2.096850
332,2600,2.095238
333,2607,2.100879
334,2607,2.100879
335,2602,2.096850
336,2607,2.100879
337,2592,2.088791
338,2594,2.090403
339,2602,2.096850
340,2602,2.096850
341,2607,2.100879
342,2607,2.100879
343,2592,2.088791
344,2602,2.096850
345,2594,2.090403
346,2602,2.096850
347,2602,2.096850
348,2602,2.096850
349,2594,2.090403
350,2603,2.097656
351,2602,2.096850
352,2611,2.104103
353,2603,2.097656
354,2616,2.108132
355,2603,2.097656
356,2611,2.104103
357,2603,2.097656
358,2603,2.097656
359,2616,2.108132
360,2603,2.097656
361,2602,2.096850
362,2602,2.096850
363,2607,2.100879
364,2603,2.097656
365,2603,2.097656
366,2595,2.091209
367,2603,2.097656
368,2594,2.090403
369,2584,2.082344
370,2602,2.096850
371,2592,2.088791
372,2592,2.088791
373,2584,2.082344
374,2600,2.095238
375,2603,2.097656
376,2595,2.091209
377,2594,2.090403
378,2592,2.088791
379,2592,2.088791
380,2592,2.088791
381,2595,2.091209
382,2594,2.090403
383,2575,2.075092
384,2586,2.083956
385,2575,2.075092
386,2595,2.091209
387,2586,2.083956
388,2592,2.088791
389,2592,2.088791
390,2592,2.088791
391,2592,2.088791
392,2592,2.088791
393,2594,2.090403
394,2595,2.091209
395,2603,2.097656
396,2602,2.096850
397,2592,2.088791
398,2602,2.096850
399,2594,2.090403
400,2603,2.097656
401,2592,2.088791
402,2586,2.083956
403,2595,2.091209
404,2592,2.088791
405,2584,2.082344
406,2579,2.078315
407,2579,2.078315
408,2603,2.097656
409,2602,2.096850
410,2602,2.096850
411,2594,2.090403
412,2603,2.097656
413,2594,2.090403
414,2602,2.096850
415,2600,2.095238
416,2594,2.090403
417,2594,2.090403
418,2594,2.090403
419,2592,2.088791
420,2602,2.096850
421,2594,2.090403
422,2594,2.090403
423,2595,2.091209
424,2592,2.088791
425,2592,2.088791
426,2586,2.083956
427,2586,2.083956
428,2595,2.091209
429,2594,2.090403
430,2600,2.095238
431,2575,2.075092
432,2592,2.088791
433,2586,2.083956
434,2595,2.091209
435,2592,2.088791
436,2594,2.090403
437,2586,2.083956
438,2592,2.088791
439,2579,2.078315
440,2592,2.088791
441,2592,2.088791
442,2594,2.090403
443,2592,2.088791
444,2595,2.091209
445,2575,2.075092
446,2592,2.088791
447,2594,2.090403
448,2592,2.088791
449,2586,2.083956
450,2595,2.091209
451,2595,2.091209
452,2592,2.088791
453,2594,2.090403
454,2602,2.096850
455,2594,2.090403
456,2594,2.090403
457,2579,2.078315
458,2594,2.090403
459,2595,2.091209
460,2586,2.083956
461,2575,2.075092
462,2594,2.090403
463,2595,2.091209
464,2602,2.096850
465,2602,2.096850
466,2575,2.075092
467,2603,2.097656
468,2594,2.090403
469,2595,2.091209
470,2594,2.090403
471,2607,2.100879
472,2602,2.096850
473,2611,2.104103
474,2618,2.109744
475,2626,2.116190
476,2626,2.116190
477,2624,2.114579
478,2618,2.109744
479,2619,2.110549
480,2618,2.109744
481,2603,2.097656
482,2595,2.091209
483,2603,2.097656
484,2600,2.095238
485,2602,2.096850
486,2592,2.088791
487,2595,2.091209
488,2595,2.091209
489,2595,2.091209
490,2592,2.088791
491,2594,2.090403
492,2600,2.095238
493,2595,2.091209
494,2594,2.090403
495,2602,2.096850
496,2602,2.096850
497,2603,2.097656
498,2607,2.100879
499,2602,2.096850
500,2616,2.108132
501,2618,2.109744
502,2616,2.108132
503,2611,2.104103
504,2611,2.104103
505,2619,2.110549
506,2616,2.108132
507,2595,2.091209
508,2594,2.090403
509,2602,2.096850
510,2594,2.090403
511,2602,2.096850
512,2592,2.088791
513,2594,2.090403
514,2602,2.096850
515,2592,2.088791
516,2592,2.088791
517,2594,2.090403
518,2603,2.097656
519,2594,2.090403
520,2602,2.096850
521,2603,2.097656
522,2611,2.104103
523,2602,2.096850
524,2607,2.100879
525,2619,2.110549
526,2600,2.095238
527,2619,2.110549
528,2618,2.109744
529,2618,2.109744
530,2602,2.096850
531,2600,2.095238
532,2618,2.109744
533,2618,2.109744
534,2626,2.116190
535,2618,2.109744
536,2618,2.109744
537,2618,2.109744
538,2626,2.116190
539,2626,2.116190
540,2603,2.097656
541,2618,2.109744
542,2618,2.109744
543,2595,2.091209
544,2603,2.097656
545,2603,2.097656
546,2607,2.100879
547,2607,2.100879
548,2602,2.096850
549,2603,2.097656
550,2603,2.097656
551,2618,2.109744
552,2607,2.100879
553,2602,2.096850
554,2611,2.104103
555,2603,2.097656
556,2607,2.100879
557,2594,2.090403
558,2603,2.097656
559,2618,2.109744
560,2618,2.109744
561,2607,2.100879
562,2619,2.110549
563,2603,2.097656
564,2618,2.109744
565,2611,2.104103
566,2592,2.088791
567,2611,2.104103
568,2607,2.100879
569,2603,2.097656
570,2607,2.100879
571,2611,2.104103
572,2607,2.100879
573,2619,2.110549
574,2607,2.100879
575,2619,2.110549
576,2618,2.109744
577,2603,2.097656
578,2595,2.091209
579,2607,2.100879
580,2602,2.096850
581,2611,2.104103
582,2607,2.100879
583,2603,2.097656
584,2607,2.100879
585,2594,2.090403
586,2602,2.096850
587,2611,2.104103
588,2595,2.091209
589,2595,2.091209
590,2595,2.091209
591,2602,2.096850
592,2607,2.100879
593,2602,2.096850
594,2600,2.095238
595,2594,2.090403
596,2600,2.095238
597,2594,2.090403
598,2603,2.097656
599,2602,2.096850
600,2607,2.100879
601,2611,2.104103
602,2619,2.110549
603,2603,2.097656
604,2602,2.096850
605,2607,2.100879
606,2619,2.110549
607,2611,2.104103
608,2618,2.109744
609,2607,2.100879
610,2602,2.096850
611,2611,2.104103
612,2602,2.096850
613,2603,2.097656
614,2618,2.109744
615,2607,2.100879
616,2603,2.097656
617,2602,2.096850
618,2619,2.110549
619,2607,2.100879
620,2607,2.100879
621,2611,2.104103
622,2603,2.097656
623,2603,2.097656
624,2611,2.104103
625,2618,2.109744
626,2619,2.110549
627,2607,2.100879
628,2607,2.100879
629,2602,2.096850
630,2626,2.116190
631,2627,2.116996
632,2603,2.097656
633,2600,2.095238
634,2618,2.109744
635,2619,2.110549
636,2626,2.116190
637,2619,2.110549
638,2611,2.104103
639,2626,2.116190
640,2632,2.121026
641,2627,2.116996
642,2626,2.116190
643,2619,2.110549
644,2616,2.108132
645,2627,2.116996
646,2619,2.110549
647,2618,2.109744
648,2611,2.104103
649,2603,2.097656
650,2611,2.104103
651,2611,2.104103
652,2594,2.090403
653,2619,2.110549
654,2611,2.104103
655,2603,2.097656
656,2626,2.116190
657,2618,2.109744
658,2618,2.109744
659,2611,2.104103
660,2619,2.110549
661,2626,2.116190
662,2626,2.116190
663,2627,2.116996
664,2627,2.116996
665,2618,2.109744
666,2607,2.100879
667,2619,2.110549
668,2618,2.109744
669,2603,2.097656
670,2619,2.110549
671,2634,2.122637
672,2619,2.110549
673,2626,2.116190
674,2607,2.100879
675,2616,2.108132
676,2619,2.110549
677,2618,2.109744
678,2626,2.116190
679,2626,2.116190
680,2618,2.109744
681,2618,2.109744
682,2618,2.109744
683,2619,2.110549
684,2618,2.109744
685,2634,2.122637
686,2619,2.110549
687,2619,2.110549
688,2618,2.109744
689,2619,2.110549
690,2618,2.109744
691,2618,2.109744
692,2634,2.122637
693,2602,2.096850
694,2626,2.116190
695,2619,2.110549
696,2607,2.100879
697,2626,2.116190
698,2634,2.122637
699,2618,2.109744
700,2619,2.110549
701,2639,2.126667
702,2632,2.121026
703,2619,2.110549
704,2627,2.116996
705,2635,2.123443
706,2635,2.123443
707,2627,2.116996
708,2626,2.116190
709,2650,2.135531
710,2635,2.123443
711,2639,2.126667
712,2650,2.135531
713,2658,2.141978
714,2643,2.129890
715,2634,2.122637
716,2634,2.122637
717,2627,2.116996
718,2627,2.116996
719,2635,2.123443
720,2626,2.116190
721,2627,2.116996
722,2635,2.123443
723,2635,2.123443
724,2634,2.122637
725,2635,2.123443
726,2634,2.122637
727,2656,2.140366
728,2635,2.123443
729,2639,2.126667
730,2639,2.126667
731,2643,2.129890
732,2635,2.123443
733,2656,2.140366
734,2635,2.123443
735,2635,2.123443
736,2635,2.123443
737,2639,2.126667
738,2650,2.135531
739,2634,2.122637
740,2634,2.122637
741,2626,2.116190
742,2627,2.116996
743,2632,2.121026
744,2618,2.109744
745,2626,2.116190
746,2619,2.110549
747,2627,2.116996
748,2632,2.121026
749,2639,2.126667
750,2626,2.116190
751,2626,2.116190
752,2635,2.123443
753,2643,2.129890
754,2643,2.129890
755,2635,2.123443
756,2627,2.116996
757,2635,2.123443
758,2634,2.122637
759,2639,2.126667
760,2643,2.129890
761,2635,2.123443
762,2643,2.129890
763,2635,2.123443
764,2639,2.126667
765,2635,2.123443
766,2643,2.129890
767,2639,2.126667
768,2635,2.123443
769,2626,2.116190
770,2639,2.126667
771,2635,2.123443
772,2634,2.122637
773,2639,2.126667
774,2656,2.140366
775,2639,2.126667
776,2634,2.122637
777,2635,2.123443
778,2635,2.123443
779,2639,2.126667
780,2648,2.133919
781,2639,2.126667
782,2634,2.122637
783,2639,2.126667
784,2639,2.126667
785,2639,2.126667
786,2639,2.126667
787,2656,2.140366
788,2658,2.141978
789,2639,2.126667
790,2656,2.140366
791,2650,2.135531
792,2650,2.135531
793,2656,2.140366
794,2656,2.140366
795,2658,2.141978
796,2656,2.140366
797,2639,2.126667
798,2658,2.141978
799,2658,2.141978
800,2656,2.140366
801,2656,2.140366
802,2656,2.140366
803,2656,2.140366
804,2659,2.142784
805,2656,2.140366
806,2656,2.140366
807,2656,2.140366
808,2643,2.129890
809,2648,2.133919
810,2643,2.129890
811,2656,2.140366
812,2634,2.122637
813,2659,2.142784
814,2658,2.141978
815,2658,2.141978
816,2656,2.140366
817,2658,2.141978
818,2656,2.140366
819,2656,2.140366
820,2639,2.126667
821,2635,2.123443
822,2639,2.126667
823,2656,2.140366
824,2666,2.148425
825,2682,2.161319
826,2659,2.142784
827,2671,2.152454
828,2666,2.148425
829,2666,2.148425
830,2656,2.140366
831,2659,2.142784
832,2682,2.161319
833,2667,2.149231
834,2667,2.149231
835,2667,2.149231
836,2682,2.161319
837,2666,2.148425
838,2675,2.155678
839,2671,2.152454
840,2666,2.148425
841,2683,2.162125
842,2675,2.155678
843,2671,2.152454
844,2682,2.161319
845,2680,2.159707
846,2683,2.162125
847,2687,2.165348
848,2671,2.152454
849,2683,2.162125
850,2683,2.162125
851,2680,2.159707
852,2682,2.161319
853,2687,2.165348
854,2675,2.155678
855,2671,2.152454
856,2682,2.161319
857,2667,2.149231
858,2667,2.149231
859,2675,2.155678
860,2682,2.161319
861,2682,2.161319
862,2659,2.142784
863,2666,2.148425
864,2683,2.162125
865,2682,2.161319
866,2683,2.162125
867,2671,2.152454
868,2675,2.155678
869,2667,2.149231
870,2658,2.141978
871,2656,2.140366
872,2666,2.148425
873,2659,2.142784
874,2667,2.149231
875,2666,2.148425
876,2667,2.149231
877,2658,2.141978
878,2664,2.146813
879,2671,2.152454
880,2658,2.141978
881,2659,2.142784
882,2666,2.148425
883,2658,2.141978
884,2664,2.146813
885,2658,2.141978
886,2671,2.152454
887,2680,2.159707
888,2671,2.152454
889,2671,2.152454
890,2666,2.148425
891,2675,2.155678
892,2683,2.162125
893,2675,2.155678
894,2659,2.142784
895,2667,2.149231
896,2671,2.152454
897,2675,2.155678
898,2682,2.161319
899,2683,2.162125
900,2683,2.162125
901,2683,2.162125
902,2667,2.149231
903,2667,2.149231
904,2683,2.162125
905,2683,2.162125
906,2675,2.155678
907,2687,2.165348
908,2671,2.152454
909,2683,2.162125
910,2683,2.162125
911,2683,2.162125
912,2687,2.165348
913,2671,2.152454
914,2680,2.159707
915,2667,2.149231
916,2671,2.152454
917,2682,2.161319
918,2683,2.162125
919,2687,2.165348
920,2666,2.148425
921,2687,2.165348
922,2687,2.165348
923,2680,2.159707
924,2687,2.165348
925,2687,2.165348
926,2687,2.165348
927,2667,2.149231
928,2667,2.149231
929,2666,2.148425
930,2659,2.142784
931,2675,2.155678
932,2683,2.162125
933,2683,2.162125
934,2682,2.161319
935,2683,2.162125
936,2671,2.152454
937,2698,2.174212
938,2675,2.155678
939,2683,2.162125
940,2671,2.152454
941,2680,2.159707
942,2687,2.165348
943,2667,2.149231
944,2671,2.152454
945,2687,2.165348
946,2671,2.152454
947,2691,2.168571
948,2698,2.174212
949,2687,2.165348
950,2712,2.185495
951,2698,2.174212
952,2687,2.165348
953,2691,2.168571
954,2682,2.161319
955,2687,2.165348
956,2699,2.175018
957,2687,2.165348
958,2696,2.172601
959,2667,2.149231
960,2696,2.172601
961,2687,2.165348
962,2682,2.161319
963,2683,2.162125
964,2687,2.165348
965,2699,2.175018
966,2687,2.165348
967,2687,2.165348
968,2703,2.178242
969,2687,2.165348
970,2703,2.178242
971,2687,2.165348
972,2698,2.174212
973,2699,2.175018
974,2687,2.165348
975,2699,2.175018
976,2707,2.181465
977,2698,2.174212
978,2683,2.162125
979,2699,2.175018
980,2699,2.175018
981,2687,2.165348
982,2687,2.165348
983,2698,2.174212
984,2698,2.174212
985,2699,2.175018
986,2703,2.178242
987,2703,2.178242
988,2712,2.185495
989,2707,2.181465
990,2714,2.187106
991,2698,2.174212
992,2720,2.191941
993,2698,2.174212
994,2696,2.172601
995,2723,2.194359
996,2703,2.178242
997,2707,2.181465
998,2722,2.193553
999,2714,2.187106
1000,2699,2.175018
1001,2707,2.181465
1002,2707,2.181465
1003,2722,2.193553
1004,2722,2.193553
1005,2714,2.187106
1006,2720,2.191941
1007,2699,2.175018
1008,2720,2.191941
1009,2722,2.193553
1010,2723,2.194359
1011,2699,2.175018
1012,2707,2.181465
1013,2720,2.191941
1014,2699,2.175018
1015,2707,2.181465
1016,2720,2.191941
1017,2699,2.175018
1018,2699,2.175018
1019,2707,2.181465
1020,2699,2.175018
1021,2703,2.178242
1022,2714,2.187106
1023,2698,2.174212
1024,2699,2.175018
1025,2703,2.178242
1026,2703,2.178242
1027,2703,2.178242
1028,2720,2.191941
1029,2720,2.191941
1030,2720,2.191941
1031,2699,2.175018
1032,2712,2.185495
1033,2712,2.185495
1034,2703,2.178242
1035,2699,2.175018
1036,2699,2.175018
1037,2699,2.175018
1038,2720,2.191941
1039,2722,2.193553
1040,2720,2.191941
1041,2720,2.191941
1042,2723,2.194359
1043,2720,2.191941
1044,2720,2.191941
1045,2722,2.193553
1046,2722,2.193553
1047,2722,2.193553
1048,2714,2.187106
1049,2714,2.187106
1050,2720,2.191941
1051,2720,2.191941
1052,2720,2.191941
1053,2703,2.178242
1054,2720,2.191941
1055,2720,2.191941
1056,2720,2.191941
1057,2714,2.187106
1058,2728,2.198388
1059,2730,2.200000
1060,2720,2.191941
1061,2720,2.191941
1062,2722,2.193553
1063,2722,2.193553
1064,2722,2.193553
1065,2723,2.194359
1066,2722,2.193553
1067,2722,2.193553
1068,2720,2.191941
1069,2712,2.185495
1070,2720,2.191941
1071,2723,2.194359
1072,2720,2.191941
1073,2712,2.185495
1074,2720,2.191941
1075,2723,2.194359
1076,2731,2.200806
1077,2722,2.193553
1078,2720,2.191941
1079,2720,2.191941
1080,2722,2.193553
1081,2723,2.194359
1082,2730,2.200000
1083,2723,2.194359
1084,2722,2.193553
1085,2746,2.212894
1086,2720,2.191941
1087,2728,2.198388
1088,2730,2.200000
1089,2723,2.194359
1090,2723,2.194359
1091,2730,2.200000
1092,2731,2.200806
1093,2731,2.200806
1094,2722,2.193553
1095,2731,2.200806
1096,2722,2.193553
1097,2739,2.207253
1098,2720,2.191941
1099,2731,2.200806
1100,2730,2.200000
1101,2730,2.200000
1102,2731,2.200806
1103,2730,2.200000
1104,2731,2.200806
1105,2730,2.200000
1106,2730,2.200000
1107,2731,2.200806
1108,2735,2.204029
1109,2735,2.204029
1110,2735,2.204029
1111,2735,2.204029
1112,2730,2.200000
1113,2746,2.212894
1114,2731,2.200806
1115,2762,2.225788
1116,2731,2.200806
1117,2731,2.200806
1118,2730,2.200000
1119,2728,2.198388
1120,2747,2.213700
1121,2735,2.204029
1122,2731,2.200806
1123,2735,2.204029
1124,2731,2.200806
1125,2746,2.212894
1126,2739,2.207253
1127,2730,2.200000
1128,2731,2.200806
1129,2722,2.193553
1130,2739,2.207253
1131,2731,2.200806
1132,2746,2.212894
1133,2746,2.212894
1134,2731,2.200806
1135,2752,2.217729
1136,2735,2.204029
1137,2739,2.207253
1138,2747,2.213700
1139,2739,2.207253
1140,2731,2.200806
1141,2752,2.217729
1142,2735,2.204029
1143,2754,2.219341
1144,2747,2.213700
1145,2746,2.212894
1146,2746,2.212894
1147,2754,2.219341
1148,2746,2.212894
1149,2762,2.225788
1150,2747,2.213700
1151,2762,2.225788
1152,2755,2.220147
1153,2754,2.219341
1154,2735,2.204029
1155,2752,2.217729
1156,2755,2.220147
1157,2754,2.219341
1158,2744,2.211282
1159,2735,2.204029
1160,2747,2.213700
1161,2746,2.212894
1162,2747,2.213700
1163,2746,2.212894
1164,2746,2.212894
1165,2755,2.220147
1166,2755,2.220147
1167,2739,2.207253
1168,2754,2.219341
1169,2747,2.213700
1170,2739,2.207253
1171,2746,2.212894
1172,2754,2.219341
1173,2754,2.219341
1174,2747,2.213700
1175,2755,2.220147
1176,2755,2.220147
1177,2739,2.207253
1178,2752,2.217729
1179,2747,2.213700
1180,2735,2.204029
1181,2746,2.212894
1182,2754,2.219341
1183,2754,2.219341
1184,2754,2.219341
1185,2754,2.219341
1186,2755,2.220147
1187,2754,2.219341
1188,2762,2.225788
1189,2763,2.226593
1190,2762,2.225788
1191,2754,2.219341
1192,2762,2.225788
1193,2763,2.226593
1194,2763,2.226593
1195,2762,2.225788
1196,2760,2.224176
1197,2754,2.219341
1198,2754,2.219341
1199,2755,2.220147
1200,2746,2.212894
1201,2754,2.219341
1202,2762,2.225788
1203,2755,2.220147
1204,2754,2.219341
1205,2754,2.219341
1206,2746,2.212894
1207,2747,2.213700
1208,2763,2.226593
1209,2752,2.217729
1210,2763,2.226593
1211,2762,2.225788
1212,2767,2.229817
1213,2763,2.226593
1214,2754,2.219341
1215,2762,2.225788
1216,2755,2.220147
1217,2767,2.229817
1218,2762,2.225788
1219,2762,2.225788
1220,2762,2.225788
1221,2754,2.219341
1222,2747,2.213700
1223,2762,2.225788
1224,2755,2.220147
1225,2767,2.229817
1226,2763,2.226593
1227,2763,2.226593
1228,2767,2.229817
1229,2778,2.238681
1230,2786,2.245128
1231,2762,2.225788
1232,2767,2.229817
1233,2763,2.226593
1234,2776,2.237070
1235,2762,2.225788
1236,2762,2.225788
1237,2762,2.225788
1238,2763,2.226593
1239,2762,2.225788
1240,2762,2.225788
1241,2778,2.238681
1242,2755,2.220147
1243,2763,2.226593
1244,2778,2.238681
1245,2784,2.243516
1246,2763,2.226593
1247,2763,2.226593
1248,2778,2.238681
1249,2763,2.226593
1250,2767,2.229817
1251,2786,2.245128
1252,2755,2.220147
1253,2771,2.233040
1254,2784,2.243516
1255,2784,2.243516
1256,2778,2.238681
1257,2771,2.233040
1258,2763,2.226593
1259,2767,2.229817
1260,2778,2.238681
1261,2767,2.229817
1262,2763,2.226593
1263,2771,2.233040
1264,2784,2.243516
1265,2786,2.245128
1266,2767,2.229817
1267,2794,2.251575
1268,2776,2.237070
1269,2784,2.243516
1270,2786,2.245128
1271,2760,2.224176
1272,2787,2.245934
1273,2767,2.229817
1274,2763,2.226593
1275,2778,2.238681
1276,2771,2.233040
1277,2771,2.233040
1278,2776,2.237070
1279,2784,2.243516
1280,2763,2.226593
1281,2771,2.233040
1282,2784,2.243516
1283,2792,2.249963
1284,2786,2.245128
1285,2794,2.251575
1286,2784,2.243516
1287,2794,2.251575
1288,2786,2.245128
1289,2784,2.243516
1290,2786,2.245128
1291,2794,2.251575
1292,2786,2.245128
1293,2784,2.243516
1294,2794,2.251575
1295,2794,2.251575
1296,2784,2.243516
1297,2794,2.251575
1298,2787,2.245934
1299,2786,2.245128
1300,2784,2.243516
1301,2799,2.255604
1302,2784,2.243516
1303,2784,2.243516
1304,2784,2.243516
1305,2784,2.243516
1306,2786,2.245128
1307,2794,2.251575
1308,2787,2.245934
1309,2784,2.243516
1310,2778,2.238681
1311,2787,2.245934
1312,2799,2.255604
1313,2786,2.245128
1314,2795,2.252381
1315,2784,2.243516
1316,2794,2.251575
1317,2784,2.243516
1318,2792,2.249963
1319,2787,2.245934
1320,2784,2.243516
1321,2786,2.245128
1322,2795,2.252381
1323,2792,2.249963
1324,2786,2.245128
1325,2799,2.255604
1326,2794,2.251575
1327,2786,2.245128
1328,2786,2.245128
1329,2786,2.245128
1330,2784,2.243516
1331,2794,2.251575
1332,2794,2.251575
1333,2794,2.251575
1334,2794,2.251575
1335,2794,2.251575
1336,2787,2.245934
1337,2794,2.251575
1338,2786,2.245128
1339,2795,2.252381
1340,2786,2.245128
1341,2795,2.252381
1342,2794,2.251575
1343,2795,2.252381
1344,2794,2.251575
1345,2794,2.251575
1346,2795,2.252381
1347,2803,2.258828
1348,2795,2.252381
1349,2786,2.245128
1350,2794,2.251575
1351,2795,2.252381
1352,2810,2.264469
1353,2794,2.251575
1354,2794,2.251575
1355,2803,2.258828
1356,2816,2.269304
1357,2795,2.252381
1358,2799,2.255604
1359,2794,2.251575
1360,2795,2.252381
1361,2795,2.252381
1362,2794,2.251575
1363,2795,2.252381
1364,2795,2.252381
1365,2795,2.252381
1366,2808,2.262857
1367,2795,2.252381
1368,2795,2.252381
1369,2799,2.255604
1370,2795,2.252381
1371,2784,2.243516
1372,2799,2.255604
1373,2826,2.277363
1374,2808,2.262857
1375,2803,2.258828
1376,2786,2.245128
1377,2808,2.262857
1378,2810,2.264469
1379,2792,2.249963
1380,2795,2.252381
1381,2795,2.252381
1382,2795,2.252381
1383,2794,2.251575
1384,2799,2.255604
1385,2818,2.270916
1386,2816,2.269304
1387,2810,2.264469
1388,2803,2.258828
1389,2799,2.255604
1390,2799,2.255604
1391,2818,2.270916
1392,2794,2.251575
1393,2816,2.269304
1394,2795,2.252381
1395,2795,2.252381
1396,2795,2.252381
1397,2799,2.255604
1398,2799,2.255604
1399,2795,2.252381
1400,2816,2.269304
1401,2818,2.270916
1402,2803,2.258828
1403,2810,2.264469
1404,2810,2.264469
1405,2818,2.270916
1406,2803,2.258828
1407,2816,2.269304
1408,2795,2.252381
1409,2816,2.269304
1410,2803,2.258828
1411,2810,2.264469
1412,2818,2.270916
1413,2816,2.269304
1414,2810,2.264469
1415,2799,2.255604
1416,2816,2.269304
1417,2816,2.269304
1418,2816,2.269304
1419,2824,2.275751
1420,2824,2.275751
1421,2819,2.271722
1422,2816,2.269304
1423,2816,2.269304
1424,2803,2.258828
1425,2803,2.258828
1426,2818,2.270916
1427,2810,2.264469
1428,2826,2.277363
1429,2816,2.269304
1430,2816,2.269304
1431,2824,2.275751
1432,2818,2.270916
1433,2810,2.264469
1434,2816,2.269304
1435,2816,2.269304
1436,2810,2.264469
1437,2803,2.258828
1438,2818,2.270916
1439,2810,2.264469
1440,2819,2.271722
1441,2819,2.271722
1442,2826,2.277363
1443,2816,2.269304
1444,2819,2.271722
1445,2810,2.264469
1446,2819,2.271722
1447,2816,2.269304
1448,2818,2.270916
1449,2816,2.269304
1450,2816,2.269304
1451,2818,2.270916
1452,2795,2.252381
1453,2810,2.264469
1454,2803,2.258828
1455,2803,2.258828
1456,2818,2.270916
1457,2810,2.264469
1458,2818,2.270916
1459,2818,2.270916
1460,2818,2.270916
1461,2826,2.277363
1462,2808,2.262857
1463,2816,2.269304
1464,2816,2.269304
1465,2816,2.269304
1466,2824,2.275751
1467,2816,2.269304
1468,2795,2.252381
1469,2810,2.264469
1470,2818,2.270916
1471,2826,2.277363
1472,2816,2.269304
1473,2808,2.262857
1474,2826,2.277363
1475,2816,2.269304
1476,2816,2.269304
1477,2810,2.264469
1478,2810,2.264469
1479,2816,2.269304
1480,2819,2.271722
1481,2826,2.277363
1482,2816,2.269304
1483,2816,2.269304
1484,2803,2.258828
1485,2816,2.269304
1486,2810,2.264469
1487,2799,2.255604
1488,2816,2.269304
1489,2818,2.270916
1490,2810,2.264469
1491,2818,2.270916
1492,2816,2.269304
1493,2808,2.262857
1494,2818,2.270916
1495,2810,2.264469
1496,2799,2.255604
1497,2818,2.270916
1498,2819,2.271722
1499,2816,2.269304
1500,2824,2.275751
1501,2795,2.252381
1502,2816,2.269304
1503,2816,2.269304
1504,2816,2.269304
1505,2803,2.258828
1506,2810,2.264469
1507,2810,2.264469
1508,2810,2.264469
1509,2818,2.270916
1510,2816,2.269304
1511,2818,2.270916
1512,2808,2.262857
1513,2818,2.270916
1514,2810,2.264469
1515,2808,2.262857
1516,2808,2.262857
1517,2826,2.277363
1518,2824,2.275751
1519,2810,2.264469
1520,2826,2.277363
1521,2818,2.270916
1522,2818,2.270916
1523,2819,2.271722
1524,2799,2.255604
1525,2803,2.258828
1526,2818,2.270916
1527,2810,2.264469
1528,2818,2.270916
1529,2816,2.269304
1530,2810,2.264469
1531,2803,2.258828
1532,2816,2.269304
1533,2826,2.277363
1534,2819,2.271722
1535,2803,2.258828
1536,2818,2.270916
1537,2818,2.270916
1538,2799,2.255604
1539,2824,2.275751
1540,2810,2.264469
1541,2819,2.271722
1542,2818,2.270916
1543,2816,2.269304
1544,2818,2.270916
1545,2816,2.269304
1546,2818,2.270916
1547,2819,2.271722
1548,2810,2.264469
1549,2819,2.271722
1550,2799,2.255604
1551,2816,2.269304
1552,2799,2.255604
1553,2799,2.255604
1554,2795,2.252381
1555,2810,2.264469
1556,2818,2.270916
1557,2799,2.255604
1558,2816,2.269304
1559,2810,2.264469
1560,2818,2.270916
1561,2818,2.270916
1562,2816,2.269304
1563,2810,2.264469
1564,2826,2.277363
1565,2816,2.269304
1566,2818,2.270916
1567,2819,2.271722
1568,2826,2.277363
1569,2816,2.269304
1570,2826,2.277363
1571,2826,2.277363
1572,2818,2.270916
1573,2818,2.270916
1574,2816,2.269304
1575,2808,2.262857
1576,2818,2.270916
1577,2819,2.271722
1578,2818,2.270916
1579,2816,2.269304
1580,2816,2.269304
1581,2818,2.270916
1582,2826,2.277363
1583,2824,2.275751
1584,2818,2.270916
1585,2827,2.278168
1586,2810,2.264469
1587,2803,2.258828
1588,2810,2.264469
1589,2810,2.264469
1590,2799,2.255604
1591,2808,2.262857
1592,2803,2.258828
1593,2816,2.269304
1594,2816,2.269304
1595,2810,2.264469
1596,2810,2.264469
1597,2819,2.271722
1598,2818,2.270916
1599,2818,2.270916
1600,2816,2.269304
1601,2819,2.271722
1602,2818,2.270916
1603,2826,2.277363
1604,2816,2.269304
1605,2826,2.277363
1606,2816,2.269304
1607,2816,2.269304
1608,2819,2.271722
1609,2827,2.278168
1610,2816,2.269304
1611,2819,2.271722
1612,2826,2.277363
1613,2816,2.269304
1614,2827,2.278168
1615,2824,2.275751
1616,2831,2.281392
1617,2826,2.277363
1618,2819,2.271722
1619,2819,2.271722
1620,2826,2.277363
1621,2827,2.278168
1622,2827,2.278168
1623,2824,2.275751
1624,2816,2.269304
1625,2827,2.278168
1626,2826,2.277363
1627,2816,2.269304
1628,2826,2.277363
1629,2818,2.270916
1630,2826,2.277363
1631,2827,2.278168
1632,2816,2.269304
1633,2826,2.277363
1634,2826,2.277363
1635,2827,2.278168
1636,2831,2.281392
1637,2816,2.269304
1638,2818,2.270916
1639,2826,2.277363
1640,2816,2.269304
1641,2827,2.278168
1642,2819,2.271722
1643,2824,2.275751
1644,2827,2.278168
1645,2819,2.271722
1646,2818,2.270916
1647,2819,2.271722
1648,2819,2.271722
1649,2827,2.278168
1650,2826,2.277363
1651,2826,2.277363
1652,2826,2.277363
1653,2819,2.271722
1654,2827,2.278168
1655,2826,2.277363
1656,2827,2.278168
1657,2826,2.277363
1658,2827,2.278168
1659,2818,2.270916
1660,2848,2.295092
1661,2818,2.270916
1662,2827,2.278168
1663,2827,2.278168
1664,2835,2.284615
1665,2842,2.290256
1666,2827,2.278168
1667,2827,2.278168
1668,2826,2.277363
1669,2819,2.271722
1670,2827,2.278168
1671,2831,2.281392
1672,2819,2.271722
1673,2826,2.277363
1674,2819,2.271722
1675,2826,2.277363
1676,2816,2.269304
1677,2818,2.270916
1678,2826,2.277363
1679,2819,2.271722
1680,2831,2.281392
1681,2826,2.277363
1682,2827,2.278168
1683,2818,2.270916
1684,2827,2.278168
1685,2827,2.278168
1686,2819,2.271722
1687,2826,2.277363
1688,2827,2.278168
1689,2816,2.269304
1690,2827,2.278168
1691,2826,2.277363
1692,2818,2.270916
1693,2827,2.278168
1694,2827,2.278168
1695,2827,2.278168
1696,2826,2.277363
1697,2827,2.278168
1698,2827,2.278168
1699,2827,2.278168
1700,2827,2.278168
1701,2831,2.281392
1702,2831,2.281392
1703,2842,2.290256
1704,2831,2.281392
1705,2840,2.288645
1706,2827,2.278168
1707,2827,2.278168
1708,2831,2.281392
1709,2831,2.281392
1710,2827,2.278168
1711,2819,2.271722
1712,2827,2.278168
1713,2840,2.288645
1714,2827,2.278168
1715,2826,2.277363
1716,2826,2.277363
1717,2819,2.271722
1718,2848,2.295092
1719,2826,2.277363
1720,2831,2.281392
1721,2827,2.278168
1722,2826,2.277363
1723,2848,2.295092
1724,2848,2.295092
1725,2827,2.278168
1726,2848,2.295092
1727,2831,2.281392
1728,2831,2.281392
1729,2831,2.281392
1730,2848,2.295092
1731,2850,2.296703
1732,2826,2.277363
1733,2831,2.281392
1734,2827,2.278168
1735,2826,2.277363
1736,2831,2.281392
1737,2835,2.284615
1738,2835,2.284615
1739,2831,2.281392
1740,2831,2.281392
1741,2831,2.281392
1742,2827,2.278168
1743,2831,2.281392
1744,2827,2.278168
1745,2827,2.278168
1746,2827,2.278168
1747,2848,2.295092
1748,2835,2.284615
1749,2824,2.275751
1750,2827,2.278168
1751,2827,2.278168
1752,2827,2.278168
1753,2848,2.295092
1754,2835,2.284615
1755,2827,2.278168
1756,2831,2.281392
1757,2826,2.277363
1758,2831,2.281392
1759,2827,2.278168
1760,2848,2.295092
1761,2831,2.281392
1762,2826,2.277363
1763,2827,2.278168
1764,2848,2.295092
1765,2835,2.284615
1766,2827,2.278168
1767,2848,2.295092
1768,2827,2.278168
1769,2842,2.290256
1770,2842,2.290256
1771,2842,2.290256
1772,2827,2.278168
1773,2831,2.281392
1774,2848,2.295092
1775,2831,2.281392
1776,2827,2.278168
1777,2831,2.281392
1778,2827,2.278168
1779,2831,2.281392
1780,2848,2.295092
1781,2831,2.281392
1782,2831,2.281392
1783,2831,2.281392
1784,2826,2.277363
1785,2848,2.295092
1786,2842,2.290256
1787,2848,2.295092
1788,2827,2.278168
1789,2831,2.281392
1790,2840,2.288645
1791,2842,2.290256
1792,2827,2.278168
1793,2840,2.288645
1794,2835,2.284615
1795,2827,2.278168
1796,2826,2.277363
1797,2848,2.295092
1798,2842,2.290256
1799,2850,2.296703
1800,2848,2.295092
1801,2831,2.281392
1802,2848,2.295092
1803,2831,2.281392
1804,2831,2.281392
1805,2827,2.278168
1806,2842,2.290256
1807,2848,2.295092
1808,2835,2.284615
1809,2831,2.281392
1810,2826,2.277363
1811,2831,2.281392
1812,2835,2.284615
1813,2831,2.281392
1814,2848,2.295092
1815,2835,2.284615
1816,2826,2.277363
1817,2827,2.278168
1818,2848,2.295092
1819,2827,2.278168
1820,2831,2.281392
1821,2831,2.281392
1822,2831,2.281392
1823,2848,2.295092
1824,2819,2.271722
1825,2848,2.295092
1826,2848,2.295092
1827,2831,2.281392
1828,2840,2.288645
1829,2840,2.288645
1830,2835,2.284615
1831,2827,2.278168
1832,2827,2.278168
1833,2835,2.284615
1834,2827,2.278168
1835,2827,2.278168
1836,2819,2.271722
1837,2831,2.281392
1838,2848,2.295092
1839,2827,2.278168
1840,2826,2.277363
1841,2842,2.290256
1842,2826,2.277363
1843,2818,2.270916
1844,2826,2.277363
1845,2827,2.278168
1846,2831,2.281392
1847,2835,2.284615
1848,2831,2.281392
1849,2827,2.278168
1850,2831,2.281392
1851,2831,2.281392
1852,2826,2.277363
1853,2827,2.278168
1854,2835,2.284615
1855,2831,2.281392
1856,2818,2.270916
1857,2818,2.270916
1858,2826,2.277363
1859,2818,2.270916
1860,2826,2.277363
1861,2816,2.269304
1862,2826,2.277363
1863,2819,2.271722
1864,2827,2.278168
1865,2818,2.270916
1866,2818,2.270916
1867,2831,2.281392
1868,2816,2.269304
1869,2818,2.270916
1870,2835,2.284615
1871,2835,2.284615
1872,2826,2.277363
1873,2827,2.278168
1874,2818,2.270916
1875,2818,2.270916
1876,2819,2.271722
1877,2826,2.277363
1878,2819,2.271722
1879,2819,2.271722
1880,2818,2.270916
1881,2819,2.271722
1882,2819,2.271722
1883,2816,2.269304
1884,2819,2.271722
1885,2826,2.277363
1886,2826,2.277363
1887,2816,2.269304
1888,2826,2.277363
1889,2824,2.275751
1890,2816,2.269304
1891,2826,2.277363
1892,2826,2.277363
1893,2826,2.277363
1894,2827,2.278168
1895,2826,2.277363
1896,2826,2.277363
1897,2826,2.277363
1898,2810,2.264469
1899,2816,2.269304
1900,2819,2.271722
1901,2824,2.275751
1902,2826,2.277363
1903,2818,2.270916
1904,2835,2.284615
1905,2819,2.271722
1906,2816,2.269304
1907,2826,2.277363
1908,2826,2.277363
1909,2819,2.271722
1910,2819,2.271722
1911,2816,2.269304
1912,2818,2.270916
1913,2818,2.270916
1914,2819,2.271722
1915,2826,2.277363
1916,2818,2.270916
1917,2827,2.278168
1918,2826,2.277363
1919,2827,2.278168
1920,2826,2.277363
1921,2818,2.270916
1922,2819,2.271722
1923,2827,2.278168
1924,2826,2.277363
1925,2818,2.270916
1926,2818,2.270916
1927,2826,2.277363
1928,2827,2.278168
1929,2827,2.278168
1930,2819,2.271722
1931,2835,2.284615
1932,2818,2.270916
1933,2827,2.278168
1934,2819,2.271722
1935,2818,2.270916
1936,2831,2.281392
1937,2831,2.281392
1938,2818,2.270916
1939,2827,2.278168
1940,2826,2.277363
1941,2818,2.270916
1942,2826,2.277363
1943,2827,2.278168
1944,2835,2.284615
1945,2848,2.295092
1946,2835,2.284615
1947,2827,2.278168
1948,2826,2.277363
1949,2826,2.277363
1950,2826,2.277363
1951,2826,2.277363
1952,2827,2.278168
1953,2831,2.281392
1954,2842,2.290256
1955,2831,2.281392
1956,2831,2.281392
1957,2842,2.290256
1958,2835,2.284615
1959,2827,2.278168
1960,2827,2.278168
1961,2827,2.278168
1962,2835,2.284615
1963,2842,2.290256
1964,2831,2.281392
1965,2842,2.290256
1966,2831,2.281392
1967,2842,2.290256
1968,2842,2.290256
1969,2831,2.281392
1970,2848,2.295092
1971,2848,2.295092
1972,2842,2.290256
1973,2819,2.271722
1974,2851,2.297509
1975,2848,2.295092
1976,2831,2.281392
1977,2848,2.295092
1978,2848,2.295092
1979,2848,2.295092
1980,2851,2.297509
1981,2842,2.290256
1982,2848,2.295092
1983,2840,2.288645
1984,2848,2.295092
1985,2842,2.290256
1986,2848,2.295092
1987,2831,2.281392
1988,2842,2.290256
1989,2835,2.284615
1990,2850,2.296703
1991,2831,2.281392
1992,2827,2.278168
1993,2842,2.290256
1994,2850,2.296703
1995,2831,2.281392
1996,2850,2.296703
1997,2848,2.295092
1998,2842,2.290256
1999,2848,2.295092
2000,2851,2.297509
2001,2850,2.296703
2002,2848,2.295092
2003,2850,2.296703
2004,2851,2.297509
2005,2850,2.296703
2006,2850,2.296703
2007,2851,2.297509
2008,2848,2.295092
2009,2850,2.296703
2010,2848,2.295092
2011,2850,2.296703
2012,2851,2.297509
2013,2848,2.295092
2014,2859,2.303956
2015,2858,2.303150
2016,2848,2.295092
2017,2858,2.303150
2018,2848,2.295092
2019,2848,2.295092
2020,2850,2.296703
2021,2850,2.296703
2022,2851,2.297509
2023,2848,2.295092
2024,2850,2.296703
2025,2840,2.288645
2026,2850,2.296703
2027,2848,2.295092
2028,2848,2.295092
2029,2858,2.303150
2030,2850,2.296703
2031,2851,2.297509
2032,2848,2.295092
2033,2859,2.303956
2034,2848,2.295092
2035,2851,2.297509
2036,2848,2.295092
2037,2848,2.295092
2038,2840,2.288645
2039,2858,2.303150
2040,2848,2.295092
2041,2858,2.303150
2042,2848,2.295092
2043,2848,2.295092
2044,2850,2.296703
2045,2848,2.295092
2046,2851,2.297509
2047,2850,2.296703
2048,2842,2.290256
2049,2851,2.297509
2050,2848,2.295092
2051,2848,2.295092
2052,2850,2.296703
2053,2840,2.288645
2054,2848,2.295092
2055,2848,2.295092
2056,2840,2.288645
2057,2848,2.295092
2058,2850,2.296703
2059,2850,2.296703
2060,2848,2.295092
2061,2850,2.296703
2062,2848,2.295092
2063,2835,2.284615
2064,2831,2.281392
2065,2842,2.290256
2066,2842,2.290256
2067,2835,2.284615
2068,2848,2.295092
2069,2831,2.281392
2070,2848,2.295092
2071,2835,2.284615
2072,2827,2.278168
2073,2842,2.290256
2074,2827,2.278168
2075,2827,2.278168
2076,2818,2.270916
2077,2827,2.278168
2078,2818,2.270916
2079,2819,2.271722
2080,2827,2.278168
2081,2826,2.277363
2082,2824,2.275751
2083,2818,2.270916
2084,2818,2.270916
2085,2816,2.269304
2086,2819,2.271722
2087,2808,2.262857
2088,2816,2.269304
2089,2816,2.269304
2090,2818,2.270916
2091,2799,2.255604
2092,2795,2.252381
2093,2803,2.258828
2094,2799,2.255604
2095,2799,2.255604
2096,2786,2.245128
2097,2799,2.255604
2098,2795,2.252381
2099,2795,2.252381
2100,2786,2.245128
2101,2786,2.245128
2102,2784,2.243516
2103,2784,2.243516
2104,2786,2.245128
2105,2794,2.251575
2106,2767,2.229817
2107,2778,2.238681
2108,2784,2.243516
2109,2771,2.233040
2110,2767,2.229817
2111,2767,2.229817
2112,2762,2.225788
2113,2763,2.226593
2114,2755,2.220147
2115,2763,2.226593
2116,2755,2.220147
2117,2754,2.219341
2118,2752,2.217729
2119,2747,2.213700
2120,2754,2.219341
2121,2739,2.207253
2122,2739,2.207253
2123,2731,2.200806
2124,2731,2.200806
2125,2735,2.204029
2126,2735,2.204029
2127,2731,2.200806
2128,2723,2.194359
2129,2728,2.198388
2130,2723,2.194359
2131,2703,2.178242
2132,2714,2.187106
2133,2699,2.175018
2134,2703,2.178242
2135,2720,2.191941
2136,2707,2.181465
2137,2698,2.174212
2138,2683,2.162125
2139,2687,2.165348
2140,2687,2.165348
2141,2682,2.161319
2142,2671,2.152454
2143,2682,2.161319
2144,2667,2.149231
2145,2666,2.148425
2146,2671,2.152454
2147,2666,2.148425
2148,2659,2.142784
2149,2656,2.140366
2150,2656,2.140366
2151,2658,2.141978
2152,2664,2.146813
2153,2666,2.148425
2154,2656,2.140366
2155,2643,2.129890
2156,2656,2.140366
2157,2639,2.126667
2158,2656,2.140366
2159,2639,2.126667
2160,2643,2.129890
2161,2648,2.133919
2162,2634,2.122637
2163,2634,2.122637
2164,2635,2.123443
2165,2635,2.123443
2166,2626,2.116190
2167,2635,2.123443
2168,2635,2.123443
2169,2635,2.123443
2170,2627,2.116996
2171,2643,2.129890
2172,2635,2.123443
2173,2639,2.126667
2174,2643,2.129890
2175,2635,2.123443
2176,2656,2.140366
2177,2635,2.123443
2178,2639,2.126667
2179,2643,2.129890
2180,2656,2.140366
2181,2658,2.141978
2182,2664,2.146813
2183,2666,2.148425
2184,2656,2.140366
2185,2667,2.149231
2186,2666,2.148425
2187,2671,2.152454
2188,2671,2.152454
2189,2683,2.162125
2190,2687,2.165348
2191,2683,2.162125
2192,2699,2.175018
2193,2703,2.178242
2194,2699,2.175018
2195,2696,2.172601
2196,2698,2.174212
2197,2722,2.193553
2198,2720,2.191941
2199,2722,2.193553
2200,2720,2.191941
2201,2731,2.200806
2202,2731,2.200806
2203,2735,2.204029
2204,2754,2.219341
2205,2754,2.219341
2206,2746,2.212894
2207,2754,2.219341
2208,2755,2.220147
2209,2747,2.213700
2210,2755,2.220147
2211,2762,2.225788
2212,2771,2.233040
2213,2767,2.229817
2214,2784,2.243516
2215,2784,2.243516
2216,2786,2.245128
2217,2786,2.245128
2218,2794,2.251575
2219,2794,2.251575
2220,2794,2.251575
2221,2795,2.252381
2222,2810,2.264469
2223,2795,2.252381
2224,2795,2.252381
2225,2818,2.270916
2226,2819,2.271722
2227,2816,2.269304
2228,2810,2.264469
2229,2827,2.278168
2230,2831,2.281392
2231,2826,2.277363
2232,2831,2.281392
2233,2827,2.278168
2234,2826,2.277363
2235,2831,2.281392
2236,2827,2.278168
2237,2848,2.295092
2238,2848,2.295092
2239,2848,2.295092
2240,2848,2.295092
2241,2851,2.297509
2242,2851,2.297509
2243,2851,2.297509
2244,2851,2.297509
2245,2859,2.303956
2246,2859,2.303956
2247,2863,2.307179
2248,2874,2.316044
2249,2875,2.316850
2250,2858,2.303150
2251,2875,2.316850
2252,2863,2.307179
2253,2858,2.303150
2254,2867,2.310403
2255,2863,2.307179
2256,2880,2.320879
2257,2863,2.307179
2258,2863,2.307179
2259,2882,2.322491
2260,2882,2.322491
2261,2882,2.322491
2262,2891,2.329744
2263,2875,2.316850
2264,2882,2.322491
2265,2882,2.322491
2266,2882,2.322491
2267,2888,2.327326
2268,2890,2.328938
2269,2883,2.323297
2270,2890,2.328938
2271,2891,2.329744
2272,2883,2.323297
2273,2883,2.323297
2274,2899,2.336190
2275,2891,2.329744
2276,2882,2.322491
2277,2891,2.329744
2278,2904,2.340220
2279,2890,2.328938
2280,2891,2.329744
2281,2912,2.346667
2282,2891,2.329744
2283,2904,2.340220
2284,2899,2.336190
2285,2912,2.346667
2286,2906,2.341832
2287,2891,2.329744
2288,2899,2.336190
2289,2912,2.346667
2290,2904,2.340220
2291,2906,2.341832
2292,2914,2.348278
2293,2895,2.332967
2294,2904,2.340220
2295,2912,2.346667
2296,2899,2.336190
2297,2899,2.336190
2298,2912,2.346667
2299,2914,2.348278
2300,2912,2.346667
2301,2912,2.346667
2302,2912,2.346667
2303,2915,2.349084
2304,2912,2.346667
2305,2912,2.346667
2306,2922,2.354725
2307,2912,2.346667
2308,2914,2.348278
2309,2915,2.349084
2310,2914,2.348278
2311,2912,2.346667
2312,2922,2.354725
2313,2914,2.348278
2314,2912,2.346667
2315,2914,2.348278
2316,2899,2.336190
2317,2915,2.349084
2318,2912,2.346667
2319,2914,2.348278
2320,2922,2.354725
2321,2912,2.346667
2322,2912,2.346667
2323,2915,2.349084
2324,2912,2.346667
2325,2923,2.355531
2326,2914,2.348278
2327,2912,2.346667
2328,2920,2.353114
2329,2922,2.354725
2330,2912,2.346667
2331,2914,2.348278
2332,2912,2.346667
2333,2914,2.348278
2334,2914,2.348278
2335,2912,2.346667
2336,2931,2.361978
2337,2920,2.353114
2338,2915,2.349084
2339,2912,2.346667
2340,2912,2.346667
2341,2912,2.346667
2342,2914,2.348278
2343,2922,2.354725
2344,2923,2.355531
2345,2914,2.348278
2346,2914,2.348278
2347,2914,2.348278
2348,2912,2.346667
2349,2912,2.346667
2350,2922,2.354725
2351,2922,2.354725
2352,2914,2.348278
2353,2915,2.349084
2354,2923,2.355531
2355,2914,2.348278
2356,2915,2.349084
2357,2912,2.346667
2358,2915,2.349084
2359,2912,2.346667
2360,2914,2.348278
2361,2922,2.354725
2362,2912,2.346667
2363,2922,2.354725
2364,2920,2.353114
2365,2914,2.348278
2366,2912,2.346667
2367,2922,2.354725
2368,2904,2.340220
2369,2915,2.349084
2370,2923,2.355531
2371,2922,2.354725
2372,2915,2.349084
2373,2914,2.348278
2374,2923,2.355531
2375,2922,2.354725
2376,2912,2.346667
2377,2923,2.355531
2378,2923,2.355531
2379,2922,2.354725
2380,2915,2.349084
2381,2912,2.346667
2382,2915,2.349084
2383,2912,2.346667
2384,2912,2.346667
2385,2922,2.354725
2386,2914,2.348278
2387,2915,2.349084
2388,2914,2.348278
2389,2920,2.353114
2390,2922,2.354725
2391,2922,2.354725
2392,2923,2.355531
2393,2922,2.354725
2394,2914,2.348278
2395,2915,2.349084
2396,2923,2.355531
2397,2923,2.355531
2398,2920,2.353114
2399,2912,2.346667
2400,2895,2.332967
2401,2914,2.348278
2402,2922,2.354725
2403,2922,2.354725
2404,2915,2.349084
2405,2922,2.354725
2406,2922,2.354725
2407,2912,2.346667
2408,2915,2.349084
2409,2899,2.336190
2410,2915,2.349084
2411,2912,2.346667
2412,2922,2.354725
2413,2920,2.353114
2414,2915,2.349084
2415,2922,2.354725
2416,2915,2.349084
2417,2895,2.332967
2418,2912,2.346667
2419,2912,2.346667
2420,2914,2.348278
2421,2912,2.346667
2422,2914,2.348278
2423,2915,2.349084
2424,2914,2.348278
2425,2914,2.348278
2426,2914,2.348278
2427,2922,2.354725
2428,2927,2.358755
2429,2914,2.348278
2430,2915,2.349084
2431,2923,2.355531
2432,2914,2.348278
2433,2914,2.348278
2434,2920,2.353114
2435,2914,2.348278
2436,2912,2.346667
2437,2914,2.348278
2438,2906,2.341832
2439,2915,2.349084
2440,2899,2.336190
2441,2914,2.348278
2442,2915,2.349084
2443,2912,2.346667
2444,2922,2.354725
2445,2912,2.346667
2446,2914,2.348278
2447,2914,2.348278
2448,2914,2.348278
2449,2927,2.358755
2450,2915,2.349084
2451,2914,2.348278
2452,2914,2.348278
2453,2914,2.348278
2454,2915,2.349084
2455,2923,2.355531
2456,2914,2.348278
2457,2912,2.346667
2458,2912,2.346667
2459,2914,2.348278
2460,2914,2.348278
2461,2923,2.355531
2462,2912,2.346667
2463,2914,2.348278
2464,2915,2.349084
2465,2915,2.349084
2466,2922,2.354725
2467,2923,2.355531
2468,2922,2.354725
2469,2922,2.354725
2470,2915,2.349084
2471,2923,2.355531
2472,2922,2.354725
2473,2914,2.348278
2474,2915,2.349084
2475,2915,2.349084
2476,2922,2.354725
2477,2923,2.355531
2478,2923,2.355531
2479,2920,2.353114
2480,2923,2.355531
2481,2927,2.358755
2482,2922,2.354725
2483,2899,2.336190
2484,2915,2.349084
2485,2914,2.348278
2486,2914,2.348278
2487,2922,2.354725
2488,2912,2.346667
2489,2922,2.354725
2490,2922,2.354725
2491,2914,2.348278
2492,2912,2.346667
2493,2914,2.348278
2494,2912,2.346667
2495,2922,2.354725
2496,2915,2.349084
2497,2912,2.346667
2498,2923,2.355531
2499,2922,2.354725
2500,2912,2.346667
2501,2912,2.346667
2502,2915,2.349084
2503,2914,2.348278
2504,2923,2.355531
2505,2912,2.346667
2506,2922,2.354725
2507,2912,2.346667
2508,2915,2.349084
2509,2914,2.348278
2510,2915,2.349084
2511,2912,2.346667
2512,2914,2.348278
2513,2922,2.354725
2514,2912,2.346667
2515,2923,2.355531
2516,2915,2.349084
2517,2915,2.349084
2518,2915,2.349084
2519,2915,2.349084
2520,2922,2.354725
2521,2927,2.358755
2522,2923,2.355531
2523,2914,2.348278
2524,2914,2.348278
2525,2914,2.348278
2526,2912,2.346667
2527,2912,2.346667
2528,2927,2.358755
2529,2912,2.346667
2530,2914,2.348278
2531,2922,2.354725
2532,2922,2.354725
2533,2914,2.348278
2534,2912,2.346667
2535,2912,2.346667
2536,2912,2.346667
2537,2922,2.354725
2538,2912,2.346667
2539,2922,2.354725
2540,2895,2.332967
2541,2912,2.346667
2542,2914,2.348278
2543,2912,2.346667
2544,2914,2.348278
2545,2912,2.346667
2546,2912,2.346667
2547,2912,2.346667
2548,2906,2.341832
2549,2915,2.349084
2550,2914,2.348278
2551,2914,2.348278
2552,2914,2.348278
2553,2895,2.332967
2554,2912,2.346667
2555,2915,2.349084
2556,2912,2.346667
2557,2912,2.346667
2558,2912,2.346667
2559,2912,2.346667
2560,2891,2.329744
2561,2915,2.349084
2562,2912,2.346667
2563,2912,2.346667
2564,2912,2.346667
2565,2904,2.340220
2566,2914,2.348278
2567,2912,2.346667
2568,2890,2.328938
2569,2899,2.336190
2570,2912,2.346667
2571,2899,2.336190
2572,2904,2.340220
2573,2912,2.346667
2574,2899,2.336190
2575,2914,2.348278
2576,2899,2.336190
2577,2895,2.332967
2578,2895,2.332967
2579,2912,2.346667
2580,2899,2.336190
2581,2891,2.329744
2582,2895,2.332967
2583,2912,2.346667
2584,2912,2.346667
2585,2891,2.329744
2586,2899,2.336190
2587,2895,2.332967
2588,2895,2.332967
2589,2891,2.329744
2590,2912,2.346667
2591,2899,2.336190
2592,2912,2.346667
2593,2899,2.336190
2594,2899,2.336190
2595,2895,2.332967
2596,2899,2.336190
2597,2891,2.329744
2598,2891,2.329744
2599,2906,2.341832
2600,2890,2.328938
2601,2891,2.329744
2602,2890,2.328938
2603,2912,2.346667
2604,2883,2.323297
2605,2891,2.329744
2606,2891,2.329744
2607,2890,2.328938
2608,2891,2.329744
2609,2883,2.323297
2610,2890,2.328938
2611,2891,2.329744
2612,2890,2.328938
2613,2882,2.322491
2614,2882,2.322491
2615,2906,2.341832
2616,2888,2.327326
2617,2882,2.322491
2618,2890,2.328938
2619,2890,2.328938
2620,2882,2.322491
2621,2895,2.332967
2622,2883,2.323297
2623,2883,2.323297
2624,2890,2.328938
2625,2875,2.316850
2626,2895,2.332967
2627,2890,2.328938
2628,2882,2.322491
2629,2883,2.323297
2630,2882,2.322491
2631,2883,2.323297
2632,2890,2.328938
2633,2874,2.316044
2634,2874,2.316044
2635,2874,2.316044
2636,2882,2.322491
2637,2875,2.316850
2638,2882,2.322491
2639,2875,2.316850
2640,2882,2.322491
2641,2874,2.316044
2642,2882,2.322491
2643,2882,2.322491
2644,2874,2.316044
2645,2863,2.307179
2646,2874,2.316044
2647,2867,2.310403
2648,2874,2.316044
2649,2867,2.310403
2650,2874,2.316044
2651,2863,2.307179
2652,2875,2.316850
2653,2872,2.314432
2654,2874,2.316044
2655,2874,2.316044
2656,2890,2.328938
2657,2851,2.297509
2658,2858,2.303150
2659,2858,2.303150
2660,2859,2.303956
2661,2863,2.307179
2662,2863,2.307179
2663,2856,2.301538
2664,2867,2.310403
2665,2850,2.296703
2666,2858,2.303150
2667,2858,2.303150
2668,2863,2.307179
2669,2858,2.303150
2670,2851,2.297509
2671,2848,2.295092
2672,2840,2.288645
2673,2848,2.295092
2674,2831,2.281392
2675,2858,2.303150
2676,2858,2.303150
2677,2840,2.288645
2678,2850,2.296703
2679,2850,2.296703
2680,2858,2.303150
2681,2850,2.296703
2682,2848,2.295092
2683,2851,2.297509
2684,2850,2.296703
2685,2835,2.284615
2686,2848,2.295092
2687,2831,2.281392
2688,2831,2.281392
2689,2831,2.281392
2690,2848,2.295092
2691,2840,2.288645
2692,2831,2.281392
2693,2831,2.281392
2694,2831,2.281392
2695,2819,2.271722
2696,2835,2.284615
2697,2819,2.271722
2698,2831,2.281392
2699,2824,2.275751
2700,2826,2.277363
2701,2818,2.270916
2702,2826,2.277363
2703,2826,2.277363
2704,2819,2.271722
2705,2810,2.264469
2706,2826,2.277363
2707,2824,2.275751
2708,2819,2.271722
2709,2810,2.264469
2710,2818,2.270916
2711,2818,2.270916
2712,2816,2.269304
2713,2818,2.270916
2714,2810,2.264469
2715,2799,2.255604
2716,2810,2.264469
2717,2818,2.270916
2718,2810,2.264469
2719,2818,2.270916
2720,2799,2.255604
2721,2795,2.252381
2722,2816,2.269304
2723,2799,2.255604
2724,2816,2.269304
2725,2816,2.269304
2726,2808,2.262857
2727,2799,2.255604
2728,2803,2.258828
2729,2799,2.255604
2730,2794,2.251575
2731,2799,2.255604
2732,2803,2.258828
2733,2795,2.252381
2734,2795,2.252381
2735,2795,2.252381
2736,2786,2.245128
2737,2784,2.243516
2738,2767,2.229817
2739,2787,2.245934
2740,2786,2.245128
2741,2786,2.245128
2742,2771,2.233040
2743,2784,2.243516
2744,2771,2.233040
2745,2787,2.245934
2746,2784,2.243516
2747,2771,2.233040
2748,2763,2.226593
2749,2776,2.237070
2750,2763,2.226593
2751,2762,2.225788
2752,2755,2.220147
2753,2762,2.225788
2754,2762,2.225788
2755,2762,2.225788
2756,2754,2.219341
2757,2755,2.220147
2758,2767,2.229817
2759,2754,2.219341
2760,2752,2.217729
2761,2755,2.220147
2762,2763,2.226593
2763,2755,2.220147
2764,2752,2.217729
2765,2762,2.225788
2766,2760,2.224176
2767,2754,2.219341
2768,2747,2.213700
2769,2731,2.200806
2770,2735,2.204029
2771,2746,2.212894
2772,2731,2.200806
2773,2730,2.200000
2774,2739,2.207253
2775,2720,2.191941
2776,2730,2.200000
2777,2731,2.200806
2778,2720,2.191941
2779,2731,2.200806
2780,2730,2.200000
2781,2720,2.191941
2782,2714,2.187106
2783,2731,2.200806
2784,2723,2.194359
2785,2723,2.194359
2786,2720,2.191941
2787,2723,2.194359
2788,2730,2.200000
2789,2722,2.193553
2790,2703,2.178242
2791,2723,2.194359
2792,2720,2.191941
2793,2703,2.178242
2794,2707,2.181465
2795,2722,2.193553
2796,2698,2.174212
2797,2703,2.178242
2798,2687,2.165348
2799,2683,2.162125
2800,2687,2.165348
2801,2687,2.165348
2802,2683,2.162125
2803,2671,2.152454
2804,2683,2.162125
2805,2682,2.161319
2806,2671,2.152454
2807,2682,2.161319
2808,2683,2.162125
2809,2683,2.162125
2810,2683,2.162125
2811,2664,2.146813
2812,2643,2.129890
2813,2667,2.149231
2814,2666,2.148425
2815,2666,2.148425
2816,2658,2.141978
2817,2659,2.142784
2818,2667,2.149231
2819,2659,2.142784
2820,2659,2.142784
2821,2664,2.146813
2822,2639,2.126667
2823,2656,2.140366
2824,2650,2.135531
2825,2656,2.140366
2826,2635,2.123443
2827,2643,2.129890
2828,2643,2.129890
2829,2635,2.123443
2830,2635,2.123443
2831,2626,2.116190
2832,2634,2.122637
2833,2627,2.116996
2834,2626,2.116190
2835,2619,2.110549
2836,2626,2.116190
2837,2627,2.116996
2838,2619,2.110549
2839,2616,2.108132
2840,2618,2.109744
2841,2607,2.100879
2842,2602,2.096850
2843,2607,2.100879
2844,2607,2.100879
2845,2607,2.100879
2846,2607,2.100879
2847,2607,2.100879
2848,2603,2.097656
2849,2607,2.100879
2850,2603,2.097656
2851,2595,2.091209
2852,2602,2.096850
2853,2594,2.090403
2854,2594,2.090403
2855,2579,2.078315
2856,2592,2.088791
2857,2592,2.088791
2858,2592,2.088791
2859,2594,2.090403
2860,2579,2.078315
2861,2575,2.075092
2862,2568,2.069451
2863,2554,2.058168
2864,2570,2.071062
2865,2571,2.071868
2866,2570,2.071062
2867,2570,2.071062
2868,2555,2.058974
2869,2554,2.058168
2870,2559,2.062198
2871,2571,2.071868
2872,2570,2.071062
2873,2554,2.058168
2874,2554,2.058168
2875,2554,2.058168
2876,2563,2.065421
2877,2552,2.056557
2878,2554,2.058168
2879,2559,2.062198
2880,2555,2.058974
2881,2547,2.052527
2882,2559,2.062198
2883,2552,2.056557
2884,2547,2.052527
2885,2539,2.046081
2886,2538,2.045275
2887,2543,2.049304
2888,2530,2.038828
2889,2547,2.052527
2890,2530,2.038828
2891,2528,2.037216
2892,2531,2.039634
2893,2530,2.038828
2894,2531,2.039634
2895,2515,2.026740
2896,2531,2.039634
2897,2531,2.039634
2898,2528,2.037216
2899,2520,2.030769
2900,2511,2.023516
2901,2506,2.019487
2902,2510,2.022711
2903,2528,2.037216
2904,2507,2.020293
2905,2507,2.020293
2906,2506,2.019487
2907,2506,2.019487
2908,2498,2.013040
2909,2506,2.019487
2910,2499,2.013846
2911,2498,2.013040
2912,2499,2.013846
2913,2488,2.004982
2914,2490,2.006593
2915,2498,2.013040
2916,2504,2.017875
2917,2491,2.007399
2918,2475,1.994505
2919,2496,2.011429
2920,2475,1.994505
2921,2483,2.000952
2922,2499,2.013846
2923,2496,2.011429
2924,2479,1.997729
2925,2464,1.985641
2926,2443,1.968718
2927,2467,1.988059
2928,2491,2.007399
2929,2479,1.997729
2930,2491,2.007399
2931,2478,1.996923
2932,2479,1.997729
2933,2467,1.988059
2934,2475,1.994505
2935,2466,1.987253
2936,2474,1.993700
2937,2464,1.985641
2938,2475,1.994505
2939,2467,1.988059
2940,2474,1.993700
2941,2491,2.007399
2942,2472,1.992088
2943,2467,1.988059
2944,2442,1.967912
2945,2443,1.968718
2946,2451,1.975165
2947,2466,1.987253
2948,2466,1.987253
2949,2427,1.955824
2950,2447,1.971941
2951,2458,1.980806
2952,2442,1.967912
2953,2447,1.971941
2954,2464,1.985641
2955,2466,1.987253
2956,2443,1.968718
2957,2435,1.962271
2958,2447,1.971941
2959,2464,1.985641
2960,2451,1.975165
2961,2447,1.971941
2962,2443,1.968718
2963,2451,1.975165
2964,2447,1.971941
2965,2431,1.959048
2966,2442,1.967912
2967,2440,1.966300
2968,2443,1.968718
2969,2415,1.946154
2970,2411,1.942930
2971,2440,1.966300
2972,2442,1.967912
2973,2447,1.971941
2974,2442,1.967912
2975,2443,1.968718
2976,2443,1.968718
2977,2466,1.987253
2978,2431,1.959048
2979,2431,1.959048
2980,2419,1.949377
2981,2410,1.942125
2982,2427,1.955824
2983,2415,1.946154
2984,2415,1.946154
2985,2411,1.942930
2986,2415,1.946154
2987,2419,1.949377
2988,2427,1.955824
2989,2426,1.955018
2990,2415,1.946154
2991,2415,1.946154
2992,2411,1.942930
2993,2410,1.942125
2994,2419,1.949377
2995,2419,1.949377
2996,2415,1.946154
2997,2402,1.935678
2998,2415,1.946154
2999,2402,1.935678
3000,2415,1.946154
3001,2402,1.935678
3002,2402,1.935678
3003,2402,1.935678
3004,2402,1.935678
3005,2419,1.949377
3006,2400,1.934066
3007,2415,1.946154
3008,2400,1.934066
3009,2387,1.923590
3010,2403,1.936484
3011,2402,1.935678
3012,2400,1.934066
3013,2400,1.934066
3014,2402,1.935678
3015,2400,1.934066
3016,2403,1.936484
3017,2411,1.942930
3018,2402,1.935678
3019,2410,1.942125
3020,2403,1.936484
3021,2394,1.929231
3022,2387,1.923590
3023,2387,1.923590
3024,2379,1.917143
3025,2379,1.917143
3026,2387,1.923590
3027,2392,1.927619
3028,2383,1.920366
3029,2400,1.934066
3030,2379,1.917143
3031,2379,1.917143
3032,2387,1.923590
3033,2379,1.917143
3034,2383,1.920366
3035,2378,1.916337
3036,2387,1.923590
3037,2379,1.917143
3038,2363,1.904249
3039,2370,1.909890
3040,2379,1.917143
3041,2379,1.917143
3042,2370,1.909890
3043,2378,1.916337
3044,2378,1.916337
3045,2371,1.910696
3046,2379,1.917143
3047,2371,1.910696
3048,2371,1.910696
3049,2378,1.916337
3050,2378,1.916337
3051,2370,1.909890
3052,2379,1.917143
3053,2378,1.916337
3054,2379,1.917143
3055,2378,1.916337
3056,2371,1.910696
3057,2370,1.909890
3058,2362,1.903443
3059,2370,1.909890
3060,2346,1.890549
3061,2347,1.891355
3062,2347,1.891355
3063,2351,1.894579
3064,2351,1.894579
3065,2347,1.891355
3066,2346,1.890549
3067,2346,1.890549
3068,2339,1.884908
3069,2362,1.903443
3070,2347,1.891355
3071,2355,1.897802
3072,2370,1.909890
3073,2355,1.897802
3074,2370,1.909890
3075,2371,1.910696
3076,2379,1.917143
3077,2355,1.897802
3078,2370,1.909890
3079,2371,1.910696
3080,2347,1.891355
3081,2339,1.884908
3082,2371,1.910696
3083,2344,1.888938
3084,2355,1.897802
3085,2351,1.894579
3086,2379,1.917143
3087,2383,1.920366
3088,2371,1.910696
3089,2383,1.920366
3090,2379,1.917143
3091,2378,1.916337
3092,2371,1.910696
3093,2362,1.903443
3094,2346,1.890549
3095,2339,1.884908
3096,2346,1.890549
3097,2330,1.877656
3098,2338,1.884103
3099,2347,1.891355
3100,2347,1.891355
3101,2323,1.872015
3102,2336,1.882491
3103,2336,1.882491
3104,2338,1.884103
3105,2338,1.884103
3106,2323,1.872015
3107,2339,1.884908
3108,2336,1.882491
3109,2336,1.882491
3110,2339,1.884908
3111,2336,1.882491
3112,2323,1.872015
3113,2319,1.868791
3114,2338,1.884103
3115,2328,1.876044
3116,2319,1.868791
3117,2323,1.872015
3118,2315,1.865568
3119,2351,1.894579
3120,2347,1.891355
3121,2336,1.882491
3122,2338,1.884103
3123,2338,1.884103
3124,2338,1.884103
3125,2330,1.877656
3126,2319,1.868791
3127,2315,1.865568
3128,2338,1.884103
3129,2319,1.868791
3130,2303,1.855897
3131,2319,1.868791
3132,2315,1.865568
3133,2330,1.877656
3134,2319,1.868791
3135,2319,1.868791
3136,2330,1.877656
3137,2330,1.877656
3138,2338,1.884103
3139,2336,1.882491
3140,2307,1.859121
3141,2328,1.876044
3142,2336,1.882491
3143,2315,1.865568
3144,2336,1.882491
3145,2315,1.865568
3146,2303,1.855897
3147,2307,1.859121
3148,2312,1.863150
3149,2298,1.851868
3150,2307,1.859121
3151,2314,1.864762
3152,2303,1.855897
3153,2312,1.863150
3154,2299,1.852674
3155,2315,1.865568
3156,2303,1.855897
3157,2299,1.852674
3158,2314,1.864762
3159,2303,1.855897
3160,2307,1.859121
3161,2323,1.872015
3162,2303,1.855897
3163,2314,1.864762
3164,2303,1.855897
3165,2298,1.851868
3166,2303,1.855897
3167,2296,1.850256
3168,2282,1.838974
3169,2299,1.852674
3170,2302,1.855092
3171,2298,1.851868
3172,2287,1.843004
3173,2299,1.852674
3174,2287,1.843004
3175,2291,1.846227
3176,2307,1.859121
3177,2312,1.863150
3178,2291,1.846227
3179,2296,1.850256
3180,2286,1.842198
3181,2291,1.846227
3182,2298,1.851868
3183,2287,1.843004
3184,2299,1.852674
3185,2299,1.852674
3186,2287,1.843004
3187,2299,1.852674
3188,2298,1.851868
3189,2280,1.837363
3190,2291,1.846227
3191,2291,1.846227
3192,2298,1.851868
3193,2287,1.843004
3194,2298,1.851868
3195,2283,1.839780
3196,2291,1.846227
3197,2283,1.839780
3198,2282,1.838974
3199,2299,1.852674
3200,2275,1.833333
3201,2291,1.846227
3202,2287,1.843004
3203,2287,1.843004
3204,2291,1.846227
3205,2299,1.852674
3206,2283,1.839780
3207,2298,1.851868
3208,2291,1.846227
3209,2282,1.838974
3210,2291,1.846227
3211,2291,1.846227
3212,2287,1.843004
3213,2287,1.843004
3214,2287,1.843004
3215,2283,1.839780
3216,2275,1.833333
3217,2283,1.839780
3218,2275,1.833333
3219,2275,1.833333
3220,2291,1.846227
3221,2282,1.838974
3222,2274,1.832527
3223,2282,1.838974
3224,2272,1.830916
3225,2274,1.832527
3226,2275,1.833333
3227,2275,1.833333
3228,2275,1.833333
3229,2283,1.839780
3230,2287,1.843004
3231,2272,1.830916
3232,2275,1.833333
3233,2283,1.839780
3234,2272,1.830916
3235,2272,1.830916
3236,2272,1.830916
3237,2275,1.833333
3238,2259,1.820440
3239,2272,1.830916
3240,2259,1.820440
3241,2255,1.817216
3242,2255,1.817216
3243,2272,1.830916
3244,2274,1.832527
3245,2283,1.839780
3246,2274,1.832527
3247,2274,1.832527
3248,2272,1.830916
3249,2255,1.817216
3250,2272,1.830916
3251,2282,1.838974
3252,2274,1.832527
3253,2274,1.832527
3254,2274,1.832527
3255,2272,1.830916
3256,2272,1.830916
3257,2259,1.820440
3258,2266,1.826081
3259,2266,1.826081
3260,2259,1.820440
3261,2251,1.813993
3262,2282,1.838974
3263,2266,1.826081
3264,2259,1.820440
3265,2259,1.820440
3266,2272,1.830916
3267,2282,1.838974
3268,2259,1.820440
3269,2274,1.832527
3270,2275,1.833333
3271,2274,1.832527
3272,2259,1.820440
3273,2272,1.830916
3274,2275,1.833333
3275,2272,1.830916
3276,2266,1.826081
3277,2255,1.817216
3278,2259,1.820440
3279,2266,1.826081
3280,2272,1.830916
3281,2255,1.817216
3282,2255,1.817216
3283,2272,1.830916
3284,2255,1.817216
3285,2259,1.820440
3286,2259,1.820440
3287,2272,1.830916
3288,2272,1.830916
3289,2272,1.830916
3290,2251,1.813993
3291,2255,1.817216
3292,2272,1.830916
3293,2274,1.832527
3294,2243,1.807546
3295,2255,1.817216
3296,2255,1.817216
3297,2255,1.817216
3298,2251,1.813993
3299,2251,1.813993
3300,2259,1.820440
3301,2259,1.820440
3302,2272,1.830916
3303,2255,1.817216
3304,2255,1.817216
3305,2255,1.817216
3306,2255,1.817216
3307,2264,1.824469
3308,2259,1.820440
3309,2255,1.817216
3310,2250,1.813187
3311,2272,1.830916
3312,2243,1.807546
3313,2272,1.830916
3314,2259,1.820440
3315,2264,1.824469
3316,2259,1.820440
3317,2255,1.817216
3318,2255,1.817216
3319,2266,1.826081
3320,2251,1.813993
3321,2255,1.817216
3322,2250,1.813187
3323,2266,1.826081
3324,2250,1.813187
3325,2272,1.830916
3326,2266,1.826081
3327,2250,1.813187
3328,2251,1.813993
3329,2274,1.832527
3330,2259,1.820440
3331,2272,1.830916
3332,2250,1.813187
3333,2274,1.832527
3334,2255,1.817216
3335,2251,1.813993
3336,2272,1.830916
3337,2272,1.830916
3338,2251,1.813993
3339,2274,1.832527
3340,2248,1.811575
3341,2255,1.817216
3342,2272,1.830916
3343,2242,1.806740
3344,2251,1.813993
3345,2255,1.817216
3346,2251,1.813993
3347,2274,1.832527
3348,2250,1.813187
3349,2272,1.830916
3350,2259,1.820440
3351,2259,1.820440
3352,2259,1.820440
3353,2251,1.813993
3354,2242,1.806740
3355,2259,1.820440
3356,2259,1.820440
3357,2251,1.813993
3358,2266,1.826081
3359,2251,1.813993
3360,2251,1.813993
3361,2250,1.813187
3362,2255,1.817216
3363,2250,1.813187
3364,2243,1.807546
3365,2250,1.813187
3366,2255,1.817216
3367,2242,1.806740
3368,2250,1.813187
3369,2243,1.807546
3370,2251,1.813993
3371,2259,1.820440
3372,2251,1.813993
3373,2255,1.817216
3374,2250,1.813187
3375,2254,1.816410
3376,2259,1.820440
3377,2251,1.813993
3378,2255,1.817216
3379,2259,1.820440
3380,2251,1.813993
3381,2243,1.807546
3382,2250,1.813187
3383,2251,1.813993
3384,2243,1.807546
3385,2259,1.820440
3386,2243,1.807546
3387,2259,1.820440
3388,2266,1.826081
3389,2259,1.820440
3390,2227,1.794652
3391,2242,1.806740
3392,2250,1.813187
3393,2248,1.811575
3394,2243,1.807546
3395,2250,1.813187
3396,2248,1.811575
3397,2250,1.813187
3398,2250,1.813187
3399,2243,1.807546
3400,2242,1.806740
3401,2242,1.806740
3402,2255,1.817216
3403,2243,1.807546
3404,2255,1.817216
3405,2251,1.813993
3406,2243,1.807546
3407,2250,1.813187
3408,2250,1.813187
3409,2243,1.807546
3410,2251,1.813993
3411,2242,1.806740
3412,2251,1.813993
3413,2255,1.817216
3414,2243,1.807546
3415,2250,1.813187
3416,2234,1.800293
3417,2243,1.807546
3418,2255,1.817216
3419,2240,1.805128
3420,2242,1.806740
3421,2259,1.820440
3422,2251,1.813993
3423,2251,1.813993
3424,2243,1.807546
3425,2259,1.820440
3426,2251,1.813993
3427,2243,1.807546
3428,2255,1.817216
3429,2242,1.806740
3430,2243,1.807546
3431,2242,1.806740
3432,2250,1.813187
3433,2235,1.801099
3434,2243,1.807546
3435,2250,1.813187
3436,2248,1.811575
3437,2242,1.806740
3438,2243,1.807546
3439,2255,1.817216
3440,2266,1.826081
3441,2243,1.807546
3442,2266,1.826081
3443,2251,1.813993
3444,2255,1.817216
3445,2259,1.820440
3446,2255,1.817216
3447,2272,1.830916
3448,2255,1.817216
3449,2272,1.830916
3450,2255,1.817216
3451,2255,1.817216
3452,2242,1.806740
3453,2251,1.813993
3454,2259,1.820440
3455,2251,1.813993
3456,2266,1.826081
3457,2251,1.813993
3458,2259,1.820440
3459,2255,1.817216
3460,2255,1.817216
3461,2254,1.816410
3462,2274,1.832527
3463,2264,1.824469
3464,2251,1.813993
3465,2272,1.830916
3466,2255,1.817216
3467,2255,1.817216
3468,2264,1.824469
3469,2259,1.820440
3470,2274,1.832527
3471,2255,1.817216
3472,2255,1.817216
3473,2272,1.830916
3474,2272,1.830916
3475,2259,1.820440
3476,2264,1.824469
3477,2264,1.824469
3478,2255,1.817216
3479,2275,1.833333
3480,2272,1.830916
3481,2274,1.832527
3482,2266,1.826081
3483,2283,1.839780
3484,2274,1.832527
3485,2274,1.832527
3486,2275,1.833333
3487,2255,1.817216
3488,2283,1.839780
3489,2272,1.830916
3490,2274,1.832527
3491,2272,1.830916
3492,2272,1.830916
3493,2275,1.833333
3494,2266,1.826081
3495,2274,1.832527
3496,2274,1.832527
3497,2274,1.832527
3498,2275,1.833333
3499,2274,1.832527
3500,2274,1.832527
3501,2283,1.839780
3502,2274,1.832527
3503,2287,1.843004
3504,2272,1.830916
3505,2275,1.833333
3506,2283,1.839780
3507,2283,1.839780
3508,2282,1.838974
3509,2275,1.833333
3510,2282,1.838974
3511,2274,1.832527
3512,2282,1.838974
3513,2282,1.838974
3514,2282,1.838974
3515,2282,1.838974
3516,2283,1.839780
3517,2282,1.838974
3518,2287,1.843004
3519,2287,1.843004
3520,2291,1.846227
3521,2282,1.838974
3522,2283,1.839780
3523,2299,1.852674
3524,2298,1.851868
3525,2287,1.843004
3526,2283,1.839780
3527,2283,1.839780
3528,2296,1.850256
3529,2298,1.851868
3530,2291,1.846227
3531,2291,1.846227
3532,2307,1.859121
3533,2303,1.855897
3534,2303,1.855897
3535,2314,1.864762
3536,2299,1.852674
3537,2303,1.855897
3538,2287,1.843004
3539,2299,1.852674
3540,2298,1.851868
3541,2299,1.852674
3542,2299,1.852674
3543,2303,1.855897
3544,2307,1.859121
3545,2307,1.859121
3546,2319,1.868791
3547,2319,1.868791
3548,2319,1.868791
3549,2312,1.863150
3550,2315,1.865568
3551,2319,1.868791
3552,2328,1.876044
3553,2336,1.882491
3554,2303,1.855897
3555,2330,1.877656
3556,2318,1.867985
3557,2336,1.882491
3558,2328,1.876044
3559,2330,1.877656
3560,2336,1.882491
3561,2319,1.868791
3562,2339,1.884908
3563,2336,1.882491
3564,2330,1.877656
3565,2336,1.882491
3566,2336,1.882491
3567,2338,1.884103
3568,2339,1.884908
3569,2347,1.891355
3570,2339,1.884908
3571,2346,1.890549
3572,2347,1.891355
3573,2351,1.894579
3574,2346,1.890549
3575,2346,1.890549
3576,2362,1.903443
3577,2363,1.904249
3578,2351,1.894579
3579,2351,1.894579
3580,2362,1.903443
3581,2351,1.894579
3582,2370,1.909890
3583,2339,1.884908
3584,2370,1.909890
3585,2371,1.910696
3586,2355,1.897802
3587,2370,1.909890
3588,2371,1.910696
3589,2371,1.910696
3590,2378,1.916337
3591,2383,1.920366
3592,2379,1.917143
3593,2378,1.916337
3594,2379,1.917143
3595,2394,1.929231
3596,2383,1.920366
3597,2387,1.923590
3598,2387,1.923590
3599,2402,1.935678
3600,2394,1.929231
3601,2400,1.934066
3602,2394,1.929231
3603,2403,1.936484
3604,2410,1.942125
3605,2402,1.935678
3606,2411,1.942930
3607,2426,1.955018
3608,2415,1.946154
3609,2419,1.949377
3610,2408,1.940513
3611,2410,1.942125
3612,2427,1.955824
3613,2435,1.962271
3614,2426,1.955018
3615,2419,1.949377
3616,2435,1.962271
3617,2447,1.971941
3618,2431,1.959048
3619,2442,1.967912
3620,2442,1.967912
3621,2456,1.979194
3622,2443,1.968718
3623,2458,1.980806
3624,2464,1.985641
3625,2464,1.985641
3626,2466,1.987253
3627,2467,1.988059
3628,2467,1.988059
3629,2474,1.993700
3630,2466,1.987253
3631,2475,1.994505
3632,2483,2.000952
3633,2490,2.006593
3634,2490,2.006593
3635,2490,2.006593
3636,2496,2.011429
3637,2498,2.013040
3638,2491,2.007399
3639,2506,2.019487
3640,2499,2.013846
3641,2498,2.013040
3642,2506,2.019487
3643,2515,2.026740
3644,2504,2.017875
3645,2511,2.023516
3646,2522,2.032381
3647,2515,2.026740
