Pixel,ADC,VoltageV
1,3940,3.175092
2,3940,3.175092
3,3940,3.175092
4,3932,3.168645
5,3933,3.169451
6,3932,3.168645
7,3933,3.169451
8,3932,3.168645
9,3925,3.163004
10,3932,3.168645
11,3932,3.168645
12,3932,3.168645
13,3932,3.168645
14,3933,3.169451
15,3932,3.168645
16,3917,3.156557
17,3133,2.524762
18,2556,2.059780
19,2573,2.073480
20,2581,2.079927
21,2596,2.092015
22,2588,2.085568
23,2589,2.086374
24,2557,2.060586
25,2596,2.092015
26,2589,2.086374
27,2589,2.086374
28,2596,2.092015
29,2589,2.086374
30,2605,2.099267
31,2589,2.086374
32,2604,2.098462
33,2596,2.092015
34,2604,2.098462
35,2596,2.092015
36,2596,2.092015
37,2605,2.099267
38,2604,2.098462
39,2604,2.098462
40,2597,2.092821
41,2596,2.092015
42,2597,2.092821
43,2588,2.085568
44,2597,2.092821
45,2596,2.092015
46,2597,2.092821
47,2596,2.092015
48,2588,2.085568
49,2588,2.085568
50,2588,2.085568
51,2597,2.092821
52,2588,2.085568
53,2588,2.085568
54,2573,2.073480
55,2596,2.092015
56,2596,2.092015
57,2604,2.098462
58,2588,2.085568
59,2596,2.092015
60,2596,2.092015
61,2588,2.085568
62,2588,2.085568
63,2596,2.092015
64,2596,2.092015
65,2588,2.085568
66,2575,2.075092
67,2589,2.086374
68,2589,2.086374
69,2581,2.079927
70,2588,2.085568
71,2589,2.086374
72,2581,2.079927
73,2588,2.085568
74,2588,2.085568
75,2588,2.085568
76,2596,2.092015
77,2588,2.085568
78,2596,2.092015
79,2589,2.086374
80,2596,2.092015
81,2596,2.092015
82,2604,2.098462
83,2596,2.092015
84,2597,2.092821
85,2589,2.086374
86,2589,2.086374
87,2589,2.086374
88,2589,2.086374
89,2596,2.092015
90,2596,2.092015
91,2596,2.092015
92,2604,2.098462
93,2597,2.092821
94,2588,2.085568
95,2589,2.086374
96,2596,2.092015
97,2588,2.085568
98,2596,2.092015
99,2589,2.086374
100,2596,2.092015
101,2588,2.085568
102,2596,2.092015
103,2572,2.072674
104,2589,2.086374
105,2605,2.099267
106,2588,2.085568
107,2589,2.086374
108,2597,2.092821
109,2588,2.085568
110,2588,2.085568
111,2596,2.092015
112,2573,2.073480
113,2589,2.086374
114,2588,2.085568
115,2588,2.085568
116,2581,2.079927
117,2559,2.062198
118,2588,2.085568
119,2596,2.092015
120,2581,2.079927
121,2573,2.073480
122,2604,2.098462
123,2588,2.085568
124,2596,2.092015
125,2575,2.075092
126,2589,2.086374
127,2572,2.072674
128,2581,2.079927
129,2589,2.086374
130,2581,2.079927
131,2589,2.086374
132,2604,2.098462
133,2596,2.092015
134,2588,2.085568
135,2589,2.086374
136,2597,2.092821
137,2604,2.098462
138,2596,2.092015
139,2596,2.092015
140,2581,2.079927
141,2604,2.098462
142,2605,2.099267
143,2605,2.099267
144,2589,2.086374
145,2604,2.098462
146,2596,2.092015
147,2588,2.085568
148,2596,2.092015
149,2596,2.092015
150,2597,2.092821
151,2605,2.099267
152,2589,2.086374
153,2596,2.092015
154,2596,2.092015
155,2597,2.092821
156,2596,2.092015
157,2588,2.085568
158,2573,2.073480
159,2596,2.092015
160,2596,2.092015
161,2596,2.092015
162,2597,2.092821
163,2596,2.092015
164,2596,2.092015
165,2597,2.092821
166,2588,2.085568
167,2589,2.086374
168,2589,2.086374
169,2596,2.092015
170,2573,2.073480
171,2596,2.092015
172,2613,2.105714
173,2604,2.098462
174,2604,2.098462
175,2581,2.079927
176,2597,2.092821
177,2581,2.079927
178,2581,2.079927
179,2573,2.073480
180,2588,2.085568
181,2588,2.085568
182,2589,2.086374
183,2596,2.092015
184,2573,2.073480
185,2581,2.079927
186,2572,2.072674
187,2589,2.086374
188,2580,2.079121
189,2575,2.075092
190,2588,2.085568
191,2573,2.073480
192,2575,2.075092
193,2596,2.092015
194,2596,2.092015
195,2596,2.092015
196,2588,2.085568
197,2573,2.073480
198,2596,2.092015
199,2581,2.079927
200,2581,2.079927
201,2564,2.066227
202,2581,2.079927
203,2589,2.086374
204,2573,2.073480
205,2588,2.085568
206,2573,2.073480
207,2581,2.079927
208,2581,2.079927
209,2581,2.079927
210,2589,2.086374
211,2588,2.085568
212,2581,2.079927
213,2596,2.092015
214,2588,2.085568
215,2596,2.092015
216,2596,2.092015
217,2597,2.092821
218,2588,2.085568
219,2573,2.073480
220,2588,2.085568
221,2588,2.085568
222,2588,2.085568
223,2588,2.085568
224,2575,2.075092
225,2573,2.073480
226,2597,2.092821
227,2596,2.092015
228,2596,2.092015
229,2596,2.092015
230,2604,2.098462
231,2596,2.092015
232,2588,2.085568
233,2589,2.086374
234,2588,2.085568
235,2596,2.092015
236,2573,2.073480
237,2589,2.086374
238,2588,2.085568
239,2596,2.092015
240,2596,2.092015
241,2588,2.085568
242,2604,2.098462
243,2588,2.085568
244,2588,2.085568
245,2581,2.079927
246,2588,2.085568
247,2604,2.098462
248,2596,2.092015
249,2588,2.085568
250,2597,2.092821
251,2588,2.085568
252,2588,2.085568
253,2589,2.086374
254,2589,2.086374
255,2588,2.085568
256,2596,2.092015
257,2588,2.085568
258,2604,2.098462
259,2596,2.092015
260,2589,2.086374
261,2588,2.085568
262,2596,2.092015
263,2588,2.085568
264,2589,2.086374
265,2596,2.092015
266,2573,2.073480
267,2588,2.085568
268,2589,2.086374
269,2597,2.092821
270,2604,2.098462
271,2573,2.073480
272,2589,2.086374
273,2588,2.085568
274,2588,2.085568
275,2588,2.085568
276,2572,2.072674
277,2581,2.079927
278,2581,2.079927
279,2581,2.079927
280,2581,2.079927
281,2604,2.098462
282,2589,2.086374
283,2588,2.085568
284,2581,2.079927
285,2596,2.092015
286,2588,2.085568
287,2573,2.073480
288,2589,2.086374
289,2596,2.092015
290,2596,2.092015
291,2588,2.085568
292,2575,2.075092
293,2581,2.079927
294,2588,2.085568
295,2589,2.086374
296,2588,2.085568
297,2597,2.092821
298,2588,2.085568
299,2588,2.085568
300,2588,2.085568
301,2597,2.092821
302,2575,2.075092
303,2575,2.075092
304,2575,2.075092
305,2588,2.085568
306,2581,2.079927
307,2580,2.079121
308,2588,2.085568
309,2588,2.085568
310,2588,2.085568
311,2588,2.085568
312,2575,2.075092
313,2597,2.092821
314,2604,2.098462
315,2588,2.085568
316,2596,2.092015
317,2589,2.086374
318,2596,2.092015
319,2597,2.092821
320,2597,2.092821
321,2597,2.092821
322,2596,2.092015
323,2604,2.098462
324,2604,2.098462
325,2604,2.098462
326,2605,2.099267
327,2597,2.092821
328,2597,2.092821
329,2597,2.092821
330,2589,2.086374
331,2596,2.092015
332,2613,2.105714
333,2607,2.100879
334,2589,2.086374
335,2605,2.099267
336,2597,2.092821
337,2588,2.085568
338,2597,2.092821
339,2605,2.099267
340,2604,2.098462
341,2605,2.099267
342,2589,2.086374
343,2596,2.092015
344,2605,2.099267
345,2597,2.092821
346,2604,2.098462
347,2589,2.086374
348,2589,2.086374
349,2604,2.098462
350,2605,2.099267
351,2605,2.099267
352,2605,2.099267
353,2605,2.099267
354,2605,2.099267
355,2596,2.092015
356,2604,2.098462
357,2620,2.111355
358,2597,2.092821
359,2620,2.111355
360,2620,2.111355
361,2604,2.098462
362,2605,2.099267
363,2596,2.092015
364,2604,2.098462
365,2605,2.099267
366,2604,2.098462
367,2604,2.098462
368,2597,2.092821
369,2597,2.092821
370,2605,2.099267
371,2588,2.085568
372,2588,2.085568
373,2597,2.092821
374,2596,2.092015
375,2588,2.085568
376,2581,2.079927
377,2604,2.098462
378,2588,2.085568
379,2604,2.098462
380,2588,2.085568
381,2596,2.092015
382,2596,2.092015
383,2581,2.079927
384,2575,2.075092
385,2596,2.092015
386,2596,2.092015
387,2575,2.075092
388,2588,2.085568
389,2589,2.086374
390,2588,2.085568
391,2596,2.092015
392,2605,2.099267
393,2596,2.092015
394,2604,2.098462
395,2597,2.092821
396,2605,2.099267
397,2604,2.098462
398,2604,2.098462
399,2597,2.092821
400,2605,2.099267
401,2588,2.085568
402,2588,2.085568
403,2588,2.085568
404,2589,2.086374
405,2604,2.098462
406,2596,2.092015
407,2589,2.086374
408,2597,2.092821
409,2588,2.085568
410,2588,2.085568
411,2596,2.092015
412,2604,2.098462
413,2604,2.098462
414,2596,2.092015
415,2588,2.085568
416,2597,2.092821
417,2589,2.086374
418,2596,2.092015
419,2604,2.098462
420,2604,2.098462
421,2596,2.092015
422,2604,2.098462
423,2589,2.086374
424,2588,2.085568
425,2589,2.086374
426,2581,2.079927
427,2588,2.085568
428,2581,2.079927
429,2581,2.079927
430,2575,2.075092
431,2596,2.092015
432,2575,2.075092
433,2588,2.085568
434,2572,2.072674
435,2588,2.085568
436,2573,2.073480
437,2581,2.079927
438,2589,2.086374
439,2589,2.086374
440,2581,2.079927
441,2581,2.079927
442,2588,2.085568
443,2589,2.086374
444,2589,2.086374
445,2575,2.075092
446,2589,2.086374
447,2588,2.085568
448,2589,2.086374
449,2589,2.086374
450,2596,2.092015
451,2597,2.092821
452,2588,2.085568
453,2604,2.098462
454,2596,2.092015
455,2596,2.092015
456,2588,2.085568
457,2580,2.079121
458,2588,2.085568
459,2597,2.092821
460,2589,2.086374
461,2575,2.075092
462,2597,2.092821
463,2596,2.092015
464,2589,2.086374
465,2581,2.079927
466,2588,2.085568
467,2597,2.092821
468,2589,2.086374
469,2596,2.092015
470,2596,2.092015
471,2605,2.099267
472,2604,2.098462
473,2607,2.100879
474,2621,2.112161
475,2621,2.112161
476,2607,2.100879
477,2620,2.111355
478,2613,2.105714
479,2613,2.105714
480,2607,2.100879
481,2613,2.105714
482,2596,2.092015
483,2596,2.092015
484,2588,2.085568
485,2604,2.098462
486,2588,2.085568
487,2607,2.100879
488,2589,2.086374
489,2588,2.085568
490,2596,2.092015
491,2604,2.098462
492,2604,2.098462
493,2597,2.092821
494,2589,2.086374
495,2605,2.099267
496,2607,2.100879
497,2621,2.112161
498,2605,2.099267
499,2596,2.092015
500,2605,2.099267
501,2605,2.099267
502,2620,2.111355
503,2597,2.092821
504,2605,2.099267
505,2605,2.099267
506,2604,2.098462
507,2604,2.098462
508,2605,2.099267
509,2604,2.098462
510,2596,2.092015
511,2588,2.085568
512,2597,2.092821
513,2605,2.099267
514,2588,2.085568
515,2588,2.085568
516,2589,2.086374
517,2604,2.098462
518,2596,2.092015
519,2604,2.098462
520,2605,2.099267
521,2605,2.099267
522,2604,2.098462
523,2605,2.099267
524,2613,2.105714
525,2620,2.111355
526,2613,2.105714
527,2621,2.112161
528,2613,2.105714
529,2613,2.105714
530,2605,2.099267
531,2604,2.098462
532,2613,2.105714
533,2621,2.112161
534,2613,2.105714
535,2605,2.099267
536,2620,2.111355
537,2613,2.105714
538,2620,2.111355
539,2613,2.105714
540,2605,2.099267
541,2613,2.105714
542,2620,2.111355
543,2620,2.111355
544,2605,2.099267
545,2613,2.105714
546,2605,2.099267
547,2605,2.099267
548,2620,2.111355
549,2605,2.099267
550,2605,2.099267
551,2620,2.111355
552,2613,2.105714
553,2605,2.099267
554,2620,2.111355
555,2604,2.098462
556,2605,2.099267
557,2605,2.099267
558,2596,2.092015
559,2604,2.098462
560,2621,2.112161
561,2613,2.105714
562,2605,2.099267
563,2605,2.099267
564,2604,2.098462
565,2605,2.099267
566,2620,2.111355
567,2605,2.099267
568,2597,2.092821
569,2596,2.092015
570,2605,2.099267
571,2620,2.111355
572,2605,2.099267
573,2607,2.100879
574,2605,2.099267
575,2613,2.105714
576,2605,2.099267
577,2605,2.099267
578,2605,2.099267
579,2589,2.086374
580,2596,2.092015
581,2605,2.099267
582,2589,2.086374
583,2596,2.092015
584,2597,2.092821
585,2620,2.111355
586,2588,2.085568
587,2604,2.098462
588,2604,2.098462
589,2596,2.092015
590,2605,2.099267
591,2605,2.099267
592,2605,2.099267
593,2597,2.092821
594,2596,2.092015
595,2597,2.092821
596,2605,2.099267
597,2588,2.085568
598,2597,2.092821
599,2605,2.099267
600,2607,2.100879
601,2605,2.099267
602,2605,2.099267
603,2605,2.099267
604,2605,2.099267
605,2604,2.098462
606,2605,2.099267
607,2604,2.098462
608,2613,2.105714
609,2620,2.111355
610,2621,2.112161
611,2613,2.105714
612,2605,2.099267
613,2604,2.098462
614,2607,2.100879
615,2604,2.098462
616,2612,2.104908
617,2604,2.098462
618,2621,2.112161
619,2605,2.099267
620,2605,2.099267
621,2620,2.111355
622,2613,2.105714
623,2605,2.099267
624,2605,2.099267
625,2604,2.098462
626,2613,2.105714
627,2607,2.100879
628,2605,2.099267
629,2605,2.099267
630,2620,2.111355
631,2613,2.105714
632,2607,2.100879
633,2613,2.105714
634,2605,2.099267
635,2621,2.112161
636,2621,2.112161
637,2613,2.105714
638,2620,2.111355
639,2620,2.111355
640,2620,2.111355
641,2628,2.117802
642,2621,2.112161
643,2636,2.124249
644,2621,2.112161
645,2629,2.118608
646,2637,2.125055
647,2620,2.111355
648,2605,2.099267
649,2613,2.105714
650,2604,2.098462
651,2604,2.098462
652,2605,2.099267
653,2607,2.100879
654,2620,2.111355
655,2605,2.099267
656,2605,2.099267
657,2620,2.111355
658,2620,2.111355
659,2620,2.111355
660,2605,2.099267
661,2620,2.111355
662,2621,2.112161
663,2613,2.105714
664,2620,2.111355
665,2605,2.099267
666,2613,2.105714
667,2613,2.105714
668,2620,2.111355
669,2620,2.111355
670,2620,2.111355
671,2629,2.118608
672,2621,2.112161
673,2613,2.105714
674,2605,2.099267
675,2621,2.112161
676,2620,2.111355
677,2605,2.099267
678,2620,2.111355
679,2620,2.111355
680,2621,2.112161
681,2620,2.111355
682,2636,2.124249
683,2620,2.111355
684,2621,2.112161
685,2620,2.111355
686,2620,2.111355
687,2628,2.117802
688,2621,2.112161
689,2620,2.111355
690,2620,2.111355
691,2620,2.111355
692,2620,2.111355
693,2605,2.099267
694,2628,2.117802
695,2620,2.111355
696,2621,2.112161
697,2621,2.112161
698,2636,2.124249
699,2629,2.118608
700,2621,2.112161
701,2628,2.117802
702,2629,2.118608
703,2637,2.125055
704,2637,2.125055
705,2621,2.112161
706,2621,2.112161
707,2636,2.124249
708,2629,2.118608
709,2636,2.124249
710,2637,2.125055
711,2629,2.118608
712,2637,2.125055
713,2636,2.124249
714,2636,2.124249
715,2645,2.131502
716,2637,2.125055
717,2636,2.124249
718,2636,2.124249
719,2628,2.117802
720,2629,2.118608
721,2637,2.125055
722,2629,2.118608
723,2636,2.124249
724,2636,2.124249
725,2637,2.125055
726,2636,2.124249
727,2636,2.124249
728,2637,2.125055
729,2637,2.125055
730,2639,2.126667
731,2636,2.124249
732,2636,2.124249
733,2637,2.125055
734,2637,2.125055
735,2645,2.131502
736,2637,2.125055
737,2621,2.112161
738,2621,2.112161
739,2629,2.118608
740,2621,2.112161
741,2621,2.112161
742,2637,2.125055
743,2637,2.125055
744,2629,2.118608
745,2636,2.124249
746,2636,2.124249
747,2629,2.118608
748,2629,2.118608
749,2621,2.112161
750,2637,2.125055
751,2621,2.112161
752,2628,2.117802
753,2637,2.125055
754,2629,2.118608
755,2628,2.117802
756,2637,2.125055
757,2637,2.125055
758,2636,2.124249
759,2637,2.125055
760,2637,2.125055
761,2645,2.131502
762,2637,2.125055
763,2637,2.125055
764,2645,2.131502
765,2652,2.137143
766,2637,2.125055
767,2629,2.118608
768,2637,2.125055
769,2636,2.124249
770,2636,2.124249
771,2637,2.125055
772,2645,2.131502
773,2636,2.124249
774,2637,2.125055
775,2645,2.131502
776,2628,2.117802
777,2636,2.124249
778,2629,2.118608
779,2645,2.131502
780,2621,2.112161
781,2639,2.126667
782,2652,2.137143
783,2637,2.125055
784,2637,2.125055
785,2636,2.124249
786,2637,2.125055
787,2652,2.137143
788,2636,2.124249
789,2652,2.137143
790,2652,2.137143
791,2652,2.137143
792,2637,2.125055
793,2652,2.137143
794,2637,2.125055
795,2645,2.131502
796,2652,2.137143
797,2652,2.137143
798,2652,2.137143
799,2652,2.137143
800,2652,2.137143
801,2652,2.137143
802,2652,2.137143
803,2660,2.143590
804,2652,2.137143
805,2645,2.131502
806,2637,2.125055
807,2645,2.131502
808,2652,2.137143
809,2639,2.126667
810,2637,2.125055
811,2637,2.125055
812,2637,2.125055
813,2637,2.125055
814,2660,2.143590
815,2637,2.125055
816,2645,2.131502
817,2652,2.137143
818,2637,2.125055
819,2645,2.131502
820,2637,2.125055
821,2668,2.150037
822,2652,2.137143
823,2668,2.150037
824,2652,2.137143
825,2660,2.143590
826,2653,2.137949
827,2669,2.150842
828,2668,2.150037
829,2668,2.150037
830,2671,2.152454
831,2660,2.143590
832,2669,2.150842
833,2668,2.150037
834,2669,2.150842
835,2661,2.144396
836,2669,2.150842
837,2677,2.157289
838,2669,2.150842
839,2668,2.150037
840,2668,2.150037
841,2669,2.150842
842,2661,2.144396
843,2684,2.162930
844,2669,2.150842
845,2669,2.150842
846,2692,2.169377
847,2700,2.175824
848,2684,2.162930
849,2677,2.157289
850,2685,2.163736
851,2685,2.163736
852,2684,2.162930
853,2684,2.162930
854,2671,2.152454
855,2685,2.163736
856,2671,2.152454
857,2671,2.152454
858,2677,2.157289
859,2669,2.150842
860,2684,2.162930
861,2684,2.162930
862,2669,2.150842
863,2684,2.162930
864,2661,2.144396
865,2684,2.162930
866,2685,2.163736
867,2668,2.150037
868,2661,2.144396
869,2669,2.150842
870,2668,2.150037
871,2652,2.137143
872,2669,2.150842
873,2669,2.150842
874,2669,2.150842
875,2669,2.150842
876,2661,2.144396
877,2661,2.144396
878,2669,2.150842
879,2669,2.150842
880,2677,2.157289
881,2660,2.143590
882,2669,2.150842
883,2660,2.143590
884,2668,2.150037
885,2661,2.144396
886,2669,2.150842
887,2677,2.157289
888,2668,2.150037
889,2660,2.143590
890,2669,2.150842
891,2661,2.144396
892,2669,2.150842
893,2669,2.150842
894,2661,2.144396
895,2669,2.150842
896,2677,2.157289
897,2668,2.150037
898,2668,2.150037
899,2669,2.150842
900,2684,2.162930
901,2684,2.162930
902,2684,2.162930
903,2684,2.162930
904,2684,2.162930
905,2692,2.169377
906,2669,2.150842
907,2684,2.162930
908,2684,2.162930
909,2684,2.162930
910,2693,2.170183
911,2668,2.150037
912,2669,2.150842
913,2684,2.162930
914,2669,2.150842
915,2669,2.150842
916,2669,2.150842
917,2685,2.163736
918,2677,2.157289
919,2692,2.169377
920,2669,2.150842
921,2669,2.150842
922,2677,2.157289
923,2669,2.150842
924,2685,2.163736
925,2692,2.169377
926,2685,2.163736
927,2684,2.162930
928,2669,2.150842
929,2669,2.150842
930,2677,2.157289
931,2677,2.157289
932,2684,2.162930
933,2684,2.162930
934,2685,2.163736
935,2671,2.152454
936,2693,2.170183
937,2685,2.163736
938,2692,2.169377
939,2684,2.162930
940,2668,2.150037
941,2669,2.150842
942,2684,2.162930
943,2684,2.162930
944,2677,2.157289
945,2684,2.162930
946,2692,2.169377
947,2693,2.170183
948,2701,2.176630
949,2692,2.169377
950,2701,2.176630
951,2692,2.169377
952,2684,2.162930
953,2692,2.169377
954,2693,2.170183
955,2701,2.176630
956,2692,2.169377
957,2693,2.170183
958,2692,2.169377
959,2692,2.169377
960,2692,2.169377
961,2669,2.150842
962,2684,2.162930
963,2692,2.169377
964,2684,2.162930
965,2684,2.162930
966,2693,2.170183
967,2684,2.162930
968,2684,2.162930
969,2701,2.176630
970,2693,2.170183
971,2693,2.170183
972,2700,2.175824
973,2692,2.169377
974,2684,2.162930
975,2700,2.175824
976,2700,2.175824
977,2700,2.175824
978,2700,2.175824
979,2692,2.169377
980,2692,2.169377
981,2700,2.175824
982,2684,2.162930
983,2693,2.170183
984,2701,2.176630
985,2692,2.169377
986,2700,2.175824
987,2709,2.183077
988,2717,2.189524
989,2716,2.188718
990,2701,2.176630
991,2701,2.176630
992,2701,2.176630
993,2717,2.189524
994,2701,2.176630
995,2716,2.188718
996,2703,2.178242
997,2716,2.188718
998,2692,2.169377
999,2701,2.176630
1000,2701,2.176630
1001,2716,2.188718
1002,2701,2.176630
1003,2703,2.178242
1004,2703,2.178242
1005,2716,2.188718
1006,2701,2.176630
1007,2703,2.178242
1008,2716,2.188718
1009,2724,2.195165
1010,2724,2.195165
1011,2709,2.183077
1012,2716,2.188718
1013,2709,2.183077
1014,2709,2.183077
1015,2709,2.183077
1016,2703,2.178242
1017,2701,2.176630
1018,2700,2.175824
1019,2701,2.176630
1020,2700,2.175824
1021,2700,2.175824
1022,2700,2.175824
1023,2701,2.176630
1024,2716,2.188718
1025,2701,2.176630
1026,2716,2.188718
1027,2701,2.176630
1028,2701,2.176630
1029,2717,2.189524
1030,2701,2.176630
1031,2709,2.183077
1032,2703,2.178242
1033,2701,2.176630
1034,2716,2.188718
1035,2717,2.189524
1036,2716,2.188718
1037,2701,2.176630
1038,2716,2.188718
1039,2709,2.183077
1040,2701,2.176630
1041,2717,2.189524
1042,2709,2.183077
1043,2717,2.189524
1044,2716,2.188718
1045,2717,2.189524
1046,2725,2.195971
1047,2724,2.195165
1048,2732,2.201612
1049,2724,2.195165
1050,2716,2.188718
1051,2709,2.183077
1052,2703,2.178242
1053,2709,2.183077
1054,2701,2.176630
1055,2717,2.189524
1056,2701,2.176630
1057,2716,2.188718
1058,2716,2.188718
1059,2725,2.195971
1060,2724,2.195165
1061,2725,2.195971
1062,2724,2.195165
1063,2701,2.176630
1064,2733,2.202418
1065,2725,2.195971
1066,2732,2.201612
1067,2724,2.195165
1068,2717,2.189524
1069,2716,2.188718
1070,2724,2.195165
1071,2733,2.202418
1072,2716,2.188718
1073,2724,2.195165
1074,2724,2.195165
1075,2724,2.195165
1076,2717,2.189524
1077,2732,2.201612
1078,2732,2.201612
1079,2732,2.201612
1080,2725,2.195971
1081,2724,2.195165
1082,2732,2.201612
1083,2724,2.195165
1084,2732,2.201612
1085,2725,2.195971
1086,2732,2.201612
1087,2749,2.215311
1088,2725,2.195971
1089,2725,2.195971
1090,2732,2.201612
1091,2716,2.188718
1092,2732,2.201612
1093,2732,2.201612
1094,2724,2.195165
1095,2725,2.195971
1096,2732,2.201612
1097,2724,2.195165
1098,2724,2.195165
1099,2725,2.195971
1100,2732,2.201612
1101,2732,2.201612
1102,2717,2.189524
1103,2732,2.201612
1104,2725,2.195971
1105,2732,2.201612
1106,2732,2.201612
1107,2724,2.195165
1108,2732,2.201612
1109,2725,2.195971
1110,2741,2.208864
1111,2733,2.202418
1112,2749,2.215311
1113,2748,2.214505
1114,2741,2.208864
1115,2733,2.202418
1116,2732,2.201612
1117,2717,2.189524
1118,2733,2.202418
1119,2732,2.201612
1120,2732,2.201612
1121,2732,2.201612
1122,2735,2.204029
1123,2725,2.195971
1124,2732,2.201612
1125,2748,2.214505
1126,2733,2.202418
1127,2725,2.195971
1128,2733,2.202418
1129,2732,2.201612
1130,2741,2.208864
1131,2733,2.202418
1132,2748,2.214505
1133,2741,2.208864
1134,2733,2.202418
1135,2732,2.201612
1136,2733,2.202418
1137,2748,2.214505
1138,2735,2.204029
1139,2733,2.202418
1140,2733,2.202418
1141,2733,2.202418
1142,2741,2.208864
1143,2748,2.214505
1144,2733,2.202418
1145,2733,2.202418
1146,2733,2.202418
1147,2733,2.202418
1148,2733,2.202418
1149,2764,2.227399
1150,2748,2.214505
1151,2748,2.214505
1152,2756,2.220952
1153,2735,2.204029
1154,2748,2.214505
1155,2749,2.215311
1156,2741,2.208864
1157,2764,2.227399
1158,2748,2.214505
1159,2756,2.220952
1160,2756,2.220952
1161,2748,2.214505
1162,2749,2.215311
1163,2756,2.220952
1164,2749,2.215311
1165,2748,2.214505
1166,2756,2.220952
1167,2748,2.214505
1168,2748,2.214505
1169,2748,2.214505
1170,2749,2.215311
1171,2749,2.215311
1172,2749,2.215311
1173,2748,2.214505
1174,2748,2.214505
1175,2741,2.208864
1176,2748,2.214505
1177,2749,2.215311
1178,2748,2.214505
1179,2757,2.221758
1180,2756,2.220952
1181,2756,2.220952
1182,2749,2.215311
1183,2756,2.220952
1184,2748,2.214505
1185,2757,2.221758
1186,2756,2.220952
1187,2756,2.220952
1188,2756,2.220952
1189,2764,2.227399
1190,2756,2.220952
1191,2764,2.227399
1192,2757,2.221758
1193,2764,2.227399
1194,2756,2.220952
1195,2765,2.228205
1196,2764,2.227399
1197,2757,2.221758
1198,2748,2.214505
1199,2748,2.214505
1200,2749,2.215311
1201,2765,2.228205
1202,2756,2.220952
1203,2756,2.220952
1204,2749,2.215311
1205,2748,2.214505
1206,2756,2.220952
1207,2756,2.220952
1208,2764,2.227399
1209,2765,2.228205
1210,2764,2.227399
1211,2765,2.228205
1212,2765,2.228205
1213,2765,2.228205
1214,2756,2.220952
1215,2764,2.227399
1216,2764,2.227399
1217,2764,2.227399
1218,2748,2.214505
1219,2764,2.227399
1220,2764,2.227399
1221,2764,2.227399
1222,2749,2.215311
1223,2756,2.220952
1224,2757,2.221758
1225,2764,2.227399
1226,2764,2.227399
1227,2757,2.221758
1228,2780,2.240293
1229,2765,2.228205
1230,2764,2.227399
1231,2756,2.220952
1232,2765,2.228205
1233,2765,2.228205
1234,2765,2.228205
1235,2765,2.228205
1236,2764,2.227399
1237,2767,2.229817
1238,2764,2.227399
1239,2765,2.228205
1240,2764,2.227399
1241,2765,2.228205
1242,2765,2.228205
1243,2765,2.228205
1244,2756,2.220952
1245,2757,2.221758
1246,2765,2.228205
1247,2773,2.234652
1248,2764,2.227399
1249,2773,2.234652
1250,2780,2.240293
1251,2780,2.240293
1252,2757,2.221758
1253,2765,2.228205
1254,2765,2.228205
1255,2765,2.228205
1256,2765,2.228205
1257,2765,2.228205
1258,2773,2.234652
1259,2765,2.228205
1260,2765,2.228205
1261,2773,2.234652
1262,2780,2.240293
1263,2765,2.228205
1264,2765,2.228205
1265,2788,2.246740
1266,2788,2.246740
1267,2780,2.240293
1268,2765,2.228205
1269,2780,2.240293
1270,2773,2.234652
1271,2780,2.240293
1272,2773,2.234652
1273,2773,2.234652
1274,2765,2.228205
1275,2773,2.234652
1276,2773,2.234652
1277,2764,2.227399
1278,2780,2.240293
1279,2767,2.229817
1280,2765,2.228205
1281,2773,2.234652
1282,2788,2.246740
1283,2788,2.246740
1284,2773,2.234652
1285,2781,2.241099
1286,2781,2.241099
1287,2788,2.246740
1288,2773,2.234652
1289,2780,2.240293
1290,2780,2.240293
1291,2781,2.241099
1292,2788,2.246740
1293,2781,2.241099
1294,2780,2.240293
1295,2796,2.253187
1296,2788,2.246740
1297,2788,2.246740
1298,2780,2.240293
1299,2781,2.241099
1300,2788,2.246740
1301,2789,2.247546
1302,2780,2.240293
1303,2780,2.240293
1304,2788,2.246740
1305,2781,2.241099
1306,2789,2.247546
1307,2789,2.247546
1308,2780,2.240293
1309,2765,2.228205
1310,2789,2.247546
1311,2780,2.240293
1312,2788,2.246740
1313,2789,2.247546
1314,2796,2.253187
1315,2789,2.247546
1316,2781,2.241099
1317,2781,2.241099
1318,2781,2.241099
1319,2788,2.246740
1320,2788,2.246740
1321,2788,2.246740
1322,2797,2.253993
1323,2789,2.247546
1324,2812,2.266081
1325,2789,2.247546
1326,2796,2.253187
1327,2781,2.241099
1328,2788,2.246740
1329,2797,2.253993
1330,2789,2.247546
1331,2797,2.253993
1332,2788,2.246740
1333,2796,2.253187
1334,2789,2.247546
1335,2797,2.253993
1336,2796,2.253187
1337,2789,2.247546
1338,2788,2.246740
1339,2789,2.247546
1340,2788,2.246740
1341,2789,2.247546
1342,2796,2.253187
1343,2797,2.253993
1344,2797,2.253993
1345,2797,2.253993
1346,2797,2.253993
1347,2797,2.253993
1348,2796,2.253187
1349,2788,2.246740
1350,2796,2.253187
1351,2796,2.253187
1352,2797,2.253993
1353,2796,2.253187
1354,2797,2.253993
1355,2797,2.253993
1356,2796,2.253187
1357,2797,2.253993
1358,2797,2.253993
1359,2796,2.253187
1360,2797,2.253993
1361,2796,2.253187
1362,2789,2.247546
1363,2812,2.266081
1364,2797,2.253993
1365,2799,2.255604
1366,2797,2.253993
1367,2788,2.246740
1368,2805,2.260440
1369,2797,2.253993
1370,2796,2.253187
1371,2805,2.260440
1372,2805,2.260440
1373,2796,2.253187
1374,2805,2.260440
1375,2812,2.266081
1376,2797,2.253993
1377,2797,2.253993
1378,2799,2.255604
1379,2812,2.266081
1380,2820,2.272527
1381,2812,2.266081
1382,2805,2.260440
1383,2805,2.260440
1384,2797,2.253993
1385,2796,2.253187
1386,2797,2.253993
1387,2797,2.253993
1388,2797,2.253993
1389,2805,2.260440
1390,2796,2.253187
1391,2789,2.247546
1392,2788,2.246740
1393,2797,2.253993
1394,2796,2.253187
1395,2796,2.253187
1396,2812,2.266081
1397,2797,2.253993
1398,2797,2.253993
1399,2805,2.260440
1400,2797,2.253993
1401,2813,2.266886
1402,2812,2.266081
1403,2820,2.272527
1404,2799,2.255604
1405,2813,2.266886
1406,2797,2.253993
1407,2805,2.260440
1408,2805,2.260440
1409,2797,2.253993
1410,2805,2.260440
1411,2812,2.266081
1412,2812,2.266081
1413,2813,2.266886
1414,2797,2.253993
1415,2797,2.253993
1416,2812,2.266081
1417,2797,2.253993
1418,2812,2.266081
1419,2813,2.266886
1420,2812,2.266081
1421,2805,2.260440
1422,2797,2.253993
1423,2797,2.253993
1424,2821,2.273333
1425,2820,2.272527
1426,2821,2.273333
1427,2828,2.278974
1428,2820,2.272527
1429,2813,2.266886
1430,2812,2.266081
1431,2821,2.273333
1432,2821,2.273333
1433,2799,2.255604
1434,2812,2.266081
1435,2812,2.266081
1436,2812,2.266081
1437,2821,2.273333
1438,2812,2.266081
1439,2805,2.260440
1440,2820,2.272527
1441,2821,2.273333
1442,2812,2.266081
1443,2812,2.266081
1444,2828,2.278974
1445,2812,2.266081
1446,2812,2.266081
1447,2805,2.260440
1448,2797,2.253993
1449,2813,2.266886
1450,2805,2.260440
1451,2820,2.272527
1452,2797,2.253993
1453,2805,2.260440
1454,2797,2.253993
1455,2820,2.272527
1456,2813,2.266886
1457,2812,2.266081
1458,2797,2.253993
1459,2812,2.266081
1460,2805,2.260440
1461,2812,2.266081
1462,2820,2.272527
1463,2820,2.272527
1464,2812,2.266081
1465,2797,2.253993
1466,2797,2.253993
1467,2812,2.266081
1468,2797,2.253993
1469,2813,2.266886
1470,2805,2.260440
1471,2797,2.253993
1472,2820,2.272527
1473,2797,2.253993
1474,2812,2.266081
1475,2812,2.266081
1476,2805,2.260440
1477,2812,2.266081
1478,2799,2.255604
1479,2820,2.272527
1480,2821,2.273333
1481,2812,2.266081
1482,2820,2.272527
1483,2812,2.266081
1484,2797,2.253993
1485,2820,2.272527
1486,2797,2.253993
1487,2812,2.266081
1488,2799,2.255604
1489,2812,2.266081
1490,2797,2.253993
1491,2797,2.253993
1492,2812,2.266081
1493,2821,2.273333
1494,2812,2.266081
1495,2812,2.266081
1496,2813,2.266886
1497,2813,2.266886
1498,2797,2.253993
1499,2799,2.255604
1500,2799,2.255604
1501,2797,2.253993
1502,2797,2.253993
1503,2813,2.266886
1504,2805,2.260440
1505,2797,2.253993
1506,2797,2.253993
1507,2812,2.266081
1508,2797,2.253993
1509,2805,2.260440
1510,2820,2.272527
1511,2805,2.260440
1512,2813,2.266886
1513,2813,2.266886
1514,2805,2.260440
1515,2813,2.266886
1516,2797,2.253993
1517,2799,2.255604
1518,2812,2.266081
1519,2820,2.272527
1520,2812,2.266081
1521,2812,2.266081
1522,2812,2.266081
1523,2805,2.260440
1524,2812,2.266081
1525,2813,2.266886
1526,2821,2.273333
1527,2797,2.253993
1528,2812,2.266081
1529,2797,2.253993
1530,2812,2.266081
1531,2805,2.260440
1532,2797,2.253993
1533,2805,2.260440
1534,2812,2.266081
1535,2805,2.260440
1536,2805,2.260440
1537,2812,2.266081
1538,2812,2.266081
1539,2820,2.272527
1540,2813,2.266886
1541,2828,2.278974
1542,2812,2.266081
1543,2812,2.266081
1544,2812,2.266081
1545,2805,2.260440
1546,2812,2.266081
1547,2812,2.266081
1548,2797,2.253993
1549,2812,2.266081
1550,2805,2.260440
1551,2812,2.266081
1552,2805,2.260440
1553,2799,2.255604
1554,2820,2.272527
1555,2820,2.272527
1556,2797,2.253993
1557,2813,2.266886
1558,2797,2.253993
1559,2805,2.260440
1560,2797,2.253993
1561,2813,2.266886
1562,2820,2.272527
1563,2813,2.266886
1564,2813,2.266886
1565,2813,2.266886
1566,2821,2.273333
1567,2812,2.266081
1568,2828,2.278974
1569,2813,2.266886
1570,2813,2.266886
1571,2813,2.266886
1572,2828,2.278974
1573,2829,2.279780
1574,2829,2.279780
1575,2828,2.278974
1576,2821,2.273333
1577,2820,2.272527
1578,2821,2.273333
1579,2797,2.253993
1580,2812,2.266081
1581,2805,2.260440
1582,2820,2.272527
1583,2829,2.279780
1584,2820,2.272527
1585,2812,2.266081
1586,2820,2.272527
1587,2813,2.266886
1588,2821,2.273333
1589,2799,2.255604
1590,2820,2.272527
1591,2828,2.278974
1592,2812,2.266081
1593,2813,2.266886
1594,2828,2.278974
1595,2797,2.253993
1596,2797,2.253993
1597,2812,2.266081
1598,2812,2.266081
1599,2812,2.266081
1600,2813,2.266886
1601,2812,2.266081
1602,2812,2.266081
1603,2820,2.272527
1604,2813,2.266886
1605,2812,2.266081
1606,2821,2.273333
1607,2820,2.272527
1608,2828,2.278974
1609,2828,2.278974
1610,2813,2.266886
1611,2821,2.273333
1612,2828,2.278974
1613,2828,2.278974
1614,2813,2.266886
1615,2820,2.272527
1616,2821,2.273333
1617,2820,2.272527
1618,2813,2.266886
1619,2812,2.266081
1620,2812,2.266081
1621,2828,2.278974
1622,2828,2.278974
1623,2828,2.278974
1624,2828,2.278974
1625,2821,2.273333
1626,2821,2.273333
1627,2829,2.279780
1628,2820,2.272527
1629,2813,2.266886
1630,2820,2.272527
1631,2821,2.273333
1632,2812,2.266081
1633,2813,2.266886
1634,2828,2.278974
1635,2821,2.273333
1636,2829,2.279780
1637,2828,2.278974
1638,2821,2.273333
1639,2828,2.278974
1640,2821,2.273333
1641,2820,2.272527
1642,2828,2.278974
1643,2821,2.273333
1644,2820,2.272527
1645,2828,2.278974
1646,2820,2.272527
1647,2813,2.266886
1648,2812,2.266081
1649,2820,2.272527
1650,2829,2.279780
1651,2828,2.278974
1652,2828,2.278974
1653,2821,2.273333
1654,2831,2.281392
1655,2813,2.266886
1656,2821,2.273333
1657,2821,2.273333
1658,2831,2.281392
1659,2820,2.272527
1660,2828,2.278974
1661,2829,2.279780
1662,2821,2.273333
1663,2829,2.279780
1664,2821,2.273333
1665,2828,2.278974
1666,2813,2.266886
1667,2828,2.278974
1668,2820,2.272527
1669,2821,2.273333
1670,2837,2.286227
1671,2828,2.278974
1672,2813,2.266886
1673,2828,2.278974
1674,2829,2.279780
1675,2828,2.278974
1676,2821,2.273333
1677,2820,2.272527
1678,2829,2.279780
1679,2821,2.273333
1680,2821,2.273333
1681,2828,2.278974
1682,2813,2.266886
1683,2828,2.278974
1684,2820,2.272527
1685,2831,2.281392
1686,2828,2.278974
1687,2812,2.266081
1688,2829,2.279780
1689,2828,2.278974
1690,2820,2.272527
1691,2829,2.279780
1692,2829,2.279780
1693,2837,2.286227
1694,2828,2.278974
1695,2828,2.278974
1696,2828,2.278974
1697,2821,2.273333
1698,2829,2.279780
1699,2829,2.279780
1700,2831,2.281392
1701,2837,2.286227
1702,2852,2.298315
1703,2828,2.278974
1704,2829,2.279780
1705,2837,2.286227
1706,2820,2.272527
1707,2829,2.279780
1708,2837,2.286227
1709,2829,2.279780
1710,2829,2.279780
1711,2844,2.291868
1712,2829,2.279780
1713,2828,2.278974
1714,2828,2.278974
1715,2829,2.279780
1716,2821,2.273333
1717,2828,2.278974
1718,2828,2.278974
1719,2837,2.286227
1720,2829,2.279780
1721,2821,2.273333
1722,2821,2.273333
1723,2820,2.272527
1724,2828,2.278974
1725,2828,2.278974
1726,2845,2.292674
1727,2829,2.279780
1728,2829,2.279780
1729,2828,2.278974
1730,2829,2.279780
1731,2829,2.279780
1732,2829,2.279780
1733,2829,2.279780
1734,2829,2.279780
1735,2844,2.291868
1736,2844,2.291868
1737,2829,2.279780
1738,2845,2.292674
1739,2829,2.279780
1740,2829,2.279780
1741,2829,2.279780
1742,2844,2.291868
1743,2844,2.291868
1744,2828,2.278974
1745,2844,2.291868
1746,2829,2.279780
1747,2829,2.279780
1748,2829,2.279780
1749,2828,2.278974
1750,2829,2.279780
1751,2844,2.291868
1752,2828,2.278974
1753,2828,2.278974
1754,2828,2.278974
1755,2831,2.281392
1756,2837,2.286227
1757,2831,2.281392
1758,2845,2.292674
1759,2844,2.291868
1760,2829,2.279780
1761,2844,2.291868
1762,2828,2.278974
1763,2844,2.291868
1764,2829,2.279780
1765,2828,2.278974
1766,2829,2.279780
1767,2831,2.281392
1768,2837,2.286227
1769,2845,2.292674
1770,2837,2.286227
1771,2829,2.279780
1772,2821,2.273333
1773,2837,2.286227
1774,2837,2.286227
1775,2829,2.279780
1776,2831,2.281392
1777,2828,2.278974
1778,2828,2.278974
1779,2829,2.279780
1780,2844,2.291868
1781,2837,2.286227
1782,2829,2.279780
1783,2828,2.278974
1784,2829,2.279780
1785,2829,2.279780
1786,2844,2.291868
1787,2829,2.279780
1788,2845,2.292674
1789,2829,2.279780
1790,2845,2.292674
1791,2829,2.279780
1792,2837,2.286227
1793,2829,2.279780
1794,2837,2.286227
1795,2829,2.279780
1796,2829,2.279780
1797,2828,2.278974
1798,2829,2.279780
1799,2821,2.273333
1800,2844,2.291868
1801,2844,2.291868
1802,2837,2.286227
1803,2837,2.286227
1804,2837,2.286227
1805,2829,2.279780
1806,2829,2.279780
1807,2829,2.279780
1808,2837,2.286227
1809,2844,2.291868
1810,2813,2.266886
1811,2837,2.286227
1812,2828,2.278974
1813,2829,2.279780
1814,2828,2.278974
1815,2829,2.279780
1816,2837,2.286227
1817,2829,2.279780
1818,2829,2.279780
1819,2829,2.279780
1820,2829,2.279780
1821,2829,2.279780
1822,2821,2.273333
1823,2829,2.279780
1824,2820,2.272527
1825,2821,2.273333
1826,2829,2.279780
1827,2829,2.279780
1828,2829,2.279780
1829,2837,2.286227
1830,2844,2.291868
1831,2828,2.278974
1832,2828,2.278974
1833,2837,2.286227
1834,2829,2.279780
1835,2829,2.279780
1836,2844,2.291868
1837,2828,2.278974
1838,2820,2.272527
1839,2829,2.279780
1840,2820,2.272527
1841,2821,2.273333
1842,2828,2.278974
1843,2821,2.273333
1844,2820,2.272527
1845,2820,2.272527
1846,2829,2.279780
1847,2828,2.278974
1848,2820,2.272527
1849,2828,2.278974
1850,2828,2.278974
1851,2821,2.273333
1852,2828,2.278974
1853,2821,2.273333
1854,2829,2.279780
1855,2829,2.279780
1856,2829,2.279780
1857,2829,2.279780
1858,2829,2.279780
1859,2820,2.272527
1860,2820,2.272527
1861,2821,2.273333
1862,2829,2.279780
1863,2820,2.272527
1864,2821,2.273333
1865,2828,2.278974
1866,2828,2.278974
1867,2828,2.278974
1868,2813,2.266886
1869,2821,2.273333
1870,2820,2.272527
1871,2829,2.279780
1872,2821,2.273333
1873,2812,2.266081
1874,2820,2.272527
1875,2812,2.266081
1876,2829,2.279780
1877,2820,2.272527
1878,2821,2.273333
1879,2812,2.266081
1880,2820,2.272527
1881,2829,2.279780
1882,2820,2.272527
1883,2820,2.272527
1884,2828,2.278974
1885,2820,2.272527
1886,2828,2.278974
1887,2813,2.266886
1888,2820,2.272527
1889,2821,2.273333
1890,2829,2.279780
1891,2829,2.279780
1892,2828,2.278974
1893,2813,2.266886
1894,2821,2.273333
1895,2821,2.273333
1896,2813,2.266886
1897,2799,2.255604
1898,2813,2.266886
1899,2820,2.272527
1900,2820,2.272527
1901,2820,2.272527
1902,2812,2.266081
1903,2805,2.260440
1904,2828,2.278974
1905,2828,2.278974
1906,2831,2.281392
1907,2821,2.273333
1908,2821,2.273333
1909,2829,2.279780
1910,2821,2.273333
1911,2820,2.272527
1912,2820,2.272527
1913,2813,2.266886
1914,2821,2.273333
1915,2821,2.273333
1916,2821,2.273333
1917,2820,2.272527
1918,2821,2.273333
1919,2821,2.273333
1920,2828,2.278974
1921,2828,2.278974
1922,2820,2.272527
1923,2828,2.278974
1924,2828,2.278974
1925,2820,2.272527
1926,2828,2.278974
1927,2820,2.272527
1928,2828,2.278974
1929,2828,2.278974
1930,2828,2.278974
1931,2829,2.279780
1932,2828,2.278974
1933,2829,2.279780
1934,2828,2.278974
1935,2829,2.279780
1936,2829,2.279780
1937,2820,2.272527
1938,2821,2.273333
1939,2831,2.281392
1940,2821,2.273333
1941,2837,2.286227
1942,2820,2.272527
1943,2828,2.278974
1944,2829,2.279780
1945,2828,2.278974
1946,2820,2.272527
1947,2828,2.278974
1948,2837,2.286227
1949,2828,2.278974
1950,2829,2.279780
1951,2829,2.279780
1952,2844,2.291868
1953,2828,2.278974
1954,2821,2.273333
1955,2831,2.281392
1956,2852,2.298315
1957,2837,2.286227
1958,2829,2.279780
1959,2828,2.278974
1960,2829,2.279780
1961,2829,2.279780
1962,2829,2.279780
1963,2831,2.281392
1964,2837,2.286227
1965,2828,2.278974
1966,2844,2.291868
1967,2821,2.273333
1968,2829,2.279780
1969,2844,2.291868
1970,2831,2.281392
1971,2837,2.286227
1972,2829,2.279780
1973,2831,2.281392
1974,2829,2.279780
1975,2829,2.279780
1976,2829,2.279780
1977,2844,2.291868
1978,2853,2.299121
1979,2844,2.291868
1980,2829,2.279780
1981,2844,2.291868
1982,2837,2.286227
1983,2844,2.291868
1984,2837,2.286227
1985,2844,2.291868
1986,2845,2.292674
1987,2852,2.298315
1988,2837,2.286227
1989,2831,2.281392
1990,2837,2.286227
1991,2845,2.292674
1992,2852,2.298315
1993,2837,2.286227
1994,2844,2.291868
1995,2852,2.298315
1996,2853,2.299121
1997,2844,2.291868
1998,2845,2.292674
1999,2844,2.291868
2000,2852,2.298315
2001,2844,2.291868
2002,2845,2.292674
2003,2852,2.298315
2004,2837,2.286227
2005,2853,2.299121
2006,2860,2.304762
2007,2837,2.286227
2008,2860,2.304762
2009,2852,2.298315
2010,2852,2.298315
2011,2837,2.286227
2012,2845,2.292674
2013,2852,2.298315
2014,2844,2.291868
2015,2853,2.299121
2016,2852,2.298315
2017,2861,2.305568
2018,2852,2.298315
2019,2845,2.292674
2020,2844,2.291868
2021,2852,2.298315
2022,2852,2.298315
2023,2845,2.292674
2024,2845,2.292674
2025,2845,2.292674
2026,2852,2.298315
2027,2844,2.291868
2028,2845,2.292674
2029,2853,2.299121
2030,2852,2.298315
2031,2844,2.291868
2032,2852,2.298315
2033,2837,2.286227
2034,2860,2.304762
2035,2852,2.298315
2036,2852,2.298315
2037,2845,2.292674
2038,2845,2.292674
2039,2845,2.292674
2040,2829,2.279780
2041,2852,2.298315
2042,2860,2.304762
2043,2845,2.292674
2044,2837,2.286227
2045,2852,2.298315
2046,2852,2.298315
2047,2844,2.291868
2048,2852,2.298315
2049,2860,2.304762
2050,2844,2.291868
2051,2845,2.292674
2052,2844,2.291868
2053,2844,2.291868
2054,2844,2.291868
2055,2852,2.298315
2056,2844,2.291868
2057,2844,2.291868
2058,2844,2.291868
2059,2844,2.291868
2060,2844,2.291868
2061,2852,2.298315
2062,2844,2.291868
2063,2844,2.291868
2064,2844,2.291868
2065,2829,2.279780
2066,2829,2.279780
2067,2829,2.279780
2068,2844,2.291868
2069,2836,2.285421
2070,2829,2.279780
2071,2844,2.291868
2072,2844,2.291868
2073,2829,2.279780
2074,2828,2.278974
2075,2820,2.272527
2076,2828,2.278974
2077,2837,2.286227
2078,2829,2.279780
2079,2820,2.272527
2080,2813,2.266886
2081,2813,2.266886
2082,2829,2.279780
2083,2828,2.278974
2084,2812,2.266081
2085,2812,2.266081
2086,2812,2.266081
2087,2820,2.272527
2088,2812,2.266081
2089,2812,2.266081
2090,2797,2.253993
2091,2797,2.253993
2092,2805,2.260440
2093,2789,2.247546
2094,2797,2.253993
2095,2797,2.253993
2096,2796,2.253187
2097,2797,2.253993
2098,2788,2.246740
2099,2780,2.240293
2100,2781,2.241099
2101,2788,2.246740
2102,2796,2.253187
2103,2788,2.246740
2104,2773,2.234652
2105,2781,2.241099
2106,2780,2.240293
2107,2781,2.241099
2108,2765,2.228205
2109,2780,2.240293
2110,2764,2.227399
2111,2764,2.227399
2112,2764,2.227399
2113,2757,2.221758
2114,2749,2.215311
2115,2765,2.228205
2116,2733,2.202418
2117,2757,2.221758
2118,2741,2.208864
2119,2764,2.227399
2120,2748,2.214505
2121,2733,2.202418
2122,2748,2.214505
2123,2733,2.202418
2124,2733,2.202418
2125,2732,2.201612
2126,2725,2.195971
2127,2735,2.204029
2128,2732,2.201612
2129,2724,2.195165
2130,2716,2.188718
2131,2716,2.188718
2132,2716,2.188718
2133,2701,2.176630
2134,2701,2.176630
2135,2701,2.176630
2136,2701,2.176630
2137,2701,2.176630
2138,2693,2.170183
2139,2701,2.176630
2140,2693,2.170183
2141,2692,2.169377
2142,2693,2.170183
2143,2669,2.150842
2144,2661,2.144396
2145,2668,2.150037
2146,2669,2.150842
2147,2668,2.150037
2148,2669,2.150842
2149,2661,2.144396
2150,2661,2.144396
2151,2661,2.144396
2152,2660,2.143590
2153,2652,2.137143
2154,2629,2.118608
2155,2653,2.137949
2156,2645,2.131502
2157,2645,2.131502
2158,2637,2.125055
2159,2637,2.125055
2160,2628,2.117802
2161,2628,2.117802
2162,2639,2.126667
2163,2636,2.124249
2164,2637,2.125055
2165,2636,2.124249
2166,2637,2.125055
2167,2621,2.112161
2168,2620,2.111355
2169,2636,2.124249
2170,2629,2.118608
2171,2629,2.118608
2172,2637,2.125055
2173,2637,2.125055
2174,2629,2.118608
2175,2637,2.125055
2176,2636,2.124249
2177,2652,2.137143
2178,2637,2.125055
2179,2652,2.137143
2180,2652,2.137143
2181,2652,2.137143
2182,2652,2.137143
2183,2660,2.143590
2184,2668,2.150037
2185,2660,2.143590
2186,2669,2.150842
2187,2671,2.152454
2188,2676,2.156484
2189,2684,2.162930
2190,2677,2.157289
2191,2669,2.150842
2192,2701,2.176630
2193,2693,2.170183
2194,2701,2.176630
2195,2700,2.175824
2196,2700,2.175824
2197,2701,2.176630
2198,2716,2.188718
2199,2716,2.188718
2200,2724,2.195165
2201,2724,2.195165
2202,2735,2.204029
2203,2732,2.201612
2204,2749,2.215311
2205,2749,2.215311
2206,2735,2.204029
2207,2749,2.215311
2208,2764,2.227399
2209,2757,2.221758
2210,2765,2.228205
2211,2764,2.227399
2212,2757,2.221758
2213,2764,2.227399
2214,2773,2.234652
2215,2780,2.240293
2216,2767,2.229817
2217,2788,2.246740
2218,2789,2.247546
2219,2797,2.253993
2220,2796,2.253187
2221,2796,2.253187
2222,2805,2.260440
2223,2789,2.247546
2224,2796,2.253187
2225,2812,2.266081
2226,2799,2.255604
2227,2820,2.272527
2228,2828,2.278974
2229,2813,2.266886
2230,2813,2.266886
2231,2821,2.273333
2232,2820,2.272527
2233,2828,2.278974
2234,2828,2.278974
2235,2837,2.286227
2236,2828,2.278974
2237,2844,2.291868
2238,2844,2.291868
2239,2845,2.292674
2240,2844,2.291868
2241,2852,2.298315
2242,2852,2.298315
2243,2860,2.304762
2244,2853,2.299121
2245,2852,2.298315
2246,2860,2.304762
2247,2853,2.299121
2248,2860,2.304762
2249,2861,2.305568
2250,2861,2.305568
2251,2861,2.305568
2252,2863,2.307179
2253,2861,2.305568
2254,2877,2.318462
2255,2861,2.305568
2256,2861,2.305568
2257,2860,2.304762
2258,2863,2.307179
2259,2877,2.318462
2260,2877,2.318462
2261,2863,2.307179
2262,2869,2.312015
2263,2885,2.324908
2264,2877,2.318462
2265,2876,2.317656
2266,2877,2.318462
2267,2885,2.324908
2268,2885,2.324908
2269,2892,2.330549
2270,2893,2.331355
2271,2885,2.324908
2272,2877,2.318462
2273,2892,2.330549
2274,2884,2.324103
2275,2893,2.331355
2276,2893,2.331355
2277,2877,2.318462
2278,2885,2.324908
2279,2892,2.330549
2280,2893,2.331355
2281,2892,2.330549
2282,2892,2.330549
2283,2893,2.331355
2284,2917,2.350696
2285,2908,2.343443
2286,2893,2.331355
2287,2901,2.337802
2288,2893,2.331355
2289,2893,2.331355
2290,2893,2.331355
2291,2893,2.331355
2292,2908,2.343443
2293,2901,2.337802
2294,2893,2.331355
2295,2901,2.337802
2296,2892,2.330549
2297,2909,2.344249
2298,2901,2.337802
2299,2901,2.337802
2300,2901,2.337802
2301,2909,2.344249
2302,2901,2.337802
2303,2908,2.343443
2304,2916,2.349890
2305,2908,2.343443
2306,2916,2.349890
2307,2908,2.343443
2308,2916,2.349890
2309,2908,2.343443
2310,2917,2.350696
2311,2909,2.344249
2312,2908,2.343443
2313,2908,2.343443
2314,2916,2.349890
2315,2909,2.344249
2316,2908,2.343443
2317,2893,2.331355
2318,2909,2.344249
2319,2908,2.343443
2320,2917,2.350696
2321,2925,2.357143
2322,2916,2.349890
2323,2917,2.350696
2324,2908,2.343443
2325,2893,2.331355
2326,2916,2.349890
2327,2916,2.349890
2328,2916,2.349890
2329,2916,2.349890
2330,2917,2.350696
2331,2909,2.344249
2332,2909,2.344249
2333,2909,2.344249
2334,2917,2.350696
2335,2925,2.357143
2336,2924,2.356337
2337,2909,2.344249
2338,2909,2.344249
2339,2925,2.357143
2340,2924,2.356337
2341,2916,2.349890
2342,2916,2.349890
2343,2924,2.356337
2344,2924,2.356337
2345,2909,2.344249
2346,2924,2.356337
2347,2916,2.349890
2348,2909,2.344249
2349,2909,2.344249
2350,2924,2.356337
2351,2917,2.350696
2352,2909,2.344249
2353,2908,2.343443
2354,2924,2.356337
2355,2917,2.350696
2356,2916,2.349890
2357,2916,2.349890
2358,2908,2.343443
2359,2908,2.343443
2360,2916,2.349890
2361,2917,2.350696
2362,2924,2.356337
2363,2916,2.349890
2364,2916,2.349890
2365,2916,2.349890
2366,2917,2.350696
2367,2916,2.349890
2368,2916,2.349890
2369,2916,2.349890
2370,2909,2.344249
2371,2908,2.343443
2372,2908,2.343443
2373,2909,2.344249
2374,2909,2.344249
2375,2924,2.356337
2376,2917,2.350696
2377,2924,2.356337
2378,2917,2.350696
2379,2916,2.349890
2380,2908,2.343443
2381,2916,2.349890
2382,2916,2.349890
2383,2909,2.344249
2384,2917,2.350696
2385,2916,2.349890
2386,2909,2.344249
2387,2917,2.350696
2388,2924,2.356337
2389,2924,2.356337
2390,2909,2.344249
2391,2916,2.349890
2392,2916,2.349890
2393,2924,2.356337
2394,2925,2.357143
2395,2916,2.349890
2396,2909,2.344249
2397,2924,2.356337
2398,2916,2.349890
2399,2909,2.344249
2400,2893,2.331355
2401,2909,2.344249
2402,2916,2.349890
2403,2893,2.331355
2404,2916,2.349890
2405,2917,2.350696
2406,2917,2.350696
2407,2909,2.344249
2408,2924,2.356337
2409,2901,2.337802
2410,2908,2.343443
2411,2916,2.349890
2412,2909,2.344249
2413,2908,2.343443
2414,2909,2.344249
2415,2916,2.349890
2416,2908,2.343443
2417,2901,2.337802
2418,2909,2.344249
2419,2925,2.357143
2420,2916,2.349890
2421,2909,2.344249
2422,2909,2.344249
2423,2917,2.350696
2424,2917,2.350696
2425,2916,2.349890
2426,2924,2.356337
2427,2916,2.349890
2428,2917,2.350696
2429,2917,2.350696
2430,2909,2.344249
2431,2916,2.349890
2432,2924,2.356337
2433,2908,2.343443
2434,2916,2.349890
2435,2916,2.349890
2436,2916,2.349890
2437,2916,2.349890
2438,2916,2.349890
2439,2916,2.349890
2440,2909,2.344249
2441,2909,2.344249
2442,2895,2.332967
2443,2908,2.343443
2444,2908,2.343443
2445,2908,2.343443
2446,2909,2.344249
2447,2909,2.344249
2448,2916,2.349890
2449,2909,2.344249
2450,2917,2.350696
2451,2901,2.337802
2452,2924,2.356337
2453,2909,2.344249
2454,2908,2.343443
2455,2909,2.344249
2456,2924,2.356337
2457,2909,2.344249
2458,2909,2.344249
2459,2924,2.356337
2460,2924,2.356337
2461,2925,2.357143
2462,2916,2.349890
2463,2917,2.350696
2464,2895,2.332967
2465,2917,2.350696
2466,2917,2.350696
2467,2924,2.356337
2468,2925,2.357143
2469,2924,2.356337
2470,2916,2.349890
2471,2917,2.350696
2472,2916,2.349890
2473,2924,2.356337
2474,2924,2.356337
2475,2933,2.363590
2476,2925,2.357143
2477,2925,2.357143
2478,2924,2.356337
2479,2925,2.357143
2480,2933,2.363590
2481,2927,2.358755
2482,2916,2.349890
2483,2916,2.349890
2484,2916,2.349890
2485,2916,2.349890
2486,2917,2.350696
2487,2916,2.349890
2488,2924,2.356337
2489,2916,2.349890
2490,2916,2.349890
2491,2916,2.349890
2492,2908,2.343443
2493,2916,2.349890
2494,2908,2.343443
2495,2916,2.349890
2496,2901,2.337802
2497,2916,2.349890
2498,2916,2.349890
2499,2916,2.349890
2500,2917,2.350696
2501,2908,2.343443
2502,2917,2.350696
2503,2909,2.344249
2504,2917,2.350696
2505,2908,2.343443
2506,2909,2.344249
2507,2917,2.350696
2508,2909,2.344249
2509,2917,2.350696
2510,2917,2.350696
2511,2924,2.356337
2512,2924,2.356337
2513,2916,2.349890
2514,2909,2.344249
2515,2916,2.349890
2516,2908,2.343443
2517,2909,2.344249
2518,2917,2.350696
2519,2917,2.350696
2520,2924,2.356337
2521,2925,2.357143
2522,2917,2.350696
2523,2916,2.349890
2524,2917,2.350696
2525,2916,2.349890
2526,2908,2.343443
2527,2916,2.349890
2528,2908,2.343443
2529,2916,2.349890
2530,2916,2.349890
2531,2909,2.344249
2532,2924,2.356337
2533,2924,2.356337
2534,2909,2.344249
2535,2908,2.343443
2536,2909,2.344249
2537,2909,2.344249
2538,2917,2.350696
2539,2908,2.343443
2540,2908,2.343443
2541,2901,2.337802
2542,2908,2.343443
2543,2908,2.343443
2544,2909,2.344249
2545,2908,2.343443
2546,2908,2.343443
2547,2908,2.343443
2548,2908,2.343443
2549,2908,2.343443
2550,2916,2.349890
2551,2909,2.344249
2552,2908,2.343443
2553,2909,2.344249
2554,2893,2.331355
2555,2893,2.331355
2556,2909,2.344249
2557,2895,2.332967
2558,2909,2.344249
2559,2893,2.331355
2560,2893,2.331355
2561,2908,2.343443
2562,2893,2.331355
2563,2893,2.331355
2564,2893,2.331355
2565,2893,2.331355
2566,2908,2.343443
2567,2895,2.332967
2568,2893,2.331355
2569,2917,2.350696
2570,2901,2.337802
2571,2908,2.343443
2572,2893,2.331355
2573,2908,2.343443
2574,2893,2.331355
2575,2893,2.331355
2576,2909,2.344249
2577,2908,2.343443
2578,2893,2.331355
2579,2901,2.337802
2580,2893,2.331355
2581,2893,2.331355
2582,2901,2.337802
2583,2892,2.330549
2584,2901,2.337802
2585,2916,2.349890
2586,2893,2.331355
2587,2885,2.324908
2588,2893,2.331355
2589,2908,2.343443
2590,2901,2.337802
2591,2893,2.331355
2592,2892,2.330549
2593,2877,2.318462
2594,2908,2.343443
2595,2893,2.331355
2596,2893,2.331355
2597,2893,2.331355
2598,2893,2.331355
2599,2893,2.331355
2600,2893,2.331355
2601,2892,2.330549
2602,2893,2.331355
2603,2877,2.318462
2604,2892,2.330549
2605,2892,2.330549
2606,2892,2.330549
2607,2893,2.331355
2608,2892,2.330549
2609,2877,2.318462
2610,2885,2.324908
2611,2893,2.331355
2612,2892,2.330549
2613,2884,2.324103
2614,2893,2.331355
2615,2893,2.331355
2616,2892,2.330549
2617,2876,2.317656
2618,2893,2.331355
2619,2884,2.324103
2620,2884,2.324103
2621,2877,2.318462
2622,2876,2.317656
2623,2892,2.330549
2624,2877,2.318462
2625,2877,2.318462
2626,2869,2.312015
2627,2892,2.330549
2628,2892,2.330549
2629,2877,2.318462
2630,2877,2.318462
2631,2869,2.312015
2632,2876,2.317656
2633,2884,2.324103
2634,2876,2.317656
2635,2876,2.317656
2636,2869,2.312015
2637,2885,2.324908
2638,2876,2.317656
2639,2884,2.324103
2640,2892,2.330549
2641,2861,2.305568
2642,2876,2.317656
2643,2876,2.317656
2644,2877,2.318462
2645,2861,2.305568
2646,2861,2.305568
2647,2876,2.317656
2648,2876,2.317656
2649,2876,2.317656
2650,2869,2.312015
2651,2877,2.318462
2652,2876,2.317656
2653,2877,2.318462
2654,2877,2.318462
2655,2861,2.305568
2656,2863,2.307179
2657,2861,2.305568
2658,2852,2.298315
2659,2852,2.298315
2660,2861,2.305568
2661,2861,2.305568
2662,2861,2.305568
2663,2860,2.304762
2664,2845,2.292674
2665,2860,2.304762
2666,2861,2.305568
2667,2853,2.299121
2668,2853,2.299121
2669,2845,2.292674
2670,2845,2.292674
2671,2852,2.298315
2672,2844,2.291868
2673,2844,2.291868
2674,2852,2.298315
2675,2860,2.304762
2676,2853,2.299121
2677,2852,2.298315
2678,2845,2.292674
2679,2860,2.304762
2680,2844,2.291868
2681,2844,2.291868
2682,2829,2.279780
2683,2831,2.281392
2684,2852,2.298315
2685,2837,2.286227
2686,2844,2.291868
2687,2837,2.286227
2688,2829,2.279780
2689,2829,2.279780
2690,2852,2.298315
2691,2837,2.286227
2692,2828,2.278974
2693,2829,2.279780
2694,2828,2.278974
2695,2829,2.279780
2696,2828,2.278974
2697,2821,2.273333
2698,2829,2.279780
2699,2831,2.281392
2700,2829,2.279780
2701,2829,2.279780
2702,2813,2.266886
2703,2828,2.278974
2704,2821,2.273333
2705,2828,2.278974
2706,2821,2.273333
2707,2829,2.279780
2708,2820,2.272527
2709,2820,2.272527
2710,2805,2.260440
2711,2813,2.266886
2712,2812,2.266081
2713,2797,2.253993
2714,2797,2.253993
2715,2812,2.266081
2716,2812,2.266081
2717,2812,2.266081
2718,2812,2.266081
2719,2796,2.253187
2720,2797,2.253993
2721,2797,2.253993
2722,2812,2.266081
2723,2797,2.253993
2724,2805,2.260440
2725,2797,2.253993
2726,2796,2.253187
2727,2812,2.266081
2728,2799,2.255604
2729,2805,2.260440
2730,2788,2.246740
2731,2788,2.246740
2732,2797,2.253993
2733,2796,2.253187
2734,2788,2.246740
2735,2789,2.247546
2736,2788,2.246740
2737,2780,2.240293
2738,2780,2.240293
2739,2765,2.228205
2740,2780,2.240293
2741,2764,2.227399
2742,2765,2.228205
2743,2788,2.246740
2744,2773,2.234652
2745,2773,2.234652
2746,2780,2.240293
2747,2788,2.246740
2748,2765,2.228205
2749,2765,2.228205
2750,2767,2.229817
2751,2765,2.228205
2752,2764,2.227399
2753,2749,2.215311
2754,2765,2.228205
2755,2765,2.228205
2756,2749,2.215311
2757,2765,2.228205
2758,2756,2.220952
2759,2756,2.220952
2760,2757,2.221758
2761,2757,2.221758
2762,2741,2.208864
2763,2756,2.220952
2764,2756,2.220952
2765,2749,2.215311
2766,2756,2.220952
2767,2748,2.214505
2768,2748,2.214505
2769,2741,2.208864
2770,2733,2.202418
2771,2740,2.208059
2772,2749,2.215311
2773,2724,2.195165
2774,2741,2.208864
2775,2732,2.201612
2776,2732,2.201612
2777,2724,2.195165
2778,2733,2.202418
2779,2724,2.195165
2780,2733,2.202418
2781,2716,2.188718
2782,2716,2.188718
2783,2724,2.195165
2784,2716,2.188718
2785,2724,2.195165
2786,2732,2.201612
2787,2717,2.189524
2788,2725,2.195971
2789,2732,2.201612
2790,2717,2.189524
2791,2716,2.188718
2792,2716,2.188718
2793,2716,2.188718
2794,2709,2.183077
2795,2709,2.183077
2796,2703,2.178242
2797,2692,2.169377
2798,2684,2.162930
2799,2684,2.162930
2800,2676,2.156484
2801,2677,2.157289
2802,2684,2.162930
2803,2684,2.162930
2804,2671,2.152454
2805,2684,2.162930
2806,2692,2.169377
2807,2685,2.163736
2808,2684,2.162930
2809,2669,2.150842
2810,2669,2.150842
2811,2669,2.150842
2812,2668,2.150037
2813,2661,2.144396
2814,2669,2.150842
2815,2668,2.150037
2816,2652,2.137143
2817,2653,2.137949
2818,2645,2.131502
2819,2652,2.137143
2820,2668,2.150037
2821,2668,2.150037
2822,2639,2.126667
2823,2652,2.137143
2824,2636,2.124249
2825,2637,2.125055
2826,2652,2.137143
2827,2645,2.131502
2828,2637,2.125055
2829,2637,2.125055
2830,2621,2.112161
2831,2621,2.112161
2832,2629,2.118608
2833,2628,2.117802
2834,2636,2.124249
2835,2621,2.112161
2836,2628,2.117802
2837,2607,2.100879
2838,2636,2.124249
2839,2620,2.111355
2840,2607,2.100879
2841,2605,2.099267
2842,2620,2.111355
2843,2604,2.098462
2844,2604,2.098462
2845,2621,2.112161
2846,2613,2.105714
2847,2589,2.086374
2848,2605,2.099267
2849,2605,2.099267
2850,2597,2.092821
2851,2596,2.092015
2852,2604,2.098462
2853,2605,2.099267
2854,2588,2.085568
2855,2572,2.072674
2856,2589,2.086374
2857,2588,2.085568
2858,2596,2.092015
2859,2588,2.085568
2860,2573,2.073480
2861,2573,2.073480
2862,2572,2.072674
2863,2557,2.060586
2864,2573,2.073480
2865,2573,2.073480
2866,2572,2.072674
2867,2541,2.047692
2868,2557,2.060586
2869,2557,2.060586
2870,2557,2.060586
2871,2573,2.073480
2872,2556,2.059780
2873,2559,2.062198
2874,2572,2.072674
2875,2573,2.073480
2876,2557,2.060586
2877,2543,2.049304
2878,2541,2.047692
2879,2565,2.067033
2880,2557,2.060586
2881,2541,2.047692
2882,2541,2.047692
2883,2564,2.066227
2884,2540,2.046886
2885,2533,2.041245
2886,2541,2.047692
2887,2533,2.041245
2888,2525,2.034799
2889,2532,2.040440
2890,2532,2.040440
2891,2533,2.041245
2892,2517,2.028352
2893,2524,2.033993
2894,2525,2.034799
2895,2532,2.040440
2896,2524,2.033993
2897,2525,2.034799
2898,2517,2.028352
2899,2509,2.021905
2900,2524,2.033993
2901,2493,2.009011
2902,2509,2.021905
2903,2508,2.021099
2904,2501,2.015458
2905,2500,2.014652
2906,2508,2.021099
2907,2509,2.021905
2908,2500,2.014652
2909,2508,2.021099
2910,2493,2.009011
2911,2500,2.014652
2912,2508,2.021099
2913,2500,2.014652
2914,2493,2.009011
2915,2492,2.008205
2916,2500,2.014652
2917,2500,2.014652
2918,2492,2.008205
2919,2485,2.002564
2920,2500,2.014652
2921,2477,1.996117
2922,2501,2.015458
2923,2493,2.009011
2924,2477,1.996117
2925,2476,1.995311
2926,2460,1.982418
2927,2477,1.996117
2928,2477,1.996117
2929,2492,2.008205
2930,2479,1.997729
2931,2461,1.983223
2932,2469,1.989670
2933,2477,1.996117
2934,2492,2.008205
2935,2460,1.982418
2936,2476,1.995311
2937,2469,1.989670
2938,2492,2.008205
2939,2477,1.996117
2940,2469,1.989670
2941,2477,1.996117
2942,2476,1.995311
2943,2461,1.983223
2944,2460,1.982418
2945,2444,1.969524
2946,2460,1.982418
2947,2460,1.982418
2948,2453,1.976777
2949,2468,1.988864
2950,2461,1.983223
2951,2452,1.975971
2952,2445,1.970330
2953,2445,1.970330
2954,2445,1.970330
2955,2461,1.983223
2956,2445,1.970330
2957,2428,1.956630
2958,2444,1.969524
2959,2461,1.983223
2960,2445,1.970330
2961,2453,1.976777
2962,2445,1.970330
2963,2445,1.970330
2964,2447,1.971941
2965,2437,1.963883
2966,2444,1.969524
2967,2428,1.956630
2968,2428,1.956630
2969,2428,1.956630
2970,2413,1.944542
2971,2436,1.963077
2972,2445,1.970330
2973,2437,1.963883
2974,2432,1.959853
2975,2453,1.976777
2976,2445,1.970330
2977,2447,1.971941
2978,2444,1.969524
2979,2428,1.956630
2980,2413,1.944542
2981,2428,1.956630
2982,2421,1.950989
2983,2413,1.944542
2984,2412,1.943736
2985,2436,1.963077
2986,2413,1.944542
2987,2421,1.950989
2988,2436,1.963077
2989,2437,1.963883
2990,2421,1.950989
2991,2404,1.937289
2992,2405,1.938095
2993,2404,1.937289
2994,2415,1.946154
2995,2413,1.944542
2996,2413,1.944542
2997,2405,1.938095
2998,2412,1.943736
2999,2397,1.931648
3000,2397,1.931648
3001,2404,1.937289
3002,2412,1.943736
3003,2412,1.943736
3004,2397,1.931648
3005,2420,1.950183
3006,2412,1.943736
3007,2405,1.938095
3008,2412,1.943736
3009,2396,1.930842
3010,2412,1.943736
3011,2396,1.930842
3012,2405,1.938095
3013,2412,1.943736
3014,2404,1.937289
3015,2396,1.930842
3016,2413,1.944542
3017,2404,1.937289
3018,2405,1.938095
3019,2405,1.938095
3020,2404,1.937289
3021,2383,1.920366
3022,2380,1.917949
3023,2380,1.917949
3024,2372,1.911502
3025,2383,1.920366
3026,2380,1.917949
3027,2404,1.937289
3028,2396,1.930842
3029,2396,1.930842
3030,2381,1.918755
3031,2396,1.930842
3032,2381,1.918755
3033,2372,1.911502
3034,2389,1.925201
3035,2365,1.905861
3036,2383,1.920366
3037,2381,1.918755
3038,2381,1.918755
3039,2381,1.918755
3040,2365,1.905861
3041,2389,1.925201
3042,2373,1.912308
3043,2365,1.905861
3044,2372,1.911502
3045,2357,1.899414
3046,2364,1.905055
3047,2357,1.899414
3048,2364,1.905055
3049,2373,1.912308
3050,2381,1.918755
3051,2396,1.930842
3052,2380,1.917949
3053,2380,1.917949
3054,2365,1.905861
3055,2365,1.905861
3056,2372,1.911502
3057,2357,1.899414
3058,2357,1.899414
3059,2348,1.892161
3060,2348,1.892161
3061,2349,1.892967
3062,2340,1.885714
3063,2340,1.885714
3064,2357,1.899414
3065,2348,1.892161
3066,2341,1.886520
3067,2333,1.880073
3068,2349,1.892967
3069,2341,1.886520
3070,2349,1.892967
3071,2364,1.905055
3072,2373,1.912308
3073,2373,1.912308
3074,2364,1.905055
3075,2380,1.917949
3076,2381,1.918755
3077,2373,1.912308
3078,2364,1.905055
3079,2364,1.905055
3080,2349,1.892967
3081,2349,1.892967
3082,2348,1.892161
3083,2349,1.892967
3084,2348,1.892161
3085,2357,1.899414
3086,2373,1.912308
3087,2381,1.918755
3088,2389,1.925201
3089,2373,1.912308
3090,2380,1.917949
3091,2372,1.911502
3092,2365,1.905861
3093,2364,1.905055
3094,2341,1.886520
3095,2341,1.886520
3096,2333,1.880073
3097,2348,1.892161
3098,2341,1.886520
3099,2348,1.892161
3100,2348,1.892161
3101,2333,1.880073
3102,2332,1.879267
3103,2340,1.885714
3104,2340,1.885714
3105,2348,1.892161
3106,2332,1.879267
3107,2333,1.880073
3108,2341,1.886520
3109,2341,1.886520
3110,2333,1.880073
3111,2332,1.879267
3112,2319,1.868791
3113,2316,1.866374
3114,2316,1.866374
3115,2325,1.873626
3116,2332,1.879267
3117,2332,1.879267
3118,2319,1.868791
3119,2332,1.879267
3120,2341,1.886520
3121,2332,1.879267
3122,2317,1.867179
3123,2332,1.879267
3124,2317,1.867179
3125,2332,1.879267
3126,2332,1.879267
3127,2317,1.867179
3128,2317,1.867179
3129,2316,1.866374
3130,2317,1.867179
3131,2325,1.873626
3132,2317,1.867179
3133,2317,1.867179
3134,2317,1.867179
3135,2340,1.885714
3136,2332,1.879267
3137,2316,1.866374
3138,2333,1.880073
3139,2333,1.880073
3140,2332,1.879267
3141,2332,1.879267
3142,2317,1.867179
3143,2303,1.855897
3144,2303,1.855897
3145,2303,1.855897
3146,2316,1.866374
3147,2303,1.855897
3148,2300,1.853480
3149,2300,1.853480
3150,2301,1.854286
3151,2293,1.847839
3152,2301,1.854286
3153,2301,1.854286
3154,2293,1.847839
3155,2317,1.867179
3156,2316,1.866374
3157,2300,1.853480
3158,2303,1.855897
3159,2303,1.855897
3160,2301,1.854286
3161,2300,1.853480
3162,2300,1.853480
3163,2293,1.847839
3164,2285,1.841392
3165,2303,1.855897
3166,2301,1.854286
3167,2301,1.854286
3168,2300,1.853480
3169,2300,1.853480
3170,2285,1.841392
3171,2287,1.843004
3172,2285,1.841392
3173,2284,1.840586
3174,2285,1.841392
3175,2293,1.847839
3176,2285,1.841392
3177,2292,1.847033
3178,2284,1.840586
3179,2285,1.841392
3180,2293,1.847839
3181,2285,1.841392
3182,2285,1.841392
3183,2285,1.841392
3184,2284,1.840586
3185,2284,1.840586
3186,2285,1.841392
3187,2285,1.841392
3188,2292,1.847033
3189,2284,1.840586
3190,2300,1.853480
3191,2301,1.854286
3192,2277,1.834945
3193,2285,1.841392
3194,2284,1.840586
3195,2285,1.841392
3196,2300,1.853480
3197,2285,1.841392
3198,2285,1.841392
3199,2300,1.853480
3200,2300,1.853480
3201,2292,1.847033
3202,2287,1.843004
3203,2285,1.841392
3204,2284,1.840586
3205,2285,1.841392
3206,2285,1.841392
3207,2277,1.834945
3208,2285,1.841392
3209,2285,1.841392
3210,2276,1.834139
3211,2285,1.841392
3212,2293,1.847839
3213,2268,1.827692
3214,2284,1.840586
3215,2277,1.834945
3216,2284,1.840586
3217,2285,1.841392
3218,2276,1.834139
3219,2277,1.834945
3220,2284,1.840586
3221,2276,1.834139
3222,2276,1.834139
3223,2276,1.834139
3224,2284,1.840586
3225,2276,1.834139
3226,2269,1.828498
3227,2285,1.841392
3228,2276,1.834139
3229,2276,1.834139
3230,2268,1.827692
3231,2276,1.834139
3232,2253,1.815604
3233,2255,1.817216
3234,2268,1.827692
3235,2261,1.822051
3236,2255,1.817216
3237,2253,1.815604
3238,2269,1.828498
3239,2261,1.822051
3240,2268,1.827692
3241,2269,1.828498
3242,2253,1.815604
3243,2261,1.822051
3244,2276,1.834139
3245,2277,1.834945
3246,2268,1.827692
3247,2284,1.840586
3248,2260,1.821245
3249,2269,1.828498
3250,2255,1.817216
3251,2276,1.834139
3252,2276,1.834139
3253,2276,1.834139
3254,2269,1.828498
3255,2261,1.822051
3256,2276,1.834139
3257,2260,1.821245
3258,2268,1.827692
3259,2252,1.814799
3260,2255,1.817216
3261,2255,1.817216
3262,2261,1.822051
3263,2268,1.827692
3264,2261,1.822051
3265,2255,1.817216
3266,2268,1.827692
3267,2276,1.834139
3268,2269,1.828498
3269,2276,1.834139
3270,2260,1.821245
3271,2269,1.828498
3272,2255,1.817216
3273,2276,1.834139
3274,2276,1.834139
3275,2261,1.822051
3276,2268,1.827692
3277,2261,1.822051
3278,2253,1.815604
3279,2261,1.822051
3280,2261,1.822051
3281,2255,1.817216
3282,2253,1.815604
3283,2252,1.814799
3284,2237,1.802711
3285,2255,1.817216
3286,2268,1.827692
3287,2261,1.822051
3288,2268,1.827692
3289,2253,1.815604
3290,2261,1.822051
3291,2268,1.827692
3292,2245,1.809158
3293,2261,1.822051
3294,2253,1.815604
3295,2253,1.815604
3296,2255,1.817216
3297,2260,1.821245
3298,2253,1.815604
3299,2261,1.822051
3300,2252,1.814799
3301,2261,1.822051
3302,2253,1.815604
3303,2253,1.815604
3304,2268,1.827692
3305,2255,1.817216
3306,2253,1.815604
3307,2253,1.815604
3308,2268,1.827692
3309,2260,1.821245
3310,2253,1.815604
3311,2260,1.821245
3312,2253,1.815604
3313,2268,1.827692
3314,2276,1.834139
3315,2253,1.815604
3316,2253,1.815604
3317,2245,1.809158
3318,2245,1.809158
3319,2252,1.814799
3320,2252,1.814799
3321,2253,1.815604
3322,2244,1.808352
3323,2261,1.822051
3324,2255,1.817216
3325,2253,1.815604
3326,2252,1.814799
3327,2253,1.815604
3328,2261,1.822051
3329,2268,1.827692
3330,2253,1.815604
3331,2255,1.817216
3332,2260,1.821245
3333,2252,1.814799
3334,2276,1.834139
3335,2261,1.822051
3336,2255,1.817216
3337,2269,1.828498
3338,2253,1.815604
3339,2261,1.822051
3340,2253,1.815604
3341,2253,1.815604
3342,2253,1.815604
3343,2252,1.814799
3344,2253,1.815604
3345,2245,1.809158
3346,2260,1.821245
3347,2252,1.814799
3348,2237,1.802711
3349,2253,1.815604
3350,2253,1.815604
3351,2244,1.808352
3352,2253,1.815604
3353,2253,1.815604
3354,2255,1.817216
3355,2244,1.808352
3356,2253,1.815604
3357,2253,1.815604
3358,2252,1.814799
3359,2245,1.809158
3360,2252,1.814799
3361,2244,1.808352
3362,2253,1.815604
3363,2237,1.802711
3364,2252,1.814799
3365,2245,1.809158
3366,2253,1.815604
3367,2245,1.809158
3368,2252,1.814799
3369,2252,1.814799
3370,2253,1.815604
3371,2252,1.814799
3372,2261,1.822051
3373,2261,1.822051
3374,2244,1.808352
3375,2244,1.808352
3376,2253,1.815604
3377,2252,1.814799
3378,2244,1.808352
3379,2245,1.809158
3380,2245,1.809158
3381,2245,1.809158
3382,2229,1.796264
3383,2245,1.809158
3384,2245,1.809158
3385,2237,1.802711
3386,2252,1.814799
3387,2244,1.808352
3388,2245,1.809158
3389,2245,1.809158
3390,2252,1.814799
3391,2245,1.809158
3392,2252,1.814799
3393,2244,1.808352
3394,2245,1.809158
3395,2252,1.814799
3396,2252,1.814799
3397,2244,1.808352
3398,2253,1.815604
3399,2244,1.808352
3400,2236,1.801905
3401,2253,1.815604
3402,2244,1.808352
3403,2252,1.814799
3404,2245,1.809158
3405,2252,1.814799
3406,2245,1.809158
3407,2260,1.821245
3408,2244,1.808352
3409,2252,1.814799
3410,2244,1.808352
3411,2244,1.808352
3412,2253,1.815604
3413,2252,1.814799
3414,2244,1.808352
3415,2236,1.801905
3416,2245,1.809158
3417,2245,1.809158
3418,2237,1.802711
3419,2236,1.801905
3420,2245,1.809158
3421,2236,1.801905
3422,2252,1.814799
3423,2252,1.814799
3424,2237,1.802711
3425,2253,1.815604
3426,2245,1.809158
3427,2252,1.814799
3428,2253,1.815604
3429,2236,1.801905
3430,2253,1.815604
3431,2252,1.814799
3432,2244,1.808352
3433,2253,1.815604
3434,2252,1.814799
3435,2244,1.808352
3436,2252,1.814799
3437,2253,1.815604
3438,2253,1.815604
3439,2245,1.809158
3440,2253,1.815604
3441,2252,1.814799
3442,2260,1.821245
3443,2252,1.814799
3444,2252,1.814799
3445,2268,1.827692
3446,2255,1.817216
3447,2244,1.808352
3448,2252,1.814799
3449,2253,1.815604
3450,2268,1.827692
3451,2252,1.814799
3452,2253,1.815604
3453,2253,1.815604
3454,2253,1.815604
3455,2252,1.814799
3456,2261,1.822051
3457,2252,1.814799
3458,2261,1.822051
3459,2255,1.817216
3460,2252,1.814799
3461,2261,1.822051
3462,2245,1.809158
3463,2268,1.827692
3464,2245,1.809158
3465,2255,1.817216
3466,2252,1.814799
3467,2252,1.814799
3468,2252,1.814799
3469,2252,1.814799
3470,2260,1.821245
3471,2269,1.828498
3472,2252,1.814799
3473,2268,1.827692
3474,2252,1.814799
3475,2253,1.815604
3476,2255,1.817216
3477,2245,1.809158
3478,2253,1.815604
3479,2260,1.821245
3480,2261,1.822051
3481,2245,1.809158
3482,2276,1.834139
3483,2276,1.834139
3484,2268,1.827692
3485,2268,1.827692
3486,2261,1.822051
3487,2253,1.815604
3488,2261,1.822051
3489,2269,1.828498
3490,2261,1.822051
3491,2277,1.834945
3492,2261,1.822051
3493,2276,1.834139
3494,2277,1.834945
3495,2276,1.834139
3496,2277,1.834945
3497,2268,1.827692
3498,2268,1.827692
3499,2268,1.827692
3500,2276,1.834139
3501,2269,1.828498
3502,2268,1.827692
3503,2276,1.834139
3504,2276,1.834139
3505,2285,1.841392
3506,2276,1.834139
3507,2292,1.847033
3508,2276,1.834139
3509,2277,1.834945
3510,2277,1.834945
3511,2285,1.841392
3512,2276,1.834139
3513,2284,1.840586
3514,2285,1.841392
3515,2284,1.840586
3516,2284,1.840586
3517,2277,1.834945
3518,2276,1.834139
3519,2285,1.841392
3520,2284,1.840586
3521,2284,1.840586
3522,2285,1.841392
3523,2285,1.841392
3524,2284,1.840586
3525,2293,1.847839
3526,2285,1.841392
3527,2300,1.853480
3528,2285,1.841392
3529,2316,1.866374
3530,2285,1.841392
3531,2284,1.840586
3532,2293,1.847839
3533,2303,1.855897
3534,2300,1.853480
3535,2300,1.853480
3536,2293,1.847839
3537,2301,1.854286
3538,2300,1.853480
3539,2301,1.854286
3540,2292,1.847033
3541,2301,1.854286
3542,2301,1.854286
3543,2303,1.855897
3544,2300,1.853480
3545,2300,1.853480
3546,2303,1.855897
3547,2316,1.866374
3548,2316,1.866374
3549,2303,1.855897
3550,2301,1.854286
3551,2325,1.873626
3552,2332,1.879267
3553,2317,1.867179
3554,2319,1.868791
3555,2319,1.868791
3556,2316,1.866374
3557,2316,1.866374
3558,2325,1.873626
3559,2332,1.879267
3560,2332,1.879267
3561,2340,1.885714
3562,2340,1.885714
3563,2316,1.866374
3564,2332,1.879267
3565,2341,1.886520
3566,2349,1.892967
3567,2333,1.880073
3568,2348,1.892161
3569,2340,1.885714
3570,2341,1.886520
3571,2365,1.905861
3572,2348,1.892161
3573,2364,1.905055
3574,2349,1.892967
3575,2357,1.899414
3576,2349,1.892967
3577,2357,1.899414
3578,2351,1.894579
3579,2348,1.892161
3580,2356,1.898608
3581,2364,1.905055
3582,2365,1.905861
3583,2364,1.905055
3584,2365,1.905861
3585,2365,1.905861
3586,2364,1.905055
3587,2380,1.917949
3588,2380,1.917949
3589,2365,1.905861
3590,2380,1.917949
3591,2381,1.918755
3592,2380,1.917949
3593,2389,1.925201
3594,2380,1.917949
3595,2383,1.920366
3596,2383,1.920366
3597,2396,1.930842
3598,2396,1.930842
3599,2396,1.930842
3600,2396,1.930842
3601,2405,1.938095
3602,2389,1.925201
3603,2404,1.937289
3604,2396,1.930842
3605,2396,1.930842
3606,2405,1.938095
3607,2412,1.943736
3608,2415,1.946154
3609,2413,1.944542
3610,2412,1.943736
3611,2413,1.944542
3612,2436,1.963077
3613,2428,1.956630
3614,2415,1.946154
3615,2436,1.963077
3616,2432,1.959853
3617,2436,1.963077
3618,2432,1.959853
3619,2437,1.963883
3620,2453,1.976777
3621,2445,1.970330
3622,2444,1.969524
3623,2444,1.969524
3624,2460,1.982418
3625,2445,1.970330
3626,2469,1.989670
3627,2468,1.988864
3628,2476,1.995311
3629,2461,1.983223
3630,2477,1.996117
3631,2477,1.996117
3632,2477,1.996117
3633,2492,2.008205
3634,2485,2.002564
3635,2485,2.002564
3636,2492,2.008205
3637,2492,2.008205
3638,2492,2.008205
3639,2500,2.014652
3640,2508,2.021099
3641,2508,2.021099
3642,2508,2.021099
3643,2509,2.021905
3644,2509,2.021905
3645,2508,2.021099
3646,2525,2.034799
3647,2509,2.021905
