Pixel,ADC,VoltageV
1,3938,3.173480
2,3938,3.173480
3,3938,3.173480
4,3936,3.171868
5,3936,3.171868
6,3938,3.173480
7,3936,3.171868
8,3936,3.171868
9,3919,3.158168
10,3936,3.171868
11,3936,3.171868
12,3936,3.171868
13,3936,3.171868
14,3936,3.171868
15,3936,3.171868
16,3915,3.154945
17,3130,2.522344
18,2530,2.038828
19,2555,2.058974
20,2559,2.062198
21,2555,2.058974
22,2575,2.075092
23,2571,2.071868
24,2571,2.071868
25,2579,2.078315
26,2571,2.071868
27,2570,2.071062
28,2592,2.088791
29,2584,2.082344
30,2575,2.075092
31,2571,2.071868
32,2570,2.071062
33,2584,2.082344
34,2570,2.071062
35,2592,2.088791
36,2575,2.075092
37,2571,2.071868
38,2571,2.071868
39,2571,2.071868
40,2571,2.071868
41,2568,2.069451
42,2571,2.071868
43,2584,2.082344
44,2571,2.071868
45,2570,2.071062
46,2570,2.071062
47,2559,2.062198
48,2570,2.071062
49,2570,2.071062
50,2575,2.075092
51,2575,2.075092
52,2570,2.071062
53,2579,2.078315
54,2559,2.062198
55,2570,2.071062
56,2571,2.071868
57,2579,2.078315
58,2586,2.083956
59,2559,2.062198
60,2555,2.058974
61,2579,2.078315
62,2559,2.062198
63,2570,2.071062
64,2592,2.088791
65,2571,2.071868
66,2559,2.062198
67,2554,2.058168
68,2563,2.065421
69,2575,2.075092
70,2571,2.071868
71,2584,2.082344
72,2570,2.071062
73,2568,2.069451
74,2575,2.075092
75,2575,2.075092
76,2575,2.075092
77,2575,2.075092
78,2571,2.071868
79,2570,2.071062
80,2559,2.062198
81,2579,2.078315
82,2592,2.088791
83,2571,2.071868
84,2594,2.090403
85,2586,2.083956
86,2594,2.090403
87,2571,2.071868
88,2594,2.090403
89,2592,2.088791
90,2575,2.075092
91,2575,2.075092
92,2571,2.071868
93,2571,2.071868
94,2571,2.071868
95,2586,2.083956
96,2575,2.075092
97,2555,2.058974
98,2555,2.058974
99,2575,2.075092
100,2570,2.071062
101,2571,2.071868
102,2571,2.071868
103,2554,2.058168
104,2592,2.088791
105,2579,2.078315
106,2571,2.071868
107,2586,2.083956
108,2571,2.071868
109,2559,2.062198
110,2563,2.065421
111,2575,2.075092
112,2575,2.075092
113,2559,2.062198
114,2570,2.071062
115,2571,2.071868
116,2575,2.075092
117,2571,2.071868
118,2570,2.071062
119,2575,2.075092
120,2575,2.075092
121,2575,2.075092
122,2570,2.071062
123,2570,2.071062
124,2559,2.062198
125,2571,2.071868
126,2575,2.075092
127,2559,2.062198
128,2559,2.062198
129,2570,2.071062
130,2594,2.090403
131,2568,2.069451
132,2575,2.075092
133,2575,2.075092
134,2575,2.075092
135,2575,2.075092
136,2571,2.071868
137,2570,2.071062
138,2575,2.075092
139,2592,2.088791
140,2584,2.082344
141,2586,2.083956
142,2579,2.078315
143,2579,2.078315
144,2579,2.078315
145,2571,2.071868
146,2586,2.083956
147,2575,2.075092
148,2575,2.075092
149,2571,2.071868
150,2584,2.082344
151,2584,2.082344
152,2592,2.088791
153,2571,2.071868
154,2592,2.088791
155,2592,2.088791
156,2570,2.071062
157,2571,2.071868
158,2570,2.071062
159,2575,2.075092
160,2571,2.071868
161,2559,2.062198
162,2592,2.088791
163,2570,2.071062
164,2571,2.071868
165,2586,2.083956
166,2575,2.075092
167,2571,2.071868
168,2592,2.088791
169,2594,2.090403
170,2571,2.071868
171,2592,2.088791
172,2579,2.078315
173,2592,2.088791
174,2592,2.088791
175,2586,2.083956
176,2575,2.075092
177,2579,2.078315
178,2579,2.078315
179,2559,2.062198
180,2570,2.071062
181,2570,2.071062
182,2568,2.069451
183,2559,2.062198
184,2571,2.071868
185,2570,2.071062
186,2559,2.062198
187,2563,2.065421
188,2559,2.062198
189,2555,2.058974
190,2559,2.062198
191,2563,2.065421
192,2570,2.071062
193,2570,2.071062
194,2559,2.062198
195,2571,2.071868
196,2575,2.075092
197,2555,2.058974
198,2547,2.052527
199,2571,2.071868
200,2570,2.071062
201,2570,2.071062
202,2563,2.065421
203,2555,2.058974
204,2559,2.062198
205,2570,2.071062
206,2571,2.071868
207,2563,2.065421
208,2571,2.071868
209,2559,2.062198
210,2570,2.071062
211,2570,2.071062
212,2592,2.088791
213,2571,2.071868
214,2559,2.062198
215,2570,2.071062
216,2575,2.075092
217,2570,2.071062
218,2570,2.071062
219,2559,2.062198
220,2571,2.071868
221,2570,2.071062
222,2579,2.078315
223,2570,2.071062
224,2571,2.071868
225,2571,2.071868
226,2571,2.071868
227,2586,2.083956
228,2575,2.075092
229,2592,2.088791
230,2574,2.074286
231,2575,2.075092
232,2571,2.071868
233,2571,2.071868
234,2559,2.062198
235,2586,2.083956
236,2571,2.071868
237,2575,2.075092
238,2559,2.062198
239,2559,2.062198
240,2570,2.071062
241,2571,2.071868
242,2570,2.071062
243,2575,2.075092
244,2579,2.078315
245,2571,2.071868
246,2571,2.071868
247,2571,2.071868
248,2579,2.078315
249,2575,2.075092
250,2570,2.071062
251,2571,2.071868
252,2571,2.071868
253,2592,2.088791
254,2575,2.075092
255,2563,2.065421
256,2579,2.078315
257,2570,2.071062
258,2570,2.071062
259,2592,2.088791
260,2571,2.071868
261,2570,2.071062
262,2586,2.083956
263,2571,2.071868
264,2575,2.075092
265,2575,2.075092
266,2563,2.065421
267,2570,2.071062
268,2570,2.071062
269,2568,2.069451
270,2568,2.069451
271,2570,2.071062
272,2575,2.075092
273,2563,2.065421
274,2584,2.082344
275,2570,2.071062
276,2592,2.088791
277,2547,2.052527
278,2571,2.071868
279,2559,2.062198
280,2570,2.071062
281,2571,2.071868
282,2559,2.062198
283,2559,2.062198
284,2570,2.071062
285,2559,2.062198
286,2559,2.062198
287,2563,2.065421
288,2592,2.088791
289,2568,2.069451
290,2571,2.071868
291,2568,2.069451
292,2571,2.071868
293,2579,2.078315
294,2575,2.075092
295,2571,2.071868
296,2571,2.071868
297,2568,2.069451
298,2559,2.062198
299,2575,2.075092
300,2559,2.062198
301,2563,2.065421
302,2575,2.075092
303,2570,2.071062
304,2571,2.071868
305,2570,2.071062
306,2570,2.071062
307,2570,2.071062
308,2570,2.071062
309,2570,2.071062
310,2571,2.071868
311,2571,2.071868
312,2575,2.075092
313,2555,2.058974
314,2570,2.071062
315,2570,2.071062
316,2586,2.083956
317,2570,2.071062
318,2555,2.058974
319,2592,2.088791
320,2575,2.075092
321,2571,2.071868
322,2586,2.083956
323,2571,2.071868
324,2592,2.088791
325,2584,2.082344
326,2571,2.071868
327,2575,2.075092
328,2586,2.083956
329,2579,2.078315
330,2592,2.088791
331,2575,2.075092
332,2586,2.083956
333,2592,2.088791
334,2579,2.078315
335,2595,2.091209
336,2592,2.088791
337,2570,2.071062
338,2575,2.075092
339,2584,2.082344
340,2575,2.075092
341,2575,2.075092
342,2592,2.088791
343,2571,2.071868
344,2571,2.071868
345,2579,2.078315
346,2575,2.075092
347,2571,2.071868
348,2592,2.088791
349,2575,2.075092
350,2594,2.090403
351,2586,2.083956
352,2579,2.078315
353,2575,2.075092
354,2602,2.096850
355,2592,2.088791
356,2586,2.083956
357,2592,2.088791
358,2592,2.088791
359,2594,2.090403
360,2592,2.088791
361,2592,2.088791
362,2594,2.090403
363,2594,2.090403
364,2592,2.088791
365,2592,2.088791
366,2586,2.083956
367,2571,2.071868
368,2586,2.083956
369,2555,2.058974
370,2584,2.082344
371,2559,2.062198
372,2579,2.078315
373,2570,2.071062
374,2570,2.071062
375,2555,2.058974
376,2575,2.075092
377,2575,2.075092
378,2586,2.083956
379,2571,2.071868
380,2579,2.078315
381,2571,2.071868
382,2592,2.088791
383,2571,2.071868
384,2570,2.071062
385,2559,2.062198
386,2592,2.088791
387,2571,2.071868
388,2571,2.071868
389,2575,2.075092
390,2563,2.065421
391,2570,2.071062
392,2594,2.090403
393,2571,2.071868
394,2575,2.075092
395,2586,2.083956
396,2584,2.082344
397,2592,2.088791
398,2579,2.078315
399,2570,2.071062
400,2575,2.075092
401,2586,2.083956
402,2575,2.075092
403,2571,2.071868
404,2559,2.062198
405,2571,2.071868
406,2570,2.071062
407,2592,2.088791
408,2571,2.071868
409,2584,2.082344
410,2571,2.071868
411,2579,2.078315
412,2586,2.083956
413,2579,2.078315
414,2570,2.071062
415,2571,2.071868
416,2571,2.071868
417,2570,2.071062
418,2559,2.062198
419,2592,2.088791
420,2592,2.088791
421,2579,2.078315
422,2586,2.083956
423,2570,2.071062
424,2575,2.075092
425,2568,2.069451
426,2570,2.071062
427,2570,2.071062
428,2568,2.069451
429,2570,2.071062
430,2555,2.058974
431,2563,2.065421
432,2559,2.062198
433,2568,2.069451
434,2555,2.058974
435,2559,2.062198
436,2559,2.062198
437,2570,2.071062
438,2568,2.069451
439,2579,2.078315
440,2571,2.071868
441,2575,2.075092
442,2555,2.058974
443,2570,2.071062
444,2584,2.082344
445,2575,2.075092
446,2571,2.071868
447,2563,2.065421
448,2571,2.071868
449,2594,2.090403
450,2592,2.088791
451,2559,2.062198
452,2586,2.083956
453,2592,2.088791
454,2578,2.077509
455,2575,2.075092
456,2571,2.071868
457,2575,2.075092
458,2571,2.071868
459,2568,2.069451
460,2571,2.071868
461,2570,2.071062
462,2571,2.071868
463,2571,2.071868
464,2575,2.075092
465,2579,2.078315
466,2575,2.075092
467,2592,2.088791
468,2592,2.088791
469,2575,2.075092
470,2570,2.071062
471,2592,2.088791
472,2592,2.088791
473,2602,2.096850
474,2592,2.088791
475,2602,2.096850
476,2595,2.091209
477,2595,2.091209
478,2592,2.088791
479,2602,2.096850
480,2592,2.088791
481,2595,2.091209
482,2575,2.075092
483,2579,2.078315
484,2570,2.071062
485,2586,2.083956
486,2575,2.075092
487,2592,2.088791
488,2571,2.071868
489,2570,2.071062
490,2570,2.071062
491,2571,2.071868
492,2584,2.082344
493,2575,2.075092
494,2586,2.083956
495,2595,2.091209
496,2579,2.078315
497,2594,2.090403
498,2594,2.090403
499,2579,2.078315
500,2592,2.088791
501,2602,2.096850
502,2594,2.090403
503,2594,2.090403
504,2594,2.090403
505,2602,2.096850
506,2592,2.088791
507,2575,2.075092
508,2586,2.083956
509,2575,2.075092
510,2575,2.075092
511,2575,2.075092
512,2571,2.071868
513,2579,2.078315
514,2579,2.078315
515,2575,2.075092
516,2579,2.078315
517,2592,2.088791
518,2575,2.075092
519,2584,2.082344
520,2579,2.078315
521,2592,2.088791
522,2592,2.088791
523,2592,2.088791
524,2594,2.090403
525,2607,2.100879
526,2602,2.096850
527,2595,2.091209
528,2602,2.096850
529,2602,2.096850
530,2594,2.090403
531,2602,2.096850
532,2603,2.097656
533,2603,2.097656
534,2594,2.090403
535,2594,2.090403
536,2602,2.096850
537,2595,2.091209
538,2602,2.096850
539,2594,2.090403
540,2594,2.090403
541,2603,2.097656
542,2592,2.088791
543,2579,2.078315
544,2594,2.090403
545,2579,2.078315
546,2592,2.088791
547,2595,2.091209
548,2592,2.088791
549,2592,2.088791
550,2602,2.096850
551,2594,2.090403
552,2594,2.090403
553,2607,2.100879
554,2594,2.090403
555,2594,2.090403
556,2592,2.088791
557,2592,2.088791
558,2594,2.090403
559,2595,2.091209
560,2595,2.091209
561,2603,2.097656
562,2584,2.082344
563,2595,2.091209
564,2586,2.083956
565,2592,2.088791
566,2584,2.082344
567,2592,2.088791
568,2594,2.090403
569,2595,2.091209
570,2592,2.088791
571,2594,2.090403
572,2600,2.095238
573,2592,2.088791
574,2595,2.091209
575,2592,2.088791
576,2592,2.088791
577,2584,2.082344
578,2594,2.090403
579,2602,2.096850
580,2592,2.088791
581,2579,2.078315
582,2594,2.090403
583,2575,2.075092
584,2592,2.088791
585,2594,2.090403
586,2592,2.088791
587,2575,2.075092
588,2594,2.090403
589,2575,2.075092
590,2579,2.078315
591,2592,2.088791
592,2575,2.075092
593,2592,2.088791
594,2579,2.078315
595,2579,2.078315
596,2575,2.075092
597,2575,2.075092
598,2579,2.078315
599,2579,2.078315
600,2592,2.088791
601,2602,2.096850
602,2602,2.096850
603,2575,2.075092
604,2594,2.090403
605,2594,2.090403
606,2602,2.096850
607,2595,2.091209
608,2592,2.088791
609,2607,2.100879
610,2595,2.091209
611,2603,2.097656
612,2595,2.091209
613,2594,2.090403
614,2595,2.091209
615,2602,2.096850
616,2592,2.088791
617,2592,2.088791
618,2595,2.091209
619,2602,2.096850
620,2595,2.091209
621,2595,2.091209
622,2595,2.091209
623,2603,2.097656
624,2586,2.083956
625,2594,2.090403
626,2595,2.091209
627,2602,2.096850
628,2595,2.091209
629,2592,2.088791
630,2607,2.100879
631,2594,2.090403
632,2592,2.088791
633,2595,2.091209
634,2607,2.100879
635,2595,2.091209
636,2603,2.097656
637,2616,2.108132
638,2602,2.096850
639,2602,2.096850
640,2592,2.088791
641,2602,2.096850
642,2611,2.104103
643,2603,2.097656
644,2602,2.096850
645,2611,2.104103
646,2602,2.096850
647,2611,2.104103
648,2600,2.095238
649,2592,2.088791
650,2595,2.091209
651,2586,2.083956
652,2600,2.095238
653,2600,2.095238
654,2602,2.096850
655,2592,2.088791
656,2603,2.097656
657,2607,2.100879
658,2595,2.091209
659,2595,2.091209
660,2602,2.096850
661,2603,2.097656
662,2594,2.090403
663,2602,2.096850
664,2607,2.100879
665,2602,2.096850
666,2592,2.088791
667,2592,2.088791
668,2600,2.095238
669,2600,2.095238
670,2603,2.097656
671,2602,2.096850
672,2602,2.096850
673,2602,2.096850
674,2595,2.091209
675,2603,2.097656
676,2595,2.091209
677,2600,2.095238
678,2602,2.096850
679,2602,2.096850
680,2607,2.100879
681,2592,2.088791
682,2594,2.090403
683,2603,2.097656
684,2594,2.090403
685,2603,2.097656
686,2600,2.095238
687,2602,2.096850
688,2602,2.096850
689,2592,2.088791
690,2607,2.100879
691,2603,2.097656
692,2607,2.100879
693,2611,2.104103
694,2618,2.109744
695,2603,2.097656
696,2602,2.096850
697,2594,2.090403
698,2607,2.100879
699,2607,2.100879
700,2607,2.100879
701,2618,2.109744
702,2602,2.096850
703,2607,2.100879
704,2626,2.116190
705,2611,2.104103
706,2619,2.110549
707,2611,2.104103
708,2626,2.116190
709,2632,2.121026
710,2619,2.110549
711,2626,2.116190
712,2626,2.116190
713,2627,2.116996
714,2627,2.116996
715,2619,2.110549
716,2619,2.110549
717,2611,2.104103
718,2627,2.116996
719,2619,2.110549
720,2602,2.096850
721,2602,2.096850
722,2607,2.100879
723,2626,2.116190
724,2611,2.104103
725,2618,2.109744
726,2619,2.110549
727,2619,2.110549
728,2627,2.116996
729,2607,2.100879
730,2627,2.116996
731,2618,2.109744
732,2611,2.104103
733,2626,2.116190
734,2627,2.116996
735,2619,2.110549
736,2607,2.100879
737,2611,2.104103
738,2607,2.100879
739,2618,2.109744
740,2607,2.100879
741,2607,2.100879
742,2619,2.110549
743,2618,2.109744
744,2611,2.104103
745,2619,2.110549
746,2619,2.110549
747,2602,2.096850
748,2595,2.091209
749,2618,2.109744
750,2607,2.100879
751,2624,2.114579
752,2603,2.097656
753,2618,2.109744
754,2618,2.109744
755,2619,2.110549
756,2619,2.110549
757,2626,2.116190
758,2618,2.109744
759,2632,2.121026
760,2634,2.122637
761,2627,2.116996
762,2634,2.122637
763,2626,2.116190
764,2619,2.110549
765,2624,2.114579
766,2627,2.116996
767,2619,2.110549
768,2627,2.116996
769,2618,2.109744
770,2627,2.116996
771,2624,2.114579
772,2626,2.116190
773,2626,2.116190
774,2619,2.110549
775,2627,2.116996
776,2611,2.104103
777,2607,2.100879
778,2619,2.110549
779,2611,2.104103
780,2634,2.122637
781,2627,2.116996
782,2618,2.109744
783,2635,2.123443
784,2616,2.108132
785,2611,2.104103
786,2618,2.109744
787,2634,2.122637
788,2627,2.116996
789,2627,2.116996
790,2634,2.122637
791,2634,2.122637
792,2626,2.116190
793,2626,2.116190
794,2635,2.123443
795,2635,2.123443
796,2634,2.122637
797,2639,2.126667
798,2635,2.123443
799,2639,2.126667
800,2634,2.122637
801,2635,2.123443
802,2634,2.122637
803,2635,2.123443
804,2634,2.122637
805,2632,2.121026
806,2626,2.116190
807,2619,2.110549
808,2626,2.116190
809,2643,2.129890
810,2626,2.116190
811,2619,2.110549
812,2635,2.123443
813,2618,2.109744
814,2634,2.122637
815,2634,2.122637
816,2627,2.116996
817,2627,2.116996
818,2635,2.123443
819,2635,2.123443
820,2626,2.116190
821,2634,2.122637
822,2639,2.126667
823,2656,2.140366
824,2656,2.140366
825,2643,2.129890
826,2643,2.129890
827,2659,2.142784
828,2650,2.135531
829,2635,2.123443
830,2658,2.141978
831,2643,2.129890
832,2656,2.140366
833,2656,2.140366
834,2650,2.135531
835,2639,2.126667
836,2656,2.140366
837,2656,2.140366
838,2658,2.141978
839,2648,2.133919
840,2656,2.140366
841,2666,2.148425
842,2666,2.148425
843,2659,2.142784
844,2658,2.141978
845,2666,2.148425
846,2682,2.161319
847,2659,2.142784
848,2671,2.152454
849,2667,2.149231
850,2671,2.152454
851,2658,2.141978
852,2666,2.148425
853,2675,2.155678
854,2666,2.148425
855,2658,2.141978
856,2656,2.140366
857,2658,2.141978
858,2658,2.141978
859,2666,2.148425
860,2666,2.148425
861,2671,2.152454
862,2666,2.148425
863,2658,2.141978
864,2667,2.149231
865,2666,2.148425
866,2658,2.141978
867,2639,2.126667
868,2666,2.148425
869,2664,2.146813
870,2659,2.142784
871,2656,2.140366
872,2650,2.135531
873,2656,2.140366
874,2658,2.141978
875,2656,2.140366
876,2656,2.140366
877,2650,2.135531
878,2648,2.133919
879,2635,2.123443
880,2639,2.126667
881,2643,2.129890
882,2666,2.148425
883,2656,2.140366
884,2656,2.140366
885,2658,2.141978
886,2667,2.149231
887,2667,2.149231
888,2659,2.142784
889,2656,2.140366
890,2643,2.129890
891,2658,2.141978
892,2659,2.142784
893,2656,2.140366
894,2658,2.141978
895,2667,2.149231
896,2656,2.140366
897,2656,2.140366
898,2656,2.140366
899,2667,2.149231
900,2682,2.161319
901,2639,2.126667
902,2658,2.141978
903,2656,2.140366
904,2658,2.141978
905,2658,2.141978
906,2658,2.141978
907,2658,2.141978
908,2658,2.141978
909,2666,2.148425
910,2666,2.148425
911,2658,2.141978
912,2667,2.149231
913,2658,2.141978
914,2658,2.141978
915,2666,2.148425
916,2659,2.142784
917,2675,2.155678
918,2675,2.155678
919,2656,2.140366
920,2658,2.141978
921,2656,2.140366
922,2659,2.142784
923,2656,2.140366
924,2659,2.142784
925,2659,2.142784
926,2659,2.142784
927,2667,2.149231
928,2659,2.142784
929,2666,2.148425
930,2658,2.141978
931,2658,2.141978
932,2658,2.141978
933,2671,2.152454
934,2667,2.149231
935,2667,2.149231
936,2658,2.141978
937,2683,2.162125
938,2667,2.149231
939,2666,2.148425
940,2671,2.152454
941,2667,2.149231
942,2671,2.152454
943,2666,2.148425
944,2671,2.152454
945,2659,2.142784
946,2667,2.149231
947,2671,2.152454
948,2671,2.152454
949,2667,2.149231
950,2671,2.152454
951,2671,2.152454
952,2682,2.161319
953,2664,2.146813
954,2682,2.161319
955,2687,2.165348
956,2683,2.162125
957,2671,2.152454
958,2675,2.155678
959,2658,2.141978
960,2667,2.149231
961,2667,2.149231
962,2666,2.148425
963,2666,2.148425
964,2671,2.152454
965,2680,2.159707
966,2675,2.155678
967,2682,2.161319
968,2667,2.149231
969,2667,2.149231
970,2671,2.152454
971,2667,2.149231
972,2675,2.155678
973,2682,2.161319
974,2682,2.161319
975,2671,2.152454
976,2682,2.161319
977,2687,2.165348
978,2682,2.161319
979,2682,2.161319
980,2667,2.149231
981,2687,2.165348
982,2675,2.155678
983,2682,2.161319
984,2691,2.168571
985,2683,2.162125
986,2682,2.161319
987,2683,2.162125
988,2698,2.174212
989,2696,2.172601
990,2687,2.165348
991,2675,2.155678
992,2691,2.168571
993,2687,2.165348
994,2698,2.174212
995,2696,2.172601
996,2703,2.178242
997,2691,2.168571
998,2687,2.165348
999,2696,2.172601
1000,2687,2.165348
1001,2682,2.161319
1002,2687,2.165348
1003,2703,2.178242
1004,2698,2.174212
1005,2687,2.165348
1006,2683,2.162125
1007,2699,2.175018
1008,2703,2.178242
1009,2698,2.174212
1010,2712,2.185495
1011,2699,2.175018
1012,2687,2.165348
1013,2698,2.174212
1014,2687,2.165348
1015,2698,2.174212
1016,2698,2.174212
1017,2687,2.165348
1018,2683,2.162125
1019,2687,2.165348
1020,2667,2.149231
1021,2671,2.152454
1022,2687,2.165348
1023,2687,2.165348
1024,2699,2.175018
1025,2687,2.165348
1026,2698,2.174212
1027,2699,2.175018
1028,2687,2.165348
1029,2687,2.165348
1030,2687,2.165348
1031,2699,2.175018
1032,2703,2.178242
1033,2699,2.175018
1034,2712,2.185495
1035,2696,2.172601
1036,2687,2.165348
1037,2683,2.162125
1038,2698,2.174212
1039,2703,2.178242
1040,2698,2.174212
1041,2698,2.174212
1042,2699,2.175018
1043,2698,2.174212
1044,2703,2.178242
1045,2698,2.174212
1046,2687,2.165348
1047,2687,2.165348
1048,2687,2.165348
1049,2698,2.174212
1050,2683,2.162125
1051,2698,2.174212
1052,2698,2.174212
1053,2698,2.174212
1054,2699,2.175018
1055,2698,2.174212
1056,2687,2.165348
1057,2699,2.175018
1058,2703,2.178242
1059,2707,2.181465
1060,2698,2.174212
1061,2703,2.178242
1062,2714,2.187106
1063,2707,2.181465
1064,2699,2.175018
1065,2720,2.191941
1066,2712,2.185495
1067,2720,2.191941
1068,2699,2.175018
1069,2714,2.187106
1070,2703,2.178242
1071,2691,2.168571
1072,2699,2.175018
1073,2703,2.178242
1074,2707,2.181465
1075,2703,2.178242
1076,2714,2.187106
1077,2720,2.191941
1078,2703,2.178242
1079,2720,2.191941
1080,2699,2.175018
1081,2720,2.191941
1082,2707,2.181465
1083,2720,2.191941
1084,2720,2.191941
1085,2720,2.191941
1086,2722,2.193553
1087,2714,2.187106
1088,2703,2.178242
1089,2720,2.191941
1090,2720,2.191941
1091,2703,2.178242
1092,2720,2.191941
1093,2720,2.191941
1094,2720,2.191941
1095,2703,2.178242
1096,2720,2.191941
1097,2720,2.191941
1098,2699,2.175018
1099,2707,2.181465
1100,2730,2.200000
1101,2720,2.191941
1102,2720,2.191941
1103,2696,2.172601
1104,2720,2.191941
1105,2722,2.193553
1106,2730,2.200000
1107,2712,2.185495
1108,2720,2.191941
1109,2707,2.181465
1110,2723,2.194359
1111,2723,2.194359
1112,2720,2.191941
1113,2723,2.194359
1114,2723,2.194359
1115,2720,2.191941
1116,2712,2.185495
1117,2720,2.191941
1118,2723,2.194359
1119,2714,2.187106
1120,2720,2.191941
1121,2714,2.187106
1122,2722,2.193553
1123,2730,2.200000
1124,2730,2.200000
1125,2731,2.200806
1126,2720,2.191941
1127,2722,2.193553
1128,2720,2.191941
1129,2714,2.187106
1130,2722,2.193553
1131,2730,2.200000
1132,2735,2.204029
1133,2722,2.193553
1134,2723,2.194359
1135,2722,2.193553
1136,2720,2.191941
1137,2722,2.193553
1138,2720,2.191941
1139,2723,2.194359
1140,2722,2.193553
1141,2723,2.194359
1142,2730,2.200000
1143,2731,2.200806
1144,2723,2.194359
1145,2720,2.191941
1146,2735,2.204029
1147,2731,2.200806
1148,2731,2.200806
1149,2720,2.191941
1150,2730,2.200000
1151,2723,2.194359
1152,2746,2.212894
1153,2735,2.204029
1154,2735,2.204029
1155,2722,2.193553
1156,2735,2.204029
1157,2735,2.204029
1158,2722,2.193553
1159,2720,2.191941
1160,2739,2.207253
1161,2731,2.200806
1162,2735,2.204029
1163,2735,2.204029
1164,2735,2.204029
1165,2735,2.204029
1166,2731,2.200806
1167,2730,2.200000
1168,2731,2.200806
1169,2735,2.204029
1170,2744,2.211282
1171,2731,2.200806
1172,2739,2.207253
1173,2735,2.204029
1174,2723,2.194359
1175,2730,2.200000
1176,2722,2.193553
1177,2731,2.200806
1178,2723,2.194359
1179,2731,2.200806
1180,2730,2.200000
1181,2746,2.212894
1182,2739,2.207253
1183,2731,2.200806
1184,2747,2.213700
1185,2728,2.198388
1186,2739,2.207253
1187,2723,2.194359
1188,2752,2.217729
1189,2746,2.212894
1190,2735,2.204029
1191,2747,2.213700
1192,2747,2.213700
1193,2746,2.212894
1194,2752,2.217729
1195,2746,2.212894
1196,2747,2.213700
1197,2735,2.204029
1198,2731,2.200806
1199,2723,2.194359
1200,2735,2.204029
1201,2735,2.204029
1202,2734,2.203223
1203,2754,2.219341
1204,2731,2.200806
1205,2731,2.200806
1206,2731,2.200806
1207,2739,2.207253
1208,2744,2.211282
1209,2746,2.212894
1210,2735,2.204029
1211,2747,2.213700
1212,2731,2.200806
1213,2735,2.204029
1214,2735,2.204029
1215,2754,2.219341
1216,2739,2.207253
1217,2754,2.219341
1218,2754,2.219341
1219,2752,2.217729
1220,2752,2.217729
1221,2739,2.207253
1222,2746,2.212894
1223,2746,2.212894
1224,2755,2.220147
1225,2752,2.217729
1226,2755,2.220147
1227,2754,2.219341
1228,2762,2.225788
1229,2762,2.225788
1230,2754,2.219341
1231,2754,2.219341
1232,2755,2.220147
1233,2747,2.213700
1234,2739,2.207253
1235,2754,2.219341
1236,2763,2.226593
1237,2762,2.225788
1238,2746,2.212894
1239,2754,2.219341
1240,2762,2.225788
1241,2755,2.220147
1242,2747,2.213700
1243,2754,2.219341
1244,2754,2.219341
1245,2762,2.225788
1246,2752,2.217729
1247,2752,2.217729
1248,2754,2.219341
1249,2763,2.226593
1250,2760,2.224176
1251,2755,2.220147
1252,2754,2.219341
1253,2755,2.220147
1254,2752,2.217729
1255,2754,2.219341
1256,2754,2.219341
1257,2767,2.229817
1258,2763,2.226593
1259,2767,2.229817
1260,2762,2.225788
1261,2762,2.225788
1262,2754,2.219341
1263,2763,2.226593
1264,2763,2.226593
1265,2776,2.237070
1266,2763,2.226593
1267,2767,2.229817
1268,2762,2.225788
1269,2784,2.243516
1270,2760,2.224176
1271,2763,2.226593
1272,2762,2.225788
1273,2763,2.226593
1274,2755,2.220147
1275,2755,2.220147
1276,2754,2.219341
1277,2754,2.219341
1278,2762,2.225788
1279,2754,2.219341
1280,2763,2.226593
1281,2763,2.226593
1282,2763,2.226593
1283,2771,2.233040
1284,2771,2.233040
1285,2767,2.229817
1286,2771,2.233040
1287,2763,2.226593
1288,2755,2.220147
1289,2763,2.226593
1290,2762,2.225788
1291,2755,2.220147
1292,2763,2.226593
1293,2767,2.229817
1294,2762,2.225788
1295,2784,2.243516
1296,2755,2.220147
1297,2767,2.229817
1298,2767,2.229817
1299,2767,2.229817
1300,2767,2.229817
1301,2763,2.226593
1302,2760,2.224176
1303,2762,2.225788
1304,2784,2.243516
1305,2762,2.225788
1306,2767,2.229817
1307,2784,2.243516
1308,2767,2.229817
1309,2771,2.233040
1310,2786,2.245128
1311,2763,2.226593
1312,2784,2.243516
1313,2763,2.226593
1314,2784,2.243516
1315,2776,2.237070
1316,2787,2.245934
1317,2784,2.243516
1318,2776,2.237070
1319,2776,2.237070
1320,2778,2.238681
1321,2784,2.243516
1322,2784,2.243516
1323,2787,2.245934
1324,2784,2.243516
1325,2784,2.243516
1326,2767,2.229817
1327,2771,2.233040
1328,2771,2.233040
1329,2786,2.245128
1330,2776,2.237070
1331,2767,2.229817
1332,2784,2.243516
1333,2786,2.245128
1334,2794,2.251575
1335,2784,2.243516
1336,2786,2.245128
1337,2784,2.243516
1338,2784,2.243516
1339,2784,2.243516
1340,2784,2.243516
1341,2778,2.238681
1342,2771,2.233040
1343,2784,2.243516
1344,2787,2.245934
1345,2784,2.243516
1346,2786,2.245128
1347,2795,2.252381
1348,2787,2.245934
1349,2784,2.243516
1350,2767,2.229817
1351,2792,2.249963
1352,2784,2.243516
1353,2794,2.251575
1354,2784,2.243516
1355,2794,2.251575
1356,2794,2.251575
1357,2786,2.245128
1358,2787,2.245934
1359,2794,2.251575
1360,2786,2.245128
1361,2771,2.233040
1362,2784,2.243516
1363,2784,2.243516
1364,2786,2.245128
1365,2794,2.251575
1366,2787,2.245934
1367,2784,2.243516
1368,2787,2.245934
1369,2767,2.229817
1370,2786,2.245128
1371,2784,2.243516
1372,2786,2.245128
1373,2787,2.245934
1374,2787,2.245934
1375,2786,2.245128
1376,2786,2.245128
1377,2786,2.245128
1378,2787,2.245934
1379,2787,2.245934
1380,2787,2.245934
1381,2794,2.251575
1382,2787,2.245934
1383,2794,2.251575
1384,2795,2.252381
1385,2786,2.245128
1386,2787,2.245934
1387,2771,2.233040
1388,2794,2.251575
1389,2803,2.258828
1390,2794,2.251575
1391,2787,2.245934
1392,2799,2.255604
1393,2799,2.255604
1394,2794,2.251575
1395,2784,2.243516
1396,2794,2.251575
1397,2794,2.251575
1398,2803,2.258828
1399,2803,2.258828
1400,2786,2.245128
1401,2795,2.252381
1402,2795,2.252381
1403,2794,2.251575
1404,2794,2.251575
1405,2794,2.251575
1406,2795,2.252381
1407,2795,2.252381
1408,2787,2.245934
1409,2787,2.245934
1410,2794,2.251575
1411,2795,2.252381
1412,2794,2.251575
1413,2794,2.251575
1414,2816,2.269304
1415,2795,2.252381
1416,2795,2.252381
1417,2792,2.249963
1418,2794,2.251575
1419,2787,2.245934
1420,2799,2.255604
1421,2799,2.255604
1422,2794,2.251575
1423,2787,2.245934
1424,2799,2.255604
1425,2808,2.262857
1426,2786,2.245128
1427,2799,2.255604
1428,2810,2.264469
1429,2794,2.251575
1430,2795,2.252381
1431,2794,2.251575
1432,2786,2.245128
1433,2795,2.252381
1434,2795,2.252381
1435,2794,2.251575
1436,2799,2.255604
1437,2794,2.251575
1438,2792,2.249963
1439,2794,2.251575
1440,2795,2.252381
1441,2799,2.255604
1442,2799,2.255604
1443,2794,2.251575
1444,2803,2.258828
1445,2803,2.258828
1446,2795,2.252381
1447,2799,2.255604
1448,2799,2.255604
1449,2808,2.262857
1450,2795,2.252381
1451,2787,2.245934
1452,2794,2.251575
1453,2794,2.251575
1454,2794,2.251575
1455,2795,2.252381
1456,2795,2.252381
1457,2795,2.252381
1458,2786,2.245128
1459,2794,2.251575
1460,2786,2.245128
1461,2810,2.264469
1462,2795,2.252381
1463,2810,2.264469
1464,2808,2.262857
1465,2794,2.251575
1466,2795,2.252381
1467,2794,2.251575
1468,2810,2.264469
1469,2795,2.252381
1470,2787,2.245934
1471,2799,2.255604
1472,2792,2.249963
1473,2795,2.252381
1474,2794,2.251575
1475,2787,2.245934
1476,2787,2.245934
1477,2810,2.264469
1478,2787,2.245934
1479,2816,2.269304
1480,2794,2.251575
1481,2795,2.252381
1482,2792,2.249963
1483,2799,2.255604
1484,2799,2.255604
1485,2795,2.252381
1486,2794,2.251575
1487,2786,2.245128
1488,2794,2.251575
1489,2792,2.249963
1490,2795,2.252381
1491,2787,2.245934
1492,2799,2.255604
1493,2799,2.255604
1494,2816,2.269304
1495,2810,2.264469
1496,2795,2.252381
1497,2794,2.251575
1498,2794,2.251575
1499,2795,2.252381
1500,2795,2.252381
1501,2795,2.252381
1502,2816,2.269304
1503,2795,2.252381
1504,2786,2.245128
1505,2794,2.251575
1506,2803,2.258828
1507,2787,2.245934
1508,2795,2.252381
1509,2803,2.258828
1510,2795,2.252381
1511,2799,2.255604
1512,2795,2.252381
1513,2786,2.245128
1514,2795,2.252381
1515,2794,2.251575
1516,2799,2.255604
1517,2799,2.255604
1518,2799,2.255604
1519,2795,2.252381
1520,2795,2.252381
1521,2795,2.252381
1522,2795,2.252381
1523,2810,2.264469
1524,2787,2.245934
1525,2794,2.251575
1526,2799,2.255604
1527,2794,2.251575
1528,2786,2.245128
1529,2795,2.252381
1530,2795,2.252381
1531,2803,2.258828
1532,2795,2.252381
1533,2795,2.252381
1534,2794,2.251575
1535,2794,2.251575
1536,2794,2.251575
1537,2799,2.255604
1538,2787,2.245934
1539,2799,2.255604
1540,2795,2.252381
1541,2795,2.252381
1542,2795,2.252381
1543,2799,2.255604
1544,2792,2.249963
1545,2799,2.255604
1546,2799,2.255604
1547,2794,2.251575
1548,2786,2.245128
1549,2803,2.258828
1550,2799,2.255604
1551,2794,2.251575
1552,2803,2.258828
1553,2795,2.252381
1554,2795,2.252381
1555,2786,2.245128
1556,2795,2.252381
1557,2799,2.255604
1558,2795,2.252381
1559,2794,2.251575
1560,2786,2.245128
1561,2787,2.245934
1562,2808,2.262857
1563,2795,2.252381
1564,2794,2.251575
1565,2808,2.262857
1566,2795,2.252381
1567,2794,2.251575
1568,2803,2.258828
1569,2803,2.258828
1570,2795,2.252381
1571,2803,2.258828
1572,2810,2.264469
1573,2816,2.269304
1574,2794,2.251575
1575,2810,2.264469
1576,2799,2.255604
1577,2810,2.264469
1578,2795,2.252381
1579,2792,2.249963
1580,2787,2.245934
1581,2799,2.255604
1582,2794,2.251575
1583,2795,2.252381
1584,2794,2.251575
1585,2819,2.271722
1586,2799,2.255604
1587,2795,2.252381
1588,2794,2.251575
1589,2786,2.245128
1590,2799,2.255604
1591,2803,2.258828
1592,2794,2.251575
1593,2794,2.251575
1594,2794,2.251575
1595,2803,2.258828
1596,2795,2.252381
1597,2795,2.252381
1598,2795,2.252381
1599,2816,2.269304
1600,2808,2.262857
1601,2795,2.252381
1602,2803,2.258828
1603,2795,2.252381
1604,2799,2.255604
1605,2795,2.252381
1606,2799,2.255604
1607,2808,2.262857
1608,2810,2.264469
1609,2816,2.269304
1610,2816,2.269304
1611,2819,2.271722
1612,2816,2.269304
1613,2816,2.269304
1614,2816,2.269304
1615,2799,2.255604
1616,2795,2.252381
1617,2795,2.252381
1618,2795,2.252381
1619,2816,2.269304
1620,2795,2.252381
1621,2810,2.264469
1622,2795,2.252381
1623,2808,2.262857
1624,2803,2.258828
1625,2816,2.269304
1626,2803,2.258828
1627,2810,2.264469
1628,2816,2.269304
1629,2803,2.258828
1630,2795,2.252381
1631,2818,2.270916
1632,2794,2.251575
1633,2799,2.255604
1634,2799,2.255604
1635,2810,2.264469
1636,2799,2.255604
1637,2810,2.264469
1638,2795,2.252381
1639,2799,2.255604
1640,2799,2.255604
1641,2794,2.251575
1642,2808,2.262857
1643,2794,2.251575
1644,2799,2.255604
1645,2808,2.262857
1646,2810,2.264469
1647,2810,2.264469
1648,2794,2.251575
1649,2810,2.264469
1650,2799,2.255604
1651,2795,2.252381
1652,2803,2.258828
1653,2799,2.255604
1654,2799,2.255604
1655,2816,2.269304
1656,2799,2.255604
1657,2799,2.255604
1658,2818,2.270916
1659,2795,2.252381
1660,2803,2.258828
1661,2810,2.264469
1662,2818,2.270916
1663,2799,2.255604
1664,2803,2.258828
1665,2810,2.264469
1666,2795,2.252381
1667,2816,2.269304
1668,2795,2.252381
1669,2803,2.258828
1670,2803,2.258828
1671,2795,2.252381
1672,2799,2.255604
1673,2799,2.255604
1674,2794,2.251575
1675,2794,2.251575
1676,2795,2.252381
1677,2794,2.251575
1678,2795,2.252381
1679,2786,2.245128
1680,2799,2.255604
1681,2799,2.255604
1682,2795,2.252381
1683,2803,2.258828
1684,2795,2.252381
1685,2803,2.258828
1686,2794,2.251575
1687,2803,2.258828
1688,2795,2.252381
1689,2803,2.258828
1690,2803,2.258828
1691,2810,2.264469
1692,2803,2.258828
1693,2803,2.258828
1694,2794,2.251575
1695,2794,2.251575
1696,2786,2.245128
1697,2794,2.251575
1698,2795,2.252381
1699,2794,2.251575
1700,2799,2.255604
1701,2803,2.258828
1702,2795,2.252381
1703,2794,2.251575
1704,2786,2.245128
1705,2799,2.255604
1706,2795,2.252381
1707,2803,2.258828
1708,2799,2.255604
1709,2792,2.249963
1710,2803,2.258828
1711,2799,2.255604
1712,2795,2.252381
1713,2795,2.252381
1714,2787,2.245934
1715,2794,2.251575
1716,2795,2.252381
1717,2794,2.251575
1718,2794,2.251575
1719,2794,2.251575
1720,2795,2.252381
1721,2787,2.245934
1722,2795,2.252381
1723,2795,2.252381
1724,2795,2.252381
1725,2787,2.245934
1726,2787,2.245934
1727,2794,2.251575
1728,2787,2.245934
1729,2786,2.245128
1730,2799,2.255604
1731,2794,2.251575
1732,2787,2.245934
1733,2784,2.243516
1734,2784,2.243516
1735,2786,2.245128
1736,2795,2.252381
1737,2794,2.251575
1738,2784,2.243516
1739,2786,2.245128
1740,2794,2.251575
1741,2786,2.245128
1742,2784,2.243516
1743,2787,2.245934
1744,2784,2.243516
1745,2786,2.245128
1746,2771,2.233040
1747,2778,2.238681
1748,2787,2.245934
1749,2784,2.243516
1750,2771,2.233040
1751,2767,2.229817
1752,2776,2.237070
1753,2767,2.229817
1754,2763,2.226593
1755,2786,2.245128
1756,2771,2.233040
1757,2794,2.251575
1758,2786,2.245128
1759,2784,2.243516
1760,2778,2.238681
1761,2784,2.243516
1762,2786,2.245128
1763,2784,2.243516
1764,2784,2.243516
1765,2786,2.245128
1766,2784,2.243516
1767,2778,2.238681
1768,2784,2.243516
1769,2771,2.233040
1770,2776,2.237070
1771,2763,2.226593
1772,2763,2.226593
1773,2784,2.243516
1774,2763,2.226593
1775,2767,2.229817
1776,2767,2.229817
1777,2778,2.238681
1778,2760,2.224176
1779,2776,2.237070
1780,2778,2.238681
1781,2767,2.229817
1782,2778,2.238681
1783,2767,2.229817
1784,2763,2.226593
1785,2763,2.226593
1786,2762,2.225788
1787,2763,2.226593
1788,2767,2.229817
1789,2762,2.225788
1790,2763,2.226593
1791,2763,2.226593
1792,2755,2.220147
1793,2776,2.237070
1794,2763,2.226593
1795,2762,2.225788
1796,2762,2.225788
1797,2763,2.226593
1798,2784,2.243516
1799,2771,2.233040
1800,2767,2.229817
1801,2784,2.243516
1802,2763,2.226593
1803,2767,2.229817
1804,2767,2.229817
1805,2767,2.229817
1806,2767,2.229817
1807,2762,2.225788
1808,2760,2.224176
1809,2762,2.225788
1810,2763,2.226593
1811,2762,2.225788
1812,2762,2.225788
1813,2762,2.225788
1814,2763,2.226593
1815,2762,2.225788
1816,2767,2.229817
1817,2763,2.226593
1818,2784,2.243516
1819,2776,2.237070
1820,2763,2.226593
1821,2784,2.243516
1822,2755,2.220147
1823,2755,2.220147
1824,2763,2.226593
1825,2755,2.220147
1826,2763,2.226593
1827,2754,2.219341
1828,2763,2.226593
1829,2763,2.226593
1830,2763,2.226593
1831,2755,2.220147
1832,2754,2.219341
1833,2747,2.213700
1834,2762,2.225788
1835,2754,2.219341
1836,2762,2.225788
1837,2754,2.219341
1838,2763,2.226593
1839,2763,2.226593
1840,2746,2.212894
1841,2747,2.213700
1842,2746,2.212894
1843,2762,2.225788
1844,2746,2.212894
1845,2763,2.226593
1846,2735,2.204029
1847,2763,2.226593
1848,2746,2.212894
1849,2752,2.217729
1850,2746,2.212894
1851,2762,2.225788
1852,2763,2.226593
1853,2752,2.217729
1854,2752,2.217729
1855,2754,2.219341
1856,2754,2.219341
1857,2746,2.212894
1858,2747,2.213700
1859,2746,2.212894
1860,2755,2.220147
1861,2744,2.211282
1862,2746,2.212894
1863,2747,2.213700
1864,2754,2.219341
1865,2754,2.219341
1866,2767,2.229817
1867,2755,2.220147
1868,2752,2.217729
1869,2747,2.213700
1870,2747,2.213700
1871,2755,2.220147
1872,2754,2.219341
1873,2746,2.212894
1874,2755,2.220147
1875,2746,2.212894
1876,2746,2.212894
1877,2746,2.212894
1878,2746,2.212894
1879,2754,2.219341
1880,2754,2.219341
1881,2752,2.217729
1882,2746,2.212894
1883,2744,2.211282
1884,2746,2.212894
1885,2752,2.217729
1886,2754,2.219341
1887,2746,2.212894
1888,2739,2.207253
1889,2755,2.220147
1890,2754,2.219341
1891,2754,2.219341
1892,2755,2.220147
1893,2754,2.219341
1894,2755,2.220147
1895,2755,2.220147
1896,2746,2.212894
1897,2739,2.207253
1898,2754,2.219341
1899,2739,2.207253
1900,2762,2.225788
1901,2746,2.212894
1902,2763,2.226593
1903,2739,2.207253
1904,2746,2.212894
1905,2747,2.213700
1906,2755,2.220147
1907,2752,2.217729
1908,2763,2.226593
1909,2746,2.212894
1910,2754,2.219341
1911,2754,2.219341
1912,2762,2.225788
1913,2752,2.217729
1914,2754,2.219341
1915,2760,2.224176
1916,2739,2.207253
1917,2754,2.219341
1918,2739,2.207253
1919,2754,2.219341
1920,2755,2.220147
1921,2760,2.224176
1922,2754,2.219341
1923,2747,2.213700
1924,2747,2.213700
1925,2762,2.225788
1926,2778,2.238681
1927,2762,2.225788
1928,2755,2.220147
1929,2762,2.225788
1930,2762,2.225788
1931,2762,2.225788
1932,2762,2.225788
1933,2767,2.229817
1934,2762,2.225788
1935,2767,2.229817
1936,2776,2.237070
1937,2762,2.225788
1938,2755,2.220147
1939,2778,2.238681
1940,2762,2.225788
1941,2784,2.243516
1942,2778,2.238681
1943,2771,2.233040
1944,2767,2.229817
1945,2763,2.226593
1946,2763,2.226593
1947,2784,2.243516
1948,2767,2.229817
1949,2784,2.243516
1950,2767,2.229817
1951,2771,2.233040
1952,2784,2.243516
1953,2784,2.243516
1954,2794,2.251575
1955,2784,2.243516
1956,2786,2.245128
1957,2784,2.243516
1958,2784,2.243516
1959,2767,2.229817
1960,2794,2.251575
1961,2787,2.245934
1962,2787,2.245934
1963,2787,2.245934
1964,2787,2.245934
1965,2794,2.251575
1966,2786,2.245128
1967,2794,2.251575
1968,2778,2.238681
1969,2795,2.252381
1970,2786,2.245128
1971,2794,2.251575
1972,2794,2.251575
1973,2794,2.251575
1974,2784,2.243516
1975,2787,2.245934
1976,2795,2.252381
1977,2803,2.258828
1978,2808,2.262857
1979,2794,2.251575
1980,2795,2.252381
1981,2810,2.264469
1982,2810,2.264469
1983,2816,2.269304
1984,2799,2.255604
1985,2808,2.262857
1986,2799,2.255604
1987,2816,2.269304
1988,2803,2.258828
1989,2808,2.262857
1990,2819,2.271722
1991,2795,2.252381
1992,2795,2.252381
1993,2816,2.269304
1994,2808,2.262857
1995,2816,2.269304
1996,2803,2.258828
1997,2816,2.269304
1998,2810,2.264469
1999,2818,2.270916
2000,2808,2.262857
2001,2816,2.269304
2002,2803,2.258828
2003,2816,2.269304
2004,2826,2.277363
2005,2818,2.270916
2006,2819,2.271722
2007,2818,2.270916
2008,2816,2.269304
2009,2819,2.271722
2010,2826,2.277363
2011,2818,2.270916
2012,2826,2.277363
2013,2818,2.270916
2014,2816,2.269304
2015,2816,2.269304
2016,2810,2.264469
2017,2818,2.270916
2018,2827,2.278168
2019,2818,2.270916
2020,2819,2.271722
2021,2818,2.270916
2022,2819,2.271722
2023,2827,2.278168
2024,2827,2.278168
2025,2816,2.269304
2026,2819,2.271722
2027,2826,2.277363
2028,2827,2.278168
2029,2827,2.278168
2030,2819,2.271722
2031,2818,2.270916
2032,2827,2.278168
2033,2819,2.271722
2034,2826,2.277363
2035,2826,2.277363
2036,2831,2.281392
2037,2831,2.281392
2038,2819,2.271722
2039,2824,2.275751
2040,2819,2.271722
2041,2819,2.271722
2042,2818,2.270916
2043,2826,2.277363
2044,2827,2.278168
2045,2819,2.271722
2046,2816,2.269304
2047,2818,2.270916
2048,2826,2.277363
2049,2826,2.277363
2050,2818,2.270916
2051,2819,2.271722
2052,2818,2.270916
2053,2819,2.271722
2054,2819,2.271722
2055,2819,2.271722
2056,2819,2.271722
2057,2824,2.275751
2058,2818,2.270916
2059,2818,2.270916
2060,2826,2.277363
2061,2826,2.277363
2062,2818,2.270916
2063,2827,2.278168
2064,2819,2.271722
2065,2818,2.270916
2066,2818,2.270916
2067,2808,2.262857
2068,2810,2.264469
2069,2816,2.269304
2070,2819,2.271722
2071,2803,2.258828
2072,2810,2.264469
2073,2819,2.271722
2074,2810,2.264469
2075,2799,2.255604
2076,2803,2.258828
2077,2816,2.269304
2078,2799,2.255604
2079,2799,2.255604
2080,2816,2.269304
2081,2795,2.252381
2082,2794,2.251575
2083,2795,2.252381
2084,2794,2.251575
2085,2795,2.252381
2086,2794,2.251575
2087,2795,2.252381
2088,2794,2.251575
2089,2786,2.245128
2090,2787,2.245934
2091,2794,2.251575
2092,2786,2.245128
2093,2792,2.249963
2094,2786,2.245128
2095,2784,2.243516
2096,2786,2.245128
2097,2784,2.243516
2098,2771,2.233040
2099,2784,2.243516
2100,2784,2.243516
2101,2762,2.225788
2102,2763,2.226593
2103,2763,2.226593
2104,2767,2.229817
2105,2771,2.233040
2106,2771,2.233040
2107,2763,2.226593
2108,2755,2.220147
2109,2763,2.226593
2110,2739,2.207253
2111,2754,2.219341
2112,2754,2.219341
2113,2755,2.220147
2114,2747,2.213700
2115,2746,2.212894
2116,2746,2.212894
2117,2735,2.204029
2118,2731,2.200806
2119,2735,2.204029
2120,2731,2.200806
2121,2746,2.212894
2122,2739,2.207253
2123,2739,2.207253
2124,2720,2.191941
2125,2728,2.198388
2126,2728,2.198388
2127,2722,2.193553
2128,2722,2.193553
2129,2703,2.178242
2130,2699,2.175018
2131,2720,2.191941
2132,2714,2.187106
2133,2703,2.178242
2134,2699,2.175018
2135,2703,2.178242
2136,2687,2.165348
2137,2699,2.175018
2138,2687,2.165348
2139,2698,2.174212
2140,2683,2.162125
2141,2698,2.174212
2142,2680,2.159707
2143,2683,2.162125
2144,2683,2.162125
2145,2671,2.152454
2146,2667,2.149231
2147,2667,2.149231
2148,2667,2.149231
2149,2666,2.148425
2150,2666,2.148425
2151,2667,2.149231
2152,2671,2.152454
2153,2667,2.149231
2154,2658,2.141978
2155,2658,2.141978
2156,2658,2.141978
2157,2666,2.148425
2158,2659,2.142784
2159,2656,2.140366
2160,2656,2.140366
2161,2656,2.140366
2162,2658,2.141978
2163,2656,2.140366
2164,2656,2.140366
2165,2643,2.129890
2166,2648,2.133919
2167,2656,2.140366
2168,2658,2.141978
2169,2656,2.140366
2170,2650,2.135531
2171,2656,2.140366
2172,2656,2.140366
2173,2667,2.149231
2174,2659,2.142784
2175,2659,2.142784
2176,2666,2.148425
2177,2667,2.149231
2178,2667,2.149231
2179,2666,2.148425
2180,2666,2.148425
2181,2671,2.152454
2182,2682,2.161319
2183,2674,2.154872
2184,2683,2.162125
2185,2687,2.165348
2186,2682,2.161319
2187,2698,2.174212
2188,2703,2.178242
2189,2687,2.165348
2190,2698,2.174212
2191,2714,2.187106
2192,2720,2.191941
2193,2722,2.193553
2194,2720,2.191941
2195,2720,2.191941
2196,2723,2.194359
2197,2723,2.194359
2198,2730,2.200000
2199,2731,2.200806
2200,2730,2.200000
2201,2731,2.200806
2202,2747,2.213700
2203,2754,2.219341
2204,2752,2.217729
2205,2762,2.225788
2206,2746,2.212894
2207,2767,2.229817
2208,2763,2.226593
2209,2776,2.237070
2210,2771,2.233040
2211,2767,2.229817
2212,2786,2.245128
2213,2784,2.243516
2214,2787,2.245934
2215,2786,2.245128
2216,2794,2.251575
2217,2794,2.251575
2218,2816,2.269304
2219,2795,2.252381
2220,2794,2.251575
2221,2803,2.258828
2222,2818,2.270916
2223,2795,2.252381
2224,2803,2.258828
2225,2818,2.270916
2226,2818,2.270916
2227,2818,2.270916
2228,2818,2.270916
2229,2827,2.278168
2230,2818,2.270916
2231,2816,2.269304
2232,2827,2.278168
2233,2826,2.277363
2234,2827,2.278168
2235,2835,2.284615
2236,2835,2.284615
2237,2835,2.284615
2238,2848,2.295092
2239,2842,2.290256
2240,2848,2.295092
2241,2848,2.295092
2242,2850,2.296703
2243,2848,2.295092
2244,2858,2.303150
2245,2858,2.303150
2246,2856,2.301538
2247,2851,2.297509
2248,2858,2.303150
2249,2850,2.296703
2250,2851,2.297509
2251,2859,2.303956
2252,2858,2.303150
2253,2859,2.303956
2254,2874,2.316044
2255,2850,2.296703
2256,2858,2.303150
2257,2863,2.307179
2258,2867,2.310403
2259,2863,2.307179
2260,2882,2.322491
2261,2859,2.303956
2262,2875,2.316850
2263,2882,2.322491
2264,2863,2.307179
2265,2874,2.316044
2266,2883,2.323297
2267,2882,2.322491
2268,2863,2.307179
2269,2863,2.307179
2270,2875,2.316850
2271,2875,2.316850
2272,2874,2.316044
2273,2891,2.329744
2274,2883,2.323297
2275,2891,2.329744
2276,2890,2.328938
2277,2882,2.322491
2278,2875,2.316850
2279,2882,2.322491
2280,2883,2.323297
2281,2888,2.327326
2282,2890,2.328938
2283,2890,2.328938
2284,2895,2.332967
2285,2888,2.327326
2286,2891,2.329744
2287,2890,2.328938
2288,2882,2.322491
2289,2895,2.332967
2290,2890,2.328938
2291,2899,2.336190
2292,2883,2.323297
2293,2895,2.332967
2294,2890,2.328938
2295,2895,2.332967
2296,2895,2.332967
2297,2904,2.340220
2298,2890,2.328938
2299,2891,2.329744
2300,2912,2.346667
2301,2899,2.336190
2302,2899,2.336190
2303,2891,2.329744
2304,2891,2.329744
2305,2891,2.329744
2306,2895,2.332967
2307,2899,2.336190
2308,2895,2.332967
2309,2899,2.336190
2310,2912,2.346667
2311,2895,2.332967
2312,2891,2.329744
2313,2891,2.329744
2314,2890,2.328938
2315,2890,2.328938
2316,2882,2.322491
2317,2895,2.332967
2318,2888,2.327326
2319,2890,2.328938
2320,2891,2.329744
2321,2891,2.329744
2322,2899,2.336190
2323,2891,2.329744
2324,2899,2.336190
2325,2912,2.346667
2326,2895,2.332967
2327,2912,2.346667
2328,2899,2.336190
2329,2891,2.329744
2330,2891,2.329744
2331,2912,2.346667
2332,2891,2.329744
2333,2891,2.329744
2334,2899,2.336190
2335,2891,2.329744
2336,2891,2.329744
2337,2904,2.340220
2338,2912,2.346667
2339,2891,2.329744
2340,2899,2.336190
2341,2895,2.332967
2342,2895,2.332967
2343,2899,2.336190
2344,2899,2.336190
2345,2891,2.329744
2346,2891,2.329744
2347,2912,2.346667
2348,2904,2.340220
2349,2912,2.346667
2350,2906,2.341832
2351,2895,2.332967
2352,2891,2.329744
2353,2891,2.329744
2354,2895,2.332967
2355,2891,2.329744
2356,2912,2.346667
2357,2895,2.332967
2358,2895,2.332967
2359,2912,2.346667
2360,2895,2.332967
2361,2912,2.346667
2362,2912,2.346667
2363,2890,2.328938
2364,2895,2.332967
2365,2912,2.346667
2366,2899,2.336190
2367,2891,2.329744
2368,2890,2.328938
2369,2912,2.346667
2370,2890,2.328938
2371,2906,2.341832
2372,2912,2.346667
2373,2914,2.348278
2374,2891,2.329744
2375,2895,2.332967
2376,2912,2.346667
2377,2912,2.346667
2378,2912,2.346667
2379,2912,2.346667
2380,2891,2.329744
2381,2912,2.346667
2382,2890,2.328938
2383,2912,2.346667
2384,2912,2.346667
2385,2912,2.346667
2386,2912,2.346667
2387,2912,2.346667
2388,2891,2.329744
2389,2914,2.348278
2390,2895,2.332967
2391,2912,2.346667
2392,2912,2.346667
2393,2906,2.341832
2394,2912,2.346667
2395,2912,2.346667
2396,2914,2.348278
2397,2895,2.332967
2398,2895,2.332967
2399,2891,2.329744
2400,2891,2.329744
2401,2912,2.346667
2402,2912,2.346667
2403,2899,2.336190
2404,2906,2.341832
2405,2912,2.346667
2406,2895,2.332967
2407,2906,2.341832
2408,2912,2.346667
2409,2899,2.336190
2410,2912,2.346667
2411,2904,2.340220
2412,2904,2.340220
2413,2912,2.346667
2414,2895,2.332967
2415,2895,2.332967
2416,2912,2.346667
2417,2890,2.328938
2418,2912,2.346667
2419,2891,2.329744
2420,2895,2.332967
2421,2895,2.332967
2422,2899,2.336190
2423,2891,2.329744
2424,2899,2.336190
2425,2914,2.348278
2426,2915,2.349084
2427,2912,2.346667
2428,2906,2.341832
2429,2899,2.336190
2430,2915,2.349084
2431,2895,2.332967
2432,2895,2.332967
2433,2899,2.336190
2434,2912,2.346667
2435,2912,2.346667
2436,2891,2.329744
2437,2912,2.346667
2438,2883,2.323297
2439,2891,2.329744
2440,2891,2.329744
2441,2904,2.340220
2442,2895,2.332967
2443,2904,2.340220
2444,2899,2.336190
2445,2912,2.346667
2446,2912,2.346667
2447,2912,2.346667
2448,2895,2.332967
2449,2899,2.336190
2450,2899,2.336190
2451,2914,2.348278
2452,2895,2.332967
2453,2912,2.346667
2454,2890,2.328938
2455,2912,2.346667
2456,2899,2.336190
2457,2904,2.340220
2458,2899,2.336190
2459,2912,2.346667
2460,2891,2.329744
2461,2895,2.332967
2462,2915,2.349084
2463,2912,2.346667
2464,2895,2.332967
2465,2912,2.346667
2466,2912,2.346667
2467,2912,2.346667
2468,2912,2.346667
2469,2895,2.332967
2470,2912,2.346667
2471,2914,2.348278
2472,2895,2.332967
2473,2895,2.332967
2474,2912,2.346667
2475,2912,2.346667
2476,2906,2.341832
2477,2912,2.346667
2478,2912,2.346667
2479,2920,2.353114
2480,2914,2.348278
2481,2914,2.348278
2482,2912,2.346667
2483,2914,2.348278
2484,2912,2.346667
2485,2891,2.329744
2486,2914,2.348278
2487,2891,2.329744
2488,2895,2.332967
2489,2914,2.348278
2490,2912,2.346667
2491,2912,2.346667
2492,2891,2.329744
2493,2904,2.340220
2494,2912,2.346667
2495,2891,2.329744
2496,2906,2.341832
2497,2895,2.332967
2498,2912,2.346667
2499,2895,2.332967
2500,2912,2.346667
2501,2895,2.332967
2502,2906,2.341832
2503,2899,2.336190
2504,2899,2.336190
2505,2895,2.332967
2506,2891,2.329744
2507,2912,2.346667
2508,2891,2.329744
2509,2899,2.336190
2510,2891,2.329744
2511,2912,2.346667
2512,2912,2.346667
2513,2891,2.329744
2514,2891,2.329744
2515,2895,2.332967
2516,2891,2.329744
2517,2912,2.346667
2518,2890,2.328938
2519,2891,2.329744
2520,2912,2.346667
2521,2912,2.346667
2522,2914,2.348278
2523,2912,2.346667
2524,2891,2.329744
2525,2912,2.346667
2526,2895,2.332967
2527,2895,2.332967
2528,2895,2.332967
2529,2912,2.346667
2530,2890,2.328938
2531,2899,2.336190
2532,2904,2.340220
2533,2891,2.329744
2534,2891,2.329744
2535,2895,2.332967
2536,2891,2.329744
2537,2904,2.340220
2538,2895,2.332967
2539,2891,2.329744
2540,2891,2.329744
2541,2891,2.329744
2542,2891,2.329744
2543,2899,2.336190
2544,2890,2.328938
2545,2891,2.329744
2546,2895,2.332967
2547,2890,2.328938
2548,2895,2.332967
2549,2891,2.329744
2550,2890,2.328938
2551,2906,2.341832
2552,2895,2.332967
2553,2895,2.332967
2554,2895,2.332967
2555,2895,2.332967
2556,2891,2.329744
2557,2890,2.328938
2558,2890,2.328938
2559,2890,2.328938
2560,2891,2.329744
2561,2895,2.332967
2562,2891,2.329744
2563,2891,2.329744
2564,2890,2.328938
2565,2895,2.332967
2566,2891,2.329744
2567,2890,2.328938
2568,2891,2.329744
2569,2890,2.328938
2570,2890,2.328938
2571,2888,2.327326
2572,2883,2.323297
2573,2883,2.323297
2574,2888,2.327326
2575,2890,2.328938
2576,2890,2.328938
2577,2882,2.322491
2578,2891,2.329744
2579,2890,2.328938
2580,2882,2.322491
2581,2875,2.316850
2582,2891,2.329744
2583,2891,2.329744
2584,2888,2.327326
2585,2882,2.322491
2586,2895,2.332967
2587,2888,2.327326
2588,2891,2.329744
2589,2882,2.322491
2590,2883,2.323297
2591,2882,2.322491
2592,2883,2.323297
2593,2891,2.329744
2594,2891,2.329744
2595,2883,2.323297
2596,2875,2.316850
2597,2875,2.316850
2598,2875,2.316850
2599,2883,2.323297
2600,2875,2.316850
2601,2882,2.322491
2602,2875,2.316850
2603,2875,2.316850
2604,2867,2.310403
2605,2882,2.322491
2606,2891,2.329744
2607,2883,2.323297
2608,2874,2.316044
2609,2882,2.322491
2610,2882,2.322491
2611,2874,2.316044
2612,2875,2.316850
2613,2867,2.310403
2614,2875,2.316850
2615,2875,2.316850
2616,2874,2.316044
2617,2867,2.310403
2618,2874,2.316044
2619,2874,2.316044
2620,2863,2.307179
2621,2858,2.303150
2622,2863,2.307179
2623,2863,2.307179
2624,2867,2.310403
2625,2875,2.316850
2626,2888,2.327326
2627,2875,2.316850
2628,2874,2.316044
2629,2872,2.314432
2630,2859,2.303956
2631,2874,2.316044
2632,2863,2.307179
2633,2851,2.297509
2634,2863,2.307179
2635,2872,2.314432
2636,2858,2.303150
2637,2859,2.303956
2638,2863,2.307179
2639,2872,2.314432
2640,2859,2.303956
2641,2851,2.297509
2642,2859,2.303956
2643,2858,2.303150
2644,2859,2.303956
2645,2848,2.295092
2646,2856,2.301538
2647,2867,2.310403
2648,2850,2.296703
2649,2858,2.303150
2650,2851,2.297509
2651,2850,2.296703
2652,2851,2.297509
2653,2858,2.303150
2654,2859,2.303956
2655,2850,2.296703
2656,2859,2.303956
2657,2850,2.296703
2658,2835,2.284615
2659,2848,2.295092
2660,2848,2.295092
2661,2851,2.297509
2662,2840,2.288645
2663,2851,2.297509
2664,2848,2.295092
2665,2848,2.295092
2666,2850,2.296703
2667,2831,2.281392
2668,2848,2.295092
2669,2859,2.303956
2670,2848,2.295092
2671,2831,2.281392
2672,2835,2.284615
2673,2831,2.281392
2674,2835,2.284615
2675,2848,2.295092
2676,2848,2.295092
2677,2835,2.284615
2678,2827,2.278168
2679,2831,2.281392
2680,2831,2.281392
2681,2848,2.295092
2682,2835,2.284615
2683,2827,2.278168
2684,2819,2.271722
2685,2826,2.277363
2686,2827,2.278168
2687,2819,2.271722
2688,2819,2.271722
2689,2818,2.270916
2690,2827,2.278168
2691,2827,2.278168
2692,2826,2.277363
2693,2826,2.277363
2694,2819,2.271722
2695,2818,2.270916
2696,2816,2.269304
2697,2818,2.270916
2698,2810,2.264469
2699,2816,2.269304
2700,2819,2.271722
2701,2810,2.264469
2702,2819,2.271722
2703,2816,2.269304
2704,2816,2.269304
2705,2795,2.252381
2706,2810,2.264469
2707,2799,2.255604
2708,2816,2.269304
2709,2810,2.264469
2710,2795,2.252381
2711,2795,2.252381
2712,2794,2.251575
2713,2799,2.255604
2714,2795,2.252381
2715,2794,2.251575
2716,2787,2.245934
2717,2786,2.245128
2718,2794,2.251575
2719,2794,2.251575
2720,2792,2.249963
2721,2787,2.245934
2722,2795,2.252381
2723,2786,2.245128
2724,2795,2.252381
2725,2784,2.243516
2726,2795,2.252381
2727,2787,2.245934
2728,2786,2.245128
2729,2787,2.245934
2730,2784,2.243516
2731,2786,2.245128
2732,2787,2.245934
2733,2784,2.243516
2734,2771,2.233040
2735,2784,2.243516
2736,2767,2.229817
2737,2763,2.226593
2738,2767,2.229817
2739,2767,2.229817
2740,2762,2.225788
2741,2784,2.243516
2742,2767,2.229817
2743,2762,2.225788
2744,2763,2.226593
2745,2763,2.226593
2746,2762,2.225788
2747,2763,2.226593
2748,2754,2.219341
2749,2754,2.219341
2750,2754,2.219341
2751,2762,2.225788
2752,2762,2.225788
2753,2755,2.220147
2754,2754,2.219341
2755,2763,2.226593
2756,2735,2.204029
2757,2735,2.204029
2758,2755,2.220147
2759,2735,2.204029
2760,2746,2.212894
2761,2735,2.204029
2762,2735,2.204029
2763,2731,2.200806
2764,2735,2.204029
2765,2747,2.213700
2766,2731,2.200806
2767,2731,2.200806
2768,2723,2.194359
2769,2723,2.194359
2770,2728,2.198388
2771,2720,2.191941
2772,2722,2.193553
2773,2720,2.191941
2774,2722,2.193553
2775,2730,2.200000
2776,2722,2.193553
2777,2722,2.193553
2778,2720,2.191941
2779,2720,2.191941
2780,2720,2.191941
2781,2707,2.181465
2782,2707,2.181465
2783,2703,2.178242
2784,2703,2.178242
2785,2703,2.178242
2786,2712,2.185495
2787,2699,2.175018
2788,2707,2.181465
2789,2703,2.178242
2790,2703,2.178242
2791,2703,2.178242
2792,2712,2.185495
2793,2683,2.162125
2794,2698,2.174212
2795,2683,2.162125
2796,2707,2.181465
2797,2687,2.165348
2798,2683,2.162125
2799,2666,2.148425
2800,2666,2.148425
2801,2659,2.142784
2802,2664,2.146813
2803,2666,2.148425
2804,2667,2.149231
2805,2658,2.141978
2806,2671,2.152454
2807,2667,2.149231
2808,2667,2.149231
2809,2667,2.149231
2810,2667,2.149231
2811,2656,2.140366
2812,2658,2.141978
2813,2656,2.140366
2814,2643,2.129890
2815,2656,2.140366
2816,2639,2.126667
2817,2635,2.123443
2818,2632,2.121026
2819,2634,2.122637
2820,2639,2.126667
2821,2643,2.129890
2822,2635,2.123443
2823,2634,2.122637
2824,2634,2.122637
2825,2624,2.114579
2826,2624,2.114579
2827,2634,2.122637
2828,2635,2.123443
2829,2627,2.116996
2830,2616,2.108132
2831,2618,2.109744
2832,2626,2.116190
2833,2611,2.104103
2834,2624,2.114579
2835,2603,2.097656
2836,2607,2.100879
2837,2594,2.090403
2838,2603,2.097656
2839,2603,2.097656
2840,2592,2.088791
2841,2603,2.097656
2842,2594,2.090403
2843,2592,2.088791
2844,2594,2.090403
2845,2600,2.095238
2846,2592,2.088791
2847,2592,2.088791
2848,2592,2.088791
2849,2592,2.088791
2850,2575,2.075092
2851,2571,2.071868
2852,2586,2.083956
2853,2575,2.075092
2854,2575,2.075092
2855,2570,2.071062
2856,2555,2.058974
2857,2555,2.058974
2858,2570,2.071062
2859,2559,2.062198
2860,2563,2.065421
2861,2543,2.049304
2862,2554,2.058168
2863,2554,2.058168
2864,2547,2.052527
2865,2559,2.062198
2866,2547,2.052527
2867,2543,2.049304
2868,2538,2.045275
2869,2538,2.045275
2870,2539,2.046081
2871,2547,2.052527
2872,2555,2.058974
2873,2531,2.039634
2874,2542,2.048498
2875,2543,2.049304
2876,2539,2.046081
2877,2530,2.038828
2878,2538,2.045275
2879,2539,2.046081
2880,2539,2.046081
2881,2538,2.045275
2882,2531,2.039634
2883,2539,2.046081
2884,2538,2.045275
2885,2531,2.039634
2886,2528,2.037216
2887,2528,2.037216
2888,2507,2.020293
2889,2499,2.013846
2890,2507,2.020293
2891,2506,2.019487
2892,2507,2.020293
2893,2507,2.020293
2894,2507,2.020293
2895,2507,2.020293
2896,2511,2.023516
2897,2507,2.020293
2898,2511,2.023516
2899,2528,2.037216
2900,2490,2.006593
2901,2490,2.006593
2902,2498,2.013040
2903,2490,2.006593
2904,2483,2.000952
2905,2483,2.000952
2906,2479,1.997729
2907,2488,2.004982
2908,2474,1.993700
2909,2474,1.993700
2910,2474,1.993700
2911,2483,2.000952
2912,2483,2.000952
2913,2474,1.993700
2914,2474,1.993700
2915,2475,1.994505
2916,2479,1.997729
2917,2475,1.994505
2918,2474,1.993700
2919,2474,1.993700
2920,2474,1.993700
2921,2466,1.987253
2922,2466,1.987253
2923,2466,1.987253
2924,2458,1.980806
2925,2443,1.968718
2926,2451,1.975165
2927,2464,1.985641
2928,2467,1.988059
2929,2466,1.987253
2930,2467,1.988059
2931,2466,1.987253
2932,2464,1.985641
2933,2443,1.968718
2934,2451,1.975165
2935,2458,1.980806
2936,2443,1.968718
2937,2466,1.987253
2938,2442,1.967912
2939,2464,1.985641
2940,2458,1.980806
2941,2464,1.985641
2942,2464,1.985641
2943,2443,1.968718
2944,2442,1.967912
2945,2442,1.967912
2946,2442,1.967912
2947,2442,1.967912
2948,2451,1.975165
2949,2443,1.968718
2950,2431,1.959048
2951,2440,1.966300
2952,2443,1.968718
2953,2427,1.955824
2954,2443,1.968718
2955,2443,1.968718
2956,2426,1.955018
2957,2411,1.942930
2958,2415,1.946154
2959,2440,1.966300
2960,2440,1.966300
2961,2427,1.955824
2962,2431,1.959048
2963,2435,1.962271
2964,2427,1.955824
2965,2431,1.959048
2966,2415,1.946154
2967,2419,1.949377
2968,2411,1.942930
2969,2403,1.936484
2970,2411,1.942930
2971,2419,1.949377
2972,2410,1.942125
2973,2419,1.949377
2974,2427,1.955824
2975,2431,1.959048
2976,2427,1.955824
2977,2415,1.946154
2978,2427,1.955824
2979,2415,1.946154
2980,2402,1.935678
2981,2403,1.936484
2982,2400,1.934066
2983,2394,1.929231
2984,2402,1.935678
2985,2402,1.935678
2986,2387,1.923590
2987,2403,1.936484
2988,2410,1.942125
2989,2411,1.942930
2990,2411,1.942930
2991,2394,1.929231
2992,2378,1.916337
2993,2408,1.940513
2994,2411,1.942930
2995,2410,1.942125
2996,2400,1.934066
2997,2383,1.920366
2998,2410,1.942125
2999,2383,1.920366
3000,2394,1.929231
3001,2400,1.934066
3002,2392,1.927619
3003,2400,1.934066
3004,2383,1.920366
3005,2387,1.923590
3006,2400,1.934066
3007,2394,1.929231
3008,2400,1.934066
3009,2387,1.923590
3010,2400,1.934066
3011,2379,1.917143
3012,2378,1.916337
3013,2383,1.920366
3014,2379,1.917143
3015,2392,1.927619
3016,2387,1.923590
3017,2378,1.916337
3018,2379,1.917143
3019,2383,1.920366
3020,2383,1.920366
3021,2371,1.910696
3022,2362,1.903443
3023,2362,1.903443
3024,2362,1.903443
3025,2370,1.909890
3026,2371,1.910696
3027,2362,1.903443
3028,2370,1.909890
3029,2370,1.909890
3030,2371,1.910696
3031,2363,1.904249
3032,2370,1.909890
3033,2355,1.897802
3034,2347,1.891355
3035,2363,1.904249
3036,2362,1.903443
3037,2371,1.910696
3038,2363,1.904249
3039,2355,1.897802
3040,2355,1.897802
3041,2362,1.903443
3042,2363,1.904249
3043,2346,1.890549
3044,2363,1.904249
3045,2362,1.903443
3046,2347,1.891355
3047,2355,1.897802
3048,2347,1.891355
3049,2368,1.908278
3050,2362,1.903443
3051,2363,1.904249
3052,2363,1.904249
3053,2368,1.908278
3054,2355,1.897802
3055,2346,1.890549
3056,2347,1.891355
3057,2347,1.891355
3058,2347,1.891355
3059,2336,1.882491
3060,2339,1.884908
3061,2338,1.884103
3062,2339,1.884908
3063,2338,1.884103
3064,2336,1.882491
3065,2336,1.882491
3066,2328,1.876044
3067,2328,1.876044
3068,2319,1.868791
3069,2330,1.877656
3070,2330,1.877656
3071,2338,1.884103
3072,2347,1.891355
3073,2339,1.884908
3074,2355,1.897802
3075,2351,1.894579
3076,2355,1.897802
3077,2346,1.890549
3078,2346,1.890549
3079,2351,1.894579
3080,2346,1.890549
3081,2338,1.884103
3082,2339,1.884908
3083,2346,1.890549
3084,2336,1.882491
3085,2339,1.884908
3086,2362,1.903443
3087,2350,1.893773
3088,2363,1.904249
3089,2371,1.910696
3090,2362,1.903443
3091,2355,1.897802
3092,2362,1.903443
3093,2351,1.894579
3094,2339,1.884908
3095,2319,1.868791
3096,2338,1.884103
3097,2323,1.872015
3098,2323,1.872015
3099,2323,1.872015
3100,2315,1.865568
3101,2323,1.872015
3102,2319,1.868791
3103,2323,1.872015
3104,2319,1.868791
3105,2315,1.865568
3106,2315,1.865568
3107,2298,1.851868
3108,2319,1.868791
3109,2315,1.865568
3110,2299,1.852674
3111,2323,1.872015
3112,2314,1.864762
3113,2307,1.859121
3114,2299,1.852674
3115,2307,1.859121
3116,2299,1.852674
3117,2315,1.865568
3118,2298,1.851868
3119,2315,1.865568
3120,2315,1.865568
3121,2319,1.868791
3122,2314,1.864762
3123,2303,1.855897
3124,2307,1.859121
3125,2299,1.852674
3126,2303,1.855897
3127,2299,1.852674
3128,2303,1.855897
3129,2299,1.852674
3130,2299,1.852674
3131,2314,1.864762
3132,2314,1.864762
3133,2298,1.851868
3134,2299,1.852674
3135,2302,1.855092
3136,2314,1.864762
3137,2314,1.864762
3138,2303,1.855897
3139,2314,1.864762
3140,2307,1.859121
3141,2307,1.859121
3142,2299,1.852674
3143,2299,1.852674
3144,2299,1.852674
3145,2307,1.859121
3146,2298,1.851868
3147,2283,1.839780
3148,2283,1.839780
3149,2291,1.846227
3150,2283,1.839780
3151,2274,1.832527
3152,2283,1.839780
3153,2283,1.839780
3154,2287,1.843004
3155,2291,1.846227
3156,2287,1.843004
3157,2303,1.855897
3158,2287,1.843004
3159,2298,1.851868
3160,2291,1.846227
3161,2298,1.851868
3162,2282,1.838974
3163,2272,1.830916
3164,2274,1.832527
3165,2275,1.833333
3166,2283,1.839780
3167,2275,1.833333
3168,2274,1.832527
3169,2272,1.830916
3170,2272,1.830916
3171,2272,1.830916
3172,2259,1.820440
3173,2283,1.839780
3174,2266,1.826081
3175,2266,1.826081
3176,2272,1.830916
3177,2275,1.833333
3178,2282,1.838974
3179,2283,1.839780
3180,2275,1.833333
3181,2282,1.838974
3182,2282,1.838974
3183,2255,1.817216
3184,2259,1.820440
3185,2272,1.830916
3186,2272,1.830916
3187,2283,1.839780
3188,2272,1.830916
3189,2272,1.830916
3190,2272,1.830916
3191,2274,1.832527
3192,2272,1.830916
3193,2274,1.832527
3194,2275,1.833333
3195,2272,1.830916
3196,2282,1.838974
3197,2283,1.839780
3198,2274,1.832527
3199,2282,1.838974
3200,2283,1.839780
3201,2275,1.833333
3202,2274,1.832527
3203,2275,1.833333
3204,2272,1.830916
3205,2272,1.830916
3206,2282,1.838974
3207,2255,1.817216
3208,2272,1.830916
3209,2259,1.820440
3210,2251,1.813993
3211,2274,1.832527
3212,2266,1.826081
3213,2259,1.820440
3214,2259,1.820440
3215,2272,1.830916
3216,2274,1.832527
3217,2264,1.824469
3218,2259,1.820440
3219,2255,1.817216
3220,2255,1.817216
3221,2251,1.813993
3222,2272,1.830916
3223,2251,1.813993
3224,2255,1.817216
3225,2242,1.806740
3226,2255,1.817216
3227,2259,1.820440
3228,2242,1.806740
3229,2259,1.820440
3230,2250,1.813187
3231,2235,1.801099
3232,2259,1.820440
3233,2259,1.820440
3234,2255,1.817216
3235,2243,1.807546
3236,2251,1.813993
3237,2255,1.817216
3238,2243,1.807546
3239,2250,1.813187
3240,2242,1.806740
3241,2242,1.806740
3242,2242,1.806740
3243,2255,1.817216
3244,2250,1.813187
3245,2272,1.830916
3246,2251,1.813993
3247,2259,1.820440
3248,2255,1.817216
3249,2255,1.817216
3250,2250,1.813187
3251,2250,1.813187
3252,2255,1.817216
3253,2250,1.813187
3254,2243,1.807546
3255,2259,1.820440
3256,2242,1.806740
3257,2234,1.800293
3258,2250,1.813187
3259,2234,1.800293
3260,2250,1.813187
3261,2250,1.813187
3262,2250,1.813187
3263,2235,1.801099
3264,2234,1.800293
3265,2242,1.806740
3266,2255,1.817216
3267,2255,1.817216
3268,2248,1.811575
3269,2255,1.817216
3270,2234,1.800293
3271,2251,1.813993
3272,2251,1.813993
3273,2243,1.807546
3274,2243,1.807546
3275,2242,1.806740
3276,2235,1.801099
3277,2242,1.806740
3278,2248,1.811575
3279,2243,1.807546
3280,2234,1.800293
3281,2240,1.805128
3282,2240,1.805128
3283,2235,1.801099
3284,2242,1.806740
3285,2242,1.806740
3286,2218,1.787399
3287,2234,1.800293
3288,2240,1.805128
3289,2240,1.805128
3290,2250,1.813187
3291,2250,1.813187
3292,2248,1.811575
3293,2235,1.801099
3294,2240,1.805128
3295,2242,1.806740
3296,2243,1.807546
3297,2227,1.794652
3298,2242,1.806740
3299,2235,1.801099
3300,2227,1.794652
3301,2235,1.801099
3302,2242,1.806740
3303,2234,1.800293
3304,2242,1.806740
3305,2243,1.807546
3306,2234,1.800293
3307,2227,1.794652
3308,2242,1.806740
3309,2235,1.801099
3310,2235,1.801099
3311,2255,1.817216
3312,2234,1.800293
3313,2250,1.813187
3314,2242,1.806740
3315,2227,1.794652
3316,2242,1.806740
3317,2235,1.801099
3318,2234,1.800293
3319,2235,1.801099
3320,2227,1.794652
3321,2243,1.807546
3322,2232,1.798681
3323,2227,1.794652
3324,2243,1.807546
3325,2234,1.800293
3326,2235,1.801099
3327,2232,1.798681
3328,2248,1.811575
3329,2248,1.811575
3330,2240,1.805128
3331,2240,1.805128
3332,2234,1.800293
3333,2243,1.807546
3334,2235,1.801099
3335,2223,1.791429
3336,2242,1.806740
3337,2242,1.806740
3338,2235,1.801099
3339,2234,1.800293
3340,2243,1.807546
3341,2242,1.806740
3342,2243,1.807546
3343,2242,1.806740
3344,2223,1.791429
3345,2234,1.800293
3346,2235,1.801099
3347,2242,1.806740
3348,2219,1.788205
3349,2242,1.806740
3350,2235,1.801099
3351,2242,1.806740
3352,2243,1.807546
3353,2227,1.794652
3354,2234,1.800293
3355,2234,1.800293
3356,2250,1.813187
3357,2242,1.806740
3358,2242,1.806740
3359,2227,1.794652
3360,2234,1.800293
3361,2223,1.791429
3362,2227,1.794652
3363,2235,1.801099
3364,2234,1.800293
3365,2243,1.807546
3366,2242,1.806740
3367,2235,1.801099
3368,2240,1.805128
3369,2242,1.806740
3370,2234,1.800293
3371,2242,1.806740
3372,2235,1.801099
3373,2234,1.800293
3374,2227,1.794652
3375,2242,1.806740
3376,2223,1.791429
3377,2240,1.805128
3378,2234,1.800293
3379,2232,1.798681
3380,2227,1.794652
3381,2219,1.788205
3382,2227,1.794652
3383,2234,1.800293
3384,2219,1.788205
3385,2227,1.794652
3386,2219,1.788205
3387,2235,1.801099
3388,2227,1.794652
3389,2234,1.800293
3390,2227,1.794652
3391,2232,1.798681
3392,2234,1.800293
3393,2234,1.800293
3394,2234,1.800293
3395,2240,1.805128
3396,2227,1.794652
3397,2227,1.794652
3398,2219,1.788205
3399,2242,1.806740
3400,2232,1.798681
3401,2234,1.800293
3402,2240,1.805128
3403,2243,1.807546
3404,2223,1.791429
3405,2234,1.800293
3406,2219,1.788205
3407,2242,1.806740
3408,2232,1.798681
3409,2234,1.800293
3410,2232,1.798681
3411,2234,1.800293
3412,2240,1.805128
3413,2235,1.801099
3414,2234,1.800293
3415,2227,1.794652
3416,2240,1.805128
3417,2242,1.806740
3418,2234,1.800293
3419,2219,1.788205
3420,2223,1.791429
3421,2234,1.800293
3422,2223,1.791429
3423,2234,1.800293
3424,2219,1.788205
3425,2227,1.794652
3426,2227,1.794652
3427,2234,1.800293
3428,2227,1.794652
3429,2219,1.788205
3430,2223,1.791429
3431,2211,1.781758
3432,2234,1.800293
3433,2240,1.805128
3434,2223,1.791429
3435,2234,1.800293
3436,2227,1.794652
3437,2223,1.791429
3438,2227,1.794652
3439,2232,1.798681
3440,2234,1.800293
3441,2235,1.801099
3442,2242,1.806740
3443,2243,1.807546
3444,2218,1.787399
3445,2234,1.800293
3446,2235,1.801099
3447,2235,1.801099
3448,2242,1.806740
3449,2234,1.800293
3450,2243,1.807546
3451,2240,1.805128
3452,2242,1.806740
3453,2223,1.791429
3454,2250,1.813187
3455,2250,1.813187
3456,2227,1.794652
3457,2243,1.807546
3458,2250,1.813187
3459,2240,1.805128
3460,2235,1.801099
3461,2240,1.805128
3462,2243,1.807546
3463,2242,1.806740
3464,2242,1.806740
3465,2235,1.801099
3466,2243,1.807546
3467,2242,1.806740
3468,2227,1.794652
3469,2248,1.811575
3470,2227,1.794652
3471,2250,1.813187
3472,2250,1.813187
3473,2242,1.806740
3474,2232,1.798681
3475,2223,1.791429
3476,2251,1.813993
3477,2251,1.813993
3478,2234,1.800293
3479,2235,1.801099
3480,2254,1.816410
3481,2250,1.813187
3482,2243,1.807546
3483,2251,1.813993
3484,2242,1.806740
3485,2243,1.807546
3486,2251,1.813993
3487,2251,1.813993
3488,2251,1.813993
3489,2243,1.807546
3490,2259,1.820440
3491,2248,1.811575
3492,2251,1.813993
3493,2242,1.806740
3494,2259,1.820440
3495,2272,1.830916
3496,2255,1.817216
3497,2255,1.817216
3498,2255,1.817216
3499,2266,1.826081
3500,2251,1.813993
3501,2259,1.820440
3502,2250,1.813187
3503,2259,1.820440
3504,2251,1.813993
3505,2259,1.820440
3506,2274,1.832527
3507,2255,1.817216
3508,2259,1.820440
3509,2255,1.817216
3510,2251,1.813993
3511,2242,1.806740
3512,2255,1.817216
3513,2255,1.817216
3514,2272,1.830916
3515,2272,1.830916
3516,2272,1.830916
3517,2266,1.826081
3518,2251,1.813993
3519,2255,1.817216
3520,2282,1.838974
3521,2272,1.830916
3522,2266,1.826081
3523,2275,1.833333
3524,2272,1.830916
3525,2272,1.830916
3526,2272,1.830916
3527,2274,1.832527
3528,2282,1.838974
3529,2272,1.830916
3530,2274,1.832527
3531,2274,1.832527
3532,2283,1.839780
3533,2282,1.838974
3534,2272,1.830916
3535,2287,1.843004
3536,2275,1.833333
3537,2283,1.839780
3538,2275,1.833333
3539,2291,1.846227
3540,2291,1.846227
3541,2291,1.846227
3542,2287,1.843004
3543,2282,1.838974
3544,2282,1.838974
3545,2283,1.839780
3546,2298,1.851868
3547,2298,1.851868
3548,2299,1.852674
3549,2291,1.846227
3550,2287,1.843004
3551,2303,1.855897
3552,2287,1.843004
3553,2303,1.855897
3554,2319,1.868791
3555,2307,1.859121
3556,2298,1.851868
3557,2296,1.850256
3558,2299,1.852674
3559,2315,1.865568
3560,2314,1.864762
3561,2314,1.864762
3562,2307,1.859121
3563,2315,1.865568
3564,2315,1.865568
3565,2314,1.864762
3566,2328,1.876044
3567,2318,1.867985
3568,2336,1.882491
3569,2328,1.876044
3570,2328,1.876044
3571,2338,1.884103
3572,2330,1.877656
3573,2319,1.868791
3574,2319,1.868791
3575,2330,1.877656
3576,2346,1.890549
3577,2347,1.891355
3578,2347,1.891355
3579,2336,1.882491
3580,2339,1.884908
3581,2336,1.882491
3582,2336,1.882491
3583,2338,1.884103
3584,2339,1.884908
3585,2351,1.894579
3586,2347,1.891355
3587,2347,1.891355
3588,2363,1.904249
3589,2360,1.901832
3590,2351,1.894579
3591,2362,1.903443
3592,2378,1.916337
3593,2355,1.897802
3594,2367,1.907473
3595,2378,1.916337
3596,2362,1.903443
3597,2378,1.916337
3598,2379,1.917143
3599,2371,1.910696
3600,2378,1.916337
3601,2379,1.917143
3602,2383,1.920366
3603,2378,1.916337
3604,2383,1.920366
3605,2379,1.917143
3606,2394,1.929231
3607,2394,1.929231
3608,2383,1.920366
3609,2408,1.940513
3610,2408,1.940513
3611,2403,1.936484
3612,2410,1.942125
3613,2410,1.942125
3614,2411,1.942930
3615,2403,1.936484
3616,2411,1.942930
3617,2410,1.942125
3618,2415,1.946154
3619,2419,1.949377
3620,2434,1.961465
3621,2426,1.955018
3622,2426,1.955018
3623,2427,1.955824
3624,2443,1.968718
3625,2435,1.962271
3626,2442,1.967912
3627,2435,1.962271
3628,2451,1.975165
3629,2456,1.979194
3630,2458,1.980806
3631,2466,1.987253
3632,2456,1.979194
3633,2472,1.992088
3634,2475,1.994505
3635,2472,1.992088
3636,2475,1.994505
3637,2474,1.993700
3638,2479,1.997729
3639,2474,1.993700
3640,2488,2.004982
3641,2483,2.000952
3642,2483,2.000952
3643,2475,1.994505
3644,2498,2.013040
3645,2490,2.006593
3646,2496,2.011429
3647,2506,2.019487
