Pixel,ADC,VoltageV
1,3938,3.173480
2,3938,3.173480
3,3939,3.174286
4,3936,3.171868
5,3936,3.171868
6,3936,3.171868
7,3936,3.171868
8,3936,3.171868
9,3919,3.158168
10,3936,3.171868
11,3936,3.171868
12,3936,3.171868
13,3936,3.171868
14,3938,3.173480
15,3936,3.171868
16,3915,3.154945
17,3170,2.554579
18,2616,2.108132
19,2643,2.129890
20,2656,2.140366
21,2643,2.129890
22,2666,2.148425
23,2656,2.140366
24,2639,2.126667
25,2659,2.142784
26,2666,2.148425
27,2656,2.140366
28,2659,2.142784
29,2656,2.140366
30,2659,2.142784
31,2656,2.140366
32,2658,2.141978
33,2658,2.141978
34,2659,2.142784
35,2659,2.142784
36,2658,2.141978
37,2666,2.148425
38,2639,2.126667
39,2635,2.123443
40,2656,2.140366
41,2666,2.148425
42,2658,2.141978
43,2658,2.141978
44,2656,2.140366
45,2656,2.140366
46,2658,2.141978
47,2659,2.142784
48,2656,2.140366
49,2658,2.141978
50,2643,2.129890
51,2658,2.141978
52,2656,2.140366
53,2643,2.129890
54,2656,2.140366
55,2656,2.140366
56,2658,2.141978
57,2656,2.140366
58,2656,2.140366
59,2650,2.135531
60,2658,2.141978
61,2643,2.129890
62,2639,2.126667
63,2659,2.142784
64,2658,2.141978
65,2656,2.140366
66,2639,2.126667
67,2664,2.146813
68,2635,2.123443
69,2658,2.141978
70,2648,2.133919
71,2650,2.135531
72,2643,2.129890
73,2656,2.140366
74,2643,2.129890
75,2658,2.141978
76,2666,2.148425
77,2666,2.148425
78,2656,2.140366
79,2658,2.141978
80,2656,2.140366
81,2656,2.140366
82,2671,2.152454
83,2659,2.142784
84,2656,2.140366
85,2656,2.140366
86,2667,2.149231
87,2656,2.140366
88,2667,2.149231
89,2656,2.140366
90,2659,2.142784
91,2666,2.148425
92,2666,2.148425
93,2658,2.141978
94,2659,2.142784
95,2659,2.142784
96,2658,2.141978
97,2656,2.140366
98,2639,2.126667
99,2643,2.129890
100,2643,2.129890
101,2643,2.129890
102,2648,2.133919
103,2639,2.126667
104,2656,2.140366
105,2659,2.142784
106,2656,2.140366
107,2658,2.141978
108,2658,2.141978
109,2643,2.129890
110,2656,2.140366
111,2656,2.140366
112,2639,2.126667
113,2635,2.123443
114,2643,2.129890
115,2656,2.140366
116,2658,2.141978
117,2643,2.129890
118,2656,2.140366
119,2656,2.140366
120,2656,2.140366
121,2656,2.140366
122,2639,2.126667
123,2643,2.129890
124,2639,2.126667
125,2666,2.148425
126,2658,2.141978
127,2656,2.140366
128,2656,2.140366
129,2664,2.146813
130,2658,2.141978
131,2639,2.126667
132,2659,2.142784
133,2639,2.126667
134,2656,2.140366
135,2658,2.141978
136,2658,2.141978
137,2643,2.129890
138,2667,2.149231
139,2658,2.141978
140,2667,2.149231
141,2659,2.142784
142,2666,2.148425
143,2666,2.148425
144,2643,2.129890
145,2658,2.141978
146,2656,2.140366
147,2658,2.141978
148,2656,2.140366
149,2667,2.149231
150,2658,2.141978
151,2658,2.141978
152,2656,2.140366
153,2658,2.141978
154,2658,2.141978
155,2664,2.146813
156,2656,2.140366
157,2659,2.142784
158,2658,2.141978
159,2648,2.133919
160,2659,2.142784
161,2658,2.141978
162,2658,2.141978
163,2648,2.133919
164,2664,2.146813
165,2643,2.129890
166,2659,2.142784
167,2643,2.129890
168,2656,2.140366
169,2666,2.148425
170,2656,2.140366
171,2666,2.148425
172,2667,2.149231
173,2656,2.140366
174,2659,2.142784
175,2658,2.141978
176,2658,2.141978
177,2666,2.148425
178,2643,2.129890
179,2643,2.129890
180,2635,2.123443
181,2643,2.129890
182,2656,2.140366
183,2656,2.140366
184,2643,2.129890
185,2643,2.129890
186,2658,2.141978
187,2643,2.129890
188,2639,2.126667
189,2656,2.140366
190,2650,2.135531
191,2635,2.123443
192,2658,2.141978
193,2639,2.126667
194,2650,2.135531
195,2643,2.129890
196,2658,2.141978
197,2639,2.126667
198,2634,2.122637
199,2656,2.140366
200,2643,2.129890
201,2635,2.123443
202,2627,2.116996
203,2656,2.140366
204,2650,2.135531
205,2643,2.129890
206,2639,2.126667
207,2639,2.126667
208,2656,2.140366
209,2639,2.126667
210,2656,2.140366
211,2656,2.140366
212,2656,2.140366
213,2656,2.140366
214,2656,2.140366
215,2639,2.126667
216,2643,2.129890
217,2659,2.142784
218,2643,2.129890
219,2643,2.129890
220,2635,2.123443
221,2639,2.126667
222,2656,2.140366
223,2658,2.141978
224,2656,2.140366
225,2656,2.140366
226,2648,2.133919
227,2656,2.140366
228,2643,2.129890
229,2658,2.141978
230,2656,2.140366
231,2658,2.141978
232,2643,2.129890
233,2656,2.140366
234,2650,2.135531
235,2650,2.135531
236,2659,2.142784
237,2658,2.141978
238,2650,2.135531
239,2664,2.146813
240,2656,2.140366
241,2656,2.140366
242,2635,2.123443
243,2658,2.141978
244,2639,2.126667
245,2656,2.140366
246,2656,2.140366
247,2659,2.142784
248,2650,2.135531
249,2659,2.142784
250,2635,2.123443
251,2639,2.126667
252,2656,2.140366
253,2650,2.135531
254,2656,2.140366
255,2656,2.140366
256,2656,2.140366
257,2639,2.126667
258,2656,2.140366
259,2656,2.140366
260,2656,2.140366
261,2656,2.140366
262,2667,2.149231
263,2658,2.141978
264,2667,2.149231
265,2656,2.140366
266,2656,2.140366
267,2643,2.129890
268,2648,2.133919
269,2643,2.129890
270,2656,2.140366
271,2635,2.123443
272,2639,2.126667
273,2643,2.129890
274,2648,2.133919
275,2656,2.140366
276,2639,2.126667
277,2639,2.126667
278,2656,2.140366
279,2643,2.129890
280,2635,2.123443
281,2635,2.123443
282,2635,2.123443
283,2648,2.133919
284,2643,2.129890
285,2639,2.126667
286,2656,2.140366
287,2656,2.140366
288,2659,2.142784
289,2656,2.140366
290,2643,2.129890
291,2634,2.122637
292,2656,2.140366
293,2643,2.129890
294,2639,2.126667
295,2648,2.133919
296,2666,2.148425
297,2643,2.129890
298,2656,2.140366
299,2656,2.140366
300,2656,2.140366
301,2643,2.129890
302,2648,2.133919
303,2643,2.129890
304,2643,2.129890
305,2635,2.123443
306,2656,2.140366
307,2639,2.126667
308,2650,2.135531
309,2643,2.129890
310,2643,2.129890
311,2656,2.140366
312,2639,2.126667
313,2650,2.135531
314,2656,2.140366
315,2656,2.140366
316,2658,2.141978
317,2658,2.141978
318,2656,2.140366
319,2667,2.149231
320,2659,2.142784
321,2656,2.140366
322,2639,2.126667
323,2658,2.141978
324,2675,2.155678
325,2667,2.149231
326,2658,2.141978
327,2658,2.141978
328,2671,2.152454
329,2667,2.149231
330,2650,2.135531
331,2656,2.140366
332,2659,2.142784
333,2671,2.152454
334,2659,2.142784
335,2667,2.149231
336,2666,2.148425
337,2658,2.141978
338,2656,2.140366
339,2666,2.148425
340,2658,2.141978
341,2656,2.140366
342,2659,2.142784
343,2664,2.146813
344,2656,2.140366
345,2656,2.140366
346,2667,2.149231
347,2659,2.142784
348,2671,2.152454
349,2658,2.141978
350,2667,2.149231
351,2656,2.140366
352,2671,2.152454
353,2656,2.140366
354,2683,2.162125
355,2666,2.148425
356,2666,2.148425
357,2659,2.142784
358,2666,2.148425
359,2666,2.148425
360,2656,2.140366
361,2667,2.149231
362,2667,2.149231
363,2659,2.142784
364,2659,2.142784
365,2667,2.149231
366,2659,2.142784
367,2658,2.141978
368,2666,2.148425
369,2656,2.140366
370,2658,2.141978
371,2658,2.141978
372,2656,2.140366
373,2656,2.140366
374,2648,2.133919
375,2656,2.140366
376,2656,2.140366
377,2656,2.140366
378,2643,2.129890
379,2643,2.129890
380,2658,2.141978
381,2650,2.135531
382,2643,2.129890
383,2658,2.141978
384,2634,2.122637
385,2656,2.140366
386,2656,2.140366
387,2639,2.126667
388,2658,2.141978
389,2656,2.140366
390,2658,2.141978
391,2667,2.149231
392,2656,2.140366
393,2658,2.141978
394,2659,2.142784
395,2658,2.141978
396,2658,2.141978
397,2658,2.141978
398,2659,2.142784
399,2656,2.140366
400,2658,2.141978
401,2656,2.140366
402,2656,2.140366
403,2658,2.141978
404,2648,2.133919
405,2656,2.140366
406,2656,2.140366
407,2656,2.140366
408,2666,2.148425
409,2658,2.141978
410,2664,2.146813
411,2658,2.141978
412,2658,2.141978
413,2658,2.141978
414,2643,2.129890
415,2659,2.142784
416,2658,2.141978
417,2656,2.140366
418,2656,2.140366
419,2667,2.149231
420,2656,2.140366
421,2659,2.142784
422,2658,2.141978
423,2658,2.141978
424,2656,2.140366
425,2658,2.141978
426,2639,2.126667
427,2643,2.129890
428,2650,2.135531
429,2650,2.135531
430,2650,2.135531
431,2650,2.135531
432,2639,2.126667
433,2656,2.140366
434,2656,2.140366
435,2648,2.133919
436,2634,2.122637
437,2650,2.135531
438,2650,2.135531
439,2656,2.140366
440,2656,2.140366
441,2643,2.129890
442,2656,2.140366
443,2656,2.140366
444,2639,2.126667
445,2650,2.135531
446,2639,2.126667
447,2634,2.122637
448,2656,2.140366
449,2664,2.146813
450,2648,2.133919
451,2666,2.148425
452,2658,2.141978
453,2656,2.140366
454,2656,2.140366
455,2658,2.141978
456,2656,2.140366
457,2656,2.140366
458,2666,2.148425
459,2656,2.140366
460,2656,2.140366
461,2656,2.140366
462,2656,2.140366
463,2656,2.140366
464,2659,2.142784
465,2639,2.126667
466,2656,2.140366
467,2658,2.141978
468,2656,2.140366
469,2666,2.148425
470,2658,2.141978
471,2667,2.149231
472,2667,2.149231
473,2666,2.148425
474,2671,2.152454
475,2667,2.149231
476,2671,2.152454
477,2682,2.161319
478,2675,2.155678
479,2671,2.152454
480,2667,2.149231
481,2675,2.155678
482,2658,2.141978
483,2658,2.141978
484,2659,2.142784
485,2666,2.148425
486,2634,2.122637
487,2656,2.140366
488,2667,2.149231
489,2648,2.133919
490,2643,2.129890
491,2658,2.141978
492,2658,2.141978
493,2650,2.135531
494,2658,2.141978
495,2666,2.148425
496,2667,2.149231
497,2664,2.146813
498,2666,2.148425
499,2659,2.142784
500,2666,2.148425
501,2671,2.152454
502,2659,2.142784
503,2658,2.141978
504,2667,2.149231
505,2667,2.149231
506,2656,2.140366
507,2675,2.155678
508,2667,2.149231
509,2666,2.148425
510,2658,2.141978
511,2659,2.142784
512,2643,2.129890
513,2656,2.140366
514,2666,2.148425
515,2656,2.140366
516,2656,2.140366
517,2659,2.142784
518,2659,2.142784
519,2667,2.149231
520,2671,2.152454
521,2671,2.152454
522,2658,2.141978
523,2671,2.152454
524,2667,2.149231
525,2667,2.149231
526,2666,2.148425
527,2682,2.161319
528,2675,2.155678
529,2667,2.149231
530,2659,2.142784
531,2683,2.162125
532,2671,2.152454
533,2682,2.161319
534,2675,2.155678
535,2682,2.161319
536,2682,2.161319
537,2687,2.165348
538,2671,2.152454
539,2671,2.152454
540,2671,2.152454
541,2682,2.161319
542,2675,2.155678
543,2680,2.159707
544,2667,2.149231
545,2666,2.148425
546,2659,2.142784
547,2666,2.148425
548,2667,2.149231
549,2675,2.155678
550,2667,2.149231
551,2667,2.149231
552,2671,2.152454
553,2671,2.152454
554,2667,2.149231
555,2659,2.142784
556,2666,2.148425
557,2666,2.148425
558,2667,2.149231
559,2667,2.149231
560,2671,2.152454
561,2671,2.152454
562,2675,2.155678
563,2671,2.152454
564,2666,2.148425
565,2667,2.149231
566,2671,2.152454
567,2671,2.152454
568,2666,2.148425
569,2664,2.146813
570,2659,2.142784
571,2667,2.149231
572,2671,2.152454
573,2667,2.149231
574,2667,2.149231
575,2656,2.140366
576,2667,2.149231
577,2666,2.148425
578,2659,2.142784
579,2656,2.140366
580,2666,2.148425
581,2667,2.149231
582,2671,2.152454
583,2659,2.142784
584,2666,2.148425
585,2667,2.149231
586,2667,2.149231
587,2667,2.149231
588,2666,2.148425
589,2656,2.140366
590,2667,2.149231
591,2648,2.133919
592,2659,2.142784
593,2666,2.148425
594,2666,2.148425
595,2659,2.142784
596,2656,2.140366
597,2658,2.141978
598,2658,2.141978
599,2667,2.149231
600,2664,2.146813
601,2683,2.162125
602,2658,2.141978
603,2667,2.149231
604,2656,2.140366
605,2667,2.149231
606,2675,2.155678
607,2671,2.152454
608,2675,2.155678
609,2671,2.152454
610,2666,2.148425
611,2666,2.148425
612,2675,2.155678
613,2666,2.148425
614,2658,2.141978
615,2659,2.142784
616,2667,2.149231
617,2671,2.152454
618,2671,2.152454
619,2667,2.149231
620,2675,2.155678
621,2659,2.142784
622,2671,2.152454
623,2658,2.141978
624,2666,2.148425
625,2666,2.148425
626,2667,2.149231
627,2667,2.149231
628,2667,2.149231
629,2658,2.141978
630,2667,2.149231
631,2667,2.149231
632,2680,2.159707
633,2667,2.149231
634,2666,2.148425
635,2671,2.152454
636,2671,2.152454
637,2687,2.165348
638,2667,2.149231
639,2671,2.152454
640,2666,2.148425
641,2682,2.161319
642,2682,2.161319
643,2683,2.162125
644,2683,2.162125
645,2691,2.168571
646,2675,2.155678
647,2675,2.155678
648,2682,2.161319
649,2666,2.148425
650,2667,2.149231
651,2667,2.149231
652,2671,2.152454
653,2667,2.149231
654,2667,2.149231
655,2675,2.155678
656,2659,2.142784
657,2671,2.152454
658,2675,2.155678
659,2671,2.152454
660,2671,2.152454
661,2682,2.161319
662,2671,2.152454
663,2667,2.149231
664,2675,2.155678
665,2667,2.149231
666,2675,2.155678
667,2666,2.148425
668,2682,2.161319
669,2667,2.149231
670,2675,2.155678
671,2667,2.149231
672,2687,2.165348
673,2667,2.149231
674,2687,2.165348
675,2671,2.152454
676,2683,2.162125
677,2675,2.155678
678,2671,2.152454
679,2667,2.149231
680,2675,2.155678
681,2667,2.149231
682,2659,2.142784
683,2687,2.165348
684,2682,2.161319
685,2683,2.162125
686,2671,2.152454
687,2682,2.161319
688,2671,2.152454
689,2675,2.155678
690,2682,2.161319
691,2680,2.159707
692,2667,2.149231
693,2671,2.152454
694,2682,2.161319
695,2664,2.146813
696,2667,2.149231
697,2675,2.155678
698,2687,2.165348
699,2671,2.152454
700,2671,2.152454
701,2682,2.161319
702,2683,2.162125
703,2699,2.175018
704,2683,2.162125
705,2675,2.155678
706,2687,2.165348
707,2683,2.162125
708,2683,2.162125
709,2698,2.174212
710,2703,2.178242
711,2691,2.168571
712,2699,2.175018
713,2687,2.165348
714,2698,2.174212
715,2687,2.165348
716,2703,2.178242
717,2698,2.174212
718,2683,2.162125
719,2682,2.161319
720,2680,2.159707
721,2675,2.155678
722,2698,2.174212
723,2696,2.172601
724,2683,2.162125
725,2687,2.165348
726,2682,2.161319
727,2683,2.162125
728,2699,2.175018
729,2687,2.165348
730,2699,2.175018
731,2698,2.174212
732,2683,2.162125
733,2699,2.175018
734,2699,2.175018
735,2699,2.175018
736,2687,2.165348
737,2687,2.165348
738,2691,2.168571
739,2698,2.174212
740,2687,2.165348
741,2680,2.159707
742,2687,2.165348
743,2687,2.165348
744,2687,2.165348
745,2683,2.162125
746,2683,2.162125
747,2667,2.149231
748,2682,2.161319
749,2698,2.174212
750,2683,2.162125
751,2687,2.165348
752,2683,2.162125
753,2687,2.165348
754,2687,2.165348
755,2687,2.165348
756,2687,2.165348
757,2691,2.168571
758,2699,2.175018
759,2699,2.175018
760,2707,2.181465
761,2703,2.178242
762,2699,2.175018
763,2698,2.174212
764,2687,2.165348
765,2698,2.174212
766,2696,2.172601
767,2691,2.168571
768,2687,2.165348
769,2687,2.165348
770,2699,2.175018
771,2698,2.174212
772,2687,2.165348
773,2698,2.174212
774,2687,2.165348
775,2687,2.165348
776,2699,2.175018
777,2691,2.168571
778,2698,2.174212
779,2698,2.174212
780,2687,2.165348
781,2699,2.175018
782,2699,2.175018
783,2699,2.175018
784,2683,2.162125
785,2687,2.165348
786,2698,2.174212
787,2712,2.185495
788,2687,2.165348
789,2691,2.168571
790,2699,2.175018
791,2703,2.178242
792,2707,2.181465
793,2703,2.178242
794,2698,2.174212
795,2703,2.178242
796,2691,2.168571
797,2707,2.181465
798,2720,2.191941
799,2707,2.181465
800,2703,2.178242
801,2707,2.181465
802,2720,2.191941
803,2699,2.175018
804,2698,2.174212
805,2720,2.191941
806,2699,2.175018
807,2703,2.178242
808,2687,2.165348
809,2703,2.178242
810,2698,2.174212
811,2698,2.174212
812,2703,2.178242
813,2707,2.181465
814,2687,2.165348
815,2699,2.175018
816,2699,2.175018
817,2707,2.181465
818,2699,2.175018
819,2714,2.187106
820,2696,2.172601
821,2707,2.181465
822,2714,2.187106
823,2720,2.191941
824,2723,2.194359
825,2723,2.194359
826,2730,2.200000
827,2723,2.194359
828,2723,2.194359
829,2722,2.193553
830,2723,2.194359
831,2731,2.200806
832,2723,2.194359
833,2730,2.200000
834,2730,2.200000
835,2720,2.191941
836,2723,2.194359
837,2722,2.193553
838,2730,2.200000
839,2730,2.200000
840,2735,2.204029
841,2722,2.193553
842,2731,2.200806
843,2730,2.200000
844,2730,2.200000
845,2730,2.200000
846,2746,2.212894
847,2730,2.200000
848,2731,2.200806
849,2739,2.207253
850,2739,2.207253
851,2746,2.212894
852,2722,2.193553
853,2746,2.212894
854,2735,2.204029
855,2731,2.200806
856,2730,2.200000
857,2730,2.200000
858,2731,2.200806
859,2722,2.193553
860,2746,2.212894
861,2730,2.200000
862,2723,2.194359
863,2730,2.200000
864,2731,2.200806
865,2730,2.200000
866,2730,2.200000
867,2723,2.194359
868,2728,2.198388
869,2730,2.200000
870,2730,2.200000
871,2703,2.178242
872,2723,2.194359
873,2722,2.193553
874,2730,2.200000
875,2722,2.193553
876,2720,2.191941
877,2720,2.191941
878,2723,2.194359
879,2720,2.191941
880,2731,2.200806
881,2723,2.194359
882,2730,2.200000
883,2722,2.193553
884,2730,2.200000
885,2731,2.200806
886,2735,2.204029
887,2723,2.194359
888,2730,2.200000
889,2720,2.191941
890,2730,2.200000
891,2722,2.193553
892,2730,2.200000
893,2731,2.200806
894,2723,2.194359
895,2730,2.200000
896,2731,2.200806
897,2735,2.204029
898,2720,2.191941
899,2747,2.213700
900,2735,2.204029
901,2731,2.200806
902,2730,2.200000
903,2730,2.200000
904,2730,2.200000
905,2746,2.212894
906,2746,2.212894
907,2730,2.200000
908,2735,2.204029
909,2744,2.211282
910,2739,2.207253
911,2735,2.204029
912,2735,2.204029
913,2730,2.200000
914,2723,2.194359
915,2739,2.207253
916,2731,2.200806
917,2731,2.200806
918,2731,2.200806
919,2735,2.204029
920,2735,2.204029
921,2735,2.204029
922,2746,2.212894
923,2731,2.200806
924,2723,2.194359
925,2731,2.200806
926,2730,2.200000
927,2731,2.200806
928,2735,2.204029
929,2722,2.193553
930,2730,2.200000
931,2746,2.212894
932,2731,2.200806
933,2739,2.207253
934,2746,2.212894
935,2739,2.207253
936,2731,2.200806
937,2731,2.200806
938,2735,2.204029
939,2731,2.200806
940,2739,2.207253
941,2735,2.204029
942,2730,2.200000
943,2739,2.207253
944,2731,2.200806
945,2744,2.211282
946,2754,2.219341
947,2746,2.212894
948,2747,2.213700
949,2739,2.207253
950,2754,2.219341
951,2755,2.220147
952,2762,2.225788
953,2752,2.217729
954,2746,2.212894
955,2752,2.217729
956,2747,2.213700
957,2739,2.207253
958,2746,2.212894
959,2747,2.213700
960,2731,2.200806
961,2728,2.198388
962,2731,2.200806
963,2731,2.200806
964,2735,2.204029
965,2739,2.207253
966,2746,2.212894
967,2747,2.213700
968,2752,2.217729
969,2752,2.217729
970,2746,2.212894
971,2731,2.200806
972,2735,2.204029
973,2746,2.212894
974,2752,2.217729
975,2767,2.229817
976,2739,2.207253
977,2755,2.220147
978,2762,2.225788
979,2762,2.225788
980,2744,2.211282
981,2746,2.212894
982,2735,2.204029
983,2754,2.219341
984,2752,2.217729
985,2754,2.219341
986,2752,2.217729
987,2763,2.226593
988,2754,2.219341
989,2763,2.226593
990,2763,2.226593
991,2754,2.219341
992,2763,2.226593
993,2746,2.212894
994,2754,2.219341
995,2767,2.229817
996,2776,2.237070
997,2760,2.224176
998,2755,2.220147
999,2755,2.220147
1000,2763,2.226593
1001,2760,2.224176
1002,2754,2.219341
1003,2771,2.233040
1004,2767,2.229817
1005,2746,2.212894
1006,2752,2.217729
1007,2784,2.243516
1008,2776,2.237070
1009,2763,2.226593
1010,2762,2.225788
1011,2767,2.229817
1012,2763,2.226593
1013,2767,2.229817
1014,2778,2.238681
1015,2752,2.217729
1016,2755,2.220147
1017,2760,2.224176
1018,2755,2.220147
1019,2762,2.225788
1020,2763,2.226593
1021,2747,2.213700
1022,2754,2.219341
1023,2754,2.219341
1024,2752,2.217729
1025,2763,2.226593
1026,2763,2.226593
1027,2763,2.226593
1028,2755,2.220147
1029,2767,2.229817
1030,2767,2.229817
1031,2763,2.226593
1032,2763,2.226593
1033,2767,2.229817
1034,2763,2.226593
1035,2763,2.226593
1036,2752,2.217729
1037,2762,2.225788
1038,2763,2.226593
1039,2762,2.225788
1040,2762,2.225788
1041,2763,2.226593
1042,2767,2.229817
1043,2767,2.229817
1044,2762,2.225788
1045,2763,2.226593
1046,2767,2.229817
1047,2767,2.229817
1048,2784,2.243516
1049,2771,2.233040
1050,2754,2.219341
1051,2763,2.226593
1052,2755,2.220147
1053,2762,2.225788
1054,2767,2.229817
1055,2767,2.229817
1056,2762,2.225788
1057,2784,2.243516
1058,2771,2.233040
1059,2784,2.243516
1060,2778,2.238681
1061,2771,2.233040
1062,2787,2.245934
1063,2767,2.229817
1064,2767,2.229817
1065,2784,2.243516
1066,2776,2.237070
1067,2771,2.233040
1068,2767,2.229817
1069,2778,2.238681
1070,2778,2.238681
1071,2778,2.238681
1072,2763,2.226593
1073,2784,2.243516
1074,2771,2.233040
1075,2763,2.226593
1076,2784,2.243516
1077,2776,2.237070
1078,2763,2.226593
1079,2786,2.245128
1080,2784,2.243516
1081,2771,2.233040
1082,2786,2.245128
1083,2784,2.243516
1084,2784,2.243516
1085,2784,2.243516
1086,2786,2.245128
1087,2786,2.245128
1088,2787,2.245934
1089,2787,2.245934
1090,2784,2.243516
1091,2784,2.243516
1092,2784,2.243516
1093,2786,2.245128
1094,2784,2.243516
1095,2784,2.243516
1096,2786,2.245128
1097,2794,2.251575
1098,2784,2.243516
1099,2795,2.252381
1100,2786,2.245128
1101,2786,2.245128
1102,2795,2.252381
1103,2787,2.245934
1104,2794,2.251575
1105,2771,2.233040
1106,2784,2.243516
1107,2784,2.243516
1108,2786,2.245128
1109,2792,2.249963
1110,2787,2.245934
1111,2786,2.245128
1112,2794,2.251575
1113,2795,2.252381
1114,2795,2.252381
1115,2787,2.245934
1116,2784,2.243516
1117,2786,2.245128
1118,2795,2.252381
1119,2786,2.245128
1120,2794,2.251575
1121,2787,2.245934
1122,2794,2.251575
1123,2778,2.238681
1124,2794,2.251575
1125,2786,2.245128
1126,2787,2.245934
1127,2784,2.243516
1128,2795,2.252381
1129,2784,2.243516
1130,2787,2.245934
1131,2794,2.251575
1132,2787,2.245934
1133,2787,2.245934
1134,2792,2.249963
1135,2810,2.264469
1136,2786,2.245128
1137,2784,2.243516
1138,2794,2.251575
1139,2787,2.245934
1140,2799,2.255604
1141,2786,2.245128
1142,2795,2.252381
1143,2794,2.251575
1144,2795,2.252381
1145,2795,2.252381
1146,2794,2.251575
1147,2799,2.255604
1148,2794,2.251575
1149,2803,2.258828
1150,2816,2.269304
1151,2803,2.258828
1152,2816,2.269304
1153,2816,2.269304
1154,2816,2.269304
1155,2795,2.252381
1156,2816,2.269304
1157,2816,2.269304
1158,2818,2.270916
1159,2799,2.255604
1160,2799,2.255604
1161,2799,2.255604
1162,2808,2.262857
1163,2816,2.269304
1164,2799,2.255604
1165,2816,2.269304
1166,2818,2.270916
1167,2799,2.255604
1168,2808,2.262857
1169,2816,2.269304
1170,2795,2.252381
1171,2799,2.255604
1172,2803,2.258828
1173,2799,2.255604
1174,2799,2.255604
1175,2799,2.255604
1176,2816,2.269304
1177,2795,2.252381
1178,2799,2.255604
1179,2786,2.245128
1180,2795,2.252381
1181,2795,2.252381
1182,2803,2.258828
1183,2799,2.255604
1184,2795,2.252381
1185,2794,2.251575
1186,2799,2.255604
1187,2799,2.255604
1188,2810,2.264469
1189,2816,2.269304
1190,2818,2.270916
1191,2816,2.269304
1192,2819,2.271722
1193,2803,2.258828
1194,2816,2.269304
1195,2819,2.271722
1196,2819,2.271722
1197,2819,2.271722
1198,2816,2.269304
1199,2816,2.269304
1200,2818,2.270916
1201,2799,2.255604
1202,2818,2.270916
1203,2799,2.255604
1204,2803,2.258828
1205,2816,2.269304
1206,2818,2.270916
1207,2819,2.271722
1208,2810,2.264469
1209,2816,2.269304
1210,2803,2.258828
1211,2819,2.271722
1212,2818,2.270916
1213,2818,2.270916
1214,2816,2.269304
1215,2826,2.277363
1216,2818,2.270916
1217,2819,2.271722
1218,2826,2.277363
1219,2818,2.270916
1220,2818,2.270916
1221,2819,2.271722
1222,2818,2.270916
1223,2818,2.270916
1224,2818,2.270916
1225,2818,2.270916
1226,2818,2.270916
1227,2819,2.271722
1228,2826,2.277363
1229,2827,2.278168
1230,2816,2.269304
1231,2819,2.271722
1232,2827,2.278168
1233,2818,2.270916
1234,2826,2.277363
1235,2819,2.271722
1236,2826,2.277363
1237,2827,2.278168
1238,2827,2.278168
1239,2816,2.269304
1240,2818,2.270916
1241,2827,2.278168
1242,2827,2.278168
1243,2819,2.271722
1244,2818,2.270916
1245,2826,2.277363
1246,2819,2.271722
1247,2826,2.277363
1248,2827,2.278168
1249,2831,2.281392
1250,2831,2.281392
1251,2826,2.277363
1252,2819,2.271722
1253,2826,2.277363
1254,2827,2.278168
1255,2819,2.271722
1256,2819,2.271722
1257,2827,2.278168
1258,2819,2.271722
1259,2818,2.270916
1260,2826,2.277363
1261,2826,2.277363
1262,2840,2.288645
1263,2831,2.281392
1264,2818,2.270916
1265,2835,2.284615
1266,2835,2.284615
1267,2831,2.281392
1268,2835,2.284615
1269,2848,2.295092
1270,2831,2.281392
1271,2831,2.281392
1272,2826,2.277363
1273,2826,2.277363
1274,2835,2.284615
1275,2826,2.277363
1276,2819,2.271722
1277,2835,2.284615
1278,2835,2.284615
1279,2827,2.278168
1280,2831,2.281392
1281,2824,2.275751
1282,2835,2.284615
1283,2831,2.281392
1284,2835,2.284615
1285,2848,2.295092
1286,2848,2.295092
1287,2842,2.290256
1288,2835,2.284615
1289,2848,2.295092
1290,2831,2.281392
1291,2831,2.281392
1292,2840,2.288645
1293,2848,2.295092
1294,2850,2.296703
1295,2835,2.284615
1296,2848,2.295092
1297,2848,2.295092
1298,2840,2.288645
1299,2835,2.284615
1300,2850,2.296703
1301,2848,2.295092
1302,2850,2.296703
1303,2848,2.295092
1304,2831,2.281392
1305,2850,2.296703
1306,2848,2.295092
1307,2842,2.290256
1308,2848,2.295092
1309,2848,2.295092
1310,2842,2.290256
1311,2859,2.303956
1312,2850,2.296703
1313,2850,2.296703
1314,2848,2.295092
1315,2851,2.297509
1316,2848,2.295092
1317,2850,2.296703
1318,2851,2.297509
1319,2835,2.284615
1320,2850,2.296703
1321,2851,2.297509
1322,2859,2.303956
1323,2850,2.296703
1324,2850,2.296703
1325,2858,2.303150
1326,2840,2.288645
1327,2858,2.303150
1328,2848,2.295092
1329,2851,2.297509
1330,2842,2.290256
1331,2850,2.296703
1332,2858,2.303150
1333,2856,2.301538
1334,2851,2.297509
1335,2842,2.290256
1336,2850,2.296703
1337,2851,2.297509
1338,2848,2.295092
1339,2835,2.284615
1340,2858,2.303150
1341,2858,2.303150
1342,2858,2.303150
1343,2859,2.303956
1344,2859,2.303956
1345,2856,2.301538
1346,2858,2.303150
1347,2856,2.301538
1348,2858,2.303150
1349,2859,2.303956
1350,2872,2.314432
1351,2859,2.303956
1352,2850,2.296703
1353,2859,2.303956
1354,2851,2.297509
1355,2858,2.303150
1356,2863,2.307179
1357,2859,2.303956
1358,2851,2.297509
1359,2848,2.295092
1360,2867,2.310403
1361,2859,2.303956
1362,2858,2.303150
1363,2851,2.297509
1364,2850,2.296703
1365,2851,2.297509
1366,2850,2.296703
1367,2858,2.303150
1368,2875,2.316850
1369,2858,2.303150
1370,2850,2.296703
1371,2859,2.303956
1372,2863,2.307179
1373,2858,2.303150
1374,2858,2.303150
1375,2858,2.303150
1376,2859,2.303956
1377,2863,2.307179
1378,2874,2.316044
1379,2859,2.303956
1380,2850,2.296703
1381,2851,2.297509
1382,2863,2.307179
1383,2863,2.307179
1384,2851,2.297509
1385,2858,2.303150
1386,2874,2.316044
1387,2856,2.301538
1388,2872,2.314432
1389,2874,2.316044
1390,2863,2.307179
1391,2858,2.303150
1392,2859,2.303956
1393,2863,2.307179
1394,2874,2.316044
1395,2859,2.303956
1396,2858,2.303150
1397,2859,2.303956
1398,2882,2.322491
1399,2859,2.303956
1400,2859,2.303956
1401,2859,2.303956
1402,2863,2.307179
1403,2858,2.303150
1404,2859,2.303956
1405,2863,2.307179
1406,2875,2.316850
1407,2863,2.307179
1408,2851,2.297509
1409,2863,2.307179
1410,2851,2.297509
1411,2874,2.316044
1412,2875,2.316850
1413,2863,2.307179
1414,2859,2.303956
1415,2859,2.303956
1416,2874,2.316044
1417,2859,2.303956
1418,2863,2.307179
1419,2863,2.307179
1420,2867,2.310403
1421,2859,2.303956
1422,2880,2.320879
1423,2874,2.316044
1424,2874,2.316044
1425,2874,2.316044
1426,2874,2.316044
1427,2874,2.316044
1428,2872,2.314432
1429,2875,2.316850
1430,2880,2.320879
1431,2882,2.322491
1432,2891,2.329744
1433,2867,2.310403
1434,2863,2.307179
1435,2875,2.316850
1436,2875,2.316850
1437,2875,2.316850
1438,2859,2.303956
1439,2872,2.314432
1440,2890,2.328938
1441,2883,2.323297
1442,2883,2.323297
1443,2867,2.310403
1444,2882,2.322491
1445,2874,2.316044
1446,2863,2.307179
1447,2875,2.316850
1448,2875,2.316850
1449,2867,2.310403
1450,2890,2.328938
1451,2880,2.320879
1452,2863,2.307179
1453,2874,2.316044
1454,2882,2.322491
1455,2874,2.316044
1456,2874,2.316044
1457,2863,2.307179
1458,2874,2.316044
1459,2875,2.316850
1460,2859,2.303956
1461,2875,2.316850
1462,2874,2.316044
1463,2874,2.316044
1464,2874,2.316044
1465,2874,2.316044
1466,2874,2.316044
1467,2867,2.310403
1468,2874,2.316044
1469,2863,2.307179
1470,2874,2.316044
1471,2872,2.314432
1472,2872,2.314432
1473,2882,2.322491
1474,2882,2.322491
1475,2867,2.310403
1476,2863,2.307179
1477,2867,2.310403
1478,2863,2.307179
1479,2874,2.316044
1480,2890,2.328938
1481,2880,2.320879
1482,2875,2.316850
1483,2872,2.314432
1484,2875,2.316850
1485,2867,2.310403
1486,2867,2.310403
1487,2867,2.310403
1488,2859,2.303956
1489,2874,2.316044
1490,2875,2.316850
1491,2874,2.316044
1492,2888,2.327326
1493,2867,2.310403
1494,2883,2.323297
1495,2875,2.316850
1496,2882,2.322491
1497,2883,2.323297
1498,2882,2.322491
1499,2874,2.316044
1500,2875,2.316850
1501,2882,2.322491
1502,2859,2.303956
1503,2867,2.310403
1504,2872,2.314432
1505,2874,2.316044
1506,2867,2.310403
1507,2882,2.322491
1508,2867,2.310403
1509,2875,2.316850
1510,2872,2.314432
1511,2882,2.322491
1512,2875,2.316850
1513,2875,2.316850
1514,2882,2.322491
1515,2883,2.323297
1516,2875,2.316850
1517,2874,2.316044
1518,2874,2.316044
1519,2872,2.314432
1520,2874,2.316044
1521,2883,2.323297
1522,2882,2.322491
1523,2891,2.329744
1524,2863,2.307179
1525,2883,2.323297
1526,2874,2.316044
1527,2874,2.316044
1528,2882,2.322491
1529,2863,2.307179
1530,2875,2.316850
1531,2890,2.328938
1532,2867,2.310403
1533,2880,2.320879
1534,2882,2.322491
1535,2872,2.314432
1536,2874,2.316044
1537,2867,2.310403
1538,2874,2.316044
1539,2882,2.322491
1540,2882,2.322491
1541,2875,2.316850
1542,2890,2.328938
1543,2890,2.328938
1544,2882,2.322491
1545,2859,2.303956
1546,2874,2.316044
1547,2882,2.322491
1548,2875,2.316850
1549,2874,2.316044
1550,2883,2.323297
1551,2882,2.322491
1552,2890,2.328938
1553,2882,2.322491
1554,2883,2.323297
1555,2883,2.323297
1556,2875,2.316850
1557,2874,2.316044
1558,2890,2.328938
1559,2863,2.307179
1560,2890,2.328938
1561,2882,2.322491
1562,2883,2.323297
1563,2890,2.328938
1564,2883,2.323297
1565,2882,2.322491
1566,2882,2.322491
1567,2883,2.323297
1568,2888,2.327326
1569,2890,2.328938
1570,2890,2.328938
1571,2882,2.322491
1572,2890,2.328938
1573,2888,2.327326
1574,2882,2.322491
1575,2875,2.316850
1576,2880,2.320879
1577,2875,2.316850
1578,2890,2.328938
1579,2874,2.316044
1580,2890,2.328938
1581,2890,2.328938
1582,2875,2.316850
1583,2890,2.328938
1584,2875,2.316850
1585,2890,2.328938
1586,2883,2.323297
1587,2891,2.329744
1588,2863,2.307179
1589,2874,2.316044
1590,2890,2.328938
1591,2882,2.322491
1592,2875,2.316850
1593,2875,2.316850
1594,2890,2.328938
1595,2890,2.328938
1596,2890,2.328938
1597,2890,2.328938
1598,2882,2.322491
1599,2891,2.329744
1600,2890,2.328938
1601,2891,2.329744
1602,2883,2.323297
1603,2882,2.322491
1604,2891,2.329744
1605,2890,2.328938
1606,2883,2.323297
1607,2890,2.328938
1608,2883,2.323297
1609,2891,2.329744
1610,2899,2.336190
1611,2895,2.332967
1612,2895,2.332967
1613,2888,2.327326
1614,2895,2.332967
1615,2890,2.328938
1616,2890,2.328938
1617,2906,2.341832
1618,2883,2.323297
1619,2891,2.329744
1620,2890,2.328938
1621,2895,2.332967
1622,2891,2.329744
1623,2883,2.323297
1624,2882,2.322491
1625,2890,2.328938
1626,2891,2.329744
1627,2891,2.329744
1628,2890,2.328938
1629,2895,2.332967
1630,2890,2.328938
1631,2891,2.329744
1632,2890,2.328938
1633,2891,2.329744
1634,2883,2.323297
1635,2891,2.329744
1636,2891,2.329744
1637,2895,2.332967
1638,2882,2.322491
1639,2895,2.332967
1640,2882,2.322491
1641,2875,2.316850
1642,2890,2.328938
1643,2890,2.328938
1644,2891,2.329744
1645,2890,2.328938
1646,2890,2.328938
1647,2883,2.323297
1648,2890,2.328938
1649,2883,2.323297
1650,2895,2.332967
1651,2890,2.328938
1652,2899,2.336190
1653,2895,2.332967
1654,2890,2.328938
1655,2890,2.328938
1656,2883,2.323297
1657,2890,2.328938
1658,2904,2.340220
1659,2890,2.328938
1660,2882,2.322491
1661,2891,2.329744
1662,2904,2.340220
1663,2895,2.332967
1664,2895,2.332967
1665,2890,2.328938
1666,2883,2.323297
1667,2890,2.328938
1668,2890,2.328938
1669,2891,2.329744
1670,2895,2.332967
1671,2890,2.328938
1672,2883,2.323297
1673,2891,2.329744
1674,2890,2.328938
1675,2883,2.323297
1676,2891,2.329744
1677,2895,2.332967
1678,2891,2.329744
1679,2883,2.323297
1680,2890,2.328938
1681,2882,2.322491
1682,2890,2.328938
1683,2912,2.346667
1684,2883,2.323297
1685,2882,2.322491
1686,2899,2.336190
1687,2890,2.328938
1688,2904,2.340220
1689,2891,2.329744
1690,2895,2.332967
1691,2882,2.322491
1692,2882,2.322491
1693,2890,2.328938
1694,2890,2.328938
1695,2891,2.329744
1696,2883,2.323297
1697,2891,2.329744
1698,2890,2.328938
1699,2890,2.328938
1700,2890,2.328938
1701,2890,2.328938
1702,2891,2.329744
1703,2882,2.322491
1704,2883,2.323297
1705,2895,2.332967
1706,2883,2.323297
1707,2880,2.320879
1708,2890,2.328938
1709,2895,2.332967
1710,2890,2.328938
1711,2888,2.327326
1712,2890,2.328938
1713,2882,2.322491
1714,2895,2.332967
1715,2882,2.322491
1716,2883,2.323297
1717,2891,2.329744
1718,2882,2.322491
1719,2883,2.323297
1720,2883,2.323297
1721,2882,2.322491
1722,2882,2.322491
1723,2890,2.328938
1724,2874,2.316044
1725,2888,2.327326
1726,2882,2.322491
1727,2882,2.322491
1728,2875,2.316850
1729,2863,2.307179
1730,2882,2.322491
1731,2891,2.329744
1732,2875,2.316850
1733,2882,2.322491
1734,2875,2.316850
1735,2867,2.310403
1736,2890,2.328938
1737,2875,2.316850
1738,2874,2.316044
1739,2874,2.316044
1740,2875,2.316850
1741,2875,2.316850
1742,2875,2.316850
1743,2875,2.316850
1744,2883,2.323297
1745,2874,2.316044
1746,2890,2.328938
1747,2880,2.320879
1748,2875,2.316850
1749,2863,2.307179
1750,2874,2.316044
1751,2872,2.314432
1752,2874,2.316044
1753,2874,2.316044
1754,2875,2.316850
1755,2874,2.316044
1756,2867,2.310403
1757,2874,2.316044
1758,2874,2.316044
1759,2883,2.323297
1760,2863,2.307179
1761,2863,2.307179
1762,2867,2.310403
1763,2882,2.322491
1764,2875,2.316850
1765,2874,2.316044
1766,2867,2.310403
1767,2874,2.316044
1768,2882,2.322491
1769,2874,2.316044
1770,2859,2.303956
1771,2863,2.307179
1772,2859,2.303956
1773,2875,2.316850
1774,2859,2.303956
1775,2858,2.303150
1776,2867,2.310403
1777,2867,2.310403
1778,2874,2.316044
1779,2863,2.307179
1780,2874,2.316044
1781,2867,2.310403
1782,2867,2.310403
1783,2850,2.296703
1784,2858,2.303150
1785,2863,2.307179
1786,2851,2.297509
1787,2863,2.307179
1788,2859,2.303956
1789,2856,2.301538
1790,2863,2.307179
1791,2851,2.297509
1792,2867,2.310403
1793,2863,2.307179
1794,2863,2.307179
1795,2858,2.303150
1796,2858,2.303150
1797,2874,2.316044
1798,2863,2.307179
1799,2856,2.301538
1800,2863,2.307179
1801,2867,2.310403
1802,2859,2.303956
1803,2858,2.303150
1804,2858,2.303150
1805,2863,2.307179
1806,2874,2.316044
1807,2859,2.303956
1808,2859,2.303956
1809,2863,2.307179
1810,2858,2.303150
1811,2858,2.303150
1812,2859,2.303956
1813,2850,2.296703
1814,2851,2.297509
1815,2850,2.296703
1816,2858,2.303150
1817,2850,2.296703
1818,2850,2.296703
1819,2851,2.297509
1820,2859,2.303956
1821,2851,2.297509
1822,2859,2.303956
1823,2850,2.296703
1824,2851,2.297509
1825,2851,2.297509
1826,2859,2.303956
1827,2848,2.295092
1828,2851,2.297509
1829,2858,2.303150
1830,2856,2.301538
1831,2863,2.307179
1832,2858,2.303150
1833,2850,2.296703
1834,2858,2.303150
1835,2848,2.295092
1836,2858,2.303150
1837,2848,2.295092
1838,2858,2.303150
1839,2858,2.303150
1840,2850,2.296703
1841,2848,2.295092
1842,2850,2.296703
1843,2842,2.290256
1844,2842,2.290256
1845,2859,2.303956
1846,2848,2.295092
1847,2850,2.296703
1848,2851,2.297509
1849,2850,2.296703
1850,2851,2.297509
1851,2850,2.296703
1852,2835,2.284615
1853,2848,2.295092
1854,2848,2.295092
1855,2835,2.284615
1856,2848,2.295092
1857,2840,2.288645
1858,2856,2.301538
1859,2850,2.296703
1860,2858,2.303150
1861,2831,2.281392
1862,2850,2.296703
1863,2848,2.295092
1864,2848,2.295092
1865,2848,2.295092
1866,2848,2.295092
1867,2850,2.296703
1868,2848,2.295092
1869,2848,2.295092
1870,2851,2.297509
1871,2848,2.295092
1872,2850,2.296703
1873,2848,2.295092
1874,2848,2.295092
1875,2848,2.295092
1876,2827,2.278168
1877,2851,2.297509
1878,2848,2.295092
1879,2848,2.295092
1880,2827,2.278168
1881,2848,2.295092
1882,2848,2.295092
1883,2831,2.281392
1884,2842,2.290256
1885,2831,2.281392
1886,2835,2.284615
1887,2842,2.290256
1888,2827,2.278168
1889,2848,2.295092
1890,2850,2.296703
1891,2848,2.295092
1892,2848,2.295092
1893,2827,2.278168
1894,2835,2.284615
1895,2850,2.296703
1896,2848,2.295092
1897,2842,2.290256
1898,2827,2.278168
1899,2840,2.288645
1900,2848,2.295092
1901,2850,2.296703
1902,2840,2.288645
1903,2848,2.295092
1904,2842,2.290256
1905,2850,2.296703
1906,2842,2.290256
1907,2835,2.284615
1908,2842,2.290256
1909,2827,2.278168
1910,2848,2.295092
1911,2848,2.295092
1912,2848,2.295092
1913,2848,2.295092
1914,2848,2.295092
1915,2858,2.303150
1916,2848,2.295092
1917,2850,2.296703
1918,2848,2.295092
1919,2835,2.284615
1920,2842,2.290256
1921,2850,2.296703
1922,2848,2.295092
1923,2858,2.303150
1924,2851,2.297509
1925,2848,2.295092
1926,2850,2.296703
1927,2858,2.303150
1928,2835,2.284615
1929,2848,2.295092
1930,2859,2.303956
1931,2858,2.303150
1932,2850,2.296703
1933,2858,2.303150
1934,2856,2.301538
1935,2850,2.296703
1936,2856,2.301538
1937,2850,2.296703
1938,2848,2.295092
1939,2858,2.303150
1940,2858,2.303150
1941,2858,2.303150
1942,2874,2.316044
1943,2851,2.297509
1944,2858,2.303150
1945,2863,2.307179
1946,2875,2.316850
1947,2867,2.310403
1948,2863,2.307179
1949,2856,2.301538
1950,2859,2.303956
1951,2874,2.316044
1952,2867,2.310403
1953,2863,2.307179
1954,2858,2.303150
1955,2859,2.303956
1956,2867,2.310403
1957,2882,2.322491
1958,2875,2.316850
1959,2874,2.316044
1960,2875,2.316850
1961,2875,2.316850
1962,2867,2.310403
1963,2863,2.307179
1964,2882,2.322491
1965,2882,2.322491
1966,2890,2.328938
1967,2890,2.328938
1968,2880,2.320879
1969,2875,2.316850
1970,2888,2.327326
1971,2883,2.323297
1972,2874,2.316044
1973,2874,2.316044
1974,2890,2.328938
1975,2883,2.323297
1976,2883,2.323297
1977,2890,2.328938
1978,2890,2.328938
1979,2890,2.328938
1980,2891,2.329744
1981,2895,2.332967
1982,2891,2.329744
1983,2912,2.346667
1984,2912,2.346667
1985,2895,2.332967
1986,2912,2.346667
1987,2895,2.332967
1988,2890,2.328938
1989,2891,2.329744
1990,2914,2.348278
1991,2891,2.329744
1992,2891,2.329744
1993,2890,2.328938
1994,2915,2.349084
1995,2912,2.346667
1996,2895,2.332967
1997,2912,2.346667
1998,2912,2.346667
1999,2914,2.348278
2000,2912,2.346667
2001,2915,2.349084
2002,2914,2.348278
2003,2915,2.349084
2004,2912,2.346667
2005,2912,2.346667
2006,2923,2.355531
2007,2922,2.354725
2008,2920,2.353114
2009,2920,2.353114
2010,2922,2.354725
2011,2912,2.346667
2012,2914,2.348278
2013,2912,2.346667
2014,2912,2.346667
2015,2912,2.346667
2016,2915,2.349084
2017,2912,2.346667
2018,2923,2.355531
2019,2922,2.354725
2020,2914,2.348278
2021,2912,2.346667
2022,2923,2.355531
2023,2915,2.349084
2024,2915,2.349084
2025,2915,2.349084
2026,2914,2.348278
2027,2923,2.355531
2028,2912,2.346667
2029,2914,2.348278
2030,2915,2.349084
2031,2922,2.354725
2032,2927,2.358755
2033,2922,2.354725
2034,2912,2.346667
2035,2915,2.349084
2036,2927,2.358755
2037,2922,2.354725
2038,2922,2.354725
2039,2922,2.354725
2040,2922,2.354725
2041,2927,2.358755
2042,2923,2.355531
2043,2915,2.349084
2044,2912,2.346667
2045,2923,2.355531
2046,2922,2.354725
2047,2922,2.354725
2048,2922,2.354725
2049,2923,2.355531
2050,2915,2.349084
2051,2923,2.355531
2052,2920,2.353114
2053,2923,2.355531
2054,2923,2.355531
2055,2927,2.358755
2056,2922,2.354725
2057,2915,2.349084
2058,2922,2.354725
2059,2914,2.348278
2060,2923,2.355531
2061,2927,2.358755
2062,2914,2.348278
2063,2923,2.355531
2064,2915,2.349084
2065,2923,2.355531
2066,2927,2.358755
2067,2922,2.354725
2068,2914,2.348278
2069,2922,2.354725
2070,2922,2.354725
2071,2923,2.355531
2072,2922,2.354725
2073,2915,2.349084
2074,2920,2.353114
2075,2922,2.354725
2076,2915,2.349084
2077,2915,2.349084
2078,2923,2.355531
2079,2920,2.353114
2080,2923,2.355531
2081,2922,2.354725
2082,2912,2.346667
2083,2923,2.355531
2084,2912,2.346667
2085,2912,2.346667
2086,2922,2.354725
2087,2922,2.354725
2088,2938,2.367619
2089,2914,2.348278
2090,2915,2.349084
2091,2920,2.353114
2092,2914,2.348278
2093,2914,2.348278
2094,2912,2.346667
2095,2914,2.348278
2096,2912,2.346667
2097,2895,2.332967
2098,2912,2.346667
2099,2912,2.346667
2100,2899,2.336190
2101,2895,2.332967
2102,2912,2.346667
2103,2904,2.340220
2104,2904,2.340220
2105,2912,2.346667
2106,2891,2.329744
2107,2912,2.346667
2108,2912,2.346667
2109,2914,2.348278
2110,2904,2.340220
2111,2912,2.346667
2112,2912,2.346667
2113,2891,2.329744
2114,2912,2.346667
2115,2895,2.332967
2116,2912,2.346667
2117,2912,2.346667
2118,2895,2.332967
2119,2912,2.346667
2120,2891,2.329744
2121,2890,2.328938
2122,2895,2.332967
2123,2890,2.328938
2124,2883,2.323297
2125,2890,2.328938
2126,2899,2.336190
2127,2912,2.346667
2128,2890,2.328938
2129,2888,2.327326
2130,2890,2.328938
2131,2875,2.316850
2132,2882,2.322491
2133,2890,2.328938
2134,2882,2.322491
2135,2890,2.328938
2136,2890,2.328938
2137,2883,2.323297
2138,2874,2.316044
2139,2875,2.316850
2140,2874,2.316044
2141,2874,2.316044
2142,2875,2.316850
2143,2874,2.316044
2144,2882,2.322491
2145,2874,2.316044
2146,2880,2.320879
2147,2875,2.316850
2148,2875,2.316850
2149,2874,2.316044
2150,2874,2.316044
2151,2863,2.307179
2152,2863,2.307179
2153,2882,2.322491
2154,2863,2.307179
2155,2875,2.316850
2156,2851,2.297509
2157,2863,2.307179
2158,2882,2.322491
2159,2859,2.303956
2160,2872,2.314432
2161,2875,2.316850
2162,2859,2.303956
2163,2863,2.307179
2164,2863,2.307179
2165,2863,2.307179
2166,2863,2.307179
2167,2874,2.316044
2168,2863,2.307179
2169,2863,2.307179
2170,2858,2.303150
2171,2859,2.303956
2172,2859,2.303956
2173,2875,2.316850
2174,2863,2.307179
2175,2874,2.316044
2176,2863,2.307179
2177,2874,2.316044
2178,2874,2.316044
2179,2858,2.303150
2180,2874,2.316044
2181,2880,2.320879
2182,2875,2.316850
2183,2875,2.316850
2184,2882,2.322491
2185,2875,2.316850
2186,2883,2.323297
2187,2882,2.322491
2188,2888,2.327326
2189,2882,2.322491
2190,2882,2.322491
2191,2882,2.322491
2192,2890,2.328938
2193,2883,2.323297
2194,2891,2.329744
2195,2895,2.332967
2196,2891,2.329744
2197,2890,2.328938
2198,2891,2.329744
2199,2882,2.322491
2200,2899,2.336190
2201,2895,2.332967
2202,2895,2.332967
2203,2899,2.336190
2204,2890,2.328938
2205,2895,2.332967
2206,2912,2.346667
2207,2899,2.336190
2208,2895,2.332967
2209,2904,2.340220
2210,2912,2.346667
2211,2906,2.341832
2212,2899,2.336190
2213,2906,2.341832
2214,2895,2.332967
2215,2899,2.336190
2216,2899,2.336190
2217,2912,2.346667
2218,2927,2.358755
2219,2915,2.349084
2220,2912,2.346667
2221,2923,2.355531
2222,2927,2.358755
2223,2912,2.346667
2224,2912,2.346667
2225,2922,2.354725
2226,2915,2.349084
2227,2923,2.355531
2228,2915,2.349084
2229,2923,2.355531
2230,2931,2.361978
2231,2922,2.354725
2232,2922,2.354725
2233,2923,2.355531
2234,2923,2.355531
2235,2923,2.355531
2236,2927,2.358755
2237,2927,2.358755
2238,2927,2.358755
2239,2939,2.368425
2240,2915,2.349084
2241,2923,2.355531
2242,2931,2.361978
2243,2931,2.361978
2244,2939,2.368425
2245,2927,2.358755
2246,2931,2.361978
2247,2927,2.358755
2248,2938,2.367619
2249,2931,2.361978
2250,2939,2.368425
2251,2936,2.366007
2252,2938,2.367619
2253,2938,2.367619
2254,2931,2.361978
2255,2939,2.368425
2256,2923,2.355531
2257,2923,2.355531
2258,2943,2.371648
2259,2939,2.368425
2260,2938,2.367619
2261,2938,2.367619
2262,2938,2.367619
2263,2954,2.380513
2264,2938,2.367619
2265,2947,2.374872
2266,2947,2.374872
2267,2938,2.367619
2268,2946,2.374066
2269,2938,2.367619
2270,2931,2.361978
2271,2939,2.368425
2272,2939,2.368425
2273,2952,2.378901
2274,2939,2.368425
2275,2939,2.368425
2276,2943,2.371648
2277,2938,2.367619
2278,2927,2.358755
2279,2939,2.368425
2280,2954,2.380513
2281,2939,2.368425
2282,2927,2.358755
2283,2947,2.374872
2284,2939,2.368425
2285,2947,2.374872
2286,2954,2.380513
2287,2946,2.374066
2288,2947,2.374872
2289,2954,2.380513
2290,2947,2.374872
2291,2954,2.380513
2292,2943,2.371648
2293,2954,2.380513
2294,2954,2.380513
2295,2952,2.378901
2296,2955,2.381319
2297,2952,2.378901
2298,2946,2.374066
2299,2947,2.374872
2300,2943,2.371648
2301,2954,2.380513
2302,2943,2.371648
2303,2943,2.371648
2304,2954,2.380513
2305,2954,2.380513
2306,2954,2.380513
2307,2959,2.384542
2308,2954,2.380513
2309,2954,2.380513
2310,2954,2.380513
2311,2954,2.380513
2312,2954,2.380513
2313,2954,2.380513
2314,2959,2.384542
2315,2952,2.378901
2316,2939,2.368425
2317,2947,2.374872
2318,2943,2.371648
2319,2946,2.374066
2320,2963,2.387766
2321,2955,2.381319
2322,2939,2.368425
2323,2939,2.368425
2324,2954,2.380513
2325,2954,2.380513
2326,2939,2.368425
2327,2947,2.374872
2328,2939,2.368425
2329,2947,2.374872
2330,2955,2.381319
2331,2939,2.368425
2332,2939,2.368425
2333,2954,2.380513
2334,2943,2.371648
2335,2959,2.384542
2336,2947,2.374872
2337,2939,2.368425
2338,2947,2.374872
2339,2943,2.371648
2340,2947,2.374872
2341,2954,2.380513
2342,2955,2.381319
2343,2954,2.380513
2344,2959,2.384542
2345,2947,2.374872
2346,2943,2.371648
2347,2952,2.378901
2348,2955,2.381319
2349,2946,2.374066
2350,2959,2.384542
2351,2954,2.380513
2352,2954,2.380513
2353,2955,2.381319
2354,2955,2.381319
2355,2943,2.371648
2356,2946,2.374066
2357,2947,2.374872
2358,2954,2.380513
2359,2952,2.378901
2360,2955,2.381319
2361,2947,2.374872
2362,2947,2.374872
2363,2954,2.380513
2364,2947,2.374872
2365,2952,2.378901
2366,2954,2.380513
2367,2946,2.374066
2368,2943,2.371648
2369,2955,2.381319
2370,2943,2.371648
2371,2952,2.378901
2372,2955,2.381319
2373,2946,2.374066
2374,2954,2.380513
2375,2954,2.380513
2376,2946,2.374066
2377,2954,2.380513
2378,2959,2.384542
2379,2959,2.384542
2380,2954,2.380513
2381,2939,2.368425
2382,2938,2.367619
2383,2954,2.380513
2384,2943,2.371648
2385,2946,2.374066
2386,2943,2.371648
2387,2952,2.378901
2388,2952,2.378901
2389,2954,2.380513
2390,2947,2.374872
2391,2947,2.374872
2392,2955,2.381319
2393,2947,2.374872
2394,2946,2.374066
2395,2954,2.380513
2396,2943,2.371648
2397,2954,2.380513
2398,2947,2.374872
2399,2947,2.374872
2400,2939,2.368425
2401,2952,2.378901
2402,2946,2.374066
2403,2954,2.380513
2404,2954,2.380513
2405,2939,2.368425
2406,2943,2.371648
2407,2954,2.380513
2408,2947,2.374872
2409,2939,2.368425
2410,2943,2.371648
2411,2954,2.380513
2412,2943,2.371648
2413,2955,2.381319
2414,2927,2.358755
2415,2938,2.367619
2416,2954,2.380513
2417,2954,2.380513
2418,2954,2.380513
2419,2943,2.371648
2420,2943,2.371648
2421,2943,2.371648
2422,2943,2.371648
2423,2946,2.374066
2424,2955,2.381319
2425,2943,2.371648
2426,2947,2.374872
2427,2954,2.380513
2428,2954,2.380513
2429,2955,2.381319
2430,2947,2.374872
2431,2955,2.381319
2432,2954,2.380513
2433,2943,2.371648
2434,2955,2.381319
2435,2947,2.374872
2436,2939,2.368425
2437,2943,2.371648
2438,2943,2.371648
2439,2943,2.371648
2440,2955,2.381319
2441,2938,2.367619
2442,2939,2.368425
2443,2939,2.368425
2444,2943,2.371648
2445,2959,2.384542
2446,2947,2.374872
2447,2939,2.368425
2448,2938,2.367619
2449,2939,2.368425
2450,2946,2.374066
2451,2947,2.374872
2452,2939,2.368425
2453,2939,2.368425
2454,2955,2.381319
2455,2954,2.380513
2456,2939,2.368425
2457,2946,2.374066
2458,2947,2.374872
2459,2955,2.381319
2460,2954,2.380513
2461,2939,2.368425
2462,2938,2.367619
2463,2959,2.384542
2464,2954,2.380513
2465,2954,2.380513
2466,2954,2.380513
2467,2943,2.371648
2468,2954,2.380513
2469,2954,2.380513
2470,2954,2.380513
2471,2955,2.381319
2472,2939,2.368425
2473,2955,2.381319
2474,2939,2.368425
2475,2952,2.378901
2476,2955,2.381319
2477,2954,2.380513
2478,2959,2.384542
2479,2963,2.387766
2480,2959,2.384542
2481,2952,2.378901
2482,2955,2.381319
2483,2943,2.371648
2484,2939,2.368425
2485,2955,2.381319
2486,2939,2.368425
2487,2946,2.374066
2488,2947,2.374872
2489,2947,2.374872
2490,2939,2.368425
2491,2947,2.374872
2492,2939,2.368425
2493,2943,2.371648
2494,2954,2.380513
2495,2943,2.371648
2496,2939,2.368425
2497,2946,2.374066
2498,2952,2.378901
2499,2943,2.371648
2500,2943,2.371648
2501,2939,2.368425
2502,2954,2.380513
2503,2936,2.366007
2504,2943,2.371648
2505,2947,2.374872
2506,2947,2.374872
2507,2952,2.378901
2508,2943,2.371648
2509,2954,2.380513
2510,2952,2.378901
2511,2947,2.374872
2512,2954,2.380513
2513,2947,2.374872
2514,2939,2.368425
2515,2947,2.374872
2516,2936,2.366007
2517,2938,2.367619
2518,2952,2.378901
2519,2947,2.374872
2520,2946,2.374066
2521,2955,2.381319
2522,2955,2.381319
2523,2939,2.368425
2524,2943,2.371648
2525,2939,2.368425
2526,2947,2.374872
2527,2954,2.380513
2528,2938,2.367619
2529,2946,2.374066
2530,2947,2.374872
2531,2954,2.380513
2532,2943,2.371648
2533,2939,2.368425
2534,2939,2.368425
2535,2939,2.368425
2536,2954,2.380513
2537,2954,2.380513
2538,2947,2.374872
2539,2943,2.371648
2540,2939,2.368425
2541,2938,2.367619
2542,2939,2.368425
2543,2939,2.368425
2544,2939,2.368425
2545,2938,2.367619
2546,2927,2.358755
2547,2939,2.368425
2548,2943,2.371648
2549,2938,2.367619
2550,2946,2.374066
2551,2939,2.368425
2552,2931,2.361978
2553,2952,2.378901
2554,2938,2.367619
2555,2931,2.361978
2556,2927,2.358755
2557,2943,2.371648
2558,2927,2.358755
2559,2938,2.367619
2560,2939,2.368425
2561,2947,2.374872
2562,2938,2.367619
2563,2923,2.355531
2564,2927,2.358755
2565,2939,2.368425
2566,2939,2.368425
2567,2927,2.358755
2568,2938,2.367619
2569,2922,2.354725
2570,2931,2.361978
2571,2943,2.371648
2572,2922,2.354725
2573,2939,2.368425
2574,2927,2.358755
2575,2931,2.361978
2576,2939,2.368425
2577,2938,2.367619
2578,2938,2.367619
2579,2938,2.367619
2580,2938,2.367619
2581,2947,2.374872
2582,2938,2.367619
2583,2938,2.367619
2584,2939,2.368425
2585,2939,2.368425
2586,2923,2.355531
2587,2923,2.355531
2588,2914,2.348278
2589,2923,2.355531
2590,2931,2.361978
2591,2927,2.358755
2592,2938,2.367619
2593,2922,2.354725
2594,2938,2.367619
2595,2938,2.367619
2596,2938,2.367619
2597,2923,2.355531
2598,2938,2.367619
2599,2922,2.354725
2600,2939,2.368425
2601,2923,2.355531
2602,2923,2.355531
2603,2927,2.358755
2604,2923,2.355531
2605,2927,2.358755
2606,2923,2.355531
2607,2923,2.355531
2608,2931,2.361978
2609,2923,2.355531
2610,2923,2.355531
2611,2923,2.355531
2612,2922,2.354725
2613,2914,2.348278
2614,2923,2.355531
2615,2914,2.348278
2616,2923,2.355531
2617,2912,2.346667
2618,2923,2.355531
2619,2922,2.354725
2620,2912,2.346667
2621,2914,2.348278
2622,2912,2.346667
2623,2922,2.354725
2624,2912,2.346667
2625,2915,2.349084
2626,2912,2.346667
2627,2914,2.348278
2628,2922,2.354725
2629,2912,2.346667
2630,2906,2.341832
2631,2914,2.348278
2632,2915,2.349084
2633,2912,2.346667
2634,2912,2.346667
2635,2912,2.346667
2636,2912,2.346667
2637,2915,2.349084
2638,2912,2.346667
2639,2912,2.346667
2640,2914,2.348278
2641,2899,2.336190
2642,2914,2.348278
2643,2899,2.336190
2644,2914,2.348278
2645,2912,2.346667
2646,2895,2.332967
2647,2904,2.340220
2648,2895,2.332967
2649,2912,2.346667
2650,2895,2.332967
2651,2920,2.353114
2652,2915,2.349084
2653,2914,2.348278
2654,2914,2.348278
2655,2899,2.336190
2656,2899,2.336190
2657,2891,2.329744
2658,2875,2.316850
2659,2895,2.332967
2660,2890,2.328938
2661,2895,2.332967
2662,2890,2.328938
2663,2899,2.336190
2664,2882,2.322491
2665,2882,2.322491
2666,2890,2.328938
2667,2891,2.329744
2668,2891,2.329744
2669,2890,2.328938
2670,2882,2.322491
2671,2882,2.322491
2672,2875,2.316850
2673,2874,2.316044
2674,2888,2.327326
2675,2882,2.322491
2676,2883,2.323297
2677,2875,2.316850
2678,2875,2.316850
2679,2891,2.329744
2680,2880,2.320879
2681,2890,2.328938
2682,2882,2.322491
2683,2882,2.322491
2684,2874,2.316044
2685,2874,2.316044
2686,2874,2.316044
2687,2874,2.316044
2688,2859,2.303956
2689,2874,2.316044
2690,2875,2.316850
2691,2863,2.307179
2692,2859,2.303956
2693,2874,2.316044
2694,2859,2.303956
2695,2858,2.303150
2696,2859,2.303956
2697,2856,2.301538
2698,2863,2.307179
2699,2863,2.307179
2700,2851,2.297509
2701,2858,2.303150
2702,2858,2.303150
2703,2863,2.307179
2704,2851,2.297509
2705,2859,2.303956
2706,2859,2.303956
2707,2848,2.295092
2708,2851,2.297509
2709,2850,2.296703
2710,2848,2.295092
2711,2848,2.295092
2712,2842,2.290256
2713,2850,2.296703
2714,2850,2.296703
2715,2850,2.296703
2716,2851,2.297509
2717,2848,2.295092
2718,2840,2.288645
2719,2831,2.281392
2720,2831,2.281392
2721,2842,2.290256
2722,2850,2.296703
2723,2831,2.281392
2724,2831,2.281392
2725,2842,2.290256
2726,2848,2.295092
2727,2831,2.281392
2728,2827,2.278168
2729,2827,2.278168
2730,2827,2.278168
2731,2819,2.271722
2732,2831,2.281392
2733,2819,2.271722
2734,2819,2.271722
2735,2827,2.278168
2736,2816,2.269304
2737,2819,2.271722
2738,2819,2.271722
2739,2816,2.269304
2740,2803,2.258828
2741,2816,2.269304
2742,2816,2.269304
2743,2794,2.251575
2744,2816,2.269304
2745,2810,2.264469
2746,2810,2.264469
2747,2810,2.264469
2748,2795,2.252381
2749,2818,2.270916
2750,2818,2.270916
2751,2795,2.252381
2752,2794,2.251575
2753,2795,2.252381
2754,2795,2.252381
2755,2794,2.251575
2756,2794,2.251575
2757,2787,2.245934
2758,2784,2.243516
2759,2794,2.251575
2760,2794,2.251575
2761,2784,2.243516
2762,2784,2.243516
2763,2787,2.245934
2764,2794,2.251575
2765,2784,2.243516
2766,2784,2.243516
2767,2784,2.243516
2768,2784,2.243516
2769,2771,2.233040
2770,2771,2.233040
2771,2767,2.229817
2772,2767,2.229817
2773,2763,2.226593
2774,2763,2.226593
2775,2767,2.229817
2776,2763,2.226593
2777,2755,2.220147
2778,2767,2.229817
2779,2767,2.229817
2780,2754,2.219341
2781,2752,2.217729
2782,2754,2.219341
2783,2752,2.217729
2784,2760,2.224176
2785,2762,2.225788
2786,2754,2.219341
2787,2746,2.212894
2788,2755,2.220147
2789,2752,2.217729
2790,2752,2.217729
2791,2754,2.219341
2792,2755,2.220147
2793,2752,2.217729
2794,2746,2.212894
2795,2731,2.200806
2796,2731,2.200806
2797,2731,2.200806
2798,2730,2.200000
2799,2720,2.191941
2800,2720,2.191941
2801,2703,2.178242
2802,2707,2.181465
2803,2722,2.193553
2804,2712,2.185495
2805,2720,2.191941
2806,2703,2.178242
2807,2720,2.191941
2808,2703,2.178242
2809,2714,2.187106
2810,2723,2.194359
2811,2699,2.175018
2812,2687,2.165348
2813,2703,2.178242
2814,2699,2.175018
2815,2699,2.175018
2816,2687,2.165348
2817,2683,2.162125
2818,2675,2.155678
2819,2699,2.175018
2820,2696,2.172601
2821,2707,2.181465
2822,2683,2.162125
2823,2682,2.161319
2824,2683,2.162125
2825,2675,2.155678
2826,2698,2.174212
2827,2682,2.161319
2828,2683,2.162125
2829,2671,2.152454
2830,2659,2.142784
2831,2667,2.149231
2832,2658,2.141978
2833,2658,2.141978
2834,2666,2.148425
2835,2667,2.149231
2836,2667,2.149231
2837,2643,2.129890
2838,2656,2.140366
2839,2648,2.133919
2840,2656,2.140366
2841,2648,2.133919
2842,2656,2.140366
2843,2643,2.129890
2844,2643,2.129890
2845,2643,2.129890
2846,2639,2.126667
2847,2656,2.140366
2848,2656,2.140366
2849,2635,2.123443
2850,2627,2.116996
2851,2635,2.123443
2852,2632,2.121026
2853,2626,2.116190
2854,2626,2.116190
2855,2603,2.097656
2856,2607,2.100879
2857,2627,2.116996
2858,2634,2.122637
2859,2619,2.110549
2860,2616,2.108132
2861,2618,2.109744
2862,2603,2.097656
2863,2603,2.097656
2864,2616,2.108132
2865,2603,2.097656
2866,2595,2.091209
2867,2600,2.095238
2868,2594,2.090403
2869,2602,2.096850
2870,2592,2.088791
2871,2602,2.096850
2872,2602,2.096850
2873,2602,2.096850
2874,2592,2.088791
2875,2592,2.088791
2876,2602,2.096850
2877,2595,2.091209
2878,2592,2.088791
2879,2594,2.090403
2880,2595,2.091209
2881,2594,2.090403
2882,2586,2.083956
2883,2602,2.096850
2884,2595,2.091209
2885,2575,2.075092
2886,2592,2.088791
2887,2579,2.078315
2888,2563,2.065421
2889,2570,2.071062
2890,2563,2.065421
2891,2552,2.056557
2892,2570,2.071062
2893,2563,2.065421
2894,2575,2.075092
2895,2571,2.071868
2896,2559,2.062198
2897,2571,2.071868
2898,2559,2.062198
2899,2554,2.058168
2900,2547,2.052527
2901,2539,2.046081
2902,2543,2.049304
2903,2554,2.058168
2904,2539,2.046081
2905,2538,2.045275
2906,2538,2.045275
2907,2538,2.045275
2908,2538,2.045275
2909,2538,2.045275
2910,2538,2.045275
2911,2539,2.046081
2912,2538,2.045275
2913,2515,2.026740
2914,2531,2.039634
2915,2554,2.058168
2916,2539,2.046081
2917,2547,2.052527
2918,2528,2.037216
2919,2538,2.045275
2920,2520,2.030769
2921,2528,2.037216
2922,2538,2.045275
2923,2528,2.037216
2924,2520,2.030769
2925,2498,2.013040
2926,2499,2.013846
2927,2520,2.030769
2928,2539,2.046081
2929,2528,2.037216
2930,2507,2.020293
2931,2511,2.023516
2932,2507,2.020293
2933,2507,2.020293
2934,2528,2.037216
2935,2499,2.013846
2936,2511,2.023516
2937,2507,2.020293
2938,2506,2.019487
2939,2515,2.026740
2940,2531,2.039634
2941,2515,2.026740
2942,2498,2.013040
2943,2507,2.020293
2944,2490,2.006593
2945,2499,2.013846
2946,2498,2.013040
2947,2499,2.013846
2948,2490,2.006593
2949,2483,2.000952
2950,2504,2.017875
2951,2498,2.013040
2952,2498,2.013040
2953,2506,2.019487
2954,2491,2.007399
2955,2507,2.020293
2956,2490,2.006593
2957,2475,1.994505
2958,2488,2.004982
2959,2483,2.000952
2960,2490,2.006593
2961,2496,2.011429
2962,2483,2.000952
2963,2496,2.011429
2964,2488,2.004982
2965,2483,2.000952
2966,2490,2.006593
2967,2474,1.993700
2968,2474,1.993700
2969,2466,1.987253
2970,2464,1.985641
2971,2475,1.994505
2972,2474,1.993700
2973,2490,2.006593
2974,2475,1.994505
2975,2490,2.006593
2976,2490,2.006593
2977,2498,2.013040
2978,2498,2.013040
2979,2474,1.993700
2980,2474,1.993700
2981,2464,1.985641
2982,2467,1.988059
2983,2458,1.980806
2984,2467,1.988059
2985,2472,1.992088
2986,2464,1.985641
2987,2466,1.987253
2988,2466,1.987253
2989,2464,1.985641
2990,2466,1.987253
2991,2466,1.987253
2992,2458,1.980806
2993,2458,1.980806
2994,2464,1.985641
2995,2451,1.975165
2996,2443,1.968718
2997,2456,1.979194
2998,2451,1.975165
2999,2447,1.971941
3000,2443,1.968718
3001,2443,1.968718
3002,2451,1.975165
3003,2447,1.971941
3004,2447,1.971941
3005,2443,1.968718
3006,2447,1.971941
3007,2464,1.985641
3008,2447,1.971941
3009,2435,1.962271
3010,2451,1.975165
3011,2435,1.962271
3012,2443,1.968718
3013,2435,1.962271
3014,2431,1.959048
3015,2447,1.971941
3016,2443,1.968718
3017,2447,1.971941
3018,2443,1.968718
3019,2442,1.967912
3020,2427,1.955824
3021,2442,1.967912
3022,2426,1.955018
3023,2431,1.959048
3024,2431,1.959048
3025,2426,1.955018
3026,2419,1.949377
3027,2427,1.955824
3028,2435,1.962271
3029,2427,1.955824
3030,2426,1.955018
3031,2419,1.949377
3032,2415,1.946154
3033,2431,1.959048
3034,2427,1.955824
3035,2419,1.949377
3036,2427,1.955824
3037,2415,1.946154
3038,2426,1.955018
3039,2411,1.942930
3040,2415,1.946154
3041,2427,1.955824
3042,2410,1.942125
3043,2411,1.942930
3044,2415,1.946154
3045,2415,1.946154
3046,2419,1.949377
3047,2424,1.953407
3048,2415,1.946154
3049,2410,1.942125
3050,2435,1.962271
3051,2426,1.955018
3052,2410,1.942125
3053,2426,1.955018
3054,2408,1.940513
3055,2426,1.955018
3056,2402,1.935678
3057,2403,1.936484
3058,2402,1.935678
3059,2410,1.942125
3060,2402,1.935678
3061,2379,1.917143
3062,2383,1.920366
3063,2402,1.935678
3064,2402,1.935678
3065,2400,1.934066
3066,2387,1.923590
3067,2378,1.916337
3068,2387,1.923590
3069,2394,1.929231
3070,2400,1.934066
3071,2411,1.942930
3072,2410,1.942125
3073,2426,1.955018
3074,2415,1.946154
3075,2426,1.955018
3076,2411,1.942930
3077,2408,1.940513
3078,2400,1.934066
3079,2410,1.942125
3080,2415,1.946154
3081,2403,1.936484
3082,2383,1.920366
3083,2400,1.934066
3084,2400,1.934066
3085,2400,1.934066
3086,2411,1.942930
3087,2426,1.955018
3088,2419,1.949377
3089,2431,1.959048
3090,2426,1.955018
3091,2411,1.942930
3092,2400,1.934066
3093,2400,1.934066
3094,2400,1.934066
3095,2400,1.934066
3096,2379,1.917143
3097,2392,1.927619
3098,2379,1.917143
3099,2376,1.914725
3100,2379,1.917143
3101,2378,1.916337
3102,2362,1.903443
3103,2371,1.910696
3104,2376,1.914725
3105,2383,1.920366
3106,2371,1.910696
3107,2370,1.909890
3108,2383,1.920366
3109,2371,1.910696
3110,2371,1.910696
3111,2383,1.920366
3112,2371,1.910696
3113,2362,1.903443
3114,2378,1.916337
3115,2383,1.920366
3116,2362,1.903443
3117,2363,1.904249
3118,2363,1.904249
3119,2363,1.904249
3120,2360,1.901832
3121,2382,1.919560
3122,2392,1.927619
3123,2378,1.916337
3124,2370,1.909890
3125,2362,1.903443
3126,2376,1.914725
3127,2378,1.916337
3128,2370,1.909890
3129,2363,1.904249
3130,2370,1.909890
3131,2371,1.910696
3132,2383,1.920366
3133,2351,1.894579
3134,2351,1.894579
3135,2378,1.916337
3136,2363,1.904249
3137,2379,1.917143
3138,2371,1.910696
3139,2378,1.916337
3140,2363,1.904249
3141,2371,1.910696
3142,2362,1.903443
3143,2363,1.904249
3144,2351,1.894579
3145,2355,1.897802
3146,2360,1.901832
3147,2355,1.897802
3148,2346,1.890549
3149,2339,1.884908
3150,2355,1.897802
3151,2347,1.891355
3152,2338,1.884103
3153,2347,1.891355
3154,2336,1.882491
3155,2347,1.891355
3156,2339,1.884908
3157,2360,1.901832
3158,2355,1.897802
3159,2351,1.894579
3160,2362,1.903443
3161,2347,1.891355
3162,2347,1.891355
3163,2344,1.888938
3164,2336,1.882491
3165,2351,1.894579
3166,2355,1.897802
3167,2346,1.890549
3168,2336,1.882491
3169,2346,1.890549
3170,2344,1.888938
3171,2336,1.882491
3172,2336,1.882491
3173,2336,1.882491
3174,2328,1.876044
3175,2336,1.882491
3176,2346,1.890549
3177,2328,1.876044
3178,2323,1.872015
3179,2339,1.884908
3180,2347,1.891355
3181,2336,1.882491
3182,2344,1.888938
3183,2336,1.882491
3184,2336,1.882491
3185,2346,1.890549
3186,2347,1.891355
3187,2338,1.884103
3188,2330,1.877656
3189,2338,1.884103
3190,2338,1.884103
3191,2336,1.882491
3192,2319,1.868791
3193,2319,1.868791
3194,2336,1.882491
3195,2336,1.882491
3196,2336,1.882491
3197,2328,1.876044
3198,2323,1.872015
3199,2338,1.884103
3200,2330,1.877656
3201,2330,1.877656
3202,2339,1.884908
3203,2344,1.888938
3204,2328,1.876044
3205,2330,1.877656
3206,2336,1.882491
3207,2330,1.877656
3208,2319,1.868791
3209,2339,1.884908
3210,2336,1.882491
3211,2323,1.872015
3212,2319,1.868791
3213,2330,1.877656
3214,2336,1.882491
3215,2338,1.884103
3216,2336,1.882491
3217,2323,1.872015
3218,2330,1.877656
3219,2315,1.865568
3220,2319,1.868791
3221,2319,1.868791
3222,2315,1.865568
3223,2314,1.864762
3224,2303,1.855897
3225,2315,1.865568
3226,2323,1.872015
3227,2328,1.876044
3228,2315,1.865568
3229,2307,1.859121
3230,2315,1.865568
3231,2312,1.863150
3232,2299,1.852674
3233,2307,1.859121
3234,2319,1.868791
3235,2314,1.864762
3236,2303,1.855897
3237,2319,1.868791
3238,2315,1.865568
3239,2312,1.863150
3240,2307,1.859121
3241,2314,1.864762
3242,2314,1.864762
3243,2307,1.859121
3244,2319,1.868791
3245,2315,1.865568
3246,2330,1.877656
3247,2319,1.868791
3248,2307,1.859121
3249,2315,1.865568
3250,2303,1.855897
3251,2314,1.864762
3252,2312,1.863150
3253,2314,1.864762
3254,2314,1.864762
3255,2314,1.864762
3256,2303,1.855897
3257,2303,1.855897
3258,2319,1.868791
3259,2299,1.852674
3260,2299,1.852674
3261,2307,1.859121
3262,2303,1.855897
3263,2303,1.855897
3264,2291,1.846227
3265,2314,1.864762
3266,2328,1.876044
3267,2307,1.859121
3268,2319,1.868791
3269,2303,1.855897
3270,2303,1.855897
3271,2307,1.859121
3272,2314,1.864762
3273,2314,1.864762
3274,2298,1.851868
3275,2315,1.865568
3276,2299,1.852674
3277,2299,1.852674
3278,2303,1.855897
3279,2303,1.855897
3280,2291,1.846227
3281,2299,1.852674
3282,2303,1.855897
3283,2303,1.855897
3284,2303,1.855897
3285,2298,1.851868
3286,2298,1.851868
3287,2303,1.855897
3288,2312,1.863150
3289,2315,1.865568
3290,2298,1.851868
3291,2307,1.859121
3292,2298,1.851868
3293,2298,1.851868
3294,2303,1.855897
3295,2291,1.846227
3296,2298,1.851868
3297,2303,1.855897
3298,2298,1.851868
3299,2299,1.852674
3300,2303,1.855897
3301,2303,1.855897
3302,2298,1.851868
3303,2299,1.852674
3304,2299,1.852674
3305,2303,1.855897
3306,2302,1.855092
3307,2299,1.852674
3308,2291,1.846227
3309,2303,1.855897
3310,2319,1.868791
3311,2299,1.852674
3312,2296,1.850256
3313,2299,1.852674
3314,2298,1.851868
3315,2303,1.855897
3316,2299,1.852674
3317,2303,1.855897
3318,2302,1.855092
3319,2291,1.846227
3320,2283,1.839780
3321,2299,1.852674
3322,2299,1.852674
3323,2298,1.851868
3324,2299,1.852674
3325,2303,1.855897
3326,2307,1.859121
3327,2307,1.859121
3328,2298,1.851868
3329,2303,1.855897
3330,2312,1.863150
3331,2299,1.852674
3332,2312,1.863150
3333,2299,1.852674
3334,2303,1.855897
3335,2299,1.852674
3336,2307,1.859121
3337,2303,1.855897
3338,2319,1.868791
3339,2307,1.859121
3340,2287,1.843004
3341,2298,1.851868
3342,2303,1.855897
3343,2298,1.851868
3344,2314,1.864762
3345,2303,1.855897
3346,2298,1.851868
3347,2307,1.859121
3348,2299,1.852674
3349,2303,1.855897
3350,2291,1.846227
3351,2298,1.851868
3352,2298,1.851868
3353,2303,1.855897
3354,2299,1.852674
3355,2291,1.846227
3356,2287,1.843004
3357,2299,1.852674
3358,2299,1.852674
3359,2298,1.851868
3360,2280,1.837363
3361,2296,1.850256
3362,2296,1.850256
3363,2283,1.839780
3364,2291,1.846227
3365,2312,1.863150
3366,2291,1.846227
3367,2283,1.839780
3368,2303,1.855897
3369,2298,1.851868
3370,2296,1.850256
3371,2307,1.859121
3372,2291,1.846227
3373,2298,1.851868
3374,2283,1.839780
3375,2291,1.846227
3376,2283,1.839780
3377,2287,1.843004
3378,2283,1.839780
3379,2291,1.846227
3380,2296,1.850256
3381,2298,1.851868
3382,2291,1.846227
3383,2282,1.838974
3384,2291,1.846227
3385,2298,1.851868
3386,2307,1.859121
3387,2298,1.851868
3388,2283,1.839780
3389,2283,1.839780
3390,2298,1.851868
3391,2287,1.843004
3392,2283,1.839780
3393,2287,1.843004
3394,2283,1.839780
3395,2283,1.839780
3396,2283,1.839780
3397,2291,1.846227
3398,2298,1.851868
3399,2299,1.852674
3400,2298,1.851868
3401,2287,1.843004
3402,2283,1.839780
3403,2287,1.843004
3404,2298,1.851868
3405,2291,1.846227
3406,2283,1.839780
3407,2299,1.852674
3408,2291,1.846227
3409,2283,1.839780
3410,2291,1.846227
3411,2291,1.846227
3412,2299,1.852674
3413,2291,1.846227
3414,2287,1.843004
3415,2283,1.839780
3416,2291,1.846227
3417,2287,1.843004
3418,2287,1.843004
3419,2283,1.839780
3420,2291,1.846227
3421,2291,1.846227
3422,2299,1.852674
3423,2291,1.846227
3424,2287,1.843004
3425,2299,1.852674
3426,2296,1.850256
3427,2298,1.851868
3428,2296,1.850256
3429,2283,1.839780
3430,2282,1.838974
3431,2299,1.852674
3432,2282,1.838974
3433,2298,1.851868
3434,2291,1.846227
3435,2287,1.843004
3436,2303,1.855897
3437,2291,1.846227
3438,2299,1.852674
3439,2287,1.843004
3440,2299,1.852674
3441,2282,1.838974
3442,2298,1.851868
3443,2299,1.852674
3444,2287,1.843004
3445,2291,1.846227
3446,2299,1.852674
3447,2291,1.846227
3448,2299,1.852674
3449,2299,1.852674
3450,2299,1.852674
3451,2299,1.852674
3452,2298,1.851868
3453,2307,1.859121
3454,2303,1.855897
3455,2303,1.855897
3456,2291,1.846227
3457,2307,1.859121
3458,2299,1.852674
3459,2307,1.859121
3460,2303,1.855897
3461,2299,1.852674
3462,2312,1.863150
3463,2303,1.855897
3464,2298,1.851868
3465,2298,1.851868
3466,2303,1.855897
3467,2291,1.846227
3468,2299,1.852674
3469,2296,1.850256
3470,2307,1.859121
3471,2307,1.859121
3472,2314,1.864762
3473,2299,1.852674
3474,2319,1.868791
3475,2299,1.852674
3476,2291,1.846227
3477,2307,1.859121
3478,2307,1.859121
3479,2315,1.865568
3480,2314,1.864762
3481,2303,1.855897
3482,2303,1.855897
3483,2323,1.872015
3484,2312,1.863150
3485,2315,1.865568
3486,2307,1.859121
3487,2307,1.859121
3488,2319,1.868791
3489,2315,1.865568
3490,2315,1.865568
3491,2323,1.872015
3492,2314,1.864762
3493,2299,1.852674
3494,2319,1.868791
3495,2319,1.868791
3496,2314,1.864762
3497,2336,1.882491
3498,2319,1.868791
3499,2314,1.864762
3500,2315,1.865568
3501,2338,1.884103
3502,2319,1.868791
3503,2315,1.865568
3504,2319,1.868791
3505,2314,1.864762
3506,2315,1.865568
3507,2330,1.877656
3508,2328,1.876044
3509,2314,1.864762
3510,2323,1.872015
3511,2323,1.872015
3512,2328,1.876044
3513,2336,1.882491
3514,2323,1.872015
3515,2336,1.882491
3516,2328,1.876044
3517,2336,1.882491
3518,2336,1.882491
3519,2338,1.884103
3520,2336,1.882491
3521,2338,1.884103
3522,2328,1.876044
3523,2336,1.882491
3524,2336,1.882491
3525,2339,1.884908
3526,2339,1.884908
3527,2339,1.884908
3528,2347,1.891355
3529,2344,1.888938
3530,2347,1.891355
3531,2351,1.894579
3532,2338,1.884103
3533,2339,1.884908
3534,2339,1.884908
3535,2336,1.882491
3536,2347,1.891355
3537,2347,1.891355
3538,2346,1.890549
3539,2346,1.890549
3540,2347,1.891355
3541,2347,1.891355
3542,2346,1.890549
3543,2351,1.894579
3544,2360,1.901832
3545,2363,1.904249
3546,2355,1.897802
3547,2351,1.894579
3548,2370,1.909890
3549,2363,1.904249
3550,2351,1.894579
3551,2378,1.916337
3552,2363,1.904249
3553,2370,1.909890
3554,2371,1.910696
3555,2362,1.903443
3556,2370,1.909890
3557,2363,1.904249
3558,2371,1.910696
3559,2371,1.910696
3560,2376,1.914725
3561,2379,1.917143
3562,2378,1.916337
3563,2383,1.920366
3564,2379,1.917143
3565,2387,1.923590
3566,2379,1.917143
3567,2379,1.917143
3568,2392,1.927619
3569,2392,1.927619
3570,2387,1.923590
3571,2400,1.934066
3572,2392,1.927619
3573,2400,1.934066
3574,2402,1.935678
3575,2400,1.934066
3576,2415,1.946154
3577,2394,1.929231
3578,2408,1.940513
3579,2402,1.935678
3580,2411,1.942930
3581,2408,1.940513
3582,2403,1.936484
3583,2402,1.935678
3584,2403,1.936484
3585,2411,1.942930
3586,2400,1.934066
3587,2426,1.955018
3588,2410,1.942125
3589,2427,1.955824
3590,2410,1.942125
3591,2431,1.959048
3592,2419,1.949377
3593,2419,1.949377
3594,2426,1.955018
3595,2435,1.962271
3596,2440,1.966300
3597,2419,1.949377
3598,2434,1.961465
3599,2447,1.971941
3600,2435,1.962271
3601,2434,1.961465
3602,2443,1.968718
3603,2442,1.967912
3604,2451,1.975165
3605,2458,1.980806
3606,2458,1.980806
3607,2464,1.985641
3608,2447,1.971941
3609,2464,1.985641
3610,2458,1.980806
3611,2466,1.987253
3612,2464,1.985641
3613,2474,1.993700
3614,2475,1.994505
3615,2479,1.997729
3616,2466,1.987253
3617,2475,1.994505
3618,2490,2.006593
3619,2490,2.006593
3620,2498,2.013040
3621,2491,2.007399
3622,2475,1.994505
3623,2498,2.013040
3624,2499,2.013846
3625,2498,2.013040
3626,2504,2.017875
3627,2515,2.026740
3628,2530,2.038828
3629,2515,2.026740
3630,2507,2.020293
3631,2515,2.026740
3632,2528,2.037216
3633,2539,2.046081
3634,2528,2.037216
3635,2530,2.038828
3636,2531,2.039634
3637,2530,2.038828
3638,2539,2.046081
3639,2539,2.046081
3640,2539,2.046081
3641,2543,2.049304
3642,2543,2.049304
3643,2531,2.039634
3644,2554,2.058168
3645,2547,2.052527
3646,2539,2.046081
3647,2559,2.062198
