Pixel,ADC,VoltageV
1,3957,3.188791
2,3957,3.188791
3,3953,3.185568
4,3952,3.184762
5,3953,3.185568
6,3952,3.184762
7,3953,3.185568
8,3953,3.185568
9,3949,3.182344
10,3953,3.185568
11,3952,3.184762
12,3952,3.184762
13,3952,3.184762
14,3953,3.185568
15,3952,3.184762
16,3933,3.169451
17,2473,1.992894
18,1629,1.312747
19,1644,1.324835
20,1648,1.328059
21,1657,1.335311
22,1645,1.325641
23,1653,1.332088
24,1652,1.331282
25,1653,1.332088
26,1652,1.331282
27,1648,1.328059
28,1648,1.328059
29,1653,1.332088
30,1653,1.332088
31,1652,1.331282
32,1648,1.328059
33,1657,1.335311
34,1653,1.332088
35,1653,1.332088
36,1657,1.335311
37,1657,1.335311
38,1649,1.328864
39,1653,1.332088
40,1653,1.332088
41,1649,1.328864
42,1652,1.331282
43,1653,1.332088
44,1652,1.331282
45,1657,1.335311
46,1657,1.335311
47,1649,1.328864
48,1653,1.332088
49,1652,1.331282
50,1653,1.332088
51,1657,1.335311
52,1653,1.332088
53,1652,1.331282
54,1657,1.335311
55,1653,1.332088
56,1657,1.335311
57,1657,1.335311
58,1653,1.332088
59,1649,1.328864
60,1649,1.328864
61,1653,1.332088
62,1652,1.331282
63,1653,1.332088
64,1657,1.335311
65,1649,1.328864
66,1653,1.332088
67,1657,1.335311
68,1649,1.328864
69,1649,1.328864
70,1648,1.328059
71,1657,1.335311
72,1661,1.338535
73,1653,1.332088
74,1653,1.332088
75,1653,1.332088
76,1653,1.332088
77,1656,1.334505
78,1660,1.337729
79,1653,1.332088
80,1660,1.337729
81,1657,1.335311
82,1663,1.340147
83,1660,1.337729
84,1661,1.338535
85,1663,1.340147
86,1660,1.337729
87,1653,1.332088
88,1660,1.337729
89,1661,1.338535
90,1660,1.337729
91,1661,1.338535
92,1661,1.338535
93,1663,1.340147
94,1661,1.338535
95,1663,1.340147
96,1660,1.337729
97,1653,1.332088
98,1653,1.332088
99,1661,1.338535
100,1657,1.335311
101,1653,1.332088
102,1653,1.332088
103,1657,1.335311
104,1657,1.335311
105,1657,1.335311
106,1653,1.332088
107,1657,1.335311
108,1660,1.337729
109,1649,1.328864
110,1653,1.332088
111,1653,1.332088
112,1652,1.331282
113,1649,1.328864
114,1657,1.335311
115,1649,1.328864
116,1660,1.337729
117,1653,1.332088
118,1657,1.335311
119,1653,1.332088
120,1660,1.337729
121,1653,1.332088
122,1661,1.338535
123,1660,1.337729
124,1653,1.332088
125,1661,1.338535
126,1657,1.335311
127,1653,1.332088
128,1653,1.332088
129,1657,1.335311
130,1657,1.335311
131,1660,1.337729
132,1661,1.338535
133,1657,1.335311
134,1661,1.338535
135,1653,1.332088
136,1657,1.335311
137,1653,1.332088
138,1661,1.338535
139,1660,1.337729
140,1661,1.338535
141,1661,1.338535
142,1661,1.338535
143,1661,1.338535
144,1661,1.338535
145,1660,1.337729
146,1661,1.338535
147,1656,1.334505
148,1661,1.338535
149,1661,1.338535
150,1661,1.338535
151,1657,1.335311
152,1657,1.335311
153,1660,1.337729
154,1660,1.337729
155,1661,1.338535
156,1660,1.337729
157,1660,1.337729
158,1661,1.338535
159,1661,1.338535
160,1661,1.338535
161,1661,1.338535
162,1661,1.338535
163,1663,1.340147
164,1661,1.338535
165,1661,1.338535
166,1657,1.335311
167,1661,1.338535
168,1660,1.337729
169,1661,1.338535
170,1661,1.338535
171,1660,1.337729
172,1657,1.335311
173,1661,1.338535
174,1661,1.338535
175,1657,1.335311
176,1663,1.340147
177,1660,1.337729
178,1657,1.335311
179,1661,1.338535
180,1653,1.332088
181,1657,1.335311
182,1653,1.332088
183,1657,1.335311
184,1660,1.337729
185,1660,1.337729
186,1653,1.332088
187,1649,1.328864
188,1657,1.335311
189,1653,1.332088
190,1657,1.335311
191,1653,1.332088
192,1653,1.332088
193,1653,1.332088
194,1657,1.335311
195,1657,1.335311
196,1660,1.337729
197,1657,1.335311
198,1653,1.332088
199,1653,1.332088
200,1657,1.335311
201,1657,1.335311
202,1653,1.332088
203,1653,1.332088
204,1657,1.335311
205,1653,1.332088
206,1657,1.335311
207,1657,1.335311
208,1653,1.332088
209,1653,1.332088
210,1661,1.338535
211,1657,1.335311
212,1653,1.332088
213,1661,1.338535
214,1649,1.328864
215,1652,1.331282
216,1657,1.335311
217,1652,1.331282
218,1653,1.332088
219,1653,1.332088
220,1653,1.332088
221,1653,1.332088
222,1653,1.332088
223,1657,1.335311
224,1657,1.335311
225,1657,1.335311
226,1653,1.332088
227,1657,1.335311
228,1657,1.335311
229,1657,1.335311
230,1653,1.332088
231,1661,1.338535
232,1660,1.337729
233,1653,1.332088
234,1653,1.332088
235,1661,1.338535
236,1660,1.337729
237,1652,1.331282
238,1657,1.335311
239,1653,1.332088
240,1660,1.337729
241,1653,1.332088
242,1653,1.332088
243,1657,1.335311
244,1645,1.325641
245,1653,1.332088
246,1649,1.328864
247,1649,1.328864
248,1653,1.332088
249,1653,1.332088
250,1645,1.325641
251,1649,1.328864
252,1648,1.328059
253,1653,1.332088
254,1652,1.331282
255,1653,1.332088
256,1648,1.328059
257,1644,1.324835
258,1648,1.328059
259,1649,1.328864
260,1648,1.328059
261,1648,1.328059
262,1649,1.328864
263,1657,1.335311
264,1649,1.328864
265,1641,1.322418
266,1649,1.328864
267,1644,1.324835
268,1645,1.325641
269,1648,1.328059
270,1644,1.324835
271,1648,1.328059
272,1644,1.324835
273,1648,1.328059
274,1644,1.324835
275,1645,1.325641
276,1645,1.325641
277,1644,1.324835
278,1637,1.319194
279,1641,1.322418
280,1644,1.324835
281,1641,1.322418
282,1641,1.322418
283,1637,1.319194
284,1641,1.322418
285,1637,1.319194
286,1637,1.319194
287,1641,1.322418
288,1637,1.319194
289,1637,1.319194
290,1641,1.322418
291,1641,1.322418
292,1637,1.319194
293,1641,1.322418
294,1631,1.314359
295,1629,1.312747
296,1629,1.312747
297,1637,1.319194
298,1631,1.314359
299,1633,1.315971
300,1631,1.314359
301,1637,1.319194
302,1636,1.318388
303,1631,1.314359
304,1633,1.315971
305,1636,1.318388
306,1629,1.312747
307,1629,1.312747
308,1629,1.312747
309,1629,1.312747
310,1629,1.312747
311,1629,1.312747
312,1629,1.312747
313,1633,1.315971
314,1629,1.312747
315,1628,1.311941
316,1637,1.319194
317,1629,1.312747
318,1629,1.312747
319,1628,1.311941
320,1629,1.312747
321,1621,1.306300
322,1629,1.312747
323,1625,1.309524
324,1625,1.309524
325,1625,1.309524
326,1633,1.315971
327,1628,1.311941
328,1629,1.312747
329,1628,1.311941
330,1621,1.306300
331,1621,1.306300
332,1628,1.311941
333,1625,1.309524
334,1629,1.312747
335,1621,1.306300
336,1625,1.309524
337,1621,1.306300
338,1625,1.309524
339,1621,1.306300
340,1621,1.306300
341,1620,1.305495
342,1621,1.306300
343,1629,1.312747
344,1617,1.303077
345,1625,1.309524
346,1625,1.309524
347,1620,1.305495
348,1621,1.306300
349,1621,1.306300
350,1621,1.306300
351,1625,1.309524
352,1621,1.306300
353,1628,1.311941
354,1629,1.312747
355,1621,1.306300
356,1625,1.309524
357,1625,1.309524
358,1621,1.306300
359,1621,1.306300
360,1625,1.309524
361,1621,1.306300
362,1625,1.309524
363,1621,1.306300
364,1625,1.309524
365,1621,1.306300
366,1617,1.303077
367,1621,1.306300
368,1621,1.306300
369,1621,1.306300
370,1621,1.306300
371,1620,1.305495
372,1625,1.309524
373,1621,1.306300
374,1617,1.303077
375,1617,1.303077
376,1617,1.303077
377,1620,1.305495
378,1620,1.305495
379,1620,1.305495
380,1621,1.306300
381,1620,1.305495
382,1625,1.309524
383,1617,1.303077
384,1621,1.306300
385,1617,1.303077
386,1621,1.306300
387,1621,1.306300
388,1617,1.303077
389,1617,1.303077
390,1616,1.302271
391,1621,1.306300
392,1617,1.303077
393,1625,1.309524
394,1625,1.309524
395,1625,1.309524
396,1620,1.305495
397,1621,1.306300
398,1621,1.306300
399,1617,1.303077
400,1621,1.306300
401,1620,1.305495
402,1620,1.305495
403,1617,1.303077
404,1617,1.303077
405,1617,1.303077
406,1617,1.303077
407,1621,1.306300
408,1613,1.299853
409,1620,1.305495
410,1617,1.303077
411,1616,1.302271
412,1617,1.303077
413,1616,1.302271
414,1617,1.303077
415,1617,1.303077
416,1620,1.305495
417,1617,1.303077
418,1621,1.306300
419,1617,1.303077
420,1620,1.305495
421,1617,1.303077
422,1617,1.303077
423,1616,1.302271
424,1613,1.299853
425,1620,1.305495
426,1609,1.296630
427,1613,1.299853
428,1617,1.303077
429,1620,1.305495
430,1613,1.299853
431,1613,1.299853
432,1609,1.296630
433,1613,1.299853
434,1613,1.299853
435,1613,1.299853
436,1616,1.302271
437,1616,1.302271
438,1613,1.299853
439,1617,1.303077
440,1617,1.303077
441,1616,1.302271
442,1617,1.303077
443,1620,1.305495
444,1617,1.303077
445,1616,1.302271
446,1617,1.303077
447,1617,1.303077
448,1616,1.302271
449,1617,1.303077
450,1616,1.302271
451,1616,1.302271
452,1612,1.299048
453,1620,1.305495
454,1613,1.299853
455,1613,1.299853
456,1617,1.303077
457,1613,1.299853
458,1616,1.302271
459,1609,1.296630
460,1613,1.299853
461,1613,1.299853
462,1617,1.303077
463,1616,1.302271
464,1613,1.299853
465,1613,1.299853
466,1613,1.299853
467,1616,1.302271
468,1617,1.303077
469,1609,1.296630
470,1613,1.299853
471,1613,1.299853
472,1617,1.303077
473,1613,1.299853
474,1613,1.299853
475,1617,1.303077
476,1620,1.305495
477,1613,1.299853
478,1617,1.303077
479,1617,1.303077
480,1613,1.299853
481,1616,1.302271
482,1617,1.303077
483,1613,1.299853
484,1612,1.299048
485,1612,1.299048
486,1613,1.299853
487,1609,1.296630
488,1604,1.292601
489,1621,1.306300
490,1605,1.293407
491,1613,1.299853
492,1613,1.299853
493,1616,1.302271
494,1605,1.293407
495,1613,1.299853
496,1620,1.305495
497,1617,1.303077
498,1613,1.299853
499,1609,1.296630
500,1621,1.306300
501,1621,1.306300
502,1605,1.293407
503,1609,1.296630
504,1605,1.293407
505,1620,1.305495
506,1621,1.306300
507,1612,1.299048
508,1597,1.286960
509,1612,1.299048
510,1613,1.299853
511,1605,1.293407
512,1604,1.292601
513,1612,1.299048
514,1613,1.299853
515,1604,1.292601
516,1605,1.293407
517,1612,1.299048
518,1613,1.299853
519,1605,1.293407
520,1617,1.303077
521,1617,1.303077
522,1605,1.293407
523,1605,1.293407
524,1616,1.302271
525,1620,1.305495
526,1612,1.299048
527,1612,1.299048
528,1613,1.299853
529,1609,1.296630
530,1612,1.299048
531,1612,1.299048
532,1613,1.299853
533,1617,1.303077
534,1613,1.299853
535,1621,1.306300
536,1621,1.306300
537,1621,1.306300
538,1621,1.306300
539,1616,1.302271
540,1616,1.302271
541,1617,1.303077
542,1609,1.296630
543,1605,1.293407
544,1605,1.293407
545,1605,1.293407
546,1613,1.299853
547,1617,1.303077
548,1613,1.299853
549,1613,1.299853
550,1616,1.302271
551,1617,1.303077
552,1609,1.296630
553,1609,1.296630
554,1612,1.299048
555,1612,1.299048
556,1612,1.299048
557,1609,1.296630
558,1609,1.296630
559,1612,1.299048
560,1605,1.293407
561,1609,1.296630
562,1613,1.299853
563,1609,1.296630
564,1609,1.296630
565,1612,1.299048
566,1613,1.299853
567,1612,1.299048
568,1612,1.299048
569,1609,1.296630
570,1613,1.299853
571,1612,1.299048
572,1613,1.299853
573,1612,1.299048
574,1613,1.299853
575,1612,1.299048
576,1612,1.299048
577,1612,1.299048
578,1609,1.296630
579,1605,1.293407
580,1613,1.299853
581,1613,1.299853
582,1609,1.296630
583,1612,1.299048
584,1609,1.296630
585,1605,1.293407
586,1612,1.299048
587,1605,1.293407
588,1605,1.293407
589,1604,1.292601
590,1608,1.295824
591,1605,1.293407
592,1605,1.293407
593,1605,1.293407
594,1609,1.296630
595,1612,1.299048
596,1605,1.293407
597,1609,1.296630
598,1605,1.293407
599,1605,1.293407
600,1605,1.293407
601,1609,1.296630
602,1605,1.293407
603,1605,1.293407
604,1612,1.299048
605,1609,1.296630
606,1612,1.299048
607,1613,1.299853
608,1616,1.302271
609,1617,1.303077
610,1617,1.303077
611,1620,1.305495
612,1613,1.299853
613,1609,1.296630
614,1613,1.299853
615,1605,1.293407
616,1613,1.299853
617,1617,1.303077
618,1612,1.299048
619,1620,1.305495
620,1616,1.302271
621,1612,1.299048
622,1609,1.296630
623,1612,1.299048
624,1608,1.295824
625,1612,1.299048
626,1609,1.296630
627,1612,1.299048
628,1616,1.302271
629,1616,1.302271
630,1613,1.299853
631,1612,1.299048
632,1612,1.299048
633,1617,1.303077
634,1605,1.293407
635,1613,1.299853
636,1617,1.303077
637,1616,1.302271
638,1617,1.303077
639,1613,1.299853
640,1613,1.299853
641,1616,1.302271
642,1621,1.306300
643,1621,1.306300
644,1617,1.303077
645,1621,1.306300
646,1621,1.306300
647,1621,1.306300
648,1617,1.303077
649,1616,1.302271
650,1613,1.299853
651,1621,1.306300
652,1613,1.299853
653,1609,1.296630
654,1613,1.299853
655,1617,1.303077
656,1621,1.306300
657,1617,1.303077
658,1617,1.303077
659,1612,1.299048
660,1605,1.293407
661,1616,1.302271
662,1617,1.303077
663,1620,1.305495
664,1621,1.306300
665,1616,1.302271
666,1612,1.299048
667,1617,1.303077
668,1617,1.303077
669,1617,1.303077
670,1616,1.302271
671,1621,1.306300
672,1621,1.306300
673,1617,1.303077
674,1617,1.303077
675,1621,1.306300
676,1617,1.303077
677,1617,1.303077
678,1612,1.299048
679,1613,1.299853
680,1613,1.299853
681,1617,1.303077
682,1620,1.305495
683,1617,1.303077
684,1617,1.303077
685,1625,1.309524
686,1625,1.309524
687,1620,1.305495
688,1620,1.305495
689,1625,1.309524
690,1625,1.309524
691,1625,1.309524
692,1621,1.306300
693,1628,1.311941
694,1628,1.311941
695,1617,1.303077
696,1621,1.306300
697,1621,1.306300
698,1621,1.306300
699,1621,1.306300
700,1621,1.306300
701,1621,1.306300
702,1628,1.311941
703,1629,1.312747
704,1620,1.305495
705,1628,1.311941
706,1621,1.306300
707,1625,1.309524
708,1621,1.306300
709,1629,1.312747
710,1633,1.315971
711,1629,1.312747
712,1617,1.303077
713,1629,1.312747
714,1628,1.311941
715,1629,1.312747
716,1624,1.308718
717,1625,1.309524
718,1621,1.306300
719,1620,1.305495
720,1621,1.306300
721,1621,1.306300
722,1621,1.306300
723,1621,1.306300
724,1625,1.309524
725,1625,1.309524
726,1621,1.306300
727,1621,1.306300
728,1621,1.306300
729,1621,1.306300
730,1621,1.306300
731,1628,1.311941
732,1629,1.312747
733,1637,1.319194
734,1637,1.319194
735,1633,1.315971
736,1629,1.312747
737,1621,1.306300
738,1621,1.306300
739,1620,1.305495
740,1625,1.309524
741,1621,1.306300
742,1625,1.309524
743,1625,1.309524
744,1625,1.309524
745,1625,1.309524
746,1629,1.312747
747,1621,1.306300
748,1616,1.302271
749,1629,1.312747
750,1621,1.306300
751,1625,1.309524
752,1625,1.309524
753,1628,1.311941
754,1625,1.309524
755,1620,1.305495
756,1621,1.306300
757,1629,1.312747
758,1625,1.309524
759,1629,1.312747
760,1629,1.312747
761,1629,1.312747
762,1628,1.311941
763,1629,1.312747
764,1633,1.315971
765,1629,1.312747
766,1629,1.312747
767,1625,1.309524
768,1625,1.309524
769,1629,1.312747
770,1621,1.306300
771,1628,1.311941
772,1629,1.312747
773,1629,1.312747
774,1625,1.309524
775,1621,1.306300
776,1628,1.311941
777,1621,1.306300
778,1621,1.306300
779,1629,1.312747
780,1625,1.309524
781,1629,1.312747
782,1625,1.309524
783,1629,1.312747
784,1621,1.306300
785,1625,1.309524
786,1625,1.309524
787,1629,1.312747
788,1625,1.309524
789,1625,1.309524
790,1625,1.309524
791,1625,1.309524
792,1629,1.312747
793,1629,1.312747
794,1625,1.309524
795,1629,1.312747
796,1625,1.309524
797,1625,1.309524
798,1629,1.312747
799,1637,1.319194
800,1629,1.312747
801,1629,1.312747
802,1636,1.318388
803,1637,1.319194
804,1629,1.312747
805,1628,1.311941
806,1629,1.312747
807,1641,1.322418
808,1629,1.312747
809,1628,1.311941
810,1629,1.312747
811,1625,1.309524
812,1629,1.312747
813,1633,1.315971
814,1629,1.312747
815,1631,1.314359
816,1633,1.315971
817,1631,1.314359
818,1629,1.312747
819,1628,1.311941
820,1629,1.312747
821,1629,1.312747
822,1625,1.309524
823,1637,1.319194
824,1637,1.319194
825,1637,1.319194
826,1629,1.312747
827,1631,1.314359
828,1637,1.319194
829,1637,1.319194
830,1636,1.318388
831,1637,1.319194
832,1637,1.319194
833,1637,1.319194
834,1637,1.319194
835,1637,1.319194
836,1637,1.319194
837,1636,1.318388
838,1637,1.319194
839,1641,1.322418
840,1633,1.315971
841,1637,1.319194
842,1641,1.322418
843,1641,1.322418
844,1633,1.315971
845,1645,1.325641
846,1641,1.322418
847,1645,1.325641
848,1644,1.324835
849,1645,1.325641
850,1641,1.322418
851,1641,1.322418
852,1637,1.319194
853,1637,1.319194
854,1641,1.322418
855,1637,1.319194
856,1641,1.322418
857,1645,1.325641
858,1637,1.319194
859,1641,1.322418
860,1633,1.315971
861,1637,1.319194
862,1645,1.325641
863,1641,1.322418
864,1648,1.328059
865,1636,1.318388
866,1637,1.319194
867,1637,1.319194
868,1637,1.319194
869,1636,1.318388
870,1637,1.319194
871,1633,1.315971
872,1640,1.321612
873,1637,1.319194
874,1641,1.322418
875,1629,1.312747
876,1631,1.314359
877,1641,1.322418
878,1641,1.322418
879,1637,1.319194
880,1628,1.311941
881,1637,1.319194
882,1645,1.325641
883,1633,1.315971
884,1631,1.314359
885,1641,1.322418
886,1641,1.322418
887,1649,1.328864
888,1644,1.324835
889,1648,1.328059
890,1637,1.319194
891,1637,1.319194
892,1637,1.319194
893,1633,1.315971
894,1641,1.322418
895,1637,1.319194
896,1636,1.318388
897,1641,1.322418
898,1637,1.319194
899,1653,1.332088
900,1649,1.328864
901,1637,1.319194
902,1631,1.314359
903,1652,1.331282
904,1653,1.332088
905,1641,1.322418
906,1645,1.325641
907,1648,1.328059
908,1645,1.325641
909,1645,1.325641
910,1645,1.325641
911,1644,1.324835
912,1649,1.328864
913,1645,1.325641
914,1637,1.319194
915,1641,1.322418
916,1641,1.322418
917,1645,1.325641
918,1645,1.325641
919,1637,1.319194
920,1641,1.322418
921,1641,1.322418
922,1645,1.325641
923,1637,1.319194
924,1641,1.322418
925,1648,1.328059
926,1645,1.325641
927,1637,1.319194
928,1637,1.319194
929,1645,1.325641
930,1645,1.325641
931,1629,1.312747
932,1637,1.319194
933,1644,1.324835
934,1648,1.328059
935,1653,1.332088
936,1652,1.331282
937,1653,1.332088
938,1648,1.328059
939,1653,1.332088
940,1649,1.328864
941,1649,1.328864
942,1636,1.318388
943,1628,1.311941
944,1641,1.322418
945,1652,1.331282
946,1657,1.335311
947,1657,1.335311
948,1648,1.328059
949,1649,1.328864
950,1660,1.337729
951,1660,1.337729
952,1652,1.331282
953,1649,1.328864
954,1657,1.335311
955,1661,1.338535
956,1652,1.331282
957,1653,1.332088
958,1653,1.332088
959,1648,1.328059
960,1652,1.331282
961,1657,1.335311
962,1649,1.328864
963,1641,1.322418
964,1652,1.331282
965,1644,1.324835
966,1629,1.312747
967,1641,1.322418
968,1649,1.328864
969,1652,1.331282
970,1641,1.322418
971,1653,1.332088
972,1652,1.331282
973,1653,1.332088
974,1653,1.332088
975,1652,1.331282
976,1653,1.332088
977,1653,1.332088
978,1653,1.332088
979,1649,1.328864
980,1645,1.325641
981,1645,1.325641
982,1641,1.322418
983,1648,1.328059
984,1653,1.332088
985,1653,1.332088
986,1649,1.328864
987,1661,1.338535
988,1663,1.340147
989,1657,1.335311
990,1653,1.332088
991,1653,1.332088
992,1661,1.338535
993,1652,1.331282
994,1653,1.332088
995,1657,1.335311
996,1653,1.332088
997,1653,1.332088
998,1653,1.332088
999,1649,1.328864
1000,1653,1.332088
1001,1653,1.332088
1002,1656,1.334505
1003,1663,1.340147
1004,1657,1.335311
1005,1657,1.335311
1006,1652,1.331282
1007,1661,1.338535
1008,1661,1.338535
1009,1661,1.338535
1010,1661,1.338535
1011,1653,1.332088
1012,1648,1.328059
1013,1661,1.338535
1014,1653,1.332088
1015,1653,1.332088
1016,1653,1.332088
1017,1653,1.332088
1018,1657,1.335311
1019,1648,1.328059
1020,1648,1.328059
1021,1653,1.332088
1022,1652,1.331282
1023,1661,1.338535
1024,1663,1.340147
1025,1661,1.338535
1026,1660,1.337729
1027,1660,1.337729
1028,1661,1.338535
1029,1657,1.335311
1030,1661,1.338535
1031,1660,1.337729
1032,1653,1.332088
1033,1661,1.338535
1034,1653,1.332088
1035,1653,1.332088
1036,1644,1.324835
1037,1653,1.332088
1038,1653,1.332088
1039,1648,1.328059
1040,1657,1.335311
1041,1652,1.331282
1042,1653,1.332088
1043,1653,1.332088
1044,1653,1.332088
1045,1653,1.332088
1046,1661,1.338535
1047,1657,1.335311
1048,1661,1.338535
1049,1661,1.338535
1050,1657,1.335311
1051,1653,1.332088
1052,1649,1.328864
1053,1653,1.332088
1054,1653,1.332088
1055,1649,1.328864
1056,1653,1.332088
1057,1653,1.332088
1058,1653,1.332088
1059,1653,1.332088
1060,1661,1.338535
1061,1653,1.332088
1062,1649,1.328864
1063,1653,1.332088
1064,1661,1.338535
1065,1661,1.338535
1066,1652,1.331282
1067,1661,1.338535
1068,1661,1.338535
1069,1660,1.337729
1070,1653,1.332088
1071,1649,1.328864
1072,1660,1.337729
1073,1653,1.332088
1074,1653,1.332088
1075,1660,1.337729
1076,1660,1.337729
1077,1661,1.338535
1078,1661,1.338535
1079,1657,1.335311
1080,1660,1.337729
1081,1661,1.338535
1082,1661,1.338535
1083,1663,1.340147
1084,1663,1.340147
1085,1653,1.332088
1086,1660,1.337729
1087,1653,1.332088
1088,1653,1.332088
1089,1661,1.338535
1090,1653,1.332088
1091,1653,1.332088
1092,1657,1.335311
1093,1657,1.335311
1094,1653,1.332088
1095,1657,1.335311
1096,1653,1.332088
1097,1660,1.337729
1098,1660,1.337729
1099,1660,1.337729
1100,1657,1.335311
1101,1653,1.332088
1102,1660,1.337729
1103,1661,1.338535
1104,1660,1.337729
1105,1657,1.335311
1106,1653,1.332088
1107,1661,1.338535
1108,1661,1.338535
1109,1653,1.332088
1110,1660,1.337729
1111,1663,1.340147
1112,1661,1.338535
1113,1661,1.338535
1114,1661,1.338535
1115,1669,1.344982
1116,1657,1.335311
1117,1653,1.332088
1118,1661,1.338535
1119,1652,1.331282
1120,1657,1.335311
1121,1663,1.340147
1122,1663,1.340147
1123,1661,1.338535
1124,1661,1.338535
1125,1669,1.344982
1126,1663,1.340147
1127,1660,1.337729
1128,1657,1.335311
1129,1661,1.338535
1130,1663,1.340147
1131,1663,1.340147
1132,1663,1.340147
1133,1657,1.335311
1134,1661,1.338535
1135,1663,1.340147
1136,1660,1.337729
1137,1660,1.337729
1138,1657,1.335311
1139,1657,1.335311
1140,1663,1.340147
1141,1663,1.340147
1142,1661,1.338535
1143,1661,1.338535
1144,1652,1.331282
1145,1653,1.332088
1146,1663,1.340147
1147,1663,1.340147
1148,1661,1.338535
1149,1673,1.348205
1150,1677,1.351429
1151,1685,1.357875
1152,1673,1.348205
1153,1673,1.348205
1154,1681,1.354652
1155,1677,1.351429
1156,1663,1.340147
1157,1669,1.344982
1158,1669,1.344982
1159,1663,1.340147
1160,1661,1.338535
1161,1661,1.338535
1162,1669,1.344982
1163,1661,1.338535
1164,1661,1.338535
1165,1676,1.350623
1166,1680,1.353846
1167,1663,1.340147
1168,1673,1.348205
1169,1677,1.351429
1170,1661,1.338535
1171,1660,1.337729
1172,1661,1.338535
1173,1657,1.335311
1174,1661,1.338535
1175,1663,1.340147
1176,1657,1.335311
1177,1661,1.338535
1178,1661,1.338535
1179,1669,1.344982
1180,1661,1.338535
1181,1653,1.332088
1182,1660,1.337729
1183,1669,1.344982
1184,1657,1.335311
1185,1661,1.338535
1186,1660,1.337729
1187,1669,1.344982
1188,1661,1.338535
1189,1661,1.338535
1190,1663,1.340147
1191,1657,1.335311
1192,1657,1.335311
1193,1669,1.344982
1194,1669,1.344982
1195,1661,1.338535
1196,1653,1.332088
1197,1653,1.332088
1198,1657,1.335311
1199,1660,1.337729
1200,1663,1.340147
1201,1661,1.338535
1202,1649,1.328864
1203,1660,1.337729
1204,1663,1.340147
1205,1661,1.338535
1206,1660,1.337729
1207,1673,1.348205
1208,1676,1.350623
1209,1673,1.348205
1210,1676,1.350623
1211,1685,1.357875
1212,1681,1.354652
1213,1663,1.340147
1214,1663,1.340147
1215,1663,1.340147
1216,1673,1.348205
1217,1661,1.338535
1218,1669,1.344982
1219,1663,1.340147
1220,1663,1.340147
1221,1660,1.337729
1222,1653,1.332088
1223,1657,1.335311
1224,1663,1.340147
1225,1660,1.337729
1226,1663,1.340147
1227,1663,1.340147
1228,1663,1.340147
1229,1657,1.335311
1230,1661,1.338535
1231,1660,1.337729
1232,1663,1.340147
1233,1660,1.337729
1234,1661,1.338535
1235,1661,1.338535
1236,1657,1.335311
1237,1661,1.338535
1238,1660,1.337729
1239,1663,1.340147
1240,1653,1.332088
1241,1661,1.338535
1242,1661,1.338535
1243,1661,1.338535
1244,1657,1.335311
1245,1661,1.338535
1246,1663,1.340147
1247,1661,1.338535
1248,1661,1.338535
1249,1663,1.340147
1250,1661,1.338535
1251,1653,1.332088
1252,1653,1.332088
1253,1653,1.332088
1254,1661,1.338535
1255,1657,1.335311
1256,1653,1.332088
1257,1661,1.338535
1258,1661,1.338535
1259,1661,1.338535
1260,1657,1.335311
1261,1660,1.337729
1262,1660,1.337729
1263,1653,1.332088
1264,1663,1.340147
1265,1661,1.338535
1266,1661,1.338535
1267,1663,1.340147
1268,1661,1.338535
1269,1653,1.332088
1270,1660,1.337729
1271,1661,1.338535
1272,1648,1.328059
1273,1653,1.332088
1274,1653,1.332088
1275,1660,1.337729
1276,1660,1.337729
1277,1649,1.328864
1278,1653,1.332088
1279,1653,1.332088
1280,1653,1.332088
1281,1653,1.332088
1282,1661,1.338535
1283,1663,1.340147
1284,1660,1.337729
1285,1663,1.340147
1286,1669,1.344982
1287,1661,1.338535
1288,1653,1.332088
1289,1653,1.332088
1290,1657,1.335311
1291,1660,1.337729
1292,1649,1.328864
1293,1653,1.332088
1294,1653,1.332088
1295,1663,1.340147
1296,1660,1.337729
1297,1653,1.332088
1298,1653,1.332088
1299,1652,1.331282
1300,1657,1.335311
1301,1657,1.335311
1302,1649,1.328864
1303,1657,1.335311
1304,1657,1.335311
1305,1653,1.332088
1306,1649,1.328864
1307,1657,1.335311
1308,1652,1.331282
1309,1653,1.332088
1310,1649,1.328864
1311,1653,1.332088
1312,1653,1.332088
1313,1657,1.335311
1314,1649,1.328864
1315,1661,1.338535
1316,1652,1.331282
1317,1652,1.331282
1318,1653,1.332088
1319,1649,1.328864
1320,1645,1.325641
1321,1652,1.331282
1322,1649,1.328864
1323,1657,1.335311
1324,1649,1.328864
1325,1652,1.331282
1326,1649,1.328864
1327,1645,1.325641
1328,1641,1.322418
1329,1645,1.325641
1330,1644,1.324835
1331,1645,1.325641
1332,1641,1.322418
1333,1644,1.324835
1334,1641,1.322418
1335,1641,1.322418
1336,1637,1.319194
1337,1641,1.322418
1338,1637,1.319194
1339,1641,1.322418
1340,1641,1.322418
1341,1645,1.325641
1342,1637,1.319194
1343,1644,1.324835
1344,1645,1.325641
1345,1641,1.322418
1346,1629,1.312747
1347,1636,1.318388
1348,1637,1.319194
1349,1641,1.322418
1350,1633,1.315971
1351,1637,1.319194
1352,1637,1.319194
1353,1631,1.314359
1354,1633,1.315971
1355,1637,1.319194
1356,1644,1.324835
1357,1636,1.318388
1358,1629,1.312747
1359,1633,1.315971
1360,1629,1.312747
1361,1629,1.312747
1362,1629,1.312747
1363,1628,1.311941
1364,1631,1.314359
1365,1628,1.311941
1366,1628,1.311941
1367,1629,1.312747
1368,1629,1.312747
1369,1628,1.311941
1370,1629,1.312747
1371,1629,1.312747
1372,1628,1.311941
1373,1628,1.311941
1374,1628,1.311941
1375,1636,1.318388
1376,1629,1.312747
1377,1629,1.312747
1378,1625,1.309524
1379,1629,1.312747
1380,1629,1.312747
1381,1629,1.312747
1382,1621,1.306300
1383,1621,1.306300
1384,1621,1.306300
1385,1617,1.303077
1386,1620,1.305495
1387,1617,1.303077
1388,1620,1.305495
1389,1617,1.303077
1390,1620,1.305495
1391,1617,1.303077
1392,1620,1.305495
1393,1617,1.303077
1394,1612,1.299048
1395,1617,1.303077
1396,1620,1.305495
1397,1613,1.299853
1398,1620,1.305495
1399,1613,1.299853
1400,1617,1.303077
1401,1616,1.302271
1402,1612,1.299048
1403,1612,1.299048
1404,1620,1.305495
1405,1620,1.305495
1406,1613,1.299853
1407,1605,1.293407
1408,1609,1.296630
1409,1616,1.302271
1410,1609,1.296630
1411,1609,1.296630
1412,1605,1.293407
1413,1609,1.296630
1414,1605,1.293407
1415,1605,1.293407
1416,1605,1.293407
1417,1604,1.292601
1418,1597,1.286960
1419,1605,1.293407
1420,1605,1.293407
1421,1604,1.292601
1422,1604,1.292601
1423,1604,1.292601
1424,1604,1.292601
1425,1597,1.286960
1426,1604,1.292601
1427,1597,1.286960
1428,1601,1.290183
1429,1597,1.286960
1430,1597,1.286960
1431,1601,1.290183
1432,1601,1.290183
1433,1596,1.286154
1434,1596,1.286154
1435,1593,1.283736
1436,1593,1.283736
1437,1593,1.283736
1438,1585,1.277289
1439,1589,1.280513
1440,1597,1.286960
1441,1596,1.286154
1442,1589,1.280513
1443,1593,1.283736
1444,1589,1.280513
1445,1593,1.283736
1446,1589,1.280513
1447,1589,1.280513
1448,1588,1.279707
1449,1588,1.279707
1450,1589,1.280513
1451,1588,1.279707
1452,1588,1.279707
1453,1588,1.279707
1454,1589,1.280513
1455,1584,1.276484
1456,1584,1.276484
1457,1584,1.276484
1458,1584,1.276484
1459,1581,1.274066
1460,1584,1.276484
1461,1585,1.277289
1462,1581,1.274066
1463,1581,1.274066
1464,1580,1.273260
1465,1580,1.273260
1466,1581,1.274066
1467,1580,1.273260
1468,1573,1.267619
1469,1573,1.267619
1470,1580,1.273260
1471,1573,1.267619
1472,1573,1.267619
1473,1573,1.267619
1474,1577,1.270842
1475,1573,1.267619
1476,1577,1.270842
1477,1573,1.267619
1478,1577,1.270842
1479,1572,1.266813
1480,1573,1.267619
1481,1567,1.262784
1482,1573,1.267619
1483,1567,1.262784
1484,1567,1.262784
1485,1567,1.262784
1486,1565,1.261172
1487,1565,1.261172
1488,1564,1.260366
1489,1565,1.261172
1490,1561,1.257949
1491,1564,1.260366
1492,1564,1.260366
1493,1561,1.257949
1494,1565,1.261172
1495,1561,1.257949
1496,1565,1.261172
1497,1564,1.260366
1498,1564,1.260366
1499,1565,1.261172
1500,1565,1.261172
1501,1565,1.261172
1502,1565,1.261172
1503,1565,1.261172
1504,1564,1.260366
1505,1561,1.257949
1506,1561,1.257949
1507,1561,1.257949
1508,1561,1.257949
1509,1557,1.254725
1510,1557,1.254725
1511,1561,1.257949
1512,1557,1.254725
1513,1556,1.253919
1514,1557,1.254725
1515,1556,1.253919
1516,1557,1.254725
1517,1553,1.251502
1518,1556,1.253919
1519,1553,1.251502
1520,1556,1.253919
1521,1556,1.253919
1522,1556,1.253919
1523,1553,1.251502
1524,1553,1.251502
1525,1553,1.251502
1526,1556,1.253919
1527,1556,1.253919
1528,1553,1.251502
1529,1552,1.250696
1530,1552,1.250696
1531,1552,1.250696
1532,1552,1.250696
1533,1552,1.250696
1534,1549,1.248278
1535,1549,1.248278
1536,1549,1.248278
1537,1548,1.247473
1538,1548,1.247473
1539,1545,1.245055
1540,1548,1.247473
1541,1541,1.241832
1542,1545,1.245055
1543,1545,1.245055
1544,1541,1.241832
1545,1541,1.241832
1546,1541,1.241832
1547,1541,1.241832
1548,1541,1.241832
1549,1541,1.241832
1550,1541,1.241832
1551,1540,1.241026
1552,1537,1.238608
1553,1540,1.241026
1554,1537,1.238608
1555,1537,1.238608
1556,1537,1.238608
1557,1537,1.238608
1558,1537,1.238608
1559,1536,1.237802
1560,1536,1.237802
1561,1536,1.237802
1562,1532,1.234579
1563,1533,1.235385
1564,1536,1.237802
1565,1533,1.235385
1566,1536,1.237802
1567,1536,1.237802
1568,1536,1.237802
1569,1536,1.237802
1570,1536,1.237802
1571,1536,1.237802
1572,1536,1.237802
1573,1536,1.237802
1574,1536,1.237802
1575,1536,1.237802
1576,1536,1.237802
1577,1532,1.234579
1578,1532,1.234579
1579,1529,1.232161
1580,1529,1.232161
1581,1529,1.232161
1582,1525,1.228938
1583,1525,1.228938
1584,1524,1.228132
1585,1524,1.228132
1586,1525,1.228938
1587,1521,1.225714
1588,1521,1.225714
1589,1521,1.225714
1590,1517,1.222491
1591,1520,1.224908
1592,1517,1.222491
1593,1517,1.222491
1594,1517,1.222491
1595,1516,1.221685
1596,1517,1.222491
1597,1517,1.222491
1598,1516,1.221685
1599,1516,1.221685
1600,1513,1.219267
1601,1513,1.219267
1602,1513,1.219267
1603,1509,1.216044
1604,1509,1.216044
1605,1509,1.216044
1606,1509,1.216044
1607,1509,1.216044
1608,1511,1.217656
1609,1516,1.221685
1610,1516,1.221685
1611,1509,1.216044
1612,1509,1.216044
1613,1509,1.216044
1614,1509,1.216044
1615,1509,1.216044
1616,1508,1.215238
1617,1509,1.216044
1618,1509,1.216044
1619,1509,1.216044
1620,1509,1.216044
1621,1509,1.216044
1622,1509,1.216044
1623,1509,1.216044
1624,1509,1.216044
1625,1509,1.216044
1626,1509,1.216044
1627,1509,1.216044
1628,1509,1.216044
1629,1509,1.216044
1630,1509,1.216044
1631,1509,1.216044
1632,1509,1.216044
1633,1509,1.216044
1634,1509,1.216044
1635,1509,1.216044
1636,1509,1.216044
1637,1509,1.216044
1638,1508,1.215238
1639,1508,1.215238
1640,1508,1.215238
1641,1505,1.212821
1642,1505,1.212821
1643,1505,1.212821
1644,1505,1.212821
1645,1503,1.211209
1646,1505,1.212821
1647,1503,1.211209
1648,1503,1.211209
1649,1501,1.209597
1650,1501,1.209597
1651,1501,1.209597
1652,1501,1.209597
1653,1501,1.209597
1654,1501,1.209597
1655,1501,1.209597
1656,1501,1.209597
1657,1501,1.209597
1658,1501,1.209597
1659,1501,1.209597
1660,1503,1.211209
1661,1501,1.209597
1662,1503,1.211209
1663,1503,1.211209
1664,1505,1.212821
1665,1505,1.212821
1666,1508,1.215238
1667,1509,1.216044
1668,1509,1.216044
1669,1509,1.216044
1670,1509,1.216044
1671,1509,1.216044
1672,1509,1.216044
1673,1509,1.216044
1674,1509,1.216044
1675,1509,1.216044
1676,1509,1.216044
1677,1509,1.216044
1678,1509,1.216044
1679,1509,1.216044
1680,1509,1.216044
1681,1509,1.216044
1682,1513,1.219267
1683,1509,1.216044
1684,1509,1.216044
1685,1509,1.216044
1686,1513,1.219267
1687,1509,1.216044
1688,1509,1.216044
1689,1509,1.216044
1690,1513,1.219267
1691,1509,1.216044
1692,1509,1.216044
1693,1509,1.216044
1694,1509,1.216044
1695,1509,1.216044
1696,1509,1.216044
1697,1509,1.216044
1698,1509,1.216044
1699,1509,1.216044
1700,1509,1.216044
1701,1509,1.216044
1702,1509,1.216044
1703,1509,1.216044
1704,1509,1.216044
1705,1509,1.216044
1706,1509,1.216044
1707,1509,1.216044
1708,1509,1.216044
1709,1508,1.215238
1710,1509,1.216044
1711,1509,1.216044
1712,1509,1.216044
1713,1508,1.215238
1714,1508,1.215238
1715,1505,1.212821
1716,1505,1.212821
1717,1505,1.212821
1718,1505,1.212821
1719,1508,1.215238
1720,1503,1.211209
1721,1505,1.212821
1722,1503,1.211209
1723,1503,1.211209
1724,1505,1.212821
1725,1505,1.212821
1726,1505,1.212821
1727,1505,1.212821
1728,1503,1.211209
1729,1501,1.209597
1730,1501,1.209597
1731,1501,1.209597
1732,1501,1.209597
1733,1501,1.209597
1734,1501,1.209597
1735,1501,1.209597
1736,1501,1.209597
1737,1501,1.209597
1738,1501,1.209597
1739,1501,1.209597
1740,1501,1.209597
1741,1501,1.209597
1742,1501,1.209597
1743,1501,1.209597
1744,1501,1.209597
1745,1501,1.209597
1746,1501,1.209597
1747,1501,1.209597
1748,1501,1.209597
1749,1500,1.208791
1750,1500,1.208791
1751,1500,1.208791
1752,1500,1.208791
1753,1497,1.206374
1754,1500,1.208791
1755,1497,1.206374
1756,1497,1.206374
1757,1497,1.206374
1758,1497,1.206374
1759,1497,1.206374
1760,1497,1.206374
1761,1497,1.206374
1762,1497,1.206374
1763,1500,1.208791
1764,1500,1.208791
1765,1500,1.208791
1766,1500,1.208791
1767,1500,1.208791
1768,1501,1.209597
1769,1501,1.209597
1770,1501,1.209597
1771,1500,1.208791
1772,1500,1.208791
1773,1500,1.208791
1774,1500,1.208791
1775,1497,1.206374
1776,1497,1.206374
1777,1497,1.206374
1778,1497,1.206374
1779,1497,1.206374
1780,1497,1.206374
1781,1497,1.206374
1782,1500,1.208791
1783,1497,1.206374
1784,1497,1.206374
1785,1497,1.206374
1786,1497,1.206374
1787,1497,1.206374
1788,1497,1.206374
1789,1497,1.206374
1790,1497,1.206374
1791,1497,1.206374
1792,1497,1.206374
1793,1497,1.206374
1794,1496,1.205568
1795,1497,1.206374
1796,1497,1.206374
1797,1497,1.206374
1798,1497,1.206374
1799,1497,1.206374
1800,1497,1.206374
1801,1497,1.206374
1802,1497,1.206374
1803,1497,1.206374
1804,1497,1.206374
1805,1497,1.206374
1806,1497,1.206374
1807,1497,1.206374
1808,1497,1.206374
1809,1497,1.206374
1810,1497,1.206374
1811,1497,1.206374
1812,1497,1.206374
1813,1497,1.206374
1814,1497,1.206374
1815,1497,1.206374
1816,1497,1.206374
1817,1500,1.208791
1818,1497,1.206374
1819,1497,1.206374
1820,1500,1.208791
1821,1497,1.206374
1822,1500,1.208791
1823,1497,1.206374
1824,1500,1.208791
1825,1500,1.208791
1826,1500,1.208791
1827,1500,1.208791
1828,1500,1.208791
1829,1500,1.208791
1830,1497,1.206374
1831,1500,1.208791
1832,1500,1.208791
1833,1501,1.209597
1834,1500,1.208791
1835,1500,1.208791
1836,1500,1.208791
1837,1500,1.208791
1838,1500,1.208791
1839,1500,1.208791
1840,1500,1.208791
1841,1500,1.208791
1842,1500,1.208791
1843,1500,1.208791
1844,1497,1.206374
1845,1497,1.206374
1846,1497,1.206374
1847,1500,1.208791
1848,1500,1.208791
1849,1500,1.208791
1850,1497,1.206374
1851,1500,1.208791
1852,1500,1.208791
1853,1500,1.208791
1854,1500,1.208791
1855,1500,1.208791
1856,1500,1.208791
1857,1500,1.208791
1858,1500,1.208791
1859,1500,1.208791
1860,1500,1.208791
1861,1500,1.208791
1862,1501,1.209597
1863,1500,1.208791
1864,1501,1.209597
1865,1500,1.208791
1866,1500,1.208791
1867,1501,1.209597
1868,1501,1.209597
1869,1501,1.209597
1870,1501,1.209597
1871,1501,1.209597
1872,1501,1.209597
1873,1501,1.209597
1874,1501,1.209597
1875,1501,1.209597
1876,1501,1.209597
1877,1501,1.209597
1878,1501,1.209597
1879,1501,1.209597
1880,1501,1.209597
1881,1501,1.209597
1882,1501,1.209597
1883,1501,1.209597
1884,1501,1.209597
1885,1501,1.209597
1886,1501,1.209597
1887,1501,1.209597
1888,1501,1.209597
1889,1501,1.209597
1890,1501,1.209597
1891,1501,1.209597
1892,1503,1.211209
1893,1501,1.209597
1894,1505,1.212821
1895,1508,1.215238
1896,1505,1.212821
1897,1508,1.215238
1898,1508,1.215238
1899,1508,1.215238
1900,1508,1.215238
1901,1509,1.216044
1902,1509,1.216044
1903,1509,1.216044
1904,1509,1.216044
1905,1509,1.216044
1906,1513,1.219267
1907,1509,1.216044
1908,1513,1.219267
1909,1513,1.219267
1910,1513,1.219267
1911,1513,1.219267
1912,1513,1.219267
1913,1513,1.219267
1914,1513,1.219267
1915,1516,1.221685
1916,1516,1.221685
1917,1517,1.222491
1918,1517,1.222491
1919,1517,1.222491
1920,1517,1.222491
1921,1517,1.222491
1922,1520,1.224908
1923,1521,1.225714
1924,1521,1.225714
1925,1521,1.225714
1926,1524,1.228132
1927,1524,1.228132
1928,1524,1.228132
1929,1525,1.228938
1930,1525,1.228938
1931,1525,1.228938
1932,1529,1.232161
1933,1525,1.228938
1934,1529,1.232161
1935,1532,1.234579
1936,1532,1.234579
1937,1532,1.234579
1938,1536,1.237802
1939,1536,1.237802
1940,1537,1.238608
1941,1537,1.238608
1942,1540,1.241026
1943,1541,1.241832
1944,1541,1.241832
1945,1541,1.241832
1946,1545,1.245055
1947,1545,1.245055
1948,1545,1.245055
1949,1545,1.245055
1950,1548,1.247473
1951,1549,1.248278
1952,1549,1.248278
1953,1549,1.248278
1954,1552,1.250696
1955,1553,1.251502
1956,1557,1.254725
1957,1556,1.253919
1958,1556,1.253919
1959,1557,1.254725
1960,1561,1.257949
1961,1557,1.254725
1962,1560,1.257143
1963,1564,1.260366
1964,1564,1.260366
1965,1565,1.261172
1966,1565,1.261172
1967,1572,1.266813
1968,1567,1.262784
1969,1567,1.262784
1970,1573,1.267619
1971,1572,1.266813
1972,1572,1.266813
1973,1573,1.267619
1974,1577,1.270842
1975,1577,1.270842
1976,1580,1.273260
1977,1577,1.270842
1978,1581,1.274066
1979,1584,1.276484
1980,1584,1.276484
1981,1585,1.277289
1982,1588,1.279707
1983,1588,1.279707
1984,1593,1.283736
1985,1589,1.280513
1986,1589,1.280513
1987,1593,1.283736
1988,1593,1.283736
1989,1597,1.286960
1990,1597,1.286960
1991,1597,1.286960
1992,1597,1.286960
1993,1597,1.286960
1994,1604,1.292601
1995,1605,1.293407
1996,1605,1.293407
1997,1609,1.296630
1998,1609,1.296630
1999,1605,1.293407
2000,1609,1.296630
2001,1609,1.296630
2002,1612,1.299048
2003,1605,1.293407
2004,1617,1.303077
2005,1617,1.303077
2006,1617,1.303077
2007,1620,1.305495
2008,1620,1.305495
2009,1621,1.306300
2010,1621,1.306300
2011,1620,1.305495
2012,1621,1.306300
2013,1621,1.306300
2014,1625,1.309524
2015,1625,1.309524
2016,1629,1.312747
2017,1629,1.312747
2018,1629,1.312747
2019,1629,1.312747
2020,1629,1.312747
2021,1636,1.318388
2022,1637,1.319194
2023,1629,1.312747
2024,1637,1.319194
2025,1637,1.319194
2026,1644,1.324835
2027,1637,1.319194
2028,1644,1.324835
2029,1644,1.324835
2030,1637,1.319194
2031,1644,1.324835
2032,1645,1.325641
2033,1641,1.322418
2034,1645,1.325641
2035,1652,1.331282
2036,1644,1.324835
2037,1644,1.324835
2038,1645,1.325641
2039,1645,1.325641
2040,1649,1.328864
2041,1644,1.324835
2042,1645,1.325641
2043,1645,1.325641
2044,1649,1.328864
2045,1652,1.331282
2046,1652,1.331282
2047,1645,1.325641
2048,1645,1.325641
2049,1645,1.325641
2050,1645,1.325641
2051,1645,1.325641
2052,1645,1.325641
2053,1637,1.319194
2054,1648,1.328059
2055,1649,1.328864
2056,1644,1.324835
2057,1645,1.325641
2058,1648,1.328059
2059,1641,1.322418
2060,1637,1.319194
2061,1637,1.319194
2062,1636,1.318388
2063,1637,1.319194
2064,1636,1.318388
2065,1633,1.315971
2066,1629,1.312747
2067,1631,1.314359
2068,1633,1.315971
2069,1625,1.309524
2070,1629,1.312747
2071,1625,1.309524
2072,1617,1.303077
2073,1621,1.306300
2074,1617,1.303077
2075,1613,1.299853
2076,1613,1.299853
2077,1609,1.296630
2078,1605,1.293407
2079,1597,1.286960
2080,1601,1.290183
2081,1597,1.286960
2082,1597,1.286960
2083,1596,1.286154
2084,1589,1.280513
2085,1589,1.280513
2086,1585,1.277289
2087,1581,1.274066
2088,1581,1.274066
2089,1577,1.270842
2090,1577,1.270842
2091,1572,1.266813
2092,1572,1.266813
2093,1567,1.262784
2094,1564,1.260366
2095,1561,1.257949
2096,1557,1.254725
2097,1553,1.251502
2098,1552,1.250696
2099,1548,1.247473
2100,1545,1.245055
2101,1545,1.245055
2102,1541,1.241832
2103,1537,1.238608
2104,1537,1.238608
2105,1536,1.237802
2106,1533,1.235385
2107,1529,1.232161
2108,1525,1.228938
2109,1524,1.228132
2110,1521,1.225714
2111,1520,1.224908
2112,1517,1.222491
2113,1513,1.219267
2114,1513,1.219267
2115,1509,1.216044
2116,1509,1.216044
2117,1508,1.215238
2118,1503,1.211209
2119,1501,1.209597
2120,1501,1.209597
2121,1500,1.208791
2122,1500,1.208791
2123,1500,1.208791
2124,1495,1.204762
2125,1493,1.203150
2126,1493,1.203150
2127,1493,1.203150
2128,1493,1.203150
2129,1492,1.202344
2130,1492,1.202344
2131,1492,1.202344
2132,1489,1.199927
2133,1489,1.199927
2134,1489,1.199927
2135,1489,1.199927
2136,1485,1.196703
2137,1488,1.199121
2138,1485,1.196703
2139,1485,1.196703
2140,1485,1.196703
2141,1485,1.196703
2142,1484,1.195897
2143,1484,1.195897
2144,1481,1.193480
2145,1484,1.195897
2146,1484,1.195897
2147,1484,1.195897
2148,1481,1.193480
2149,1481,1.193480
2150,1481,1.193480
2151,1481,1.193480
2152,1477,1.190256
2153,1477,1.190256
2154,1477,1.190256
2155,1477,1.190256
2156,1477,1.190256
2157,1477,1.190256
2158,1477,1.190256
2159,1477,1.190256
2160,1477,1.190256
2161,1477,1.190256
2162,1477,1.190256
2163,1477,1.190256
2164,1477,1.190256
2165,1477,1.190256
2166,1476,1.189451
2167,1477,1.190256
2168,1476,1.189451
2169,1476,1.189451
2170,1476,1.189451
2171,1476,1.189451
2172,1476,1.189451
2173,1476,1.189451
2174,1476,1.189451
2175,1476,1.189451
2176,1473,1.187033
2177,1476,1.189451
2178,1473,1.187033
2179,1473,1.187033
2180,1473,1.187033
2181,1473,1.187033
2182,1473,1.187033
2183,1473,1.187033
2184,1473,1.187033
2185,1473,1.187033
2186,1472,1.186227
2187,1473,1.187033
2188,1472,1.186227
2189,1473,1.187033
2190,1472,1.186227
2191,1473,1.187033
2192,1472,1.186227
2193,1473,1.187033
2194,1469,1.183810
2195,1472,1.186227
2196,1472,1.186227
2197,1472,1.186227
2198,1472,1.186227
2199,1472,1.186227
2200,1469,1.183810
2201,1469,1.183810
2202,1469,1.183810
2203,1469,1.183810
2204,1469,1.183810
2205,1469,1.183810
2206,1469,1.183810
2207,1469,1.183810
2208,1469,1.183810
2209,1469,1.183810
2210,1469,1.183810
2211,1469,1.183810
2212,1469,1.183810
2213,1469,1.183810
2214,1469,1.183810
2215,1469,1.183810
2216,1469,1.183810
2217,1469,1.183810
2218,1468,1.183004
2219,1469,1.183810
2220,1468,1.183004
2221,1469,1.183810
2222,1468,1.183004
2223,1468,1.183004
2224,1468,1.183004
2225,1468,1.183004
2226,1468,1.183004
2227,1469,1.183810
2228,1468,1.183004
2229,1468,1.183004
2230,1468,1.183004
2231,1468,1.183004
2232,1465,1.180586
2233,1468,1.183004
2234,1468,1.183004
2235,1468,1.183004
2236,1465,1.180586
2237,1468,1.183004
2238,1492,1.202344
2239,1497,1.206374
2240,1609,1.296630
2241,1621,1.306300
2242,1628,1.311941
2243,1636,1.318388
2244,1641,1.322418
2245,1653,1.332088
2246,1661,1.338535
2247,1663,1.340147
2248,1681,1.354652
2249,1689,1.361099
2250,1705,1.373993
2251,1713,1.380440
2252,1725,1.390110
2253,1733,1.396557
2254,1745,1.406227
2255,1757,1.415897
2256,1757,1.415897
2257,1776,1.431209
2258,1792,1.444103
2259,1797,1.448132
2260,1796,1.447326
2261,1813,1.461026
2262,1836,1.479560
2263,1829,1.473919
2264,1853,1.493260
2265,1861,1.499707
2266,1873,1.509377
2267,1885,1.519048
2268,1897,1.528718
2269,1901,1.531941
2270,1913,1.541612
2271,1909,1.538388
2272,1924,1.550476
2273,1941,1.564176
2274,1941,1.564176
2275,1932,1.556923
2276,1956,1.576264
2277,1965,1.583516
2278,1961,1.580293
2279,1984,1.598828
2280,1989,1.602857
2281,1989,1.602857
2282,1989,1.602857
2283,2001,1.612527
2284,2021,1.628645
2285,2036,1.640733
2286,2021,1.628645
2287,2049,1.651209
2288,2048,1.650403
2289,2044,1.647179
2290,2053,1.654432
2291,2073,1.670549
2292,2081,1.676996
2293,2077,1.673773
2294,2089,1.683443
2295,2101,1.693114
2296,2089,1.683443
2297,2092,1.685861
2298,2101,1.693114
2299,2113,1.702784
2300,2113,1.702784
2301,2128,1.714872
2302,2141,1.725348
2303,2141,1.725348
2304,2145,1.728571
2305,2141,1.725348
2306,2149,1.731795
2307,2149,1.731795
2308,2161,1.741465
2309,2161,1.741465
2310,2160,1.740659
2311,2165,1.744689
2312,2161,1.741465
2313,2169,1.747912
2314,2161,1.741465
2315,2192,1.766447
2316,2197,1.770476
2317,2175,1.752747
2318,2185,1.760806
2319,2189,1.764029
2320,2205,1.776923
2321,2201,1.773700
2322,2201,1.773700
2323,2205,1.776923
2324,2205,1.776923
2325,2205,1.776923
2326,2213,1.783370
2327,2213,1.783370
2328,2229,1.796264
2329,2220,1.789011
2330,2228,1.795458
2331,2229,1.796264
2332,2228,1.795458
2333,2225,1.793040
2334,2241,1.805934
2335,2241,1.805934
2336,2245,1.809158
2337,2236,1.801905
2338,2244,1.808352
2339,2253,1.815604
2340,2253,1.815604
2341,2249,1.812381
2342,2241,1.805934
2343,2261,1.822051
2344,2252,1.814799
2345,2261,1.822051
2346,2257,1.818828
2347,2253,1.815604
2348,2261,1.822051
2349,2261,1.822051
2350,2252,1.814799
2351,2261,1.822051
2352,2261,1.822051
2353,2256,1.818022
2354,2261,1.822051
2355,2256,1.818022
2356,2261,1.822051
2357,2269,1.828498
2358,2269,1.828498
2359,2269,1.828498
2360,2277,1.834945
2361,2269,1.828498
2362,2288,1.843810
2363,2281,1.838168
2364,2261,1.822051
2365,2268,1.827692
2366,2265,1.825275
2367,2269,1.828498
2368,2261,1.822051
2369,2277,1.834945
2370,2273,1.831722
2371,2277,1.834945
2372,2269,1.828498
2373,2292,1.847033
2374,2269,1.828498
2375,2292,1.847033
2376,2281,1.838168
2377,2288,1.843810
2378,2289,1.844615
2379,2284,1.840586
2380,2288,1.843810
2381,2285,1.841392
2382,2297,1.851062
2383,2269,1.828498
2384,2305,1.857509
2385,2293,1.847839
2386,2281,1.838168
2387,2284,1.840586
2388,2293,1.847839
2389,2297,1.851062
2390,2297,1.851062
2391,2289,1.844615
2392,2293,1.847839
2393,2289,1.844615
2394,2297,1.851062
2395,2297,1.851062
2396,2277,1.834945
2397,2293,1.847839
2398,2305,1.857509
2399,2284,1.840586
2400,2301,1.854286
2401,2289,1.844615
2402,2289,1.844615
2403,2293,1.847839
2404,2293,1.847839
2405,2289,1.844615
2406,2304,1.856703
2407,2297,1.851062
2408,2300,1.853480
2409,2305,1.857509
2410,2289,1.844615
2411,2305,1.857509
2412,2297,1.851062
2413,2293,1.847839
2414,2297,1.851062
2415,2297,1.851062
2416,2288,1.843810
2417,2309,1.860733
2418,2292,1.847033
2419,2305,1.857509
2420,2289,1.844615
2421,2301,1.854286
2422,2297,1.851062
2423,2288,1.843810
2424,2309,1.860733
2425,2309,1.860733
2426,2305,1.857509
2427,2305,1.857509
2428,2320,1.869597
2429,2308,1.859927
2430,2309,1.860733
2431,2300,1.853480
2432,2301,1.854286
2433,2313,1.863956
2434,2316,1.866374
2435,2305,1.857509
2436,2301,1.854286
2437,2309,1.860733
2438,2297,1.851062
2439,2305,1.857509
2440,2308,1.859927
2441,2305,1.857509
2442,2309,1.860733
2443,2320,1.869597
2444,2300,1.853480
2445,2325,1.873626
2446,2313,1.863956
2447,2308,1.859927
2448,2317,1.867179
2449,2321,1.870403
2450,2305,1.857509
2451,2309,1.860733
2452,2301,1.854286
2453,2301,1.854286
2454,2325,1.873626
2455,2317,1.867179
2456,2316,1.866374
2457,2316,1.866374
2458,2309,1.860733
2459,2309,1.860733
2460,2309,1.860733
2461,2305,1.857509
2462,2309,1.860733
2463,2305,1.857509
2464,2313,1.863956
2465,2309,1.860733
2466,2325,1.873626
2467,2321,1.870403
2468,2320,1.869597
2469,2325,1.873626
2470,2316,1.866374
2471,2321,1.870403
2472,2325,1.873626
2473,2313,1.863956
2474,2325,1.873626
2475,2325,1.873626
2476,2341,1.886520
2477,2325,1.873626
2478,2341,1.886520
2479,2329,1.876850
2480,2333,1.880073
2481,2333,1.880073
2482,2341,1.886520
2483,2329,1.876850
2484,2324,1.872821
2485,2329,1.876850
2486,2316,1.866374
2487,2313,1.863956
2488,2313,1.863956
2489,2320,1.869597
2490,2316,1.866374
2491,2332,1.879267
2492,2325,1.873626
2493,2324,1.872821
2494,2329,1.876850
2495,2325,1.873626
2496,2329,1.876850
2497,2317,1.867179
2498,2325,1.873626
2499,2332,1.879267
2500,2332,1.879267
2501,2329,1.876850
2502,2321,1.870403
2503,2321,1.870403
2504,2325,1.873626
2505,2321,1.870403
2506,2321,1.870403
2507,2325,1.873626
2508,2316,1.866374
2509,2325,1.873626
2510,2333,1.880073
2511,2325,1.873626
2512,2325,1.873626
2513,2333,1.880073
2514,2325,1.873626
2515,2325,1.873626
2516,2335,1.881685
2517,2324,1.872821
2518,2320,1.869597
2519,2317,1.867179
2520,2329,1.876850
2521,2345,1.889744
2522,2341,1.886520
2523,2341,1.886520
2524,2341,1.886520
2525,2345,1.889744
2526,2329,1.876850
2527,2325,1.873626
2528,2325,1.873626
2529,2333,1.880073
2530,2329,1.876850
2531,2333,1.880073
2532,2329,1.876850
2533,2325,1.873626
2534,2325,1.873626
2535,2325,1.873626
2536,2329,1.876850
2537,2325,1.873626
2538,2333,1.880073
2539,2325,1.873626
2540,2325,1.873626
2541,2333,1.880073
2542,2329,1.876850
2543,2333,1.880073
2544,2345,1.889744
2545,2329,1.876850
2546,2329,1.876850
2547,2313,1.863956
2548,2341,1.886520
2549,2333,1.880073
2550,2321,1.870403
2551,2321,1.870403
2552,2321,1.870403
2553,2335,1.881685
2554,2313,1.863956
2555,2332,1.879267
2556,2335,1.881685
2557,2321,1.870403
2558,2332,1.879267
2559,2333,1.880073
2560,2325,1.873626
2561,2332,1.879267
2562,2324,1.872821
2563,2333,1.880073
2564,2345,1.889744
2565,2329,1.876850
2566,2329,1.876850
2567,2333,1.880073
2568,2317,1.867179
2569,2329,1.876850
2570,2321,1.870403
2571,2309,1.860733
2572,2321,1.870403
2573,2332,1.879267
2574,2325,1.873626
2575,2320,1.869597
2576,2333,1.880073
2577,2320,1.869597
2578,2325,1.873626
2579,2325,1.873626
2580,2329,1.876850
2581,2321,1.870403
2582,2333,1.880073
2583,2329,1.876850
2584,2320,1.869597
2585,2329,1.876850
2586,2325,1.873626
2587,2325,1.873626
2588,2317,1.867179
2589,2329,1.876850
2590,2325,1.873626
2591,2317,1.867179
2592,2333,1.880073
2593,2325,1.873626
2594,2333,1.880073
2595,2333,1.880073
2596,2316,1.866374
2597,2321,1.870403
2598,2316,1.866374
2599,2325,1.873626
2600,2320,1.869597
2601,2313,1.863956
2602,2329,1.876850
2603,2321,1.870403
2604,2309,1.860733
2605,2329,1.876850
2606,2325,1.873626
2607,2321,1.870403
2608,2325,1.873626
2609,2313,1.863956
2610,2320,1.869597
2611,2308,1.859927
2612,2305,1.857509
2613,2313,1.863956
2614,2309,1.860733
2615,2309,1.860733
2616,2320,1.869597
2617,2313,1.863956
2618,2321,1.870403
2619,2313,1.863956
2620,2305,1.857509
2621,2309,1.860733
2622,2317,1.867179
2623,2309,1.860733
2624,2301,1.854286
2625,2309,1.860733
2626,2301,1.854286
2627,2313,1.863956
2628,2317,1.867179
2629,2313,1.863956
2630,2289,1.844615
2631,2309,1.860733
2632,2317,1.867179
2633,2301,1.854286
2634,2297,1.851062
2635,2304,1.856703
2636,2293,1.847839
2637,2309,1.860733
2638,2300,1.853480
2639,2313,1.863956
2640,2309,1.860733
2641,2305,1.857509
2642,2300,1.853480
2643,2297,1.851062
2644,2305,1.857509
2645,2301,1.854286
2646,2301,1.854286
2647,2289,1.844615
2648,2293,1.847839
2649,2308,1.859927
2650,2297,1.851062
2651,2301,1.854286
2652,2309,1.860733
2653,2297,1.851062
2654,2289,1.844615
2655,2297,1.851062
2656,2297,1.851062
2657,2277,1.834945
2658,2281,1.838168
2659,2277,1.834945
2660,2293,1.847839
2661,2288,1.843810
2662,2289,1.844615
2663,2281,1.838168
2664,2269,1.828498
2665,2277,1.834945
2666,2289,1.844615
2667,2276,1.834139
2668,2276,1.834139
2669,2276,1.834139
2670,2269,1.828498
2671,2268,1.827692
2672,2284,1.840586
2673,2261,1.822051
2674,2261,1.822051
2675,2269,1.828498
2676,2277,1.834945
2677,2269,1.828498
2678,2269,1.828498
2679,2273,1.831722
2680,2277,1.834945
2681,2261,1.822051
2682,2277,1.834945
2683,2261,1.822051
2684,2256,1.818022
2685,2245,1.809158
2686,2257,1.818828
2687,2269,1.828498
2688,2269,1.828498
2689,2261,1.822051
2690,2261,1.822051
2691,2261,1.822051
2692,2261,1.822051
2693,2256,1.818022
2694,2249,1.812381
2695,2261,1.822051
2696,2245,1.809158
2697,2249,1.812381
2698,2245,1.809158
2699,2245,1.809158
2700,2237,1.802711
2701,2244,1.808352
2702,2229,1.796264
2703,2241,1.805934
2704,2240,1.805128
2705,2237,1.802711
2706,2245,1.809158
2707,2240,1.805128
2708,2233,1.799487
2709,2240,1.805128
2710,2228,1.795458
2711,2224,1.792234
2712,2228,1.795458
2713,2217,1.786593
2714,2225,1.793040
2715,2221,1.789817
2716,2225,1.793040
2717,2228,1.795458
2718,2224,1.792234
2719,2233,1.799487
2720,2217,1.786593
2721,2212,1.782564
2722,2209,1.780147
2723,2220,1.789011
2724,2217,1.786593
2725,2201,1.773700
2726,2213,1.783370
2727,2225,1.793040
2728,2217,1.786593
2729,2212,1.782564
2730,2205,1.776923
2731,2225,1.793040
2732,2201,1.773700
2733,2205,1.776923
2734,2212,1.782564
2735,2224,1.792234
2736,2188,1.763223
2737,2197,1.770476
2738,2192,1.766447
2739,2185,1.760806
2740,2181,1.757582
2741,2197,1.770476
2742,2181,1.757582
2743,2188,1.763223
2744,2181,1.757582
2745,2189,1.764029
2746,2181,1.757582
2747,2173,1.751136
2748,2173,1.751136
2749,2160,1.740659
2750,2173,1.751136
2751,2173,1.751136
2752,2169,1.747912
2753,2165,1.744689
2754,2165,1.744689
2755,2161,1.741465
2756,2149,1.731795
2757,2161,1.741465
2758,2149,1.731795
2759,2157,1.738242
2760,2157,1.738242
2761,2149,1.731795
2762,2141,1.725348
2763,2149,1.731795
2764,2145,1.728571
2765,2141,1.725348
2766,2141,1.725348
2767,2153,1.735018
2768,2128,1.714872
2769,2133,1.718901
2770,2129,1.715678
2771,2133,1.718901
2772,2125,1.712454
2773,2129,1.715678
2774,2129,1.715678
2775,2116,1.705201
2776,2117,1.706007
2777,2121,1.709231
2778,2117,1.706007
2779,2117,1.706007
2780,2105,1.696337
2781,2113,1.702784
2782,2117,1.706007
2783,2116,1.705201
2784,2108,1.698755
2785,2108,1.698755
2786,2077,1.673773
2787,2101,1.693114
2788,2093,1.686667
2789,2092,1.685861
2790,2093,1.686667
2791,2097,1.689890
2792,2089,1.683443
2793,2096,1.689084
2794,2097,1.689890
2795,2089,1.683443
2796,2069,1.667326
2797,2069,1.667326
2798,2065,1.664103
2799,2049,1.651209
2800,2057,1.657656
2801,2037,1.641538
2802,2036,1.640733
2803,2037,1.641538
2804,2037,1.641538
2805,2044,1.647179
2806,2048,1.650403
2807,2044,1.647179
2808,2037,1.641538
2809,2037,1.641538
2810,2037,1.641538
2811,2013,1.622198
2812,2013,1.622198
2813,2009,1.618974
2814,2017,1.625421
2815,2004,1.614945
2816,1996,1.608498
2817,1997,1.609304
2818,2005,1.615751
2819,1988,1.602051
2820,1993,1.606081
2821,1989,1.602857
2822,1989,1.602857
2823,1985,1.599634
2824,1973,1.589963
2825,1972,1.589158
2826,1969,1.586740
2827,1968,1.585934
2828,1973,1.589963
2829,1949,1.570623
2830,1949,1.570623
2831,1936,1.560147
2832,1932,1.556923
2833,1937,1.560952
2834,1929,1.554505
2835,1933,1.557729
2836,1937,1.560952
2837,1917,1.544835
2838,1917,1.544835
2839,1909,1.538388
2840,1901,1.531941
2841,1904,1.534359
2842,1887,1.520659
2843,1885,1.519048
2844,1893,1.525495
2845,1893,1.525495
2846,1885,1.519048
2847,1881,1.515824
2848,1877,1.512601
2849,1873,1.509377
2850,1861,1.499707
2851,1869,1.506154
2852,1877,1.512601
2853,1853,1.493260
2854,1837,1.480366
2855,1817,1.464249
2856,1833,1.477143
2857,1844,1.486007
2858,1849,1.490037
2859,1821,1.467473
2860,1821,1.467473
2861,1817,1.464249
2862,1820,1.466667
2863,1809,1.457802
2864,1820,1.466667
2865,1809,1.457802
2866,1797,1.448132
2867,1780,1.434432
2868,1769,1.425568
2869,1780,1.434432
2870,1804,1.453773
2871,1793,1.444908
2872,1780,1.434432
2873,1776,1.431209
2874,1773,1.428791
2875,1780,1.434432
2876,1773,1.428791
2877,1757,1.415897
2878,1773,1.428791
2879,1781,1.435238
2880,1781,1.435238
2881,1761,1.419121
2882,1761,1.419121
2883,1759,1.417509
2884,1756,1.415092
2885,1737,1.399780
2886,1732,1.395751
2887,1733,1.396557
2888,1725,1.390110
2889,1729,1.393333
2890,1725,1.390110
2891,1725,1.390110
2892,1713,1.380440
2893,1725,1.390110
2894,1721,1.386886
2895,1717,1.383663
2896,1713,1.380440
2897,1717,1.383663
2898,1709,1.377216
2899,1709,1.377216
2900,1697,1.367546
2901,1693,1.364322
2902,1701,1.370769
2903,1708,1.376410
2904,1693,1.364322
2905,1692,1.363516
2906,1693,1.364322
2907,1693,1.364322
2908,1693,1.364322
2909,1693,1.364322
2910,1685,1.357875
2911,1700,1.369963
2912,1681,1.354652
2913,1685,1.357875
2914,1685,1.357875
2915,1672,1.347399
2916,1677,1.351429
2917,1681,1.354652
2918,1677,1.351429
2919,1676,1.350623
2920,1663,1.340147
2921,1663,1.340147
2922,1677,1.351429
2923,1677,1.351429
2924,1660,1.337729
2925,1649,1.328864
2926,1653,1.332088
2927,1661,1.338535
2928,1677,1.351429
2929,1663,1.340147
2930,1660,1.337729
2931,1660,1.337729
2932,1661,1.338535
2933,1661,1.338535
2934,1661,1.338535
2935,1652,1.331282
2936,1657,1.335311
2937,1660,1.337729
2938,1653,1.332088
2939,1661,1.338535
2940,1663,1.340147
2941,1661,1.338535
2942,1649,1.328864
2943,1645,1.325641
2944,1645,1.325641
2945,1641,1.322418
2946,1645,1.325641
2947,1652,1.331282
2948,1645,1.325641
2949,1633,1.315971
2950,1641,1.322418
2951,1645,1.325641
2952,1637,1.319194
2953,1641,1.322418
2954,1641,1.322418
2955,1653,1.332088
2956,1637,1.319194
2957,1625,1.309524
2958,1636,1.318388
2959,1649,1.328864
2960,1637,1.319194
2961,1644,1.324835
2962,1637,1.319194
2963,1645,1.325641
2964,1629,1.312747
2965,1629,1.312747
2966,1629,1.312747
2967,1629,1.312747
2968,1625,1.309524
2969,1621,1.306300
2970,1625,1.309524
2971,1625,1.309524
2972,1628,1.311941
2973,1633,1.315971
2974,1629,1.312747
2975,1629,1.312747
2976,1633,1.315971
2977,1629,1.312747
2978,1625,1.309524
2979,1621,1.306300
2980,1621,1.306300
2981,1617,1.303077
2982,1617,1.303077
2983,1620,1.305495
2984,1621,1.306300
2985,1620,1.305495
2986,1616,1.302271
2987,1613,1.299853
2988,1621,1.306300
2989,1621,1.306300
2990,1620,1.305495
2991,1613,1.299853
2992,1613,1.299853
2993,1617,1.303077
2994,1617,1.303077
2995,1616,1.302271
2996,1612,1.299048
2997,1609,1.296630
2998,1613,1.299853
2999,1609,1.296630
3000,1605,1.293407
3001,1605,1.293407
3002,1605,1.293407
3003,1605,1.293407
3004,1605,1.293407
3005,1605,1.293407
3006,1605,1.293407
3007,1609,1.296630
3008,1609,1.296630
3009,1605,1.293407
3010,1605,1.293407
3011,1605,1.293407
3012,1601,1.290183
3013,1605,1.293407
3014,1601,1.290183
3015,1605,1.293407
3016,1605,1.293407
3017,1605,1.293407
3018,1609,1.296630
3019,1605,1.293407
3020,1604,1.292601
3021,1597,1.286960
3022,1597,1.286960
3023,1596,1.286154
3024,1597,1.286960
3025,1597,1.286960
3026,1597,1.286960
3027,1593,1.283736
3028,1593,1.283736
3029,1593,1.283736
3030,1593,1.283736
3031,1589,1.280513
3032,1589,1.280513
3033,1589,1.280513
3034,1589,1.280513
3035,1589,1.280513
3036,1593,1.283736
3037,1589,1.280513
3038,1589,1.280513
3039,1589,1.280513
3040,1589,1.280513
3041,1588,1.279707
3042,1585,1.277289
3043,1588,1.279707
3044,1588,1.279707
3045,1588,1.279707
3046,1588,1.279707
3047,1585,1.277289
3048,1584,1.276484
3049,1589,1.280513
3050,1589,1.280513
3051,1593,1.283736
3052,1593,1.283736
3053,1589,1.280513
3054,1585,1.277289
3055,1588,1.279707
3056,1581,1.274066
3057,1584,1.276484
3058,1584,1.276484
3059,1580,1.273260
3060,1580,1.273260
3061,1577,1.270842
3062,1573,1.267619
3063,1577,1.270842
3064,1573,1.267619
3065,1573,1.267619
3066,1573,1.267619
3067,1573,1.267619
3068,1573,1.267619
3069,1572,1.266813
3070,1573,1.267619
3071,1581,1.274066
3072,1584,1.276484
3073,1581,1.274066
3074,1584,1.276484
3075,1588,1.279707
3076,1585,1.277289
3077,1577,1.270842
3078,1585,1.277289
3079,1581,1.274066
3080,1581,1.274066
3081,1580,1.273260
3082,1573,1.267619
3083,1573,1.267619
3084,1573,1.267619
3085,1577,1.270842
3086,1585,1.277289
3087,1589,1.280513
3088,1593,1.283736
3089,1596,1.286154
3090,1589,1.280513
3091,1588,1.279707
3092,1585,1.277289
3093,1584,1.276484
3094,1580,1.273260
3095,1580,1.273260
3096,1573,1.267619
3097,1573,1.267619
3098,1572,1.266813
3099,1573,1.267619
3100,1569,1.264396
3101,1565,1.261172
3102,1565,1.261172
3103,1565,1.261172
3104,1565,1.261172
3105,1567,1.262784
3106,1565,1.261172
3107,1565,1.261172
3108,1565,1.261172
3109,1565,1.261172
3110,1565,1.261172
3111,1565,1.261172
3112,1564,1.260366
3113,1564,1.260366
3114,1564,1.260366
3115,1561,1.257949
3116,1557,1.254725
3117,1557,1.254725
3118,1561,1.257949
3119,1564,1.260366
3120,1565,1.261172
3121,1561,1.257949
3122,1561,1.257949
3123,1564,1.260366
3124,1564,1.260366
3125,1561,1.257949
3126,1564,1.260366
3127,1561,1.257949
3128,1557,1.254725
3129,1557,1.254725
3130,1557,1.254725
3131,1561,1.257949
3132,1557,1.254725
3133,1557,1.254725
3134,1557,1.254725
3135,1561,1.257949
3136,1564,1.260366
3137,1557,1.254725
3138,1564,1.260366
3139,1557,1.254725
3140,1561,1.257949
3141,1559,1.256337
3142,1557,1.254725
3143,1557,1.254725
3144,1557,1.254725
3145,1557,1.254725
3146,1557,1.254725
3147,1556,1.253919
3148,1553,1.251502
3149,1556,1.253919
3150,1553,1.251502
3151,1553,1.251502
3152,1552,1.250696
3153,1553,1.251502
3154,1556,1.253919
3155,1553,1.251502
3156,1556,1.253919
3157,1553,1.251502
3158,1557,1.254725
3159,1553,1.251502
3160,1556,1.253919
3161,1553,1.251502
3162,1553,1.251502
3163,1553,1.251502
3164,1552,1.250696
3165,1549,1.248278
3166,1549,1.248278
3167,1549,1.248278
3168,1549,1.248278
3169,1548,1.247473
3170,1549,1.248278
3171,1548,1.247473
3172,1548,1.247473
3173,1549,1.248278
3174,1545,1.245055
3175,1549,1.248278
3176,1548,1.247473
3177,1552,1.250696
3178,1548,1.247473
3179,1548,1.247473
3180,1548,1.247473
3181,1549,1.248278
3182,1548,1.247473
3183,1548,1.247473
3184,1545,1.245055
3185,1545,1.245055
3186,1545,1.245055
3187,1545,1.245055
3188,1545,1.245055
3189,1545,1.245055
3190,1548,1.247473
3191,1545,1.245055
3192,1545,1.245055
3193,1541,1.241832
3194,1548,1.247473
3195,1545,1.245055
3196,1545,1.245055
3197,1545,1.245055
3198,1545,1.245055
3199,1548,1.247473
3200,1545,1.245055
3201,1545,1.245055
3202,1541,1.241832
3203,1545,1.245055
3204,1545,1.245055
3205,1541,1.241832
3206,1545,1.245055
3207,1541,1.241832
3208,1541,1.241832
3209,1541,1.241832
3210,1541,1.241832
3211,1541,1.241832
3212,1541,1.241832
3213,1541,1.241832
3214,1541,1.241832
3215,1541,1.241832
3216,1541,1.241832
3217,1541,1.241832
3218,1541,1.241832
3219,1541,1.241832
3220,1540,1.241026
3221,1541,1.241832
3222,1540,1.241026
3223,1540,1.241026
3224,1540,1.241026
3225,1537,1.238608
3226,1540,1.241026
3227,1537,1.238608
3228,1540,1.241026
3229,1537,1.238608
3230,1537,1.238608
3231,1537,1.238608
3232,1536,1.237802
3233,1537,1.238608
3234,1536,1.237802
3235,1536,1.237802
3236,1536,1.237802
3237,1536,1.237802
3238,1536,1.237802
3239,1536,1.237802
3240,1536,1.237802
3241,1536,1.237802
3242,1536,1.237802
3243,1536,1.237802
3244,1537,1.238608
3245,1536,1.237802
3246,1536,1.237802
3247,1536,1.237802
3248,1536,1.237802
3249,1536,1.237802
3250,1536,1.237802
3251,1536,1.237802
3252,1536,1.237802
3253,1536,1.237802
3254,1536,1.237802
3255,1533,1.235385
3256,1536,1.237802
3257,1532,1.234579
3258,1533,1.235385
3259,1529,1.232161
3260,1532,1.234579
3261,1529,1.232161
3262,1529,1.232161
3263,1532,1.234579
3264,1529,1.232161
3265,1532,1.234579
3266,1532,1.234579
3267,1532,1.234579
3268,1529,1.232161
3269,1529,1.232161
3270,1529,1.232161
3271,1529,1.232161
3272,1532,1.234579
3273,1532,1.234579
3274,1529,1.232161
3275,1532,1.234579
3276,1529,1.232161
3277,1529,1.232161
3278,1525,1.228938
3279,1525,1.228938
3280,1525,1.228938
3281,1525,1.228938
3282,1525,1.228938
3283,1529,1.232161
3284,1525,1.228938
3285,1525,1.228938
3286,1525,1.228938
3287,1525,1.228938
3288,1525,1.228938
3289,1525,1.228938
3290,1525,1.228938
3291,1525,1.228938
3292,1525,1.228938
3293,1525,1.228938
3294,1525,1.228938
3295,1525,1.228938
3296,1524,1.228132
3297,1525,1.228938
3298,1525,1.228938
3299,1524,1.228132
3300,1524,1.228132
3301,1524,1.228132
3302,1525,1.228938
3303,1524,1.228132
3304,1524,1.228132
3305,1525,1.228938
3306,1524,1.228132
3307,1525,1.228938
3308,1524,1.228132
3309,1524,1.228132
3310,1524,1.228132
3311,1521,1.225714
3312,1524,1.228132
3313,1524,1.228132
3314,1521,1.225714
3315,1524,1.228132
3316,1521,1.225714
3317,1521,1.225714
3318,1521,1.225714
3319,1521,1.225714
3320,1524,1.228132
3321,1521,1.225714
3322,1521,1.225714
3323,1521,1.225714
3324,1521,1.225714
3325,1521,1.225714
3326,1521,1.225714
3327,1521,1.225714
3328,1521,1.225714
3329,1521,1.225714
3330,1521,1.225714
3331,1521,1.225714
3332,1521,1.225714
3333,1521,1.225714
3334,1521,1.225714
3335,1521,1.225714
3336,1521,1.225714
3337,1521,1.225714
3338,1521,1.225714
3339,1521,1.225714
3340,1520,1.224908
3341,1521,1.225714
3342,1520,1.224908
3343,1520,1.224908
3344,1520,1.224908
3345,1520,1.224908
3346,1517,1.222491
3347,1520,1.224908
3348,1517,1.222491
3349,1517,1.222491
3350,1517,1.222491
3351,1517,1.222491
3352,1517,1.222491
3353,1517,1.222491
3354,1517,1.222491
3355,1517,1.222491
3356,1517,1.222491
3357,1517,1.222491
3358,1517,1.222491
3359,1516,1.221685
3360,1517,1.222491
3361,1516,1.221685
3362,1517,1.222491
3363,1516,1.221685
3364,1517,1.222491
3365,1516,1.221685
3366,1517,1.222491
3367,1516,1.221685
3368,1517,1.222491
3369,1516,1.221685
3370,1517,1.222491
3371,1516,1.221685
3372,1516,1.221685
3373,1516,1.221685
3374,1516,1.221685
3375,1516,1.221685
3376,1516,1.221685
3377,1516,1.221685
3378,1516,1.221685
3379,1516,1.221685
3380,1513,1.219267
3381,1516,1.221685
3382,1516,1.221685
3383,1513,1.219267
3384,1513,1.219267
3385,1513,1.219267
3386,1513,1.219267
3387,1513,1.219267
3388,1513,1.219267
3389,1513,1.219267
3390,1513,1.219267
3391,1513,1.219267
3392,1513,1.219267
3393,1513,1.219267
3394,1513,1.219267
3395,1513,1.219267
3396,1513,1.219267
3397,1513,1.219267
3398,1513,1.219267
3399,1513,1.219267
3400,1513,1.219267
3401,1509,1.216044
3402,1513,1.219267
3403,1513,1.219267
3404,1513,1.219267
3405,1513,1.219267
3406,1513,1.219267
3407,1513,1.219267
3408,1513,1.219267
3409,1509,1.216044
3410,1513,1.219267
3411,1512,1.218462
3412,1509,1.216044
3413,1509,1.216044
3414,1509,1.216044
3415,1509,1.216044
3416,1509,1.216044
3417,1513,1.219267
3418,1509,1.216044
3419,1509,1.216044
3420,1509,1.216044
3421,1509,1.216044
3422,1509,1.216044
3423,1509,1.216044
3424,1509,1.216044
3425,1509,1.216044
3426,1509,1.216044
3427,1509,1.216044
3428,1509,1.216044
3429,1509,1.216044
3430,1509,1.216044
3431,1509,1.216044
3432,1509,1.216044
3433,1509,1.216044
3434,1509,1.216044
3435,1509,1.216044
3436,1509,1.216044
3437,1509,1.216044
3438,1509,1.216044
3439,1509,1.216044
3440,1509,1.216044
3441,1509,1.216044
3442,1509,1.216044
3443,1509,1.216044
3444,1509,1.216044
3445,1509,1.216044
3446,1509,1.216044
3447,1509,1.216044
3448,1509,1.216044
3449,1509,1.216044
3450,1509,1.216044
3451,1509,1.216044
3452,1509,1.216044
3453,1509,1.216044
3454,1509,1.216044
3455,1509,1.216044
3456,1509,1.216044
3457,1509,1.216044
3458,1509,1.216044
3459,1509,1.216044
3460,1509,1.216044
3461,1509,1.216044
3462,1508,1.215238
3463,1509,1.216044
3464,1508,1.215238
3465,1509,1.216044
3466,1508,1.215238
3467,1508,1.215238
3468,1508,1.215238
3469,1508,1.215238
3470,1508,1.215238
3471,1508,1.215238
3472,1508,1.215238
3473,1508,1.215238
3474,1508,1.215238
3475,1509,1.216044
3476,1508,1.215238
3477,1508,1.215238
3478,1508,1.215238
3479,1508,1.215238
3480,1508,1.215238
3481,1508,1.215238
3482,1508,1.215238
3483,1508,1.215238
3484,1508,1.215238
3485,1508,1.215238
3486,1508,1.215238
3487,1508,1.215238
3488,1508,1.215238
3489,1509,1.216044
3490,1508,1.215238
3491,1508,1.215238
3492,1508,1.215238
3493,1508,1.215238
3494,1508,1.215238
3495,1509,1.216044
3496,1509,1.216044
3497,1508,1.215238
3498,1508,1.215238
3499,1509,1.216044
3500,1509,1.216044
3501,1509,1.216044
3502,1508,1.215238
3503,1509,1.216044
3504,1509,1.216044
3505,1509,1.216044
3506,1508,1.215238
3507,1508,1.215238
3508,1508,1.215238
3509,1508,1.215238
3510,1508,1.215238
3511,1508,1.215238
3512,1508,1.215238
3513,1508,1.215238
3514,1508,1.215238
3515,1508,1.215238
3516,1508,1.215238
3517,1508,1.215238
3518,1508,1.215238
3519,1508,1.215238
3520,1508,1.215238
3521,1508,1.215238
3522,1508,1.215238
3523,1508,1.215238
3524,1508,1.215238
3525,1508,1.215238
3526,1508,1.215238
3527,1508,1.215238
3528,1508,1.215238
3529,1508,1.215238
3530,1508,1.215238
3531,1508,1.215238
3532,1505,1.212821
3533,1508,1.215238
3534,1508,1.215238
3535,1509,1.216044
3536,1508,1.215238
3537,1508,1.215238
3538,1508,1.215238
3539,1509,1.216044
3540,1508,1.215238
3541,1509,1.216044
3542,1509,1.216044
3543,1509,1.216044
3544,1509,1.216044
3545,1509,1.216044
3546,1509,1.216044
3547,1508,1.215238
3548,1509,1.216044
3549,1509,1.216044
3550,1509,1.216044
3551,1509,1.216044
3552,1509,1.216044
3553,1509,1.216044
3554,1509,1.216044
3555,1509,1.216044
3556,1509,1.216044
3557,1509,1.216044
3558,1509,1.216044
3559,1509,1.216044
3560,1509,1.216044
3561,1509,1.216044
3562,1509,1.216044
3563,1509,1.216044
3564,1509,1.216044
3565,1509,1.216044
3566,1509,1.216044
3567,1509,1.216044
3568,1509,1.216044
3569,1509,1.216044
3570,1509,1.216044
3571,1509,1.216044
3572,1509,1.216044
3573,1509,1.216044
3574,1509,1.216044
3575,1513,1.219267
3576,1513,1.219267
3577,1513,1.219267
3578,1513,1.219267
3579,1513,1.219267
3580,1513,1.219267
3581,1513,1.219267
3582,1513,1.219267
3583,1513,1.219267
3584,1513,1.219267
3585,1513,1.219267
3586,1513,1.219267
3587,1513,1.219267
3588,1516,1.221685
3589,1513,1.219267
3590,1516,1.221685
3591,1516,1.221685
3592,1517,1.222491
3593,1516,1.221685
3594,1517,1.222491
3595,1517,1.222491
3596,1517,1.222491
3597,1517,1.222491
3598,1517,1.222491
3599,1517,1.222491
3600,1517,1.222491
3601,1517,1.222491
3602,1517,1.222491
3603,1517,1.222491
3604,1520,1.224908
3605,1520,1.224908
3606,1520,1.224908
3607,1521,1.225714
3608,1521,1.225714
3609,1521,1.225714
3610,1521,1.225714
3611,1524,1.228132
3612,1524,1.228132
3613,1525,1.228938
3614,1524,1.228132
3615,1525,1.228938
3616,1525,1.228938
3617,1525,1.228938
3618,1525,1.228938
3619,1525,1.228938
3620,1525,1.228938
3621,1528,1.231355
3622,1529,1.232161
3623,1532,1.234579
3624,1529,1.232161
3625,1532,1.234579
3626,1532,1.234579
3627,1536,1.237802
3628,1536,1.237802
3629,1537,1.238608
3630,1537,1.238608
3631,1537,1.238608
3632,1537,1.238608
3633,1537,1.238608
3634,1541,1.241832
3635,1541,1.241832
3636,1541,1.241832
3637,1541,1.241832
3638,1541,1.241832
3639,1541,1.241832
3640,1541,1.241832
3641,1545,1.245055
3642,1545,1.245055
3643,1545,1.245055
3644,1545,1.245055
3645,1548,1.247473
3646,1545,1.245055
3647,1549,1.248278
