Pixel,ADC,VoltageV
1,3957,3.188791
2,3957,3.188791
3,3961,3.192015
4,3952,3.184762
5,3953,3.185568
6,3953,3.185568
7,3953,3.185568
8,3952,3.184762
9,3953,3.185568
10,3953,3.185568
11,3952,3.184762
12,3953,3.185568
13,3953,3.185568
14,3953,3.185568
15,3952,3.184762
16,3941,3.175897
17,2633,2.121832
18,1745,1.406227
19,1777,1.432015
20,1781,1.435238
21,1793,1.444908
22,1792,1.444103
23,1792,1.444103
24,1796,1.447326
25,1792,1.444103
26,1793,1.444908
27,1793,1.444908
28,1793,1.444908
29,1793,1.444908
30,1805,1.454579
31,1785,1.438462
32,1792,1.444103
33,1793,1.444908
34,1781,1.435238
35,1792,1.444103
36,1792,1.444103
37,1793,1.444908
38,1792,1.444103
39,1792,1.444103
40,1792,1.444103
41,1801,1.451355
42,1781,1.435238
43,1777,1.432015
44,1793,1.444908
45,1785,1.438462
46,1792,1.444103
47,1792,1.444103
48,1792,1.444103
49,1792,1.444103
50,1792,1.444103
51,1792,1.444103
52,1793,1.444908
53,1797,1.448132
54,1777,1.432015
55,1797,1.448132
56,1781,1.435238
57,1797,1.448132
58,1792,1.444103
59,1792,1.444103
60,1792,1.444103
61,1792,1.444103
62,1792,1.444103
63,1793,1.444908
64,1792,1.444103
65,1796,1.447326
66,1792,1.444103
67,1792,1.444103
68,1792,1.444103
69,1792,1.444103
70,1776,1.431209
71,1792,1.444103
72,1781,1.435238
73,1792,1.444103
74,1792,1.444103
75,1792,1.444103
76,1793,1.444908
77,1792,1.444103
78,1792,1.444103
79,1793,1.444908
80,1792,1.444103
81,1797,1.448132
82,1809,1.457802
83,1793,1.444908
84,1793,1.444908
85,1801,1.451355
86,1792,1.444103
87,1805,1.454579
88,1792,1.444103
89,1792,1.444103
90,1796,1.447326
91,1796,1.447326
92,1793,1.444908
93,1805,1.454579
94,1801,1.451355
95,1797,1.448132
96,1792,1.444103
97,1792,1.444103
98,1776,1.431209
99,1781,1.435238
100,1792,1.444103
101,1792,1.444103
102,1792,1.444103
103,1781,1.435238
104,1785,1.438462
105,1793,1.444908
106,1780,1.434432
107,1793,1.444908
108,1777,1.432015
109,1776,1.431209
110,1781,1.435238
111,1780,1.434432
112,1781,1.435238
113,1776,1.431209
114,1792,1.444103
115,1780,1.434432
116,1776,1.431209
117,1792,1.444103
118,1792,1.444103
119,1793,1.444908
120,1792,1.444103
121,1797,1.448132
122,1792,1.444103
123,1792,1.444103
124,1793,1.444908
125,1792,1.444103
126,1796,1.447326
127,1793,1.444908
128,1781,1.435238
129,1777,1.432015
130,1792,1.444103
131,1780,1.434432
132,1797,1.448132
133,1793,1.444908
134,1801,1.451355
135,1792,1.444103
136,1804,1.453773
137,1792,1.444103
138,1792,1.444103
139,1796,1.447326
140,1796,1.447326
141,1792,1.444103
142,1801,1.451355
143,1793,1.444908
144,1801,1.451355
145,1801,1.451355
146,1792,1.444103
147,1792,1.444103
148,1785,1.438462
149,1797,1.448132
150,1804,1.453773
151,1793,1.444908
152,1801,1.451355
153,1792,1.444103
154,1792,1.444103
155,1792,1.444103
156,1793,1.444908
157,1785,1.438462
158,1797,1.448132
159,1793,1.444908
160,1792,1.444103
161,1793,1.444908
162,1796,1.447326
163,1792,1.444103
164,1796,1.447326
165,1792,1.444103
166,1792,1.444103
167,1797,1.448132
168,1792,1.444103
169,1785,1.438462
170,1780,1.434432
171,1796,1.447326
172,1797,1.448132
173,1792,1.444103
174,1809,1.457802
175,1797,1.448132
176,1797,1.448132
177,1793,1.444908
178,1792,1.444103
179,1792,1.444103
180,1793,1.444908
181,1785,1.438462
182,1784,1.437656
183,1792,1.444103
184,1792,1.444103
185,1781,1.435238
186,1784,1.437656
187,1781,1.435238
188,1792,1.444103
189,1773,1.428791
190,1780,1.434432
191,1781,1.435238
192,1781,1.435238
193,1780,1.434432
194,1792,1.444103
195,1792,1.444103
196,1792,1.444103
197,1781,1.435238
198,1776,1.431209
199,1777,1.432015
200,1777,1.432015
201,1780,1.434432
202,1773,1.428791
203,1773,1.428791
204,1765,1.422344
205,1773,1.428791
206,1776,1.431209
207,1792,1.444103
208,1797,1.448132
209,1769,1.425568
210,1781,1.435238
211,1781,1.435238
212,1781,1.435238
213,1777,1.432015
214,1772,1.427985
215,1777,1.432015
216,1784,1.437656
217,1792,1.444103
218,1781,1.435238
219,1777,1.432015
220,1781,1.435238
221,1776,1.431209
222,1781,1.435238
223,1793,1.444908
224,1773,1.428791
225,1780,1.434432
226,1781,1.435238
227,1781,1.435238
228,1781,1.435238
229,1792,1.444103
230,1781,1.435238
231,1776,1.431209
232,1777,1.432015
233,1781,1.435238
234,1769,1.425568
235,1777,1.432015
236,1781,1.435238
237,1772,1.427985
238,1769,1.425568
239,1765,1.422344
240,1772,1.427985
241,1777,1.432015
242,1772,1.427985
243,1769,1.425568
244,1773,1.428791
245,1759,1.417509
246,1765,1.422344
247,1757,1.415897
248,1765,1.422344
249,1757,1.415897
250,1759,1.417509
251,1753,1.412674
252,1749,1.409451
253,1749,1.409451
254,1761,1.419121
255,1756,1.415092
256,1756,1.415092
257,1753,1.412674
258,1753,1.412674
259,1748,1.408645
260,1759,1.417509
261,1748,1.408645
262,1749,1.409451
263,1753,1.412674
264,1756,1.415092
265,1753,1.412674
266,1749,1.409451
267,1745,1.406227
268,1745,1.406227
269,1753,1.412674
270,1748,1.408645
271,1741,1.403004
272,1749,1.409451
273,1745,1.406227
274,1741,1.403004
275,1741,1.403004
276,1748,1.408645
277,1745,1.406227
278,1748,1.408645
279,1741,1.403004
280,1745,1.406227
281,1740,1.402198
282,1749,1.409451
283,1737,1.399780
284,1740,1.402198
285,1737,1.399780
286,1740,1.402198
287,1729,1.393333
288,1740,1.402198
289,1733,1.396557
290,1717,1.383663
291,1721,1.386886
292,1720,1.386081
293,1729,1.393333
294,1721,1.386886
295,1721,1.386886
296,1717,1.383663
297,1717,1.383663
298,1717,1.383663
299,1717,1.383663
300,1717,1.383663
301,1713,1.380440
302,1717,1.383663
303,1716,1.382857
304,1713,1.380440
305,1709,1.377216
306,1708,1.376410
307,1709,1.377216
308,1705,1.373993
309,1713,1.380440
310,1701,1.370769
311,1705,1.373993
312,1693,1.364322
313,1695,1.365934
314,1695,1.365934
315,1705,1.373993
316,1693,1.364322
317,1693,1.364322
318,1689,1.361099
319,1695,1.365934
320,1693,1.364322
321,1693,1.364322
322,1685,1.357875
323,1692,1.363516
324,1689,1.361099
325,1693,1.364322
326,1689,1.361099
327,1693,1.364322
328,1693,1.364322
329,1689,1.361099
330,1689,1.361099
331,1693,1.364322
332,1689,1.361099
333,1689,1.361099
334,1689,1.361099
335,1693,1.364322
336,1685,1.357875
337,1681,1.354652
338,1685,1.357875
339,1689,1.361099
340,1684,1.357070
341,1684,1.357070
342,1681,1.354652
343,1689,1.361099
344,1673,1.348205
345,1676,1.350623
346,1685,1.357875
347,1680,1.353846
348,1681,1.354652
349,1680,1.353846
350,1685,1.357875
351,1689,1.361099
352,1677,1.351429
353,1684,1.357070
354,1681,1.354652
355,1681,1.354652
356,1680,1.353846
357,1685,1.357875
358,1680,1.353846
359,1685,1.357875
360,1685,1.357875
361,1681,1.354652
362,1673,1.348205
363,1680,1.353846
364,1673,1.348205
365,1673,1.348205
366,1669,1.344982
367,1669,1.344982
368,1677,1.351429
369,1673,1.348205
370,1673,1.348205
371,1669,1.344982
372,1677,1.351429
373,1669,1.344982
374,1663,1.340147
375,1673,1.348205
376,1673,1.348205
377,1669,1.344982
378,1672,1.347399
379,1676,1.350623
380,1669,1.344982
381,1663,1.340147
382,1663,1.340147
383,1663,1.340147
384,1669,1.344982
385,1663,1.340147
386,1661,1.338535
387,1669,1.344982
388,1663,1.340147
389,1673,1.348205
390,1661,1.338535
391,1677,1.351429
392,1669,1.344982
393,1663,1.340147
394,1663,1.340147
395,1673,1.348205
396,1661,1.338535
397,1673,1.348205
398,1677,1.351429
399,1663,1.340147
400,1661,1.338535
401,1661,1.338535
402,1677,1.351429
403,1660,1.337729
404,1657,1.335311
405,1663,1.340147
406,1661,1.338535
407,1657,1.335311
408,1669,1.344982
409,1657,1.335311
410,1661,1.338535
411,1660,1.337729
412,1661,1.338535
413,1657,1.335311
414,1661,1.338535
415,1657,1.335311
416,1657,1.335311
417,1657,1.335311
418,1653,1.332088
419,1657,1.335311
420,1653,1.332088
421,1661,1.338535
422,1660,1.337729
423,1657,1.335311
424,1648,1.328059
425,1653,1.332088
426,1653,1.332088
427,1641,1.322418
428,1653,1.332088
429,1648,1.328059
430,1649,1.328864
431,1648,1.328059
432,1649,1.328864
433,1648,1.328059
434,1645,1.325641
435,1649,1.328864
436,1644,1.324835
437,1637,1.319194
438,1648,1.328059
439,1649,1.328864
440,1648,1.328059
441,1644,1.324835
442,1644,1.324835
443,1648,1.328059
444,1641,1.322418
445,1637,1.319194
446,1645,1.325641
447,1648,1.328059
448,1644,1.324835
449,1644,1.324835
450,1649,1.328864
451,1637,1.319194
452,1637,1.319194
453,1644,1.324835
454,1644,1.324835
455,1640,1.321612
456,1631,1.314359
457,1641,1.322418
458,1637,1.319194
459,1629,1.312747
460,1621,1.306300
461,1629,1.312747
462,1637,1.319194
463,1629,1.312747
464,1633,1.315971
465,1633,1.315971
466,1629,1.312747
467,1629,1.312747
468,1629,1.312747
469,1625,1.309524
470,1629,1.312747
471,1631,1.314359
472,1629,1.312747
473,1628,1.311941
474,1628,1.311941
475,1637,1.319194
476,1629,1.312747
477,1629,1.312747
478,1629,1.312747
479,1625,1.309524
480,1621,1.306300
481,1628,1.311941
482,1621,1.306300
483,1621,1.306300
484,1617,1.303077
485,1621,1.306300
486,1621,1.306300
487,1613,1.299853
488,1613,1.299853
489,1621,1.306300
490,1612,1.299048
491,1613,1.299853
492,1616,1.302271
493,1616,1.302271
494,1605,1.293407
495,1617,1.303077
496,1621,1.306300
497,1617,1.303077
498,1609,1.296630
499,1612,1.299048
500,1629,1.312747
501,1629,1.312747
502,1620,1.305495
503,1609,1.296630
504,1605,1.293407
505,1621,1.306300
506,1629,1.312747
507,1604,1.292601
508,1597,1.286960
509,1605,1.293407
510,1613,1.299853
511,1605,1.293407
512,1593,1.283736
513,1609,1.296630
514,1616,1.302271
515,1599,1.288571
516,1596,1.286154
517,1601,1.290183
518,1601,1.290183
519,1605,1.293407
520,1604,1.292601
521,1613,1.299853
522,1604,1.292601
523,1605,1.293407
524,1605,1.293407
525,1609,1.296630
526,1605,1.293407
527,1605,1.293407
528,1601,1.290183
529,1609,1.296630
530,1601,1.290183
531,1605,1.293407
532,1605,1.293407
533,1609,1.296630
534,1612,1.299048
535,1613,1.299853
536,1617,1.303077
537,1616,1.302271
538,1612,1.299048
539,1605,1.293407
540,1613,1.299853
541,1609,1.296630
542,1605,1.293407
543,1597,1.286960
544,1605,1.293407
545,1605,1.293407
546,1612,1.299048
547,1609,1.296630
548,1605,1.293407
549,1605,1.293407
550,1609,1.296630
551,1609,1.296630
552,1604,1.292601
553,1605,1.293407
554,1609,1.296630
555,1605,1.293407
556,1605,1.293407
557,1609,1.296630
558,1612,1.299048
559,1605,1.293407
560,1608,1.295824
561,1605,1.293407
562,1609,1.296630
563,1609,1.296630
564,1609,1.296630
565,1612,1.299048
566,1604,1.292601
567,1605,1.293407
568,1605,1.293407
569,1605,1.293407
570,1609,1.296630
571,1609,1.296630
572,1612,1.299048
573,1612,1.299048
574,1605,1.293407
575,1609,1.296630
576,1609,1.296630
577,1613,1.299853
578,1609,1.296630
579,1613,1.299853
580,1613,1.299853
581,1617,1.303077
582,1616,1.302271
583,1613,1.299853
584,1613,1.299853
585,1609,1.296630
586,1609,1.296630
587,1604,1.292601
588,1601,1.290183
589,1605,1.293407
590,1605,1.293407
591,1609,1.296630
592,1609,1.296630
593,1609,1.296630
594,1608,1.295824
595,1605,1.293407
596,1612,1.299048
597,1613,1.299853
598,1605,1.293407
599,1605,1.293407
600,1604,1.292601
601,1609,1.296630
602,1609,1.296630
603,1605,1.293407
604,1605,1.293407
605,1613,1.299853
606,1609,1.296630
607,1613,1.299853
608,1613,1.299853
609,1620,1.305495
610,1617,1.303077
611,1621,1.306300
612,1617,1.303077
613,1616,1.302271
614,1613,1.299853
615,1613,1.299853
616,1621,1.306300
617,1625,1.309524
618,1620,1.305495
619,1629,1.312747
620,1621,1.306300
621,1613,1.299853
622,1613,1.299853
623,1617,1.303077
624,1617,1.303077
625,1616,1.302271
626,1616,1.302271
627,1621,1.306300
628,1617,1.303077
629,1621,1.306300
630,1621,1.306300
631,1617,1.303077
632,1621,1.306300
633,1625,1.309524
634,1620,1.305495
635,1625,1.309524
636,1628,1.311941
637,1628,1.311941
638,1624,1.308718
639,1625,1.309524
640,1621,1.306300
641,1621,1.306300
642,1625,1.309524
643,1628,1.311941
644,1628,1.311941
645,1629,1.312747
646,1636,1.318388
647,1633,1.315971
648,1629,1.312747
649,1629,1.312747
650,1625,1.309524
651,1637,1.319194
652,1636,1.318388
653,1628,1.311941
654,1629,1.312747
655,1637,1.319194
656,1649,1.328864
657,1637,1.319194
658,1644,1.324835
659,1631,1.314359
660,1625,1.309524
661,1637,1.319194
662,1637,1.319194
663,1641,1.322418
664,1644,1.324835
665,1641,1.322418
666,1631,1.314359
667,1629,1.312747
668,1641,1.322418
669,1637,1.319194
670,1637,1.319194
671,1648,1.328059
672,1657,1.335311
673,1648,1.328059
674,1649,1.328864
675,1657,1.335311
676,1653,1.332088
677,1648,1.328059
678,1641,1.322418
679,1644,1.324835
680,1645,1.325641
681,1645,1.325641
682,1645,1.325641
683,1653,1.332088
684,1653,1.332088
685,1648,1.328059
686,1649,1.328864
687,1648,1.328059
688,1649,1.328864
689,1661,1.338535
690,1657,1.335311
691,1653,1.332088
692,1657,1.335311
693,1663,1.340147
694,1661,1.338535
695,1657,1.335311
696,1661,1.338535
697,1661,1.338535
698,1663,1.340147
699,1660,1.337729
700,1657,1.335311
701,1663,1.340147
702,1663,1.340147
703,1663,1.340147
704,1657,1.335311
705,1663,1.340147
706,1673,1.348205
707,1663,1.340147
708,1661,1.338535
709,1663,1.340147
710,1669,1.344982
711,1673,1.348205
712,1657,1.335311
713,1676,1.350623
714,1669,1.344982
715,1669,1.344982
716,1661,1.338535
717,1661,1.338535
718,1657,1.335311
719,1660,1.337729
720,1661,1.338535
721,1663,1.340147
722,1663,1.340147
723,1661,1.338535
724,1663,1.340147
725,1661,1.338535
726,1663,1.340147
727,1663,1.340147
728,1663,1.340147
729,1661,1.338535
730,1663,1.340147
731,1680,1.353846
732,1685,1.357875
733,1684,1.357070
734,1681,1.354652
735,1684,1.357070
736,1680,1.353846
737,1663,1.340147
738,1661,1.338535
739,1661,1.338535
740,1677,1.351429
741,1663,1.340147
742,1676,1.350623
743,1676,1.350623
744,1669,1.344982
745,1669,1.344982
746,1681,1.354652
747,1663,1.340147
748,1661,1.338535
749,1663,1.340147
750,1677,1.351429
751,1663,1.340147
752,1663,1.340147
753,1669,1.344982
754,1669,1.344982
755,1669,1.344982
756,1663,1.340147
757,1680,1.353846
758,1676,1.350623
759,1681,1.354652
760,1681,1.354652
761,1685,1.357875
762,1669,1.344982
763,1676,1.350623
764,1680,1.353846
765,1676,1.350623
766,1684,1.357070
767,1673,1.348205
768,1685,1.357875
769,1677,1.351429
770,1663,1.340147
771,1677,1.351429
772,1680,1.353846
773,1677,1.351429
774,1676,1.350623
775,1673,1.348205
776,1689,1.361099
777,1673,1.348205
778,1673,1.348205
779,1677,1.351429
780,1676,1.350623
781,1673,1.348205
782,1677,1.351429
783,1681,1.354652
784,1681,1.354652
785,1681,1.354652
786,1680,1.353846
787,1692,1.363516
788,1689,1.361099
789,1681,1.354652
790,1685,1.357875
791,1684,1.357070
792,1684,1.357070
793,1680,1.353846
794,1681,1.354652
795,1684,1.357070
796,1685,1.357875
797,1685,1.357875
798,1681,1.354652
799,1693,1.364322
800,1689,1.361099
801,1680,1.353846
802,1693,1.364322
803,1700,1.369963
804,1685,1.357875
805,1673,1.348205
806,1680,1.353846
807,1693,1.364322
808,1693,1.364322
809,1680,1.353846
810,1693,1.364322
811,1677,1.351429
812,1680,1.353846
813,1689,1.361099
814,1681,1.354652
815,1689,1.361099
816,1689,1.361099
817,1685,1.357875
818,1685,1.357875
819,1689,1.361099
820,1685,1.357875
821,1693,1.364322
822,1673,1.348205
823,1697,1.367546
824,1695,1.365934
825,1693,1.364322
826,1700,1.369963
827,1693,1.364322
828,1701,1.370769
829,1685,1.357875
830,1685,1.357875
831,1705,1.373993
832,1689,1.361099
833,1692,1.363516
834,1700,1.369963
835,1693,1.364322
836,1701,1.370769
837,1693,1.364322
838,1701,1.370769
839,1708,1.376410
840,1700,1.369963
841,1693,1.364322
842,1701,1.370769
843,1701,1.370769
844,1709,1.377216
845,1701,1.370769
846,1700,1.369963
847,1701,1.370769
848,1712,1.379634
849,1713,1.380440
850,1701,1.370769
851,1712,1.379634
852,1705,1.373993
853,1705,1.373993
854,1712,1.379634
855,1695,1.365934
856,1701,1.370769
857,1705,1.373993
858,1700,1.369963
859,1701,1.370769
860,1712,1.379634
861,1701,1.370769
862,1695,1.365934
863,1705,1.373993
864,1708,1.376410
865,1701,1.370769
866,1700,1.369963
867,1701,1.370769
868,1693,1.364322
869,1693,1.364322
870,1701,1.370769
871,1695,1.365934
872,1693,1.364322
873,1693,1.364322
874,1693,1.364322
875,1693,1.364322
876,1685,1.357875
877,1693,1.364322
878,1700,1.369963
879,1692,1.363516
880,1680,1.353846
881,1701,1.370769
882,1712,1.379634
883,1693,1.364322
884,1685,1.357875
885,1695,1.365934
886,1708,1.376410
887,1712,1.379634
888,1701,1.370769
889,1712,1.379634
890,1693,1.364322
891,1692,1.363516
892,1701,1.370769
893,1693,1.364322
894,1693,1.364322
895,1695,1.365934
896,1689,1.361099
897,1700,1.369963
898,1692,1.363516
899,1713,1.380440
900,1725,1.390110
901,1685,1.357875
902,1685,1.357875
903,1717,1.383663
904,1713,1.380440
905,1701,1.370769
906,1693,1.364322
907,1709,1.377216
908,1705,1.373993
909,1701,1.370769
910,1701,1.370769
911,1701,1.370769
912,1717,1.383663
913,1705,1.373993
914,1705,1.373993
915,1701,1.370769
916,1709,1.377216
917,1701,1.370769
918,1701,1.370769
919,1693,1.364322
920,1708,1.376410
921,1712,1.379634
922,1693,1.364322
923,1693,1.364322
924,1685,1.357875
925,1713,1.380440
926,1705,1.373993
927,1689,1.361099
928,1685,1.357875
929,1701,1.370769
930,1712,1.379634
931,1689,1.361099
932,1701,1.370769
933,1693,1.364322
934,1705,1.373993
935,1724,1.389304
936,1705,1.373993
937,1701,1.370769
938,1701,1.370769
939,1709,1.377216
940,1713,1.380440
941,1701,1.370769
942,1685,1.357875
943,1673,1.348205
944,1705,1.373993
945,1721,1.386886
946,1717,1.383663
947,1717,1.383663
948,1705,1.373993
949,1712,1.379634
950,1725,1.390110
951,1709,1.377216
952,1705,1.373993
953,1701,1.370769
954,1717,1.383663
955,1717,1.383663
956,1712,1.379634
957,1713,1.380440
958,1717,1.383663
959,1701,1.370769
960,1705,1.373993
961,1712,1.379634
962,1708,1.376410
963,1693,1.364322
964,1717,1.383663
965,1705,1.373993
966,1689,1.361099
967,1689,1.361099
968,1712,1.379634
969,1701,1.370769
970,1693,1.364322
971,1693,1.364322
972,1701,1.370769
973,1709,1.377216
974,1712,1.379634
975,1709,1.377216
976,1709,1.377216
977,1709,1.377216
978,1705,1.373993
979,1705,1.373993
980,1695,1.365934
981,1693,1.364322
982,1701,1.370769
983,1693,1.364322
984,1708,1.376410
985,1717,1.383663
986,1701,1.370769
987,1717,1.383663
988,1725,1.390110
989,1724,1.389304
990,1705,1.373993
991,1709,1.377216
992,1717,1.383663
993,1701,1.370769
994,1708,1.376410
995,1709,1.377216
996,1695,1.365934
997,1708,1.376410
998,1705,1.373993
999,1709,1.377216
1000,1705,1.373993
1001,1705,1.373993
1002,1717,1.383663
1003,1721,1.386886
1004,1705,1.373993
1005,1717,1.383663
1006,1713,1.380440
1007,1721,1.386886
1008,1721,1.386886
1009,1721,1.386886
1010,1737,1.399780
1011,1695,1.365934
1012,1701,1.370769
1013,1712,1.379634
1014,1713,1.380440
1015,1705,1.373993
1016,1700,1.369963
1017,1700,1.369963
1018,1708,1.376410
1019,1693,1.364322
1020,1693,1.364322
1021,1693,1.364322
1022,1701,1.370769
1023,1709,1.377216
1024,1708,1.376410
1025,1713,1.380440
1026,1717,1.383663
1027,1717,1.383663
1028,1709,1.377216
1029,1695,1.365934
1030,1701,1.370769
1031,1701,1.370769
1032,1701,1.370769
1033,1709,1.377216
1034,1701,1.370769
1035,1693,1.364322
1036,1701,1.370769
1037,1701,1.370769
1038,1693,1.364322
1039,1693,1.364322
1040,1700,1.369963
1041,1700,1.369963
1042,1693,1.364322
1043,1695,1.365934
1044,1693,1.364322
1045,1709,1.377216
1046,1708,1.376410
1047,1705,1.373993
1048,1700,1.369963
1049,1700,1.369963
1050,1695,1.365934
1051,1693,1.364322
1052,1689,1.361099
1053,1693,1.364322
1054,1697,1.367546
1055,1689,1.361099
1056,1693,1.364322
1057,1693,1.364322
1058,1693,1.364322
1059,1695,1.365934
1060,1689,1.361099
1061,1693,1.364322
1062,1685,1.357875
1063,1685,1.357875
1064,1700,1.369963
1065,1700,1.369963
1066,1689,1.361099
1067,1701,1.370769
1068,1701,1.370769
1069,1705,1.373993
1070,1692,1.363516
1071,1681,1.354652
1072,1689,1.361099
1073,1689,1.361099
1074,1689,1.361099
1075,1695,1.365934
1076,1693,1.364322
1077,1693,1.364322
1078,1701,1.370769
1079,1695,1.365934
1080,1693,1.364322
1081,1693,1.364322
1082,1701,1.370769
1083,1693,1.364322
1084,1692,1.363516
1085,1693,1.364322
1086,1685,1.357875
1087,1689,1.361099
1088,1681,1.354652
1089,1685,1.357875
1090,1689,1.361099
1091,1681,1.354652
1092,1692,1.363516
1093,1689,1.361099
1094,1684,1.357070
1095,1689,1.361099
1096,1689,1.361099
1097,1693,1.364322
1098,1692,1.363516
1099,1693,1.364322
1100,1689,1.361099
1101,1685,1.357875
1102,1693,1.364322
1103,1685,1.357875
1104,1692,1.363516
1105,1693,1.364322
1106,1685,1.357875
1107,1685,1.357875
1108,1684,1.357070
1109,1685,1.357875
1110,1684,1.357070
1111,1689,1.361099
1112,1693,1.364322
1113,1685,1.357875
1114,1693,1.364322
1115,1692,1.363516
1116,1685,1.357875
1117,1676,1.350623
1118,1681,1.354652
1119,1669,1.344982
1120,1676,1.350623
1121,1689,1.361099
1122,1693,1.364322
1123,1689,1.361099
1124,1685,1.357875
1125,1693,1.364322
1126,1689,1.361099
1127,1681,1.354652
1128,1684,1.357070
1129,1685,1.357875
1130,1681,1.354652
1131,1685,1.357875
1132,1681,1.354652
1133,1685,1.357875
1134,1677,1.351429
1135,1677,1.351429
1136,1673,1.348205
1137,1681,1.354652
1138,1680,1.353846
1139,1677,1.351429
1140,1677,1.351429
1141,1689,1.361099
1142,1673,1.348205
1143,1681,1.354652
1144,1673,1.348205
1145,1663,1.340147
1146,1689,1.361099
1147,1680,1.353846
1148,1669,1.344982
1149,1685,1.357875
1150,1693,1.364322
1151,1695,1.365934
1152,1685,1.357875
1153,1681,1.354652
1154,1677,1.351429
1155,1673,1.348205
1156,1681,1.354652
1157,1677,1.351429
1158,1677,1.351429
1159,1669,1.344982
1160,1681,1.354652
1161,1681,1.354652
1162,1685,1.357875
1163,1673,1.348205
1164,1663,1.340147
1165,1692,1.363516
1166,1684,1.357070
1167,1669,1.344982
1168,1681,1.354652
1169,1693,1.364322
1170,1669,1.344982
1171,1649,1.328864
1172,1669,1.344982
1173,1663,1.340147
1174,1663,1.340147
1175,1661,1.338535
1176,1661,1.338535
1177,1661,1.338535
1178,1663,1.340147
1179,1669,1.344982
1180,1663,1.340147
1181,1652,1.331282
1182,1661,1.338535
1183,1663,1.340147
1184,1649,1.328864
1185,1657,1.335311
1186,1661,1.338535
1187,1661,1.338535
1188,1657,1.335311
1189,1653,1.332088
1190,1661,1.338535
1191,1653,1.332088
1192,1653,1.332088
1193,1660,1.337729
1194,1653,1.332088
1195,1653,1.332088
1196,1653,1.332088
1197,1648,1.328059
1198,1653,1.332088
1199,1653,1.332088
1200,1653,1.332088
1201,1653,1.332088
1202,1641,1.322418
1203,1653,1.332088
1204,1649,1.328864
1205,1649,1.328864
1206,1637,1.319194
1207,1653,1.332088
1208,1663,1.340147
1209,1657,1.335311
1210,1657,1.335311
1211,1663,1.340147
1212,1661,1.338535
1213,1657,1.335311
1214,1649,1.328864
1215,1653,1.332088
1216,1649,1.328864
1217,1648,1.328059
1218,1648,1.328059
1219,1653,1.332088
1220,1649,1.328864
1221,1637,1.319194
1222,1629,1.312747
1223,1637,1.319194
1224,1637,1.319194
1225,1649,1.328864
1226,1641,1.322418
1227,1641,1.322418
1228,1637,1.319194
1229,1641,1.322418
1230,1633,1.315971
1231,1637,1.319194
1232,1637,1.319194
1233,1641,1.322418
1234,1649,1.328864
1235,1641,1.322418
1236,1637,1.319194
1237,1637,1.319194
1238,1629,1.312747
1239,1629,1.312747
1240,1629,1.312747
1241,1629,1.312747
1242,1629,1.312747
1243,1629,1.312747
1244,1621,1.306300
1245,1637,1.319194
1246,1633,1.315971
1247,1633,1.315971
1248,1629,1.312747
1249,1631,1.314359
1250,1625,1.309524
1251,1617,1.303077
1252,1617,1.303077
1253,1621,1.306300
1254,1629,1.312747
1255,1621,1.306300
1256,1613,1.299853
1257,1617,1.303077
1258,1625,1.309524
1259,1621,1.306300
1260,1616,1.302271
1261,1609,1.296630
1262,1617,1.303077
1263,1612,1.299048
1264,1617,1.303077
1265,1617,1.303077
1266,1617,1.303077
1267,1616,1.302271
1268,1616,1.302271
1269,1609,1.296630
1270,1612,1.299048
1271,1609,1.296630
1272,1609,1.296630
1273,1605,1.293407
1274,1605,1.293407
1275,1613,1.299853
1276,1609,1.296630
1277,1604,1.292601
1278,1597,1.286960
1279,1604,1.292601
1280,1601,1.290183
1281,1601,1.290183
1282,1605,1.293407
1283,1609,1.296630
1284,1605,1.293407
1285,1605,1.293407
1286,1612,1.299048
1287,1597,1.286960
1288,1593,1.283736
1289,1601,1.290183
1290,1599,1.288571
1291,1601,1.290183
1292,1597,1.286960
1293,1597,1.286960
1294,1597,1.286960
1295,1597,1.286960
1296,1597,1.286960
1297,1596,1.286154
1298,1593,1.283736
1299,1589,1.280513
1300,1593,1.283736
1301,1597,1.286960
1302,1585,1.277289
1303,1589,1.280513
1304,1589,1.280513
1305,1585,1.277289
1306,1585,1.277289
1307,1585,1.277289
1308,1585,1.277289
1309,1581,1.274066
1310,1581,1.274066
1311,1584,1.276484
1312,1585,1.277289
1313,1581,1.274066
1314,1581,1.274066
1315,1581,1.274066
1316,1573,1.267619
1317,1577,1.270842
1318,1581,1.274066
1319,1580,1.273260
1320,1577,1.270842
1321,1577,1.270842
1322,1577,1.270842
1323,1577,1.270842
1324,1567,1.262784
1325,1569,1.264396
1326,1567,1.262784
1327,1567,1.262784
1328,1565,1.261172
1329,1565,1.261172
1330,1565,1.261172
1331,1561,1.257949
1332,1564,1.260366
1333,1564,1.260366
1334,1561,1.257949
1335,1557,1.254725
1336,1557,1.254725
1337,1557,1.254725
1338,1557,1.254725
1339,1557,1.254725
1340,1557,1.254725
1341,1557,1.254725
1342,1557,1.254725
1343,1556,1.253919
1344,1556,1.253919
1345,1552,1.250696
1346,1549,1.248278
1347,1549,1.248278
1348,1548,1.247473
1349,1549,1.248278
1350,1549,1.248278
1351,1548,1.247473
1352,1549,1.248278
1353,1541,1.241832
1354,1541,1.241832
1355,1545,1.245055
1356,1545,1.245055
1357,1541,1.241832
1358,1541,1.241832
1359,1540,1.241026
1360,1537,1.238608
1361,1536,1.237802
1362,1537,1.238608
1363,1536,1.237802
1364,1536,1.237802
1365,1536,1.237802
1366,1536,1.237802
1367,1536,1.237802
1368,1529,1.232161
1369,1525,1.228938
1370,1525,1.228938
1371,1525,1.228938
1372,1529,1.232161
1373,1525,1.228938
1374,1525,1.228938
1375,1525,1.228938
1376,1525,1.228938
1377,1525,1.228938
1378,1524,1.228132
1379,1521,1.225714
1380,1521,1.225714
1381,1521,1.225714
1382,1521,1.225714
1383,1517,1.222491
1384,1517,1.222491
1385,1516,1.221685
1386,1516,1.221685
1387,1513,1.219267
1388,1513,1.219267
1389,1509,1.216044
1390,1513,1.219267
1391,1509,1.216044
1392,1509,1.216044
1393,1508,1.215238
1394,1508,1.215238
1395,1505,1.212821
1396,1505,1.212821
1397,1505,1.212821
1398,1505,1.212821
1399,1501,1.209597
1400,1501,1.209597
1401,1501,1.209597
1402,1501,1.209597
1403,1500,1.208791
1404,1501,1.209597
1405,1501,1.209597
1406,1501,1.209597
1407,1500,1.208791
1408,1500,1.208791
1409,1501,1.209597
1410,1497,1.206374
1411,1497,1.206374
1412,1497,1.206374
1413,1497,1.206374
1414,1493,1.203150
1415,1493,1.203150
1416,1493,1.203150
1417,1493,1.203150
1418,1493,1.203150
1419,1492,1.202344
1420,1492,1.202344
1421,1492,1.202344
1422,1489,1.199927
1423,1489,1.199927
1424,1489,1.199927
1425,1489,1.199927
1426,1489,1.199927
1427,1489,1.199927
1428,1488,1.199121
1429,1485,1.196703
1430,1485,1.196703
1431,1485,1.196703
1432,1485,1.196703
1433,1485,1.196703
1434,1485,1.196703
1435,1485,1.196703
1436,1484,1.195897
1437,1484,1.195897
1438,1484,1.195897
1439,1481,1.193480
1440,1481,1.193480
1441,1481,1.193480
1442,1481,1.193480
1443,1481,1.193480
1444,1477,1.190256
1445,1477,1.190256
1446,1477,1.190256
1447,1477,1.190256
1448,1477,1.190256
1449,1477,1.190256
1450,1477,1.190256
1451,1477,1.190256
1452,1477,1.190256
1453,1477,1.190256
1454,1477,1.190256
1455,1477,1.190256
1456,1477,1.190256
1457,1477,1.190256
1458,1477,1.190256
1459,1477,1.190256
1460,1476,1.189451
1461,1477,1.190256
1462,1476,1.189451
1463,1476,1.189451
1464,1476,1.189451
1465,1476,1.189451
1466,1473,1.187033
1467,1473,1.187033
1468,1473,1.187033
1469,1476,1.189451
1470,1473,1.187033
1471,1473,1.187033
1472,1473,1.187033
1473,1473,1.187033
1474,1473,1.187033
1475,1473,1.187033
1476,1473,1.187033
1477,1473,1.187033
1478,1473,1.187033
1479,1473,1.187033
1480,1473,1.187033
1481,1473,1.187033
1482,1473,1.187033
1483,1473,1.187033
1484,1472,1.186227
1485,1472,1.186227
1486,1469,1.183810
1487,1472,1.186227
1488,1469,1.183810
1489,1469,1.183810
1490,1469,1.183810
1491,1469,1.183810
1492,1469,1.183810
1493,1469,1.183810
1494,1469,1.183810
1495,1469,1.183810
1496,1469,1.183810
1497,1469,1.183810
1498,1469,1.183810
1499,1469,1.183810
1500,1469,1.183810
1501,1469,1.183810
1502,1468,1.183004
1503,1469,1.183810
1504,1468,1.183004
1505,1469,1.183810
1506,1469,1.183810
1507,1469,1.183810
1508,1468,1.183004
1509,1468,1.183004
1510,1468,1.183004
1511,1468,1.183004
1512,1468,1.183004
1513,1468,1.183004
1514,1468,1.183004
1515,1468,1.183004
1516,1468,1.183004
1517,1468,1.183004
1518,1468,1.183004
1519,1468,1.183004
1520,1468,1.183004
1521,1468,1.183004
1522,1465,1.180586
1523,1468,1.183004
1524,1465,1.180586
1525,1468,1.183004
1526,1465,1.180586
1527,1468,1.183004
1528,1465,1.180586
1529,1465,1.180586
1530,1465,1.180586
1531,1465,1.180586
1532,1465,1.180586
1533,1465,1.180586
1534,1465,1.180586
1535,1465,1.180586
1536,1465,1.180586
1537,1465,1.180586
1538,1465,1.180586
1539,1465,1.180586
1540,1465,1.180586
1541,1465,1.180586
1542,1465,1.180586
1543,1465,1.180586
1544,1465,1.180586
1545,1465,1.180586
1546,1465,1.180586
1547,1465,1.180586
1548,1465,1.180586
1549,1465,1.180586
1550,1465,1.180586
1551,1465,1.180586
1552,1461,1.177363
1553,1465,1.180586
1554,1461,1.177363
1555,1464,1.179780
1556,1461,1.177363
1557,1465,1.180586
1558,1461,1.177363
1559,1461,1.177363
1560,1463,1.178974
1561,1463,1.178974
1562,1461,1.177363
1563,1461,1.177363
1564,1461,1.177363
1565,1461,1.177363
1566,1461,1.177363
1567,1461,1.177363
1568,1461,1.177363
1569,1461,1.177363
1570,1461,1.177363
1571,1461,1.177363
1572,1461,1.177363
1573,1461,1.177363
1574,1461,1.177363
1575,1461,1.177363
1576,1461,1.177363
1577,1461,1.177363
1578,1461,1.177363
1579,1461,1.177363
1580,1461,1.177363
1581,1461,1.177363
1582,1461,1.177363
1583,1461,1.177363
1584,1461,1.177363
1585,1461,1.177363
1586,1461,1.177363
1587,1461,1.177363
1588,1461,1.177363
1589,1461,1.177363
1590,1461,1.177363
1591,1461,1.177363
1592,1461,1.177363
1593,1461,1.177363
1594,1461,1.177363
1595,1461,1.177363
1596,1461,1.177363
1597,1461,1.177363
1598,1461,1.177363
1599,1461,1.177363
1600,1461,1.177363
1601,1461,1.177363
1602,1461,1.177363
1603,1461,1.177363
1604,1461,1.177363
1605,1461,1.177363
1606,1461,1.177363
1607,1461,1.177363
1608,1460,1.176557
1609,1461,1.177363
1610,1460,1.176557
1611,1461,1.177363
1612,1460,1.176557
1613,1460,1.176557
1614,1460,1.176557
1615,1460,1.176557
1616,1460,1.176557
1617,1461,1.177363
1618,1460,1.176557
1619,1460,1.176557
1620,1460,1.176557
1621,1460,1.176557
1622,1460,1.176557
1623,1460,1.176557
1624,1460,1.176557
1625,1460,1.176557
1626,1460,1.176557
1627,1460,1.176557
1628,1460,1.176557
1629,1460,1.176557
1630,1460,1.176557
1631,1460,1.176557
1632,1457,1.174139
1633,1460,1.176557
1634,1460,1.176557
1635,1460,1.176557
1636,1460,1.176557
1637,1460,1.176557
1638,1457,1.174139
1639,1460,1.176557
1640,1460,1.176557
1641,1460,1.176557
1642,1457,1.174139
1643,1460,1.176557
1644,1460,1.176557
1645,1460,1.176557
1646,1457,1.174139
1647,1460,1.176557
1648,1457,1.174139
1649,1457,1.174139
1650,1457,1.174139
1651,1460,1.176557
1652,1457,1.174139
1653,1457,1.174139
1654,1457,1.174139
1655,1460,1.176557
1656,1457,1.174139
1657,1457,1.174139
1658,1457,1.174139
1659,1457,1.174139
1660,1457,1.174139
1661,1457,1.174139
1662,1457,1.174139
1663,1457,1.174139
1664,1457,1.174139
1665,1457,1.174139
1666,1457,1.174139
1667,1457,1.174139
1668,1457,1.174139
1669,1457,1.174139
1670,1457,1.174139
1671,1457,1.174139
1672,1457,1.174139
1673,1457,1.174139
1674,1457,1.174139
1675,1457,1.174139
1676,1457,1.174139
1677,1457,1.174139
1678,1457,1.174139
1679,1457,1.174139
1680,1457,1.174139
1681,1457,1.174139
1682,1457,1.174139
1683,1457,1.174139
1684,1457,1.174139
1685,1457,1.174139
1686,1457,1.174139
1687,1457,1.174139
1688,1457,1.174139
1689,1457,1.174139
1690,1457,1.174139
1691,1457,1.174139
1692,1456,1.173333
1693,1457,1.174139
1694,1457,1.174139
1695,1457,1.174139
1696,1456,1.173333
1697,1457,1.174139
1698,1457,1.174139
1699,1457,1.174139
1700,1456,1.173333
1701,1457,1.174139
1702,1456,1.173333
1703,1456,1.173333
1704,1456,1.173333
1705,1457,1.174139
1706,1456,1.173333
1707,1457,1.174139
1708,1456,1.173333
1709,1457,1.174139
1710,1456,1.173333
1711,1457,1.174139
1712,1456,1.173333
1713,1456,1.173333
1714,1456,1.173333
1715,1457,1.174139
1716,1456,1.173333
1717,1456,1.173333
1718,1456,1.173333
1719,1456,1.173333
1720,1456,1.173333
1721,1456,1.173333
1722,1456,1.173333
1723,1457,1.174139
1724,1456,1.173333
1725,1457,1.174139
1726,1456,1.173333
1727,1456,1.173333
1728,1456,1.173333
1729,1457,1.174139
1730,1456,1.173333
1731,1456,1.173333
1732,1456,1.173333
1733,1456,1.173333
1734,1456,1.173333
1735,1456,1.173333
1736,1456,1.173333
1737,1456,1.173333
1738,1456,1.173333
1739,1456,1.173333
1740,1456,1.173333
1741,1456,1.173333
1742,1453,1.170916
1743,1456,1.173333
1744,1456,1.173333
1745,1456,1.173333
1746,1456,1.173333
1747,1456,1.173333
1748,1456,1.173333
1749,1456,1.173333
1750,1456,1.173333
1751,1456,1.173333
1752,1453,1.170916
1753,1456,1.173333
1754,1453,1.170916
1755,1456,1.173333
1756,1453,1.170916
1757,1456,1.173333
1758,1453,1.170916
1759,1453,1.170916
1760,1453,1.170916
1761,1453,1.170916
1762,1456,1.173333
1763,1453,1.170916
1764,1453,1.170916
1765,1453,1.170916
1766,1453,1.170916
1767,1453,1.170916
1768,1453,1.170916
1769,1453,1.170916
1770,1453,1.170916
1771,1453,1.170916
1772,1453,1.170916
1773,1453,1.170916
1774,1453,1.170916
1775,1453,1.170916
1776,1453,1.170916
1777,1453,1.170916
1778,1453,1.170916
1779,1453,1.170916
1780,1453,1.170916
1781,1453,1.170916
1782,1453,1.170916
1783,1453,1.170916
1784,1453,1.170916
1785,1453,1.170916
1786,1453,1.170916
1787,1453,1.170916
1788,1453,1.170916
1789,1453,1.170916
1790,1453,1.170916
1791,1453,1.170916
1792,1453,1.170916
1793,1453,1.170916
1794,1453,1.170916
1795,1453,1.170916
1796,1453,1.170916
1797,1453,1.170916
1798,1453,1.170916
1799,1453,1.170916
1800,1453,1.170916
1801,1453,1.170916
1802,1453,1.170916
1803,1453,1.170916
1804,1453,1.170916
1805,1453,1.170916
1806,1453,1.170916
1807,1453,1.170916
1808,1453,1.170916
1809,1453,1.170916
1810,1453,1.170916
1811,1453,1.170916
1812,1453,1.170916
1813,1453,1.170916
1814,1453,1.170916
1815,1453,1.170916
1816,1453,1.170916
1817,1453,1.170916
1818,1453,1.170916
1819,1453,1.170916
1820,1453,1.170916
1821,1453,1.170916
1822,1453,1.170916
1823,1453,1.170916
1824,1452,1.170110
1825,1453,1.170916
1826,1453,1.170916
1827,1453,1.170916
1828,1453,1.170916
1829,1453,1.170916
1830,1453,1.170916
1831,1453,1.170916
1832,1453,1.170916
1833,1453,1.170916
1834,1453,1.170916
1835,1453,1.170916
1836,1453,1.170916
1837,1453,1.170916
1838,1452,1.170110
1839,1453,1.170916
1840,1453,1.170916
1841,1453,1.170916
1842,1452,1.170110
1843,1453,1.170916
1844,1453,1.170916
1845,1453,1.170916
1846,1453,1.170916
1847,1453,1.170916
1848,1453,1.170916
1849,1453,1.170916
1850,1452,1.170110
1851,1453,1.170916
1852,1453,1.170916
1853,1453,1.170916
1854,1452,1.170110
1855,1453,1.170916
1856,1452,1.170110
1857,1453,1.170916
1858,1452,1.170110
1859,1453,1.170916
1860,1453,1.170916
1861,1452,1.170110
1862,1452,1.170110
1863,1453,1.170916
1864,1453,1.170916
1865,1453,1.170916
1866,1452,1.170110
1867,1452,1.170110
1868,1452,1.170110
1869,1452,1.170110
1870,1452,1.170110
1871,1453,1.170916
1872,1452,1.170110
1873,1453,1.170916
1874,1453,1.170916
1875,1452,1.170110
1876,1452,1.170110
1877,1453,1.170916
1878,1452,1.170110
1879,1453,1.170916
1880,1452,1.170110
1881,1452,1.170110
1882,1452,1.170110
1883,1452,1.170110
1884,1452,1.170110
1885,1452,1.170110
1886,1452,1.170110
1887,1452,1.170110
1888,1452,1.170110
1889,1452,1.170110
1890,1452,1.170110
1891,1452,1.170110
1892,1452,1.170110
1893,1452,1.170110
1894,1452,1.170110
1895,1453,1.170916
1896,1452,1.170110
1897,1452,1.170110
1898,1452,1.170110
1899,1452,1.170110
1900,1452,1.170110
1901,1452,1.170110
1902,1452,1.170110
1903,1452,1.170110
1904,1452,1.170110
1905,1452,1.170110
1906,1452,1.170110
1907,1452,1.170110
1908,1452,1.170110
1909,1452,1.170110
1910,1452,1.170110
1911,1452,1.170110
1912,1452,1.170110
1913,1452,1.170110
1914,1452,1.170110
1915,1452,1.170110
1916,1452,1.170110
1917,1452,1.170110
1918,1452,1.170110
1919,1452,1.170110
1920,1452,1.170110
1921,1452,1.170110
1922,1452,1.170110
1923,1452,1.170110
1924,1452,1.170110
1925,1452,1.170110
1926,1452,1.170110
1927,1452,1.170110
1928,1452,1.170110
1929,1452,1.170110
1930,1452,1.170110
1931,1452,1.170110
1932,1452,1.170110
1933,1452,1.170110
1934,1449,1.167692
1935,1449,1.167692
1936,1449,1.167692
1937,1452,1.170110
1938,1452,1.170110
1939,1449,1.167692
1940,1452,1.170110
1941,1449,1.167692
1942,1449,1.167692
1943,1452,1.170110
1944,1452,1.170110
1945,1452,1.170110
1946,1449,1.167692
1947,1452,1.170110
1948,1449,1.167692
1949,1452,1.170110
1950,1449,1.167692
1951,1452,1.170110
1952,1452,1.170110
1953,1452,1.170110
1954,1449,1.167692
1955,1452,1.170110
1956,1449,1.167692
1957,1452,1.170110
1958,1449,1.167692
1959,1452,1.170110
1960,1449,1.167692
1961,1449,1.167692
1962,1449,1.167692
1963,1452,1.170110
1964,1449,1.167692
1965,1449,1.167692
1966,1449,1.167692
1967,1452,1.170110
1968,1449,1.167692
1969,1452,1.170110
1970,1449,1.167692
1971,1452,1.170110
1972,1449,1.167692
1973,1452,1.170110
1974,1449,1.167692
1975,1449,1.167692
1976,1449,1.167692
1977,1449,1.167692
1978,1449,1.167692
1979,1449,1.167692
1980,1449,1.167692
1981,1449,1.167692
1982,1452,1.170110
1983,1449,1.167692
1984,1449,1.167692
1985,1452,1.170110
1986,1449,1.167692
1987,1452,1.170110
1988,1449,1.167692
1989,1452,1.170110
1990,1449,1.167692
1991,1449,1.167692
1992,1449,1.167692
1993,1449,1.167692
1994,1449,1.167692
1995,1449,1.167692
1996,1449,1.167692
1997,1449,1.167692
1998,1449,1.167692
1999,1452,1.170110
2000,1449,1.167692
2001,1452,1.170110
2002,1449,1.167692
2003,1449,1.167692
2004,1449,1.167692
2005,1449,1.167692
2006,1449,1.167692
2007,1449,1.167692
2008,1449,1.167692
2009,1449,1.167692
2010,1449,1.167692
2011,1449,1.167692
2012,1449,1.167692
2013,1449,1.167692
2014,1449,1.167692
2015,1449,1.167692
2016,1449,1.167692
2017,1449,1.167692
2018,1449,1.167692
2019,1449,1.167692
2020,1449,1.167692
2021,1449,1.167692
2022,1449,1.167692
2023,1449,1.167692
2024,1449,1.167692
2025,1449,1.167692
2026,1449,1.167692
2027,1449,1.167692
2028,1449,1.167692
2029,1452,1.170110
2030,1449,1.167692
2031,1449,1.167692
2032,1449,1.167692
2033,1449,1.167692
2034,1449,1.167692
2035,1452,1.170110
2036,1449,1.167692
2037,1449,1.167692
2038,1449,1.167692
2039,1449,1.167692
2040,1449,1.167692
2041,1449,1.167692
2042,1449,1.167692
2043,1449,1.167692
2044,1449,1.167692
2045,1449,1.167692
2046,1449,1.167692
2047,1449,1.167692
2048,1449,1.167692
2049,1449,1.167692
2050,1449,1.167692
2051,1449,1.167692
2052,1449,1.167692
2053,1449,1.167692
2054,1449,1.167692
2055,1449,1.167692
2056,1449,1.167692
2057,1449,1.167692
2058,1449,1.167692
2059,1449,1.167692
2060,1449,1.167692
2061,1449,1.167692
2062,1449,1.167692
2063,1449,1.167692
2064,1449,1.167692
2065,1449,1.167692
2066,1449,1.167692
2067,1449,1.167692
2068,1449,1.167692
2069,1449,1.167692
2070,1449,1.167692
2071,1449,1.167692
2072,1449,1.167692
2073,1449,1.167692
2074,1449,1.167692
2075,1449,1.167692
2076,1449,1.167692
2077,1449,1.167692
2078,1449,1.167692
2079,1449,1.167692
2080,1449,1.167692
2081,1449,1.167692
2082,1449,1.167692
2083,1449,1.167692
2084,1449,1.167692
2085,1449,1.167692
2086,1449,1.167692
2087,1449,1.167692
2088,1449,1.167692
2089,1449,1.167692
2090,1449,1.167692
2091,1449,1.167692
2092,1449,1.167692
2093,1449,1.167692
2094,1449,1.167692
2095,1449,1.167692
2096,1449,1.167692
2097,1449,1.167692
2098,1449,1.167692
2099,1449,1.167692
2100,1449,1.167692
2101,1449,1.167692
2102,1449,1.167692
2103,1449,1.167692
2104,1449,1.167692
2105,1449,1.167692
2106,1449,1.167692
2107,1449,1.167692
2108,1449,1.167692
2109,1449,1.167692
2110,1447,1.166081
2111,1449,1.167692
2112,1448,1.166886
2113,1449,1.167692
2114,1449,1.167692
2115,1449,1.167692
2116,1445,1.164469
2117,1449,1.167692
2118,1448,1.166886
2119,1449,1.167692
2120,1449,1.167692
2121,1449,1.167692
2122,1449,1.167692
2123,1447,1.166081
2124,1445,1.164469
2125,1449,1.167692
2126,1447,1.166081
2127,1448,1.166886
2128,1449,1.167692
2129,1445,1.164469
2130,1445,1.164469
2131,1445,1.164469
2132,1445,1.164469
2133,1449,1.167692
2134,1445,1.164469
2135,1445,1.164469
2136,1449,1.167692
2137,1448,1.166886
2138,1445,1.164469
2139,1449,1.167692
2140,1445,1.164469
2141,1449,1.167692
2142,1447,1.166081
2143,1445,1.164469
2144,1445,1.164469
2145,1448,1.166886
2146,1445,1.164469
2147,1449,1.167692
2148,1445,1.164469
2149,1445,1.164469
2150,1447,1.166081
2151,1445,1.164469
2152,1445,1.164469
2153,1447,1.166081
2154,1445,1.164469
2155,1448,1.166886
2156,1445,1.164469
2157,1445,1.164469
2158,1445,1.164469
2159,1445,1.164469
2160,1445,1.164469
2161,1449,1.167692
2162,1445,1.164469
2163,1449,1.167692
2164,1445,1.164469
2165,1445,1.164469
2166,1445,1.164469
2167,1445,1.164469
2168,1445,1.164469
2169,1449,1.167692
2170,1445,1.164469
2171,1445,1.164469
2172,1445,1.164469
2173,1445,1.164469
2174,1445,1.164469
2175,1445,1.164469
2176,1445,1.164469
2177,1448,1.166886
2178,1445,1.164469
2179,1445,1.164469
2180,1445,1.164469
2181,1445,1.164469
2182,1445,1.164469
2183,1447,1.166081
2184,1445,1.164469
2185,1445,1.164469
2186,1445,1.164469
2187,1445,1.164469
2188,1445,1.164469
2189,1445,1.164469
2190,1445,1.164469
2191,1445,1.164469
2192,1445,1.164469
2193,1445,1.164469
2194,1445,1.164469
2195,1445,1.164469
2196,1445,1.164469
2197,1445,1.164469
2198,1445,1.164469
2199,1445,1.164469
2200,1445,1.164469
2201,1445,1.164469
2202,1445,1.164469
2203,1445,1.164469
2204,1445,1.164469
2205,1445,1.164469
2206,1445,1.164469
2207,1445,1.164469
2208,1445,1.164469
2209,1445,1.164469
2210,1445,1.164469
2211,1445,1.164469
2212,1445,1.164469
2213,1445,1.164469
2214,1445,1.164469
2215,1445,1.164469
2216,1445,1.164469
2217,1445,1.164469
2218,1445,1.164469
2219,1445,1.164469
2220,1445,1.164469
2221,1445,1.164469
2222,1445,1.164469
2223,1445,1.164469
2224,1445,1.164469
2225,1445,1.164469
2226,1445,1.164469
2227,1445,1.164469
2228,1445,1.164469
2229,1445,1.164469
2230,1445,1.164469
2231,1445,1.164469
2232,1445,1.164469
2233,1445,1.164469
2234,1445,1.164469
2235,1445,1.164469
2236,1445,1.164469
2237,1445,1.164469
2238,1445,1.164469
2239,1445,1.164469
2240,1445,1.164469
2241,1445,1.164469
2242,1445,1.164469
2243,1445,1.164469
2244,1445,1.164469
2245,1445,1.164469
2246,1445,1.164469
2247,1445,1.164469
2248,1445,1.164469
2249,1445,1.164469
2250,1445,1.164469
2251,1445,1.164469
2252,1445,1.164469
2253,1445,1.164469
2254,1445,1.164469
2255,1445,1.164469
2256,1445,1.164469
2257,1445,1.164469
2258,1445,1.164469
2259,1445,1.164469
2260,1445,1.164469
2261,1445,1.164469
2262,1445,1.164469
2263,1445,1.164469
2264,1445,1.164469
2265,1445,1.164469
2266,1445,1.164469
2267,1445,1.164469
2268,1445,1.164469
2269,1445,1.164469
2270,1445,1.164469
2271,1445,1.164469
2272,1445,1.164469
2273,1445,1.164469
2274,1445,1.164469
2275,1445,1.164469
2276,1445,1.164469
2277,1445,1.164469
2278,1445,1.164469
2279,1445,1.164469
2280,1445,1.164469
2281,1445,1.164469
2282,1445,1.164469
2283,1445,1.164469
2284,1445,1.164469
2285,1445,1.164469
2286,1445,1.164469
2287,1445,1.164469
2288,1445,1.164469
2289,1445,1.164469
2290,1445,1.164469
2291,1445,1.164469
2292,1445,1.164469
2293,1445,1.164469
2294,1445,1.164469
2295,1445,1.164469
2296,1445,1.164469
2297,1445,1.164469
2298,1445,1.164469
2299,1445,1.164469
2300,1445,1.164469
2301,1445,1.164469
2302,1445,1.164469
2303,1445,1.164469
2304,1445,1.164469
2305,1445,1.164469
2306,1445,1.164469
2307,1445,1.164469
2308,1445,1.164469
2309,1445,1.164469
2310,1445,1.164469
2311,1445,1.164469
2312,1445,1.164469
2313,1445,1.164469
2314,1445,1.164469
2315,1445,1.164469
2316,1445,1.164469
2317,1445,1.164469
2318,1445,1.164469
2319,1445,1.164469
2320,1445,1.164469
2321,1445,1.164469
2322,1445,1.164469
2323,1445,1.164469
2324,1445,1.164469
2325,1445,1.164469
2326,1445,1.164469
2327,1445,1.164469
2328,1445,1.164469
2329,1445,1.164469
2330,1445,1.164469
2331,1445,1.164469
2332,1445,1.164469
2333,1445,1.164469
2334,1445,1.164469
2335,1445,1.164469
2336,1445,1.164469
2337,1445,1.164469
2338,1445,1.164469
2339,1445,1.164469
2340,1445,1.164469
2341,1445,1.164469
2342,1445,1.164469
2343,1445,1.164469
2344,1445,1.164469
2345,1445,1.164469
2346,1445,1.164469
2347,1445,1.164469
2348,1445,1.164469
2349,1445,1.164469
2350,1445,1.164469
2351,1445,1.164469
2352,1445,1.164469
2353,1445,1.164469
2354,1445,1.164469
2355,1445,1.164469
2356,1445,1.164469
2357,1445,1.164469
2358,1445,1.164469
2359,1445,1.164469
2360,1445,1.164469
2361,1445,1.164469
2362,1445,1.164469
2363,1445,1.164469
2364,1445,1.164469
2365,1445,1.164469
2366,1445,1.164469
2367,1445,1.164469
2368,1445,1.164469
2369,1445,1.164469
2370,1445,1.164469
2371,1445,1.164469
2372,1445,1.164469
2373,1445,1.164469
2374,1445,1.164469
2375,1445,1.164469
2376,1445,1.164469
2377,1445,1.164469
2378,1445,1.164469
2379,1445,1.164469
2380,1445,1.164469
2381,1445,1.164469
2382,1445,1.164469
2383,1445,1.164469
2384,1445,1.164469
2385,1445,1.164469
2386,1445,1.164469
2387,1445,1.164469
2388,1445,1.164469
2389,1445,1.164469
2390,1445,1.164469
2391,1445,1.164469
2392,1445,1.164469
2393,1445,1.164469
2394,1445,1.164469
2395,1445,1.164469
2396,1445,1.164469
2397,1445,1.164469
2398,1445,1.164469
2399,1445,1.164469
2400,1445,1.164469
2401,1445,1.164469
2402,1445,1.164469
2403,1445,1.164469
2404,1445,1.164469
2405,1445,1.164469
2406,1445,1.164469
2407,1445,1.164469
2408,1445,1.164469
2409,1445,1.164469
2410,1445,1.164469
2411,1445,1.164469
2412,1445,1.164469
2413,1445,1.164469
2414,1445,1.164469
2415,1445,1.164469
2416,1445,1.164469
2417,1445,1.164469
2418,1445,1.164469
2419,1445,1.164469
2420,1445,1.164469
2421,1445,1.164469
2422,1445,1.164469
2423,1445,1.164469
2424,1445,1.164469
2425,1445,1.164469
2426,1445,1.164469
2427,1445,1.164469
2428,1445,1.164469
2429,1445,1.164469
2430,1445,1.164469
2431,1445,1.164469
2432,1445,1.164469
2433,1445,1.164469
2434,1445,1.164469
2435,1445,1.164469
2436,1445,1.164469
2437,1445,1.164469
2438,1445,1.164469
2439,1445,1.164469
2440,1445,1.164469
2441,1445,1.164469
2442,1445,1.164469
2443,1445,1.164469
2444,1445,1.164469
2445,1445,1.164469
2446,1445,1.164469
2447,1445,1.164469
2448,1445,1.164469
2449,1445,1.164469
2450,1445,1.164469
2451,1445,1.164469
2452,1445,1.164469
2453,1445,1.164469
2454,1445,1.164469
2455,1445,1.164469
2456,1445,1.164469
2457,1445,1.164469
2458,1445,1.164469
2459,1445,1.164469
2460,1445,1.164469
2461,1445,1.164469
2462,1445,1.164469
2463,1445,1.164469
2464,1445,1.164469
2465,1445,1.164469
2466,1444,1.163663
2467,1445,1.164469
2468,1445,1.164469
2469,1445,1.164469
2470,1444,1.163663
2471,1445,1.164469
2472,1444,1.163663
2473,1445,1.164469
2474,1445,1.164469
2475,1445,1.164469
2476,1445,1.164469
2477,1445,1.164469
2478,1445,1.164469
2479,1445,1.164469
2480,1445,1.164469
2481,1445,1.164469
2482,1445,1.164469
2483,1445,1.164469
2484,1444,1.163663
2485,1445,1.164469
2486,1445,1.164469
2487,1445,1.164469
2488,1445,1.164469
2489,1445,1.164469
2490,1445,1.164469
2491,1445,1.164469
2492,1444,1.163663
2493,1445,1.164469
2494,1445,1.164469
2495,1445,1.164469
2496,1445,1.164469
2497,1445,1.164469
2498,1445,1.164469
2499,1445,1.164469
2500,1445,1.164469
2501,1445,1.164469
2502,1445,1.164469
2503,1445,1.164469
2504,1445,1.164469
2505,1445,1.164469
2506,1445,1.164469
2507,1445,1.164469
2508,1445,1.164469
2509,1445,1.164469
2510,1445,1.164469
2511,1445,1.164469
2512,1445,1.164469
2513,1445,1.164469
2514,1445,1.164469
2515,1445,1.164469
2516,1445,1.164469
2517,1445,1.164469
2518,1445,1.164469
2519,1445,1.164469
2520,1445,1.164469
2521,1445,1.164469
2522,1445,1.164469
2523,1445,1.164469
2524,1445,1.164469
2525,1445,1.164469
2526,1445,1.164469
2527,1445,1.164469
2528,1445,1.164469
2529,1445,1.164469
2530,1445,1.164469
2531,1445,1.164469
2532,1445,1.164469
2533,1445,1.164469
2534,1445,1.164469
2535,1445,1.164469
2536,1445,1.164469
2537,1445,1.164469
2538,1445,1.164469
2539,1445,1.164469
2540,1445,1.164469
2541,1445,1.164469
2542,1445,1.164469
2543,1445,1.164469
2544,1444,1.163663
2545,1445,1.164469
2546,1445,1.164469
2547,1445,1.164469
2548,1445,1.164469
2549,1444,1.163663
2550,1445,1.164469
2551,1445,1.164469
2552,1445,1.164469
2553,1445,1.164469
2554,1445,1.164469
2555,1445,1.164469
2556,1445,1.164469
2557,1445,1.164469
2558,1445,1.164469
2559,1445,1.164469
2560,1444,1.163663
2561,1445,1.164469
2562,1445,1.164469
2563,1445,1.164469
2564,1444,1.163663
2565,1445,1.164469
2566,1444,1.163663
2567,1445,1.164469
2568,1444,1.163663
2569,1445,1.164469
2570,1445,1.164469
2571,1445,1.164469
2572,1444,1.163663
2573,1445,1.164469
2574,1444,1.163663
2575,1444,1.163663
2576,1445,1.164469
2577,1445,1.164469
2578,1445,1.164469
2579,1445,1.164469
2580,1445,1.164469
2581,1445,1.164469
2582,1444,1.163663
2583,1445,1.164469
2584,1445,1.164469
2585,1445,1.164469
2586,1445,1.164469
2587,1445,1.164469
2588,1445,1.164469
2589,1445,1.164469
2590,1445,1.164469
2591,1445,1.164469
2592,1445,1.164469
2593,1445,1.164469
2594,1445,1.164469
2595,1445,1.164469
2596,1445,1.164469
2597,1445,1.164469
2598,1445,1.164469
2599,1445,1.164469
2600,1445,1.164469
2601,1445,1.164469
2602,1445,1.164469
2603,1445,1.164469
2604,1445,1.164469
2605,1445,1.164469
2606,1445,1.164469
2607,1445,1.164469
2608,1445,1.164469
2609,1445,1.164469
2610,1445,1.164469
2611,1445,1.164469
2612,1445,1.164469
2613,1445,1.164469
2614,1445,1.164469
2615,1445,1.164469
2616,1445,1.164469
2617,1445,1.164469
2618,1444,1.163663
2619,1445,1.164469
2620,1444,1.163663
2621,1444,1.163663
2622,1445,1.164469
2623,1445,1.164469
2624,1444,1.163663
2625,1445,1.164469
2626,1444,1.163663
2627,1445,1.164469
2628,1444,1.163663
2629,1445,1.164469
2630,1444,1.163663
2631,1445,1.164469
2632,1444,1.163663
2633,1445,1.164469
2634,1444,1.163663
2635,1444,1.163663
2636,1444,1.163663
2637,1444,1.163663
2638,1444,1.163663
2639,1444,1.163663
2640,1444,1.163663
2641,1444,1.163663
2642,1444,1.163663
2643,1444,1.163663
2644,1444,1.163663
2645,1444,1.163663
2646,1444,1.163663
2647,1444,1.163663
2648,1444,1.163663
2649,1444,1.163663
2650,1444,1.163663
2651,1444,1.163663
2652,1444,1.163663
2653,1444,1.163663
2654,1444,1.163663
2655,1444,1.163663
2656,1444,1.163663
2657,1444,1.163663
2658,1444,1.163663
2659,1444,1.163663
2660,1444,1.163663
2661,1444,1.163663
2662,1439,1.159634
2663,1444,1.163663
2664,1444,1.163663
2665,1444,1.163663
2666,1444,1.163663
2667,1444,1.163663
2668,1444,1.163663
2669,1444,1.163663
2670,1444,1.163663
2671,1444,1.163663
2672,1444,1.163663
2673,1444,1.163663
2674,1444,1.163663
2675,1444,1.163663
2676,1444,1.163663
2677,1444,1.163663
2678,1444,1.163663
2679,1444,1.163663
2680,1444,1.163663
2681,1444,1.163663
2682,1444,1.163663
2683,1444,1.163663
2684,1444,1.163663
2685,1444,1.163663
2686,1444,1.163663
2687,1444,1.163663
2688,1444,1.163663
2689,1444,1.163663
2690,1444,1.163663
2691,1444,1.163663
2692,1444,1.163663
2693,1444,1.163663
2694,1444,1.163663
2695,1444,1.163663
2696,1444,1.163663
2697,1444,1.163663
2698,1444,1.163663
2699,1444,1.163663
2700,1444,1.163663
2701,1444,1.163663
2702,1444,1.163663
2703,1444,1.163663
2704,1444,1.163663
2705,1444,1.163663
2706,1444,1.163663
2707,1444,1.163663
2708,1444,1.163663
2709,1444,1.163663
2710,1444,1.163663
2711,1444,1.163663
2712,1444,1.163663
2713,1444,1.163663
2714,1444,1.163663
2715,1444,1.163663
2716,1444,1.163663
2717,1444,1.163663
2718,1444,1.163663
2719,1444,1.163663
2720,1444,1.163663
2721,1444,1.163663
2722,1444,1.163663
2723,1444,1.163663
2724,1444,1.163663
2725,1444,1.163663
2726,1444,1.163663
2727,1444,1.163663
2728,1444,1.163663
2729,1444,1.163663
2730,1444,1.163663
2731,1444,1.163663
2732,1444,1.163663
2733,1444,1.163663
2734,1444,1.163663
2735,1444,1.163663
2736,1444,1.163663
2737,1444,1.163663
2738,1444,1.163663
2739,1444,1.163663
2740,1444,1.163663
2741,1444,1.163663
2742,1444,1.163663
2743,1444,1.163663
2744,1444,1.163663
2745,1444,1.163663
2746,1444,1.163663
2747,1444,1.163663
2748,1444,1.163663
2749,1444,1.163663
2750,1444,1.163663
2751,1439,1.159634
2752,1441,1.161245
2753,1444,1.163663
2754,1444,1.163663
2755,1444,1.163663
2756,1444,1.163663
2757,1444,1.163663
2758,1444,1.163663
2759,1444,1.163663
2760,1444,1.163663
2761,1444,1.163663
2762,1444,1.163663
2763,1444,1.163663
2764,1444,1.163663
2765,1439,1.159634
2766,1444,1.163663
2767,1444,1.163663
2768,1441,1.161245
2769,1444,1.163663
2770,1439,1.159634
2771,1444,1.163663
2772,1444,1.163663
2773,1444,1.163663
2774,1444,1.163663
2775,1444,1.163663
2776,1444,1.163663
2777,1444,1.163663
2778,1444,1.163663
2779,1444,1.163663
2780,1444,1.163663
2781,1444,1.163663
2782,1444,1.163663
2783,1444,1.163663
2784,1444,1.163663
2785,1444,1.163663
2786,1444,1.163663
2787,1444,1.163663
2788,1444,1.163663
2789,1444,1.163663
2790,1444,1.163663
2791,1444,1.163663
2792,1444,1.163663
2793,1444,1.163663
2794,1444,1.163663
2795,1444,1.163663
2796,1444,1.163663
2797,1444,1.163663
2798,1444,1.163663
2799,1444,1.163663
2800,1444,1.163663
2801,1444,1.163663
2802,1444,1.163663
2803,1444,1.163663
2804,1444,1.163663
2805,1444,1.163663
2806,1444,1.163663
2807,1444,1.163663
2808,1444,1.163663
2809,1439,1.159634
2810,1439,1.159634
2811,1439,1.159634
2812,1439,1.159634
2813,1439,1.159634
2814,1439,1.159634
2815,1439,1.159634
2816,1444,1.163663
2817,1444,1.163663
2818,1444,1.163663
2819,1444,1.163663
2820,1439,1.159634
2821,1439,1.159634
2822,1439,1.159634
2823,1439,1.159634
2824,1439,1.159634
2825,1439,1.159634
2826,1439,1.159634
2827,1439,1.159634
2828,1439,1.159634
2829,1439,1.159634
2830,1441,1.161245
2831,1444,1.163663
2832,1439,1.159634
2833,1441,1.161245
2834,1439,1.159634
2835,1439,1.159634
2836,1439,1.159634
2837,1439,1.159634
2838,1439,1.159634
2839,1439,1.159634
2840,1439,1.159634
2841,1439,1.159634
2842,1439,1.159634
2843,1439,1.159634
2844,1439,1.159634
2845,1439,1.159634
2846,1439,1.159634
2847,1441,1.161245
2848,1439,1.159634
2849,1439,1.159634
2850,1439,1.159634
2851,1439,1.159634
2852,1439,1.159634
2853,1439,1.159634
2854,1439,1.159634
2855,1439,1.159634
2856,1439,1.159634
2857,1439,1.159634
2858,1439,1.159634
2859,1439,1.159634
2860,1439,1.159634
2861,1444,1.163663
2862,1439,1.159634
2863,1439,1.159634
2864,1439,1.159634
2865,1439,1.159634
2866,1439,1.159634
2867,1439,1.159634
2868,1439,1.159634
2869,1439,1.159634
2870,1439,1.159634
2871,1439,1.159634
2872,1439,1.159634
2873,1441,1.161245
2874,1441,1.161245
2875,1439,1.159634
2876,1439,1.159634
2877,1439,1.159634
2878,1439,1.159634
2879,1439,1.159634
2880,1439,1.159634
2881,1439,1.159634
2882,1439,1.159634
2883,1439,1.159634
2884,1439,1.159634
2885,1439,1.159634
2886,1439,1.159634
2887,1439,1.159634
2888,1439,1.159634
2889,1439,1.159634
2890,1439,1.159634
2891,1439,1.159634
2892,1439,1.159634
2893,1439,1.159634
2894,1439,1.159634
2895,1439,1.159634
2896,1439,1.159634
2897,1439,1.159634
2898,1439,1.159634
2899,1439,1.159634
2900,1439,1.159634
2901,1439,1.159634
2902,1439,1.159634
2903,1439,1.159634
2904,1439,1.159634
2905,1439,1.159634
2906,1439,1.159634
2907,1439,1.159634
2908,1439,1.159634
2909,1439,1.159634
2910,1439,1.159634
2911,1439,1.159634
2912,1439,1.159634
2913,1439,1.159634
2914,1439,1.159634
2915,1439,1.159634
2916,1439,1.159634
2917,1439,1.159634
2918,1439,1.159634
2919,1439,1.159634
2920,1439,1.159634
2921,1439,1.159634
2922,1439,1.159634
2923,1439,1.159634
2924,1439,1.159634
2925,1439,1.159634
2926,1439,1.159634
2927,1439,1.159634
2928,1439,1.159634
2929,1439,1.159634
2930,1439,1.159634
2931,1439,1.159634
2932,1439,1.159634
2933,1439,1.159634
2934,1439,1.159634
2935,1439,1.159634
2936,1439,1.159634
2937,1439,1.159634
2938,1439,1.159634
2939,1439,1.159634
2940,1439,1.159634
2941,1439,1.159634
2942,1439,1.159634
2943,1439,1.159634
2944,1439,1.159634
2945,1439,1.159634
2946,1439,1.159634
2947,1439,1.159634
2948,1439,1.159634
2949,1439,1.159634
2950,1439,1.159634
2951,1439,1.159634
2952,1439,1.159634
2953,1439,1.159634
2954,1439,1.159634
2955,1439,1.159634
2956,1439,1.159634
2957,1439,1.159634
2958,1439,1.159634
2959,1439,1.159634
2960,1439,1.159634
2961,1439,1.159634
2962,1439,1.159634
2963,1439,1.159634
2964,1439,1.159634
2965,1439,1.159634
2966,1439,1.159634
2967,1439,1.159634
2968,1439,1.159634
2969,1439,1.159634
2970,1439,1.159634
2971,1439,1.159634
2972,1439,1.159634
2973,1439,1.159634
2974,1439,1.159634
2975,1439,1.159634
2976,1439,1.159634
2977,1439,1.159634
2978,1439,1.159634
2979,1439,1.159634
2980,1439,1.159634
2981,1439,1.159634
2982,1439,1.159634
2983,1439,1.159634
2984,1439,1.159634
2985,1439,1.159634
2986,1439,1.159634
2987,1439,1.159634
2988,1439,1.159634
2989,1439,1.159634
2990,1439,1.159634
2991,1439,1.159634
2992,1439,1.159634
2993,1439,1.159634
2994,1439,1.159634
2995,1439,1.159634
2996,1439,1.159634
2997,1439,1.159634
2998,1439,1.159634
2999,1439,1.159634
3000,1439,1.159634
3001,1439,1.159634
3002,1439,1.159634
3003,1439,1.159634
3004,1439,1.159634
3005,1439,1.159634
3006,1439,1.159634
3007,1439,1.159634
3008,1439,1.159634
3009,1439,1.159634
3010,1439,1.159634
3011,1439,1.159634
3012,1439,1.159634
3013,1439,1.159634
3014,1439,1.159634
3015,1439,1.159634
3016,1439,1.159634
3017,1439,1.159634
3018,1439,1.159634
3019,1439,1.159634
3020,1439,1.159634
3021,1439,1.159634
3022,1439,1.159634
3023,1439,1.159634
3024,1439,1.159634
3025,1439,1.159634
3026,1439,1.159634
3027,1439,1.159634
3028,1439,1.159634
3029,1439,1.159634
3030,1439,1.159634
3031,1439,1.159634
3032,1439,1.159634
3033,1439,1.159634
3034,1439,1.159634
3035,1439,1.159634
3036,1439,1.159634
3037,1439,1.159634
3038,1439,1.159634
3039,1439,1.159634
3040,1439,1.159634
3041,1439,1.159634
3042,1439,1.159634
3043,1439,1.159634
3044,1439,1.159634
3045,1439,1.159634
3046,1437,1.158022
3047,1439,1.159634
3048,1437,1.158022
3049,1439,1.159634
3050,1439,1.159634
3051,1439,1.159634
3052,1439,1.159634
3053,1439,1.159634
3054,1439,1.159634
3055,1439,1.159634
3056,1439,1.159634
3057,1439,1.159634
3058,1439,1.159634
3059,1439,1.159634
3060,1437,1.158022
3061,1439,1.159634
3062,1439,1.159634
3063,1439,1.159634
3064,1439,1.159634
3065,1439,1.159634
3066,1439,1.159634
3067,1439,1.159634
3068,1437,1.158022
3069,1439,1.159634
3070,1437,1.158022
3071,1439,1.159634
3072,1439,1.159634
3073,1439,1.159634
3074,1439,1.159634
3075,1439,1.159634
3076,1437,1.158022
3077,1439,1.159634
3078,1439,1.159634
3079,1439,1.159634
3080,1439,1.159634
3081,1439,1.159634
3082,1437,1.158022
3083,1439,1.159634
3084,1437,1.158022
3085,1439,1.159634
3086,1439,1.159634
3087,1439,1.159634
3088,1439,1.159634
3089,1439,1.159634
3090,1437,1.158022
3091,1439,1.159634
3092,1439,1.159634
3093,1439,1.159634
3094,1437,1.158022
3095,1439,1.159634
3096,1439,1.159634
3097,1439,1.159634
3098,1439,1.159634
3099,1439,1.159634
3100,1439,1.159634
3101,1439,1.159634
3102,1439,1.159634
3103,1439,1.159634
3104,1437,1.158022
3105,1439,1.159634
3106,1439,1.159634
3107,1439,1.159634
3108,1439,1.159634
3109,1439,1.159634
3110,1437,1.158022
3111,1439,1.159634
3112,1437,1.158022
3113,1439,1.159634
3114,1439,1.159634
3115,1439,1.159634
3116,1437,1.158022
3117,1439,1.159634
3118,1437,1.158022
3119,1439,1.159634
3120,1439,1.159634
3121,1437,1.158022
3122,1439,1.159634
3123,1439,1.159634
3124,1439,1.159634
3125,1437,1.158022
3126,1437,1.158022
3127,1439,1.159634
3128,1439,1.159634
3129,1437,1.158022
3130,1439,1.159634
3131,1437,1.158022
3132,1439,1.159634
3133,1439,1.159634
3134,1439,1.159634
3135,1439,1.159634
3136,1437,1.158022
3137,1437,1.158022
3138,1437,1.158022
3139,1439,1.159634
3140,1437,1.158022
3141,1439,1.159634
3142,1437,1.158022
3143,1437,1.158022
3144,1437,1.158022
3145,1437,1.158022
3146,1437,1.158022
3147,1439,1.159634
3148,1437,1.158022
3149,1439,1.159634
3150,1437,1.158022
3151,1437,1.158022
3152,1439,1.159634
3153,1437,1.158022
3154,1437,1.158022
3155,1439,1.159634
3156,1437,1.158022
3157,1437,1.158022
3158,1437,1.158022
3159,1439,1.159634
3160,1437,1.158022
3161,1439,1.159634
3162,1437,1.158022
3163,1439,1.159634
3164,1437,1.158022
3165,1439,1.159634
3166,1437,1.158022
3167,1437,1.158022
3168,1437,1.158022
3169,1439,1.159634
3170,1437,1.158022
3171,1437,1.158022
3172,1437,1.158022
3173,1437,1.158022
3174,1437,1.158022
3175,1437,1.158022
3176,1437,1.158022
3177,1439,1.159634
3178,1437,1.158022
3179,1439,1.159634
3180,1437,1.158022
3181,1437,1.158022
3182,1437,1.158022
3183,1439,1.159634
3184,1437,1.158022
3185,1437,1.158022
3186,1437,1.158022
3187,1439,1.159634
3188,1437,1.158022
3189,1439,1.159634
3190,1437,1.158022
3191,1437,1.158022
3192,1437,1.158022
3193,1437,1.158022
3194,1437,1.158022
3195,1437,1.158022
3196,1437,1.158022
3197,1437,1.158022
3198,1437,1.158022
3199,1439,1.159634
3200,1437,1.158022
3201,1437,1.158022
3202,1437,1.158022
3203,1437,1.158022
3204,1437,1.158022
3205,1437,1.158022
3206,1437,1.158022
3207,1437,1.158022
3208,1437,1.158022
3209,1437,1.158022
3210,1437,1.158022
3211,1437,1.158022
3212,1437,1.158022
3213,1437,1.158022
3214,1449,1.167692
3215,1437,1.158022
3216,1597,1.286960
3217,1437,1.158022
3218,1621,1.306300
3219,1439,1.159634
3220,1624,1.308718
3221,1439,1.159634
3222,1621,1.306300
3223,1449,1.167692
3224,1624,1.308718
3225,1589,1.280513
3226,1621,1.306300
3227,1621,1.306300
3228,1620,1.305495
3229,1617,1.303077
3230,1621,1.306300
3231,1617,1.303077
3232,1617,1.303077
3233,1617,1.303077
3234,1617,1.303077
3235,1613,1.299853
3236,1616,1.302271
3237,1613,1.299853
3238,1613,1.299853
3239,1613,1.299853
3240,1613,1.299853
3241,1613,1.299853
3242,1616,1.302271
3243,1613,1.299853
3244,1613,1.299853
3245,1620,1.305495
3246,1616,1.302271
3247,1613,1.299853
3248,1612,1.299048
3249,1612,1.299048
3250,1613,1.299853
3251,1613,1.299853
3252,1616,1.302271
3253,1616,1.302271
3254,1612,1.299048
3255,1613,1.299853
3256,1609,1.296630
3257,1613,1.299853
3258,1609,1.296630
3259,1609,1.296630
3260,1612,1.299048
3261,1609,1.296630
3262,1609,1.296630
3263,1609,1.296630
3264,1609,1.296630
3265,1605,1.293407
3266,1609,1.296630
3267,1609,1.296630
3268,1608,1.295824
3269,1609,1.296630
3270,1612,1.299048
3271,1609,1.296630
3272,1609,1.296630
3273,1609,1.296630
3274,1609,1.296630
3275,1609,1.296630
3276,1608,1.295824
3277,1605,1.293407
3278,1605,1.293407
3279,1605,1.293407
3280,1604,1.292601
3281,1605,1.293407
3282,1609,1.296630
3283,1604,1.292601
3284,1601,1.290183
3285,1604,1.292601
3286,1605,1.293407
3287,1604,1.292601
3288,1597,1.286960
3289,1605,1.293407
3290,1597,1.286960
3291,1601,1.290183
3292,1601,1.290183
3293,1601,1.290183
3294,1596,1.286154
3295,1601,1.290183
3296,1597,1.286960
3297,1597,1.286960
3298,1597,1.286960
3299,1597,1.286960
3300,1597,1.286960
3301,1597,1.286960
3302,1599,1.288571
3303,1597,1.286960
3304,1597,1.286960
3305,1597,1.286960
3306,1597,1.286960
3307,1597,1.286960
3308,1597,1.286960
3309,1597,1.286960
3310,1596,1.286154
3311,1596,1.286154
3312,1597,1.286960
3313,1597,1.286960
3314,1593,1.283736
3315,1593,1.283736
3316,1593,1.283736
3317,1596,1.286154
3318,1593,1.283736
3319,1593,1.283736
3320,1593,1.283736
3321,1593,1.283736
3322,1593,1.283736
3323,1589,1.280513
3324,1589,1.280513
3325,1589,1.280513
3326,1589,1.280513
3327,1593,1.283736
3328,1593,1.283736
3329,1596,1.286154
3330,1589,1.280513
3331,1593,1.283736
3332,1593,1.283736
3333,1593,1.283736
3334,1592,1.282930
3335,1593,1.283736
3336,1593,1.283736
3337,1596,1.286154
3338,1596,1.286154
3339,1589,1.280513
3340,1589,1.280513
3341,1589,1.280513
3342,1589,1.280513
3343,1589,1.280513
3344,1589,1.280513
3345,1589,1.280513
3346,1589,1.280513
3347,1589,1.280513
3348,1588,1.279707
3349,1585,1.277289
3350,1589,1.280513
3351,1589,1.280513
3352,1585,1.277289
3353,1589,1.280513
3354,1588,1.279707
3355,1588,1.279707
3356,1585,1.277289
3357,1589,1.280513
3358,1585,1.277289
3359,1589,1.280513
3360,1585,1.277289
3361,1585,1.277289
3362,1588,1.279707
3363,1585,1.277289
3364,1585,1.277289
3365,1585,1.277289
3366,1585,1.277289
3367,1585,1.277289
3368,1585,1.277289
3369,1585,1.277289
3370,1588,1.279707
3371,1585,1.277289
3372,1589,1.280513
3373,1585,1.277289
3374,1585,1.277289
3375,1584,1.276484
3376,1585,1.277289
3377,1581,1.274066
3378,1585,1.277289
3379,1585,1.277289
3380,1585,1.277289
3381,1584,1.276484
3382,1581,1.274066
3383,1581,1.274066
3384,1584,1.276484
3385,1584,1.276484
3386,1584,1.276484
3387,1584,1.276484
3388,1581,1.274066
3389,1584,1.276484
3390,1584,1.276484
3391,1581,1.274066
3392,1585,1.277289
3393,1581,1.274066
3394,1581,1.274066
3395,1580,1.273260
3396,1585,1.277289
3397,1581,1.274066
3398,1581,1.274066
3399,1581,1.274066
3400,1584,1.276484
3401,1585,1.277289
3402,1581,1.274066
3403,1581,1.274066
3404,1581,1.274066
3405,1581,1.274066
3406,1580,1.273260
3407,1581,1.274066
3408,1581,1.274066
3409,1577,1.270842
3410,1577,1.270842
3411,1580,1.273260
3412,1581,1.274066
3413,1581,1.274066
3414,1581,1.274066
3415,1573,1.267619
3416,1581,1.274066
3417,1580,1.273260
3418,1577,1.270842
3419,1577,1.270842
3420,1577,1.270842
3421,1577,1.270842
3422,1577,1.270842
3423,1573,1.267619
3424,1577,1.270842
3425,1573,1.267619
3426,1573,1.267619
3427,1577,1.270842
3428,1577,1.270842
3429,1573,1.267619
3430,1573,1.267619
3431,1573,1.267619
3432,1577,1.270842
3433,1573,1.267619
3434,1573,1.267619
3435,1577,1.270842
3436,1573,1.267619
3437,1577,1.270842
3438,1577,1.270842
3439,1573,1.267619
3440,1573,1.267619
3441,1573,1.267619
3442,1573,1.267619
3443,1573,1.267619
3444,1573,1.267619
3445,1573,1.267619
3446,1573,1.267619
3447,1573,1.267619
3448,1573,1.267619
3449,1573,1.267619
3450,1573,1.267619
3451,1573,1.267619
3452,1573,1.267619
3453,1573,1.267619
3454,1577,1.270842
3455,1573,1.267619
3456,1573,1.267619
3457,1573,1.267619
3458,1573,1.267619
3459,1573,1.267619
3460,1572,1.266813
3461,1573,1.267619
3462,1572,1.266813
3463,1573,1.267619
3464,1572,1.266813
3465,1573,1.267619
3466,1572,1.266813
3467,1569,1.264396
3468,1572,1.266813
3469,1572,1.266813
3470,1573,1.267619
3471,1573,1.267619
3472,1573,1.267619
3473,1573,1.267619
3474,1573,1.267619
3475,1573,1.267619
3476,1573,1.267619
3477,1573,1.267619
3478,1573,1.267619
3479,1573,1.267619
3480,1573,1.267619
3481,1573,1.267619
3482,1573,1.267619
3483,1572,1.266813
3484,1573,1.267619
3485,1569,1.264396
3486,1573,1.267619
3487,1573,1.267619
3488,1573,1.267619
3489,1572,1.266813
3490,1573,1.267619
3491,1573,1.267619
3492,1573,1.267619
3493,1572,1.266813
3494,1573,1.267619
3495,1573,1.267619
3496,1572,1.266813
3497,1572,1.266813
3498,1573,1.267619
3499,1572,1.266813
3500,1569,1.264396
3501,1573,1.267619
3502,1573,1.267619
3503,1573,1.267619
3504,1573,1.267619
3505,1573,1.267619
3506,1569,1.264396
3507,1572,1.266813
3508,1572,1.266813
3509,1567,1.262784
3510,1573,1.267619
3511,1572,1.266813
3512,1567,1.262784
3513,1567,1.262784
3514,1573,1.267619
3515,1567,1.262784
3516,1573,1.267619
3517,1569,1.264396
3518,1572,1.266813
3519,1572,1.266813
3520,1573,1.267619
3521,1569,1.264396
3522,1572,1.266813
3523,1567,1.262784
3524,1573,1.267619
3525,1572,1.266813
3526,1573,1.267619
3527,1573,1.267619
3528,1569,1.264396
3529,1573,1.267619
3530,1572,1.266813
3531,1569,1.264396
3532,1567,1.262784
3533,1567,1.262784
3534,1573,1.267619
3535,1572,1.266813
3536,1567,1.262784
3537,1567,1.262784
3538,1572,1.266813
3539,1572,1.266813
3540,1572,1.266813
3541,1573,1.267619
3542,1572,1.266813
3543,1573,1.267619
3544,1573,1.267619
3545,1573,1.267619
3546,1573,1.267619
3547,1573,1.267619
3548,1573,1.267619
3549,1572,1.266813
3550,1573,1.267619
3551,1572,1.266813
3552,1573,1.267619
3553,1573,1.267619
3554,1573,1.267619
3555,1573,1.267619
3556,1573,1.267619
3557,1573,1.267619
3558,1573,1.267619
3559,1573,1.267619
3560,1573,1.267619
3561,1573,1.267619
3562,1573,1.267619
3563,1573,1.267619
3564,1573,1.267619
3565,1573,1.267619
3566,1573,1.267619
3567,1573,1.267619
3568,1573,1.267619
3569,1573,1.267619
3570,1573,1.267619
3571,1577,1.270842
3572,1573,1.267619
3573,1573,1.267619
3574,1580,1.273260
3575,1580,1.273260
3576,1577,1.270842
3577,1577,1.270842
3578,1577,1.270842
3579,1577,1.270842
3580,1580,1.273260
3581,1581,1.274066
3582,1581,1.274066
3583,1580,1.273260
3584,1581,1.274066
3585,1580,1.273260
3586,1580,1.273260
3587,1581,1.274066
3588,1584,1.276484
3589,1577,1.270842
3590,1584,1.276484
3591,1581,1.274066
3592,1584,1.276484
3593,1584,1.276484
3594,1584,1.276484
3595,1581,1.274066
3596,1585,1.277289
3597,1584,1.276484
3598,1588,1.279707
3599,1588,1.279707
3600,1588,1.279707
3601,1585,1.277289
3602,1589,1.280513
3603,1589,1.280513
3604,1588,1.279707
3605,1588,1.279707
3606,1588,1.279707
3607,1589,1.280513
3608,1589,1.280513
3609,1589,1.280513
3610,1592,1.282930
3611,1589,1.280513
3612,1593,1.283736
3613,1593,1.283736
3614,1593,1.283736
3615,1596,1.286154
3616,1593,1.283736
3617,1593,1.283736
3618,1597,1.286960
3619,1597,1.286960
3620,1601,1.290183
3621,1601,1.290183
3622,1605,1.293407
3623,1605,1.293407
3624,1605,1.293407
3625,1605,1.293407
3626,1609,1.296630
3627,1609,1.296630
3628,1609,1.296630
3629,1609,1.296630
3630,1613,1.299853
3631,1609,1.296630
3632,1613,1.299853
3633,1612,1.299048
3634,1616,1.302271
3635,1612,1.299048
3636,1620,1.305495
3637,1617,1.303077
3638,1620,1.305495
3639,1617,1.303077
3640,1621,1.306300
3641,1620,1.305495
3642,1621,1.306300
3643,1629,1.312747
3644,1629,1.312747
3645,1625,1.309524
3646,1629,1.312747
3647,1628,1.311941
