Pixel,ADC,VoltageV
1,3957,3.188791
2,3957,3.188791
3,3957,3.188791
4,3956,3.187985
5,3956,3.187985
6,3956,3.187985
7,3957,3.188791
8,3956,3.187985
9,3949,3.182344
10,3956,3.187985
11,3956,3.187985
12,3956,3.187985
13,3956,3.187985
14,3957,3.188791
15,3957,3.188791
16,3949,3.182344
17,3445,2.776190
18,3044,2.453040
19,3072,2.475604
20,3072,2.475604
21,3076,2.478828
22,3072,2.475604
23,3072,2.475604
24,3072,2.475604
25,3076,2.478828
26,3076,2.478828
27,3072,2.475604
28,3076,2.478828
29,3085,2.486081
30,3072,2.475604
31,3076,2.478828
32,3072,2.475604
33,3076,2.478828
34,3076,2.478828
35,3076,2.478828
36,3076,2.478828
37,3076,2.478828
38,3072,2.475604
39,3077,2.479634
40,3077,2.479634
41,3077,2.479634
42,3077,2.479634
43,3077,2.479634
44,3084,2.485275
45,3077,2.479634
46,3077,2.479634
47,3077,2.479634
48,3076,2.478828
49,3077,2.479634
50,3077,2.479634
51,3076,2.478828
52,3077,2.479634
53,3076,2.478828
54,3076,2.478828
55,3084,2.485275
56,3076,2.478828
57,3077,2.479634
58,3076,2.478828
59,3076,2.478828
60,3077,2.479634
61,3077,2.479634
62,3076,2.478828
63,3072,2.475604
64,3077,2.479634
65,3072,2.475604
66,3076,2.478828
67,3076,2.478828
68,3076,2.478828
69,3076,2.478828
70,3076,2.478828
71,3076,2.478828
72,3076,2.478828
73,3072,2.475604
74,3076,2.478828
75,3072,2.475604
76,3076,2.478828
77,3072,2.475604
78,3076,2.478828
79,3072,2.475604
80,3072,2.475604
81,3077,2.479634
82,3072,2.475604
83,3076,2.478828
84,3072,2.475604
85,3076,2.478828
86,3076,2.478828
87,3076,2.478828
88,3077,2.479634
89,3077,2.479634
90,3077,2.479634
91,3076,2.478828
92,3077,2.479634
93,3076,2.478828
94,3076,2.478828
95,3077,2.479634
96,3072,2.475604
97,3072,2.475604
98,3072,2.475604
99,3077,2.479634
100,3076,2.478828
101,3076,2.478828
102,3072,2.475604
103,3072,2.475604
104,3072,2.475604
105,3077,2.479634
106,3072,2.475604
107,3077,2.479634
108,3072,2.475604
109,3077,2.479634
110,3077,2.479634
111,3072,2.475604
112,3076,2.478828
113,3072,2.475604
114,3077,2.479634
115,3072,2.475604
116,3076,2.478828
117,3072,2.475604
118,3076,2.478828
119,3072,2.475604
120,3072,2.475604
121,3076,2.478828
122,3072,2.475604
123,3076,2.478828
124,3076,2.478828
125,3072,2.475604
126,3053,2.460293
127,3072,2.475604
128,3077,2.479634
129,3076,2.478828
130,3072,2.475604
131,3076,2.478828
132,3076,2.478828
133,3076,2.478828
134,3072,2.475604
135,3076,2.478828
136,3077,2.479634
137,3072,2.475604
138,3077,2.479634
139,3076,2.478828
140,3077,2.479634
141,3076,2.478828
142,3076,2.478828
143,3077,2.479634
144,3077,2.479634
145,3076,2.478828
146,3072,2.475604
147,3076,2.478828
148,3076,2.478828
149,3085,2.486081
150,3076,2.478828
151,3076,2.478828
152,3077,2.479634
153,3085,2.486081
154,3085,2.486081
155,3084,2.485275
156,3077,2.479634
157,3084,2.485275
158,3085,2.486081
159,3076,2.478828
160,3084,2.485275
161,3076,2.478828
162,3072,2.475604
163,3077,2.479634
164,3085,2.486081
165,3076,2.478828
166,3072,2.475604
167,3085,2.486081
168,3077,2.479634
169,3077,2.479634
170,3076,2.478828
171,3076,2.478828
172,3076,2.478828
173,3077,2.479634
174,3085,2.486081
175,3077,2.479634
176,3084,2.485275
177,3077,2.479634
178,3076,2.478828
179,3072,2.475604
180,3077,2.479634
181,3077,2.479634
182,3076,2.478828
183,3072,2.475604
184,3076,2.478828
185,3076,2.478828
186,3084,2.485275
187,3077,2.479634
188,3077,2.479634
189,3077,2.479634
190,3077,2.479634
191,3072,2.475604
192,3072,2.475604
193,3076,2.478828
194,3077,2.479634
195,3076,2.478828
196,3077,2.479634
197,3077,2.479634
198,3072,2.475604
199,3076,2.478828
200,3076,2.478828
201,3076,2.478828
202,3072,2.475604
203,3072,2.475604
204,3072,2.475604
205,3072,2.475604
206,3076,2.478828
207,3076,2.478828
208,3077,2.479634
209,3072,2.475604
210,3076,2.478828
211,3077,2.479634
212,3077,2.479634
213,3072,2.475604
214,3076,2.478828
215,3076,2.478828
216,3076,2.478828
217,3076,2.478828
218,3072,2.475604
219,3072,2.475604
220,3072,2.475604
221,3077,2.479634
222,3076,2.478828
223,3076,2.478828
224,3076,2.478828
225,3077,2.479634
226,3077,2.479634
227,3076,2.478828
228,3076,2.478828
229,3076,2.478828
230,3084,2.485275
231,3084,2.485275
232,3076,2.478828
233,3076,2.478828
234,3077,2.479634
235,3084,2.485275
236,3077,2.479634
237,3076,2.478828
238,3084,2.485275
239,3085,2.486081
240,3077,2.479634
241,3076,2.478828
242,3084,2.485275
243,3076,2.478828
244,3085,2.486081
245,3076,2.478828
246,3077,2.479634
247,3084,2.485275
248,3077,2.479634
249,3076,2.478828
250,3077,2.479634
251,3077,2.479634
252,3085,2.486081
253,3076,2.478828
254,3077,2.479634
255,3076,2.478828
256,3076,2.478828
257,3077,2.479634
258,3076,2.478828
259,3077,2.479634
260,3076,2.478828
261,3084,2.485275
262,3077,2.479634
263,3077,2.479634
264,3072,2.475604
265,3072,2.475604
266,3076,2.478828
267,3076,2.478828
268,3077,2.479634
269,3076,2.478828
270,3076,2.478828
271,3076,2.478828
272,3076,2.478828
273,3072,2.475604
274,3076,2.478828
275,3077,2.479634
276,3076,2.478828
277,3076,2.478828
278,3076,2.478828
279,3077,2.479634
280,3084,2.485275
281,3077,2.479634
282,3076,2.478828
283,3076,2.478828
284,3076,2.478828
285,3077,2.479634
286,3092,2.491722
287,3076,2.478828
288,3077,2.479634
289,3072,2.475604
290,3072,2.475604
291,3084,2.485275
292,3077,2.479634
293,3084,2.485275
294,3076,2.478828
295,3092,2.491722
296,3076,2.478828
297,3076,2.478828
298,3076,2.478828
299,3072,2.475604
300,3077,2.479634
301,3085,2.486081
302,3092,2.491722
303,3084,2.485275
304,3085,2.486081
305,3084,2.485275
306,3077,2.479634
307,3077,2.479634
308,3084,2.485275
309,3084,2.485275
310,3076,2.478828
311,3092,2.491722
312,3077,2.479634
313,3072,2.475604
314,3085,2.486081
315,3076,2.478828
316,3077,2.479634
317,3076,2.478828
318,3077,2.479634
319,3076,2.478828
320,3077,2.479634
321,3072,2.475604
322,3076,2.478828
323,3076,2.478828
324,3076,2.478828
325,3077,2.479634
326,3076,2.478828
327,3076,2.478828
328,3077,2.479634
329,3077,2.479634
330,3084,2.485275
331,3092,2.491722
332,3085,2.486081
333,3077,2.479634
334,3084,2.485275
335,3093,2.492527
336,3084,2.485275
337,3092,2.491722
338,3093,2.492527
339,3077,2.479634
340,3093,2.492527
341,3092,2.491722
342,3092,2.491722
343,3092,2.491722
344,3092,2.491722
345,3092,2.491722
346,3085,2.486081
347,3084,2.485275
348,3077,2.479634
349,3085,2.486081
350,3093,2.492527
351,3084,2.485275
352,3084,2.485275
353,3084,2.485275
354,3077,2.479634
355,3076,2.478828
356,3077,2.479634
357,3077,2.479634
358,3077,2.479634
359,3077,2.479634
360,3077,2.479634
361,3085,2.486081
362,3101,2.498974
363,3084,2.485275
364,3093,2.492527
365,3077,2.479634
366,3085,2.486081
367,3085,2.486081
368,3085,2.486081
369,3092,2.491722
370,3085,2.486081
371,3093,2.492527
372,3093,2.492527
373,3093,2.492527
374,3093,2.492527
375,3092,2.491722
376,3085,2.486081
377,3077,2.479634
378,3077,2.479634
379,3076,2.478828
380,3084,2.485275
381,3084,2.485275
382,3092,2.491722
383,3077,2.479634
384,3076,2.478828
385,3084,2.485275
386,3077,2.479634
387,3076,2.478828
388,3085,2.486081
389,3072,2.475604
390,3077,2.479634
391,3076,2.478828
392,3077,2.479634
393,3076,2.478828
394,3077,2.479634
395,3077,2.479634
396,3077,2.479634
397,3077,2.479634
398,3076,2.478828
399,3084,2.485275
400,3092,2.491722
401,3085,2.486081
402,3092,2.491722
403,3093,2.492527
404,3085,2.486081
405,3085,2.486081
406,3085,2.486081
407,3085,2.486081
408,3077,2.479634
409,3084,2.485275
410,3092,2.491722
411,3092,2.491722
412,3077,2.479634
413,3084,2.485275
414,3076,2.478828
415,3092,2.491722
416,3084,2.485275
417,3076,2.478828
418,3085,2.486081
419,3085,2.486081
420,3092,2.491722
421,3093,2.492527
422,3092,2.491722
423,3077,2.479634
424,3077,2.479634
425,3077,2.479634
426,3085,2.486081
427,3084,2.485275
428,3084,2.485275
429,3085,2.486081
430,3085,2.486081
431,3077,2.479634
432,3077,2.479634
433,3077,2.479634
434,3085,2.486081
435,3085,2.486081
436,3077,2.479634
437,3084,2.485275
438,3077,2.479634
439,3085,2.486081
440,3076,2.478828
441,3084,2.485275
442,3085,2.486081
443,3084,2.485275
444,3077,2.479634
445,3077,2.479634
446,3085,2.486081
447,3076,2.478828
448,3084,2.485275
449,3093,2.492527
450,3077,2.479634
451,3077,2.479634
452,3092,2.491722
453,3077,2.479634
454,3085,2.486081
455,3077,2.479634
456,3085,2.486081
457,3093,2.492527
458,3077,2.479634
459,3093,2.492527
460,3092,2.491722
461,3085,2.486081
462,3085,2.486081
463,3092,2.491722
464,3093,2.492527
465,3085,2.486081
466,3100,2.498168
467,3093,2.492527
468,3077,2.479634
469,3085,2.486081
470,3077,2.479634
471,3092,2.491722
472,3077,2.479634
473,3085,2.486081
474,3085,2.486081
475,3092,2.491722
476,3085,2.486081
477,3077,2.479634
478,3085,2.486081
479,3085,2.486081
480,3085,2.486081
481,3093,2.492527
482,3101,2.498974
483,3093,2.492527
484,3101,2.498974
485,3100,2.498168
486,3100,2.498168
487,3100,2.498168
488,3101,2.498974
489,3101,2.498974
490,3101,2.498974
491,3093,2.492527
492,3093,2.492527
493,3092,2.491722
494,3085,2.486081
495,3093,2.492527
496,3100,2.498168
497,3085,2.486081
498,3093,2.492527
499,3085,2.486081
500,3092,2.491722
501,3085,2.486081
502,3092,2.491722
503,3093,2.492527
504,3093,2.492527
505,3092,2.491722
506,3085,2.486081
507,3092,2.491722
508,3101,2.498974
509,3093,2.492527
510,3092,2.491722
511,3093,2.492527
512,3085,2.486081
513,3100,2.498168
514,3092,2.491722
515,3100,2.498168
516,3093,2.492527
517,3108,2.504615
518,3101,2.498974
519,3092,2.491722
520,3092,2.491722
521,3092,2.491722
522,3077,2.479634
523,3085,2.486081
524,3085,2.486081
525,3085,2.486081
526,3077,2.479634
527,3092,2.491722
528,3092,2.491722
529,3092,2.491722
530,3092,2.491722
531,3093,2.492527
532,3085,2.486081
533,3092,2.491722
534,3093,2.492527
535,3101,2.498974
536,3101,2.498974
537,3108,2.504615
538,3093,2.492527
539,3092,2.491722
540,3101,2.498974
541,3108,2.504615
542,3109,2.505421
543,3108,2.504615
544,3100,2.498168
545,3100,2.498168
546,3101,2.498974
547,3101,2.498974
548,3093,2.492527
549,3100,2.498168
550,3108,2.504615
551,3101,2.498974
552,3093,2.492527
553,3093,2.492527
554,3100,2.498168
555,3084,2.485275
556,3100,2.498168
557,3093,2.492527
558,3092,2.491722
559,3085,2.486081
560,3085,2.486081
561,3093,2.492527
562,3093,2.492527
563,3092,2.491722
564,3092,2.491722
565,3092,2.491722
566,3093,2.492527
567,3092,2.491722
568,3093,2.492527
569,3092,2.491722
570,3100,2.498168
571,3093,2.492527
572,3093,2.492527
573,3092,2.491722
574,3093,2.492527
575,3092,2.491722
576,3101,2.498974
577,3092,2.491722
578,3100,2.498168
579,3100,2.498168
580,3093,2.492527
581,3092,2.491722
582,3093,2.492527
583,3093,2.492527
584,3085,2.486081
585,3093,2.492527
586,3085,2.486081
587,3093,2.492527
588,3101,2.498974
589,3085,2.486081
590,3101,2.498974
591,3084,2.485275
592,3101,2.498974
593,3092,2.491722
594,3084,2.485275
595,3092,2.491722
596,3093,2.492527
597,3092,2.491722
598,3093,2.492527
599,3085,2.486081
600,3085,2.486081
601,3101,2.498974
602,3077,2.479634
603,3092,2.491722
604,3077,2.479634
605,3092,2.491722
606,3077,2.479634
607,3084,2.485275
608,3092,2.491722
609,3093,2.492527
610,3092,2.491722
611,3101,2.498974
612,3108,2.504615
613,3101,2.498974
614,3108,2.504615
615,3092,2.491722
616,3093,2.492527
617,3093,2.492527
618,3109,2.505421
619,3092,2.491722
620,3092,2.491722
621,3093,2.492527
622,3092,2.491722
623,3092,2.491722
624,3085,2.486081
625,3100,2.498168
626,3092,2.491722
627,3092,2.491722
628,3084,2.485275
629,3084,2.485275
630,3084,2.485275
631,3085,2.486081
632,3085,2.486081
633,3100,2.498168
634,3085,2.486081
635,3093,2.492527
636,3093,2.492527
637,3092,2.491722
638,3077,2.479634
639,3085,2.486081
640,3085,2.486081
641,3100,2.498168
642,3093,2.492527
643,3093,2.492527
644,3093,2.492527
645,3108,2.504615
646,3093,2.492527
647,3109,2.505421
648,3101,2.498974
649,3109,2.505421
650,3100,2.498168
651,3093,2.492527
652,3093,2.492527
653,3093,2.492527
654,3100,2.498168
655,3093,2.492527
656,3085,2.486081
657,3100,2.498168
658,3077,2.479634
659,3084,2.485275
660,3077,2.479634
661,3084,2.485275
662,3108,2.504615
663,3101,2.498974
664,3093,2.492527
665,3093,2.492527
666,3093,2.492527
667,3093,2.492527
668,3093,2.492527
669,3092,2.491722
670,3100,2.498168
671,3101,2.498974
672,3100,2.498168
673,3093,2.492527
674,3092,2.491722
675,3093,2.492527
676,3092,2.491722
677,3085,2.486081
678,3092,2.491722
679,3084,2.485275
680,3100,2.498168
681,3093,2.492527
682,3093,2.492527
683,3101,2.498974
684,3084,2.485275
685,3100,2.498168
686,3093,2.492527
687,3100,2.498168
688,3093,2.492527
689,3101,2.498974
690,3101,2.498974
691,3100,2.498168
692,3093,2.492527
693,3093,2.492527
694,3093,2.492527
695,3093,2.492527
696,3093,2.492527
697,3100,2.498168
698,3100,2.498168
699,3093,2.492527
700,3092,2.491722
701,3092,2.491722
702,3101,2.498974
703,3093,2.492527
704,3100,2.498168
705,3093,2.492527
706,3092,2.491722
707,3093,2.492527
708,3077,2.479634
709,3093,2.492527
710,3093,2.492527
711,3109,2.505421
712,3100,2.498168
713,3101,2.498974
714,3109,2.505421
715,3116,2.511062
716,3101,2.498974
717,3116,2.511062
718,3109,2.505421
719,3108,2.504615
720,3109,2.505421
721,3116,2.511062
722,3117,2.511868
723,3116,2.511062
724,3108,2.504615
725,3093,2.492527
726,3109,2.505421
727,3101,2.498974
728,3092,2.491722
729,3085,2.486081
730,3101,2.498974
731,3093,2.492527
732,3093,2.492527
733,3100,2.498168
734,3100,2.498168
735,3109,2.505421
736,3100,2.498168
737,3093,2.492527
738,3101,2.498974
739,3093,2.492527
740,3093,2.492527
741,3100,2.498168
742,3101,2.498974
743,3100,2.498168
744,3108,2.504615
745,3077,2.479634
746,3101,2.498974
747,3100,2.498168
748,3100,2.498168
749,3093,2.492527
750,3093,2.492527
751,3100,2.498168
752,3093,2.492527
753,3093,2.492527
754,3092,2.491722
755,3092,2.491722
756,3108,2.504615
757,3084,2.485275
758,3093,2.492527
759,3093,2.492527
760,3093,2.492527
761,3100,2.498168
762,3093,2.492527
763,3092,2.491722
764,3100,2.498168
765,3092,2.491722
766,3100,2.498168
767,3100,2.498168
768,3093,2.492527
769,3109,2.505421
770,3116,2.511062
771,3101,2.498974
772,3101,2.498974
773,3116,2.511062
774,3108,2.504615
775,3108,2.504615
776,3101,2.498974
777,3101,2.498974
778,3101,2.498974
779,3116,2.511062
780,3101,2.498974
781,3092,2.491722
782,3108,2.504615
783,3108,2.504615
784,3108,2.504615
785,3101,2.498974
786,3100,2.498168
787,3109,2.505421
788,3108,2.504615
789,3093,2.492527
790,3108,2.504615
791,3109,2.505421
792,3100,2.498168
793,3101,2.498974
794,3108,2.504615
795,3093,2.492527
796,3101,2.498974
797,3093,2.492527
798,3108,2.504615
799,3101,2.498974
800,3101,2.498974
801,3101,2.498974
802,3109,2.505421
803,3108,2.504615
804,3109,2.505421
805,3101,2.498974
806,3109,2.505421
807,3109,2.505421
808,3117,2.511868
809,3117,2.511868
810,3109,2.505421
811,3117,2.511868
812,3109,2.505421
813,3109,2.505421
814,3117,2.511868
815,3101,2.498974
816,3093,2.492527
817,3093,2.492527
818,3101,2.498974
819,3108,2.504615
820,3093,2.492527
821,3109,2.505421
822,3101,2.498974
823,3101,2.498974
824,3109,2.505421
825,3109,2.505421
826,3101,2.498974
827,3108,2.504615
828,3109,2.505421
829,3100,2.498168
830,3109,2.505421
831,3109,2.505421
832,3109,2.505421
833,3109,2.505421
834,3116,2.511062
835,3109,2.505421
836,3116,2.511062
837,3116,2.511062
838,3116,2.511062
839,3116,2.511062
840,3109,2.505421
841,3124,2.517509
842,3109,2.505421
843,3109,2.505421
844,3108,2.504615
845,3109,2.505421
846,3109,2.505421
847,3109,2.505421
848,3125,2.518315
849,3109,2.505421
850,3125,2.518315
851,3124,2.517509
852,3124,2.517509
853,3133,2.524762
854,3133,2.524762
855,3133,2.524762
856,3117,2.511868
857,3132,2.523956
858,3141,2.531209
859,3125,2.518315
860,3125,2.518315
861,3117,2.511868
862,3117,2.511868
863,3132,2.523956
864,3125,2.518315
865,3125,2.518315
866,3117,2.511868
867,3101,2.498974
868,3109,2.505421
869,3124,2.517509
870,3117,2.511868
871,3109,2.505421
872,3116,2.511062
873,3109,2.505421
874,3117,2.511868
875,3117,2.511868
876,3116,2.511062
877,3109,2.505421
878,3108,2.504615
879,3116,2.511062
880,3101,2.498974
881,3109,2.505421
882,3108,2.504615
883,3100,2.498168
884,3109,2.505421
885,3101,2.498974
886,3108,2.504615
887,3109,2.505421
888,3109,2.505421
889,3108,2.504615
890,3109,2.505421
891,3108,2.504615
892,3116,2.511062
893,3116,2.511062
894,3108,2.504615
895,3117,2.511868
896,3117,2.511868
897,3116,2.511062
898,3108,2.504615
899,3116,2.511062
900,3124,2.517509
901,3125,2.518315
902,3101,2.498974
903,3125,2.518315
904,3117,2.511868
905,3117,2.511868
906,3109,2.505421
907,3116,2.511062
908,3125,2.518315
909,3125,2.518315
910,3117,2.511868
911,3116,2.511062
912,3109,2.505421
913,3125,2.518315
914,3117,2.511868
915,3125,2.518315
916,3124,2.517509
917,3125,2.518315
918,3108,2.504615
919,3109,2.505421
920,3124,2.517509
921,3116,2.511062
922,3117,2.511868
923,3109,2.505421
924,3117,2.511868
925,3116,2.511062
926,3117,2.511868
927,3116,2.511062
928,3117,2.511868
929,3117,2.511868
930,3109,2.505421
931,3109,2.505421
932,3109,2.505421
933,3116,2.511062
934,3124,2.517509
935,3124,2.517509
936,3109,2.505421
937,3109,2.505421
938,3116,2.511062
939,3117,2.511868
940,3109,2.505421
941,3117,2.511868
942,3124,2.517509
943,3124,2.517509
944,3117,2.511868
945,3124,2.517509
946,3117,2.511868
947,3125,2.518315
948,3124,2.517509
949,3117,2.511868
950,3109,2.505421
951,3109,2.505421
952,3125,2.518315
953,3117,2.511868
954,3124,2.517509
955,3125,2.518315
956,3117,2.511868
957,3132,2.523956
958,3117,2.511868
959,3125,2.518315
960,3124,2.517509
961,3125,2.518315
962,3125,2.518315
963,3117,2.511868
964,3109,2.505421
965,3125,2.518315
966,3109,2.505421
967,3108,2.504615
968,3132,2.523956
969,3125,2.518315
970,3117,2.511868
971,3109,2.505421
972,3125,2.518315
973,3117,2.511868
974,3132,2.523956
975,3125,2.518315
976,3124,2.517509
977,3117,2.511868
978,3116,2.511062
979,3124,2.517509
980,3133,2.524762
981,3125,2.518315
982,3125,2.518315
983,3124,2.517509
984,3125,2.518315
985,3124,2.517509
986,3117,2.511868
987,3125,2.518315
988,3125,2.518315
989,3125,2.518315
990,3125,2.518315
991,3124,2.517509
992,3125,2.518315
993,3133,2.524762
994,3116,2.511062
995,3141,2.531209
996,3125,2.518315
997,3140,2.530403
998,3140,2.530403
999,3133,2.524762
1000,3133,2.524762
1001,3132,2.523956
1002,3125,2.518315
1003,3133,2.524762
1004,3133,2.524762
1005,3132,2.523956
1006,3132,2.523956
1007,3125,2.518315
1008,3132,2.523956
1009,3124,2.517509
1010,3132,2.523956
1011,3117,2.511868
1012,3125,2.518315
1013,3133,2.524762
1014,3132,2.523956
1015,3132,2.523956
1016,3132,2.523956
1017,3140,2.530403
1018,3140,2.530403
1019,3132,2.523956
1020,3141,2.531209
1021,3141,2.531209
1022,3125,2.518315
1023,3125,2.518315
1024,3141,2.531209
1025,3140,2.530403
1026,3125,2.518315
1027,3125,2.518315
1028,3125,2.518315
1029,3124,2.517509
1030,3124,2.517509
1031,3133,2.524762
1032,3141,2.531209
1033,3125,2.518315
1034,3125,2.518315
1035,3133,2.524762
1036,3125,2.518315
1037,3133,2.524762
1038,3141,2.531209
1039,3133,2.524762
1040,3148,2.536850
1041,3133,2.524762
1042,3133,2.524762
1043,3141,2.531209
1044,3140,2.530403
1045,3140,2.530403
1046,3133,2.524762
1047,3133,2.524762
1048,3140,2.530403
1049,3133,2.524762
1050,3148,2.536850
1051,3141,2.531209
1052,3133,2.524762
1053,3132,2.523956
1054,3132,2.523956
1055,3133,2.524762
1056,3125,2.518315
1057,3124,2.517509
1058,3141,2.531209
1059,3133,2.524762
1060,3141,2.531209
1061,3141,2.531209
1062,3132,2.523956
1063,3125,2.518315
1064,3141,2.531209
1065,3125,2.518315
1066,3133,2.524762
1067,3141,2.531209
1068,3133,2.524762
1069,3141,2.531209
1070,3140,2.530403
1071,3133,2.524762
1072,3140,2.530403
1073,3140,2.530403
1074,3133,2.524762
1075,3149,2.537656
1076,3149,2.537656
1077,3133,2.524762
1078,3133,2.524762
1079,3141,2.531209
1080,3141,2.531209
1081,3133,2.524762
1082,3141,2.531209
1083,3133,2.524762
1084,3149,2.537656
1085,3141,2.531209
1086,3141,2.531209
1087,3149,2.537656
1088,3140,2.530403
1089,3141,2.531209
1090,3133,2.524762
1091,3140,2.530403
1092,3140,2.530403
1093,3148,2.536850
1094,3148,2.536850
1095,3156,2.543297
1096,3133,2.524762
1097,3140,2.530403
1098,3149,2.537656
1099,3133,2.524762
1100,3140,2.530403
1101,3141,2.531209
1102,3140,2.530403
1103,3141,2.531209
1104,3141,2.531209
1105,3140,2.530403
1106,3140,2.530403
1107,3133,2.524762
1108,3149,2.537656
1109,3148,2.536850
1110,3141,2.531209
1111,3141,2.531209
1112,3140,2.530403
1113,3149,2.537656
1114,3141,2.531209
1115,3141,2.531209
1116,3141,2.531209
1117,3149,2.537656
1118,3149,2.537656
1119,3149,2.537656
1120,3149,2.537656
1121,3141,2.531209
1122,3148,2.536850
1123,3148,2.536850
1124,3156,2.543297
1125,3140,2.530403
1126,3140,2.530403
1127,3149,2.537656
1128,3141,2.531209
1129,3148,2.536850
1130,3141,2.531209
1131,3141,2.531209
1132,3156,2.543297
1133,3149,2.537656
1134,3149,2.537656
1135,3133,2.524762
1136,3157,2.544103
1137,3149,2.537656
1138,3149,2.537656
1139,3140,2.530403
1140,3149,2.537656
1141,3148,2.536850
1142,3140,2.530403
1143,3141,2.531209
1144,3157,2.544103
1145,3140,2.530403
1146,3141,2.531209
1147,3149,2.537656
1148,3149,2.537656
1149,3149,2.537656
1150,3156,2.543297
1151,3148,2.536850
1152,3156,2.543297
1153,3156,2.543297
1154,3156,2.543297
1155,3149,2.537656
1156,3156,2.543297
1157,3157,2.544103
1158,3149,2.537656
1159,3156,2.543297
1160,3149,2.537656
1161,3149,2.537656
1162,3149,2.537656
1163,3149,2.537656
1164,3141,2.531209
1165,3149,2.537656
1166,3156,2.543297
1167,3156,2.543297
1168,3156,2.543297
1169,3149,2.537656
1170,3148,2.536850
1171,3141,2.531209
1172,3149,2.537656
1173,3156,2.543297
1174,3157,2.544103
1175,3141,2.531209
1176,3149,2.537656
1177,3148,2.536850
1178,3156,2.543297
1179,3149,2.537656
1180,3157,2.544103
1181,3149,2.537656
1182,3141,2.531209
1183,3157,2.544103
1184,3157,2.544103
1185,3148,2.536850
1186,3157,2.544103
1187,3141,2.531209
1188,3156,2.543297
1189,3149,2.537656
1190,3156,2.543297
1191,3157,2.544103
1192,3157,2.544103
1193,3141,2.531209
1194,3157,2.544103
1195,3156,2.543297
1196,3165,2.550549
1197,3156,2.543297
1198,3164,2.549744
1199,3157,2.544103
1200,3157,2.544103
1201,3156,2.543297
1202,3156,2.543297
1203,3157,2.544103
1204,3157,2.544103
1205,3157,2.544103
1206,3156,2.543297
1207,3164,2.549744
1208,3149,2.537656
1209,3165,2.550549
1210,3157,2.544103
1211,3156,2.543297
1212,3164,2.549744
1213,3156,2.543297
1214,3165,2.550549
1215,3156,2.543297
1216,3157,2.544103
1217,3156,2.543297
1218,3165,2.550549
1219,3157,2.544103
1220,3157,2.544103
1221,3157,2.544103
1222,3157,2.544103
1223,3157,2.544103
1224,3165,2.550549
1225,3157,2.544103
1226,3165,2.550549
1227,3157,2.544103
1228,3156,2.543297
1229,3165,2.550549
1230,3157,2.544103
1231,3165,2.550549
1232,3157,2.544103
1233,3165,2.550549
1234,3157,2.544103
1235,3172,2.556190
1236,3164,2.549744
1237,3157,2.544103
1238,3156,2.543297
1239,3165,2.550549
1240,3164,2.549744
1241,3165,2.550549
1242,3173,2.556996
1243,3165,2.550549
1244,3172,2.556190
1245,3165,2.550549
1246,3157,2.544103
1247,3157,2.544103
1248,3173,2.556996
1249,3157,2.544103
1250,3172,2.556190
1251,3165,2.550549
1252,3157,2.544103
1253,3157,2.544103
1254,3172,2.556190
1255,3165,2.550549
1256,3164,2.549744
1257,3165,2.550549
1258,3157,2.544103
1259,3165,2.550549
1260,3164,2.549744
1261,3164,2.549744
1262,3165,2.550549
1263,3172,2.556190
1264,3165,2.550549
1265,3165,2.550549
1266,3172,2.556190
1267,3164,2.549744
1268,3173,2.556996
1269,3156,2.543297
1270,3165,2.550549
1271,3173,2.556996
1272,3172,2.556190
1273,3165,2.550549
1274,3165,2.550549
1275,3165,2.550549
1276,3164,2.549744
1277,3180,2.562637
1278,3172,2.556190
1279,3172,2.556190
1280,3165,2.550549
1281,3164,2.549744
1282,3173,2.556996
1283,3165,2.550549
1284,3164,2.549744
1285,3157,2.544103
1286,3173,2.556996
1287,3165,2.550549
1288,3172,2.556190
1289,3181,2.563443
1290,3173,2.556996
1291,3180,2.562637
1292,3180,2.562637
1293,3173,2.556996
1294,3180,2.562637
1295,3165,2.550549
1296,3165,2.550549
1297,3164,2.549744
1298,3172,2.556190
1299,3172,2.556190
1300,3173,2.556996
1301,3173,2.556996
1302,3181,2.563443
1303,3165,2.550549
1304,3180,2.562637
1305,3173,2.556996
1306,3173,2.556996
1307,3165,2.550549
1308,3173,2.556996
1309,3173,2.556996
1310,3181,2.563443
1311,3157,2.544103
1312,3180,2.562637
1313,3180,2.562637
1314,3173,2.556996
1315,3173,2.556996
1316,3173,2.556996
1317,3181,2.563443
1318,3181,2.563443
1319,3173,2.556996
1320,3173,2.556996
1321,3189,2.569890
1322,3181,2.563443
1323,3173,2.556996
1324,3172,2.556190
1325,3188,2.569084
1326,3173,2.556996
1327,3172,2.556190
1328,3172,2.556190
1329,3173,2.556996
1330,3173,2.556996
1331,3180,2.562637
1332,3188,2.569084
1333,3173,2.556996
1334,3181,2.563443
1335,3180,2.562637
1336,3181,2.563443
1337,3181,2.563443
1338,3188,2.569084
1339,3173,2.556996
1340,3172,2.556190
1341,3180,2.562637
1342,3188,2.569084
1343,3173,2.556996
1344,3172,2.556190
1345,3188,2.569084
1346,3181,2.563443
1347,3181,2.563443
1348,3180,2.562637
1349,3180,2.562637
1350,3188,2.569084
1351,3173,2.556996
1352,3188,2.569084
1353,3180,2.562637
1354,3181,2.563443
1355,3181,2.563443
1356,3181,2.563443
1357,3173,2.556996
1358,3180,2.562637
1359,3188,2.569084
1360,3173,2.556996
1361,3173,2.556996
1362,3180,2.562637
1363,3189,2.569890
1364,3189,2.569890
1365,3173,2.556996
1366,3189,2.569890
1367,3181,2.563443
1368,3188,2.569084
1369,3173,2.556996
1370,3173,2.556996
1371,3181,2.563443
1372,3181,2.563443
1373,3181,2.563443
1374,3181,2.563443
1375,3189,2.569890
1376,3181,2.563443
1377,3181,2.563443
1378,3188,2.569084
1379,3173,2.556996
1380,3189,2.569890
1381,3180,2.562637
1382,3181,2.563443
1383,3196,2.575531
1384,3181,2.563443
1385,3188,2.569084
1386,3197,2.576337
1387,3173,2.556996
1388,3188,2.569084
1389,3188,2.569084
1390,3188,2.569084
1391,3189,2.569890
1392,3181,2.563443
1393,3189,2.569890
1394,3188,2.569084
1395,3188,2.569084
1396,3181,2.563443
1397,3173,2.556996
1398,3188,2.569084
1399,3189,2.569890
1400,3173,2.556996
1401,3196,2.575531
1402,3181,2.563443
1403,3197,2.576337
1404,3189,2.569890
1405,3173,2.556996
1406,3189,2.569890
1407,3188,2.569084
1408,3189,2.569890
1409,3181,2.563443
1410,3197,2.576337
1411,3180,2.562637
1412,3181,2.563443
1413,3189,2.569890
1414,3188,2.569084
1415,3173,2.556996
1416,3181,2.563443
1417,3189,2.569890
1418,3181,2.563443
1419,3189,2.569890
1420,3197,2.576337
1421,3188,2.569084
1422,3181,2.563443
1423,3189,2.569890
1424,3188,2.569084
1425,3189,2.569890
1426,3181,2.563443
1427,3181,2.563443
1428,3196,2.575531
1429,3188,2.569084
1430,3173,2.556996
1431,3181,2.563443
1432,3196,2.575531
1433,3189,2.569890
1434,3189,2.569890
1435,3188,2.569084
1436,3189,2.569890
1437,3189,2.569890
1438,3197,2.576337
1439,3189,2.569890
1440,3188,2.569084
1441,3189,2.569890
1442,3189,2.569890
1443,3189,2.569890
1444,3181,2.563443
1445,3189,2.569890
1446,3189,2.569890
1447,3180,2.562637
1448,3181,2.563443
1449,3188,2.569084
1450,3181,2.563443
1451,3197,2.576337
1452,3181,2.563443
1453,3181,2.563443
1454,3189,2.569890
1455,3181,2.563443
1456,3188,2.569084
1457,3181,2.563443
1458,3188,2.569084
1459,3189,2.569890
1460,3189,2.569890
1461,3189,2.569890
1462,3189,2.569890
1463,3181,2.563443
1464,3181,2.563443
1465,3181,2.563443
1466,3181,2.563443
1467,3196,2.575531
1468,3196,2.575531
1469,3181,2.563443
1470,3181,2.563443
1471,3189,2.569890
1472,3181,2.563443
1473,3189,2.569890
1474,3180,2.562637
1475,3188,2.569084
1476,3188,2.569084
1477,3180,2.562637
1478,3181,2.563443
1479,3188,2.569084
1480,3181,2.563443
1481,3189,2.569890
1482,3188,2.569084
1483,3181,2.563443
1484,3189,2.569890
1485,3188,2.569084
1486,3172,2.556190
1487,3197,2.576337
1488,3181,2.563443
1489,3172,2.556190
1490,3189,2.569890
1491,3181,2.563443
1492,3188,2.569084
1493,3188,2.569084
1494,3188,2.569084
1495,3189,2.569890
1496,3188,2.569084
1497,3181,2.563443
1498,3181,2.563443
1499,3180,2.562637
1500,3181,2.563443
1501,3196,2.575531
1502,3189,2.569890
1503,3181,2.563443
1504,3189,2.569890
1505,3181,2.563443
1506,3188,2.569084
1507,3189,2.569890
1508,3189,2.569890
1509,3181,2.563443
1510,3189,2.569890
1511,3181,2.563443
1512,3181,2.563443
1513,3180,2.562637
1514,3189,2.569890
1515,3188,2.569084
1516,3189,2.569890
1517,3173,2.556996
1518,3181,2.563443
1519,3180,2.562637
1520,3181,2.563443
1521,3181,2.563443
1522,3181,2.563443
1523,3189,2.569890
1524,3181,2.563443
1525,3173,2.556996
1526,3180,2.562637
1527,3181,2.563443
1528,3181,2.563443
1529,3181,2.563443
1530,3180,2.562637
1531,3189,2.569890
1532,3188,2.569084
1533,3180,2.562637
1534,3181,2.563443
1535,3173,2.556996
1536,3173,2.556996
1537,3173,2.556996
1538,3181,2.563443
1539,3181,2.563443
1540,3173,2.556996
1541,3181,2.563443
1542,3181,2.563443
1543,3188,2.569084
1544,3181,2.563443
1545,3188,2.569084
1546,3173,2.556996
1547,3173,2.556996
1548,3181,2.563443
1549,3180,2.562637
1550,3180,2.562637
1551,3173,2.556996
1552,3188,2.569084
1553,3172,2.556190
1554,3180,2.562637
1555,3173,2.556996
1556,3180,2.562637
1557,3181,2.563443
1558,3173,2.556996
1559,3189,2.569890
1560,3181,2.563443
1561,3173,2.556996
1562,3172,2.556190
1563,3181,2.563443
1564,3180,2.562637
1565,3173,2.556996
1566,3173,2.556996
1567,3181,2.563443
1568,3180,2.562637
1569,3165,2.550549
1570,3173,2.556996
1571,3180,2.562637
1572,3173,2.556996
1573,3173,2.556996
1574,3173,2.556996
1575,3188,2.569084
1576,3173,2.556996
1577,3172,2.556190
1578,3173,2.556996
1579,3181,2.563443
1580,3180,2.562637
1581,3173,2.556996
1582,3173,2.556996
1583,3181,2.563443
1584,3172,2.556190
1585,3172,2.556190
1586,3173,2.556996
1587,3173,2.556996
1588,3173,2.556996
1589,3173,2.556996
1590,3180,2.562637
1591,3181,2.563443
1592,3180,2.562637
1593,3165,2.550549
1594,3172,2.556190
1595,3173,2.556996
1596,3173,2.556996
1597,3180,2.562637
1598,3165,2.550549
1599,3165,2.550549
1600,3173,2.556996
1601,3165,2.550549
1602,3172,2.556190
1603,3165,2.550549
1604,3172,2.556190
1605,3173,2.556996
1606,3172,2.556190
1607,3165,2.550549
1608,3180,2.562637
1609,3165,2.550549
1610,3164,2.549744
1611,3172,2.556190
1612,3173,2.556996
1613,3164,2.549744
1614,3157,2.544103
1615,3173,2.556996
1616,3165,2.550549
1617,3164,2.549744
1618,3165,2.550549
1619,3173,2.556996
1620,3172,2.556190
1621,3172,2.556190
1622,3172,2.556190
1623,3165,2.550549
1624,3172,2.556190
1625,3164,2.549744
1626,3157,2.544103
1627,3165,2.550549
1628,3165,2.550549
1629,3157,2.544103
1630,3157,2.544103
1631,3172,2.556190
1632,3173,2.556996
1633,3165,2.550549
1634,3157,2.544103
1635,3172,2.556190
1636,3165,2.550549
1637,3157,2.544103
1638,3157,2.544103
1639,3173,2.556996
1640,3164,2.549744
1641,3164,2.549744
1642,3165,2.550549
1643,3157,2.544103
1644,3157,2.544103
1645,3157,2.544103
1646,3157,2.544103
1647,3165,2.550549
1648,3164,2.549744
1649,3164,2.549744
1650,3165,2.550549
1651,3157,2.544103
1652,3157,2.544103
1653,3164,2.549744
1654,3164,2.549744
1655,3165,2.550549
1656,3165,2.550549
1657,3156,2.543297
1658,3164,2.549744
1659,3157,2.544103
1660,3165,2.550549
1661,3157,2.544103
1662,3165,2.550549
1663,3165,2.550549
1664,3157,2.544103
1665,3157,2.544103
1666,3156,2.543297
1667,3165,2.550549
1668,3165,2.550549
1669,3165,2.550549
1670,3165,2.550549
1671,3164,2.549744
1672,3172,2.556190
1673,3156,2.543297
1674,3156,2.543297
1675,3156,2.543297
1676,3149,2.537656
1677,3157,2.544103
1678,3157,2.544103
1679,3156,2.543297
1680,3157,2.544103
1681,3156,2.543297
1682,3156,2.543297
1683,3157,2.544103
1684,3164,2.549744
1685,3157,2.544103
1686,3156,2.543297
1687,3156,2.543297
1688,3164,2.549744
1689,3157,2.544103
1690,3165,2.550549
1691,3156,2.543297
1692,3157,2.544103
1693,3156,2.543297
1694,3157,2.544103
1695,3157,2.544103
1696,3156,2.543297
1697,3141,2.531209
1698,3156,2.543297
1699,3157,2.544103
1700,3149,2.537656
1701,3141,2.531209
1702,3149,2.537656
1703,3156,2.543297
1704,3149,2.537656
1705,3148,2.536850
1706,3148,2.536850
1707,3141,2.531209
1708,3149,2.537656
1709,3141,2.531209
1710,3156,2.543297
1711,3156,2.543297
1712,3157,2.544103
1713,3149,2.537656
1714,3149,2.537656
1715,3149,2.537656
1716,3140,2.530403
1717,3140,2.530403
1718,3164,2.549744
1719,3141,2.531209
1720,3141,2.531209
1721,3149,2.537656
1722,3148,2.536850
1723,3148,2.536850
1724,3140,2.530403
1725,3149,2.537656
1726,3148,2.536850
1727,3148,2.536850
1728,3141,2.531209
1729,3140,2.530403
1730,3141,2.531209
1731,3141,2.531209
1732,3141,2.531209
1733,3149,2.537656
1734,3141,2.531209
1735,3148,2.536850
1736,3149,2.537656
1737,3148,2.536850
1738,3141,2.531209
1739,3149,2.537656
1740,3148,2.536850
1741,3133,2.524762
1742,3141,2.531209
1743,3141,2.531209
1744,3141,2.531209
1745,3133,2.524762
1746,3140,2.530403
1747,3149,2.537656
1748,3140,2.530403
1749,3125,2.518315
1750,3133,2.524762
1751,3141,2.531209
1752,3141,2.531209
1753,3141,2.531209
1754,3133,2.524762
1755,3141,2.531209
1756,3148,2.536850
1757,3149,2.537656
1758,3141,2.531209
1759,3133,2.524762
1760,3133,2.524762
1761,3133,2.524762
1762,3140,2.530403
1763,3148,2.536850
1764,3133,2.524762
1765,3148,2.536850
1766,3133,2.524762
1767,3140,2.530403
1768,3141,2.531209
1769,3149,2.537656
1770,3140,2.530403
1771,3141,2.531209
1772,3149,2.537656
1773,3156,2.543297
1774,3148,2.536850
1775,3149,2.537656
1776,3141,2.531209
1777,3140,2.530403
1778,3141,2.531209
1779,3148,2.536850
1780,3140,2.530403
1781,3141,2.531209
1782,3148,2.536850
1783,3140,2.530403
1784,3149,2.537656
1785,3148,2.536850
1786,3156,2.543297
1787,3141,2.531209
1788,3149,2.537656
1789,3141,2.531209
1790,3149,2.537656
1791,3148,2.536850
1792,3149,2.537656
1793,3148,2.536850
1794,3148,2.536850
1795,3149,2.537656
1796,3157,2.544103
1797,3156,2.543297
1798,3156,2.543297
1799,3148,2.536850
1800,3149,2.537656
1801,3149,2.537656
1802,3156,2.543297
1803,3157,2.544103
1804,3157,2.544103
1805,3156,2.543297
1806,3156,2.543297
1807,3149,2.537656
1808,3156,2.543297
1809,3157,2.544103
1810,3157,2.544103
1811,3157,2.544103
1812,3148,2.536850
1813,3164,2.549744
1814,3157,2.544103
1815,3149,2.537656
1816,3157,2.544103
1817,3140,2.530403
1818,3149,2.537656
1819,3149,2.537656
1820,3157,2.544103
1821,3156,2.543297
1822,3157,2.544103
1823,3165,2.550549
1824,3149,2.537656
1825,3148,2.536850
1826,3164,2.549744
1827,3165,2.550549
1828,3157,2.544103
1829,3157,2.544103
1830,3157,2.544103
1831,3164,2.549744
1832,3156,2.543297
1833,3164,2.549744
1834,3164,2.549744
1835,3156,2.543297
1836,3165,2.550549
1837,3165,2.550549
1838,3156,2.543297
1839,3172,2.556190
1840,3164,2.549744
1841,3157,2.544103
1842,3172,2.556190
1843,3165,2.550549
1844,3157,2.544103
1845,3165,2.550549
1846,3165,2.550549
1847,3180,2.562637
1848,3165,2.550549
1849,3165,2.550549
1850,3172,2.556190
1851,3157,2.544103
1852,3157,2.544103
1853,3173,2.556996
1854,3156,2.543297
1855,3165,2.550549
1856,3172,2.556190
1857,3173,2.556996
1858,3165,2.550549
1859,3165,2.550549
1860,3164,2.549744
1861,3172,2.556190
1862,3173,2.556996
1863,3172,2.556190
1864,3173,2.556996
1865,3165,2.550549
1866,3172,2.556190
1867,3173,2.556996
1868,3173,2.556996
1869,3165,2.550549
1870,3181,2.563443
1871,3173,2.556996
1872,3172,2.556190
1873,3165,2.550549
1874,3180,2.562637
1875,3172,2.556190
1876,3173,2.556996
1877,3165,2.550549
1878,3173,2.556996
1879,3173,2.556996
1880,3173,2.556996
1881,3173,2.556996
1882,3173,2.556996
1883,3180,2.562637
1884,3180,2.562637
1885,3172,2.556190
1886,3180,2.562637
1887,3181,2.563443
1888,3172,2.556190
1889,3173,2.556996
1890,3164,2.549744
1891,3172,2.556190
1892,3173,2.556996
1893,3157,2.544103
1894,3173,2.556996
1895,3180,2.562637
1896,3165,2.550549
1897,3173,2.556996
1898,3165,2.550549
1899,3173,2.556996
1900,3165,2.550549
1901,3173,2.556996
1902,3172,2.556190
1903,3172,2.556190
1904,3181,2.563443
1905,3188,2.569084
1906,3173,2.556996
1907,3172,2.556190
1908,3173,2.556996
1909,3180,2.562637
1910,3172,2.556190
1911,3173,2.556996
1912,3180,2.562637
1913,3181,2.563443
1914,3189,2.569890
1915,3172,2.556190
1916,3180,2.562637
1917,3180,2.562637
1918,3181,2.563443
1919,3173,2.556996
1920,3173,2.556996
1921,3188,2.569084
1922,3172,2.556190
1923,3180,2.562637
1924,3173,2.556996
1925,3172,2.556190
1926,3173,2.556996
1927,3180,2.562637
1928,3173,2.556996
1929,3188,2.569084
1930,3173,2.556996
1931,3180,2.562637
1932,3173,2.556996
1933,3188,2.569084
1934,3181,2.563443
1935,3173,2.556996
1936,3173,2.556996
1937,3173,2.556996
1938,3172,2.556190
1939,3180,2.562637
1940,3181,2.563443
1941,3172,2.556190
1942,3181,2.563443
1943,3180,2.562637
1944,3173,2.556996
1945,3173,2.556996
1946,3173,2.556996
1947,3172,2.556190
1948,3181,2.563443
1949,3173,2.556996
1950,3189,2.569890
1951,3181,2.563443
1952,3181,2.563443
1953,3173,2.556996
1954,3181,2.563443
1955,3173,2.556996
1956,3188,2.569084
1957,3173,2.556996
1958,3188,2.569084
1959,3165,2.550549
1960,3188,2.569084
1961,3165,2.550549
1962,3180,2.562637
1963,3181,2.563443
1964,3180,2.562637
1965,3180,2.562637
1966,3189,2.569890
1967,3188,2.569084
1968,3181,2.563443
1969,3181,2.563443
1970,3181,2.563443
1971,3181,2.563443
1972,3181,2.563443
1973,3181,2.563443
1974,3173,2.556996
1975,3180,2.562637
1976,3181,2.563443
1977,3181,2.563443
1978,3180,2.562637
1979,3173,2.556996
1980,3173,2.556996
1981,3181,2.563443
1982,3173,2.556996
1983,3181,2.563443
1984,3173,2.556996
1985,3181,2.563443
1986,3188,2.569084
1987,3180,2.562637
1988,3189,2.569890
1989,3181,2.563443
1990,3173,2.556996
1991,3180,2.562637
1992,3180,2.562637
1993,3172,2.556190
1994,3173,2.556996
1995,3173,2.556996
1996,3188,2.569084
1997,3173,2.556996
1998,3180,2.562637
1999,3188,2.569084
2000,3181,2.563443
2001,3173,2.556996
2002,3173,2.556996
2003,3173,2.556996
2004,3180,2.562637
2005,3173,2.556996
2006,3181,2.563443
2007,3173,2.556996
2008,3181,2.563443
2009,3188,2.569084
2010,3181,2.563443
2011,3180,2.562637
2012,3188,2.569084
2013,3173,2.556996
2014,3188,2.569084
2015,3180,2.562637
2016,3173,2.556996
2017,3180,2.562637
2018,3172,2.556190
2019,3180,2.562637
2020,3181,2.563443
2021,3181,2.563443
2022,3180,2.562637
2023,3165,2.550549
2024,3180,2.562637
2025,3173,2.556996
2026,3181,2.563443
2027,3173,2.556996
2028,3173,2.556996
2029,3173,2.556996
2030,3173,2.556996
2031,3180,2.562637
2032,3172,2.556190
2033,3173,2.556996
2034,3173,2.556996
2035,3180,2.562637
2036,3173,2.556996
2037,3188,2.569084
2038,3173,2.556996
2039,3188,2.569084
2040,3172,2.556190
2041,3181,2.563443
2042,3173,2.556996
2043,3173,2.556996
2044,3180,2.562637
2045,3172,2.556190
2046,3172,2.556190
2047,3173,2.556996
2048,3173,2.556996
2049,3180,2.562637
2050,3173,2.556996
2051,3173,2.556996
2052,3181,2.563443
2053,3172,2.556190
2054,3181,2.563443
2055,3172,2.556190
2056,3173,2.556996
2057,3180,2.562637
2058,3173,2.556996
2059,3165,2.550549
2060,3173,2.556996
2061,3173,2.556996
2062,3172,2.556190
2063,3188,2.569084
2064,3173,2.556996
2065,3173,2.556996
2066,3172,2.556190
2067,3173,2.556996
2068,3172,2.556190
2069,3173,2.556996
2070,3180,2.562637
2071,3181,2.563443
2072,3180,2.562637
2073,3180,2.562637
2074,3172,2.556190
2075,3172,2.556190
2076,3181,2.563443
2077,3181,2.563443
2078,3172,2.556190
2079,3181,2.563443
2080,3181,2.563443
2081,3173,2.556996
2082,3180,2.562637
2083,3173,2.556996
2084,3188,2.569084
2085,3180,2.562637
2086,3172,2.556190
2087,3181,2.563443
2088,3172,2.556190
2089,3173,2.556996
2090,3181,2.563443
2091,3180,2.562637
2092,3173,2.556996
2093,3180,2.562637
2094,3181,2.563443
2095,3189,2.569890
2096,3173,2.556996
2097,3181,2.563443
2098,3180,2.562637
2099,3181,2.563443
2100,3173,2.556996
2101,3173,2.556996
2102,3188,2.569084
2103,3173,2.556996
2104,3188,2.569084
2105,3181,2.563443
2106,3173,2.556996
2107,3181,2.563443
2108,3173,2.556996
2109,3188,2.569084
2110,3173,2.556996
2111,3165,2.550549
2112,3173,2.556996
2113,3180,2.562637
2114,3189,2.569890
2115,3188,2.569084
2116,3180,2.562637
2117,3173,2.556996
2118,3180,2.562637
2119,3188,2.569084
2120,3173,2.556996
2121,3181,2.563443
2122,3173,2.556996
2123,3189,2.569890
2124,3181,2.563443
2125,3173,2.556996
2126,3189,2.569890
2127,3173,2.556996
2128,3188,2.569084
2129,3181,2.563443
2130,3181,2.563443
2131,3181,2.563443
2132,3173,2.556996
2133,3180,2.562637
2134,3188,2.569084
2135,3173,2.556996
2136,3172,2.556190
2137,3173,2.556996
2138,3180,2.562637
2139,3181,2.563443
2140,3173,2.556996
2141,3173,2.556996
2142,3181,2.563443
2143,3181,2.563443
2144,3188,2.569084
2145,3181,2.563443
2146,3180,2.562637
2147,3165,2.550549
2148,3181,2.563443
2149,3189,2.569890
2150,3189,2.569890
2151,3189,2.569890
2152,3180,2.562637
2153,3180,2.562637
2154,3188,2.569084
2155,3173,2.556996
2156,3173,2.556996
2157,3173,2.556996
2158,3189,2.569890
2159,3188,2.569084
2160,3189,2.569890
2161,3181,2.563443
2162,3173,2.556996
2163,3181,2.563443
2164,3181,2.563443
2165,3181,2.563443
2166,3189,2.569890
2167,3188,2.569084
2168,3180,2.562637
2169,3180,2.562637
2170,3173,2.556996
2171,3189,2.569890
2172,3180,2.562637
2173,3180,2.562637
2174,3188,2.569084
2175,3173,2.556996
2176,3188,2.569084
2177,3180,2.562637
2178,3181,2.563443
2179,3188,2.569084
2180,3180,2.562637
2181,3181,2.563443
2182,3188,2.569084
2183,3180,2.562637
2184,3180,2.562637
2185,3180,2.562637
2186,3189,2.569890
2187,3188,2.569084
2188,3196,2.575531
2189,3180,2.562637
2190,3180,2.562637
2191,3188,2.569084
2192,3188,2.569084
2193,3181,2.563443
2194,3188,2.569084
2195,3181,2.563443
2196,3188,2.569084
2197,3188,2.569084
2198,3181,2.563443
2199,3173,2.556996
2200,3181,2.563443
2201,3181,2.563443
2202,3188,2.569084
2203,3173,2.556996
2204,3180,2.562637
2205,3188,2.569084
2206,3173,2.556996
2207,3181,2.563443
2208,3181,2.563443
2209,3173,2.556996
2210,3181,2.563443
2211,3189,2.569890
2212,3181,2.563443
2213,3188,2.569084
2214,3181,2.563443
2215,3180,2.562637
2216,3173,2.556996
2217,3189,2.569890
2218,3188,2.569084
2219,3181,2.563443
2220,3173,2.556996
2221,3180,2.562637
2222,3173,2.556996
2223,3173,2.556996
2224,3188,2.569084
2225,3180,2.562637
2226,3181,2.563443
2227,3173,2.556996
2228,3173,2.556996
2229,3173,2.556996
2230,3173,2.556996
2231,3173,2.556996
2232,3173,2.556996
2233,3173,2.556996
2234,3173,2.556996
2235,3172,2.556190
2236,3173,2.556996
2237,3165,2.550549
2238,3173,2.556996
2239,3165,2.550549
2240,3164,2.549744
2241,3173,2.556996
2242,3173,2.556996
2243,3165,2.550549
2244,3172,2.556190
2245,3173,2.556996
2246,3164,2.549744
2247,3172,2.556190
2248,3164,2.549744
2249,3173,2.556996
2250,3157,2.544103
2251,3156,2.543297
2252,3156,2.543297
2253,3164,2.549744
2254,3156,2.543297
2255,3156,2.543297
2256,3157,2.544103
2257,3164,2.549744
2258,3157,2.544103
2259,3148,2.536850
2260,3157,2.544103
2261,3148,2.536850
2262,3156,2.543297
2263,3157,2.544103
2264,3156,2.543297
2265,3156,2.543297
2266,3156,2.543297
2267,3156,2.543297
2268,3140,2.530403
2269,3133,2.524762
2270,3148,2.536850
2271,3149,2.537656
2272,3140,2.530403
2273,3132,2.523956
2274,3149,2.537656
2275,3141,2.531209
2276,3141,2.531209
2277,3141,2.531209
2278,3140,2.530403
2279,3132,2.523956
2280,3140,2.530403
2281,3133,2.524762
2282,3125,2.518315
2283,3133,2.524762
2284,3125,2.518315
2285,3117,2.511868
2286,3125,2.518315
2287,3133,2.524762
2288,3117,2.511868
2289,3117,2.511868
2290,3116,2.511062
2291,3116,2.511062
2292,3124,2.517509
2293,3109,2.505421
2294,3100,2.498168
2295,3125,2.518315
2296,3108,2.504615
2297,3109,2.505421
2298,3101,2.498974
2299,3101,2.498974
2300,3109,2.505421
2301,3100,2.498168
2302,3100,2.498168
2303,3108,2.504615
2304,3092,2.491722
2305,3084,2.485275
2306,3092,2.491722
2307,3100,2.498168
2308,3092,2.491722
2309,3092,2.491722
2310,3084,2.485275
2311,3077,2.479634
2312,3084,2.485275
2313,3077,2.479634
2314,3072,2.475604
2315,3076,2.478828
2316,3072,2.475604
2317,3072,2.475604
2318,3072,2.475604
2319,3072,2.475604
2320,3072,2.475604
2321,3076,2.478828
2322,3072,2.475604
2323,3072,2.475604
2324,3072,2.475604
2325,3052,2.459487
2326,3045,2.453846
2327,3072,2.475604
2328,3045,2.453846
2329,3053,2.460293
2330,3037,2.447399
2331,3044,2.453040
2332,3037,2.447399
2333,3053,2.460293
2334,3053,2.460293
2335,3052,2.459487
2336,3045,2.453846
2337,3045,2.453846
2338,3053,2.460293
2339,3072,2.475604
2340,3052,2.459487
2341,3053,2.460293
2342,3072,2.475604
2343,3053,2.460293
2344,3072,2.475604
2345,3072,2.475604
2346,3072,2.475604
2347,3072,2.475604
2348,3076,2.478828
2349,3072,2.475604
2350,3076,2.478828
2351,3077,2.479634
2352,3077,2.479634
2353,3077,2.479634
2354,3077,2.479634
2355,3084,2.485275
2356,3093,2.492527
2357,3085,2.486081
2358,3101,2.498974
2359,3093,2.492527
2360,3093,2.492527
2361,3093,2.492527
2362,3093,2.492527
2363,3101,2.498974
2364,3101,2.498974
2365,3100,2.498168
2366,3109,2.505421
2367,3116,2.511062
2368,3109,2.505421
2369,3116,2.511062
2370,3117,2.511868
2371,3124,2.517509
2372,3133,2.524762
2373,3125,2.518315
2374,3132,2.523956
2375,3124,2.517509
2376,3132,2.523956
2377,3124,2.517509
2378,3125,2.518315
2379,3141,2.531209
2380,3133,2.524762
2381,3133,2.524762
2382,3157,2.544103
2383,3140,2.530403
2384,3149,2.537656
2385,3156,2.543297
2386,3156,2.543297
2387,3157,2.544103
2388,3148,2.536850
2389,3149,2.537656
2390,3149,2.537656
2391,3156,2.543297
2392,3157,2.544103
2393,3157,2.544103
2394,3157,2.544103
2395,3157,2.544103
2396,3164,2.549744
2397,3164,2.549744
2398,3157,2.544103
2399,3165,2.550549
2400,3165,2.550549
2401,3173,2.556996
2402,3165,2.550549
2403,3164,2.549744
2404,3165,2.550549
2405,3173,2.556996
2406,3172,2.556190
2407,3165,2.550549
2408,3173,2.556996
2409,3165,2.550549
2410,3173,2.556996
2411,3172,2.556190
2412,3173,2.556996
2413,3173,2.556996
2414,3173,2.556996
2415,3173,2.556996
2416,3189,2.569890
2417,3173,2.556996
2418,3173,2.556996
2419,3172,2.556190
2420,3173,2.556996
2421,3172,2.556190
2422,3181,2.563443
2423,3173,2.556996
2424,3188,2.569084
2425,3188,2.569084
2426,3181,2.563443
2427,3173,2.556996
2428,3173,2.556996
2429,3173,2.556996
2430,3188,2.569084
2431,3180,2.562637
2432,3173,2.556996
2433,3180,2.562637
2434,3181,2.563443
2435,3189,2.569890
2436,3188,2.569084
2437,3188,2.569084
2438,3181,2.563443
2439,3189,2.569890
2440,3189,2.569890
2441,3188,2.569084
2442,3189,2.569890
2443,3188,2.569084
2444,3188,2.569084
2445,3189,2.569890
2446,3197,2.576337
2447,3188,2.569084
2448,3197,2.576337
2449,3173,2.556996
2450,3197,2.576337
2451,3181,2.563443
2452,3173,2.556996
2453,3189,2.569890
2454,3196,2.575531
2455,3196,2.575531
2456,3173,2.556996
2457,3189,2.569890
2458,3188,2.569084
2459,3197,2.576337
2460,3188,2.569084
2461,3196,2.575531
2462,3180,2.562637
2463,3189,2.569890
2464,3189,2.569890
2465,3188,2.569084
2466,3189,2.569890
2467,3197,2.576337
2468,3181,2.563443
2469,3196,2.575531
2470,3181,2.563443
2471,3188,2.569084
2472,3189,2.569890
2473,3189,2.569890
2474,3197,2.576337
2475,3188,2.569084
2476,3196,2.575531
2477,3196,2.575531
2478,3197,2.576337
2479,3188,2.569084
2480,3196,2.575531
2481,3197,2.576337
2482,3189,2.569890
2483,3196,2.575531
2484,3197,2.576337
2485,3189,2.569890
2486,3197,2.576337
2487,3189,2.569890
2488,3197,2.576337
2489,3189,2.569890
2490,3181,2.563443
2491,3197,2.576337
2492,3204,2.581978
2493,3189,2.569890
2494,3196,2.575531
2495,3180,2.562637
2496,3181,2.563443
2497,3196,2.575531
2498,3189,2.569890
2499,3197,2.576337
2500,3189,2.569890
2501,3196,2.575531
2502,3181,2.563443
2503,3189,2.569890
2504,3181,2.563443
2505,3181,2.563443
2506,3196,2.575531
2507,3189,2.569890
2508,3189,2.569890
2509,3197,2.576337
2510,3189,2.569890
2511,3188,2.569084
2512,3188,2.569084
2513,3196,2.575531
2514,3188,2.569084
2515,3188,2.569084
2516,3189,2.569890
2517,3188,2.569084
2518,3197,2.576337
2519,3189,2.569890
2520,3189,2.569890
2521,3196,2.575531
2522,3189,2.569890
2523,3189,2.569890
2524,3196,2.575531
2525,3189,2.569890
2526,3188,2.569084
2527,3189,2.569890
2528,3188,2.569084
2529,3188,2.569084
2530,3189,2.569890
2531,3189,2.569890
2532,3197,2.576337
2533,3189,2.569890
2534,3188,2.569084
2535,3189,2.569890
2536,3189,2.569890
2537,3189,2.569890
2538,3181,2.563443
2539,3197,2.576337
2540,3197,2.576337
2541,3188,2.569084
2542,3197,2.576337
2543,3181,2.563443
2544,3181,2.563443
2545,3188,2.569084
2546,3180,2.562637
2547,3188,2.569084
2548,3180,2.562637
2549,3196,2.575531
2550,3189,2.569890
2551,3181,2.563443
2552,3189,2.569890
2553,3188,2.569084
2554,3196,2.575531
2555,3189,2.569890
2556,3188,2.569084
2557,3188,2.569084
2558,3173,2.556996
2559,3181,2.563443
2560,3181,2.563443
2561,3181,2.563443
2562,3189,2.569890
2563,3188,2.569084
2564,3189,2.569890
2565,3181,2.563443
2566,3181,2.563443
2567,3181,2.563443
2568,3181,2.563443
2569,3189,2.569890
2570,3181,2.563443
2571,3181,2.563443
2572,3189,2.569890
2573,3188,2.569084
2574,3188,2.569084
2575,3181,2.563443
2576,3181,2.563443
2577,3181,2.563443
2578,3188,2.569084
2579,3180,2.562637
2580,3189,2.569890
2581,3173,2.556996
2582,3188,2.569084
2583,3189,2.569890
2584,3181,2.563443
2585,3188,2.569084
2586,3189,2.569890
2587,3188,2.569084
2588,3188,2.569084
2589,3189,2.569890
2590,3173,2.556996
2591,3188,2.569084
2592,3189,2.569890
2593,3181,2.563443
2594,3181,2.563443
2595,3181,2.563443
2596,3181,2.563443
2597,3172,2.556190
2598,3189,2.569890
2599,3181,2.563443
2600,3188,2.569084
2601,3180,2.562637
2602,3180,2.562637
2603,3181,2.563443
2604,3180,2.562637
2605,3181,2.563443
2606,3188,2.569084
2607,3188,2.569084
2608,3173,2.556996
2609,3188,2.569084
2610,3173,2.556996
2611,3165,2.550549
2612,3189,2.569890
2613,3173,2.556996
2614,3173,2.556996
2615,3180,2.562637
2616,3197,2.576337
2617,3173,2.556996
2618,3188,2.569084
2619,3188,2.569084
2620,3181,2.563443
2621,3180,2.562637
2622,3181,2.563443
2623,3189,2.569890
2624,3188,2.569084
2625,3173,2.556996
2626,3173,2.556996
2627,3188,2.569084
2628,3180,2.562637
2629,3188,2.569084
2630,3196,2.575531
2631,3181,2.563443
2632,3173,2.556996
2633,3188,2.569084
2634,3197,2.576337
2635,3180,2.562637
2636,3180,2.562637
2637,3189,2.569890
2638,3173,2.556996
2639,3173,2.556996
2640,3181,2.563443
2641,3188,2.569084
2642,3188,2.569084
2643,3181,2.563443
2644,3181,2.563443
2645,3188,2.569084
2646,3188,2.569084
2647,3173,2.556996
2648,3181,2.563443
2649,3188,2.569084
2650,3173,2.556996
2651,3181,2.563443
2652,3189,2.569890
2653,3172,2.556190
2654,3181,2.563443
2655,3173,2.556996
2656,3172,2.556190
2657,3180,2.562637
2658,3180,2.562637
2659,3189,2.569890
2660,3181,2.563443
2661,3172,2.556190
2662,3180,2.562637
2663,3180,2.562637
2664,3188,2.569084
2665,3180,2.562637
2666,3181,2.563443
2667,3181,2.563443
2668,3173,2.556996
2669,3173,2.556996
2670,3181,2.563443
2671,3172,2.556190
2672,3180,2.562637
2673,3181,2.563443
2674,3188,2.569084
2675,3181,2.563443
2676,3189,2.569890
2677,3173,2.556996
2678,3173,2.556996
2679,3180,2.562637
2680,3180,2.562637
2681,3188,2.569084
2682,3173,2.556996
2683,3181,2.563443
2684,3189,2.569890
2685,3180,2.562637
2686,3181,2.563443
2687,3180,2.562637
2688,3181,2.563443
2689,3181,2.563443
2690,3188,2.569084
2691,3180,2.562637
2692,3181,2.563443
2693,3181,2.563443
2694,3180,2.562637
2695,3173,2.556996
2696,3180,2.562637
2697,3173,2.556996
2698,3173,2.556996
2699,3173,2.556996
2700,3173,2.556996
2701,3172,2.556190
2702,3173,2.556996
2703,3181,2.563443
2704,3180,2.562637
2705,3180,2.562637
2706,3180,2.562637
2707,3180,2.562637
2708,3181,2.563443
2709,3188,2.569084
2710,3172,2.556190
2711,3173,2.556996
2712,3181,2.563443
2713,3196,2.575531
2714,3188,2.569084
2715,3165,2.550549
2716,3188,2.569084
2717,3181,2.563443
2718,3181,2.563443
2719,3180,2.562637
2720,3181,2.563443
2721,3180,2.562637
2722,3172,2.556190
2723,3165,2.550549
2724,3172,2.556190
2725,3173,2.556996
2726,3188,2.569084
2727,3173,2.556996
2728,3181,2.563443
2729,3181,2.563443
2730,3181,2.563443
2731,3180,2.562637
2732,3180,2.562637
2733,3172,2.556190
2734,3189,2.569890
2735,3188,2.569084
2736,3180,2.562637
2737,3181,2.563443
2738,3173,2.556996
2739,3181,2.563443
2740,3180,2.562637
2741,3173,2.556996
2742,3181,2.563443
2743,3172,2.556190
2744,3165,2.550549
2745,3165,2.550549
2746,3172,2.556190
2747,3173,2.556996
2748,3173,2.556996
2749,3181,2.563443
2750,3181,2.563443
2751,3181,2.563443
2752,3180,2.562637
2753,3180,2.562637
2754,3180,2.562637
2755,3180,2.562637
2756,3180,2.562637
2757,3181,2.563443
2758,3173,2.556996
2759,3173,2.556996
2760,3181,2.563443
2761,3180,2.562637
2762,3173,2.556996
2763,3196,2.575531
2764,3181,2.563443
2765,3189,2.569890
2766,3172,2.556190
2767,3181,2.563443
2768,3173,2.556996
2769,3181,2.563443
2770,3181,2.563443
2771,3180,2.562637
2772,3181,2.563443
2773,3181,2.563443
2774,3181,2.563443
2775,3188,2.569084
2776,3173,2.556996
2777,3173,2.556996
2778,3181,2.563443
2779,3181,2.563443
2780,3180,2.562637
2781,3189,2.569890
2782,3181,2.563443
2783,3180,2.562637
2784,3180,2.562637
2785,3172,2.556190
2786,3173,2.556996
2787,3173,2.556996
2788,3172,2.556190
2789,3172,2.556190
2790,3173,2.556996
2791,3173,2.556996
2792,3181,2.563443
2793,3172,2.556190
2794,3181,2.563443
2795,3173,2.556996
2796,3188,2.569084
2797,3173,2.556996
2798,3172,2.556190
2799,3173,2.556996
2800,3173,2.556996
2801,3180,2.562637
2802,3180,2.562637
2803,3181,2.563443
2804,3165,2.550549
2805,3173,2.556996
2806,3180,2.562637
2807,3173,2.556996
2808,3173,2.556996
2809,3180,2.562637
2810,3180,2.562637
2811,3181,2.563443
2812,3181,2.563443
2813,3180,2.562637
2814,3172,2.556190
2815,3181,2.563443
2816,3173,2.556996
2817,3173,2.556996
2818,3173,2.556996
2819,3173,2.556996
2820,3181,2.563443
2821,3165,2.550549
2822,3173,2.556996
2823,3181,2.563443
2824,3173,2.556996
2825,3173,2.556996
2826,3156,2.543297
2827,3172,2.556190
2828,3173,2.556996
2829,3173,2.556996
2830,3180,2.562637
2831,3172,2.556190
2832,3173,2.556996
2833,3173,2.556996
2834,3181,2.563443
2835,3165,2.550549
2836,3173,2.556996
2837,3173,2.556996
2838,3173,2.556996
2839,3173,2.556996
2840,3180,2.562637
2841,3173,2.556996
2842,3173,2.556996
2843,3180,2.562637
2844,3180,2.562637
2845,3172,2.556190
2846,3180,2.562637
2847,3165,2.550549
2848,3165,2.550549
2849,3180,2.562637
2850,3173,2.556996
2851,3173,2.556996
2852,3173,2.556996
2853,3173,2.556996
2854,3173,2.556996
2855,3164,2.549744
2856,3180,2.562637
2857,3165,2.550549
2858,3180,2.562637
2859,3173,2.556996
2860,3173,2.556996
2861,3173,2.556996
2862,3173,2.556996
2863,3165,2.550549
2864,3165,2.550549
2865,3173,2.556996
2866,3172,2.556190
2867,3165,2.550549
2868,3173,2.556996
2869,3173,2.556996
2870,3165,2.550549
2871,3173,2.556996
2872,3173,2.556996
2873,3181,2.563443
2874,3173,2.556996
2875,3181,2.563443
2876,3180,2.562637
2877,3172,2.556190
2878,3180,2.562637
2879,3172,2.556190
2880,3172,2.556190
2881,3164,2.549744
2882,3173,2.556996
2883,3173,2.556996
2884,3173,2.556996
2885,3165,2.550549
2886,3172,2.556190
2887,3173,2.556996
2888,3157,2.544103
2889,3157,2.544103
2890,3165,2.550549
2891,3180,2.562637
2892,3173,2.556996
2893,3173,2.556996
2894,3173,2.556996
2895,3172,2.556190
2896,3165,2.550549
2897,3164,2.549744
2898,3165,2.550549
2899,3172,2.556190
2900,3173,2.556996
2901,3172,2.556190
2902,3165,2.550549
2903,3173,2.556996
2904,3165,2.550549
2905,3173,2.556996
2906,3173,2.556996
2907,3165,2.550549
2908,3164,2.549744
2909,3172,2.556190
2910,3165,2.550549
2911,3165,2.550549
2912,3181,2.563443
2913,3165,2.550549
2914,3172,2.556190
2915,3164,2.549744
2916,3165,2.550549
2917,3180,2.562637
2918,3165,2.550549
2919,3172,2.556190
2920,3172,2.556190
2921,3173,2.556996
2922,3172,2.556190
2923,3164,2.549744
2924,3173,2.556996
2925,3172,2.556190
2926,3180,2.562637
2927,3165,2.550549
2928,3165,2.550549
2929,3164,2.549744
2930,3173,2.556996
2931,3173,2.556996
2932,3164,2.549744
2933,3157,2.544103
2934,3172,2.556190
2935,3165,2.550549
2936,3172,2.556190
2937,3165,2.550549
2938,3165,2.550549
2939,3165,2.550549
2940,3172,2.556190
2941,3173,2.556996
2942,3173,2.556996
2943,3180,2.562637
2944,3173,2.556996
2945,3165,2.550549
2946,3172,2.556190
2947,3165,2.550549
2948,3165,2.550549
2949,3165,2.550549
2950,3165,2.550549
2951,3172,2.556190
2952,3172,2.556190
2953,3165,2.550549
2954,3172,2.556190
2955,3173,2.556996
2956,3172,2.556190
2957,3164,2.549744
2958,3173,2.556996
2959,3165,2.550549
2960,3172,2.556190
2961,3173,2.556996
2962,3165,2.550549
2963,3164,2.549744
2964,3165,2.550549
2965,3165,2.550549
2966,3157,2.544103
2967,3157,2.544103
2968,3165,2.550549
2969,3164,2.549744
2970,3165,2.550549
2971,3173,2.556996
2972,3165,2.550549
2973,3164,2.549744
2974,3165,2.550549
2975,3173,2.556996
2976,3157,2.544103
2977,3165,2.550549
2978,3180,2.562637
2979,3165,2.550549
2980,3173,2.556996
2981,3165,2.550549
2982,3165,2.550549
2983,3156,2.543297
2984,3157,2.544103
2985,3173,2.556996
2986,3157,2.544103
2987,3164,2.549744
2988,3164,2.549744
2989,3165,2.550549
2990,3165,2.550549
2991,3157,2.544103
2992,3164,2.549744
2993,3165,2.550549
2994,3165,2.550549
2995,3165,2.550549
2996,3165,2.550549
2997,3157,2.544103
2998,3173,2.556996
2999,3165,2.550549
3000,3173,2.556996
3001,3157,2.544103
3002,3157,2.544103
3003,3165,2.550549
3004,3157,2.544103
3005,3165,2.550549
3006,3156,2.543297
3007,3164,2.549744
3008,3157,2.544103
3009,3157,2.544103
3010,3164,2.549744
3011,3156,2.543297
3012,3165,2.550549
3013,3157,2.544103
3014,3157,2.544103
3015,3172,2.556190
3016,3157,2.544103
3017,3164,2.549744
3018,3165,2.550549
3019,3157,2.544103
3020,3164,2.549744
3021,3157,2.544103
3022,3157,2.544103
3023,3164,2.549744
3024,3165,2.550549
3025,3164,2.549744
3026,3165,2.550549
3027,3157,2.544103
3028,3165,2.550549
3029,3157,2.544103
3030,3172,2.556190
3031,3149,2.537656
3032,3157,2.544103
3033,3157,2.544103
3034,3141,2.531209
3035,3157,2.544103
3036,3157,2.544103
3037,3156,2.543297
3038,3156,2.543297
3039,3149,2.537656
3040,3157,2.544103
3041,3165,2.550549
3042,3157,2.544103
3043,3157,2.544103
3044,3165,2.550549
3045,3149,2.537656
3046,3164,2.549744
3047,3165,2.550549
3048,3149,2.537656
3049,3148,2.536850
3050,3165,2.550549
3051,3157,2.544103
3052,3149,2.537656
3053,3156,2.543297
3054,3156,2.543297
3055,3156,2.543297
3056,3149,2.537656
3057,3141,2.531209
3058,3156,2.543297
3059,3156,2.543297
3060,3156,2.543297
3061,3156,2.543297
3062,3149,2.537656
3063,3141,2.531209
3064,3149,2.537656
3065,3148,2.536850
3066,3156,2.543297
3067,3156,2.543297
3068,3156,2.543297
3069,3149,2.537656
3070,3156,2.543297
3071,3156,2.543297
3072,3141,2.531209
3073,3156,2.543297
3074,3149,2.537656
3075,3149,2.537656
3076,3148,2.536850
3077,3149,2.537656
3078,3140,2.530403
3079,3156,2.543297
3080,3156,2.543297
3081,3156,2.543297
3082,3165,2.550549
3083,3148,2.536850
3084,3156,2.543297
3085,3156,2.543297
3086,3165,2.550549
3087,3141,2.531209
3088,3149,2.537656
3089,3148,2.536850
3090,3141,2.531209
3091,3140,2.530403
3092,3148,2.536850
3093,3156,2.543297
3094,3157,2.544103
3095,3141,2.531209
3096,3149,2.537656
3097,3149,2.537656
3098,3141,2.531209
3099,3140,2.530403
3100,3149,2.537656
3101,3141,2.531209
3102,3141,2.531209
3103,3141,2.531209
3104,3149,2.537656
3105,3148,2.536850
3106,3133,2.524762
3107,3141,2.531209
3108,3149,2.537656
3109,3148,2.536850
3110,3148,2.536850
3111,3148,2.536850
3112,3133,2.524762
3113,3140,2.530403
3114,3125,2.518315
3115,3148,2.536850
3116,3141,2.531209
3117,3141,2.531209
3118,3149,2.537656
3119,3133,2.524762
3120,3141,2.531209
3121,3133,2.524762
3122,3141,2.531209
3123,3140,2.530403
3124,3140,2.530403
3125,3133,2.524762
3126,3140,2.530403
3127,3132,2.523956
3128,3133,2.524762
3129,3140,2.530403
3130,3141,2.531209
3131,3125,2.518315
3132,3140,2.530403
3133,3141,2.531209
3134,3133,2.524762
3135,3133,2.524762
3136,3149,2.537656
3137,3141,2.531209
3138,3133,2.524762
3139,3140,2.530403
3140,3141,2.531209
3141,3133,2.524762
3142,3125,2.518315
3143,3133,2.524762
3144,3132,2.523956
3145,3133,2.524762
3146,3133,2.524762
3147,3140,2.530403
3148,3133,2.524762
3149,3140,2.530403
3150,3133,2.524762
3151,3125,2.518315
3152,3133,2.524762
3153,3132,2.523956
3154,3124,2.517509
3155,3132,2.523956
3156,3140,2.530403
3157,3125,2.518315
3158,3117,2.511868
3159,3116,2.511062
3160,3117,2.511868
3161,3133,2.524762
3162,3124,2.517509
3163,3125,2.518315
3164,3117,2.511868
3165,3124,2.517509
3166,3116,2.511062
3167,3124,2.517509
3168,3124,2.517509
3169,3117,2.511868
3170,3117,2.511868
3171,3109,2.505421
3172,3124,2.517509
3173,3125,2.518315
3174,3117,2.511868
3175,3124,2.517509
3176,3117,2.511868
3177,3109,2.505421
3178,3116,2.511062
3179,3117,2.511868
3180,3117,2.511868
3181,3117,2.511868
3182,3124,2.517509
3183,3109,2.505421
3184,3117,2.511868
3185,3100,2.498168
3186,3116,2.511062
3187,3116,2.511062
3188,3108,2.504615
3189,3108,2.504615
3190,3109,2.505421
3191,3117,2.511868
3192,3116,2.511062
3193,3109,2.505421
3194,3101,2.498974
3195,3108,2.504615
3196,3117,2.511868
3197,3101,2.498974
3198,3101,2.498974
3199,3101,2.498974
3200,3108,2.504615
3201,3108,2.504615
3202,3109,2.505421
3203,3101,2.498974
3204,3093,2.492527
3205,3093,2.492527
3206,3093,2.492527
3207,3109,2.505421
3208,3108,2.504615
3209,3101,2.498974
3210,3101,2.498974
3211,3093,2.492527
3212,3093,2.492527
3213,3092,2.491722
3214,3101,2.498974
3215,3100,2.498168
3216,3092,2.491722
3217,3093,2.492527
3218,3101,2.498974
3219,3085,2.486081
3220,3101,2.498974
3221,3092,2.491722
3222,3092,2.491722
3223,3101,2.498974
3224,3093,2.492527
3225,3101,2.498974
3226,3085,2.486081
3227,3093,2.492527
3228,3085,2.486081
3229,3093,2.492527
3230,3092,2.491722
3231,3077,2.479634
3232,3077,2.479634
3233,3077,2.479634
3234,3092,2.491722
3235,3093,2.492527
3236,3077,2.479634
3237,3085,2.486081
3238,3085,2.486081
3239,3085,2.486081
3240,3076,2.478828
3241,3084,2.485275
3242,3085,2.486081
3243,3085,2.486081
3244,3092,2.491722
3245,3077,2.479634
3246,3085,2.486081
3247,3077,2.479634
3248,3077,2.479634
3249,3077,2.479634
3250,3076,2.478828
3251,3084,2.485275
3252,3077,2.479634
3253,3077,2.479634
3254,3076,2.478828
3255,3072,2.475604
3256,3076,2.478828
3257,3076,2.478828
3258,3077,2.479634
3259,3076,2.478828
3260,3076,2.478828
3261,3076,2.478828
3262,3072,2.475604
3263,3072,2.475604
3264,3072,2.475604
3265,3077,2.479634
3266,3072,2.475604
3267,3072,2.475604
3268,3072,2.475604
3269,3072,2.475604
3270,3077,2.479634
3271,3077,2.479634
3272,3072,2.475604
3273,3072,2.475604
3274,3072,2.475604
3275,3072,2.475604
3276,3077,2.479634
3277,3076,2.478828
3278,3076,2.478828
3279,3072,2.475604
3280,3076,2.478828
3281,3072,2.475604
3282,3072,2.475604
3283,3072,2.475604
3284,3072,2.475604
3285,3076,2.478828
3286,3072,2.475604
3287,3053,2.460293
3288,3072,2.475604
3289,3072,2.475604
3290,3072,2.475604
3291,3072,2.475604
3292,3072,2.475604
3293,3072,2.475604
3294,3072,2.475604
3295,3072,2.475604
3296,3072,2.475604
3297,3072,2.475604
3298,3072,2.475604
3299,3052,2.459487
3300,3072,2.475604
3301,3053,2.460293
3302,3053,2.460293
3303,3045,2.453846
3304,3072,2.475604
3305,3072,2.475604
3306,3045,2.453846
3307,3072,2.475604
3308,3053,2.460293
3309,3037,2.447399
3310,3072,2.475604
3311,3072,2.475604
3312,3072,2.475604
3313,3052,2.459487
3314,3072,2.475604
3315,3072,2.475604
3316,3045,2.453846
3317,3044,2.453040
3318,3045,2.453846
3319,3045,2.453846
3320,3045,2.453846
3321,3053,2.460293
3322,3052,2.459487
3323,3045,2.453846
3324,3045,2.453846
3325,3072,2.475604
3326,3045,2.453846
3327,3044,2.453040
3328,3052,2.459487
3329,3045,2.453846
3330,3037,2.447399
3331,3045,2.453846
3332,3052,2.459487
3333,3045,2.453846
3334,3044,2.453040
3335,3045,2.453846
3336,3045,2.453846
3337,3052,2.459487
3338,3052,2.459487
3339,3045,2.453846
3340,3045,2.453846
3341,3037,2.447399
3342,3045,2.453846
3343,3037,2.447399
3344,3037,2.447399
3345,3045,2.453846
3346,3037,2.447399
3347,3053,2.460293
3348,3052,2.459487
3349,3045,2.453846
3350,3037,2.447399
3351,3037,2.447399
3352,3036,2.446593
3353,3037,2.447399
3354,3036,2.446593
3355,3037,2.447399
3356,3037,2.447399
3357,3029,2.440952
3358,3029,2.440952
3359,3029,2.440952
3360,3044,2.453040
3361,3021,2.434505
3362,3045,2.453846
3363,3029,2.440952
3364,3036,2.446593
3365,3044,2.453040
3366,3037,2.447399
3367,3036,2.446593
3368,3029,2.440952
3369,3029,2.440952
3370,3029,2.440952
3371,3036,2.446593
3372,3045,2.453846
3373,3029,2.440952
3374,3029,2.440952
3375,3029,2.440952
3376,3037,2.447399
3377,3021,2.434505
3378,3028,2.440147
3379,3037,2.447399
3380,3029,2.440952
3381,3037,2.447399
3382,3029,2.440952
3383,3028,2.440147
3384,3028,2.440147
3385,3021,2.434505
3386,3029,2.440952
3387,3036,2.446593
3388,3029,2.440952
3389,3028,2.440147
3390,3036,2.446593
3391,3036,2.446593
3392,3021,2.434505
3393,3029,2.440952
3394,3029,2.440952
3395,3045,2.453846
3396,3028,2.440147
3397,3020,2.433700
3398,3037,2.447399
3399,3021,2.434505
3400,3029,2.440952
3401,3013,2.428059
3402,3029,2.440952
3403,3029,2.440952
3404,3029,2.440952
3405,3037,2.447399
3406,3020,2.433700
3407,3029,2.440952
3408,3036,2.446593
3409,3029,2.440952
3410,3020,2.433700
3411,3021,2.434505
3412,3021,2.434505
3413,3029,2.440952
3414,3021,2.434505
3415,3028,2.440147
3416,3036,2.446593
3417,3029,2.440952
3418,3036,2.446593
3419,3028,2.440147
3420,3029,2.440952
3421,3029,2.440952
3422,3020,2.433700
3423,3029,2.440952
3424,3021,2.434505
3425,3029,2.440952
3426,3020,2.433700
3427,3029,2.440952
3428,3013,2.428059
3429,3021,2.434505
3430,3028,2.440147
3431,3021,2.434505
3432,3036,2.446593
3433,3021,2.434505
3434,3036,2.446593
3435,3012,2.427253
3436,3028,2.440147
3437,3029,2.440952
3438,3028,2.440147
3439,3029,2.440952
3440,3021,2.434505
3441,3020,2.433700
3442,3020,2.433700
3443,3028,2.440147
3444,3012,2.427253
3445,3029,2.440952
3446,3013,2.428059
3447,3028,2.440147
3448,3021,2.434505
3449,3036,2.446593
3450,3021,2.434505
3451,3021,2.434505
3452,3028,2.440147
3453,3028,2.440147
3454,3020,2.433700
3455,3020,2.433700
3456,3021,2.434505
3457,3013,2.428059
3458,3020,2.433700
3459,3020,2.433700
3460,3020,2.433700
3461,3036,2.446593
3462,3021,2.434505
3463,3028,2.440147
3464,3029,2.440952
3465,3013,2.428059
3466,3021,2.434505
3467,3029,2.440952
3468,3028,2.440147
3469,3020,2.433700
3470,3020,2.433700
3471,3013,2.428059
3472,3013,2.428059
3473,3021,2.434505
3474,3020,2.433700
3475,3013,2.428059
3476,3013,2.428059
3477,3021,2.434505
3478,3028,2.440147
3479,3012,2.427253
3480,3028,2.440147
3481,3013,2.428059
3482,3012,2.427253
3483,3021,2.434505
3484,3021,2.434505
3485,3021,2.434505
3486,3012,2.427253
3487,3021,2.434505
3488,3021,2.434505
3489,3013,2.428059
3490,3021,2.434505
3491,3020,2.433700
3492,3036,2.446593
3493,3021,2.434505
3494,3020,2.433700
3495,3013,2.428059
3496,3012,2.427253
3497,3013,2.428059
3498,3028,2.440147
3499,3021,2.434505
3500,3021,2.434505
3501,3020,2.433700
3502,3028,2.440147
3503,3013,2.428059
3504,3021,2.434505
3505,3013,2.428059
3506,3021,2.434505
3507,3013,2.428059
3508,3021,2.434505
3509,3020,2.433700
3510,3028,2.440147
3511,3020,2.433700
3512,3028,2.440147
3513,3020,2.433700
3514,3012,2.427253
3515,3013,2.428059
3516,3013,2.428059
3517,3021,2.434505
3518,3013,2.428059
3519,3005,2.421612
3520,3028,2.440147
3521,3012,2.427253
3522,3013,2.428059
3523,3029,2.440952
3524,3021,2.434505
3525,3028,2.440147
3526,3028,2.440147
3527,3020,2.433700
3528,3020,2.433700
3529,3029,2.440952
3530,3012,2.427253
3531,3021,2.434505
3532,3029,2.440952
3533,3012,2.427253
3534,3028,2.440147
3535,3013,2.428059
3536,3013,2.428059
3537,3020,2.433700
3538,3021,2.434505
3539,3020,2.433700
3540,3012,2.427253
3541,3021,2.434505
3542,3020,2.433700
3543,3013,2.428059
3544,3020,2.433700
3545,3020,2.433700
3546,3013,2.428059
3547,3021,2.434505
3548,3028,2.440147
3549,3013,2.428059
3550,3012,2.427253
3551,3013,2.428059
3552,3021,2.434505
3553,3013,2.428059
3554,3013,2.428059
3555,3021,2.434505
3556,3020,2.433700
3557,3021,2.434505
3558,3029,2.440952
3559,3013,2.428059
3560,3021,2.434505
3561,3020,2.433700
3562,3020,2.433700
3563,3012,2.427253
3564,3028,2.440147
3565,3013,2.428059
3566,3013,2.428059
3567,3020,2.433700
3568,3021,2.434505
3569,3028,2.440147
3570,3013,2.428059
3571,3013,2.428059
3572,3021,2.434505
3573,3021,2.434505
3574,3013,2.428059
3575,3004,2.420806
3576,3021,2.434505
3577,3013,2.428059
3578,3013,2.428059
3579,3020,2.433700
3580,3005,2.421612
3581,3005,2.421612
3582,3013,2.428059
3583,3021,2.434505
3584,3028,2.440147
3585,3013,2.428059
3586,3013,2.428059
3587,3005,2.421612
3588,3020,2.433700
3589,3013,2.428059
3590,3013,2.428059
3591,3013,2.428059
3592,3020,2.433700
3593,3005,2.421612
3594,3013,2.428059
3595,3013,2.428059
3596,3013,2.428059
3597,3012,2.427253
3598,3013,2.428059
3599,3012,2.427253
3600,3013,2.428059
3601,3013,2.428059
3602,3012,2.427253
3603,3021,2.434505
3604,3005,2.421612
3605,3012,2.427253
3606,3013,2.428059
3607,3020,2.433700
3608,3020,2.433700
3609,3013,2.428059
3610,3013,2.428059
3611,3028,2.440147
3612,3021,2.434505
3613,2997,2.415165
3614,3005,2.421612
3615,3013,2.428059
3616,3021,2.434505
3617,3013,2.428059
3618,2997,2.415165
3619,3013,2.428059
3620,3013,2.428059
3621,3021,2.434505
3622,3012,2.427253
3623,3013,2.428059
3624,3012,2.427253
3625,3005,2.421612
3626,3012,2.427253
3627,3012,2.427253
3628,3021,2.434505
3629,3012,2.427253
3630,3013,2.428059
3631,3020,2.433700
3632,3021,2.434505
3633,3021,2.434505
3634,3028,2.440147
3635,3013,2.428059
3636,3013,2.428059
3637,3013,2.428059
3638,3020,2.433700
3639,3021,2.434505
3640,3012,2.427253
3641,3021,2.434505
3642,3012,2.427253
3643,3020,2.433700
3644,3013,2.428059
3645,3012,2.427253
3646,3013,2.428059
3647,3013,2.428059
