Pixel,ADC,VoltageV
1,3951,3.183956
2,3951,3.183956
3,3951,3.183956
4,3947,3.180733
5,3947,3.180733
6,3947,3.180733
7,3947,3.180733
8,3947,3.180733
9,3947,3.180733
10,3947,3.180733
11,3946,3.179927
12,3947,3.180733
13,3951,3.183956
14,3947,3.180733
15,3947,3.180733
16,3946,3.179927
17,3394,2.735092
18,2963,2.387766
19,2979,2.400659
20,2984,2.404689
21,2986,2.406300
22,2986,2.406300
23,2987,2.407106
24,2986,2.406300
25,3002,2.419194
26,2986,2.406300
27,2987,2.407106
28,2987,2.407106
29,2987,2.407106
30,2991,2.410330
31,2984,2.404689
32,2995,2.413553
33,2986,2.406300
34,2991,2.410330
35,3002,2.419194
36,2991,2.410330
37,3000,2.417582
38,3002,2.419194
39,3002,2.419194
40,3010,2.425641
41,3010,2.425641
42,3002,2.419194
43,3002,2.419194
44,3002,2.419194
45,3000,2.417582
46,3002,2.419194
47,3010,2.425641
48,3010,2.425641
49,3008,2.424029
50,2987,2.407106
51,2995,2.413553
52,3002,2.419194
53,2991,2.410330
54,3002,2.419194
55,3002,2.419194
56,2987,2.407106
57,2987,2.407106
58,2987,2.407106
59,2987,2.407106
60,2991,2.410330
61,2991,2.410330
62,2991,2.410330
63,3000,2.417582
64,2987,2.407106
65,2991,2.410330
66,3010,2.425641
67,2991,2.410330
68,2991,2.410330
69,2986,2.406300
70,2984,2.404689
71,2987,2.407106
72,2986,2.406300
73,2995,2.413553
74,3002,2.419194
75,2986,2.406300
76,2987,2.407106
77,2995,2.413553
78,3002,2.419194
79,2994,2.412747
80,2991,2.410330
81,3002,2.419194
82,2991,2.410330
83,2991,2.410330
84,2994,2.412747
85,3002,2.419194
86,2995,2.413553
87,2995,2.413553
88,3000,2.417582
89,2991,2.410330
90,2995,2.413553
91,3008,2.424029
92,3000,2.417582
93,2995,2.413553
94,2987,2.407106
95,3008,2.424029
96,3010,2.425641
97,3002,2.419194
98,2987,2.407106
99,2995,2.413553
100,3002,2.419194
101,2986,2.406300
102,3000,2.417582
103,2995,2.413553
104,2987,2.407106
105,2987,2.407106
106,2995,2.413553
107,2991,2.410330
108,3002,2.419194
109,2987,2.407106
110,3000,2.417582
111,3000,2.417582
112,2987,2.407106
113,2979,2.400659
114,2987,2.407106
115,2986,2.406300
116,2979,2.400659
117,2991,2.410330
118,2987,2.407106
119,3008,2.424029
120,2987,2.407106
121,2984,2.404689
122,3000,2.417582
123,2986,2.406300
124,2987,2.407106
125,2995,2.413553
126,2991,2.410330
127,2987,2.407106
128,2991,2.410330
129,2987,2.407106
130,2991,2.410330
131,2987,2.407106
132,2987,2.407106
133,2991,2.410330
134,2991,2.410330
135,2991,2.410330
136,3008,2.424029
137,2986,2.406300
138,2991,2.410330
139,3002,2.419194
140,3000,2.417582
141,3002,2.419194
142,3010,2.425641
143,2991,2.410330
144,3000,2.417582
145,2991,2.410330
146,3000,2.417582
147,3002,2.419194
148,3002,2.419194
149,3010,2.425641
150,3010,2.425641
151,2991,2.410330
152,2987,2.407106
153,3010,2.425641
154,3016,2.430476
155,3002,2.419194
156,2991,2.410330
157,3008,2.424029
158,3002,2.419194
159,2994,2.412747
160,3002,2.419194
161,3002,2.419194
162,2987,2.407106
163,2991,2.410330
164,3008,2.424029
165,3010,2.425641
166,2991,2.410330
167,2991,2.410330
168,3010,2.425641
169,2994,2.412747
170,3002,2.419194
171,3000,2.417582
172,3010,2.425641
173,3002,2.419194
174,3002,2.419194
175,2995,2.413553
176,3002,2.419194
177,3010,2.425641
178,3002,2.419194
179,3002,2.419194
180,3011,2.426447
181,2995,2.413553
182,3002,2.419194
183,3011,2.426447
184,2995,2.413553
185,3002,2.419194
186,2991,2.410330
187,3010,2.425641
188,2991,2.410330
189,2991,2.410330
190,2987,2.407106
191,2995,2.413553
192,3002,2.419194
193,3002,2.419194
194,3002,2.419194
195,3002,2.419194
196,2986,2.406300
197,2995,2.413553
198,2986,2.406300
199,3008,2.424029
200,2991,2.410330
201,2991,2.410330
202,2995,2.413553
203,2995,2.413553
204,2991,2.410330
205,3010,2.425641
206,3003,2.420000
207,3000,2.417582
208,2995,2.413553
209,2995,2.413553
210,3002,2.419194
211,3002,2.419194
212,3008,2.424029
213,2987,2.407106
214,3010,2.425641
215,3008,2.424029
216,2995,2.413553
217,3002,2.419194
218,3002,2.419194
219,2991,2.410330
220,2995,2.413553
221,2995,2.413553
222,3002,2.419194
223,2991,2.410330
224,2995,2.413553
225,3010,2.425641
226,3002,2.419194
227,2987,2.407106
228,2987,2.407106
229,2991,2.410330
230,3002,2.419194
231,3010,2.425641
232,3008,2.424029
233,3002,2.419194
234,3010,2.425641
235,3010,2.425641
236,3003,2.420000
237,3008,2.424029
238,3018,2.432088
239,3010,2.425641
240,3008,2.424029
241,2987,2.407106
242,3010,2.425641
243,3010,2.425641
244,3010,2.425641
245,3018,2.432088
246,3008,2.424029
247,3008,2.424029
248,3002,2.419194
249,3002,2.419194
250,2991,2.410330
251,3002,2.419194
252,3010,2.425641
253,3008,2.424029
254,3008,2.424029
255,3008,2.424029
256,3010,2.425641
257,3008,2.424029
258,3002,2.419194
259,3010,2.425641
260,3002,2.419194
261,3010,2.425641
262,3002,2.419194
263,2991,2.410330
264,2995,2.413553
265,2995,2.413553
266,3002,2.419194
267,3010,2.425641
268,2991,2.410330
269,3010,2.425641
270,3002,2.419194
271,2995,2.413553
272,3002,2.419194
273,3000,2.417582
274,3002,2.419194
275,2991,2.410330
276,3000,2.417582
277,3010,2.425641
278,3008,2.424029
279,2991,2.410330
280,3010,2.425641
281,3011,2.426447
282,3008,2.424029
283,3002,2.419194
284,3008,2.424029
285,3010,2.425641
286,3000,2.417582
287,2987,2.407106
288,3000,2.417582
289,3003,2.420000
290,2991,2.410330
291,3010,2.425641
292,3011,2.426447
293,3002,2.419194
294,3002,2.419194
295,3011,2.426447
296,3008,2.424029
297,3008,2.424029
298,3002,2.419194
299,3010,2.425641
300,3010,2.425641
301,3003,2.420000
302,3018,2.432088
303,3010,2.425641
304,3002,2.419194
305,3011,2.426447
306,3003,2.420000
307,3008,2.424029
308,3016,2.430476
309,3002,2.419194
310,3008,2.424029
311,3010,2.425641
312,3010,2.425641
313,3002,2.419194
314,3008,2.424029
315,3010,2.425641
316,3002,2.419194
317,2995,2.413553
318,3008,2.424029
319,2991,2.410330
320,3010,2.425641
321,3010,2.425641
322,2987,2.407106
323,3000,2.417582
324,3002,2.419194
325,2995,2.413553
326,3002,2.419194
327,3003,2.420000
328,3011,2.426447
329,3011,2.426447
330,3010,2.425641
331,3010,2.425641
332,3011,2.426447
333,3018,2.432088
334,3023,2.436117
335,3018,2.432088
336,3011,2.426447
337,3027,2.439341
338,3018,2.432088
339,3016,2.430476
340,3023,2.436117
341,3019,2.432894
342,3018,2.432088
343,3019,2.432894
344,3010,2.425641
345,3018,2.432088
346,3016,2.430476
347,3019,2.432894
348,3018,2.432088
349,3016,2.430476
350,3018,2.432088
351,3019,2.432894
352,3011,2.426447
353,3010,2.425641
354,3019,2.432894
355,3018,2.432088
356,3010,2.425641
357,3002,2.419194
358,3010,2.425641
359,3019,2.432894
360,3011,2.426447
361,3019,2.432894
362,3019,2.432894
363,3019,2.432894
364,3019,2.432894
365,3018,2.432088
366,3010,2.425641
367,3010,2.425641
368,3019,2.432894
369,3019,2.432894
370,3019,2.432894
371,3023,2.436117
372,3019,2.432894
373,3019,2.432894
374,3018,2.432088
375,3018,2.432088
376,3018,2.432088
377,3010,2.425641
378,3011,2.426447
379,3011,2.426447
380,3010,2.425641
381,3011,2.426447
382,3016,2.430476
383,3010,2.425641
384,3002,2.419194
385,2995,2.413553
386,3010,2.425641
387,3010,2.425641
388,3010,2.425641
389,3011,2.426447
390,2995,2.413553
391,3008,2.424029
392,3008,2.424029
393,3010,2.425641
394,3010,2.425641
395,3010,2.425641
396,3008,2.424029
397,3003,2.420000
398,3003,2.420000
399,3010,2.425641
400,3018,2.432088
401,3010,2.425641
402,3019,2.432894
403,3018,2.432088
404,3019,2.432894
405,3023,2.436117
406,3008,2.424029
407,3016,2.430476
408,3018,2.432088
409,3018,2.432088
410,3011,2.426447
411,3018,2.432088
412,3019,2.432894
413,3010,2.425641
414,3010,2.425641
415,3016,2.430476
416,3011,2.426447
417,3032,2.443370
418,3011,2.426447
419,3019,2.432894
420,3011,2.426447
421,3018,2.432088
422,3010,2.425641
423,3018,2.432088
424,3016,2.430476
425,3018,2.432088
426,3018,2.432088
427,3011,2.426447
428,3010,2.425641
429,3018,2.432088
430,3018,2.432088
431,3018,2.432088
432,3023,2.436117
433,3018,2.432088
434,3023,2.436117
435,3010,2.425641
436,3018,2.432088
437,3010,2.425641
438,3018,2.432088
439,3010,2.425641
440,3002,2.419194
441,3010,2.425641
442,3010,2.425641
443,3018,2.432088
444,3010,2.425641
445,3011,2.426447
446,3018,2.432088
447,3019,2.432894
448,3010,2.425641
449,3010,2.425641
450,3019,2.432894
451,3016,2.430476
452,3016,2.430476
453,3011,2.426447
454,3016,2.430476
455,3010,2.425641
456,3019,2.432894
457,3018,2.432088
458,3018,2.432088
459,3018,2.432088
460,3018,2.432088
461,3018,2.432088
462,3016,2.430476
463,3018,2.432088
464,3018,2.432088
465,3019,2.432894
466,3019,2.432894
467,3019,2.432894
468,3018,2.432088
469,3016,2.430476
470,3010,2.425641
471,3010,2.425641
472,3010,2.425641
473,3018,2.432088
474,3018,2.432088
475,3018,2.432088
476,3002,2.419194
477,3011,2.426447
478,3019,2.432894
479,3010,2.425641
480,3018,2.432088
481,3019,2.432894
482,3023,2.436117
483,3018,2.432088
484,3027,2.439341
485,3032,2.443370
486,3042,2.451429
487,3040,2.449817
488,3042,2.451429
489,3023,2.436117
490,3023,2.436117
491,3032,2.443370
492,3019,2.432894
493,3019,2.432894
494,3023,2.436117
495,3023,2.436117
496,3023,2.436117
497,3023,2.436117
498,3023,2.436117
499,3019,2.432894
500,3018,2.432088
501,3019,2.432894
502,3023,2.436117
503,3023,2.436117
504,3016,2.430476
505,3019,2.432894
506,3019,2.432894
507,3010,2.425641
508,3018,2.432088
509,3040,2.449817
510,3018,2.432088
511,3040,2.449817
512,3040,2.449817
513,3040,2.449817
514,3019,2.432894
515,3023,2.436117
516,3011,2.426447
517,3023,2.436117
518,3018,2.432088
519,3019,2.432894
520,3023,2.436117
521,3019,2.432894
522,3023,2.436117
523,3010,2.425641
524,3018,2.432088
525,3019,2.432894
526,3018,2.432088
527,3023,2.436117
528,3040,2.449817
529,3019,2.432894
530,3019,2.432894
531,3019,2.432894
532,3040,2.449817
533,3040,2.449817
534,3040,2.449817
535,3019,2.432894
536,3040,2.449817
537,3040,2.449817
538,3040,2.449817
539,3040,2.449817
540,3040,2.449817
541,3040,2.449817
542,3023,2.436117
543,3023,2.436117
544,3043,2.452234
545,3019,2.432894
546,3032,2.443370
547,3023,2.436117
548,3023,2.436117
549,3040,2.449817
550,3040,2.449817
551,3023,2.436117
552,3040,2.449817
553,3040,2.449817
554,3040,2.449817
555,3027,2.439341
556,3042,2.451429
557,3010,2.425641
558,3040,2.449817
559,3018,2.432088
560,3040,2.449817
561,3023,2.436117
562,3019,2.432894
563,3018,2.432088
564,3018,2.432088
565,3019,2.432894
566,3019,2.432894
567,3019,2.432894
568,3032,2.443370
569,3019,2.432894
570,3019,2.432894
571,3040,2.449817
572,3019,2.432894
573,3032,2.443370
574,3027,2.439341
575,3027,2.439341
576,3032,2.443370
577,3019,2.432894
578,3027,2.439341
579,3019,2.432894
580,3019,2.432894
581,3040,2.449817
582,3019,2.432894
583,3018,2.432088
584,3040,2.449817
585,3023,2.436117
586,3011,2.426447
587,3019,2.432894
588,3019,2.432894
589,3018,2.432088
590,3019,2.432894
591,3018,2.432088
592,3023,2.436117
593,3023,2.436117
594,3019,2.432894
595,3018,2.432088
596,3018,2.432088
597,3023,2.436117
598,3019,2.432894
599,3040,2.449817
600,3018,2.432088
601,3018,2.432088
602,3019,2.432894
603,3018,2.432088
604,3010,2.425641
605,3040,2.449817
606,3016,2.430476
607,3018,2.432088
608,3010,2.425641
609,3032,2.443370
610,3016,2.430476
611,3018,2.432088
612,3016,2.430476
613,3019,2.432894
614,3040,2.449817
615,3032,2.443370
616,3040,2.449817
617,3040,2.449817
618,3023,2.436117
619,3019,2.432894
620,3027,2.439341
621,3023,2.436117
622,3019,2.432894
623,3016,2.430476
624,3023,2.436117
625,3019,2.432894
626,3027,2.439341
627,3027,2.439341
628,3018,2.432088
629,3040,2.449817
630,3018,2.432088
631,3032,2.443370
632,3019,2.432894
633,3016,2.430476
634,3010,2.425641
635,3019,2.432894
636,3023,2.436117
637,3010,2.425641
638,3019,2.432894
639,3018,2.432088
640,3019,2.432894
641,3027,2.439341
642,3019,2.432894
643,3027,2.439341
644,3040,2.449817
645,3040,2.449817
646,3040,2.449817
647,3027,2.439341
648,3032,2.443370
649,3040,2.449817
650,3040,2.449817
651,3040,2.449817
652,3040,2.449817
653,3023,2.436117
654,3027,2.439341
655,3023,2.436117
656,3019,2.432894
657,3019,2.432894
658,3018,2.432088
659,3010,2.425641
660,3018,2.432088
661,3011,2.426447
662,3018,2.432088
663,3018,2.432088
664,3018,2.432088
665,3019,2.432894
666,3018,2.432088
667,3019,2.432894
668,3018,2.432088
669,3019,2.432894
670,3023,2.436117
671,3023,2.436117
672,3032,2.443370
673,3023,2.436117
674,3040,2.449817
675,3010,2.425641
676,3018,2.432088
677,3008,2.424029
678,3018,2.432088
679,3010,2.425641
680,3018,2.432088
681,3019,2.432894
682,3019,2.432894
683,3019,2.432894
684,3019,2.432894
685,3019,2.432894
686,3018,2.432088
687,3019,2.432894
688,3023,2.436117
689,3040,2.449817
690,3040,2.449817
691,3040,2.449817
692,3019,2.432894
693,3018,2.432088
694,3023,2.436117
695,3019,2.432894
696,3027,2.439341
697,3019,2.432894
698,3019,2.432894
699,3040,2.449817
700,3023,2.436117
701,3019,2.432894
702,3019,2.432894
703,3040,2.449817
704,3023,2.436117
705,3040,2.449817
706,3023,2.436117
707,3023,2.436117
708,3032,2.443370
709,3027,2.439341
710,3040,2.449817
711,3032,2.443370
712,3040,2.449817
713,3027,2.439341
714,3040,2.449817
715,3043,2.452234
716,3040,2.449817
717,3040,2.449817
718,3040,2.449817
719,3048,2.456264
720,3040,2.449817
721,3050,2.457875
722,3042,2.451429
723,3040,2.449817
724,3040,2.449817
725,3019,2.432894
726,3032,2.443370
727,3042,2.451429
728,3040,2.449817
729,3019,2.432894
730,3042,2.451429
731,3019,2.432894
732,3023,2.436117
733,3019,2.432894
734,3019,2.432894
735,3040,2.449817
736,3042,2.451429
737,3032,2.443370
738,3027,2.439341
739,3026,2.438535
740,3042,2.451429
741,3034,2.444982
742,3032,2.443370
743,3040,2.449817
744,3019,2.432894
745,3040,2.449817
746,3019,2.432894
747,3018,2.432088
748,3040,2.449817
749,3027,2.439341
750,3027,2.439341
751,3023,2.436117
752,3019,2.432894
753,3023,2.436117
754,3040,2.449817
755,3018,2.432088
756,3018,2.432088
757,3019,2.432894
758,3040,2.449817
759,3040,2.449817
760,3042,2.451429
761,3040,2.449817
762,3023,2.436117
763,3032,2.443370
764,3027,2.439341
765,3023,2.436117
766,3040,2.449817
767,3040,2.449817
768,3040,2.449817
769,3027,2.439341
770,3048,2.456264
771,3040,2.449817
772,3040,2.449817
773,3042,2.451429
774,3040,2.449817
775,3040,2.449817
776,3042,2.451429
777,3040,2.449817
778,3040,2.449817
779,3040,2.449817
780,3043,2.452234
781,3040,2.449817
782,3027,2.439341
783,3040,2.449817
784,3042,2.451429
785,3072,2.475604
786,3023,2.436117
787,3040,2.449817
788,3040,2.449817
789,3018,2.432088
790,3043,2.452234
791,3040,2.449817
792,3042,2.451429
793,3042,2.451429
794,3032,2.443370
795,3042,2.451429
796,3040,2.449817
797,3040,2.449817
798,3042,2.451429
799,3043,2.452234
800,3040,2.449817
801,3040,2.449817
802,3040,2.449817
803,3040,2.449817
804,3040,2.449817
805,3042,2.451429
806,3042,2.451429
807,3027,2.439341
808,3048,2.456264
809,3048,2.456264
810,3043,2.452234
811,3043,2.452234
812,3043,2.452234
813,3023,2.436117
814,3050,2.457875
815,3040,2.449817
816,3042,2.451429
817,3042,2.451429
818,3040,2.449817
819,3042,2.451429
820,3040,2.449817
821,3027,2.439341
822,3040,2.449817
823,3040,2.449817
824,3042,2.451429
825,3042,2.451429
826,3042,2.451429
827,3040,2.449817
828,3050,2.457875
829,3040,2.449817
830,3050,2.457875
831,3042,2.451429
832,3072,2.475604
833,3072,2.475604
834,3050,2.457875
835,3072,2.475604
836,3072,2.475604
837,3050,2.457875
838,3048,2.456264
839,3072,2.475604
840,3072,2.475604
841,3042,2.451429
842,3050,2.457875
843,3050,2.457875
844,3040,2.449817
845,3050,2.457875
846,3042,2.451429
847,3072,2.475604
848,3072,2.475604
849,3072,2.475604
850,3072,2.475604
851,3072,2.475604
852,3072,2.475604
853,3072,2.475604
854,3072,2.475604
855,3072,2.475604
856,3072,2.475604
857,3072,2.475604
858,3072,2.475604
859,3072,2.475604
860,3072,2.475604
861,3072,2.475604
862,3072,2.475604
863,3072,2.475604
864,3072,2.475604
865,3072,2.475604
866,3072,2.475604
867,3072,2.475604
868,3072,2.475604
869,3072,2.475604
870,3043,2.452234
871,3072,2.475604
872,3072,2.475604
873,3048,2.456264
874,3042,2.451429
875,3072,2.475604
876,3072,2.475604
877,3040,2.449817
878,3072,2.475604
879,3072,2.475604
880,3072,2.475604
881,3048,2.456264
882,3072,2.475604
883,3050,2.457875
884,3072,2.475604
885,3043,2.452234
886,3048,2.456264
887,3040,2.449817
888,3072,2.475604
889,3043,2.452234
890,3040,2.449817
891,3040,2.449817
892,3042,2.451429
893,3072,2.475604
894,3072,2.475604
895,3072,2.475604
896,3072,2.475604
897,3042,2.451429
898,3072,2.475604
899,3072,2.475604
900,3072,2.475604
901,3050,2.457875
902,3043,2.452234
903,3072,2.475604
904,3072,2.475604
905,3050,2.457875
906,3072,2.475604
907,3072,2.475604
908,3072,2.475604
909,3072,2.475604
910,3072,2.475604
911,3072,2.475604
912,3072,2.475604
913,3072,2.475604
914,3072,2.475604
915,3072,2.475604
916,3072,2.475604
917,3072,2.475604
918,3072,2.475604
919,3072,2.475604
920,3043,2.452234
921,3072,2.475604
922,3072,2.475604
923,3072,2.475604
924,3072,2.475604
925,3072,2.475604
926,3072,2.475604
927,3072,2.475604
928,3072,2.475604
929,3072,2.475604
930,3048,2.456264
931,3072,2.475604
932,3042,2.451429
933,3072,2.475604
934,3043,2.452234
935,3072,2.475604
936,3072,2.475604
937,3072,2.475604
938,3042,2.451429
939,3050,2.457875
940,3072,2.475604
941,3072,2.475604
942,3072,2.475604
943,3072,2.475604
944,3072,2.475604
945,3072,2.475604
946,3072,2.475604
947,3050,2.457875
948,3072,2.475604
949,3040,2.449817
950,3072,2.475604
951,3072,2.475604
952,3072,2.475604
953,3072,2.475604
954,3072,2.475604
955,3072,2.475604
956,3072,2.475604
957,3072,2.475604
958,3072,2.475604
959,3072,2.475604
960,3072,2.475604
961,3072,2.475604
962,3072,2.475604
963,3074,2.477216
964,3072,2.475604
965,3072,2.475604
966,3072,2.475604
967,3072,2.475604
968,3072,2.475604
969,3072,2.475604
970,3072,2.475604
971,3072,2.475604
972,3072,2.475604
973,3072,2.475604
974,3072,2.475604
975,3072,2.475604
976,3072,2.475604
977,3072,2.475604
978,3072,2.475604
979,3072,2.475604
980,3072,2.475604
981,3072,2.475604
982,3072,2.475604
983,3072,2.475604
984,3072,2.475604
985,3072,2.475604
986,3072,2.475604
987,3072,2.475604
988,3074,2.477216
989,3072,2.475604
990,3072,2.475604
991,3072,2.475604
992,3072,2.475604
993,3074,2.477216
994,3072,2.475604
995,3072,2.475604
996,3072,2.475604
997,3072,2.475604
998,3080,2.482051
999,3074,2.477216
1000,3072,2.475604
1001,3075,2.478022
1002,3072,2.475604
1003,3082,2.483663
1004,3072,2.475604
1005,3072,2.475604
1006,3072,2.475604
1007,3072,2.475604
1008,3072,2.475604
1009,3074,2.477216
1010,3072,2.475604
1011,3072,2.475604
1012,3072,2.475604
1013,3075,2.478022
1014,3072,2.475604
1015,3074,2.477216
1016,3072,2.475604
1017,3082,2.483663
1018,3075,2.478022
1019,3072,2.475604
1020,3074,2.477216
1021,3082,2.483663
1022,3072,2.475604
1023,3074,2.477216
1024,3072,2.475604
1025,3082,2.483663
1026,3074,2.477216
1027,3072,2.475604
1028,3072,2.475604
1029,3072,2.475604
1030,3080,2.482051
1031,3072,2.475604
1032,3074,2.477216
1033,3074,2.477216
1034,3072,2.475604
1035,3072,2.475604
1036,3080,2.482051
1037,3080,2.482051
1038,3072,2.475604
1039,3082,2.483663
1040,3072,2.475604
1041,3080,2.482051
1042,3072,2.475604
1043,3074,2.477216
1044,3072,2.475604
1045,3072,2.475604
1046,3072,2.475604
1047,3075,2.478022
1048,3074,2.477216
1049,3082,2.483663
1050,3075,2.478022
1051,3091,2.490916
1052,3083,2.484469
1053,3075,2.478022
1054,3074,2.477216
1055,3072,2.475604
1056,3074,2.477216
1057,3072,2.475604
1058,3083,2.484469
1059,3074,2.477216
1060,3072,2.475604
1061,3072,2.475604
1062,3074,2.477216
1063,3072,2.475604
1064,3072,2.475604
1065,3080,2.482051
1066,3087,2.487692
1067,3074,2.477216
1068,3075,2.478022
1069,3082,2.483663
1070,3083,2.484469
1071,3074,2.477216
1072,3082,2.483663
1073,3083,2.484469
1074,3082,2.483663
1075,3087,2.487692
1076,3087,2.487692
1077,3083,2.484469
1078,3072,2.475604
1079,3082,2.483663
1080,3074,2.477216
1081,3075,2.478022
1082,3083,2.484469
1083,3082,2.483663
1084,3074,2.477216
1085,3082,2.483663
1086,3074,2.477216
1087,3072,2.475604
1088,3072,2.475604
1089,3075,2.478022
1090,3074,2.477216
1091,3075,2.478022
1092,3075,2.478022
1093,3074,2.477216
1094,3075,2.478022
1095,3074,2.477216
1096,3082,2.483663
1097,3087,2.487692
1098,3074,2.477216
1099,3087,2.487692
1100,3083,2.484469
1101,3074,2.477216
1102,3083,2.484469
1103,3074,2.477216
1104,3082,2.483663
1105,3074,2.477216
1106,3087,2.487692
1107,3074,2.477216
1108,3083,2.484469
1109,3083,2.484469
1110,3083,2.484469
1111,3074,2.477216
1112,3075,2.478022
1113,3104,2.501392
1114,3083,2.484469
1115,3083,2.484469
1116,3083,2.484469
1117,3087,2.487692
1118,3104,2.501392
1119,3104,2.501392
1120,3087,2.487692
1121,3104,2.501392
1122,3087,2.487692
1123,3087,2.487692
1124,3083,2.484469
1125,3082,2.483663
1126,3074,2.477216
1127,3083,2.484469
1128,3096,2.494945
1129,3091,2.490916
1130,3096,2.494945
1131,3082,2.483663
1132,3096,2.494945
1133,3104,2.501392
1134,3083,2.484469
1135,3087,2.487692
1136,3083,2.484469
1137,3082,2.483663
1138,3104,2.501392
1139,3083,2.484469
1140,3087,2.487692
1141,3087,2.487692
1142,3072,2.475604
1143,3083,2.484469
1144,3091,2.490916
1145,3074,2.477216
1146,3074,2.477216
1147,3082,2.483663
1148,3091,2.490916
1149,3087,2.487692
1150,3104,2.501392
1151,3082,2.483663
1152,3098,2.496557
1153,3083,2.484469
1154,3104,2.501392
1155,3104,2.501392
1156,3104,2.501392
1157,3104,2.501392
1158,3104,2.501392
1159,3104,2.501392
1160,3106,2.503004
1161,3104,2.501392
1162,3104,2.501392
1163,3104,2.501392
1164,3096,2.494945
1165,3104,2.501392
1166,3087,2.487692
1167,3104,2.501392
1168,3083,2.484469
1169,3087,2.487692
1170,3082,2.483663
1171,3104,2.501392
1172,3104,2.501392
1173,3087,2.487692
1174,3091,2.490916
1175,3091,2.490916
1176,3087,2.487692
1177,3083,2.484469
1178,3091,2.490916
1179,3104,2.501392
1180,3091,2.490916
1181,3104,2.501392
1182,3104,2.501392
1183,3104,2.501392
1184,3104,2.501392
1185,3091,2.490916
1186,3104,2.501392
1187,3104,2.501392
1188,3104,2.501392
1189,3104,2.501392
1190,3096,2.494945
1191,3083,2.484469
1192,3104,2.501392
1193,3106,2.503004
1194,3104,2.501392
1195,3106,2.503004
1196,3106,2.503004
1197,3106,2.503004
1198,3104,2.501392
1199,3106,2.503004
1200,3104,2.501392
1201,3106,2.503004
1202,3106,2.503004
1203,3104,2.501392
1204,3112,2.507839
1205,3091,2.490916
1206,3087,2.487692
1207,3091,2.490916
1208,3091,2.490916
1209,3106,2.503004
1210,3104,2.501392
1211,3104,2.501392
1212,3106,2.503004
1213,3104,2.501392
1214,3106,2.503004
1215,3104,2.501392
1216,3107,2.503810
1217,3106,2.503004
1218,3114,2.509451
1219,3106,2.503004
1220,3106,2.503004
1221,3104,2.501392
1222,3104,2.501392
1223,3114,2.509451
1224,3112,2.507839
1225,3104,2.501392
1226,3107,2.503810
1227,3104,2.501392
1228,3104,2.501392
1229,3106,2.503004
1230,3104,2.501392
1231,3087,2.487692
1232,3114,2.509451
1233,3114,2.509451
1234,3107,2.503810
1235,3106,2.503004
1236,3091,2.490916
1237,3106,2.503004
1238,3104,2.501392
1239,3114,2.509451
1240,3114,2.509451
1241,3106,2.503004
1242,3104,2.501392
1243,3112,2.507839
1244,3104,2.501392
1245,3106,2.503004
1246,3104,2.501392
1247,3114,2.509451
1248,3112,2.507839
1249,3114,2.509451
1250,3119,2.513480
1251,3107,2.503810
1252,3106,2.503004
1253,3112,2.507839
1254,3115,2.510256
1255,3115,2.510256
1256,3114,2.509451
1257,3114,2.509451
1258,3106,2.503004
1259,3106,2.503004
1260,3114,2.509451
1261,3114,2.509451
1262,3115,2.510256
1263,3114,2.509451
1264,3106,2.503004
1265,3107,2.503810
1266,3106,2.503004
1267,3106,2.503004
1268,3112,2.507839
1269,3104,2.501392
1270,3119,2.513480
1271,3107,2.503810
1272,3115,2.510256
1273,3114,2.509451
1274,3115,2.510256
1275,3112,2.507839
1276,3115,2.510256
1277,3114,2.509451
1278,3115,2.510256
1279,3112,2.507839
1280,3106,2.503004
1281,3119,2.513480
1282,3114,2.509451
1283,3115,2.510256
1284,3114,2.509451
1285,3112,2.507839
1286,3119,2.513480
1287,3114,2.509451
1288,3114,2.509451
1289,3112,2.507839
1290,3115,2.510256
1291,3114,2.509451
1292,3115,2.510256
1293,3130,2.522344
1294,3115,2.510256
1295,3114,2.509451
1296,3114,2.509451
1297,3115,2.510256
1298,3114,2.509451
1299,3119,2.513480
1300,3119,2.513480
1301,3106,2.503004
1302,3114,2.509451
1303,3114,2.509451
1304,3130,2.522344
1305,3106,2.503004
1306,3122,2.515897
1307,3119,2.513480
1308,3119,2.513480
1309,3115,2.510256
1310,3119,2.513480
1311,3115,2.510256
1312,3136,2.527179
1313,3114,2.509451
1314,3119,2.513480
1315,3115,2.510256
1316,3115,2.510256
1317,3115,2.510256
1318,3115,2.510256
1319,3138,2.528791
1320,3115,2.510256
1321,3114,2.509451
1322,3128,2.520733
1323,3115,2.510256
1324,3115,2.510256
1325,3114,2.509451
1326,3119,2.513480
1327,3119,2.513480
1328,3115,2.510256
1329,3115,2.510256
1330,3119,2.513480
1331,3115,2.510256
1332,3130,2.522344
1333,3119,2.513480
1334,3123,2.516703
1335,3114,2.509451
1336,3115,2.510256
1337,3130,2.522344
1338,3123,2.516703
1339,3130,2.522344
1340,3130,2.522344
1341,3119,2.513480
1342,3115,2.510256
1343,3115,2.510256
1344,3130,2.522344
1345,3130,2.522344
1346,3131,2.523150
1347,3115,2.510256
1348,3115,2.510256
1349,3115,2.510256
1350,3123,2.516703
1351,3119,2.513480
1352,3130,2.522344
1353,3130,2.522344
1354,3123,2.516703
1355,3130,2.522344
1356,3136,2.527179
1357,3119,2.513480
1358,3130,2.522344
1359,3115,2.510256
1360,3123,2.516703
1361,3115,2.510256
1362,3136,2.527179
1363,3115,2.510256
1364,3130,2.522344
1365,3138,2.528791
1366,3130,2.522344
1367,3130,2.522344
1368,3123,2.516703
1369,3130,2.522344
1370,3138,2.528791
1371,3138,2.528791
1372,3123,2.516703
1373,3130,2.522344
1374,3119,2.513480
1375,3130,2.522344
1376,3128,2.520733
1377,3138,2.528791
1378,3138,2.528791
1379,3130,2.522344
1380,3130,2.522344
1381,3138,2.528791
1382,3123,2.516703
1383,3136,2.527179
1384,3131,2.523150
1385,3131,2.523150
1386,3130,2.522344
1387,3123,2.516703
1388,3131,2.523150
1389,3130,2.522344
1390,3130,2.522344
1391,3130,2.522344
1392,3130,2.522344
1393,3130,2.522344
1394,3128,2.520733
1395,3138,2.528791
1396,3136,2.527179
1397,3138,2.528791
1398,3144,2.533626
1399,3138,2.528791
1400,3130,2.522344
1401,3138,2.528791
1402,3139,2.529597
1403,3123,2.516703
1404,3138,2.528791
1405,3136,2.527179
1406,3139,2.529597
1407,3130,2.522344
1408,3130,2.522344
1409,3139,2.529597
1410,3138,2.528791
1411,3138,2.528791
1412,3131,2.523150
1413,3123,2.516703
1414,3128,2.520733
1415,3123,2.516703
1416,3146,2.535238
1417,3136,2.527179
1418,3130,2.522344
1419,3130,2.522344
1420,3130,2.522344
1421,3123,2.516703
1422,3130,2.522344
1423,3131,2.523150
1424,3138,2.528791
1425,3130,2.522344
1426,3131,2.523150
1427,3146,2.535238
1428,3146,2.535238
1429,3136,2.527179
1430,3131,2.523150
1431,3130,2.522344
1432,3138,2.528791
1433,3138,2.528791
1434,3130,2.522344
1435,3130,2.522344
1436,3136,2.527179
1437,3144,2.533626
1438,3138,2.528791
1439,3130,2.522344
1440,3138,2.528791
1441,3138,2.528791
1442,3131,2.523150
1443,3138,2.528791
1444,3138,2.528791
1445,3130,2.522344
1446,3130,2.522344
1447,3136,2.527179
1448,3131,2.523150
1449,3130,2.522344
1450,3146,2.535238
1451,3139,2.529597
1452,3119,2.513480
1453,3130,2.522344
1454,3138,2.528791
1455,3130,2.522344
1456,3130,2.522344
1457,3123,2.516703
1458,3131,2.523150
1459,3131,2.523150
1460,3130,2.522344
1461,3123,2.516703
1462,3130,2.522344
1463,3131,2.523150
1464,3130,2.522344
1465,3128,2.520733
1466,3131,2.523150
1467,3130,2.522344
1468,3138,2.528791
1469,3138,2.528791
1470,3138,2.528791
1471,3119,2.513480
1472,3130,2.522344
1473,3138,2.528791
1474,3130,2.522344
1475,3138,2.528791
1476,3130,2.522344
1477,3138,2.528791
1478,3130,2.522344
1479,3146,2.535238
1480,3139,2.529597
1481,3139,2.529597
1482,3130,2.522344
1483,3123,2.516703
1484,3130,2.522344
1485,3138,2.528791
1486,3131,2.523150
1487,3131,2.523150
1488,3138,2.528791
1489,3130,2.522344
1490,3130,2.522344
1491,3130,2.522344
1492,3138,2.528791
1493,3136,2.527179
1494,3144,2.533626
1495,3130,2.522344
1496,3136,2.527179
1497,3136,2.527179
1498,3130,2.522344
1499,3138,2.528791
1500,3130,2.522344
1501,3136,2.527179
1502,3130,2.522344
1503,3139,2.529597
1504,3139,2.529597
1505,3130,2.522344
1506,3136,2.527179
1507,3130,2.522344
1508,3138,2.528791
1509,3138,2.528791
1510,3119,2.513480
1511,3130,2.522344
1512,3146,2.535238
1513,3138,2.528791
1514,3130,2.522344
1515,3131,2.523150
1516,3130,2.522344
1517,3131,2.523150
1518,3122,2.515897
1519,3138,2.528791
1520,3136,2.527179
1521,3128,2.520733
1522,3130,2.522344
1523,3136,2.527179
1524,3115,2.510256
1525,3138,2.528791
1526,3130,2.522344
1527,3115,2.510256
1528,3130,2.522344
1529,3130,2.522344
1530,3138,2.528791
1531,3119,2.513480
1532,3130,2.522344
1533,3130,2.522344
1534,3130,2.522344
1535,3138,2.528791
1536,3128,2.520733
1537,3119,2.513480
1538,3130,2.522344
1539,3138,2.528791
1540,3130,2.522344
1541,3130,2.522344
1542,3128,2.520733
1543,3123,2.516703
1544,3130,2.522344
1545,3138,2.528791
1546,3130,2.522344
1547,3131,2.523150
1548,3136,2.527179
1549,3136,2.527179
1550,3138,2.528791
1551,3119,2.513480
1552,3131,2.523150
1553,3144,2.533626
1554,3130,2.522344
1555,3119,2.513480
1556,3119,2.513480
1557,3115,2.510256
1558,3130,2.522344
1559,3130,2.522344
1560,3130,2.522344
1561,3123,2.516703
1562,3123,2.516703
1563,3130,2.522344
1564,3131,2.523150
1565,3119,2.513480
1566,3138,2.528791
1567,3130,2.522344
1568,3114,2.509451
1569,3128,2.520733
1570,3119,2.513480
1571,3130,2.522344
1572,3130,2.522344
1573,3119,2.513480
1574,3136,2.527179
1575,3115,2.510256
1576,3128,2.520733
1577,3130,2.522344
1578,3130,2.522344
1579,3123,2.516703
1580,3130,2.522344
1581,3119,2.513480
1582,3130,2.522344
1583,3123,2.516703
1584,3128,2.520733
1585,3119,2.513480
1586,3130,2.522344
1587,3130,2.522344
1588,3130,2.522344
1589,3119,2.513480
1590,3128,2.520733
1591,3130,2.522344
1592,3130,2.522344
1593,3123,2.516703
1594,3128,2.520733
1595,3130,2.522344
1596,3123,2.516703
1597,3119,2.513480
1598,3114,2.509451
1599,3114,2.509451
1600,3114,2.509451
1601,3130,2.522344
1602,3130,2.522344
1603,3115,2.510256
1604,3128,2.520733
1605,3115,2.510256
1606,3114,2.509451
1607,3115,2.510256
1608,3112,2.507839
1609,3119,2.513480
1610,3115,2.510256
1611,3130,2.522344
1612,3123,2.516703
1613,3119,2.513480
1614,3123,2.516703
1615,3128,2.520733
1616,3114,2.509451
1617,3123,2.516703
1618,3128,2.520733
1619,3115,2.510256
1620,3119,2.513480
1621,3130,2.522344
1622,3119,2.513480
1623,3115,2.510256
1624,3114,2.509451
1625,3130,2.522344
1626,3115,2.510256
1627,3115,2.510256
1628,3115,2.510256
1629,3114,2.509451
1630,3130,2.522344
1631,3115,2.510256
1632,3114,2.509451
1633,3106,2.503004
1634,3119,2.513480
1635,3114,2.509451
1636,3114,2.509451
1637,3115,2.510256
1638,3115,2.510256
1639,3114,2.509451
1640,3114,2.509451
1641,3107,2.503810
1642,3115,2.510256
1643,3114,2.509451
1644,3115,2.510256
1645,3115,2.510256
1646,3115,2.510256
1647,3115,2.510256
1648,3112,2.507839
1649,3115,2.510256
1650,3119,2.513480
1651,3119,2.513480
1652,3115,2.510256
1653,3119,2.513480
1654,3114,2.509451
1655,3107,2.503810
1656,3114,2.509451
1657,3119,2.513480
1658,3104,2.501392
1659,3114,2.509451
1660,3107,2.503810
1661,3112,2.507839
1662,3114,2.509451
1663,3123,2.516703
1664,3130,2.522344
1665,3115,2.510256
1666,3106,2.503004
1667,3114,2.509451
1668,3115,2.510256
1669,3112,2.507839
1670,3114,2.509451
1671,3104,2.501392
1672,3106,2.503004
1673,3115,2.510256
1674,3114,2.509451
1675,3106,2.503004
1676,3114,2.509451
1677,3112,2.507839
1678,3107,2.503810
1679,3104,2.501392
1680,3107,2.503810
1681,3106,2.503004
1682,3114,2.509451
1683,3107,2.503810
1684,3096,2.494945
1685,3114,2.509451
1686,3106,2.503004
1687,3096,2.494945
1688,3106,2.503004
1689,3106,2.503004
1690,3114,2.509451
1691,3107,2.503810
1692,3104,2.501392
1693,3106,2.503004
1694,3114,2.509451
1695,3106,2.503004
1696,3106,2.503004
1697,3091,2.490916
1698,3104,2.501392
1699,3114,2.509451
1700,3104,2.501392
1701,3104,2.501392
1702,3096,2.494945
1703,3106,2.503004
1704,3104,2.501392
1705,3104,2.501392
1706,3104,2.501392
1707,3104,2.501392
1708,3104,2.501392
1709,3106,2.503004
1710,3106,2.503004
1711,3083,2.484469
1712,3104,2.501392
1713,3106,2.503004
1714,3104,2.501392
1715,3104,2.501392
1716,3106,2.503004
1717,3107,2.503810
1718,3096,2.494945
1719,3106,2.503004
1720,3104,2.501392
1721,3106,2.503004
1722,3104,2.501392
1723,3082,2.483663
1724,3083,2.484469
1725,3104,2.501392
1726,3104,2.501392
1727,3104,2.501392
1728,3104,2.501392
1729,3087,2.487692
1730,3083,2.484469
1731,3082,2.483663
1732,3096,2.494945
1733,3104,2.501392
1734,3104,2.501392
1735,3083,2.484469
1736,3104,2.501392
1737,3087,2.487692
1738,3104,2.501392
1739,3087,2.487692
1740,3091,2.490916
1741,3098,2.496557
1742,3104,2.501392
1743,3087,2.487692
1744,3082,2.483663
1745,3091,2.490916
1746,3083,2.484469
1747,3083,2.484469
1748,3104,2.501392
1749,3083,2.484469
1750,3087,2.487692
1751,3083,2.484469
1752,3082,2.483663
1753,3083,2.484469
1754,3082,2.483663
1755,3082,2.483663
1756,3087,2.487692
1757,3104,2.501392
1758,3091,2.490916
1759,3083,2.484469
1760,3082,2.483663
1761,3082,2.483663
1762,3082,2.483663
1763,3080,2.482051
1764,3091,2.490916
1765,3083,2.484469
1766,3074,2.477216
1767,3074,2.477216
1768,3083,2.484469
1769,3082,2.483663
1770,3074,2.477216
1771,3083,2.484469
1772,3072,2.475604
1773,3082,2.483663
1774,3082,2.483663
1775,3083,2.484469
1776,3082,2.483663
1777,3082,2.483663
1778,3082,2.483663
1779,3074,2.477216
1780,3082,2.483663
1781,3082,2.483663
1782,3083,2.484469
1783,3074,2.477216
1784,3074,2.477216
1785,3074,2.477216
1786,3082,2.483663
1787,3083,2.484469
1788,3082,2.483663
1789,3074,2.477216
1790,3074,2.477216
1791,3074,2.477216
1792,3075,2.478022
1793,3074,2.477216
1794,3072,2.475604
1795,3082,2.483663
1796,3082,2.483663
1797,3083,2.484469
1798,3074,2.477216
1799,3082,2.483663
1800,3072,2.475604
1801,3074,2.477216
1802,3072,2.475604
1803,3074,2.477216
1804,3072,2.475604
1805,3074,2.477216
1806,3072,2.475604
1807,3083,2.484469
1808,3082,2.483663
1809,3082,2.483663
1810,3074,2.477216
1811,3082,2.483663
1812,3074,2.477216
1813,3074,2.477216
1814,3072,2.475604
1815,3080,2.482051
1816,3072,2.475604
1817,3072,2.475604
1818,3074,2.477216
1819,3072,2.475604
1820,3072,2.475604
1821,3072,2.475604
1822,3072,2.475604
1823,3072,2.475604
1824,3072,2.475604
1825,3072,2.475604
1826,3072,2.475604
1827,3072,2.475604
1828,3074,2.477216
1829,3075,2.478022
1830,3072,2.475604
1831,3072,2.475604
1832,3072,2.475604
1833,3072,2.475604
1834,3072,2.475604
1835,3072,2.475604
1836,3072,2.475604
1837,3072,2.475604
1838,3072,2.475604
1839,3072,2.475604
1840,3072,2.475604
1841,3072,2.475604
1842,3072,2.475604
1843,3072,2.475604
1844,3072,2.475604
1845,3072,2.475604
1846,3072,2.475604
1847,3072,2.475604
1848,3072,2.475604
1849,3072,2.475604
1850,3074,2.477216
1851,3072,2.475604
1852,3072,2.475604
1853,3072,2.475604
1854,3072,2.475604
1855,3072,2.475604
1856,3072,2.475604
1857,3072,2.475604
1858,3072,2.475604
1859,3074,2.477216
1860,3072,2.475604
1861,3072,2.475604
1862,3072,2.475604
1863,3072,2.475604
1864,3072,2.475604
1865,3074,2.477216
1866,3072,2.475604
1867,3072,2.475604
1868,3072,2.475604
1869,3072,2.475604
1870,3072,2.475604
1871,3072,2.475604
1872,3072,2.475604
1873,3072,2.475604
1874,3072,2.475604
1875,3072,2.475604
1876,3072,2.475604
1877,3072,2.475604
1878,3072,2.475604
1879,3072,2.475604
1880,3072,2.475604
1881,3074,2.477216
1882,3072,2.475604
1883,3048,2.456264
1884,3072,2.475604
1885,3072,2.475604
1886,3072,2.475604
1887,3072,2.475604
1888,3072,2.475604
1889,3050,2.457875
1890,3072,2.475604
1891,3072,2.475604
1892,3072,2.475604
1893,3072,2.475604
1894,3072,2.475604
1895,3072,2.475604
1896,3072,2.475604
1897,3072,2.475604
1898,3072,2.475604
1899,3072,2.475604
1900,3072,2.475604
1901,3072,2.475604
1902,3072,2.475604
1903,3072,2.475604
1904,3072,2.475604
1905,3072,2.475604
1906,3072,2.475604
1907,3072,2.475604
1908,3072,2.475604
1909,3072,2.475604
1910,3072,2.475604
1911,3072,2.475604
1912,3072,2.475604
1913,3072,2.475604
1914,3072,2.475604
1915,3048,2.456264
1916,3072,2.475604
1917,3072,2.475604
1918,3072,2.475604
1919,3072,2.475604
1920,3072,2.475604
1921,3072,2.475604
1922,3072,2.475604
1923,3072,2.475604
1924,3072,2.475604
1925,3048,2.456264
1926,3072,2.475604
1927,3072,2.475604
1928,3072,2.475604
1929,3072,2.475604
1930,3072,2.475604
1931,3072,2.475604
1932,3072,2.475604
1933,3072,2.475604
1934,3072,2.475604
1935,3072,2.475604
1936,3072,2.475604
1937,3042,2.451429
1938,3072,2.475604
1939,3072,2.475604
1940,3072,2.475604
1941,3072,2.475604
1942,3072,2.475604
1943,3072,2.475604
1944,3072,2.475604
1945,3072,2.475604
1946,3072,2.475604
1947,3072,2.475604
1948,3072,2.475604
1949,3072,2.475604
1950,3072,2.475604
1951,3072,2.475604
1952,3072,2.475604
1953,3072,2.475604
1954,3072,2.475604
1955,3072,2.475604
1956,3072,2.475604
1957,3072,2.475604
1958,3072,2.475604
1959,3072,2.475604
1960,3072,2.475604
1961,3072,2.475604
1962,3072,2.475604
1963,3072,2.475604
1964,3072,2.475604
1965,3072,2.475604
1966,3072,2.475604
1967,3072,2.475604
1968,3072,2.475604
1969,3072,2.475604
1970,3072,2.475604
1971,3072,2.475604
1972,3072,2.475604
1973,3050,2.457875
1974,3072,2.475604
1975,3072,2.475604
1976,3072,2.475604
1977,3072,2.475604
1978,3072,2.475604
1979,3072,2.475604
1980,3072,2.475604
1981,3072,2.475604
1982,3072,2.475604
1983,3072,2.475604
1984,3072,2.475604
1985,3072,2.475604
1986,3072,2.475604
1987,3072,2.475604
1988,3072,2.475604
1989,3072,2.475604
1990,3072,2.475604
1991,3072,2.475604
1992,3072,2.475604
1993,3072,2.475604
1994,3072,2.475604
1995,3072,2.475604
1996,3072,2.475604
1997,3072,2.475604
1998,3072,2.475604
1999,3072,2.475604
2000,3072,2.475604
2001,3072,2.475604
2002,3074,2.477216
2003,3072,2.475604
2004,3072,2.475604
2005,3072,2.475604
2006,3072,2.475604
2007,3072,2.475604
2008,3072,2.475604
2009,3074,2.477216
2010,3072,2.475604
2011,3072,2.475604
2012,3072,2.475604
2013,3072,2.475604
2014,3072,2.475604
2015,3072,2.475604
2016,3072,2.475604
2017,3072,2.475604
2018,3072,2.475604
2019,3072,2.475604
2020,3072,2.475604
2021,3072,2.475604
2022,3072,2.475604
2023,3072,2.475604
2024,3072,2.475604
2025,3072,2.475604
2026,3072,2.475604
2027,3072,2.475604
2028,3072,2.475604
2029,3072,2.475604
2030,3072,2.475604
2031,3074,2.477216
2032,3072,2.475604
2033,3072,2.475604
2034,3072,2.475604
2035,3072,2.475604
2036,3072,2.475604
2037,3072,2.475604
2038,3072,2.475604
2039,3072,2.475604
2040,3072,2.475604
2041,3072,2.475604
2042,3072,2.475604
2043,3072,2.475604
2044,3072,2.475604
2045,3074,2.477216
2046,3072,2.475604
2047,3072,2.475604
2048,3072,2.475604
2049,3072,2.475604
2050,3072,2.475604
2051,3072,2.475604
2052,3072,2.475604
2053,3072,2.475604
2054,3072,2.475604
2055,3072,2.475604
2056,3072,2.475604
2057,3072,2.475604
2058,3072,2.475604
2059,3072,2.475604
2060,3072,2.475604
2061,3074,2.477216
2062,3072,2.475604
2063,3072,2.475604
2064,3072,2.475604
2065,3050,2.457875
2066,3072,2.475604
2067,3072,2.475604
2068,3072,2.475604
2069,3072,2.475604
2070,3072,2.475604
2071,3082,2.483663
2072,3075,2.478022
2073,3074,2.477216
2074,3072,2.475604
2075,3072,2.475604
2076,3074,2.477216
2077,3074,2.477216
2078,3072,2.475604
2079,3072,2.475604
2080,3072,2.475604
2081,3074,2.477216
2082,3072,2.475604
2083,3080,2.482051
2084,3083,2.484469
2085,3075,2.478022
2086,3074,2.477216
2087,3080,2.482051
2088,3075,2.478022
2089,3082,2.483663
2090,3082,2.483663
2091,3074,2.477216
2092,3074,2.477216
2093,3082,2.483663
2094,3082,2.483663
2095,3075,2.478022
2096,3075,2.478022
2097,3074,2.477216
2098,3087,2.487692
2099,3075,2.478022
2100,3082,2.483663
2101,3082,2.483663
2102,3075,2.478022
2103,3074,2.477216
2104,3083,2.484469
2105,3074,2.477216
2106,3087,2.487692
2107,3083,2.484469
2108,3082,2.483663
2109,3082,2.483663
2110,3083,2.484469
2111,3075,2.478022
2112,3104,2.501392
2113,3087,2.487692
2114,3082,2.483663
2115,3083,2.484469
2116,3087,2.487692
2117,3096,2.494945
2118,3087,2.487692
2119,3087,2.487692
2120,3096,2.494945
2121,3087,2.487692
2122,3083,2.484469
2123,3104,2.501392
2124,3104,2.501392
2125,3082,2.483663
2126,3104,2.501392
2127,3104,2.501392
2128,3082,2.483663
2129,3096,2.494945
2130,3091,2.490916
2131,3106,2.503004
2132,3104,2.501392
2133,3112,2.507839
2134,3112,2.507839
2135,3106,2.503004
2136,3106,2.503004
2137,3087,2.487692
2138,3087,2.487692
2139,3104,2.501392
2140,3104,2.501392
2141,3106,2.503004
2142,3106,2.503004
2143,3091,2.490916
2144,3106,2.503004
2145,3107,2.503810
2146,3104,2.501392
2147,3115,2.510256
2148,3119,2.513480
2149,3104,2.501392
2150,3104,2.501392
2151,3106,2.503004
2152,3114,2.509451
2153,3114,2.509451
2154,3114,2.509451
2155,3114,2.509451
2156,3114,2.509451
2157,3114,2.509451
2158,3115,2.510256
2159,3114,2.509451
2160,3119,2.513480
2161,3112,2.507839
2162,3107,2.503810
2163,3106,2.503004
2164,3114,2.509451
2165,3114,2.509451
2166,3115,2.510256
2167,3115,2.510256
2168,3106,2.503004
2169,3115,2.510256
2170,3119,2.513480
2171,3114,2.509451
2172,3115,2.510256
2173,3107,2.503810
2174,3115,2.510256
2175,3114,2.509451
2176,3115,2.510256
2177,3115,2.510256
2178,3130,2.522344
2179,3123,2.516703
2180,3130,2.522344
2181,3114,2.509451
2182,3115,2.510256
2183,3115,2.510256
2184,3106,2.503004
2185,3114,2.509451
2186,3115,2.510256
2187,3122,2.515897
2188,3119,2.513480
2189,3114,2.509451
2190,3115,2.510256
2191,3119,2.513480
2192,3115,2.510256
2193,3130,2.522344
2194,3123,2.516703
2195,3130,2.522344
2196,3114,2.509451
2197,3112,2.507839
2198,3130,2.522344
2199,3114,2.509451
2200,3123,2.516703
2201,3128,2.520733
2202,3130,2.522344
2203,3119,2.513480
2204,3130,2.522344
2205,3115,2.510256
2206,3115,2.510256
2207,3115,2.510256
2208,3130,2.522344
2209,3122,2.515897
2210,3130,2.522344
2211,3114,2.509451
2212,3119,2.513480
2213,3130,2.522344
2214,3115,2.510256
2215,3114,2.509451
2216,3119,2.513480
2217,3119,2.513480
2218,3115,2.510256
2219,3119,2.513480
2220,3115,2.510256
2221,3119,2.513480
2222,3119,2.513480
2223,3119,2.513480
2224,3128,2.520733
2225,3114,2.509451
2226,3114,2.509451
2227,3115,2.510256
2228,3114,2.509451
2229,3119,2.513480
2230,3114,2.509451
2231,3112,2.507839
2232,3114,2.509451
2233,3112,2.507839
2234,3114,2.509451
2235,3112,2.507839
2236,3115,2.510256
2237,3115,2.510256
2238,3114,2.509451
2239,3106,2.503004
2240,3115,2.510256
2241,3106,2.503004
2242,3115,2.510256
2243,3106,2.503004
2244,3112,2.507839
2245,3104,2.501392
2246,3106,2.503004
2247,3104,2.501392
2248,3104,2.501392
2249,3107,2.503810
2250,3104,2.501392
2251,3106,2.503004
2252,3104,2.501392
2253,3104,2.501392
2254,3106,2.503004
2255,3087,2.487692
2256,3083,2.484469
2257,3096,2.494945
2258,3104,2.501392
2259,3104,2.501392
2260,3083,2.484469
2261,3091,2.490916
2262,3096,2.494945
2263,3082,2.483663
2264,3087,2.487692
2265,3083,2.484469
2266,3087,2.487692
2267,3074,2.477216
2268,3082,2.483663
2269,3082,2.483663
2270,3080,2.482051
2271,3075,2.478022
2272,3075,2.478022
2273,3075,2.478022
2274,3072,2.475604
2275,3072,2.475604
2276,3074,2.477216
2277,3072,2.475604
2278,3072,2.475604
2279,3072,2.475604
2280,3072,2.475604
2281,3072,2.475604
2282,3072,2.475604
2283,3072,2.475604
2284,3072,2.475604
2285,3072,2.475604
2286,3072,2.475604
2287,3072,2.475604
2288,3050,2.457875
2289,3050,2.457875
2290,3048,2.456264
2291,3040,2.449817
2292,3043,2.452234
2293,3072,2.475604
2294,3040,2.449817
2295,3048,2.456264
2296,3027,2.439341
2297,3032,2.443370
2298,3040,2.449817
2299,3040,2.449817
2300,3019,2.432894
2301,3040,2.449817
2302,3018,2.432088
2303,3011,2.426447
2304,3019,2.432894
2305,3008,2.424029
2306,3019,2.432894
2307,3010,2.425641
2308,3008,2.424029
2309,3019,2.432894
2310,3011,2.426447
2311,3018,2.432088
2312,3016,2.430476
2313,3000,2.417582
2314,2987,2.407106
2315,3002,2.419194
2316,2987,2.407106
2317,2979,2.400659
2318,2979,2.400659
2319,2978,2.399853
2320,2986,2.406300
2321,2978,2.399853
2322,2986,2.406300
2323,2978,2.399853
2324,2986,2.406300
2325,2976,2.398242
2326,2976,2.398242
2327,2963,2.387766
2328,2970,2.393407
2329,2976,2.398242
2330,2976,2.398242
2331,2976,2.398242
2332,2968,2.391795
2333,2976,2.398242
2334,2978,2.399853
2335,2955,2.381319
2336,2976,2.398242
2337,2976,2.398242
2338,2976,2.398242
2339,2962,2.386960
2340,2978,2.399853
2341,2976,2.398242
2342,2986,2.406300
2343,2986,2.406300
2344,2978,2.399853
2345,2978,2.399853
2346,2987,2.407106
2347,2986,2.406300
2348,2987,2.407106
2349,2986,2.406300
2350,2991,2.410330
2351,3008,2.424029
2352,3002,2.419194
2353,3010,2.425641
2354,3010,2.425641
2355,3010,2.425641
2356,3023,2.436117
2357,3019,2.432894
2358,3040,2.449817
2359,3019,2.432894
2360,3040,2.449817
2361,3040,2.449817
2362,3040,2.449817
2363,3019,2.432894
2364,3040,2.449817
2365,3048,2.456264
2366,3042,2.451429
2367,3050,2.457875
2368,3072,2.475604
2369,3072,2.475604
2370,3072,2.475604
2371,3072,2.475604
2372,3072,2.475604
2373,3072,2.475604
2374,3074,2.477216
2375,3072,2.475604
2376,3075,2.478022
2377,3080,2.482051
2378,3080,2.482051
2379,3080,2.482051
2380,3083,2.484469
2381,3087,2.487692
2382,3087,2.487692
2383,3104,2.501392
2384,3104,2.501392
2385,3104,2.501392
2386,3104,2.501392
2387,3106,2.503004
2388,3104,2.501392
2389,3104,2.501392
2390,3104,2.501392
2391,3106,2.503004
2392,3115,2.510256
2393,3104,2.501392
2394,3115,2.510256
2395,3114,2.509451
2396,3115,2.510256
2397,3106,2.503004
2398,3115,2.510256
2399,3114,2.509451
2400,3119,2.513480
2401,3114,2.509451
2402,3119,2.513480
2403,3114,2.509451
2404,3119,2.513480
2405,3119,2.513480
2406,3123,2.516703
2407,3123,2.516703
2408,3130,2.522344
2409,3130,2.522344
2410,3130,2.522344
2411,3123,2.516703
2412,3138,2.528791
2413,3130,2.522344
2414,3138,2.528791
2415,3130,2.522344
2416,3139,2.529597
2417,3138,2.528791
2418,3119,2.513480
2419,3138,2.528791
2420,3131,2.523150
2421,3131,2.523150
2422,3146,2.535238
2423,3138,2.528791
2424,3130,2.522344
2425,3138,2.528791
2426,3147,2.536044
2427,3138,2.528791
2428,3146,2.535238
2429,3144,2.533626
2430,3146,2.535238
2431,3146,2.535238
2432,3139,2.529597
2433,3146,2.535238
2434,3131,2.523150
2435,3138,2.528791
2436,3146,2.535238
2437,3147,2.536044
2438,3146,2.535238
2439,3146,2.535238
2440,3147,2.536044
2441,3146,2.535238
2442,3144,2.533626
2443,3151,2.539267
2444,3146,2.535238
2445,3147,2.536044
2446,3147,2.536044
2447,3151,2.539267
2448,3138,2.528791
2449,3146,2.535238
2450,3147,2.536044
2451,3151,2.539267
2452,3168,2.552967
2453,3168,2.552967
2454,3155,2.542491
2455,3147,2.536044
2456,3147,2.536044
2457,3147,2.536044
2458,3147,2.536044
2459,3146,2.535238
2460,3146,2.535238
2461,3168,2.552967
2462,3155,2.542491
2463,3168,2.552967
2464,3151,2.539267
2465,3168,2.552967
2466,3168,2.552967
2467,3151,2.539267
2468,3147,2.536044
2469,3147,2.536044
2470,3155,2.542491
2471,3170,2.554579
2472,3151,2.539267
2473,3151,2.539267
2474,3147,2.536044
2475,3155,2.542491
2476,3168,2.552967
2477,3168,2.552967
2478,3170,2.554579
2479,3146,2.535238
2480,3155,2.542491
2481,3168,2.552967
2482,3147,2.536044
2483,3168,2.552967
2484,3151,2.539267
2485,3155,2.542491
2486,3170,2.554579
2487,3168,2.552967
2488,3168,2.552967
2489,3151,2.539267
2490,3151,2.539267
2491,3147,2.536044
2492,3147,2.536044
2493,3154,2.541685
2494,3147,2.536044
2495,3168,2.552967
2496,3154,2.541685
2497,3147,2.536044
2498,3168,2.552967
2499,3168,2.552967
2500,3168,2.552967
2501,3168,2.552967
2502,3151,2.539267
2503,3151,2.539267
2504,3160,2.546520
2505,3151,2.539267
2506,3168,2.552967
2507,3155,2.542491
2508,3168,2.552967
2509,3146,2.535238
2510,3155,2.542491
2511,3146,2.535238
2512,3170,2.554579
2513,3151,2.539267
2514,3139,2.529597
2515,3146,2.535238
2516,3160,2.546520
2517,3155,2.542491
2518,3155,2.542491
2519,3146,2.535238
2520,3168,2.552967
2521,3168,2.552967
2522,3168,2.552967
2523,3147,2.536044
2524,3147,2.536044
2525,3168,2.552967
2526,3146,2.535238
2527,3151,2.539267
2528,3147,2.536044
2529,3168,2.552967
2530,3168,2.552967
2531,3168,2.552967
2532,3168,2.552967
2533,3147,2.536044
2534,3144,2.533626
2535,3168,2.552967
2536,3144,2.533626
2537,3147,2.536044
2538,3151,2.539267
2539,3155,2.542491
2540,3168,2.552967
2541,3151,2.539267
2542,3151,2.539267
2543,3155,2.542491
2544,3146,2.535238
2545,3147,2.536044
2546,3147,2.536044
2547,3147,2.536044
2548,3168,2.552967
2549,3168,2.552967
2550,3160,2.546520
2551,3146,2.535238
2552,3147,2.536044
2553,3146,2.535238
2554,3151,2.539267
2555,3147,2.536044
2556,3151,2.539267
2557,3147,2.536044
2558,3147,2.536044
2559,3147,2.536044
2560,3146,2.535238
2561,3146,2.535238
2562,3146,2.535238
2563,3139,2.529597
2564,3146,2.535238
2565,3146,2.535238
2566,3151,2.539267
2567,3146,2.535238
2568,3147,2.536044
2569,3151,2.539267
2570,3160,2.546520
2571,3168,2.552967
2572,3146,2.535238
2573,3146,2.535238
2574,3144,2.533626
2575,3160,2.546520
2576,3151,2.539267
2577,3147,2.536044
2578,3147,2.536044
2579,3146,2.535238
2580,3147,2.536044
2581,3139,2.529597
2582,3151,2.539267
2583,3168,2.552967
2584,3146,2.535238
2585,3146,2.535238
2586,3147,2.536044
2587,3168,2.552967
2588,3146,2.535238
2589,3151,2.539267
2590,3146,2.535238
2591,3147,2.536044
2592,3155,2.542491
2593,3168,2.552967
2594,3147,2.536044
2595,3147,2.536044
2596,3147,2.536044
2597,3144,2.533626
2598,3146,2.535238
2599,3155,2.542491
2600,3146,2.535238
2601,3139,2.529597
2602,3147,2.536044
2603,3147,2.536044
2604,3147,2.536044
2605,3144,2.533626
2606,3146,2.535238
2607,3151,2.539267
2608,3147,2.536044
2609,3146,2.535238
2610,3146,2.535238
2611,3151,2.539267
2612,3155,2.542491
2613,3147,2.536044
2614,3147,2.536044
2615,3146,2.535238
2616,3151,2.539267
2617,3155,2.542491
2618,3146,2.535238
2619,3146,2.535238
2620,3147,2.536044
2621,3139,2.529597
2622,3138,2.528791
2623,3139,2.529597
2624,3146,2.535238
2625,3146,2.535238
2626,3139,2.529597
2627,3155,2.542491
2628,3146,2.535238
2629,3144,2.533626
2630,3168,2.552967
2631,3146,2.535238
2632,3146,2.535238
2633,3147,2.536044
2634,3144,2.533626
2635,3151,2.539267
2636,3146,2.535238
2637,3144,2.533626
2638,3151,2.539267
2639,3146,2.535238
2640,3147,2.536044
2641,3147,2.536044
2642,3146,2.535238
2643,3138,2.528791
2644,3147,2.536044
2645,3146,2.535238
2646,3146,2.535238
2647,3144,2.533626
2648,3146,2.535238
2649,3146,2.535238
2650,3147,2.536044
2651,3146,2.535238
2652,3146,2.535238
2653,3147,2.536044
2654,3147,2.536044
2655,3146,2.535238
2656,3144,2.533626
2657,3138,2.528791
2658,3138,2.528791
2659,3151,2.539267
2660,3147,2.536044
2661,3146,2.535238
2662,3139,2.529597
2663,3147,2.536044
2664,3147,2.536044
2665,3146,2.535238
2666,3146,2.535238
2667,3139,2.529597
2668,3151,2.539267
2669,3146,2.535238
2670,3146,2.535238
2671,3147,2.536044
2672,3146,2.535238
2673,3147,2.536044
2674,3146,2.535238
2675,3147,2.536044
2676,3147,2.536044
2677,3147,2.536044
2678,3146,2.535238
2679,3147,2.536044
2680,3146,2.535238
2681,3146,2.535238
2682,3138,2.528791
2683,3144,2.533626
2684,3146,2.535238
2685,3168,2.552967
2686,3147,2.536044
2687,3151,2.539267
2688,3147,2.536044
2689,3147,2.536044
2690,3138,2.528791
2691,3147,2.536044
2692,3146,2.535238
2693,3147,2.536044
2694,3147,2.536044
2695,3146,2.535238
2696,3144,2.533626
2697,3146,2.535238
2698,3147,2.536044
2699,3138,2.528791
2700,3151,2.539267
2701,3138,2.528791
2702,3146,2.535238
2703,3147,2.536044
2704,3138,2.528791
2705,3144,2.533626
2706,3146,2.535238
2707,3147,2.536044
2708,3139,2.529597
2709,3139,2.529597
2710,3146,2.535238
2711,3146,2.535238
2712,3146,2.535238
2713,3151,2.539267
2714,3146,2.535238
2715,3144,2.533626
2716,3139,2.529597
2717,3144,2.533626
2718,3146,2.535238
2719,3146,2.535238
2720,3139,2.529597
2721,3147,2.536044
2722,3146,2.535238
2723,3130,2.522344
2724,3146,2.535238
2725,3139,2.529597
2726,3151,2.539267
2727,3138,2.528791
2728,3146,2.535238
2729,3138,2.528791
2730,3146,2.535238
2731,3147,2.536044
2732,3136,2.527179
2733,3144,2.533626
2734,3147,2.536044
2735,3138,2.528791
2736,3131,2.523150
2737,3146,2.535238
2738,3147,2.536044
2739,3139,2.529597
2740,3139,2.529597
2741,3147,2.536044
2742,3138,2.528791
2743,3138,2.528791
2744,3138,2.528791
2745,3138,2.528791
2746,3138,2.528791
2747,3146,2.535238
2748,3146,2.535238
2749,3138,2.528791
2750,3147,2.536044
2751,3138,2.528791
2752,3146,2.535238
2753,3139,2.529597
2754,3136,2.527179
2755,3139,2.529597
2756,3138,2.528791
2757,3138,2.528791
2758,3147,2.536044
2759,3138,2.528791
2760,3146,2.535238
2761,3139,2.529597
2762,3147,2.536044
2763,3138,2.528791
2764,3146,2.535238
2765,3130,2.522344
2766,3138,2.528791
2767,3144,2.533626
2768,3139,2.529597
2769,3138,2.528791
2770,3144,2.533626
2771,3146,2.535238
2772,3146,2.535238
2773,3131,2.523150
2774,3138,2.528791
2775,3146,2.535238
2776,3151,2.539267
2777,3138,2.528791
2778,3146,2.535238
2779,3146,2.535238
2780,3147,2.536044
2781,3146,2.535238
2782,3138,2.528791
2783,3146,2.535238
2784,3139,2.529597
2785,3138,2.528791
2786,3146,2.535238
2787,3139,2.529597
2788,3151,2.539267
2789,3131,2.523150
2790,3146,2.535238
2791,3147,2.536044
2792,3151,2.539267
2793,3147,2.536044
2794,3146,2.535238
2795,3138,2.528791
2796,3146,2.535238
2797,3136,2.527179
2798,3139,2.529597
2799,3138,2.528791
2800,3139,2.529597
2801,3146,2.535238
2802,3139,2.529597
2803,3147,2.536044
2804,3168,2.552967
2805,3138,2.528791
2806,3146,2.535238
2807,3144,2.533626
2808,3130,2.522344
2809,3139,2.529597
2810,3138,2.528791
2811,3146,2.535238
2812,3130,2.522344
2813,3138,2.528791
2814,3146,2.535238
2815,3131,2.523150
2816,3138,2.528791
2817,3138,2.528791
2818,3138,2.528791
2819,3138,2.528791
2820,3119,2.513480
2821,3146,2.535238
2822,3130,2.522344
2823,3146,2.535238
2824,3138,2.528791
2825,3146,2.535238
2826,3146,2.535238
2827,3147,2.536044
2828,3139,2.529597
2829,3138,2.528791
2830,3146,2.535238
2831,3136,2.527179
2832,3138,2.528791
2833,3138,2.528791
2834,3146,2.535238
2835,3146,2.535238
2836,3146,2.535238
2837,3138,2.528791
2838,3144,2.533626
2839,3146,2.535238
2840,3139,2.529597
2841,3139,2.529597
2842,3138,2.528791
2843,3146,2.535238
2844,3130,2.522344
2845,3139,2.529597
2846,3139,2.529597
2847,3144,2.533626
2848,3146,2.535238
2849,3136,2.527179
2850,3136,2.527179
2851,3138,2.528791
2852,3136,2.527179
2853,3131,2.523150
2854,3138,2.528791
2855,3139,2.529597
2856,3139,2.529597
2857,3138,2.528791
2858,3147,2.536044
2859,3138,2.528791
2860,3138,2.528791
2861,3136,2.527179
2862,3144,2.533626
2863,3138,2.528791
2864,3138,2.528791
2865,3144,2.533626
2866,3146,2.535238
2867,3136,2.527179
2868,3146,2.535238
2869,3130,2.522344
2870,3138,2.528791
2871,3138,2.528791
2872,3146,2.535238
2873,3144,2.533626
2874,3130,2.522344
2875,3139,2.529597
2876,3147,2.536044
2877,3130,2.522344
2878,3144,2.533626
2879,3146,2.535238
2880,3130,2.522344
2881,3130,2.522344
2882,3136,2.527179
2883,3138,2.528791
2884,3139,2.529597
2885,3138,2.528791
2886,3138,2.528791
2887,3128,2.520733
2888,3138,2.528791
2889,3146,2.535238
2890,3138,2.528791
2891,3131,2.523150
2892,3138,2.528791
2893,3146,2.535238
2894,3146,2.535238
2895,3138,2.528791
2896,3146,2.535238
2897,3130,2.522344
2898,3144,2.533626
2899,3130,2.522344
2900,3138,2.528791
2901,3138,2.528791
2902,3139,2.529597
2903,3131,2.523150
2904,3138,2.528791
2905,3128,2.520733
2906,3146,2.535238
2907,3146,2.535238
2908,3130,2.522344
2909,3136,2.527179
2910,3130,2.522344
2911,3138,2.528791
2912,3131,2.523150
2913,3139,2.529597
2914,3139,2.529597
2915,3147,2.536044
2916,3138,2.528791
2917,3138,2.528791
2918,3139,2.529597
2919,3138,2.528791
2920,3136,2.527179
2921,3130,2.522344
2922,3138,2.528791
2923,3144,2.533626
2924,3136,2.527179
2925,3130,2.522344
2926,3131,2.523150
2927,3138,2.528791
2928,3130,2.522344
2929,3139,2.529597
2930,3131,2.523150
2931,3146,2.535238
2932,3138,2.528791
2933,3138,2.528791
2934,3138,2.528791
2935,3138,2.528791
2936,3130,2.522344
2937,3138,2.528791
2938,3131,2.523150
2939,3136,2.527179
2940,3119,2.513480
2941,3130,2.522344
2942,3136,2.527179
2943,3131,2.523150
2944,3139,2.529597
2945,3131,2.523150
2946,3119,2.513480
2947,3146,2.535238
2948,3131,2.523150
2949,3138,2.528791
2950,3130,2.522344
2951,3146,2.535238
2952,3130,2.522344
2953,3130,2.522344
2954,3138,2.528791
2955,3139,2.529597
2956,3138,2.528791
2957,3130,2.522344
2958,3130,2.522344
2959,3138,2.528791
2960,3138,2.528791
2961,3138,2.528791
2962,3136,2.527179
2963,3131,2.523150
2964,3130,2.522344
2965,3130,2.522344
2966,3136,2.527179
2967,3130,2.522344
2968,3144,2.533626
2969,3130,2.522344
2970,3139,2.529597
2971,3138,2.528791
2972,3138,2.528791
2973,3128,2.520733
2974,3146,2.535238
2975,3138,2.528791
2976,3130,2.522344
2977,3130,2.522344
2978,3130,2.522344
2979,3139,2.529597
2980,3138,2.528791
2981,3128,2.520733
2982,3138,2.528791
2983,3119,2.513480
2984,3139,2.529597
2985,3138,2.528791
2986,3130,2.522344
2987,3119,2.513480
2988,3130,2.522344
2989,3114,2.509451
2990,3138,2.528791
2991,3138,2.528791
2992,3138,2.528791
2993,3128,2.520733
2994,3138,2.528791
2995,3128,2.520733
2996,3123,2.516703
2997,3130,2.522344
2998,3130,2.522344
2999,3130,2.522344
3000,3128,2.520733
3001,3130,2.522344
3002,3130,2.522344
3003,3130,2.522344
3004,3130,2.522344
3005,3130,2.522344
3006,3130,2.522344
3007,3130,2.522344
3008,3138,2.528791
3009,3131,2.523150
3010,3139,2.529597
3011,3130,2.522344
3012,3138,2.528791
3013,3128,2.520733
3014,3130,2.522344
3015,3128,2.520733
3016,3130,2.522344
3017,3130,2.522344
3018,3115,2.510256
3019,3119,2.513480
3020,3144,2.533626
3021,3115,2.510256
3022,3114,2.509451
3023,3128,2.520733
3024,3130,2.522344
3025,3119,2.513480
3026,3130,2.522344
3027,3115,2.510256
3028,3138,2.528791
3029,3115,2.510256
3030,3130,2.522344
3031,3130,2.522344
3032,3130,2.522344
3033,3128,2.520733
3034,3128,2.520733
3035,3119,2.513480
3036,3130,2.522344
3037,3115,2.510256
3038,3138,2.528791
3039,3115,2.510256
3040,3115,2.510256
3041,3123,2.516703
3042,3115,2.510256
3043,3119,2.513480
3044,3114,2.509451
3045,3119,2.513480
3046,3138,2.528791
3047,3115,2.510256
3048,3130,2.522344
3049,3119,2.513480
3050,3123,2.516703
3051,3119,2.513480
3052,3115,2.510256
3053,3115,2.510256
3054,3130,2.522344
3055,3115,2.510256
3056,3115,2.510256
3057,3106,2.503004
3058,3115,2.510256
3059,3115,2.510256
3060,3112,2.507839
3061,3119,2.513480
3062,3115,2.510256
3063,3106,2.503004
3064,3130,2.522344
3065,3115,2.510256
3066,3115,2.510256
3067,3115,2.510256
3068,3115,2.510256
3069,3114,2.509451
3070,3115,2.510256
3071,3114,2.509451
3072,3119,2.513480
3073,3115,2.510256
3074,3115,2.510256
3075,3123,2.516703
3076,3114,2.509451
3077,3114,2.509451
3078,3115,2.510256
3079,3114,2.509451
3080,3115,2.510256
3081,3114,2.509451
3082,3130,2.522344
3083,3130,2.522344
3084,3114,2.509451
3085,3106,2.503004
3086,3114,2.509451
3087,3119,2.513480
3088,3128,2.520733
3089,3106,2.503004
3090,3114,2.509451
3091,3115,2.510256
3092,3115,2.510256
3093,3114,2.509451
3094,3114,2.509451
3095,3114,2.509451
3096,3114,2.509451
3097,3114,2.509451
3098,3114,2.509451
3099,3112,2.507839
3100,3106,2.503004
3101,3115,2.510256
3102,3106,2.503004
3103,3106,2.503004
3104,3106,2.503004
3105,3114,2.509451
3106,3104,2.501392
3107,3106,2.503004
3108,3106,2.503004
3109,3106,2.503004
3110,3114,2.509451
3111,3114,2.509451
3112,3104,2.501392
3113,3106,2.503004
3114,3104,2.501392
3115,3114,2.509451
3116,3114,2.509451
3117,3104,2.501392
3118,3106,2.503004
3119,3106,2.503004
3120,3104,2.501392
3121,3087,2.487692
3122,3096,2.494945
3123,3106,2.503004
3124,3106,2.503004
3125,3114,2.509451
3126,3106,2.503004
3127,3104,2.501392
3128,3115,2.510256
3129,3104,2.501392
3130,3104,2.501392
3131,3112,2.507839
3132,3104,2.501392
3133,3106,2.503004
3134,3104,2.501392
3135,3104,2.501392
3136,3106,2.503004
3137,3106,2.503004
3138,3087,2.487692
3139,3106,2.503004
3140,3091,2.490916
3141,3104,2.501392
3142,3104,2.501392
3143,3106,2.503004
3144,3112,2.507839
3145,3104,2.501392
3146,3104,2.501392
3147,3104,2.501392
3148,3104,2.501392
3149,3106,2.503004
3150,3104,2.501392
3151,3091,2.490916
3152,3087,2.487692
3153,3083,2.484469
3154,3083,2.484469
3155,3087,2.487692
3156,3087,2.487692
3157,3087,2.487692
3158,3083,2.484469
3159,3087,2.487692
3160,3104,2.501392
3161,3104,2.501392
3162,3087,2.487692
3163,3083,2.484469
3164,3083,2.484469
3165,3082,2.483663
3166,3104,2.501392
3167,3082,2.483663
3168,3080,2.482051
3169,3082,2.483663
3170,3096,2.494945
3171,3087,2.487692
3172,3082,2.483663
3173,3083,2.484469
3174,3087,2.487692
3175,3074,2.477216
3176,3082,2.483663
3177,3083,2.484469
3178,3082,2.483663
3179,3082,2.483663
3180,3074,2.477216
3181,3074,2.477216
3182,3082,2.483663
3183,3083,2.484469
3184,3074,2.477216
3185,3083,2.484469
3186,3082,2.483663
3187,3087,2.487692
3188,3082,2.483663
3189,3083,2.484469
3190,3082,2.483663
3191,3072,2.475604
3192,3072,2.475604
3193,3075,2.478022
3194,3080,2.482051
3195,3074,2.477216
3196,3074,2.477216
3197,3074,2.477216
3198,3080,2.482051
3199,3072,2.475604
3200,3074,2.477216
3201,3074,2.477216
3202,3072,2.475604
3203,3074,2.477216
3204,3074,2.477216
3205,3074,2.477216
3206,3072,2.475604
3207,3072,2.475604
3208,3072,2.475604
3209,3080,2.482051
3210,3072,2.475604
3211,3075,2.478022
3212,3072,2.475604
3213,3072,2.475604
3214,3072,2.475604
3215,3072,2.475604
3216,3074,2.477216
3217,3072,2.475604
3218,3072,2.475604
3219,3072,2.475604
3220,3072,2.475604
3221,3072,2.475604
3222,3072,2.475604
3223,3072,2.475604
3224,3072,2.475604
3225,3072,2.475604
3226,3072,2.475604
3227,3072,2.475604
3228,3050,2.457875
3229,3050,2.457875
3230,3072,2.475604
3231,3072,2.475604
3232,3072,2.475604
3233,3023,2.436117
3234,3042,2.451429
3235,3072,2.475604
3236,3072,2.475604
3237,3072,2.475604
3238,3042,2.451429
3239,3072,2.475604
3240,3042,2.451429
3241,3043,2.452234
3242,3048,2.456264
3243,3040,2.449817
3244,3042,2.451429
3245,3043,2.452234
3246,3043,2.452234
3247,3043,2.452234
3248,3072,2.475604
3249,3042,2.451429
3250,3040,2.449817
3251,3040,2.449817
3252,3072,2.475604
3253,3040,2.449817
3254,3040,2.449817
3255,3042,2.451429
3256,3042,2.451429
3257,3040,2.449817
3258,3040,2.449817
3259,3042,2.451429
3260,3040,2.449817
3261,3032,2.443370
3262,3040,2.449817
3263,3027,2.439341
3264,3032,2.443370
3265,3040,2.449817
3266,3040,2.449817
3267,3023,2.436117
3268,3040,2.449817
3269,3040,2.449817
3270,3023,2.436117
3271,3023,2.436117
3272,3018,2.432088
3273,3040,2.449817
3274,3032,2.443370
3275,3040,2.449817
3276,3042,2.451429
3277,3040,2.449817
3278,3042,2.451429
3279,3019,2.432894
3280,3023,2.436117
3281,3018,2.432088
3282,3040,2.449817
3283,3040,2.449817
3284,3019,2.432894
3285,3023,2.436117
3286,3018,2.432088
3287,3018,2.432088
3288,3023,2.436117
3289,3019,2.432894
3290,3019,2.432894
3291,3040,2.449817
3292,3019,2.432894
3293,3011,2.426447
3294,3018,2.432088
3295,3016,2.430476
3296,3019,2.432894
3297,3019,2.432894
3298,3019,2.432894
3299,3018,2.432088
3300,3018,2.432088
3301,3019,2.432894
3302,3011,2.426447
3303,3018,2.432088
3304,3018,2.432088
3305,3019,2.432894
3306,3011,2.426447
3307,3010,2.425641
3308,3018,2.432088
3309,3019,2.432894
3310,3011,2.426447
3311,3010,2.425641
3312,3018,2.432088
3313,3016,2.430476
3314,3011,2.426447
3315,3016,2.430476
3316,3008,2.424029
3317,3011,2.426447
3318,3018,2.432088
3319,3010,2.425641
3320,2995,2.413553
3321,3019,2.432894
3322,3010,2.425641
3323,3011,2.426447
3324,3000,2.417582
3325,3010,2.425641
3326,3000,2.417582
3327,3008,2.424029
3328,2995,2.413553
3329,3008,2.424029
3330,3010,2.425641
3331,3010,2.425641
3332,3008,2.424029
3333,3002,2.419194
3334,3002,2.419194
3335,3002,2.419194
3336,3002,2.419194
3337,3008,2.424029
3338,3000,2.417582
3339,3010,2.425641
3340,2995,2.413553
3341,3002,2.419194
3342,3008,2.424029
3343,3002,2.419194
3344,3008,2.424029
3345,2987,2.407106
3346,3002,2.419194
3347,3010,2.425641
3348,3002,2.419194
3349,3002,2.419194
3350,3003,2.420000
3351,2991,2.410330
3352,3010,2.425641
3353,3010,2.425641
3354,2987,2.407106
3355,2995,2.413553
3356,2995,2.413553
3357,2991,2.410330
3358,2991,2.410330
3359,3002,2.419194
3360,2995,2.413553
3361,2987,2.407106
3362,2991,2.410330
3363,2991,2.410330
3364,2987,2.407106
3365,3000,2.417582
3366,3002,2.419194
3367,2986,2.406300
3368,3002,2.419194
3369,2994,2.412747
3370,2991,2.410330
3371,2986,2.406300
3372,3002,2.419194
3373,2986,2.406300
3374,2991,2.410330
3375,2991,2.410330
3376,2984,2.404689
3377,2995,2.413553
3378,2986,2.406300
3379,3002,2.419194
3380,2987,2.407106
3381,2995,2.413553
3382,2995,2.413553
3383,2991,2.410330
3384,2987,2.407106
3385,2986,2.406300
3386,2979,2.400659
3387,2991,2.410330
3388,2984,2.404689
3389,2987,2.407106
3390,2986,2.406300
3391,2987,2.407106
3392,2991,2.410330
3393,2987,2.407106
3394,2987,2.407106
3395,2991,2.410330
3396,2984,2.404689
3397,2987,2.407106
3398,2986,2.406300
3399,2987,2.407106
3400,2987,2.407106
3401,2987,2.407106
3402,2986,2.406300
3403,2984,2.404689
3404,2986,2.406300
3405,2986,2.406300
3406,2991,2.410330
3407,2978,2.399853
3408,2986,2.406300
3409,2984,2.404689
3410,2987,2.407106
3411,2987,2.407106
3412,2984,2.404689
3413,2984,2.404689
3414,2978,2.399853
3415,2978,2.399853
3416,2987,2.407106
3417,2991,2.410330
3418,2986,2.406300
3419,2978,2.399853
3420,2987,2.407106
3421,2987,2.407106
3422,2976,2.398242
3423,2986,2.406300
3424,2979,2.400659
3425,2984,2.404689
3426,2986,2.406300
3427,2986,2.406300
3428,2976,2.398242
3429,2979,2.400659
3430,2987,2.407106
3431,2986,2.406300
3432,2987,2.407106
3433,2979,2.400659
3434,2986,2.406300
3435,2984,2.404689
3436,2987,2.407106
3437,2984,2.404689
3438,2986,2.406300
3439,2986,2.406300
3440,2979,2.400659
3441,2978,2.399853
3442,2991,2.410330
3443,2987,2.407106
3444,2984,2.404689
3445,2987,2.407106
3446,2978,2.399853
3447,2978,2.399853
3448,2978,2.399853
3449,2986,2.406300
3450,2986,2.406300
3451,2978,2.399853
3452,2978,2.399853
3453,2986,2.406300
3454,2984,2.404689
3455,2978,2.399853
3456,2986,2.406300
3457,2987,2.407106
3458,2986,2.406300
3459,2979,2.400659
3460,2976,2.398242
3461,2984,2.404689
3462,2984,2.404689
3463,2978,2.399853
3464,2979,2.400659
3465,2976,2.398242
3466,2984,2.404689
3467,2976,2.398242
3468,2978,2.399853
3469,2979,2.400659
3470,2987,2.407106
3471,2978,2.399853
3472,2976,2.398242
3473,2963,2.387766
3474,2978,2.399853
3475,2978,2.399853
3476,2978,2.399853
3477,2976,2.398242
3478,2978,2.399853
3479,2978,2.399853
3480,2986,2.406300
3481,2979,2.400659
3482,2978,2.399853
3483,2986,2.406300
3484,2976,2.398242
3485,2976,2.398242
3486,2968,2.391795
3487,2986,2.406300
3488,2979,2.400659
3489,2959,2.384542
3490,2978,2.399853
3491,2986,2.406300
3492,2984,2.404689
3493,2978,2.399853
3494,2978,2.399853
3495,2978,2.399853
3496,2976,2.398242
3497,2984,2.404689
3498,2976,2.398242
3499,2976,2.398242
3500,2970,2.393407
3501,2979,2.400659
3502,2984,2.404689
3503,2987,2.407106
3504,2976,2.398242
3505,2979,2.400659
3506,2978,2.399853
3507,2978,2.399853
3508,2979,2.400659
3509,2968,2.391795
3510,2986,2.406300
3511,2978,2.399853
3512,2984,2.404689
3513,2976,2.398242
3514,2976,2.398242
3515,2979,2.400659
3516,2978,2.399853
3517,2978,2.399853
3518,2976,2.398242
3519,2976,2.398242
3520,2986,2.406300
3521,2976,2.398242
3522,2976,2.398242
3523,2976,2.398242
3524,2986,2.406300
3525,2978,2.399853
3526,2976,2.398242
3527,2976,2.398242
3528,2979,2.400659
3529,2976,2.398242
3530,2976,2.398242
3531,2984,2.404689
3532,2976,2.398242
3533,2978,2.399853
3534,2986,2.406300
3535,2978,2.399853
3536,2959,2.384542
3537,2978,2.399853
3538,2984,2.404689
3539,2968,2.391795
3540,2968,2.391795
3541,2968,2.391795
3542,2976,2.398242
3543,2968,2.391795
3544,2970,2.393407
3545,2959,2.384542
3546,2976,2.398242
3547,2968,2.391795
3548,2987,2.407106
3549,2976,2.398242
3550,2978,2.399853
3551,2976,2.398242
3552,2976,2.398242
3553,2987,2.407106
3554,2978,2.399853
3555,2978,2.399853
3556,2978,2.399853
3557,2976,2.398242
3558,2978,2.399853
3559,2978,2.399853
3560,2968,2.391795
3561,2978,2.399853
3562,2979,2.400659
3563,2976,2.398242
3564,2979,2.400659
3565,2976,2.398242
3566,2978,2.399853
3567,2986,2.406300
3568,2976,2.398242
3569,2963,2.387766
3570,2976,2.398242
3571,2976,2.398242
3572,2963,2.387766
3573,2976,2.398242
3574,2959,2.384542
3575,2976,2.398242
3576,2968,2.391795
3577,2978,2.399853
3578,2978,2.399853
3579,2976,2.398242
3580,2986,2.406300
3581,2976,2.398242
3582,2976,2.398242
3583,2976,2.398242
3584,2968,2.391795
3585,2976,2.398242
3586,2976,2.398242
3587,2968,2.391795
3588,2976,2.398242
3589,2976,2.398242
3590,2976,2.398242
3591,2976,2.398242
3592,2978,2.399853
3593,2976,2.398242
3594,2968,2.391795
3595,2963,2.387766
3596,2978,2.399853
3597,2963,2.387766
3598,2976,2.398242
3599,2976,2.398242
3600,2976,2.398242
3601,2979,2.400659
3602,2978,2.399853
3603,2976,2.398242
3604,2959,2.384542
3605,2959,2.384542
3606,2976,2.398242
3607,2978,2.399853
3608,2978,2.399853
3609,2968,2.391795
3610,2976,2.398242
3611,2959,2.384542
3612,2976,2.398242
3613,2976,2.398242
3614,2976,2.398242
3615,2968,2.391795
3616,2978,2.399853
3617,2978,2.399853
3618,2976,2.398242
3619,2978,2.399853
3620,2976,2.398242
3621,2976,2.398242
3622,2976,2.398242
3623,2976,2.398242
3624,2968,2.391795
3625,2978,2.399853
3626,2978,2.399853
3627,2978,2.399853
3628,2976,2.398242
3629,2976,2.398242
3630,2976,2.398242
3631,2963,2.387766
3632,2976,2.398242
3633,2959,2.384542
3634,2976,2.398242
3635,2976,2.398242
3636,2978,2.399853
3637,2976,2.398242
3638,2976,2.398242
3639,2959,2.384542
3640,2976,2.398242
3641,2968,2.391795
3642,2959,2.384542
3643,2976,2.398242
3644,2976,2.398242
3645,2978,2.399853
3646,2963,2.387766
3647,2978,2.399853
