Pixel,ADC,VoltageV
1,3955,3.187179
2,3955,3.187179
3,3955,3.187179
4,3947,3.180733
5,3947,3.180733
6,3947,3.180733
7,3947,3.180733
8,3947,3.180733
9,3947,3.180733
10,3947,3.180733
11,3947,3.180733
12,3947,3.180733
13,3955,3.187179
14,3955,3.187179
15,3947,3.180733
16,3947,3.180733
17,3401,2.740733
18,2977,2.399048
19,2987,2.407106
20,2979,2.400659
21,2987,2.407106
22,2995,2.413553
23,2987,2.407106
24,2995,2.413553
25,2987,2.407106
26,2995,2.413553
27,2985,2.405495
28,2987,2.407106
29,2987,2.407106
30,2987,2.407106
31,2995,2.413553
32,3001,2.418388
33,2995,2.413553
34,2995,2.413553
35,2995,2.413553
36,2995,2.413553
37,2995,2.413553
38,2995,2.413553
39,3003,2.420000
40,2995,2.413553
41,3001,2.418388
42,3003,2.420000
43,2987,2.407106
44,2995,2.413553
45,2987,2.407106
46,3003,2.420000
47,2995,2.413553
48,2995,2.413553
49,2995,2.413553
50,3001,2.418388
51,3003,2.420000
52,2995,2.413553
53,3003,2.420000
54,3003,2.420000
55,3001,2.418388
56,2995,2.413553
57,2995,2.413553
58,2995,2.413553
59,3001,2.418388
60,2995,2.413553
61,3003,2.420000
62,2995,2.413553
63,2995,2.413553
64,3001,2.418388
65,2987,2.407106
66,2995,2.413553
67,2995,2.413553
68,2987,2.407106
69,2987,2.407106
70,2993,2.411941
71,2995,2.413553
72,2995,2.413553
73,2993,2.411941
74,2977,2.399048
75,2987,2.407106
76,2995,2.413553
77,2995,2.413553
78,2995,2.413553
79,2987,2.407106
80,2987,2.407106
81,3003,2.420000
82,2979,2.400659
83,2995,2.413553
84,3003,2.420000
85,2985,2.405495
86,2995,2.413553
87,2987,2.407106
88,2987,2.407106
89,2995,2.413553
90,2995,2.413553
91,2995,2.413553
92,3003,2.420000
93,2995,2.413553
94,2985,2.405495
95,2987,2.407106
96,3001,2.418388
97,2987,2.407106
98,2995,2.413553
99,2995,2.413553
100,3001,2.418388
101,2995,2.413553
102,3003,2.420000
103,3003,2.420000
104,2995,2.413553
105,3001,2.418388
106,2987,2.407106
107,2995,2.413553
108,2987,2.407106
109,2995,2.413553
110,2995,2.413553
111,2987,2.407106
112,2987,2.407106
113,2987,2.407106
114,2987,2.407106
115,2993,2.411941
116,2995,2.413553
117,2979,2.400659
118,2987,2.407106
119,2995,2.413553
120,3003,2.420000
121,2995,2.413553
122,2987,2.407106
123,2987,2.407106
124,2987,2.407106
125,2987,2.407106
126,2987,2.407106
127,2987,2.407106
128,2995,2.413553
129,2979,2.400659
130,2995,2.413553
131,2995,2.413553
132,2987,2.407106
133,2987,2.407106
134,2995,2.413553
135,2987,2.407106
136,3003,2.420000
137,2979,2.400659
138,2995,2.413553
139,2995,2.413553
140,2987,2.407106
141,3003,2.420000
142,2987,2.407106
143,2995,2.413553
144,3003,2.420000
145,2995,2.413553
146,3003,2.420000
147,3003,2.420000
148,2995,2.413553
149,2995,2.413553
150,2995,2.413553
151,2995,2.413553
152,2987,2.407106
153,3003,2.420000
154,3003,2.420000
155,3001,2.418388
156,3003,2.420000
157,2993,2.411941
158,3003,2.420000
159,2995,2.413553
160,3003,2.420000
161,3011,2.426447
162,2995,2.413553
163,2995,2.413553
164,3003,2.420000
165,2995,2.413553
166,2995,2.413553
167,2995,2.413553
168,2995,2.413553
169,2995,2.413553
170,2995,2.413553
171,3003,2.420000
172,3007,2.423223
173,2987,2.407106
174,3003,2.420000
175,3003,2.420000
176,2995,2.413553
177,3003,2.420000
178,3007,2.423223
179,2987,2.407106
180,2995,2.413553
181,3003,2.420000
182,2995,2.413553
183,3001,2.418388
184,3003,2.420000
185,2995,2.413553
186,2995,2.413553
187,2987,2.407106
188,3001,2.418388
189,3003,2.420000
190,2995,2.413553
191,2995,2.413553
192,2995,2.413553
193,3019,2.432894
194,3001,2.418388
195,2987,2.407106
196,2987,2.407106
197,2987,2.407106
198,2987,2.407106
199,2987,2.407106
200,2995,2.413553
201,3003,2.420000
202,3003,2.420000
203,2995,2.413553
204,2987,2.407106
205,2995,2.413553
206,2995,2.413553
207,2987,2.407106
208,3001,2.418388
209,3003,2.420000
210,3003,2.420000
211,2987,2.407106
212,2995,2.413553
213,3003,2.420000
214,2995,2.413553
215,2995,2.413553
216,2987,2.407106
217,2995,2.413553
218,2995,2.413553
219,2995,2.413553
220,3003,2.420000
221,3003,2.420000
222,2995,2.413553
223,2987,2.407106
224,3003,2.420000
225,2995,2.413553
226,2995,2.413553
227,2995,2.413553
228,2987,2.407106
229,3003,2.420000
230,3003,2.420000
231,3003,2.420000
232,3003,2.420000
233,3003,2.420000
234,2995,2.413553
235,3003,2.420000
236,3001,2.418388
237,3003,2.420000
238,3007,2.423223
239,3003,2.420000
240,2995,2.413553
241,2995,2.413553
242,3003,2.420000
243,3011,2.426447
244,3003,2.420000
245,2995,2.413553
246,3003,2.420000
247,3017,2.431282
248,3011,2.426447
249,3003,2.420000
250,3003,2.420000
251,3003,2.420000
252,3003,2.420000
253,3011,2.426447
254,3003,2.420000
255,2995,2.413553
256,3003,2.420000
257,2993,2.411941
258,3003,2.420000
259,3001,2.418388
260,2995,2.413553
261,3001,2.418388
262,3003,2.420000
263,2995,2.413553
264,3003,2.420000
265,2995,2.413553
266,2995,2.413553
267,2995,2.413553
268,3011,2.426447
269,3003,2.420000
270,3001,2.418388
271,3003,2.420000
272,2995,2.413553
273,3003,2.420000
274,3007,2.423223
275,3001,2.418388
276,2995,2.413553
277,2995,2.413553
278,2995,2.413553
279,2995,2.413553
280,2993,2.411941
281,3003,2.420000
282,2987,2.407106
283,3003,2.420000
284,2995,2.413553
285,2995,2.413553
286,3003,2.420000
287,2987,2.407106
288,3003,2.420000
289,3003,2.420000
290,2993,2.411941
291,2995,2.413553
292,3003,2.420000
293,3003,2.420000
294,2995,2.413553
295,2995,2.413553
296,2995,2.413553
297,3003,2.420000
298,3003,2.420000
299,2995,2.413553
300,3003,2.420000
301,3003,2.420000
302,3003,2.420000
303,2995,2.413553
304,3003,2.420000
305,3011,2.426447
306,3003,2.420000
307,3003,2.420000
308,3003,2.420000
309,3011,2.426447
310,2995,2.413553
311,3003,2.420000
312,2995,2.413553
313,2995,2.413553
314,3011,2.426447
315,3003,2.420000
316,2995,2.413553
317,3003,2.420000
318,2987,2.407106
319,3003,2.420000
320,3003,2.420000
321,3003,2.420000
322,3007,2.423223
323,2995,2.413553
324,2987,2.407106
325,2995,2.413553
326,3007,2.423223
327,3003,2.420000
328,3003,2.420000
329,3007,2.423223
330,3003,2.420000
331,3003,2.420000
332,3019,2.432894
333,3019,2.432894
334,3007,2.423223
335,3011,2.426447
336,3019,2.432894
337,3011,2.426447
338,3019,2.432894
339,3017,2.431282
340,3019,2.432894
341,3011,2.426447
342,3019,2.432894
343,3027,2.439341
344,3027,2.439341
345,3019,2.432894
346,3019,2.432894
347,3011,2.426447
348,3019,2.432894
349,3017,2.431282
350,3011,2.426447
351,3017,2.431282
352,3017,2.431282
353,3017,2.431282
354,3007,2.423223
355,3003,2.420000
356,2995,2.413553
357,2995,2.413553
358,3027,2.439341
359,3011,2.426447
360,3007,2.423223
361,3003,2.420000
362,3017,2.431282
363,3019,2.432894
364,3003,2.420000
365,3019,2.432894
366,3019,2.432894
367,3011,2.426447
368,3019,2.432894
369,3011,2.426447
370,3011,2.426447
371,3011,2.426447
372,3027,2.439341
373,3007,2.423223
374,3027,2.439341
375,3019,2.432894
376,3003,2.420000
377,3011,2.426447
378,3003,2.420000
379,3003,2.420000
380,3019,2.432894
381,2995,2.413553
382,2995,2.413553
383,3003,2.420000
384,2995,2.413553
385,3003,2.420000
386,3003,2.420000
387,3007,2.423223
388,3003,2.420000
389,3007,2.423223
390,3007,2.423223
391,3003,2.420000
392,3019,2.432894
393,2995,2.413553
394,3003,2.420000
395,2995,2.413553
396,3003,2.420000
397,3001,2.418388
398,3019,2.432894
399,3003,2.420000
400,3007,2.423223
401,3003,2.420000
402,3017,2.431282
403,3011,2.426447
404,3003,2.420000
405,3003,2.420000
406,3011,2.426447
407,3019,2.432894
408,3011,2.426447
409,3019,2.432894
410,3019,2.432894
411,2995,2.413553
412,3011,2.426447
413,3003,2.420000
414,3011,2.426447
415,3017,2.431282
416,3003,2.420000
417,3003,2.420000
418,3019,2.432894
419,3003,2.420000
420,3011,2.426447
421,3011,2.426447
422,3007,2.423223
423,3007,2.423223
424,3007,2.423223
425,3019,2.432894
426,3011,2.426447
427,3007,2.423223
428,3027,2.439341
429,3011,2.426447
430,3027,2.439341
431,3017,2.431282
432,3017,2.431282
433,3019,2.432894
434,3003,2.420000
435,3003,2.420000
436,3007,2.423223
437,3011,2.426447
438,3003,2.420000
439,3003,2.420000
440,3017,2.431282
441,3007,2.423223
442,3003,2.420000
443,3011,2.426447
444,3027,2.439341
445,2995,2.413553
446,3007,2.423223
447,3019,2.432894
448,3003,2.420000
449,3003,2.420000
450,3003,2.420000
451,3011,2.426447
452,3007,2.423223
453,3003,2.420000
454,3011,2.426447
455,3019,2.432894
456,3019,2.432894
457,3017,2.431282
458,3019,2.432894
459,3019,2.432894
460,3019,2.432894
461,3019,2.432894
462,3019,2.432894
463,3019,2.432894
464,3027,2.439341
465,3019,2.432894
466,3019,2.432894
467,3019,2.432894
468,3011,2.426447
469,3019,2.432894
470,3041,2.450623
471,3017,2.431282
472,3007,2.423223
473,3019,2.432894
474,3011,2.426447
475,3019,2.432894
476,3011,2.426447
477,3017,2.431282
478,3011,2.426447
479,3011,2.426447
480,3011,2.426447
481,3027,2.439341
482,3033,2.444176
483,3019,2.432894
484,3027,2.439341
485,3033,2.444176
486,3027,2.439341
487,3027,2.439341
488,3041,2.450623
489,3019,2.432894
490,3027,2.439341
491,3027,2.439341
492,3011,2.426447
493,3019,2.432894
494,3027,2.439341
495,3027,2.439341
496,3027,2.439341
497,3017,2.431282
498,3019,2.432894
499,3011,2.426447
500,3027,2.439341
501,3019,2.432894
502,3011,2.426447
503,3019,2.432894
504,3027,2.439341
505,3027,2.439341
506,3017,2.431282
507,3019,2.432894
508,3027,2.439341
509,3027,2.439341
510,3019,2.432894
511,3019,2.432894
512,3019,2.432894
513,3019,2.432894
514,3019,2.432894
515,3019,2.432894
516,3027,2.439341
517,3027,2.439341
518,3025,2.437729
519,3027,2.439341
520,3019,2.432894
521,3027,2.439341
522,3019,2.432894
523,3027,2.439341
524,3027,2.439341
525,3019,2.432894
526,3027,2.439341
527,3019,2.432894
528,3011,2.426447
529,3007,2.423223
530,3019,2.432894
531,3027,2.439341
532,3027,2.439341
533,3027,2.439341
534,3027,2.439341
535,3035,2.445788
536,3027,2.439341
537,3027,2.439341
538,3041,2.450623
539,3027,2.439341
540,3041,2.450623
541,3027,2.439341
542,3041,2.450623
543,3033,2.444176
544,3027,2.439341
545,3019,2.432894
546,3041,2.450623
547,3041,2.450623
548,3027,2.439341
549,3041,2.450623
550,3043,2.452234
551,3027,2.439341
552,3027,2.439341
553,3027,2.439341
554,3019,2.432894
555,3019,2.432894
556,3019,2.432894
557,3027,2.439341
558,3017,2.431282
559,3019,2.432894
560,3019,2.432894
561,3019,2.432894
562,3035,2.445788
563,3019,2.432894
564,3019,2.432894
565,3017,2.431282
566,3027,2.439341
567,3019,2.432894
568,3027,2.439341
569,3027,2.439341
570,3019,2.432894
571,3019,2.432894
572,3041,2.450623
573,3019,2.432894
574,3019,2.432894
575,3019,2.432894
576,3041,2.450623
577,3027,2.439341
578,3019,2.432894
579,3027,2.439341
580,3027,2.439341
581,3019,2.432894
582,3019,2.432894
583,3003,2.420000
584,3019,2.432894
585,3027,2.439341
586,3027,2.439341
587,3019,2.432894
588,3027,2.439341
589,3007,2.423223
590,3019,2.432894
591,3011,2.426447
592,3025,2.437729
593,3019,2.432894
594,3011,2.426447
595,3019,2.432894
596,3019,2.432894
597,3019,2.432894
598,3027,2.439341
599,3019,2.432894
600,3019,2.432894
601,3019,2.432894
602,3003,2.420000
603,3017,2.431282
604,3019,2.432894
605,3019,2.432894
606,3027,2.439341
607,3011,2.426447
608,3019,2.432894
609,3019,2.432894
610,3027,2.439341
611,3027,2.439341
612,3040,2.449817
613,3019,2.432894
614,3027,2.439341
615,3027,2.439341
616,3019,2.432894
617,3041,2.450623
618,3019,2.432894
619,3019,2.432894
620,3019,2.432894
621,3011,2.426447
622,3011,2.426447
623,3019,2.432894
624,3017,2.431282
625,3019,2.432894
626,3019,2.432894
627,3017,2.431282
628,3019,2.432894
629,3011,2.426447
630,3019,2.432894
631,3011,2.426447
632,3027,2.439341
633,3027,2.439341
634,3019,2.432894
635,3019,2.432894
636,3019,2.432894
637,3007,2.423223
638,3019,2.432894
639,3003,2.420000
640,3019,2.432894
641,3019,2.432894
642,3019,2.432894
643,3017,2.431282
644,3019,2.432894
645,3035,2.445788
646,3027,2.439341
647,3041,2.450623
648,3033,2.444176
649,3041,2.450623
650,3019,2.432894
651,3019,2.432894
652,3027,2.439341
653,3027,2.439341
654,3019,2.432894
655,3019,2.432894
656,3019,2.432894
657,3019,2.432894
658,3019,2.432894
659,3011,2.426447
660,3019,2.432894
661,3019,2.432894
662,3033,2.444176
663,3027,2.439341
664,3033,2.444176
665,3011,2.426447
666,3019,2.432894
667,3027,2.439341
668,3019,2.432894
669,3027,2.439341
670,3027,2.439341
671,3019,2.432894
672,3019,2.432894
673,3017,2.431282
674,3019,2.432894
675,3019,2.432894
676,3011,2.426447
677,3019,2.432894
678,3025,2.437729
679,3019,2.432894
680,3027,2.439341
681,3025,2.437729
682,3019,2.432894
683,3017,2.431282
684,3017,2.431282
685,3011,2.426447
686,3019,2.432894
687,3019,2.432894
688,3027,2.439341
689,3027,2.439341
690,3041,2.450623
691,3033,2.444176
692,3027,2.439341
693,3033,2.444176
694,3019,2.432894
695,3027,2.439341
696,3027,2.439341
697,3027,2.439341
698,3027,2.439341
699,3027,2.439341
700,3019,2.432894
701,3019,2.432894
702,3027,2.439341
703,3019,2.432894
704,3033,2.444176
705,3027,2.439341
706,3019,2.432894
707,3027,2.439341
708,3027,2.439341
709,3027,2.439341
710,3035,2.445788
711,3027,2.439341
712,3041,2.450623
713,3041,2.450623
714,3035,2.445788
715,3041,2.450623
716,3033,2.444176
717,3033,2.444176
718,3033,2.444176
719,3027,2.439341
720,3043,2.452234
721,3049,2.457070
722,3043,2.452234
723,3041,2.450623
724,3041,2.450623
725,3041,2.450623
726,3041,2.450623
727,3033,2.444176
728,3027,2.439341
729,3027,2.439341
730,3041,2.450623
731,3019,2.432894
732,3019,2.432894
733,3019,2.432894
734,3040,2.449817
735,3027,2.439341
736,3027,2.439341
737,3019,2.432894
738,3033,2.444176
739,3041,2.450623
740,3027,2.439341
741,3027,2.439341
742,3027,2.439341
743,3027,2.439341
744,3035,2.445788
745,3019,2.432894
746,3027,2.439341
747,3027,2.439341
748,3027,2.439341
749,3035,2.445788
750,3019,2.432894
751,3027,2.439341
752,3019,2.432894
753,3027,2.439341
754,3035,2.445788
755,3033,2.444176
756,3025,2.437729
757,3033,2.444176
758,3027,2.439341
759,3027,2.439341
760,3041,2.450623
761,3019,2.432894
762,3025,2.437729
763,3019,2.432894
764,3041,2.450623
765,3027,2.439341
766,3019,2.432894
767,3019,2.432894
768,3027,2.439341
769,3041,2.450623
770,3041,2.450623
771,3041,2.450623
772,3041,2.450623
773,3041,2.450623
774,3033,2.444176
775,3041,2.450623
776,3041,2.450623
777,3035,2.445788
778,3033,2.444176
779,3043,2.452234
780,3033,2.444176
781,3041,2.450623
782,3027,2.439341
783,3041,2.450623
784,3027,2.439341
785,3043,2.452234
786,3043,2.452234
787,3041,2.450623
788,3041,2.450623
789,3027,2.439341
790,3027,2.439341
791,3027,2.439341
792,3035,2.445788
793,3043,2.452234
794,3027,2.439341
795,3027,2.439341
796,3041,2.450623
797,3041,2.450623
798,3041,2.450623
799,3027,2.439341
800,3041,2.450623
801,3043,2.452234
802,3043,2.452234
803,3041,2.450623
804,3043,2.452234
805,3049,2.457070
806,3041,2.450623
807,3027,2.439341
808,3033,2.444176
809,3043,2.452234
810,3043,2.452234
811,3049,2.457070
812,3049,2.457070
813,3041,2.450623
814,3043,2.452234
815,3043,2.452234
816,3027,2.439341
817,3072,2.475604
818,3027,2.439341
819,3027,2.439341
820,3027,2.439341
821,3041,2.450623
822,3027,2.439341
823,3035,2.445788
824,3035,2.445788
825,3041,2.450623
826,3072,2.475604
827,3043,2.452234
828,3041,2.450623
829,3043,2.452234
830,3041,2.450623
831,3043,2.452234
832,3043,2.452234
833,3043,2.452234
834,3072,2.475604
835,3072,2.475604
836,3072,2.475604
837,3072,2.475604
838,3072,2.475604
839,3072,2.475604
840,3041,2.450623
841,3072,2.475604
842,3043,2.452234
843,3043,2.452234
844,3051,2.458681
845,3072,2.475604
846,3072,2.475604
847,3043,2.452234
848,3049,2.457070
849,3072,2.475604
850,3072,2.475604
851,3043,2.452234
852,3072,2.475604
853,3072,2.475604
854,3072,2.475604
855,3072,2.475604
856,3072,2.475604
857,3072,2.475604
858,3072,2.475604
859,3072,2.475604
860,3072,2.475604
861,3072,2.475604
862,3072,2.475604
863,3072,2.475604
864,3072,2.475604
865,3072,2.475604
866,3051,2.458681
867,3072,2.475604
868,3049,2.457070
869,3043,2.452234
870,3072,2.475604
871,3043,2.452234
872,3043,2.452234
873,3043,2.452234
874,3072,2.475604
875,3051,2.458681
876,3051,2.458681
877,3041,2.450623
878,3043,2.452234
879,3043,2.452234
880,3035,2.445788
881,3043,2.452234
882,3072,2.475604
883,3043,2.452234
884,3043,2.452234
885,3049,2.457070
886,3043,2.452234
887,3041,2.450623
888,3049,2.457070
889,3043,2.452234
890,3043,2.452234
891,3043,2.452234
892,3072,2.475604
893,3043,2.452234
894,3072,2.475604
895,3049,2.457070
896,3041,2.450623
897,3049,2.457070
898,3072,2.475604
899,3051,2.458681
900,3072,2.475604
901,3072,2.475604
902,3072,2.475604
903,3051,2.458681
904,3072,2.475604
905,3043,2.452234
906,3072,2.475604
907,3043,2.452234
908,3043,2.452234
909,3072,2.475604
910,3072,2.475604
911,3043,2.452234
912,3043,2.452234
913,3072,2.475604
914,3072,2.475604
915,3072,2.475604
916,3072,2.475604
917,3043,2.452234
918,3043,2.452234
919,3043,2.452234
920,3049,2.457070
921,3043,2.452234
922,3049,2.457070
923,3072,2.475604
924,3072,2.475604
925,3051,2.458681
926,3041,2.450623
927,3072,2.475604
928,3072,2.475604
929,3051,2.458681
930,3043,2.452234
931,3041,2.450623
932,3072,2.475604
933,3041,2.450623
934,3072,2.475604
935,3072,2.475604
936,3072,2.475604
937,3041,2.450623
938,3072,2.475604
939,3072,2.475604
940,3072,2.475604
941,3072,2.475604
942,3072,2.475604
943,3072,2.475604
944,3072,2.475604
945,3072,2.475604
946,3072,2.475604
947,3049,2.457070
948,3072,2.475604
949,3072,2.475604
950,3049,2.457070
951,3072,2.475604
952,3072,2.475604
953,3072,2.475604
954,3072,2.475604
955,3043,2.452234
956,3072,2.475604
957,3073,2.476410
958,3072,2.475604
959,3051,2.458681
960,3073,2.476410
961,3073,2.476410
962,3072,2.475604
963,3072,2.475604
964,3072,2.475604
965,3072,2.475604
966,3072,2.475604
967,3072,2.475604
968,3072,2.475604
969,3051,2.458681
970,3073,2.476410
971,3073,2.476410
972,3072,2.475604
973,3043,2.452234
974,3072,2.475604
975,3072,2.475604
976,3072,2.475604
977,3072,2.475604
978,3072,2.475604
979,3072,2.475604
980,3072,2.475604
981,3072,2.475604
982,3072,2.475604
983,3072,2.475604
984,3072,2.475604
985,3072,2.475604
986,3072,2.475604
987,3072,2.475604
988,3081,2.482857
989,3072,2.475604
990,3072,2.475604
991,3072,2.475604
992,3075,2.478022
993,3073,2.476410
994,3073,2.476410
995,3073,2.476410
996,3075,2.478022
997,3072,2.475604
998,3075,2.478022
999,3075,2.478022
1000,3073,2.476410
1001,3075,2.478022
1002,3075,2.478022
1003,3072,2.475604
1004,3073,2.476410
1005,3072,2.475604
1006,3073,2.476410
1007,3072,2.475604
1008,3072,2.475604
1009,3072,2.475604
1010,3072,2.475604
1011,3073,2.476410
1012,3072,2.475604
1013,3075,2.478022
1014,3075,2.478022
1015,3073,2.476410
1016,3083,2.484469
1017,3083,2.484469
1018,3075,2.478022
1019,3075,2.478022
1020,3075,2.478022
1021,3072,2.475604
1022,3073,2.476410
1023,3072,2.475604
1024,3073,2.476410
1025,3073,2.476410
1026,3072,2.475604
1027,3072,2.475604
1028,3072,2.475604
1029,3073,2.476410
1030,3075,2.478022
1031,3072,2.475604
1032,3073,2.476410
1033,3073,2.476410
1034,3083,2.484469
1035,3073,2.476410
1036,3073,2.476410
1037,3083,2.484469
1038,3075,2.478022
1039,3081,2.482857
1040,3083,2.484469
1041,3073,2.476410
1042,3073,2.476410
1043,3073,2.476410
1044,3072,2.475604
1045,3073,2.476410
1046,3075,2.478022
1047,3075,2.478022
1048,3083,2.484469
1049,3075,2.478022
1050,3073,2.476410
1051,3073,2.476410
1052,3075,2.478022
1053,3075,2.478022
1054,3075,2.478022
1055,3081,2.482857
1056,3073,2.476410
1057,3073,2.476410
1058,3081,2.482857
1059,3075,2.478022
1060,3075,2.478022
1061,3075,2.478022
1062,3075,2.478022
1063,3083,2.484469
1064,3075,2.478022
1065,3075,2.478022
1066,3073,2.476410
1067,3083,2.484469
1068,3075,2.478022
1069,3073,2.476410
1070,3091,2.490916
1071,3091,2.490916
1072,3075,2.478022
1073,3083,2.484469
1074,3083,2.484469
1075,3075,2.478022
1076,3091,2.490916
1077,3075,2.478022
1078,3083,2.484469
1079,3081,2.482857
1080,3073,2.476410
1081,3075,2.478022
1082,3075,2.478022
1083,3075,2.478022
1084,3091,2.490916
1085,3083,2.484469
1086,3089,2.489304
1087,3081,2.482857
1088,3091,2.490916
1089,3083,2.484469
1090,3075,2.478022
1091,3081,2.482857
1092,3083,2.484469
1093,3083,2.484469
1094,3083,2.484469
1095,3091,2.490916
1096,3075,2.478022
1097,3083,2.484469
1098,3081,2.482857
1099,3075,2.478022
1100,3075,2.478022
1101,3083,2.484469
1102,3091,2.490916
1103,3075,2.478022
1104,3091,2.490916
1105,3083,2.484469
1106,3075,2.478022
1107,3083,2.484469
1108,3091,2.490916
1109,3083,2.484469
1110,3083,2.484469
1111,3083,2.484469
1112,3081,2.482857
1113,3083,2.484469
1114,3075,2.478022
1115,3091,2.490916
1116,3083,2.484469
1117,3083,2.484469
1118,3083,2.484469
1119,3083,2.484469
1120,3083,2.484469
1121,3091,2.490916
1122,3097,2.495751
1123,3083,2.484469
1124,3091,2.490916
1125,3097,2.495751
1126,3075,2.478022
1127,3089,2.489304
1128,3091,2.490916
1129,3075,2.478022
1130,3091,2.490916
1131,3091,2.490916
1132,3091,2.490916
1133,3091,2.490916
1134,3105,2.502198
1135,3083,2.484469
1136,3083,2.484469
1137,3083,2.484469
1138,3083,2.484469
1139,3091,2.490916
1140,3091,2.490916
1141,3089,2.489304
1142,3083,2.484469
1143,3091,2.490916
1144,3105,2.502198
1145,3091,2.490916
1146,3091,2.490916
1147,3091,2.490916
1148,3091,2.490916
1149,3091,2.490916
1150,3105,2.502198
1151,3083,2.484469
1152,3099,2.497363
1153,3091,2.490916
1154,3097,2.495751
1155,3097,2.495751
1156,3105,2.502198
1157,3105,2.502198
1158,3091,2.490916
1159,3105,2.502198
1160,3105,2.502198
1161,3099,2.497363
1162,3107,2.503810
1163,3091,2.490916
1164,3105,2.502198
1165,3105,2.502198
1166,3091,2.490916
1167,3091,2.490916
1168,3105,2.502198
1169,3091,2.490916
1170,3083,2.484469
1171,3083,2.484469
1172,3091,2.490916
1173,3099,2.497363
1174,3105,2.502198
1175,3091,2.490916
1176,3099,2.497363
1177,3091,2.490916
1178,3099,2.497363
1179,3105,2.502198
1180,3107,2.503810
1181,3091,2.490916
1182,3105,2.502198
1183,3091,2.490916
1184,3091,2.490916
1185,3083,2.484469
1186,3091,2.490916
1187,3083,2.484469
1188,3091,2.490916
1189,3107,2.503810
1190,3099,2.497363
1191,3105,2.502198
1192,3107,2.503810
1193,3105,2.502198
1194,3105,2.502198
1195,3113,2.508645
1196,3107,2.503810
1197,3083,2.484469
1198,3091,2.490916
1199,3107,2.503810
1200,3107,2.503810
1201,3099,2.497363
1202,3091,2.490916
1203,3099,2.497363
1204,3091,2.490916
1205,3105,2.502198
1206,3107,2.503810
1207,3105,2.502198
1208,3105,2.502198
1209,3113,2.508645
1210,3091,2.490916
1211,3097,2.495751
1212,3097,2.495751
1213,3105,2.502198
1214,3105,2.502198
1215,3091,2.490916
1216,3105,2.502198
1217,3099,2.497363
1218,3105,2.502198
1219,3105,2.502198
1220,3097,2.495751
1221,3107,2.503810
1222,3091,2.490916
1223,3105,2.502198
1224,3105,2.502198
1225,3105,2.502198
1226,3097,2.495751
1227,3091,2.490916
1228,3099,2.497363
1229,3107,2.503810
1230,3113,2.508645
1231,3107,2.503810
1232,3105,2.502198
1233,3105,2.502198
1234,3107,2.503810
1235,3105,2.502198
1236,3115,2.510256
1237,3099,2.497363
1238,3107,2.503810
1239,3113,2.508645
1240,3107,2.503810
1241,3107,2.503810
1242,3107,2.503810
1243,3099,2.497363
1244,3107,2.503810
1245,3107,2.503810
1246,3107,2.503810
1247,3115,2.510256
1248,3107,2.503810
1249,3107,2.503810
1250,3107,2.503810
1251,3107,2.503810
1252,3107,2.503810
1253,3107,2.503810
1254,3107,2.503810
1255,3115,2.510256
1256,3123,2.516703
1257,3107,2.503810
1258,3113,2.508645
1259,3115,2.510256
1260,3107,2.503810
1261,3107,2.503810
1262,3115,2.510256
1263,3107,2.503810
1264,3115,2.510256
1265,3115,2.510256
1266,3123,2.516703
1267,3113,2.508645
1268,3105,2.502198
1269,3113,2.508645
1270,3105,2.502198
1271,3123,2.516703
1272,3107,2.503810
1273,3107,2.503810
1274,3107,2.503810
1275,3107,2.503810
1276,3107,2.503810
1277,3107,2.503810
1278,3115,2.510256
1279,3123,2.516703
1280,3115,2.510256
1281,3107,2.503810
1282,3123,2.516703
1283,3115,2.510256
1284,3115,2.510256
1285,3115,2.510256
1286,3107,2.503810
1287,3115,2.510256
1288,3107,2.503810
1289,3107,2.503810
1290,3113,2.508645
1291,3115,2.510256
1292,3113,2.508645
1293,3115,2.510256
1294,3115,2.510256
1295,3123,2.516703
1296,3107,2.503810
1297,3115,2.510256
1298,3115,2.510256
1299,3115,2.510256
1300,3115,2.510256
1301,3107,2.503810
1302,3107,2.503810
1303,3123,2.516703
1304,3131,2.523150
1305,3123,2.516703
1306,3131,2.523150
1307,3115,2.510256
1308,3115,2.510256
1309,3123,2.516703
1310,3115,2.510256
1311,3123,2.516703
1312,3123,2.516703
1313,3131,2.523150
1314,3123,2.516703
1315,3123,2.516703
1316,3115,2.510256
1317,3123,2.516703
1318,3131,2.523150
1319,3115,2.510256
1320,3123,2.516703
1321,3123,2.516703
1322,3123,2.516703
1323,3129,2.521538
1324,3129,2.521538
1325,3123,2.516703
1326,3115,2.510256
1327,3123,2.516703
1328,3123,2.516703
1329,3115,2.510256
1330,3123,2.516703
1331,3123,2.516703
1332,3115,2.510256
1333,3123,2.516703
1334,3131,2.523150
1335,3123,2.516703
1336,3123,2.516703
1337,3115,2.510256
1338,3121,2.515092
1339,3121,2.515092
1340,3129,2.521538
1341,3123,2.516703
1342,3123,2.516703
1343,3123,2.516703
1344,3131,2.523150
1345,3123,2.516703
1346,3131,2.523150
1347,3131,2.523150
1348,3131,2.523150
1349,3115,2.510256
1350,3123,2.516703
1351,3123,2.516703
1352,3129,2.521538
1353,3129,2.521538
1354,3135,2.526374
1355,3115,2.510256
1356,3129,2.521538
1357,3131,2.523150
1358,3123,2.516703
1359,3123,2.516703
1360,3131,2.523150
1361,3129,2.521538
1362,3135,2.526374
1363,3123,2.516703
1364,3123,2.516703
1365,3131,2.523150
1366,3131,2.523150
1367,3129,2.521538
1368,3131,2.523150
1369,3131,2.523150
1370,3131,2.523150
1371,3131,2.523150
1372,3135,2.526374
1373,3123,2.516703
1374,3123,2.516703
1375,3129,2.521538
1376,3129,2.521538
1377,3139,2.529597
1378,3129,2.521538
1379,3131,2.523150
1380,3123,2.516703
1381,3129,2.521538
1382,3131,2.523150
1383,3131,2.523150
1384,3135,2.526374
1385,3135,2.526374
1386,3135,2.526374
1387,3129,2.521538
1388,3129,2.521538
1389,3131,2.523150
1390,3131,2.523150
1391,3131,2.523150
1392,3135,2.526374
1393,3131,2.523150
1394,3115,2.510256
1395,3131,2.523150
1396,3131,2.523150
1397,3131,2.523150
1398,3131,2.523150
1399,3131,2.523150
1400,3139,2.529597
1401,3131,2.523150
1402,3147,2.536044
1403,3135,2.526374
1404,3139,2.529597
1405,3131,2.523150
1406,3131,2.523150
1407,3131,2.523150
1408,3139,2.529597
1409,3131,2.523150
1410,3139,2.529597
1411,3131,2.523150
1412,3145,2.534432
1413,3131,2.523150
1414,3131,2.523150
1415,3123,2.516703
1416,3115,2.510256
1417,3147,2.536044
1418,3147,2.536044
1419,3123,2.516703
1420,3139,2.529597
1421,3129,2.521538
1422,3139,2.529597
1423,3131,2.523150
1424,3129,2.521538
1425,3123,2.516703
1426,3135,2.526374
1427,3131,2.523150
1428,3131,2.523150
1429,3131,2.523150
1430,3131,2.523150
1431,3123,2.516703
1432,3135,2.526374
1433,3131,2.523150
1434,3131,2.523150
1435,3131,2.523150
1436,3135,2.526374
1437,3147,2.536044
1438,3131,2.523150
1439,3115,2.510256
1440,3131,2.523150
1441,3131,2.523150
1442,3135,2.526374
1443,3135,2.526374
1444,3131,2.523150
1445,3135,2.526374
1446,3139,2.529597
1447,3131,2.523150
1448,3131,2.523150
1449,3131,2.523150
1450,3131,2.523150
1451,3129,2.521538
1452,3131,2.523150
1453,3131,2.523150
1454,3123,2.516703
1455,3131,2.523150
1456,3123,2.516703
1457,3131,2.523150
1458,3131,2.523150
1459,3129,2.521538
1460,3123,2.516703
1461,3135,2.526374
1462,3131,2.523150
1463,3129,2.521538
1464,3131,2.523150
1465,3131,2.523150
1466,3131,2.523150
1467,3129,2.521538
1468,3123,2.516703
1469,3123,2.516703
1470,3131,2.523150
1471,3139,2.529597
1472,3131,2.523150
1473,3131,2.523150
1474,3131,2.523150
1475,3123,2.516703
1476,3131,2.523150
1477,3135,2.526374
1478,3131,2.523150
1479,3131,2.523150
1480,3131,2.523150
1481,3131,2.523150
1482,3129,2.521538
1483,3131,2.523150
1484,3131,2.523150
1485,3147,2.536044
1486,3135,2.526374
1487,3135,2.526374
1488,3139,2.529597
1489,3131,2.523150
1490,3131,2.523150
1491,3131,2.523150
1492,3131,2.523150
1493,3123,2.516703
1494,3131,2.523150
1495,3131,2.523150
1496,3131,2.523150
1497,3123,2.516703
1498,3115,2.510256
1499,3131,2.523150
1500,3135,2.526374
1501,3123,2.516703
1502,3131,2.523150
1503,3131,2.523150
1504,3123,2.516703
1505,3135,2.526374
1506,3131,2.523150
1507,3131,2.523150
1508,3131,2.523150
1509,3139,2.529597
1510,3139,2.529597
1511,3131,2.523150
1512,3123,2.516703
1513,3131,2.523150
1514,3131,2.523150
1515,3123,2.516703
1516,3129,2.521538
1517,3129,2.521538
1518,3131,2.523150
1519,3129,2.521538
1520,3131,2.523150
1521,3131,2.523150
1522,3131,2.523150
1523,3131,2.523150
1524,3131,2.523150
1525,3123,2.516703
1526,3129,2.521538
1527,3131,2.523150
1528,3131,2.523150
1529,3123,2.516703
1530,3123,2.516703
1531,3131,2.523150
1532,3131,2.523150
1533,3131,2.523150
1534,3131,2.523150
1535,3131,2.523150
1536,3131,2.523150
1537,3131,2.523150
1538,3123,2.516703
1539,3131,2.523150
1540,3129,2.521538
1541,3131,2.523150
1542,3135,2.526374
1543,3131,2.523150
1544,3129,2.521538
1545,3123,2.516703
1546,3131,2.523150
1547,3131,2.523150
1548,3131,2.523150
1549,3131,2.523150
1550,3131,2.523150
1551,3131,2.523150
1552,3129,2.521538
1553,3123,2.516703
1554,3131,2.523150
1555,3131,2.523150
1556,3131,2.523150
1557,3131,2.523150
1558,3123,2.516703
1559,3115,2.510256
1560,3131,2.523150
1561,3129,2.521538
1562,3115,2.510256
1563,3135,2.526374
1564,3131,2.523150
1565,3131,2.523150
1566,3123,2.516703
1567,3115,2.510256
1568,3135,2.526374
1569,3123,2.516703
1570,3131,2.523150
1571,3131,2.523150
1572,3123,2.516703
1573,3131,2.523150
1574,3115,2.510256
1575,3131,2.523150
1576,3135,2.526374
1577,3123,2.516703
1578,3123,2.516703
1579,3131,2.523150
1580,3123,2.516703
1581,3131,2.523150
1582,3135,2.526374
1583,3123,2.516703
1584,3123,2.516703
1585,3131,2.523150
1586,3123,2.516703
1587,3123,2.516703
1588,3131,2.523150
1589,3123,2.516703
1590,3123,2.516703
1591,3123,2.516703
1592,3131,2.523150
1593,3123,2.516703
1594,3131,2.523150
1595,3107,2.503810
1596,3123,2.516703
1597,3115,2.510256
1598,3115,2.510256
1599,3123,2.516703
1600,3115,2.510256
1601,3123,2.516703
1602,3129,2.521538
1603,3123,2.516703
1604,3123,2.516703
1605,3123,2.516703
1606,3123,2.516703
1607,3123,2.516703
1608,3115,2.510256
1609,3123,2.516703
1610,3129,2.521538
1611,3115,2.510256
1612,3131,2.523150
1613,3123,2.516703
1614,3115,2.510256
1615,3123,2.516703
1616,3131,2.523150
1617,3131,2.523150
1618,3115,2.510256
1619,3115,2.510256
1620,3115,2.510256
1621,3123,2.516703
1622,3107,2.503810
1623,3123,2.516703
1624,3115,2.510256
1625,3107,2.503810
1626,3115,2.510256
1627,3123,2.516703
1628,3115,2.510256
1629,3115,2.510256
1630,3123,2.516703
1631,3115,2.510256
1632,3129,2.521538
1633,3115,2.510256
1634,3113,2.508645
1635,3115,2.510256
1636,3123,2.516703
1637,3123,2.516703
1638,3107,2.503810
1639,3115,2.510256
1640,3115,2.510256
1641,3115,2.510256
1642,3115,2.510256
1643,3115,2.510256
1644,3115,2.510256
1645,3115,2.510256
1646,3123,2.516703
1647,3115,2.510256
1648,3097,2.495751
1649,3115,2.510256
1650,3115,2.510256
1651,3105,2.502198
1652,3123,2.516703
1653,3115,2.510256
1654,3115,2.510256
1655,3115,2.510256
1656,3113,2.508645
1657,3123,2.516703
1658,3115,2.510256
1659,3099,2.497363
1660,3115,2.510256
1661,3115,2.510256
1662,3115,2.510256
1663,3105,2.502198
1664,3107,2.503810
1665,3123,2.516703
1666,3115,2.510256
1667,3115,2.510256
1668,3115,2.510256
1669,3115,2.510256
1670,3107,2.503810
1671,3107,2.503810
1672,3115,2.510256
1673,3115,2.510256
1674,3105,2.502198
1675,3107,2.503810
1676,3099,2.497363
1677,3107,2.503810
1678,3123,2.516703
1679,3113,2.508645
1680,3105,2.502198
1681,3099,2.497363
1682,3105,2.502198
1683,3115,2.510256
1684,3107,2.503810
1685,3105,2.502198
1686,3107,2.503810
1687,3107,2.503810
1688,3097,2.495751
1689,3105,2.502198
1690,3107,2.503810
1691,3105,2.502198
1692,3115,2.510256
1693,3105,2.502198
1694,3107,2.503810
1695,3107,2.503810
1696,3107,2.503810
1697,3105,2.502198
1698,3105,2.502198
1699,3107,2.503810
1700,3099,2.497363
1701,3097,2.495751
1702,3105,2.502198
1703,3107,2.503810
1704,3105,2.502198
1705,3099,2.497363
1706,3091,2.490916
1707,3107,2.503810
1708,3091,2.490916
1709,3099,2.497363
1710,3107,2.503810
1711,3099,2.497363
1712,3105,2.502198
1713,3105,2.502198
1714,3105,2.502198
1715,3091,2.490916
1716,3105,2.502198
1717,3105,2.502198
1718,3091,2.490916
1719,3099,2.497363
1720,3105,2.502198
1721,3083,2.484469
1722,3107,2.503810
1723,3105,2.502198
1724,3105,2.502198
1725,3091,2.490916
1726,3105,2.502198
1727,3105,2.502198
1728,3105,2.502198
1729,3091,2.490916
1730,3105,2.502198
1731,3091,2.490916
1732,3091,2.490916
1733,3091,2.490916
1734,3089,2.489304
1735,3083,2.484469
1736,3091,2.490916
1737,3105,2.502198
1738,3083,2.484469
1739,3083,2.484469
1740,3081,2.482857
1741,3105,2.502198
1742,3091,2.490916
1743,3091,2.490916
1744,3091,2.490916
1745,3083,2.484469
1746,3083,2.484469
1747,3083,2.484469
1748,3099,2.497363
1749,3091,2.490916
1750,3097,2.495751
1751,3075,2.478022
1752,3075,2.478022
1753,3075,2.478022
1754,3075,2.478022
1755,3083,2.484469
1756,3091,2.490916
1757,3083,2.484469
1758,3091,2.490916
1759,3075,2.478022
1760,3081,2.482857
1761,3083,2.484469
1762,3083,2.484469
1763,3083,2.484469
1764,3083,2.484469
1765,3083,2.484469
1766,3083,2.484469
1767,3091,2.490916
1768,3083,2.484469
1769,3075,2.478022
1770,3083,2.484469
1771,3083,2.484469
1772,3075,2.478022
1773,3075,2.478022
1774,3083,2.484469
1775,3075,2.478022
1776,3073,2.476410
1777,3075,2.478022
1778,3075,2.478022
1779,3081,2.482857
1780,3075,2.478022
1781,3075,2.478022
1782,3083,2.484469
1783,3073,2.476410
1784,3083,2.484469
1785,3075,2.478022
1786,3083,2.484469
1787,3075,2.478022
1788,3083,2.484469
1789,3075,2.478022
1790,3075,2.478022
1791,3075,2.478022
1792,3073,2.476410
1793,3073,2.476410
1794,3075,2.478022
1795,3073,2.476410
1796,3081,2.482857
1797,3075,2.478022
1798,3073,2.476410
1799,3081,2.482857
1800,3075,2.478022
1801,3075,2.478022
1802,3072,2.475604
1803,3075,2.478022
1804,3075,2.478022
1805,3073,2.476410
1806,3072,2.475604
1807,3073,2.476410
1808,3073,2.476410
1809,3073,2.476410
1810,3073,2.476410
1811,3073,2.476410
1812,3083,2.484469
1813,3073,2.476410
1814,3073,2.476410
1815,3072,2.475604
1816,3075,2.478022
1817,3073,2.476410
1818,3072,2.475604
1819,3073,2.476410
1820,3073,2.476410
1821,3073,2.476410
1822,3075,2.478022
1823,3072,2.475604
1824,3075,2.478022
1825,3072,2.475604
1826,3072,2.475604
1827,3072,2.475604
1828,3073,2.476410
1829,3073,2.476410
1830,3073,2.476410
1831,3073,2.476410
1832,3073,2.476410
1833,3072,2.475604
1834,3073,2.476410
1835,3072,2.475604
1836,3073,2.476410
1837,3072,2.475604
1838,3072,2.475604
1839,3072,2.475604
1840,3073,2.476410
1841,3072,2.475604
1842,3073,2.476410
1843,3072,2.475604
1844,3072,2.475604
1845,3072,2.475604
1846,3072,2.475604
1847,3073,2.476410
1848,3072,2.475604
1849,3075,2.478022
1850,3072,2.475604
1851,3073,2.476410
1852,3072,2.475604
1853,3072,2.475604
1854,3072,2.475604
1855,3073,2.476410
1856,3073,2.476410
1857,3072,2.475604
1858,3072,2.475604
1859,3072,2.475604
1860,3072,2.475604
1861,3072,2.475604
1862,3073,2.476410
1863,3072,2.475604
1864,3073,2.476410
1865,3072,2.475604
1866,3073,2.476410
1867,3072,2.475604
1868,3072,2.475604
1869,3072,2.475604
1870,3072,2.475604
1871,3049,2.457070
1872,3072,2.475604
1873,3072,2.475604
1874,3072,2.475604
1875,3072,2.475604
1876,3072,2.475604
1877,3072,2.475604
1878,3072,2.475604
1879,3072,2.475604
1880,3072,2.475604
1881,3051,2.458681
1882,3072,2.475604
1883,3072,2.475604
1884,3072,2.475604
1885,3049,2.457070
1886,3049,2.457070
1887,3072,2.475604
1888,3072,2.475604
1889,3072,2.475604
1890,3075,2.478022
1891,3072,2.475604
1892,3072,2.475604
1893,3072,2.475604
1894,3072,2.475604
1895,3072,2.475604
1896,3072,2.475604
1897,3072,2.475604
1898,3072,2.475604
1899,3072,2.475604
1900,3072,2.475604
1901,3072,2.475604
1902,3072,2.475604
1903,3072,2.475604
1904,3072,2.475604
1905,3072,2.475604
1906,3072,2.475604
1907,3072,2.475604
1908,3072,2.475604
1909,3072,2.475604
1910,3072,2.475604
1911,3072,2.475604
1912,3072,2.475604
1913,3043,2.452234
1914,3072,2.475604
1915,3072,2.475604
1916,3072,2.475604
1917,3072,2.475604
1918,3072,2.475604
1919,3072,2.475604
1920,3073,2.476410
1921,3072,2.475604
1922,3072,2.475604
1923,3072,2.475604
1924,3072,2.475604
1925,3072,2.475604
1926,3072,2.475604
1927,3072,2.475604
1928,3072,2.475604
1929,3072,2.475604
1930,3072,2.475604
1931,3072,2.475604
1932,3072,2.475604
1933,3072,2.475604
1934,3072,2.475604
1935,3051,2.458681
1936,3051,2.458681
1937,3051,2.458681
1938,3072,2.475604
1939,3072,2.475604
1940,3072,2.475604
1941,3072,2.475604
1942,3072,2.475604
1943,3072,2.475604
1944,3072,2.475604
1945,3073,2.476410
1946,3072,2.475604
1947,3043,2.452234
1948,3072,2.475604
1949,3072,2.475604
1950,3043,2.452234
1951,3051,2.458681
1952,3072,2.475604
1953,3072,2.475604
1954,3072,2.475604
1955,3072,2.475604
1956,3072,2.475604
1957,3072,2.475604
1958,3051,2.458681
1959,3072,2.475604
1960,3072,2.475604
1961,3072,2.475604
1962,3072,2.475604
1963,3072,2.475604
1964,3073,2.476410
1965,3072,2.475604
1966,3072,2.475604
1967,3072,2.475604
1968,3072,2.475604
1969,3073,2.476410
1970,3072,2.475604
1971,3072,2.475604
1972,3072,2.475604
1973,3072,2.475604
1974,3072,2.475604
1975,3072,2.475604
1976,3049,2.457070
1977,3072,2.475604
1978,3075,2.478022
1979,3072,2.475604
1980,3072,2.475604
1981,3072,2.475604
1982,3072,2.475604
1983,3049,2.457070
1984,3072,2.475604
1985,3072,2.475604
1986,3072,2.475604
1987,3072,2.475604
1988,3072,2.475604
1989,3072,2.475604
1990,3073,2.476410
1991,3072,2.475604
1992,3072,2.475604
1993,3051,2.458681
1994,3072,2.475604
1995,3072,2.475604
1996,3072,2.475604
1997,3072,2.475604
1998,3072,2.475604
1999,3072,2.475604
2000,3072,2.475604
2001,3073,2.476410
2002,3072,2.475604
2003,3072,2.475604
2004,3072,2.475604
2005,3072,2.475604
2006,3072,2.475604
2007,3072,2.475604
2008,3072,2.475604
2009,3073,2.476410
2010,3075,2.478022
2011,3072,2.475604
2012,3072,2.475604
2013,3072,2.475604
2014,3049,2.457070
2015,3072,2.475604
2016,3072,2.475604
2017,3072,2.475604
2018,3072,2.475604
2019,3072,2.475604
2020,3072,2.475604
2021,3072,2.475604
2022,3072,2.475604
2023,3072,2.475604
2024,3072,2.475604
2025,3072,2.475604
2026,3072,2.475604
2027,3072,2.475604
2028,3072,2.475604
2029,3072,2.475604
2030,3072,2.475604
2031,3072,2.475604
2032,3072,2.475604
2033,3051,2.458681
2034,3072,2.475604
2035,3072,2.475604
2036,3073,2.476410
2037,3072,2.475604
2038,3072,2.475604
2039,3072,2.475604
2040,3072,2.475604
2041,3072,2.475604
2042,3072,2.475604
2043,3051,2.458681
2044,3072,2.475604
2045,3072,2.475604
2046,3072,2.475604
2047,3043,2.452234
2048,3072,2.475604
2049,3072,2.475604
2050,3072,2.475604
2051,3072,2.475604
2052,3073,2.476410
2053,3075,2.478022
2054,3072,2.475604
2055,3072,2.475604
2056,3072,2.475604
2057,3072,2.475604
2058,3073,2.476410
2059,3073,2.476410
2060,3072,2.475604
2061,3072,2.475604
2062,3073,2.476410
2063,3073,2.476410
2064,3072,2.475604
2065,3073,2.476410
2066,3075,2.478022
2067,3072,2.475604
2068,3073,2.476410
2069,3072,2.475604
2070,3073,2.476410
2071,3075,2.478022
2072,3073,2.476410
2073,3073,2.476410
2074,3073,2.476410
2075,3075,2.478022
2076,3075,2.478022
2077,3075,2.478022
2078,3075,2.478022
2079,3073,2.476410
2080,3072,2.475604
2081,3075,2.478022
2082,3073,2.476410
2083,3073,2.476410
2084,3075,2.478022
2085,3075,2.478022
2086,3073,2.476410
2087,3075,2.478022
2088,3083,2.484469
2089,3073,2.476410
2090,3075,2.478022
2091,3075,2.478022
2092,3083,2.484469
2093,3083,2.484469
2094,3073,2.476410
2095,3083,2.484469
2096,3083,2.484469
2097,3075,2.478022
2098,3075,2.478022
2099,3083,2.484469
2100,3073,2.476410
2101,3075,2.478022
2102,3083,2.484469
2103,3073,2.476410
2104,3083,2.484469
2105,3081,2.482857
2106,3083,2.484469
2107,3091,2.490916
2108,3075,2.478022
2109,3091,2.490916
2110,3075,2.478022
2111,3091,2.490916
2112,3089,2.489304
2113,3083,2.484469
2114,3083,2.484469
2115,3091,2.490916
2116,3091,2.490916
2117,3083,2.484469
2118,3091,2.490916
2119,3091,2.490916
2120,3105,2.502198
2121,3091,2.490916
2122,3091,2.490916
2123,3091,2.490916
2124,3091,2.490916
2125,3091,2.490916
2126,3107,2.503810
2127,3105,2.502198
2128,3105,2.502198
2129,3107,2.503810
2130,3105,2.502198
2131,3083,2.484469
2132,3091,2.490916
2133,3107,2.503810
2134,3105,2.502198
2135,3091,2.490916
2136,3105,2.502198
2137,3105,2.502198
2138,3099,2.497363
2139,3091,2.490916
2140,3105,2.502198
2141,3105,2.502198
2142,3105,2.502198
2143,3113,2.508645
2144,3107,2.503810
2145,3107,2.503810
2146,3107,2.503810
2147,3105,2.502198
2148,3107,2.503810
2149,3105,2.502198
2150,3115,2.510256
2151,3105,2.502198
2152,3107,2.503810
2153,3115,2.510256
2154,3107,2.503810
2155,3113,2.508645
2156,3107,2.503810
2157,3115,2.510256
2158,3107,2.503810
2159,3115,2.510256
2160,3107,2.503810
2161,3107,2.503810
2162,3123,2.516703
2163,3115,2.510256
2164,3115,2.510256
2165,3105,2.502198
2166,3123,2.516703
2167,3115,2.510256
2168,3123,2.516703
2169,3115,2.510256
2170,3123,2.516703
2171,3123,2.516703
2172,3123,2.516703
2173,3115,2.510256
2174,3115,2.510256
2175,3115,2.510256
2176,3115,2.510256
2177,3115,2.510256
2178,3123,2.516703
2179,3123,2.516703
2180,3123,2.516703
2181,3123,2.516703
2182,3107,2.503810
2183,3115,2.510256
2184,3123,2.516703
2185,3123,2.516703
2186,3115,2.510256
2187,3123,2.516703
2188,3123,2.516703
2189,3115,2.510256
2190,3115,2.510256
2191,3123,2.516703
2192,3131,2.523150
2193,3131,2.523150
2194,3131,2.523150
2195,3131,2.523150
2196,3115,2.510256
2197,3115,2.510256
2198,3123,2.516703
2199,3123,2.516703
2200,3123,2.516703
2201,3123,2.516703
2202,3123,2.516703
2203,3115,2.510256
2204,3123,2.516703
2205,3129,2.521538
2206,3131,2.523150
2207,3123,2.516703
2208,3123,2.516703
2209,3123,2.516703
2210,3123,2.516703
2211,3123,2.516703
2212,3123,2.516703
2213,3129,2.521538
2214,3131,2.523150
2215,3115,2.510256
2216,3115,2.510256
2217,3123,2.516703
2218,3123,2.516703
2219,3123,2.516703
2220,3123,2.516703
2221,3115,2.510256
2222,3131,2.523150
2223,3123,2.516703
2224,3115,2.510256
2225,3107,2.503810
2226,3115,2.510256
2227,3131,2.523150
2228,3115,2.510256
2229,3123,2.516703
2230,3107,2.503810
2231,3123,2.516703
2232,3115,2.510256
2233,3115,2.510256
2234,3115,2.510256
2235,3105,2.502198
2236,3115,2.510256
2237,3115,2.510256
2238,3115,2.510256
2239,3107,2.503810
2240,3107,2.503810
2241,3107,2.503810
2242,3115,2.510256
2243,3107,2.503810
2244,3115,2.510256
2245,3105,2.502198
2246,3115,2.510256
2247,3113,2.508645
2248,3107,2.503810
2249,3091,2.490916
2250,3107,2.503810
2251,3099,2.497363
2252,3107,2.503810
2253,3105,2.502198
2254,3107,2.503810
2255,3091,2.490916
2256,3083,2.484469
2257,3091,2.490916
2258,3099,2.497363
2259,3091,2.490916
2260,3091,2.490916
2261,3091,2.490916
2262,3091,2.490916
2263,3105,2.502198
2264,3105,2.502198
2265,3091,2.490916
2266,3083,2.484469
2267,3075,2.478022
2268,3083,2.484469
2269,3075,2.478022
2270,3075,2.478022
2271,3073,2.476410
2272,3083,2.484469
2273,3083,2.484469
2274,3083,2.484469
2275,3075,2.478022
2276,3075,2.478022
2277,3072,2.475604
2278,3083,2.484469
2279,3073,2.476410
2280,3073,2.476410
2281,3075,2.478022
2282,3072,2.475604
2283,3073,2.476410
2284,3072,2.475604
2285,3072,2.475604
2286,3072,2.475604
2287,3072,2.475604
2288,3072,2.475604
2289,3072,2.475604
2290,3072,2.475604
2291,3043,2.452234
2292,3043,2.452234
2293,3041,2.450623
2294,3041,2.450623
2295,3027,2.439341
2296,3027,2.439341
2297,3033,2.444176
2298,3041,2.450623
2299,3041,2.450623
2300,3027,2.439341
2301,3041,2.450623
2302,3041,2.450623
2303,3019,2.432894
2304,3019,2.432894
2305,3017,2.431282
2306,3017,2.431282
2307,3003,2.420000
2308,3003,2.420000
2309,3003,2.420000
2310,3001,2.418388
2311,3003,2.420000
2312,2995,2.413553
2313,3003,2.420000
2314,2987,2.407106
2315,2987,2.407106
2316,2995,2.413553
2317,2987,2.407106
2318,2979,2.400659
2319,2987,2.407106
2320,2987,2.407106
2321,2977,2.399048
2322,2977,2.399048
2323,2987,2.407106
2324,2977,2.399048
2325,2979,2.400659
2326,2971,2.394212
2327,2963,2.387766
2328,2963,2.387766
2329,2963,2.387766
2330,2977,2.399048
2331,2955,2.381319
2332,2977,2.399048
2333,2963,2.387766
2334,2977,2.399048
2335,2977,2.399048
2336,2977,2.399048
2337,2963,2.387766
2338,2979,2.400659
2339,2979,2.400659
2340,2977,2.399048
2341,2971,2.394212
2342,2979,2.400659
2343,2979,2.400659
2344,2979,2.400659
2345,2987,2.407106
2346,2985,2.405495
2347,2979,2.400659
2348,2987,2.407106
2349,2995,2.413553
2350,2995,2.413553
2351,3003,2.420000
2352,3003,2.420000
2353,3003,2.420000
2354,3003,2.420000
2355,3007,2.423223
2356,3027,2.439341
2357,3019,2.432894
2358,3043,2.452234
2359,3027,2.439341
2360,3041,2.450623
2361,3027,2.439341
2362,3043,2.452234
2363,3035,2.445788
2364,3041,2.450623
2365,3041,2.450623
2366,3043,2.452234
2367,3043,2.452234
2368,3043,2.452234
2369,3072,2.475604
2370,3072,2.475604
2371,3072,2.475604
2372,3075,2.478022
2373,3073,2.476410
2374,3075,2.478022
2375,3073,2.476410
2376,3083,2.484469
2377,3073,2.476410
2378,3073,2.476410
2379,3075,2.478022
2380,3075,2.478022
2381,3083,2.484469
2382,3091,2.490916
2383,3083,2.484469
2384,3105,2.502198
2385,3091,2.490916
2386,3105,2.502198
2387,3105,2.502198
2388,3105,2.502198
2389,3107,2.503810
2390,3105,2.502198
2391,3107,2.503810
2392,3115,2.510256
2393,3115,2.510256
2394,3115,2.510256
2395,3115,2.510256
2396,3107,2.503810
2397,3123,2.516703
2398,3115,2.510256
2399,3107,2.503810
2400,3123,2.516703
2401,3107,2.503810
2402,3131,2.523150
2403,3115,2.510256
2404,3123,2.516703
2405,3123,2.516703
2406,3135,2.526374
2407,3123,2.516703
2408,3131,2.523150
2409,3129,2.521538
2410,3123,2.516703
2411,3131,2.523150
2412,3131,2.523150
2413,3129,2.521538
2414,3131,2.523150
2415,3131,2.523150
2416,3131,2.523150
2417,3129,2.521538
2418,3135,2.526374
2419,3131,2.523150
2420,3129,2.521538
2421,3147,2.536044
2422,3131,2.523150
2423,3131,2.523150
2424,3131,2.523150
2425,3147,2.536044
2426,3135,2.526374
2427,3147,2.536044
2428,3131,2.523150
2429,3131,2.523150
2430,3135,2.526374
2431,3135,2.526374
2432,3147,2.536044
2433,3131,2.523150
2434,3139,2.529597
2435,3139,2.529597
2436,3155,2.542491
2437,3147,2.536044
2438,3155,2.542491
2439,3147,2.536044
2440,3147,2.536044
2441,3147,2.536044
2442,3147,2.536044
2443,3155,2.542491
2444,3147,2.536044
2445,3139,2.529597
2446,3147,2.536044
2447,3147,2.536044
2448,3155,2.542491
2449,3147,2.536044
2450,3147,2.536044
2451,3147,2.536044
2452,3139,2.529597
2453,3135,2.526374
2454,3147,2.536044
2455,3147,2.536044
2456,3147,2.536044
2457,3147,2.536044
2458,3155,2.542491
2459,3161,2.547326
2460,3155,2.542491
2461,3147,2.536044
2462,3155,2.542491
2463,3155,2.542491
2464,3155,2.542491
2465,3147,2.536044
2466,3147,2.536044
2467,3147,2.536044
2468,3155,2.542491
2469,3155,2.542491
2470,3155,2.542491
2471,3155,2.542491
2472,3147,2.536044
2473,3147,2.536044
2474,3155,2.542491
2475,3155,2.542491
2476,3155,2.542491
2477,3161,2.547326
2478,3169,2.553773
2479,3169,2.553773
2480,3155,2.542491
2481,3155,2.542491
2482,3155,2.542491
2483,3147,2.536044
2484,3163,2.548938
2485,3155,2.542491
2486,3169,2.553773
2487,3163,2.548938
2488,3155,2.542491
2489,3155,2.542491
2490,3171,2.555385
2491,3155,2.542491
2492,3169,2.553773
2493,3147,2.536044
2494,3163,2.548938
2495,3155,2.542491
2496,3147,2.536044
2497,3155,2.542491
2498,3169,2.553773
2499,3155,2.542491
2500,3147,2.536044
2501,3155,2.542491
2502,3147,2.536044
2503,3155,2.542491
2504,3155,2.542491
2505,3147,2.536044
2506,3155,2.542491
2507,3163,2.548938
2508,3147,2.536044
2509,3147,2.536044
2510,3163,2.548938
2511,3155,2.542491
2512,3155,2.542491
2513,3155,2.542491
2514,3147,2.536044
2515,3155,2.542491
2516,3147,2.536044
2517,3147,2.536044
2518,3155,2.542491
2519,3155,2.542491
2520,3161,2.547326
2521,3147,2.536044
2522,3155,2.542491
2523,3155,2.542491
2524,3155,2.542491
2525,3155,2.542491
2526,3155,2.542491
2527,3163,2.548938
2528,3169,2.553773
2529,3147,2.536044
2530,3163,2.548938
2531,3163,2.548938
2532,3155,2.542491
2533,3155,2.542491
2534,3147,2.536044
2535,3147,2.536044
2536,3163,2.548938
2537,3161,2.547326
2538,3169,2.553773
2539,3155,2.542491
2540,3155,2.542491
2541,3163,2.548938
2542,3163,2.548938
2543,3163,2.548938
2544,3155,2.542491
2545,3155,2.542491
2546,3169,2.553773
2547,3155,2.542491
2548,3147,2.536044
2549,3155,2.542491
2550,3155,2.542491
2551,3169,2.553773
2552,3147,2.536044
2553,3155,2.542491
2554,3169,2.553773
2555,3169,2.553773
2556,3147,2.536044
2557,3147,2.536044
2558,3155,2.542491
2559,3147,2.536044
2560,3155,2.542491
2561,3163,2.548938
2562,3147,2.536044
2563,3135,2.526374
2564,3155,2.542491
2565,3155,2.542491
2566,3155,2.542491
2567,3147,2.536044
2568,3155,2.542491
2569,3147,2.536044
2570,3135,2.526374
2571,3155,2.542491
2572,3155,2.542491
2573,3155,2.542491
2574,3147,2.536044
2575,3147,2.536044
2576,3155,2.542491
2577,3155,2.542491
2578,3155,2.542491
2579,3155,2.542491
2580,3135,2.526374
2581,3147,2.536044
2582,3147,2.536044
2583,3147,2.536044
2584,3139,2.529597
2585,3163,2.548938
2586,3155,2.542491
2587,3139,2.529597
2588,3155,2.542491
2589,3147,2.536044
2590,3147,2.536044
2591,3135,2.526374
2592,3155,2.542491
2593,3147,2.536044
2594,3139,2.529597
2595,3155,2.542491
2596,3147,2.536044
2597,3131,2.523150
2598,3147,2.536044
2599,3147,2.536044
2600,3147,2.536044
2601,3147,2.536044
2602,3147,2.536044
2603,3155,2.542491
2604,3131,2.523150
2605,3147,2.536044
2606,3147,2.536044
2607,3147,2.536044
2608,3147,2.536044
2609,3135,2.526374
2610,3139,2.529597
2611,3163,2.548938
2612,3147,2.536044
2613,3155,2.542491
2614,3147,2.536044
2615,3155,2.542491
2616,3155,2.542491
2617,3147,2.536044
2618,3147,2.536044
2619,3155,2.542491
2620,3147,2.536044
2621,3147,2.536044
2622,3147,2.536044
2623,3147,2.536044
2624,3155,2.542491
2625,3155,2.542491
2626,3147,2.536044
2627,3135,2.526374
2628,3155,2.542491
2629,3147,2.536044
2630,3147,2.536044
2631,3139,2.529597
2632,3147,2.536044
2633,3147,2.536044
2634,3147,2.536044
2635,3147,2.536044
2636,3131,2.523150
2637,3147,2.536044
2638,3147,2.536044
2639,3135,2.526374
2640,3155,2.542491
2641,3139,2.529597
2642,3147,2.536044
2643,3139,2.529597
2644,3155,2.542491
2645,3131,2.523150
2646,3147,2.536044
2647,3155,2.542491
2648,3147,2.536044
2649,3147,2.536044
2650,3145,2.534432
2651,3147,2.536044
2652,3155,2.542491
2653,3145,2.534432
2654,3163,2.548938
2655,3147,2.536044
2656,3155,2.542491
2657,3147,2.536044
2658,3155,2.542491
2659,3147,2.536044
2660,3147,2.536044
2661,3147,2.536044
2662,3147,2.536044
2663,3135,2.526374
2664,3147,2.536044
2665,3135,2.526374
2666,3135,2.526374
2667,3147,2.536044
2668,3131,2.523150
2669,3131,2.523150
2670,3147,2.536044
2671,3147,2.536044
2672,3147,2.536044
2673,3147,2.536044
2674,3155,2.542491
2675,3147,2.536044
2676,3155,2.542491
2677,3147,2.536044
2678,3147,2.536044
2679,3147,2.536044
2680,3135,2.526374
2681,3147,2.536044
2682,3147,2.536044
2683,3135,2.526374
2684,3135,2.526374
2685,3155,2.542491
2686,3155,2.542491
2687,3147,2.536044
2688,3147,2.536044
2689,3131,2.523150
2690,3155,2.542491
2691,3147,2.536044
2692,3147,2.536044
2693,3147,2.536044
2694,3135,2.526374
2695,3147,2.536044
2696,3147,2.536044
2697,3135,2.526374
2698,3147,2.536044
2699,3135,2.526374
2700,3147,2.536044
2701,3135,2.526374
2702,3147,2.536044
2703,3155,2.542491
2704,3155,2.542491
2705,3139,2.529597
2706,3147,2.536044
2707,3147,2.536044
2708,3139,2.529597
2709,3147,2.536044
2710,3135,2.526374
2711,3147,2.536044
2712,3161,2.547326
2713,3147,2.536044
2714,3147,2.536044
2715,3147,2.536044
2716,3135,2.526374
2717,3147,2.536044
2718,3135,2.526374
2719,3135,2.526374
2720,3139,2.529597
2721,3139,2.529597
2722,3147,2.536044
2723,3139,2.529597
2724,3147,2.536044
2725,3135,2.526374
2726,3147,2.536044
2727,3139,2.529597
2728,3135,2.526374
2729,3147,2.536044
2730,3147,2.536044
2731,3145,2.534432
2732,3147,2.536044
2733,3147,2.536044
2734,3161,2.547326
2735,3147,2.536044
2736,3147,2.536044
2737,3145,2.534432
2738,3145,2.534432
2739,3135,2.526374
2740,3135,2.526374
2741,3135,2.526374
2742,3139,2.529597
2743,3155,2.542491
2744,3145,2.534432
2745,3147,2.536044
2746,3147,2.536044
2747,3145,2.534432
2748,3147,2.536044
2749,3135,2.526374
2750,3147,2.536044
2751,3147,2.536044
2752,3131,2.523150
2753,3147,2.536044
2754,3147,2.536044
2755,3145,2.534432
2756,3147,2.536044
2757,3135,2.526374
2758,3135,2.526374
2759,3131,2.523150
2760,3131,2.523150
2761,3147,2.536044
2762,3145,2.534432
2763,3147,2.536044
2764,3155,2.542491
2765,3155,2.542491
2766,3147,2.536044
2767,3131,2.523150
2768,3147,2.536044
2769,3139,2.529597
2770,3145,2.534432
2771,3135,2.526374
2772,3139,2.529597
2773,3139,2.529597
2774,3131,2.523150
2775,3147,2.536044
2776,3147,2.536044
2777,3135,2.526374
2778,3139,2.529597
2779,3135,2.526374
2780,3147,2.536044
2781,3147,2.536044
2782,3135,2.526374
2783,3131,2.523150
2784,3135,2.526374
2785,3131,2.523150
2786,3147,2.536044
2787,3139,2.529597
2788,3139,2.529597
2789,3135,2.526374
2790,3139,2.529597
2791,3139,2.529597
2792,3131,2.523150
2793,3131,2.523150
2794,3145,2.534432
2795,3131,2.523150
2796,3131,2.523150
2797,3135,2.526374
2798,3131,2.523150
2799,3145,2.534432
2800,3147,2.536044
2801,3139,2.529597
2802,3139,2.529597
2803,3135,2.526374
2804,3145,2.534432
2805,3147,2.536044
2806,3139,2.529597
2807,3155,2.542491
2808,3139,2.529597
2809,3135,2.526374
2810,3139,2.529597
2811,3147,2.536044
2812,3131,2.523150
2813,3131,2.523150
2814,3131,2.523150
2815,3147,2.536044
2816,3155,2.542491
2817,3131,2.523150
2818,3147,2.536044
2819,3131,2.523150
2820,3135,2.526374
2821,3147,2.536044
2822,3131,2.523150
2823,3147,2.536044
2824,3131,2.523150
2825,3147,2.536044
2826,3131,2.523150
2827,3131,2.523150
2828,3145,2.534432
2829,3135,2.526374
2830,3131,2.523150
2831,3139,2.529597
2832,3145,2.534432
2833,3135,2.526374
2834,3131,2.523150
2835,3131,2.523150
2836,3147,2.536044
2837,3139,2.529597
2838,3135,2.526374
2839,3139,2.529597
2840,3135,2.526374
2841,3139,2.529597
2842,3147,2.536044
2843,3131,2.523150
2844,3147,2.536044
2845,3131,2.523150
2846,3147,2.536044
2847,3131,2.523150
2848,3135,2.526374
2849,3147,2.536044
2850,3147,2.536044
2851,3147,2.536044
2852,3131,2.523150
2853,3123,2.516703
2854,3147,2.536044
2855,3131,2.523150
2856,3135,2.526374
2857,3131,2.523150
2858,3131,2.523150
2859,3135,2.526374
2860,3135,2.526374
2861,3131,2.523150
2862,3135,2.526374
2863,3131,2.523150
2864,3131,2.523150
2865,3131,2.523150
2866,3145,2.534432
2867,3131,2.523150
2868,3145,2.534432
2869,3135,2.526374
2870,3135,2.526374
2871,3131,2.523150
2872,3139,2.529597
2873,3147,2.536044
2874,3135,2.526374
2875,3135,2.526374
2876,3131,2.523150
2877,3135,2.526374
2878,3139,2.529597
2879,3131,2.523150
2880,3147,2.536044
2881,3131,2.523150
2882,3131,2.523150
2883,3131,2.523150
2884,3147,2.536044
2885,3131,2.523150
2886,3135,2.526374
2887,3135,2.526374
2888,3145,2.534432
2889,3139,2.529597
2890,3131,2.523150
2891,3129,2.521538
2892,3147,2.536044
2893,3131,2.523150
2894,3135,2.526374
2895,3131,2.523150
2896,3135,2.526374
2897,3131,2.523150
2898,3145,2.534432
2899,3135,2.526374
2900,3131,2.523150
2901,3131,2.523150
2902,3131,2.523150
2903,3135,2.526374
2904,3131,2.523150
2905,3131,2.523150
2906,3131,2.523150
2907,3131,2.523150
2908,3135,2.526374
2909,3131,2.523150
2910,3135,2.526374
2911,3131,2.523150
2912,3131,2.523150
2913,3131,2.523150
2914,3135,2.526374
2915,3135,2.526374
2916,3135,2.526374
2917,3131,2.523150
2918,3131,2.523150
2919,3135,2.526374
2920,3135,2.526374
2921,3131,2.523150
2922,3139,2.529597
2923,3131,2.523150
2924,3135,2.526374
2925,3135,2.526374
2926,3131,2.523150
2927,3131,2.523150
2928,3131,2.523150
2929,3135,2.526374
2930,3131,2.523150
2931,3129,2.521538
2932,3131,2.523150
2933,3131,2.523150
2934,3147,2.536044
2935,3131,2.523150
2936,3135,2.526374
2937,3135,2.526374
2938,3135,2.526374
2939,3147,2.536044
2940,3135,2.526374
2941,3131,2.523150
2942,3139,2.529597
2943,3135,2.526374
2944,3131,2.523150
2945,3131,2.523150
2946,3123,2.516703
2947,3131,2.523150
2948,3131,2.523150
2949,3129,2.521538
2950,3139,2.529597
2951,3131,2.523150
2952,3139,2.529597
2953,3131,2.523150
2954,3131,2.523150
2955,3131,2.523150
2956,3131,2.523150
2957,3131,2.523150
2958,3135,2.526374
2959,3123,2.516703
2960,3135,2.526374
2961,3123,2.516703
2962,3131,2.523150
2963,3129,2.521538
2964,3131,2.523150
2965,3123,2.516703
2966,3139,2.529597
2967,3131,2.523150
2968,3131,2.523150
2969,3131,2.523150
2970,3131,2.523150
2971,3147,2.536044
2972,3131,2.523150
2973,3131,2.523150
2974,3131,2.523150
2975,3131,2.523150
2976,3123,2.516703
2977,3131,2.523150
2978,3135,2.526374
2979,3145,2.534432
2980,3147,2.536044
2981,3131,2.523150
2982,3131,2.523150
2983,3129,2.521538
2984,3123,2.516703
2985,3139,2.529597
2986,3131,2.523150
2987,3131,2.523150
2988,3139,2.529597
2989,3131,2.523150
2990,3131,2.523150
2991,3131,2.523150
2992,3123,2.516703
2993,3135,2.526374
2994,3131,2.523150
2995,3131,2.523150
2996,3131,2.523150
2997,3129,2.521538
2998,3139,2.529597
2999,3135,2.526374
3000,3123,2.516703
3001,3131,2.523150
3002,3131,2.523150
3003,3131,2.523150
3004,3131,2.523150
3005,3131,2.523150
3006,3115,2.510256
3007,3131,2.523150
3008,3131,2.523150
3009,3129,2.521538
3010,3131,2.523150
3011,3123,2.516703
3012,3123,2.516703
3013,3131,2.523150
3014,3129,2.521538
3015,3131,2.523150
3016,3131,2.523150
3017,3123,2.516703
3018,3123,2.516703
3019,3123,2.516703
3020,3131,2.523150
3021,3123,2.516703
3022,3131,2.523150
3023,3129,2.521538
3024,3131,2.523150
3025,3123,2.516703
3026,3123,2.516703
3027,3115,2.510256
3028,3131,2.523150
3029,3115,2.510256
3030,3131,2.523150
3031,3123,2.516703
3032,3123,2.516703
3033,3129,2.521538
3034,3131,2.523150
3035,3131,2.523150
3036,3131,2.523150
3037,3115,2.510256
3038,3123,2.516703
3039,3131,2.523150
3040,3131,2.523150
3041,3123,2.516703
3042,3123,2.516703
3043,3123,2.516703
3044,3131,2.523150
3045,3131,2.523150
3046,3129,2.521538
3047,3131,2.523150
3048,3123,2.516703
3049,3123,2.516703
3050,3131,2.523150
3051,3123,2.516703
3052,3115,2.510256
3053,3123,2.516703
3054,3123,2.516703
3055,3123,2.516703
3056,3107,2.503810
3057,3115,2.510256
3058,3115,2.510256
3059,3115,2.510256
3060,3123,2.516703
3061,3131,2.523150
3062,3115,2.510256
3063,3115,2.510256
3064,3129,2.521538
3065,3123,2.516703
3066,3123,2.516703
3067,3107,2.503810
3068,3131,2.523150
3069,3107,2.503810
3070,3131,2.523150
3071,3115,2.510256
3072,3115,2.510256
3073,3115,2.510256
3074,3115,2.510256
3075,3107,2.503810
3076,3115,2.510256
3077,3115,2.510256
3078,3107,2.503810
3079,3115,2.510256
3080,3115,2.510256
3081,3123,2.516703
3082,3131,2.523150
3083,3115,2.510256
3084,3115,2.510256
3085,3123,2.516703
3086,3115,2.510256
3087,3115,2.510256
3088,3121,2.515092
3089,3115,2.510256
3090,3115,2.510256
3091,3123,2.516703
3092,3107,2.503810
3093,3115,2.510256
3094,3105,2.502198
3095,3115,2.510256
3096,3113,2.508645
3097,3107,2.503810
3098,3115,2.510256
3099,3113,2.508645
3100,3105,2.502198
3101,3115,2.510256
3102,3107,2.503810
3103,3115,2.510256
3104,3105,2.502198
3105,3123,2.516703
3106,3115,2.510256
3107,3105,2.502198
3108,3115,2.510256
3109,3105,2.502198
3110,3105,2.502198
3111,3107,2.503810
3112,3113,2.508645
3113,3107,2.503810
3114,3105,2.502198
3115,3115,2.510256
3116,3115,2.510256
3117,3107,2.503810
3118,3107,2.503810
3119,3105,2.502198
3120,3107,2.503810
3121,3105,2.502198
3122,3107,2.503810
3123,3105,2.502198
3124,3107,2.503810
3125,3097,2.495751
3126,3099,2.497363
3127,3107,2.503810
3128,3107,2.503810
3129,3107,2.503810
3130,3105,2.502198
3131,3105,2.502198
3132,3105,2.502198
3133,3099,2.497363
3134,3107,2.503810
3135,3097,2.495751
3136,3113,2.508645
3137,3091,2.490916
3138,3107,2.503810
3139,3107,2.503810
3140,3091,2.490916
3141,3105,2.502198
3142,3097,2.495751
3143,3105,2.502198
3144,3107,2.503810
3145,3099,2.497363
3146,3105,2.502198
3147,3105,2.502198
3148,3105,2.502198
3149,3091,2.490916
3150,3091,2.490916
3151,3091,2.490916
3152,3105,2.502198
3153,3105,2.502198
3154,3091,2.490916
3155,3105,2.502198
3156,3091,2.490916
3157,3105,2.502198
3158,3091,2.490916
3159,3083,2.484469
3160,3083,2.484469
3161,3091,2.490916
3162,3083,2.484469
3163,3083,2.484469
3164,3091,2.490916
3165,3083,2.484469
3166,3091,2.490916
3167,3083,2.484469
3168,3075,2.478022
3169,3091,2.490916
3170,3091,2.490916
3171,3091,2.490916
3172,3081,2.482857
3173,3083,2.484469
3174,3083,2.484469
3175,3083,2.484469
3176,3105,2.502198
3177,3083,2.484469
3178,3083,2.484469
3179,3083,2.484469
3180,3081,2.482857
3181,3083,2.484469
3182,3091,2.490916
3183,3083,2.484469
3184,3083,2.484469
3185,3083,2.484469
3186,3083,2.484469
3187,3075,2.478022
3188,3075,2.478022
3189,3075,2.478022
3190,3075,2.478022
3191,3075,2.478022
3192,3075,2.478022
3193,3073,2.476410
3194,3083,2.484469
3195,3081,2.482857
3196,3075,2.478022
3197,3081,2.482857
3198,3075,2.478022
3199,3073,2.476410
3200,3075,2.478022
3201,3072,2.475604
3202,3072,2.475604
3203,3081,2.482857
3204,3072,2.475604
3205,3073,2.476410
3206,3073,2.476410
3207,3075,2.478022
3208,3072,2.475604
3209,3072,2.475604
3210,3073,2.476410
3211,3072,2.475604
3212,3073,2.476410
3213,3072,2.475604
3214,3072,2.475604
3215,3072,2.475604
3216,3073,2.476410
3217,3072,2.475604
3218,3072,2.475604
3219,3043,2.452234
3220,3072,2.475604
3221,3072,2.475604
3222,3072,2.475604
3223,3072,2.475604
3224,3072,2.475604
3225,3072,2.475604
3226,3072,2.475604
3227,3072,2.475604
3228,3072,2.475604
3229,3049,2.457070
3230,3072,2.475604
3231,3072,2.475604
3232,3072,2.475604
3233,3072,2.475604
3234,3043,2.452234
3235,3072,2.475604
3236,3072,2.475604
3237,3049,2.457070
3238,3049,2.457070
3239,3043,2.452234
3240,3051,2.458681
3241,3041,2.450623
3242,3072,2.475604
3243,3051,2.458681
3244,3041,2.450623
3245,3072,2.475604
3246,3043,2.452234
3247,3035,2.445788
3248,3041,2.450623
3249,3035,2.445788
3250,3072,2.475604
3251,3041,2.450623
3252,3043,2.452234
3253,3043,2.452234
3254,3027,2.439341
3255,3041,2.450623
3256,3041,2.450623
3257,3033,2.444176
3258,3043,2.452234
3259,3035,2.445788
3260,3041,2.450623
3261,3041,2.450623
3262,3043,2.452234
3263,3041,2.450623
3264,3027,2.439341
3265,3027,2.439341
3266,3041,2.450623
3267,3019,2.432894
3268,3027,2.439341
3269,3033,2.444176
3270,3041,2.450623
3271,3027,2.439341
3272,3027,2.439341
3273,3027,2.439341
3274,3027,2.439341
3275,3027,2.439341
3276,3035,2.445788
3277,3027,2.439341
3278,3041,2.450623
3279,3027,2.439341
3280,3033,2.444176
3281,3027,2.439341
3282,3027,2.439341
3283,3027,2.439341
3284,3019,2.432894
3285,3019,2.432894
3286,3027,2.439341
3287,3019,2.432894
3288,3019,2.432894
3289,3027,2.439341
3290,3019,2.432894
3291,3019,2.432894
3292,3033,2.444176
3293,3017,2.431282
3294,3019,2.432894
3295,3017,2.431282
3296,3011,2.426447
3297,3027,2.439341
3298,3027,2.439341
3299,3019,2.432894
3300,3019,2.432894
3301,3007,2.423223
3302,3041,2.450623
3303,3003,2.420000
3304,3019,2.432894
3305,3027,2.439341
3306,3019,2.432894
3307,3019,2.432894
3308,3027,2.439341
3309,3007,2.423223
3310,3011,2.426447
3311,3017,2.431282
3312,3011,2.426447
3313,3017,2.431282
3314,3019,2.432894
3315,3003,2.420000
3316,3003,2.420000
3317,3003,2.420000
3318,3011,2.426447
3319,3003,2.420000
3320,3027,2.439341
3321,3017,2.431282
3322,3011,2.426447
3323,3003,2.420000
3324,3003,2.420000
3325,3003,2.420000
3326,3003,2.420000
3327,3003,2.420000
3328,3017,2.431282
3329,3007,2.423223
3330,3003,2.420000
3331,2995,2.413553
3332,3011,2.426447
3333,3003,2.420000
3334,3019,2.432894
3335,3003,2.420000
3336,2995,2.413553
3337,3003,2.420000
3338,3011,2.426447
3339,3003,2.420000
3340,2995,2.413553
3341,3001,2.418388
3342,3001,2.418388
3343,3003,2.420000
3344,3003,2.420000
3345,2987,2.407106
3346,2995,2.413553
3347,3003,2.420000
3348,3003,2.420000
3349,3003,2.420000
3350,2993,2.411941
3351,2979,2.400659
3352,3003,2.420000
3353,3003,2.420000
3354,3001,2.418388
3355,2995,2.413553
3356,2995,2.413553
3357,2993,2.411941
3358,2987,2.407106
3359,2995,2.413553
3360,2987,2.407106
3361,2995,2.413553
3362,2995,2.413553
3363,2995,2.413553
3364,3001,2.418388
3365,3001,2.418388
3366,2995,2.413553
3367,2995,2.413553
3368,2995,2.413553
3369,2987,2.407106
3370,2995,2.413553
3371,2995,2.413553
3372,2995,2.413553
3373,2995,2.413553
3374,2987,2.407106
3375,2993,2.411941
3376,2995,2.413553
3377,2987,2.407106
3378,2995,2.413553
3379,2995,2.413553
3380,2987,2.407106
3381,2985,2.405495
3382,2987,2.407106
3383,2985,2.405495
3384,2995,2.413553
3385,2987,2.407106
3386,2987,2.407106
3387,2979,2.400659
3388,2987,2.407106
3389,2987,2.407106
3390,3001,2.418388
3391,2987,2.407106
3392,2985,2.405495
3393,3003,2.420000
3394,2995,2.413553
3395,2985,2.405495
3396,2995,2.413553
3397,2987,2.407106
3398,2979,2.400659
3399,2993,2.411941
3400,2987,2.407106
3401,2995,2.413553
3402,2987,2.407106
3403,2987,2.407106
3404,2987,2.407106
3405,2987,2.407106
3406,2987,2.407106
3407,3001,2.418388
3408,2987,2.407106
3409,2987,2.407106
3410,2987,2.407106
3411,2987,2.407106
3412,2987,2.407106
3413,2979,2.400659
3414,2987,2.407106
3415,2987,2.407106
3416,2979,2.400659
3417,2995,2.413553
3418,2987,2.407106
3419,2987,2.407106
3420,2987,2.407106
3421,2979,2.400659
3422,2985,2.405495
3423,2987,2.407106
3424,2971,2.394212
3425,2995,2.413553
3426,2985,2.405495
3427,2995,2.413553
3428,2979,2.400659
3429,2977,2.399048
3430,2987,2.407106
3431,2979,2.400659
3432,2995,2.413553
3433,2987,2.407106
3434,2977,2.399048
3435,2987,2.407106
3436,2987,2.407106
3437,2979,2.400659
3438,2969,2.392601
3439,2987,2.407106
3440,2979,2.400659
3441,2987,2.407106
3442,2979,2.400659
3443,2979,2.400659
3444,2987,2.407106
3445,2977,2.399048
3446,2987,2.407106
3447,2987,2.407106
3448,2995,2.413553
3449,2979,2.400659
3450,2985,2.405495
3451,2985,2.405495
3452,2979,2.400659
3453,2987,2.407106
3454,2979,2.400659
3455,2987,2.407106
3456,2971,2.394212
3457,2979,2.400659
3458,2985,2.405495
3459,2979,2.400659
3460,2979,2.400659
3461,2977,2.399048
3462,2977,2.399048
3463,2979,2.400659
3464,2979,2.400659
3465,2979,2.400659
3466,2979,2.400659
3467,2979,2.400659
3468,2987,2.407106
3469,2977,2.399048
3470,2977,2.399048
3471,2971,2.394212
3472,2955,2.381319
3473,2977,2.399048
3474,2979,2.400659
3475,2977,2.399048
3476,2977,2.399048
3477,2977,2.399048
3478,2979,2.400659
3479,2977,2.399048
3480,2987,2.407106
3481,2985,2.405495
3482,2979,2.400659
3483,2979,2.400659
3484,2987,2.407106
3485,2977,2.399048
3486,2979,2.400659
3487,2979,2.400659
3488,2979,2.400659
3489,2979,2.400659
3490,2987,2.407106
3491,2977,2.399048
3492,2987,2.407106
3493,2979,2.400659
3494,2977,2.399048
3495,2987,2.407106
3496,2977,2.399048
3497,2977,2.399048
3498,2987,2.407106
3499,2971,2.394212
3500,2977,2.399048
3501,2977,2.399048
3502,2987,2.407106
3503,2979,2.400659
3504,2979,2.400659
3505,2977,2.399048
3506,2979,2.400659
3507,2979,2.400659
3508,2979,2.400659
3509,2977,2.399048
3510,2979,2.400659
3511,2977,2.399048
3512,2969,2.392601
3513,2979,2.400659
3514,2977,2.399048
3515,2987,2.407106
3516,2979,2.400659
3517,2987,2.407106
3518,2979,2.400659
3519,2977,2.399048
3520,2979,2.400659
3521,2987,2.407106
3522,2979,2.400659
3523,2979,2.400659
3524,2979,2.400659
3525,2963,2.387766
3526,2977,2.399048
3527,2971,2.394212
3528,2979,2.400659
3529,2977,2.399048
3530,2969,2.392601
3531,2977,2.399048
3532,2979,2.400659
3533,2977,2.399048
3534,2963,2.387766
3535,2977,2.399048
3536,2977,2.399048
3537,2979,2.400659
3538,2979,2.400659
3539,2971,2.394212
3540,2977,2.399048
3541,2977,2.399048
3542,2977,2.399048
3543,2977,2.399048
3544,2963,2.387766
3545,2977,2.399048
3546,2979,2.400659
3547,2977,2.399048
3548,2977,2.399048
3549,2971,2.394212
3550,2977,2.399048
3551,2963,2.387766
3552,2977,2.399048
3553,2979,2.400659
3554,2979,2.400659
3555,2979,2.400659
3556,2955,2.381319
3557,2977,2.399048
3558,2985,2.405495
3559,2977,2.399048
3560,2961,2.386154
3561,2979,2.400659
3562,2963,2.387766
3563,2979,2.400659
3564,2977,2.399048
3565,2977,2.399048
3566,2977,2.399048
3567,2969,2.392601
3568,2977,2.399048
3569,2979,2.400659
3570,2985,2.405495
3571,2977,2.399048
3572,2977,2.399048
3573,2977,2.399048
3574,2977,2.399048
3575,2955,2.381319
3576,2979,2.400659
3577,2971,2.394212
3578,2977,2.399048
3579,2979,2.400659
3580,2971,2.394212
3581,2977,2.399048
3582,2977,2.399048
3583,2971,2.394212
3584,2977,2.399048
3585,2963,2.387766
3586,2963,2.387766
3587,2963,2.387766
3588,2977,2.399048
3589,2977,2.399048
3590,2977,2.399048
3591,2963,2.387766
3592,2963,2.387766
3593,2969,2.392601
3594,2971,2.394212
3595,2963,2.387766
3596,2963,2.387766
3597,2977,2.399048
3598,2977,2.399048
3599,2971,2.394212
3600,2971,2.394212
3601,2979,2.400659
3602,2977,2.399048
3603,2977,2.399048
3604,2969,2.392601
3605,2963,2.387766
3606,2971,2.394212
3607,2977,2.399048
3608,2963,2.387766
3609,2963,2.387766
3610,2963,2.387766
3611,2977,2.399048
3612,2979,2.400659
3613,2955,2.381319
3614,2977,2.399048
3615,2963,2.387766
3616,2977,2.399048
3617,2977,2.399048
3618,2963,2.387766
3619,2977,2.399048
3620,2969,2.392601
3621,2977,2.399048
3622,2971,2.394212
3623,2963,2.387766
3624,2977,2.399048
3625,2963,2.387766
3626,2963,2.387766
3627,2977,2.399048
3628,2977,2.399048
3629,2971,2.394212
3630,2979,2.400659
3631,2977,2.399048
3632,2969,2.392601
3633,2971,2.394212
3634,2979,2.400659
3635,2961,2.386154
3636,2977,2.399048
3637,2977,2.399048
3638,2969,2.392601
3639,2971,2.394212
3640,2977,2.399048
3641,2977,2.399048
3642,2963,2.387766
3643,2955,2.381319
3644,2971,2.394212
3645,2963,2.387766
3646,2977,2.399048
3647,2963,2.387766
