Pixel,ADC,VoltageV
1,3951,3.183956
2,3947,3.180733
3,3951,3.183956
4,3946,3.179927
5,3946,3.179927
6,3947,3.180733
7,3947,3.180733
8,3946,3.179927
9,3946,3.179927
10,3947,3.180733
11,3946,3.179927
12,3946,3.179927
13,3946,3.179927
14,3947,3.180733
15,3947,3.180733
16,3946,3.179927
17,3426,2.760879
18,3008,2.424029
19,3032,2.443370
20,3040,2.449817
21,3023,2.436117
22,3040,2.449817
23,3042,2.451429
24,3040,2.449817
25,3042,2.451429
26,3043,2.452234
27,3040,2.449817
28,3040,2.449817
29,3040,2.449817
30,3072,2.475604
31,3040,2.449817
32,3042,2.451429
33,3043,2.452234
34,3042,2.451429
35,3042,2.451429
36,3072,2.475604
37,3042,2.451429
38,3072,2.475604
39,3072,2.475604
40,3048,2.456264
41,3072,2.475604
42,3040,2.449817
43,3072,2.475604
44,3043,2.452234
45,3040,2.449817
46,3043,2.452234
47,3040,2.449817
48,3040,2.449817
49,3072,2.475604
50,3040,2.449817
51,3040,2.449817
52,3040,2.449817
53,3043,2.452234
54,3042,2.451429
55,3040,2.449817
56,3042,2.451429
57,3040,2.449817
58,3040,2.449817
59,3040,2.449817
60,3042,2.451429
61,3040,2.449817
62,3040,2.449817
63,3040,2.449817
64,3043,2.452234
65,3040,2.449817
66,3042,2.451429
67,3040,2.449817
68,3048,2.456264
69,3072,2.475604
70,3040,2.449817
71,3043,2.452234
72,3042,2.451429
73,3023,2.436117
74,3040,2.449817
75,3042,2.451429
76,3042,2.451429
77,3072,2.475604
78,3040,2.449817
79,3040,2.449817
80,3040,2.449817
81,3042,2.451429
82,3042,2.451429
83,3043,2.452234
84,3040,2.449817
85,3040,2.449817
86,3040,2.449817
87,3042,2.451429
88,3042,2.451429
89,3072,2.475604
90,3043,2.452234
91,3042,2.451429
92,3048,2.456264
93,3042,2.451429
94,3042,2.451429
95,3048,2.456264
96,3040,2.449817
97,3042,2.451429
98,3042,2.451429
99,3040,2.449817
100,3040,2.449817
101,3072,2.475604
102,3040,2.449817
103,3040,2.449817
104,3048,2.456264
105,3040,2.449817
106,3040,2.449817
107,3040,2.449817
108,3040,2.449817
109,3040,2.449817
110,3072,2.475604
111,3042,2.451429
112,3048,2.456264
113,3040,2.449817
114,3050,2.457875
115,3040,2.449817
116,3040,2.449817
117,3023,2.436117
118,3023,2.436117
119,3040,2.449817
120,3040,2.449817
121,3043,2.452234
122,3040,2.449817
123,3040,2.449817
124,3042,2.451429
125,3040,2.449817
126,3040,2.449817
127,3040,2.449817
128,3042,2.451429
129,3040,2.449817
130,3040,2.449817
131,3042,2.451429
132,3040,2.449817
133,3040,2.449817
134,3040,2.449817
135,3040,2.449817
136,3043,2.452234
137,3043,2.452234
138,3032,2.443370
139,3042,2.451429
140,3040,2.449817
141,3040,2.449817
142,3072,2.475604
143,3027,2.439341
144,3048,2.456264
145,3023,2.436117
146,3043,2.452234
147,3048,2.456264
148,3048,2.456264
149,3072,2.475604
150,3040,2.449817
151,3042,2.451429
152,3048,2.456264
153,3042,2.451429
154,3072,2.475604
155,3048,2.456264
156,3072,2.475604
157,3050,2.457875
158,3050,2.457875
159,3043,2.452234
160,3043,2.452234
161,3042,2.451429
162,3043,2.452234
163,3040,2.449817
164,3072,2.475604
165,3072,2.475604
166,3072,2.475604
167,3040,2.449817
168,3072,2.475604
169,3043,2.452234
170,3048,2.456264
171,3042,2.451429
172,3048,2.456264
173,3040,2.449817
174,3050,2.457875
175,3043,2.452234
176,3043,2.452234
177,3040,2.449817
178,3042,2.451429
179,3048,2.456264
180,3043,2.452234
181,3072,2.475604
182,3048,2.456264
183,3042,2.451429
184,3043,2.452234
185,3048,2.456264
186,3043,2.452234
187,3040,2.449817
188,3048,2.456264
189,3048,2.456264
190,3042,2.451429
191,3040,2.449817
192,3072,2.475604
193,3040,2.449817
194,3040,2.449817
195,3043,2.452234
196,3023,2.436117
197,3040,2.449817
198,3042,2.451429
199,3023,2.436117
200,3042,2.451429
201,3042,2.451429
202,3032,2.443370
203,3040,2.449817
204,3040,2.449817
205,3040,2.449817
206,3043,2.452234
207,3040,2.449817
208,3072,2.475604
209,3042,2.451429
210,3040,2.449817
211,3048,2.456264
212,3040,2.449817
213,3048,2.456264
214,3042,2.451429
215,3042,2.451429
216,3043,2.452234
217,3040,2.449817
218,3042,2.451429
219,3048,2.456264
220,3023,2.436117
221,3040,2.449817
222,3023,2.436117
223,3040,2.449817
224,3040,2.449817
225,3042,2.451429
226,3040,2.449817
227,3040,2.449817
228,3072,2.475604
229,3043,2.452234
230,3048,2.456264
231,3040,2.449817
232,3040,2.449817
233,3042,2.451429
234,3048,2.456264
235,3048,2.456264
236,3040,2.449817
237,3072,2.475604
238,3072,2.475604
239,3072,2.475604
240,3072,2.475604
241,3072,2.475604
242,3072,2.475604
243,3050,2.457875
244,3072,2.475604
245,3072,2.475604
246,3043,2.452234
247,3072,2.475604
248,3048,2.456264
249,3072,2.475604
250,3050,2.457875
251,3048,2.456264
252,3072,2.475604
253,3048,2.456264
254,3042,2.451429
255,3040,2.449817
256,3072,2.475604
257,3072,2.475604
258,3048,2.456264
259,3072,2.475604
260,3040,2.449817
261,3040,2.449817
262,3042,2.451429
263,3042,2.451429
264,3032,2.443370
265,3043,2.452234
266,3040,2.449817
267,3040,2.449817
268,3050,2.457875
269,3042,2.451429
270,3040,2.449817
271,3040,2.449817
272,3048,2.456264
273,3048,2.456264
274,3048,2.456264
275,3072,2.475604
276,3072,2.475604
277,3043,2.452234
278,3050,2.457875
279,3040,2.449817
280,3072,2.475604
281,3072,2.475604
282,3048,2.456264
283,3032,2.443370
284,3040,2.449817
285,3040,2.449817
286,3043,2.452234
287,3040,2.449817
288,3072,2.475604
289,3043,2.452234
290,3072,2.475604
291,3040,2.449817
292,3040,2.449817
293,3050,2.457875
294,3043,2.452234
295,3040,2.449817
296,3042,2.451429
297,3048,2.456264
298,3072,2.475604
299,3072,2.475604
300,3072,2.475604
301,3048,2.456264
302,3072,2.475604
303,3048,2.456264
304,3043,2.452234
305,3043,2.452234
306,3072,2.475604
307,3072,2.475604
308,3072,2.475604
309,3040,2.449817
310,3048,2.456264
311,3072,2.475604
312,3043,2.452234
313,3040,2.449817
314,3072,2.475604
315,3040,2.449817
316,3040,2.449817
317,3072,2.475604
318,3072,2.475604
319,3048,2.456264
320,3042,2.451429
321,3072,2.475604
322,3048,2.456264
323,3048,2.456264
324,3072,2.475604
325,3043,2.452234
326,3050,2.457875
327,3072,2.475604
328,3048,2.456264
329,3048,2.456264
330,3072,2.475604
331,3072,2.475604
332,3072,2.475604
333,3050,2.457875
334,3072,2.475604
335,3072,2.475604
336,3072,2.475604
337,3072,2.475604
338,3072,2.475604
339,3072,2.475604
340,3072,2.475604
341,3072,2.475604
342,3072,2.475604
343,3074,2.477216
344,3072,2.475604
345,3072,2.475604
346,3072,2.475604
347,3072,2.475604
348,3072,2.475604
349,3072,2.475604
350,3072,2.475604
351,3043,2.452234
352,3043,2.452234
353,3040,2.449817
354,3072,2.475604
355,3072,2.475604
356,3072,2.475604
357,3048,2.456264
358,3072,2.475604
359,3072,2.475604
360,3043,2.452234
361,3048,2.456264
362,3072,2.475604
363,3072,2.475604
364,3072,2.475604
365,3072,2.475604
366,3072,2.475604
367,3072,2.475604
368,3072,2.475604
369,3072,2.475604
370,3072,2.475604
371,3072,2.475604
372,3072,2.475604
373,3072,2.475604
374,3072,2.475604
375,3072,2.475604
376,3042,2.451429
377,3072,2.475604
378,3072,2.475604
379,3072,2.475604
380,3072,2.475604
381,3072,2.475604
382,3072,2.475604
383,3072,2.475604
384,3072,2.475604
385,3042,2.451429
386,3042,2.451429
387,3048,2.456264
388,3072,2.475604
389,3043,2.452234
390,3072,2.475604
391,3072,2.475604
392,3040,2.449817
393,3072,2.475604
394,3043,2.452234
395,3042,2.451429
396,3042,2.451429
397,3042,2.451429
398,3072,2.475604
399,3050,2.457875
400,3072,2.475604
401,3072,2.475604
402,3072,2.475604
403,3072,2.475604
404,3074,2.477216
405,3048,2.456264
406,3072,2.475604
407,3050,2.457875
408,3072,2.475604
409,3048,2.456264
410,3048,2.456264
411,3072,2.475604
412,3072,2.475604
413,3072,2.475604
414,3072,2.475604
415,3048,2.456264
416,3072,2.475604
417,3043,2.452234
418,3072,2.475604
419,3072,2.475604
420,3072,2.475604
421,3072,2.475604
422,3072,2.475604
423,3043,2.452234
424,3072,2.475604
425,3072,2.475604
426,3050,2.457875
427,3072,2.475604
428,3072,2.475604
429,3072,2.475604
430,3072,2.475604
431,3072,2.475604
432,3072,2.475604
433,3072,2.475604
434,3072,2.475604
435,3072,2.475604
436,3072,2.475604
437,3042,2.451429
438,3050,2.457875
439,3050,2.457875
440,3072,2.475604
441,3072,2.475604
442,3072,2.475604
443,3043,2.452234
444,3043,2.452234
445,3072,2.475604
446,3072,2.475604
447,3072,2.475604
448,3050,2.457875
449,3040,2.449817
450,3072,2.475604
451,3072,2.475604
452,3050,2.457875
453,3048,2.456264
454,3048,2.456264
455,3043,2.452234
456,3072,2.475604
457,3072,2.475604
458,3072,2.475604
459,3072,2.475604
460,3074,2.477216
461,3072,2.475604
462,3072,2.475604
463,3072,2.475604
464,3072,2.475604
465,3072,2.475604
466,3072,2.475604
467,3072,2.475604
468,3072,2.475604
469,3072,2.475604
470,3072,2.475604
471,3072,2.475604
472,3072,2.475604
473,3043,2.452234
474,3048,2.456264
475,3072,2.475604
476,3072,2.475604
477,3048,2.456264
478,3072,2.475604
479,3072,2.475604
480,3072,2.475604
481,3072,2.475604
482,3072,2.475604
483,3072,2.475604
484,3082,2.483663
485,3072,2.475604
486,3075,2.478022
487,3072,2.475604
488,3074,2.477216
489,3072,2.475604
490,3072,2.475604
491,3074,2.477216
492,3072,2.475604
493,3072,2.475604
494,3072,2.475604
495,3072,2.475604
496,3072,2.475604
497,3072,2.475604
498,3072,2.475604
499,3072,2.475604
500,3072,2.475604
501,3072,2.475604
502,3072,2.475604
503,3072,2.475604
504,3072,2.475604
505,3072,2.475604
506,3072,2.475604
507,3072,2.475604
508,3072,2.475604
509,3072,2.475604
510,3072,2.475604
511,3072,2.475604
512,3072,2.475604
513,3072,2.475604
514,3075,2.478022
515,3072,2.475604
516,3072,2.475604
517,3072,2.475604
518,3072,2.475604
519,3072,2.475604
520,3072,2.475604
521,3072,2.475604
522,3072,2.475604
523,3072,2.475604
524,3072,2.475604
525,3072,2.475604
526,3072,2.475604
527,3072,2.475604
528,3072,2.475604
529,3072,2.475604
530,3072,2.475604
531,3072,2.475604
532,3072,2.475604
533,3072,2.475604
534,3072,2.475604
535,3074,2.477216
536,3074,2.477216
537,3072,2.475604
538,3074,2.477216
539,3072,2.475604
540,3080,2.482051
541,3072,2.475604
542,3075,2.478022
543,3074,2.477216
544,3075,2.478022
545,3072,2.475604
546,3072,2.475604
547,3075,2.478022
548,3072,2.475604
549,3074,2.477216
550,3072,2.475604
551,3074,2.477216
552,3072,2.475604
553,3072,2.475604
554,3072,2.475604
555,3072,2.475604
556,3072,2.475604
557,3072,2.475604
558,3072,2.475604
559,3072,2.475604
560,3072,2.475604
561,3072,2.475604
562,3072,2.475604
563,3072,2.475604
564,3072,2.475604
565,3072,2.475604
566,3072,2.475604
567,3072,2.475604
568,3072,2.475604
569,3072,2.475604
570,3072,2.475604
571,3072,2.475604
572,3082,2.483663
573,3072,2.475604
574,3072,2.475604
575,3080,2.482051
576,3072,2.475604
577,3072,2.475604
578,3072,2.475604
579,3072,2.475604
580,3072,2.475604
581,3072,2.475604
582,3072,2.475604
583,3072,2.475604
584,3072,2.475604
585,3072,2.475604
586,3072,2.475604
587,3072,2.475604
588,3072,2.475604
589,3072,2.475604
590,3072,2.475604
591,3072,2.475604
592,3072,2.475604
593,3072,2.475604
594,3072,2.475604
595,3072,2.475604
596,3072,2.475604
597,3072,2.475604
598,3072,2.475604
599,3072,2.475604
600,3072,2.475604
601,3072,2.475604
602,3072,2.475604
603,3072,2.475604
604,3072,2.475604
605,3072,2.475604
606,3072,2.475604
607,3072,2.475604
608,3072,2.475604
609,3072,2.475604
610,3072,2.475604
611,3072,2.475604
612,3072,2.475604
613,3072,2.475604
614,3072,2.475604
615,3072,2.475604
616,3074,2.477216
617,3072,2.475604
618,3072,2.475604
619,3072,2.475604
620,3072,2.475604
621,3072,2.475604
622,3072,2.475604
623,3072,2.475604
624,3072,2.475604
625,3072,2.475604
626,3072,2.475604
627,3072,2.475604
628,3072,2.475604
629,3072,2.475604
630,3072,2.475604
631,3072,2.475604
632,3072,2.475604
633,3072,2.475604
634,3072,2.475604
635,3072,2.475604
636,3072,2.475604
637,3072,2.475604
638,3072,2.475604
639,3072,2.475604
640,3072,2.475604
641,3072,2.475604
642,3072,2.475604
643,3072,2.475604
644,3074,2.477216
645,3083,2.484469
646,3072,2.475604
647,3080,2.482051
648,3072,2.475604
649,3072,2.475604
650,3072,2.475604
651,3072,2.475604
652,3072,2.475604
653,3072,2.475604
654,3072,2.475604
655,3072,2.475604
656,3072,2.475604
657,3072,2.475604
658,3072,2.475604
659,3072,2.475604
660,3072,2.475604
661,3072,2.475604
662,3072,2.475604
663,3072,2.475604
664,3072,2.475604
665,3072,2.475604
666,3072,2.475604
667,3072,2.475604
668,3072,2.475604
669,3072,2.475604
670,3074,2.477216
671,3072,2.475604
672,3074,2.477216
673,3072,2.475604
674,3072,2.475604
675,3072,2.475604
676,3072,2.475604
677,3072,2.475604
678,3072,2.475604
679,3072,2.475604
680,3072,2.475604
681,3072,2.475604
682,3072,2.475604
683,3072,2.475604
684,3072,2.475604
685,3072,2.475604
686,3074,2.477216
687,3072,2.475604
688,3072,2.475604
689,3074,2.477216
690,3072,2.475604
691,3072,2.475604
692,3072,2.475604
693,3072,2.475604
694,3072,2.475604
695,3072,2.475604
696,3072,2.475604
697,3074,2.477216
698,3072,2.475604
699,3072,2.475604
700,3072,2.475604
701,3072,2.475604
702,3074,2.477216
703,3072,2.475604
704,3072,2.475604
705,3072,2.475604
706,3072,2.475604
707,3072,2.475604
708,3072,2.475604
709,3072,2.475604
710,3072,2.475604
711,3072,2.475604
712,3075,2.478022
713,3074,2.477216
714,3072,2.475604
715,3083,2.484469
716,3082,2.483663
717,3075,2.478022
718,3083,2.484469
719,3082,2.483663
720,3075,2.478022
721,3072,2.475604
722,3083,2.484469
723,3075,2.478022
724,3080,2.482051
725,3072,2.475604
726,3074,2.477216
727,3072,2.475604
728,3075,2.478022
729,3072,2.475604
730,3072,2.475604
731,3074,2.477216
732,3072,2.475604
733,3075,2.478022
734,3072,2.475604
735,3072,2.475604
736,3072,2.475604
737,3074,2.477216
738,3075,2.478022
739,3072,2.475604
740,3072,2.475604
741,3072,2.475604
742,3080,2.482051
743,3072,2.475604
744,3080,2.482051
745,3072,2.475604
746,3072,2.475604
747,3072,2.475604
748,3072,2.475604
749,3074,2.477216
750,3072,2.475604
751,3072,2.475604
752,3072,2.475604
753,3072,2.475604
754,3074,2.477216
755,3072,2.475604
756,3074,2.477216
757,3074,2.477216
758,3072,2.475604
759,3072,2.475604
760,3080,2.482051
761,3072,2.475604
762,3072,2.475604
763,3080,2.482051
764,3074,2.477216
765,3072,2.475604
766,3072,2.475604
767,3072,2.475604
768,3072,2.475604
769,3072,2.475604
770,3075,2.478022
771,3072,2.475604
772,3074,2.477216
773,3075,2.478022
774,3082,2.483663
775,3082,2.483663
776,3072,2.475604
777,3075,2.478022
778,3075,2.478022
779,3074,2.477216
780,3072,2.475604
781,3072,2.475604
782,3074,2.477216
783,3082,2.483663
784,3074,2.477216
785,3072,2.475604
786,3072,2.475604
787,3072,2.475604
788,3074,2.477216
789,3074,2.477216
790,3072,2.475604
791,3080,2.482051
792,3072,2.475604
793,3080,2.482051
794,3075,2.478022
795,3080,2.482051
796,3075,2.478022
797,3087,2.487692
798,3082,2.483663
799,3072,2.475604
800,3080,2.482051
801,3072,2.475604
802,3082,2.483663
803,3074,2.477216
804,3074,2.477216
805,3082,2.483663
806,3075,2.478022
807,3082,2.483663
808,3082,2.483663
809,3075,2.478022
810,3080,2.482051
811,3083,2.484469
812,3075,2.478022
813,3080,2.482051
814,3075,2.478022
815,3080,2.482051
816,3074,2.477216
817,3075,2.478022
818,3080,2.482051
819,3080,2.482051
820,3082,2.483663
821,3072,2.475604
822,3082,2.483663
823,3080,2.482051
824,3082,2.483663
825,3083,2.484469
826,3082,2.483663
827,3080,2.482051
828,3082,2.483663
829,3083,2.484469
830,3083,2.484469
831,3075,2.478022
832,3087,2.487692
833,3074,2.477216
834,3083,2.484469
835,3082,2.483663
836,3083,2.484469
837,3083,2.484469
838,3083,2.484469
839,3083,2.484469
840,3083,2.484469
841,3082,2.483663
842,3083,2.484469
843,3087,2.487692
844,3083,2.484469
845,3082,2.483663
846,3075,2.478022
847,3082,2.483663
848,3080,2.482051
849,3087,2.487692
850,3083,2.484469
851,3087,2.487692
852,3087,2.487692
853,3083,2.484469
854,3104,2.501392
855,3104,2.501392
856,3104,2.501392
857,3104,2.501392
858,3107,2.503810
859,3096,2.494945
860,3087,2.487692
861,3087,2.487692
862,3087,2.487692
863,3104,2.501392
864,3083,2.484469
865,3087,2.487692
866,3083,2.484469
867,3087,2.487692
868,3087,2.487692
869,3087,2.487692
870,3083,2.484469
871,3087,2.487692
872,3087,2.487692
873,3087,2.487692
874,3087,2.487692
875,3083,2.484469
876,3083,2.484469
877,3082,2.483663
878,3082,2.483663
879,3082,2.483663
880,3082,2.483663
881,3087,2.487692
882,3083,2.484469
883,3083,2.484469
884,3087,2.487692
885,3082,2.483663
886,3082,2.483663
887,3080,2.482051
888,3083,2.484469
889,3083,2.484469
890,3082,2.483663
891,3080,2.482051
892,3104,2.501392
893,3083,2.484469
894,3083,2.484469
895,3082,2.483663
896,3075,2.478022
897,3072,2.475604
898,3087,2.487692
899,3083,2.484469
900,3075,2.478022
901,3087,2.487692
902,3083,2.484469
903,3096,2.494945
904,3087,2.487692
905,3087,2.487692
906,3083,2.484469
907,3083,2.484469
908,3087,2.487692
909,3083,2.484469
910,3104,2.501392
911,3104,2.501392
912,3096,2.494945
913,3083,2.484469
914,3104,2.501392
915,3087,2.487692
916,3104,2.501392
917,3080,2.482051
918,3083,2.484469
919,3087,2.487692
920,3075,2.478022
921,3083,2.484469
922,3087,2.487692
923,3083,2.484469
924,3072,2.475604
925,3087,2.487692
926,3083,2.484469
927,3096,2.494945
928,3104,2.501392
929,3087,2.487692
930,3087,2.487692
931,3083,2.484469
932,3087,2.487692
933,3083,2.484469
934,3087,2.487692
935,3083,2.484469
936,3104,2.501392
937,3104,2.501392
938,3080,2.482051
939,3096,2.494945
940,3104,2.501392
941,3104,2.501392
942,3104,2.501392
943,3104,2.501392
944,3083,2.484469
945,3087,2.487692
946,3083,2.484469
947,3083,2.484469
948,3083,2.484469
949,3083,2.484469
950,3083,2.484469
951,3087,2.487692
952,3087,2.487692
953,3096,2.494945
954,3087,2.487692
955,3087,2.487692
956,3104,2.501392
957,3104,2.501392
958,3112,2.507839
959,3104,2.501392
960,3112,2.507839
961,3104,2.501392
962,3096,2.494945
963,3104,2.501392
964,3104,2.501392
965,3087,2.487692
966,3087,2.487692
967,3104,2.501392
968,3082,2.483663
969,3104,2.501392
970,3104,2.501392
971,3083,2.484469
972,3083,2.484469
973,3106,2.503004
974,3087,2.487692
975,3096,2.494945
976,3096,2.494945
977,3087,2.487692
978,3096,2.494945
979,3107,2.503810
980,3096,2.494945
981,3106,2.503004
982,3104,2.501392
983,3104,2.501392
984,3082,2.483663
985,3096,2.494945
986,3096,2.494945
987,3104,2.501392
988,3104,2.501392
989,3087,2.487692
990,3083,2.484469
991,3087,2.487692
992,3114,2.509451
993,3087,2.487692
994,3104,2.501392
995,3107,2.503810
996,3112,2.507839
997,3114,2.509451
998,3104,2.501392
999,3104,2.501392
1000,3106,2.503004
1001,3104,2.501392
1002,3104,2.501392
1003,3107,2.503810
1004,3104,2.501392
1005,3104,2.501392
1006,3096,2.494945
1007,3104,2.501392
1008,3106,2.503004
1009,3106,2.503004
1010,3104,2.501392
1011,3106,2.503004
1012,3104,2.501392
1013,3107,2.503810
1014,3112,2.507839
1015,3112,2.507839
1016,3112,2.507839
1017,3106,2.503004
1018,3106,2.503004
1019,3107,2.503810
1020,3114,2.509451
1021,3104,2.501392
1022,3106,2.503004
1023,3104,2.501392
1024,3104,2.501392
1025,3104,2.501392
1026,3104,2.501392
1027,3106,2.503004
1028,3107,2.503810
1029,3104,2.501392
1030,3107,2.503810
1031,3104,2.501392
1032,3087,2.487692
1033,3106,2.503004
1034,3107,2.503810
1035,3106,2.503004
1036,3106,2.503004
1037,3106,2.503004
1038,3106,2.503004
1039,3112,2.507839
1040,3115,2.510256
1041,3112,2.507839
1042,3114,2.509451
1043,3112,2.507839
1044,3106,2.503004
1045,3104,2.501392
1046,3112,2.507839
1047,3104,2.501392
1048,3106,2.503004
1049,3115,2.510256
1050,3114,2.509451
1051,3115,2.510256
1052,3107,2.503810
1053,3114,2.509451
1054,3107,2.503810
1055,3112,2.507839
1056,3107,2.503810
1057,3106,2.503004
1058,3114,2.509451
1059,3114,2.509451
1060,3112,2.507839
1061,3112,2.507839
1062,3112,2.507839
1063,3114,2.509451
1064,3107,2.503810
1065,3104,2.501392
1066,3112,2.507839
1067,3107,2.503810
1068,3115,2.510256
1069,3112,2.507839
1070,3119,2.513480
1071,3115,2.510256
1072,3119,2.513480
1073,3119,2.513480
1074,3114,2.509451
1075,3114,2.509451
1076,3115,2.510256
1077,3107,2.503810
1078,3114,2.509451
1079,3115,2.510256
1080,3112,2.507839
1081,3119,2.513480
1082,3114,2.509451
1083,3107,2.503810
1084,3119,2.513480
1085,3107,2.503810
1086,3112,2.507839
1087,3112,2.507839
1088,3119,2.513480
1089,3114,2.509451
1090,3106,2.503004
1091,3114,2.509451
1092,3115,2.510256
1093,3107,2.503810
1094,3114,2.509451
1095,3115,2.510256
1096,3112,2.507839
1097,3115,2.510256
1098,3119,2.513480
1099,3115,2.510256
1100,3115,2.510256
1101,3115,2.510256
1102,3119,2.513480
1103,3107,2.503810
1104,3115,2.510256
1105,3107,2.503810
1106,3115,2.510256
1107,3114,2.509451
1108,3107,2.503810
1109,3115,2.510256
1110,3104,2.501392
1111,3106,2.503004
1112,3119,2.513480
1113,3128,2.520733
1114,3119,2.513480
1115,3119,2.513480
1116,3128,2.520733
1117,3115,2.510256
1118,3131,2.523150
1119,3119,2.513480
1120,3130,2.522344
1121,3128,2.520733
1122,3130,2.522344
1123,3131,2.523150
1124,3128,2.520733
1125,3115,2.510256
1126,3106,2.503004
1127,3115,2.510256
1128,3115,2.510256
1129,3119,2.513480
1130,3128,2.520733
1131,3130,2.522344
1132,3130,2.522344
1133,3115,2.510256
1134,3119,2.513480
1135,3128,2.520733
1136,3115,2.510256
1137,3115,2.510256
1138,3130,2.522344
1139,3119,2.513480
1140,3119,2.513480
1141,3119,2.513480
1142,3114,2.509451
1143,3119,2.513480
1144,3130,2.522344
1145,3119,2.513480
1146,3115,2.510256
1147,3119,2.513480
1148,3130,2.522344
1149,3130,2.522344
1150,3115,2.510256
1151,3115,2.510256
1152,3131,2.523150
1153,3115,2.510256
1154,3115,2.510256
1155,3115,2.510256
1156,3130,2.522344
1157,3130,2.522344
1158,3138,2.528791
1159,3131,2.523150
1160,3119,2.513480
1161,3136,2.527179
1162,3130,2.522344
1163,3115,2.510256
1164,3119,2.513480
1165,3136,2.527179
1166,3119,2.513480
1167,3115,2.510256
1168,3130,2.522344
1169,3128,2.520733
1170,3119,2.513480
1171,3128,2.520733
1172,3131,2.523150
1173,3119,2.513480
1174,3119,2.513480
1175,3136,2.527179
1176,3130,2.522344
1177,3119,2.513480
1178,3131,2.523150
1179,3131,2.523150
1180,3130,2.522344
1181,3131,2.523150
1182,3131,2.523150
1183,3131,2.523150
1184,3131,2.523150
1185,3115,2.510256
1186,3138,2.528791
1187,3130,2.522344
1188,3136,2.527179
1189,3128,2.520733
1190,3136,2.527179
1191,3119,2.513480
1192,3131,2.523150
1193,3144,2.533626
1194,3139,2.529597
1195,3130,2.522344
1196,3130,2.522344
1197,3131,2.523150
1198,3131,2.523150
1199,3139,2.529597
1200,3136,2.527179
1201,3138,2.528791
1202,3136,2.527179
1203,3138,2.528791
1204,3138,2.528791
1205,3144,2.533626
1206,3138,2.528791
1207,3139,2.529597
1208,3139,2.529597
1209,3146,2.535238
1210,3130,2.522344
1211,3144,2.533626
1212,3138,2.528791
1213,3130,2.522344
1214,3130,2.522344
1215,3131,2.523150
1216,3119,2.513480
1217,3139,2.529597
1218,3136,2.527179
1219,3144,2.533626
1220,3138,2.528791
1221,3115,2.510256
1222,3139,2.529597
1223,3139,2.529597
1224,3138,2.528791
1225,3131,2.523150
1226,3136,2.527179
1227,3130,2.522344
1228,3144,2.533626
1229,3136,2.527179
1230,3144,2.533626
1231,3138,2.528791
1232,3136,2.527179
1233,3139,2.529597
1234,3146,2.535238
1235,3136,2.527179
1236,3147,2.536044
1237,3128,2.520733
1238,3147,2.536044
1239,3138,2.528791
1240,3138,2.528791
1241,3144,2.533626
1242,3147,2.536044
1243,3138,2.528791
1244,3138,2.528791
1245,3130,2.522344
1246,3146,2.535238
1247,3146,2.535238
1248,3146,2.535238
1249,3151,2.539267
1250,3139,2.529597
1251,3138,2.528791
1252,3138,2.528791
1253,3151,2.539267
1254,3144,2.533626
1255,3147,2.536044
1256,3139,2.529597
1257,3131,2.523150
1258,3147,2.536044
1259,3146,2.535238
1260,3144,2.533626
1261,3147,2.536044
1262,3147,2.536044
1263,3147,2.536044
1264,3151,2.539267
1265,3147,2.536044
1266,3147,2.536044
1267,3147,2.536044
1268,3151,2.539267
1269,3138,2.528791
1270,3147,2.536044
1271,3147,2.536044
1272,3139,2.529597
1273,3146,2.535238
1274,3146,2.535238
1275,3139,2.529597
1276,3151,2.539267
1277,3147,2.536044
1278,3147,2.536044
1279,3147,2.536044
1280,3151,2.539267
1281,3146,2.535238
1282,3146,2.535238
1283,3144,2.533626
1284,3147,2.536044
1285,3146,2.535238
1286,3146,2.535238
1287,3147,2.536044
1288,3146,2.535238
1289,3147,2.536044
1290,3151,2.539267
1291,3146,2.535238
1292,3139,2.529597
1293,3151,2.539267
1294,3168,2.552967
1295,3147,2.536044
1296,3146,2.535238
1297,3147,2.536044
1298,3138,2.528791
1299,3146,2.535238
1300,3146,2.535238
1301,3147,2.536044
1302,3144,2.533626
1303,3151,2.539267
1304,3147,2.536044
1305,3160,2.546520
1306,3168,2.552967
1307,3147,2.536044
1308,3147,2.536044
1309,3147,2.536044
1310,3147,2.536044
1311,3146,2.535238
1312,3151,2.539267
1313,3168,2.552967
1314,3147,2.536044
1315,3151,2.539267
1316,3147,2.536044
1317,3147,2.536044
1318,3151,2.539267
1319,3151,2.539267
1320,3168,2.552967
1321,3168,2.552967
1322,3160,2.546520
1323,3151,2.539267
1324,3160,2.546520
1325,3168,2.552967
1326,3147,2.536044
1327,3151,2.539267
1328,3151,2.539267
1329,3168,2.552967
1330,3147,2.536044
1331,3160,2.546520
1332,3160,2.546520
1333,3151,2.539267
1334,3147,2.536044
1335,3160,2.546520
1336,3147,2.536044
1337,3160,2.546520
1338,3151,2.539267
1339,3147,2.536044
1340,3168,2.552967
1341,3151,2.539267
1342,3168,2.552967
1343,3168,2.552967
1344,3171,2.555385
1345,3147,2.536044
1346,3168,2.552967
1347,3168,2.552967
1348,3168,2.552967
1349,3151,2.539267
1350,3168,2.552967
1351,3147,2.536044
1352,3151,2.539267
1353,3168,2.552967
1354,3168,2.552967
1355,3151,2.539267
1356,3168,2.552967
1357,3168,2.552967
1358,3151,2.539267
1359,3168,2.552967
1360,3168,2.552967
1361,3168,2.552967
1362,3171,2.555385
1363,3168,2.552967
1364,3168,2.552967
1365,3170,2.554579
1366,3168,2.552967
1367,3168,2.552967
1368,3168,2.552967
1369,3147,2.536044
1370,3151,2.539267
1371,3168,2.552967
1372,3151,2.539267
1373,3168,2.552967
1374,3144,2.533626
1375,3151,2.539267
1376,3168,2.552967
1377,3170,2.554579
1378,3160,2.546520
1379,3168,2.552967
1380,3168,2.552967
1381,3168,2.552967
1382,3168,2.552967
1383,3151,2.539267
1384,3168,2.552967
1385,3168,2.552967
1386,3151,2.539267
1387,3171,2.555385
1388,3160,2.546520
1389,3170,2.554579
1390,3168,2.552967
1391,3170,2.554579
1392,3168,2.552967
1393,3170,2.554579
1394,3170,2.554579
1395,3160,2.546520
1396,3168,2.552967
1397,3176,2.559414
1398,3168,2.552967
1399,3178,2.561026
1400,3170,2.554579
1401,3168,2.552967
1402,3168,2.552967
1403,3168,2.552967
1404,3168,2.552967
1405,3168,2.552967
1406,3168,2.552967
1407,3170,2.554579
1408,3170,2.554579
1409,3178,2.561026
1410,3170,2.554579
1411,3168,2.552967
1412,3168,2.552967
1413,3170,2.554579
1414,3168,2.552967
1415,3151,2.539267
1416,3168,2.552967
1417,3160,2.546520
1418,3170,2.554579
1419,3168,2.552967
1420,3168,2.552967
1421,3170,2.554579
1422,3168,2.552967
1423,3168,2.552967
1424,3171,2.555385
1425,3168,2.552967
1426,3170,2.554579
1427,3151,2.539267
1428,3170,2.554579
1429,3170,2.554579
1430,3168,2.552967
1431,3168,2.552967
1432,3170,2.554579
1433,3170,2.554579
1434,3168,2.552967
1435,3168,2.552967
1436,3168,2.552967
1437,3168,2.552967
1438,3171,2.555385
1439,3171,2.555385
1440,3168,2.552967
1441,3170,2.554579
1442,3168,2.552967
1443,3168,2.552967
1444,3168,2.552967
1445,3168,2.552967
1446,3168,2.552967
1447,3168,2.552967
1448,3168,2.552967
1449,3168,2.552967
1450,3170,2.554579
1451,3170,2.554579
1452,3168,2.552967
1453,3171,2.555385
1454,3168,2.552967
1455,3168,2.552967
1456,3168,2.552967
1457,3176,2.559414
1458,3170,2.554579
1459,3170,2.554579
1460,3171,2.555385
1461,3176,2.559414
1462,3151,2.539267
1463,3168,2.552967
1464,3171,2.555385
1465,3168,2.552967
1466,3168,2.552967
1467,3168,2.552967
1468,3168,2.552967
1469,3168,2.552967
1470,3176,2.559414
1471,3178,2.561026
1472,3176,2.559414
1473,3170,2.554579
1474,3168,2.552967
1475,3170,2.554579
1476,3170,2.554579
1477,3168,2.552967
1478,3151,2.539267
1479,3160,2.546520
1480,3168,2.552967
1481,3160,2.546520
1482,3170,2.554579
1483,3168,2.552967
1484,3168,2.552967
1485,3168,2.552967
1486,3151,2.539267
1487,3170,2.554579
1488,3170,2.554579
1489,3160,2.546520
1490,3168,2.552967
1491,3170,2.554579
1492,3168,2.552967
1493,3168,2.552967
1494,3178,2.561026
1495,3151,2.539267
1496,3168,2.552967
1497,3168,2.552967
1498,3168,2.552967
1499,3168,2.552967
1500,3168,2.552967
1501,3168,2.552967
1502,3176,2.559414
1503,3168,2.552967
1504,3160,2.546520
1505,3168,2.552967
1506,3168,2.552967
1507,3168,2.552967
1508,3168,2.552967
1509,3168,2.552967
1510,3170,2.554579
1511,3151,2.539267
1512,3168,2.552967
1513,3168,2.552967
1514,3168,2.552967
1515,3168,2.552967
1516,3168,2.552967
1517,3151,2.539267
1518,3170,2.554579
1519,3168,2.552967
1520,3168,2.552967
1521,3168,2.552967
1522,3170,2.554579
1523,3168,2.552967
1524,3168,2.552967
1525,3170,2.554579
1526,3168,2.552967
1527,3170,2.554579
1528,3160,2.546520
1529,3168,2.552967
1530,3168,2.552967
1531,3168,2.552967
1532,3151,2.539267
1533,3170,2.554579
1534,3168,2.552967
1535,3168,2.552967
1536,3168,2.552967
1537,3168,2.552967
1538,3151,2.539267
1539,3170,2.554579
1540,3170,2.554579
1541,3147,2.536044
1542,3168,2.552967
1543,3168,2.552967
1544,3170,2.554579
1545,3168,2.552967
1546,3147,2.536044
1547,3168,2.552967
1548,3151,2.539267
1549,3168,2.552967
1550,3168,2.552967
1551,3168,2.552967
1552,3147,2.536044
1553,3160,2.546520
1554,3147,2.536044
1555,3170,2.554579
1556,3151,2.539267
1557,3168,2.552967
1558,3151,2.539267
1559,3168,2.552967
1560,3170,2.554579
1561,3147,2.536044
1562,3147,2.536044
1563,3168,2.552967
1564,3168,2.552967
1565,3168,2.552967
1566,3160,2.546520
1567,3151,2.539267
1568,3160,2.546520
1569,3176,2.559414
1570,3170,2.554579
1571,3151,2.539267
1572,3168,2.552967
1573,3160,2.546520
1574,3168,2.552967
1575,3168,2.552967
1576,3171,2.555385
1577,3151,2.539267
1578,3170,2.554579
1579,3168,2.552967
1580,3168,2.552967
1581,3171,2.555385
1582,3168,2.552967
1583,3160,2.546520
1584,3151,2.539267
1585,3168,2.552967
1586,3151,2.539267
1587,3146,2.535238
1588,3168,2.552967
1589,3147,2.536044
1590,3170,2.554579
1591,3168,2.552967
1592,3151,2.539267
1593,3168,2.552967
1594,3170,2.554579
1595,3168,2.552967
1596,3168,2.552967
1597,3147,2.536044
1598,3151,2.539267
1599,3151,2.539267
1600,3168,2.552967
1601,3168,2.552967
1602,3168,2.552967
1603,3147,2.536044
1604,3151,2.539267
1605,3147,2.536044
1606,3160,2.546520
1607,3147,2.536044
1608,3151,2.539267
1609,3151,2.539267
1610,3147,2.536044
1611,3151,2.539267
1612,3168,2.552967
1613,3151,2.539267
1614,3147,2.536044
1615,3168,2.552967
1616,3151,2.539267
1617,3151,2.539267
1618,3160,2.546520
1619,3147,2.536044
1620,3151,2.539267
1621,3147,2.536044
1622,3168,2.552967
1623,3151,2.539267
1624,3147,2.536044
1625,3144,2.533626
1626,3168,2.552967
1627,3151,2.539267
1628,3147,2.536044
1629,3151,2.539267
1630,3151,2.539267
1631,3151,2.539267
1632,3168,2.552967
1633,3151,2.539267
1634,3160,2.546520
1635,3151,2.539267
1636,3151,2.539267
1637,3147,2.536044
1638,3151,2.539267
1639,3151,2.539267
1640,3147,2.536044
1641,3147,2.536044
1642,3151,2.539267
1643,3151,2.539267
1644,3151,2.539267
1645,3151,2.539267
1646,3168,2.552967
1647,3151,2.539267
1648,3151,2.539267
1649,3147,2.536044
1650,3168,2.552967
1651,3147,2.536044
1652,3151,2.539267
1653,3147,2.536044
1654,3147,2.536044
1655,3168,2.552967
1656,3146,2.535238
1657,3147,2.536044
1658,3160,2.546520
1659,3151,2.539267
1660,3168,2.552967
1661,3147,2.536044
1662,3168,2.552967
1663,3147,2.536044
1664,3147,2.536044
1665,3147,2.536044
1666,3151,2.539267
1667,3168,2.552967
1668,3138,2.528791
1669,3151,2.539267
1670,3168,2.552967
1671,3151,2.539267
1672,3147,2.536044
1673,3147,2.536044
1674,3147,2.536044
1675,3139,2.529597
1676,3168,2.552967
1677,3151,2.539267
1678,3168,2.552967
1679,3147,2.536044
1680,3151,2.539267
1681,3147,2.536044
1682,3147,2.536044
1683,3147,2.536044
1684,3147,2.536044
1685,3146,2.535238
1686,3147,2.536044
1687,3151,2.539267
1688,3146,2.535238
1689,3146,2.535238
1690,3160,2.546520
1691,3151,2.539267
1692,3147,2.536044
1693,3147,2.536044
1694,3151,2.539267
1695,3147,2.536044
1696,3147,2.536044
1697,3146,2.535238
1698,3151,2.539267
1699,3147,2.536044
1700,3147,2.536044
1701,3147,2.536044
1702,3168,2.552967
1703,3146,2.535238
1704,3151,2.539267
1705,3146,2.535238
1706,3144,2.533626
1707,3151,2.539267
1708,3147,2.536044
1709,3136,2.527179
1710,3146,2.535238
1711,3147,2.536044
1712,3147,2.536044
1713,3151,2.539267
1714,3147,2.536044
1715,3147,2.536044
1716,3151,2.539267
1717,3147,2.536044
1718,3151,2.539267
1719,3147,2.536044
1720,3151,2.539267
1721,3146,2.535238
1722,3147,2.536044
1723,3151,2.539267
1724,3139,2.529597
1725,3146,2.535238
1726,3139,2.529597
1727,3147,2.536044
1728,3146,2.535238
1729,3139,2.529597
1730,3147,2.536044
1731,3147,2.536044
1732,3144,2.533626
1733,3146,2.535238
1734,3144,2.533626
1735,3144,2.533626
1736,3151,2.539267
1737,3147,2.536044
1738,3146,2.535238
1739,3146,2.535238
1740,3147,2.536044
1741,3151,2.539267
1742,3146,2.535238
1743,3168,2.552967
1744,3146,2.535238
1745,3151,2.539267
1746,3147,2.536044
1747,3146,2.535238
1748,3147,2.536044
1749,3147,2.536044
1750,3147,2.536044
1751,3146,2.535238
1752,3144,2.533626
1753,3147,2.536044
1754,3146,2.535238
1755,3144,2.533626
1756,3151,2.539267
1757,3139,2.529597
1758,3144,2.533626
1759,3144,2.533626
1760,3147,2.536044
1761,3146,2.535238
1762,3147,2.536044
1763,3139,2.529597
1764,3147,2.536044
1765,3144,2.533626
1766,3139,2.529597
1767,3139,2.529597
1768,3144,2.533626
1769,3144,2.533626
1770,3147,2.536044
1771,3136,2.527179
1772,3147,2.536044
1773,3138,2.528791
1774,3147,2.536044
1775,3131,2.523150
1776,3136,2.527179
1777,3146,2.535238
1778,3146,2.535238
1779,3146,2.535238
1780,3146,2.535238
1781,3144,2.533626
1782,3136,2.527179
1783,3147,2.536044
1784,3144,2.533626
1785,3146,2.535238
1786,3144,2.533626
1787,3139,2.529597
1788,3151,2.539267
1789,3138,2.528791
1790,3136,2.527179
1791,3139,2.529597
1792,3138,2.528791
1793,3147,2.536044
1794,3146,2.535238
1795,3139,2.529597
1796,3147,2.536044
1797,3147,2.536044
1798,3146,2.535238
1799,3130,2.522344
1800,3146,2.535238
1801,3144,2.533626
1802,3144,2.533626
1803,3130,2.522344
1804,3144,2.533626
1805,3146,2.535238
1806,3147,2.536044
1807,3139,2.529597
1808,3139,2.529597
1809,3139,2.529597
1810,3146,2.535238
1811,3139,2.529597
1812,3147,2.536044
1813,3146,2.535238
1814,3136,2.527179
1815,3138,2.528791
1816,3144,2.533626
1817,3138,2.528791
1818,3138,2.528791
1819,3138,2.528791
1820,3130,2.522344
1821,3138,2.528791
1822,3139,2.529597
1823,3131,2.523150
1824,3136,2.527179
1825,3144,2.533626
1826,3144,2.533626
1827,3144,2.533626
1828,3144,2.533626
1829,3146,2.535238
1830,3136,2.527179
1831,3147,2.536044
1832,3146,2.535238
1833,3138,2.528791
1834,3147,2.536044
1835,3128,2.520733
1836,3138,2.528791
1837,3139,2.529597
1838,3144,2.533626
1839,3144,2.533626
1840,3139,2.529597
1841,3146,2.535238
1842,3139,2.529597
1843,3144,2.533626
1844,3136,2.527179
1845,3144,2.533626
1846,3136,2.527179
1847,3144,2.533626
1848,3138,2.528791
1849,3138,2.528791
1850,3144,2.533626
1851,3136,2.527179
1852,3144,2.533626
1853,3144,2.533626
1854,3138,2.528791
1855,3136,2.527179
1856,3147,2.536044
1857,3136,2.527179
1858,3146,2.535238
1859,3144,2.533626
1860,3139,2.529597
1861,3131,2.523150
1862,3147,2.536044
1863,3139,2.529597
1864,3139,2.529597
1865,3147,2.536044
1866,3146,2.535238
1867,3139,2.529597
1868,3146,2.535238
1869,3146,2.535238
1870,3147,2.536044
1871,3138,2.528791
1872,3146,2.535238
1873,3146,2.535238
1874,3151,2.539267
1875,3146,2.535238
1876,3146,2.535238
1877,3139,2.529597
1878,3147,2.536044
1879,3151,2.539267
1880,3151,2.539267
1881,3131,2.523150
1882,3147,2.536044
1883,3144,2.533626
1884,3139,2.529597
1885,3147,2.536044
1886,3144,2.533626
1887,3147,2.536044
1888,3138,2.528791
1889,3146,2.535238
1890,3147,2.536044
1891,3146,2.535238
1892,3147,2.536044
1893,3147,2.536044
1894,3146,2.535238
1895,3131,2.523150
1896,3146,2.535238
1897,3147,2.536044
1898,3147,2.536044
1899,3139,2.529597
1900,3147,2.536044
1901,3147,2.536044
1902,3144,2.533626
1903,3138,2.528791
1904,3146,2.535238
1905,3151,2.539267
1906,3151,2.539267
1907,3151,2.539267
1908,3147,2.536044
1909,3147,2.536044
1910,3146,2.535238
1911,3139,2.529597
1912,3147,2.536044
1913,3168,2.552967
1914,3168,2.552967
1915,3147,2.536044
1916,3147,2.536044
1917,3147,2.536044
1918,3147,2.536044
1919,3147,2.536044
1920,3147,2.536044
1921,3168,2.552967
1922,3147,2.536044
1923,3147,2.536044
1924,3147,2.536044
1925,3151,2.539267
1926,3151,2.539267
1927,3147,2.536044
1928,3147,2.536044
1929,3151,2.539267
1930,3151,2.539267
1931,3151,2.539267
1932,3147,2.536044
1933,3147,2.536044
1934,3151,2.539267
1935,3147,2.536044
1936,3146,2.535238
1937,3147,2.536044
1938,3144,2.533626
1939,3147,2.536044
1940,3144,2.533626
1941,3147,2.536044
1942,3155,2.542491
1943,3147,2.536044
1944,3147,2.536044
1945,3151,2.539267
1946,3151,2.539267
1947,3147,2.536044
1948,3147,2.536044
1949,3147,2.536044
1950,3151,2.539267
1951,3147,2.536044
1952,3151,2.539267
1953,3147,2.536044
1954,3151,2.539267
1955,3151,2.539267
1956,3151,2.539267
1957,3151,2.539267
1958,3168,2.552967
1959,3147,2.536044
1960,3147,2.536044
1961,3168,2.552967
1962,3151,2.539267
1963,3147,2.536044
1964,3168,2.552967
1965,3147,2.536044
1966,3151,2.539267
1967,3147,2.536044
1968,3139,2.529597
1969,3147,2.536044
1970,3151,2.539267
1971,3151,2.539267
1972,3147,2.536044
1973,3151,2.539267
1974,3147,2.536044
1975,3151,2.539267
1976,3151,2.539267
1977,3170,2.554579
1978,3151,2.539267
1979,3146,2.535238
1980,3151,2.539267
1981,3147,2.536044
1982,3151,2.539267
1983,3146,2.535238
1984,3146,2.535238
1985,3138,2.528791
1986,3168,2.552967
1987,3151,2.539267
1988,3151,2.539267
1989,3144,2.533626
1990,3168,2.552967
1991,3147,2.536044
1992,3151,2.539267
1993,3144,2.533626
1994,3138,2.528791
1995,3147,2.536044
1996,3151,2.539267
1997,3146,2.535238
1998,3160,2.546520
1999,3151,2.539267
2000,3147,2.536044
2001,3146,2.535238
2002,3147,2.536044
2003,3147,2.536044
2004,3147,2.536044
2005,3146,2.535238
2006,3151,2.539267
2007,3147,2.536044
2008,3151,2.539267
2009,3144,2.533626
2010,3146,2.535238
2011,3147,2.536044
2012,3151,2.539267
2013,3146,2.535238
2014,3146,2.535238
2015,3139,2.529597
2016,3147,2.536044
2017,3147,2.536044
2018,3151,2.539267
2019,3144,2.533626
2020,3147,2.536044
2021,3147,2.536044
2022,3147,2.536044
2023,3147,2.536044
2024,3146,2.535238
2025,3146,2.535238
2026,3146,2.535238
2027,3147,2.536044
2028,3151,2.539267
2029,3146,2.535238
2030,3147,2.536044
2031,3139,2.529597
2032,3147,2.536044
2033,3151,2.539267
2034,3147,2.536044
2035,3147,2.536044
2036,3147,2.536044
2037,3147,2.536044
2038,3147,2.536044
2039,3146,2.535238
2040,3147,2.536044
2041,3147,2.536044
2042,3147,2.536044
2043,3151,2.539267
2044,3147,2.536044
2045,3138,2.528791
2046,3144,2.533626
2047,3138,2.528791
2048,3146,2.535238
2049,3147,2.536044
2050,3139,2.529597
2051,3147,2.536044
2052,3146,2.535238
2053,3139,2.529597
2054,3146,2.535238
2055,3151,2.539267
2056,3146,2.535238
2057,3151,2.539267
2058,3147,2.536044
2059,3146,2.535238
2060,3147,2.536044
2061,3139,2.529597
2062,3138,2.528791
2063,3147,2.536044
2064,3146,2.535238
2065,3147,2.536044
2066,3147,2.536044
2067,3147,2.536044
2068,3146,2.535238
2069,3147,2.536044
2070,3147,2.536044
2071,3146,2.535238
2072,3147,2.536044
2073,3146,2.535238
2074,3144,2.533626
2075,3151,2.539267
2076,3147,2.536044
2077,3144,2.533626
2078,3138,2.528791
2079,3147,2.536044
2080,3147,2.536044
2081,3139,2.529597
2082,3147,2.536044
2083,3146,2.535238
2084,3146,2.535238
2085,3151,2.539267
2086,3151,2.539267
2087,3146,2.535238
2088,3147,2.536044
2089,3147,2.536044
2090,3147,2.536044
2091,3147,2.536044
2092,3147,2.536044
2093,3147,2.536044
2094,3147,2.536044
2095,3147,2.536044
2096,3146,2.535238
2097,3147,2.536044
2098,3147,2.536044
2099,3147,2.536044
2100,3151,2.539267
2101,3147,2.536044
2102,3147,2.536044
2103,3139,2.529597
2104,3147,2.536044
2105,3144,2.533626
2106,3168,2.552967
2107,3147,2.536044
2108,3146,2.535238
2109,3147,2.536044
2110,3146,2.535238
2111,3151,2.539267
2112,3151,2.539267
2113,3147,2.536044
2114,3151,2.539267
2115,3146,2.535238
2116,3146,2.535238
2117,3151,2.539267
2118,3151,2.539267
2119,3147,2.536044
2120,3147,2.536044
2121,3151,2.539267
2122,3160,2.546520
2123,3147,2.536044
2124,3151,2.539267
2125,3168,2.552967
2126,3160,2.546520
2127,3168,2.552967
2128,3147,2.536044
2129,3147,2.536044
2130,3168,2.552967
2131,3151,2.539267
2132,3147,2.536044
2133,3151,2.539267
2134,3168,2.552967
2135,3151,2.539267
2136,3146,2.535238
2137,3151,2.539267
2138,3146,2.535238
2139,3147,2.536044
2140,3170,2.554579
2141,3160,2.546520
2142,3151,2.539267
2143,3168,2.552967
2144,3168,2.552967
2145,3168,2.552967
2146,3147,2.536044
2147,3151,2.539267
2148,3151,2.539267
2149,3151,2.539267
2150,3147,2.536044
2151,3151,2.539267
2152,3147,2.536044
2153,3160,2.546520
2154,3168,2.552967
2155,3168,2.552967
2156,3151,2.539267
2157,3147,2.536044
2158,3168,2.552967
2159,3151,2.539267
2160,3168,2.552967
2161,3151,2.539267
2162,3151,2.539267
2163,3151,2.539267
2164,3168,2.552967
2165,3168,2.552967
2166,3168,2.552967
2167,3147,2.536044
2168,3147,2.536044
2169,3168,2.552967
2170,3168,2.552967
2171,3168,2.552967
2172,3147,2.536044
2173,3147,2.536044
2174,3151,2.539267
2175,3151,2.539267
2176,3171,2.555385
2177,3147,2.536044
2178,3151,2.539267
2179,3168,2.552967
2180,3151,2.539267
2181,3151,2.539267
2182,3151,2.539267
2183,3168,2.552967
2184,3160,2.546520
2185,3151,2.539267
2186,3168,2.552967
2187,3151,2.539267
2188,3168,2.552967
2189,3168,2.552967
2190,3160,2.546520
2191,3168,2.552967
2192,3151,2.539267
2193,3168,2.552967
2194,3168,2.552967
2195,3168,2.552967
2196,3151,2.539267
2197,3160,2.546520
2198,3160,2.546520
2199,3160,2.546520
2200,3151,2.539267
2201,3168,2.552967
2202,3168,2.552967
2203,3168,2.552967
2204,3151,2.539267
2205,3168,2.552967
2206,3151,2.539267
2207,3147,2.536044
2208,3147,2.536044
2209,3168,2.552967
2210,3160,2.546520
2211,3147,2.536044
2212,3151,2.539267
2213,3151,2.539267
2214,3171,2.555385
2215,3147,2.536044
2216,3147,2.536044
2217,3168,2.552967
2218,3168,2.552967
2219,3151,2.539267
2220,3168,2.552967
2221,3151,2.539267
2222,3151,2.539267
2223,3151,2.539267
2224,3147,2.536044
2225,3151,2.539267
2226,3151,2.539267
2227,3151,2.539267
2228,3147,2.536044
2229,3168,2.552967
2230,3147,2.536044
2231,3138,2.528791
2232,3151,2.539267
2233,3151,2.539267
2234,3146,2.535238
2235,3146,2.535238
2236,3147,2.536044
2237,3147,2.536044
2238,3146,2.535238
2239,3168,2.552967
2240,3151,2.539267
2241,3144,2.533626
2242,3146,2.535238
2243,3144,2.533626
2244,3136,2.527179
2245,3144,2.533626
2246,3144,2.533626
2247,3136,2.527179
2248,3138,2.528791
2249,3138,2.528791
2250,3138,2.528791
2251,3138,2.528791
2252,3136,2.527179
2253,3130,2.522344
2254,3136,2.527179
2255,3131,2.523150
2256,3130,2.522344
2257,3119,2.513480
2258,3136,2.527179
2259,3130,2.522344
2260,3119,2.513480
2261,3130,2.522344
2262,3130,2.522344
2263,3114,2.509451
2264,3115,2.510256
2265,3119,2.513480
2266,3128,2.520733
2267,3107,2.503810
2268,3107,2.503810
2269,3115,2.510256
2270,3114,2.509451
2271,3115,2.510256
2272,3112,2.507839
2273,3107,2.503810
2274,3112,2.507839
2275,3106,2.503004
2276,3106,2.503004
2277,3104,2.501392
2278,3114,2.509451
2279,3106,2.503004
2280,3104,2.501392
2281,3106,2.503004
2282,3104,2.501392
2283,3104,2.501392
2284,3087,2.487692
2285,3104,2.501392
2286,3104,2.501392
2287,3083,2.484469
2288,3083,2.484469
2289,3083,2.484469
2290,3096,2.494945
2291,3087,2.487692
2292,3083,2.484469
2293,3087,2.487692
2294,3083,2.484469
2295,3075,2.478022
2296,3075,2.478022
2297,3072,2.475604
2298,3080,2.482051
2299,3072,2.475604
2300,3072,2.475604
2301,3072,2.475604
2302,3072,2.475604
2303,3072,2.475604
2304,3072,2.475604
2305,3072,2.475604
2306,3072,2.475604
2307,3072,2.475604
2308,3048,2.456264
2309,3072,2.475604
2310,3072,2.475604
2311,3072,2.475604
2312,3040,2.449817
2313,3042,2.451429
2314,3040,2.449817
2315,3040,2.449817
2316,3042,2.451429
2317,3018,2.432088
2318,3018,2.432088
2319,3018,2.432088
2320,3023,2.436117
2321,3023,2.436117
2322,3016,2.430476
2323,3018,2.432088
2324,3023,2.436117
2325,3018,2.432088
2326,3008,2.424029
2327,3010,2.425641
2328,3016,2.430476
2329,3000,2.417582
2330,3023,2.436117
2331,3010,2.425641
2332,3008,2.424029
2333,3008,2.424029
2334,3016,2.430476
2335,3002,2.419194
2336,3011,2.426447
2337,3002,2.419194
2338,3010,2.425641
2339,3002,2.419194
2340,3003,2.420000
2341,3011,2.426447
2342,3011,2.426447
2343,3018,2.432088
2344,3018,2.432088
2345,3016,2.430476
2346,3018,2.432088
2347,3023,2.436117
2348,3019,2.432894
2349,3019,2.432894
2350,3040,2.449817
2351,3040,2.449817
2352,3040,2.449817
2353,3042,2.451429
2354,3048,2.456264
2355,3032,2.443370
2356,3043,2.452234
2357,3072,2.475604
2358,3072,2.475604
2359,3072,2.475604
2360,3072,2.475604
2361,3072,2.475604
2362,3072,2.475604
2363,3072,2.475604
2364,3072,2.475604
2365,3074,2.477216
2366,3075,2.478022
2367,3082,2.483663
2368,3074,2.477216
2369,3083,2.484469
2370,3087,2.487692
2371,3087,2.487692
2372,3082,2.483663
2373,3096,2.494945
2374,3104,2.501392
2375,3087,2.487692
2376,3104,2.501392
2377,3104,2.501392
2378,3106,2.503004
2379,3106,2.503004
2380,3106,2.503004
2381,3107,2.503810
2382,3112,2.507839
2383,3112,2.507839
2384,3107,2.503810
2385,3115,2.510256
2386,3119,2.513480
2387,3115,2.510256
2388,3115,2.510256
2389,3114,2.509451
2390,3128,2.520733
2391,3131,2.523150
2392,3144,2.533626
2393,3128,2.520733
2394,3136,2.527179
2395,3136,2.527179
2396,3131,2.523150
2397,3138,2.528791
2398,3138,2.528791
2399,3139,2.529597
2400,3139,2.529597
2401,3144,2.533626
2402,3139,2.529597
2403,3144,2.533626
2404,3144,2.533626
2405,3151,2.539267
2406,3147,2.536044
2407,3146,2.535238
2408,3146,2.535238
2409,3147,2.536044
2410,3147,2.536044
2411,3151,2.539267
2412,3147,2.536044
2413,3151,2.539267
2414,3160,2.546520
2415,3147,2.536044
2416,3160,2.546520
2417,3151,2.539267
2418,3168,2.552967
2419,3168,2.552967
2420,3151,2.539267
2421,3147,2.536044
2422,3151,2.539267
2423,3151,2.539267
2424,3168,2.552967
2425,3168,2.552967
2426,3168,2.552967
2427,3151,2.539267
2428,3168,2.552967
2429,3168,2.552967
2430,3171,2.555385
2431,3168,2.552967
2432,3170,2.554579
2433,3168,2.552967
2434,3168,2.552967
2435,3168,2.552967
2436,3178,2.561026
2437,3176,2.559414
2438,3171,2.555385
2439,3168,2.552967
2440,3170,2.554579
2441,3170,2.554579
2442,3151,2.539267
2443,3168,2.552967
2444,3170,2.554579
2445,3168,2.552967
2446,3168,2.552967
2447,3176,2.559414
2448,3170,2.554579
2449,3168,2.552967
2450,3168,2.552967
2451,3176,2.559414
2452,3168,2.552967
2453,3179,2.561832
2454,3168,2.552967
2455,3176,2.559414
2456,3170,2.554579
2457,3170,2.554579
2458,3168,2.552967
2459,3168,2.552967
2460,3178,2.561026
2461,3179,2.561832
2462,3178,2.561026
2463,3168,2.552967
2464,3170,2.554579
2465,3168,2.552967
2466,3170,2.554579
2467,3179,2.561832
2468,3171,2.555385
2469,3151,2.539267
2470,3178,2.561026
2471,3179,2.561832
2472,3176,2.559414
2473,3176,2.559414
2474,3176,2.559414
2475,3168,2.552967
2476,3171,2.555385
2477,3178,2.561026
2478,3168,2.552967
2479,3171,2.555385
2480,3178,2.561026
2481,3179,2.561832
2482,3179,2.561832
2483,3171,2.555385
2484,3183,2.565055
2485,3179,2.561832
2486,3176,2.559414
2487,3178,2.561026
2488,3192,2.572308
2489,3183,2.565055
2490,3170,2.554579
2491,3179,2.561832
2492,3176,2.559414
2493,3178,2.561026
2494,3170,2.554579
2495,3170,2.554579
2496,3170,2.554579
2497,3171,2.555385
2498,3178,2.561026
2499,3176,2.559414
2500,3179,2.561832
2501,3179,2.561832
2502,3179,2.561832
2503,3168,2.552967
2504,3178,2.561026
2505,3176,2.559414
2506,3178,2.561026
2507,3171,2.555385
2508,3170,2.554579
2509,3176,2.559414
2510,3176,2.559414
2511,3178,2.561026
2512,3179,2.561832
2513,3178,2.561026
2514,3171,2.555385
2515,3171,2.555385
2516,3176,2.559414
2517,3176,2.559414
2518,3179,2.561832
2519,3168,2.552967
2520,3170,2.554579
2521,3178,2.561026
2522,3179,2.561832
2523,3168,2.552967
2524,3170,2.554579
2525,3170,2.554579
2526,3170,2.554579
2527,3183,2.565055
2528,3168,2.552967
2529,3179,2.561832
2530,3178,2.561026
2531,3170,2.554579
2532,3178,2.561026
2533,3170,2.554579
2534,3168,2.552967
2535,3178,2.561026
2536,3183,2.565055
2537,3170,2.554579
2538,3179,2.561832
2539,3178,2.561026
2540,3170,2.554579
2541,3171,2.555385
2542,3168,2.552967
2543,3168,2.552967
2544,3179,2.561832
2545,3170,2.554579
2546,3170,2.554579
2547,3170,2.554579
2548,3171,2.555385
2549,3170,2.554579
2550,3170,2.554579
2551,3168,2.552967
2552,3170,2.554579
2553,3160,2.546520
2554,3170,2.554579
2555,3168,2.552967
2556,3170,2.554579
2557,3178,2.561026
2558,3176,2.559414
2559,3170,2.554579
2560,3170,2.554579
2561,3176,2.559414
2562,3176,2.559414
2563,3178,2.561026
2564,3171,2.555385
2565,3170,2.554579
2566,3176,2.559414
2567,3176,2.559414
2568,3168,2.552967
2569,3170,2.554579
2570,3171,2.555385
2571,3171,2.555385
2572,3168,2.552967
2573,3171,2.555385
2574,3178,2.561026
2575,3168,2.552967
2576,3171,2.555385
2577,3171,2.555385
2578,3171,2.555385
2579,3178,2.561026
2580,3171,2.555385
2581,3168,2.552967
2582,3168,2.552967
2583,3168,2.552967
2584,3178,2.561026
2585,3168,2.552967
2586,3179,2.561832
2587,3168,2.552967
2588,3179,2.561832
2589,3171,2.555385
2590,3171,2.555385
2591,3176,2.559414
2592,3176,2.559414
2593,3168,2.552967
2594,3178,2.561026
2595,3170,2.554579
2596,3170,2.554579
2597,3171,2.555385
2598,3170,2.554579
2599,3178,2.561026
2600,3171,2.555385
2601,3178,2.561026
2602,3168,2.552967
2603,3168,2.552967
2604,3176,2.559414
2605,3178,2.561026
2606,3168,2.552967
2607,3168,2.552967
2608,3170,2.554579
2609,3168,2.552967
2610,3171,2.555385
2611,3168,2.552967
2612,3168,2.552967
2613,3170,2.554579
2614,3170,2.554579
2615,3176,2.559414
2616,3168,2.552967
2617,3168,2.552967
2618,3170,2.554579
2619,3170,2.554579
2620,3168,2.552967
2621,3168,2.552967
2622,3168,2.552967
2623,3170,2.554579
2624,3171,2.555385
2625,3168,2.552967
2626,3179,2.561832
2627,3170,2.554579
2628,3170,2.554579
2629,3168,2.552967
2630,3168,2.552967
2631,3168,2.552967
2632,3168,2.552967
2633,3168,2.552967
2634,3179,2.561832
2635,3168,2.552967
2636,3170,2.554579
2637,3168,2.552967
2638,3170,2.554579
2639,3168,2.552967
2640,3168,2.552967
2641,3170,2.554579
2642,3170,2.554579
2643,3170,2.554579
2644,3168,2.552967
2645,3168,2.552967
2646,3151,2.539267
2647,3170,2.554579
2648,3170,2.554579
2649,3168,2.552967
2650,3176,2.559414
2651,3171,2.555385
2652,3168,2.552967
2653,3168,2.552967
2654,3170,2.554579
2655,3171,2.555385
2656,3168,2.552967
2657,3171,2.555385
2658,3171,2.555385
2659,3170,2.554579
2660,3171,2.555385
2661,3170,2.554579
2662,3170,2.554579
2663,3170,2.554579
2664,3168,2.552967
2665,3168,2.552967
2666,3168,2.552967
2667,3168,2.552967
2668,3168,2.552967
2669,3171,2.555385
2670,3168,2.552967
2671,3170,2.554579
2672,3170,2.554579
2673,3168,2.552967
2674,3171,2.555385
2675,3170,2.554579
2676,3178,2.561026
2677,3151,2.539267
2678,3170,2.554579
2679,3151,2.539267
2680,3171,2.555385
2681,3170,2.554579
2682,3168,2.552967
2683,3176,2.559414
2684,3170,2.554579
2685,3168,2.552967
2686,3168,2.552967
2687,3151,2.539267
2688,3168,2.552967
2689,3168,2.552967
2690,3170,2.554579
2691,3178,2.561026
2692,3151,2.539267
2693,3171,2.555385
2694,3168,2.552967
2695,3171,2.555385
2696,3176,2.559414
2697,3170,2.554579
2698,3168,2.552967
2699,3170,2.554579
2700,3168,2.552967
2701,3151,2.539267
2702,3151,2.539267
2703,3170,2.554579
2704,3168,2.552967
2705,3170,2.554579
2706,3168,2.552967
2707,3168,2.552967
2708,3168,2.552967
2709,3168,2.552967
2710,3168,2.552967
2711,3168,2.552967
2712,3151,2.539267
2713,3168,2.552967
2714,3160,2.546520
2715,3168,2.552967
2716,3168,2.552967
2717,3168,2.552967
2718,3171,2.555385
2719,3168,2.552967
2720,3168,2.552967
2721,3168,2.552967
2722,3168,2.552967
2723,3168,2.552967
2724,3170,2.554579
2725,3168,2.552967
2726,3168,2.552967
2727,3151,2.539267
2728,3151,2.539267
2729,3168,2.552967
2730,3168,2.552967
2731,3168,2.552967
2732,3168,2.552967
2733,3151,2.539267
2734,3170,2.554579
2735,3170,2.554579
2736,3168,2.552967
2737,3168,2.552967
2738,3168,2.552967
2739,3178,2.561026
2740,3147,2.536044
2741,3168,2.552967
2742,3168,2.552967
2743,3170,2.554579
2744,3170,2.554579
2745,3168,2.552967
2746,3160,2.546520
2747,3160,2.546520
2748,3168,2.552967
2749,3170,2.554579
2750,3147,2.536044
2751,3168,2.552967
2752,3168,2.552967
2753,3151,2.539267
2754,3168,2.552967
2755,3170,2.554579
2756,3151,2.539267
2757,3151,2.539267
2758,3168,2.552967
2759,3168,2.552967
2760,3168,2.552967
2761,3168,2.552967
2762,3151,2.539267
2763,3168,2.552967
2764,3168,2.552967
2765,3168,2.552967
2766,3151,2.539267
2767,3168,2.552967
2768,3176,2.559414
2769,3168,2.552967
2770,3171,2.555385
2771,3147,2.536044
2772,3168,2.552967
2773,3168,2.552967
2774,3168,2.552967
2775,3151,2.539267
2776,3168,2.552967
2777,3151,2.539267
2778,3151,2.539267
2779,3170,2.554579
2780,3168,2.552967
2781,3168,2.552967
2782,3151,2.539267
2783,3168,2.552967
2784,3151,2.539267
2785,3170,2.554579
2786,3170,2.554579
2787,3151,2.539267
2788,3151,2.539267
2789,3168,2.552967
2790,3168,2.552967
2791,3170,2.554579
2792,3147,2.536044
2793,3168,2.552967
2794,3168,2.552967
2795,3168,2.552967
2796,3170,2.554579
2797,3170,2.554579
2798,3168,2.552967
2799,3168,2.552967
2800,3160,2.546520
2801,3147,2.536044
2802,3168,2.552967
2803,3160,2.546520
2804,3170,2.554579
2805,3168,2.552967
2806,3168,2.552967
2807,3168,2.552967
2808,3168,2.552967
2809,3151,2.539267
2810,3168,2.552967
2811,3168,2.552967
2812,3168,2.552967
2813,3168,2.552967
2814,3147,2.536044
2815,3151,2.539267
2816,3168,2.552967
2817,3168,2.552967
2818,3170,2.554579
2819,3168,2.552967
2820,3168,2.552967
2821,3151,2.539267
2822,3168,2.552967
2823,3168,2.552967
2824,3151,2.539267
2825,3151,2.539267
2826,3168,2.552967
2827,3168,2.552967
2828,3168,2.552967
2829,3168,2.552967
2830,3168,2.552967
2831,3147,2.536044
2832,3168,2.552967
2833,3151,2.539267
2834,3147,2.536044
2835,3160,2.546520
2836,3151,2.539267
2837,3168,2.552967
2838,3168,2.552967
2839,3168,2.552967
2840,3168,2.552967
2841,3168,2.552967
2842,3168,2.552967
2843,3147,2.536044
2844,3151,2.539267
2845,3170,2.554579
2846,3160,2.546520
2847,3151,2.539267
2848,3160,2.546520
2849,3168,2.552967
2850,3168,2.552967
2851,3151,2.539267
2852,3151,2.539267
2853,3147,2.536044
2854,3151,2.539267
2855,3151,2.539267
2856,3168,2.552967
2857,3168,2.552967
2858,3168,2.552967
2859,3151,2.539267
2860,3151,2.539267
2861,3147,2.536044
2862,3168,2.552967
2863,3151,2.539267
2864,3168,2.552967
2865,3151,2.539267
2866,3151,2.539267
2867,3168,2.552967
2868,3168,2.552967
2869,3168,2.552967
2870,3151,2.539267
2871,3151,2.539267
2872,3147,2.536044
2873,3151,2.539267
2874,3168,2.552967
2875,3147,2.536044
2876,3151,2.539267
2877,3151,2.539267
2878,3171,2.555385
2879,3160,2.546520
2880,3151,2.539267
2881,3151,2.539267
2882,3168,2.552967
2883,3151,2.539267
2884,3147,2.536044
2885,3151,2.539267
2886,3151,2.539267
2887,3147,2.536044
2888,3168,2.552967
2889,3151,2.539267
2890,3147,2.536044
2891,3146,2.535238
2892,3151,2.539267
2893,3151,2.539267
2894,3168,2.552967
2895,3147,2.536044
2896,3151,2.539267
2897,3151,2.539267
2898,3151,2.539267
2899,3168,2.552967
2900,3151,2.539267
2901,3155,2.542491
2902,3160,2.546520
2903,3168,2.552967
2904,3151,2.539267
2905,3160,2.546520
2906,3146,2.535238
2907,3168,2.552967
2908,3151,2.539267
2909,3168,2.552967
2910,3151,2.539267
2911,3147,2.536044
2912,3151,2.539267
2913,3151,2.539267
2914,3160,2.546520
2915,3146,2.535238
2916,3147,2.536044
2917,3147,2.536044
2918,3160,2.546520
2919,3168,2.552967
2920,3147,2.536044
2921,3151,2.539267
2922,3147,2.536044
2923,3151,2.539267
2924,3151,2.539267
2925,3147,2.536044
2926,3151,2.539267
2927,3144,2.533626
2928,3147,2.536044
2929,3151,2.539267
2930,3151,2.539267
2931,3147,2.536044
2932,3151,2.539267
2933,3146,2.535238
2934,3160,2.546520
2935,3160,2.546520
2936,3147,2.536044
2937,3147,2.536044
2938,3147,2.536044
2939,3151,2.539267
2940,3151,2.539267
2941,3160,2.546520
2942,3151,2.539267
2943,3151,2.539267
2944,3147,2.536044
2945,3147,2.536044
2946,3146,2.535238
2947,3151,2.539267
2948,3168,2.552967
2949,3147,2.536044
2950,3151,2.539267
2951,3147,2.536044
2952,3168,2.552967
2953,3168,2.552967
2954,3151,2.539267
2955,3168,2.552967
2956,3151,2.539267
2957,3168,2.552967
2958,3151,2.539267
2959,3151,2.539267
2960,3147,2.536044
2961,3151,2.539267
2962,3151,2.539267
2963,3151,2.539267
2964,3147,2.536044
2965,3147,2.536044
2966,3147,2.536044
2967,3144,2.533626
2968,3147,2.536044
2969,3160,2.546520
2970,3146,2.535238
2971,3151,2.539267
2972,3147,2.536044
2973,3146,2.535238
2974,3168,2.552967
2975,3151,2.539267
2976,3144,2.533626
2977,3151,2.539267
2978,3160,2.546520
2979,3147,2.536044
2980,3151,2.539267
2981,3147,2.536044
2982,3146,2.535238
2983,3144,2.533626
2984,3151,2.539267
2985,3147,2.536044
2986,3147,2.536044
2987,3151,2.539267
2988,3147,2.536044
2989,3147,2.536044
2990,3147,2.536044
2991,3147,2.536044
2992,3147,2.536044
2993,3139,2.529597
2994,3146,2.535238
2995,3147,2.536044
2996,3144,2.533626
2997,3139,2.529597
2998,3146,2.535238
2999,3151,2.539267
3000,3147,2.536044
3001,3147,2.536044
3002,3168,2.552967
3003,3144,2.533626
3004,3146,2.535238
3005,3139,2.529597
3006,3168,2.552967
3007,3146,2.535238
3008,3147,2.536044
3009,3147,2.536044
3010,3168,2.552967
3011,3139,2.529597
3012,3147,2.536044
3013,3139,2.529597
3014,3136,2.527179
3015,3151,2.539267
3016,3144,2.533626
3017,3146,2.535238
3018,3146,2.535238
3019,3146,2.535238
3020,3151,2.539267
3021,3147,2.536044
3022,3146,2.535238
3023,3147,2.536044
3024,3147,2.536044
3025,3147,2.536044
3026,3147,2.536044
3027,3146,2.535238
3028,3139,2.529597
3029,3138,2.528791
3030,3146,2.535238
3031,3138,2.528791
3032,3139,2.529597
3033,3144,2.533626
3034,3151,2.539267
3035,3144,2.533626
3036,3146,2.535238
3037,3131,2.523150
3038,3136,2.527179
3039,3144,2.533626
3040,3139,2.529597
3041,3146,2.535238
3042,3136,2.527179
3043,3139,2.529597
3044,3144,2.533626
3045,3146,2.535238
3046,3146,2.535238
3047,3146,2.535238
3048,3138,2.528791
3049,3144,2.533626
3050,3146,2.535238
3051,3144,2.533626
3052,3136,2.527179
3053,3138,2.528791
3054,3147,2.536044
3055,3144,2.533626
3056,3131,2.523150
3057,3138,2.528791
3058,3138,2.528791
3059,3144,2.533626
3060,3138,2.528791
3061,3139,2.529597
3062,3136,2.527179
3063,3144,2.533626
3064,3130,2.522344
3065,3139,2.529597
3066,3146,2.535238
3067,3144,2.533626
3068,3130,2.522344
3069,3139,2.529597
3070,3139,2.529597
3071,3131,2.523150
3072,3136,2.527179
3073,3139,2.529597
3074,3138,2.528791
3075,3136,2.527179
3076,3144,2.533626
3077,3136,2.527179
3078,3138,2.528791
3079,3138,2.528791
3080,3136,2.527179
3081,3131,2.523150
3082,3138,2.528791
3083,3138,2.528791
3084,3131,2.523150
3085,3131,2.523150
3086,3130,2.522344
3087,3119,2.513480
3088,3130,2.522344
3089,3136,2.527179
3090,3128,2.520733
3091,3136,2.527179
3092,3119,2.513480
3093,3130,2.522344
3094,3119,2.513480
3095,3128,2.520733
3096,3131,2.523150
3097,3130,2.522344
3098,3131,2.523150
3099,3130,2.522344
3100,3138,2.528791
3101,3130,2.522344
3102,3112,2.507839
3103,3130,2.522344
3104,3128,2.520733
3105,3138,2.528791
3106,3131,2.523150
3107,3119,2.513480
3108,3115,2.510256
3109,3119,2.513480
3110,3130,2.522344
3111,3131,2.523150
3112,3130,2.522344
3113,3119,2.513480
3114,3130,2.522344
3115,3115,2.510256
3116,3119,2.513480
3117,3138,2.528791
3118,3119,2.513480
3119,3119,2.513480
3120,3115,2.510256
3121,3119,2.513480
3122,3115,2.510256
3123,3130,2.522344
3124,3131,2.523150
3125,3130,2.522344
3126,3115,2.510256
3127,3115,2.510256
3128,3128,2.520733
3129,3130,2.522344
3130,3119,2.513480
3131,3114,2.509451
3132,3119,2.513480
3133,3130,2.522344
3134,3119,2.513480
3135,3114,2.509451
3136,3114,2.509451
3137,3119,2.513480
3138,3119,2.513480
3139,3119,2.513480
3140,3115,2.510256
3141,3115,2.510256
3142,3115,2.510256
3143,3114,2.509451
3144,3119,2.513480
3145,3114,2.509451
3146,3114,2.509451
3147,3115,2.510256
3148,3119,2.513480
3149,3112,2.507839
3150,3112,2.507839
3151,3119,2.513480
3152,3114,2.509451
3153,3114,2.509451
3154,3115,2.510256
3155,3119,2.513480
3156,3106,2.503004
3157,3106,2.503004
3158,3112,2.507839
3159,3104,2.501392
3160,3106,2.503004
3161,3107,2.503810
3162,3106,2.503004
3163,3114,2.509451
3164,3112,2.507839
3165,3114,2.509451
3166,3112,2.507839
3167,3112,2.507839
3168,3106,2.503004
3169,3104,2.501392
3170,3115,2.510256
3171,3104,2.501392
3172,3104,2.501392
3173,3104,2.501392
3174,3087,2.487692
3175,3112,2.507839
3176,3106,2.503004
3177,3114,2.509451
3178,3087,2.487692
3179,3104,2.501392
3180,3107,2.503810
3181,3104,2.501392
3182,3106,2.503004
3183,3104,2.501392
3184,3104,2.501392
3185,3104,2.501392
3186,3104,2.501392
3187,3104,2.501392
3188,3104,2.501392
3189,3106,2.503004
3190,3104,2.501392
3191,3104,2.501392
3192,3104,2.501392
3193,3104,2.501392
3194,3087,2.487692
3195,3096,2.494945
3196,3104,2.501392
3197,3083,2.484469
3198,3082,2.483663
3199,3087,2.487692
3200,3104,2.501392
3201,3087,2.487692
3202,3087,2.487692
3203,3083,2.484469
3204,3087,2.487692
3205,3083,2.484469
3206,3087,2.487692
3207,3083,2.484469
3208,3082,2.483663
3209,3087,2.487692
3210,3074,2.477216
3211,3082,2.483663
3212,3083,2.484469
3213,3082,2.483663
3214,3083,2.484469
3215,3080,2.482051
3216,3072,2.475604
3217,3083,2.484469
3218,3082,2.483663
3219,3080,2.482051
3220,3087,2.487692
3221,3083,2.484469
3222,3072,2.475604
3223,3082,2.483663
3224,3083,2.484469
3225,3083,2.484469
3226,3074,2.477216
3227,3074,2.477216
3228,3080,2.482051
3229,3080,2.482051
3230,3072,2.475604
3231,3072,2.475604
3232,3072,2.475604
3233,3074,2.477216
3234,3072,2.475604
3235,3075,2.478022
3236,3074,2.477216
3237,3074,2.477216
3238,3075,2.478022
3239,3072,2.475604
3240,3072,2.475604
3241,3072,2.475604
3242,3072,2.475604
3243,3072,2.475604
3244,3072,2.475604
3245,3072,2.475604
3246,3072,2.475604
3247,3072,2.475604
3248,3072,2.475604
3249,3072,2.475604
3250,3072,2.475604
3251,3072,2.475604
3252,3072,2.475604
3253,3072,2.475604
3254,3072,2.475604
3255,3072,2.475604
3256,3072,2.475604
3257,3072,2.475604
3258,3072,2.475604
3259,3072,2.475604
3260,3072,2.475604
3261,3072,2.475604
3262,3042,2.451429
3263,3072,2.475604
3264,3072,2.475604
3265,3072,2.475604
3266,3072,2.475604
3267,3072,2.475604
3268,3048,2.456264
3269,3072,2.475604
3270,3043,2.452234
3271,3050,2.457875
3272,3072,2.475604
3273,3040,2.449817
3274,3050,2.457875
3275,3072,2.475604
3276,3072,2.475604
3277,3050,2.457875
3278,3040,2.449817
3279,3043,2.452234
3280,3072,2.475604
3281,3040,2.449817
3282,3042,2.451429
3283,3043,2.452234
3284,3040,2.449817
3285,3042,2.451429
3286,3048,2.456264
3287,3040,2.449817
3288,3042,2.451429
3289,3040,2.449817
3290,3043,2.452234
3291,3072,2.475604
3292,3050,2.457875
3293,3048,2.456264
3294,3042,2.451429
3295,3042,2.451429
3296,3040,2.449817
3297,3040,2.449817
3298,3043,2.452234
3299,3040,2.449817
3300,3019,2.432894
3301,3032,2.443370
3302,3042,2.451429
3303,3040,2.449817
3304,3040,2.449817
3305,3040,2.449817
3306,3032,2.443370
3307,3040,2.449817
3308,3042,2.451429
3309,3032,2.443370
3310,3040,2.449817
3311,3040,2.449817
3312,3040,2.449817
3313,3040,2.449817
3314,3023,2.436117
3315,3042,2.451429
3316,3019,2.432894
3317,3040,2.449817
3318,3040,2.449817
3319,3023,2.436117
3320,3032,2.443370
3321,3040,2.449817
3322,3023,2.436117
3323,3023,2.436117
3324,3032,2.443370
3325,3040,2.449817
3326,3040,2.449817
3327,3019,2.432894
3328,3032,2.443370
3329,3040,2.449817
3330,3023,2.436117
3331,3040,2.449817
3332,3019,2.432894
3333,3019,2.432894
3334,3018,2.432088
3335,3019,2.432894
3336,3023,2.436117
3337,3023,2.436117
3338,3032,2.443370
3339,3019,2.432894
3340,3019,2.432894
3341,3018,2.432088
3342,3023,2.436117
3343,3018,2.432088
3344,3023,2.436117
3345,3023,2.436117
3346,3023,2.436117
3347,3023,2.436117
3348,3016,2.430476
3349,3023,2.436117
3350,3019,2.432894
3351,3023,2.436117
3352,3019,2.432894
3353,3023,2.436117
3354,3019,2.432894
3355,3019,2.432894
3356,3011,2.426447
3357,3019,2.432894
3358,3018,2.432088
3359,3011,2.426447
3360,3023,2.436117
3361,3023,2.436117
3362,3019,2.432894
3363,3011,2.426447
3364,3008,2.424029
3365,3023,2.436117
3366,3019,2.432894
3367,3011,2.426447
3368,3011,2.426447
3369,3016,2.430476
3370,3019,2.432894
3371,3018,2.432088
3372,3016,2.430476
3373,3016,2.430476
3374,3010,2.425641
3375,3019,2.432894
3376,3018,2.432088
3377,3018,2.432088
3378,3010,2.425641
3379,3010,2.425641
3380,3011,2.426447
3381,3002,2.419194
3382,3016,2.430476
3383,3003,2.420000
3384,3008,2.424029
3385,3016,2.430476
3386,3018,2.432088
3387,3018,2.432088
3388,3010,2.425641
3389,3016,2.430476
3390,3019,2.432894
3391,3016,2.430476
3392,3011,2.426447
3393,3018,2.432088
3394,3010,2.425641
3395,3010,2.425641
3396,3011,2.426447
3397,3010,2.425641
3398,3008,2.424029
3399,3010,2.425641
3400,3016,2.430476
3401,3008,2.424029
3402,3002,2.419194
3403,3011,2.426447
3404,3011,2.426447
3405,3008,2.424029
3406,3011,2.426447
3407,3011,2.426447
3408,3003,2.420000
3409,3003,2.420000
3410,3019,2.432894
3411,3002,2.419194
3412,3010,2.425641
3413,3008,2.424029
3414,3010,2.425641
3415,3008,2.424029
3416,3010,2.425641
3417,3016,2.430476
3418,2991,2.410330
3419,3018,2.432088
3420,3002,2.419194
3421,3008,2.424029
3422,3008,2.424029
3423,3016,2.430476
3424,3008,2.424029
3425,3002,2.419194
3426,3011,2.426447
3427,3002,2.419194
3428,3011,2.426447
3429,3008,2.424029
3430,2995,2.413553
3431,3018,2.432088
3432,3003,2.420000
3433,3010,2.425641
3434,3002,2.419194
3435,2991,2.410330
3436,3016,2.430476
3437,3002,2.419194
3438,3000,2.417582
3439,2987,2.407106
3440,3003,2.420000
3441,3002,2.419194
3442,2991,2.410330
3443,3018,2.432088
3444,3008,2.424029
3445,3000,2.417582
3446,2987,2.407106
3447,3002,2.419194
3448,3011,2.426447
3449,3002,2.419194
3450,3010,2.425641
3451,3002,2.419194
3452,3002,2.419194
3453,2991,2.410330
3454,3010,2.425641
3455,3010,2.425641
3456,3008,2.424029
3457,3000,2.417582
3458,3008,2.424029
3459,3008,2.424029
3460,2987,2.407106
3461,2991,2.410330
3462,3019,2.432894
3463,2991,2.410330
3464,2987,2.407106
3465,3008,2.424029
3466,3002,2.419194
3467,3002,2.419194
3468,2987,2.407106
3469,3002,2.419194
3470,2991,2.410330
3471,3000,2.417582
3472,3011,2.426447
3473,2987,2.407106
3474,3002,2.419194
3475,3010,2.425641
3476,3008,2.424029
3477,3002,2.419194
3478,3003,2.420000
3479,3002,2.419194
3480,3002,2.419194
3481,3008,2.424029
3482,2991,2.410330
3483,2991,2.410330
3484,3003,2.420000
3485,3003,2.420000
3486,3000,2.417582
3487,3000,2.417582
3488,3002,2.419194
3489,2991,2.410330
3490,2987,2.407106
3491,3002,2.419194
3492,3010,2.425641
3493,2987,2.407106
3494,2991,2.410330
3495,3002,2.419194
3496,2991,2.410330
3497,3008,2.424029
3498,2991,2.410330
3499,2987,2.407106
3500,2991,2.410330
3501,3011,2.426447
3502,2987,2.407106
3503,2991,2.410330
3504,2991,2.410330
3505,2991,2.410330
3506,3002,2.419194
3507,3011,2.426447
3508,3002,2.419194
3509,2991,2.410330
3510,2991,2.410330
3511,2987,2.407106
3512,2978,2.399853
3513,2987,2.407106
3514,3003,2.420000
3515,3002,2.419194
3516,3002,2.419194
3517,2987,2.407106
3518,2991,2.410330
3519,3002,2.419194
3520,2991,2.410330
3521,2987,2.407106
3522,2991,2.410330
3523,3000,2.417582
3524,3000,2.417582
3525,3000,2.417582
3526,2991,2.410330
3527,3002,2.419194
3528,3000,2.417582
3529,3000,2.417582
3530,3002,2.419194
3531,2991,2.410330
3532,2991,2.410330
3533,2991,2.410330
3534,2991,2.410330
3535,3000,2.417582
3536,2991,2.410330
3537,3000,2.417582
3538,3000,2.417582
3539,2987,2.407106
3540,3002,2.419194
3541,2991,2.410330
3542,3000,2.417582
3543,3000,2.417582
3544,3008,2.424029
3545,2991,2.410330
3546,2991,2.410330
3547,3000,2.417582
3548,2987,2.407106
3549,2991,2.410330
3550,2991,2.410330
3551,2987,2.407106
3552,2991,2.410330
3553,2987,2.407106
3554,3002,2.419194
3555,3000,2.417582
3556,2987,2.407106
3557,2987,2.407106
3558,2991,2.410330
3559,2991,2.410330
3560,2991,2.410330
3561,2991,2.410330
3562,2986,2.406300
3563,2991,2.410330
3564,3008,2.424029
3565,2991,2.410330
3566,3002,2.419194
3567,2991,2.410330
3568,3003,2.420000
3569,2991,2.410330
3570,2987,2.407106
3571,3000,2.417582
3572,2991,2.410330
3573,3000,2.417582
3574,2986,2.406300
3575,2987,2.407106
3576,3002,2.419194
3577,2991,2.410330
3578,3003,2.420000
3579,2987,2.407106
3580,2991,2.410330
3581,2987,2.407106
3582,2984,2.404689
3583,2987,2.407106
3584,2987,2.407106
3585,2995,2.413553
3586,2987,2.407106
3587,2991,2.410330
3588,3000,2.417582
3589,2986,2.406300
3590,2987,2.407106
3591,2987,2.407106
3592,3000,2.417582
3593,3000,2.417582
3594,2991,2.410330
3595,2991,2.410330
3596,2987,2.407106
3597,2987,2.407106
3598,2978,2.399853
3599,2987,2.407106
3600,2986,2.406300
3601,2991,2.410330
3602,2986,2.406300
3603,2984,2.404689
3604,3000,2.417582
3605,2986,2.406300
3606,2991,2.410330
3607,2991,2.410330
3608,2991,2.410330
3609,2987,2.407106
3610,2991,2.410330
3611,2991,2.410330
3612,3002,2.419194
3613,2986,2.406300
3614,2987,2.407106
3615,2991,2.410330
3616,3002,2.419194
3617,2991,2.410330
3618,2986,2.406300
3619,3003,2.420000
3620,2986,2.406300
3621,2987,2.407106
3622,2987,2.407106
3623,2987,2.407106
3624,3000,2.417582
3625,3003,2.420000
3626,3000,2.417582
3627,3008,2.424029
3628,2991,2.410330
3629,2987,2.407106
3630,2991,2.410330
3631,2991,2.410330
3632,2987,2.407106
3633,3000,2.417582
3634,2991,2.410330
3635,2986,2.406300
3636,2987,2.407106
3637,3002,2.419194
3638,2995,2.413553
3639,2987,2.407106
3640,3002,2.419194
3641,2991,2.410330
3642,2986,2.406300
3643,2984,2.404689
3644,3002,2.419194
3645,2991,2.410330
3646,2991,2.410330
3647,3002,2.419194
