Pixel,ADC,VoltageV
1,3942,3.176703
2,3942,3.176703
3,3942,3.176703
4,3942,3.176703
5,3942,3.176703
6,3942,3.176703
7,3942,3.176703
8,3942,3.176703
9,3938,3.173480
10,3942,3.176703
11,3938,3.173480
12,3942,3.176703
13,3942,3.176703
14,3942,3.176703
15,3942,3.176703
16,3938,3.173480
17,3350,2.699634
18,2886,2.325714
19,2902,2.338608
20,2914,2.348278
21,2918,2.351502
22,2918,2.351502
23,2914,2.348278
24,2918,2.351502
25,2926,2.357949
26,2918,2.351502
27,2930,2.361172
28,2918,2.351502
29,2918,2.351502
30,2914,2.348278
31,2914,2.348278
32,2918,2.351502
33,2918,2.351502
34,2918,2.351502
35,2914,2.348278
36,2918,2.351502
37,2918,2.351502
38,2918,2.351502
39,2918,2.351502
40,2926,2.357949
41,2930,2.361172
42,2934,2.364396
43,2919,2.352308
44,2918,2.351502
45,2926,2.357949
46,2934,2.364396
47,2914,2.348278
48,2918,2.351502
49,2914,2.348278
50,2918,2.351502
51,2926,2.357949
52,2902,2.338608
53,2918,2.351502
54,2918,2.351502
55,2934,2.364396
56,2918,2.351502
57,2918,2.351502
58,2919,2.352308
59,2918,2.351502
60,2926,2.357949
61,2930,2.361172
62,2930,2.361172
63,2918,2.351502
64,2918,2.351502
65,2934,2.364396
66,2918,2.351502
67,2918,2.351502
68,2918,2.351502
69,2918,2.351502
70,2930,2.361172
71,2930,2.361172
72,2918,2.351502
73,2918,2.351502
74,2902,2.338608
75,2914,2.348278
76,2918,2.351502
77,2902,2.338608
78,2918,2.351502
79,2930,2.361172
80,2918,2.351502
81,2918,2.351502
82,2918,2.351502
83,2918,2.351502
84,2926,2.357949
85,2918,2.351502
86,2930,2.361172
87,2918,2.351502
88,2918,2.351502
89,2930,2.361172
90,2918,2.351502
91,2934,2.364396
92,2918,2.351502
93,2934,2.364396
94,2930,2.361172
95,2918,2.351502
96,2930,2.361172
97,2918,2.351502
98,2918,2.351502
99,2918,2.351502
100,2918,2.351502
101,2918,2.351502
102,2919,2.352308
103,2918,2.351502
104,2930,2.361172
105,2918,2.351502
106,2918,2.351502
107,2918,2.351502
108,2918,2.351502
109,2918,2.351502
110,2918,2.351502
111,2918,2.351502
112,2914,2.348278
113,2918,2.351502
114,2918,2.351502
115,2918,2.351502
116,2918,2.351502
117,2918,2.351502
118,2914,2.348278
119,2918,2.351502
120,2918,2.351502
121,2918,2.351502
122,2926,2.357949
123,2918,2.351502
124,2918,2.351502
125,2926,2.357949
126,2918,2.351502
127,2934,2.364396
128,2914,2.348278
129,2934,2.364396
130,2918,2.351502
131,2918,2.351502
132,2934,2.364396
133,2918,2.351502
134,2918,2.351502
135,2902,2.338608
136,2918,2.351502
137,2918,2.351502
138,2930,2.361172
139,2914,2.348278
140,2930,2.361172
141,2919,2.352308
142,2918,2.351502
143,2918,2.351502
144,2934,2.364396
145,2919,2.352308
146,2930,2.361172
147,2934,2.364396
148,2934,2.364396
149,2934,2.364396
150,2934,2.364396
151,2930,2.361172
152,2935,2.365201
153,2934,2.364396
154,2934,2.364396
155,2918,2.351502
156,2918,2.351502
157,2934,2.364396
158,2930,2.361172
159,2934,2.364396
160,2918,2.351502
161,2930,2.361172
162,2918,2.351502
163,2926,2.357949
164,2934,2.364396
165,2926,2.357949
166,2934,2.364396
167,2918,2.351502
168,2926,2.357949
169,2914,2.348278
170,2914,2.348278
171,2934,2.364396
172,2918,2.351502
173,2930,2.361172
174,2918,2.351502
175,2930,2.361172
176,2934,2.364396
177,2926,2.357949
178,2930,2.361172
179,2918,2.351502
180,2934,2.364396
181,2930,2.361172
182,2918,2.351502
183,2934,2.364396
184,2934,2.364396
185,2930,2.361172
186,2918,2.351502
187,2934,2.364396
188,2918,2.351502
189,2926,2.357949
190,2918,2.351502
191,2934,2.364396
192,2934,2.364396
193,2926,2.357949
194,2918,2.351502
195,2918,2.351502
196,2918,2.351502
197,2918,2.351502
198,2918,2.351502
199,2926,2.357949
200,2930,2.361172
201,2918,2.351502
202,2918,2.351502
203,2918,2.351502
204,2926,2.357949
205,2918,2.351502
206,2930,2.361172
207,2918,2.351502
208,2918,2.351502
209,2918,2.351502
210,2902,2.338608
211,2926,2.357949
212,2919,2.352308
213,2918,2.351502
214,2918,2.351502
215,2918,2.351502
216,2918,2.351502
217,2930,2.361172
218,2918,2.351502
219,2902,2.338608
220,2918,2.351502
221,2918,2.351502
222,2918,2.351502
223,2918,2.351502
224,2918,2.351502
225,2934,2.364396
226,2914,2.348278
227,2930,2.361172
228,2918,2.351502
229,2918,2.351502
230,2934,2.364396
231,2918,2.351502
232,2930,2.361172
233,2926,2.357949
234,2934,2.364396
235,2934,2.364396
236,2918,2.351502
237,2926,2.357949
238,2934,2.364396
239,2918,2.351502
240,2934,2.364396
241,2930,2.361172
242,2934,2.364396
243,2942,2.370842
244,2934,2.364396
245,2918,2.351502
246,2934,2.364396
247,2926,2.357949
248,2934,2.364396
249,2930,2.361172
250,2918,2.351502
251,2934,2.364396
252,2934,2.364396
253,2918,2.351502
254,2934,2.364396
255,2934,2.364396
256,2930,2.361172
257,2934,2.364396
258,2926,2.357949
259,2934,2.364396
260,2930,2.361172
261,2918,2.351502
262,2934,2.364396
263,2919,2.352308
264,2918,2.351502
265,2918,2.351502
266,2918,2.351502
267,2918,2.351502
268,2919,2.352308
269,2918,2.351502
270,2934,2.364396
271,2926,2.357949
272,2942,2.370842
273,2918,2.351502
274,2934,2.364396
275,2918,2.351502
276,2934,2.364396
277,2918,2.351502
278,2926,2.357949
279,2926,2.357949
280,2918,2.351502
281,2918,2.351502
282,2934,2.364396
283,2930,2.361172
284,2918,2.351502
285,2918,2.351502
286,2926,2.357949
287,2918,2.351502
288,2918,2.351502
289,2918,2.351502
290,2934,2.364396
291,2934,2.364396
292,2926,2.357949
293,2918,2.351502
294,2934,2.364396
295,2934,2.364396
296,2934,2.364396
297,2934,2.364396
298,2918,2.351502
299,2934,2.364396
300,2918,2.351502
301,2934,2.364396
302,2934,2.364396
303,2918,2.351502
304,2934,2.364396
305,2934,2.364396
306,2934,2.364396
307,2934,2.364396
308,2926,2.357949
309,2942,2.370842
310,2934,2.364396
311,2926,2.357949
312,2930,2.361172
313,2926,2.357949
314,2934,2.364396
315,2926,2.357949
316,2914,2.348278
317,2918,2.351502
318,2934,2.364396
319,2950,2.377289
320,2926,2.357949
321,2934,2.364396
322,2919,2.352308
323,2934,2.364396
324,2919,2.352308
325,2934,2.364396
326,2918,2.351502
327,2950,2.377289
328,2942,2.370842
329,2950,2.377289
330,2934,2.364396
331,2934,2.364396
332,2934,2.364396
333,2942,2.370842
334,2934,2.364396
335,2934,2.364396
336,2934,2.364396
337,2935,2.365201
338,2942,2.370842
339,2942,2.370842
340,2950,2.377289
341,2934,2.364396
342,2934,2.364396
343,2950,2.377289
344,2946,2.374066
345,2935,2.365201
346,2934,2.364396
347,2942,2.370842
348,2934,2.364396
349,2935,2.365201
350,2942,2.370842
351,2946,2.374066
352,2950,2.377289
353,2934,2.364396
354,2950,2.377289
355,2942,2.370842
356,2934,2.364396
357,2930,2.361172
358,2918,2.351502
359,2942,2.370842
360,2934,2.364396
361,2934,2.364396
362,2942,2.370842
363,2934,2.364396
364,2950,2.377289
365,2950,2.377289
366,2935,2.365201
367,2935,2.365201
368,2950,2.377289
369,2934,2.364396
370,2950,2.377289
371,2942,2.370842
372,2942,2.370842
373,2950,2.377289
374,2950,2.377289
375,2950,2.377289
376,2934,2.364396
377,2934,2.364396
378,2950,2.377289
379,2934,2.364396
380,2930,2.361172
381,2934,2.364396
382,2934,2.364396
383,2934,2.364396
384,2934,2.364396
385,2934,2.364396
386,2934,2.364396
387,2934,2.364396
388,2926,2.357949
389,2942,2.370842
390,2934,2.364396
391,2934,2.364396
392,2918,2.351502
393,2934,2.364396
394,2934,2.364396
395,2934,2.364396
396,2930,2.361172
397,2918,2.351502
398,2934,2.364396
399,2926,2.357949
400,2934,2.364396
401,2934,2.364396
402,2930,2.361172
403,2942,2.370842
404,2934,2.364396
405,2950,2.377289
406,2934,2.364396
407,2950,2.377289
408,2950,2.377289
409,2950,2.377289
410,2934,2.364396
411,2950,2.377289
412,2934,2.364396
413,2950,2.377289
414,2934,2.364396
415,2934,2.364396
416,2934,2.364396
417,2934,2.364396
418,2950,2.377289
419,2950,2.377289
420,2942,2.370842
421,2934,2.364396
422,2942,2.370842
423,2935,2.365201
424,2934,2.364396
425,2935,2.365201
426,2942,2.370842
427,2934,2.364396
428,2950,2.377289
429,2950,2.377289
430,2934,2.364396
431,2950,2.377289
432,2934,2.364396
433,2934,2.364396
434,2950,2.377289
435,2942,2.370842
436,2934,2.364396
437,2942,2.370842
438,2935,2.365201
439,2950,2.377289
440,2934,2.364396
441,2942,2.370842
442,2934,2.364396
443,2942,2.370842
444,2942,2.370842
445,2934,2.364396
446,2934,2.364396
447,2934,2.364396
448,2934,2.364396
449,2942,2.370842
450,2942,2.370842
451,2934,2.364396
452,2942,2.370842
453,2942,2.370842
454,2934,2.364396
455,2934,2.364396
456,2934,2.364396
457,2934,2.364396
458,2934,2.364396
459,2934,2.364396
460,2950,2.377289
461,2950,2.377289
462,2934,2.364396
463,2942,2.370842
464,2942,2.370842
465,2966,2.390183
466,2950,2.377289
467,2962,2.386960
468,2950,2.377289
469,2942,2.370842
470,2950,2.377289
471,2942,2.370842
472,2934,2.364396
473,2934,2.364396
474,2942,2.370842
475,2934,2.364396
476,2934,2.364396
477,2934,2.364396
478,2935,2.365201
479,2942,2.370842
480,2935,2.365201
481,2950,2.377289
482,2950,2.377289
483,2942,2.370842
484,2958,2.383736
485,2966,2.390183
486,2950,2.377289
487,2950,2.377289
488,2962,2.386960
489,2950,2.377289
490,2950,2.377289
491,2950,2.377289
492,2950,2.377289
493,2951,2.378095
494,2966,2.390183
495,2962,2.386960
496,2951,2.378095
497,2946,2.374066
498,2950,2.377289
499,2950,2.377289
500,2950,2.377289
501,2950,2.377289
502,2942,2.370842
503,2942,2.370842
504,2942,2.370842
505,2951,2.378095
506,2950,2.377289
507,2950,2.377289
508,2950,2.377289
509,2950,2.377289
510,2950,2.377289
511,2942,2.370842
512,2950,2.377289
513,2951,2.378095
514,2950,2.377289
515,2950,2.377289
516,2950,2.377289
517,2950,2.377289
518,2950,2.377289
519,2950,2.377289
520,2942,2.370842
521,2950,2.377289
522,2950,2.377289
523,2934,2.364396
524,2950,2.377289
525,2950,2.377289
526,2942,2.370842
527,2950,2.377289
528,2950,2.377289
529,2950,2.377289
530,2950,2.377289
531,2950,2.377289
532,2962,2.386960
533,2950,2.377289
534,2958,2.383736
535,2962,2.386960
536,2966,2.390183
537,2966,2.390183
538,2950,2.377289
539,2962,2.386960
540,2966,2.390183
541,2951,2.378095
542,2962,2.386960
543,2950,2.377289
544,2950,2.377289
545,2950,2.377289
546,2950,2.377289
547,2966,2.390183
548,2958,2.383736
549,2966,2.390183
550,2950,2.377289
551,2950,2.377289
552,2966,2.390183
553,2950,2.377289
554,2950,2.377289
555,2950,2.377289
556,2950,2.377289
557,2950,2.377289
558,2950,2.377289
559,2950,2.377289
560,2950,2.377289
561,2942,2.370842
562,2950,2.377289
563,2950,2.377289
564,2950,2.377289
565,2942,2.370842
566,2950,2.377289
567,2950,2.377289
568,2950,2.377289
569,2958,2.383736
570,2950,2.377289
571,2966,2.390183
572,2934,2.364396
573,2950,2.377289
574,2950,2.377289
575,2950,2.377289
576,2962,2.386960
577,2950,2.377289
578,2950,2.377289
579,2958,2.383736
580,2951,2.378095
581,2951,2.378095
582,2966,2.390183
583,2950,2.377289
584,2950,2.377289
585,2950,2.377289
586,2950,2.377289
587,2950,2.377289
588,2950,2.377289
589,2950,2.377289
590,2962,2.386960
591,2934,2.364396
592,2950,2.377289
593,2950,2.377289
594,2950,2.377289
595,2950,2.377289
596,2950,2.377289
597,2934,2.364396
598,2950,2.377289
599,2950,2.377289
600,2942,2.370842
601,2946,2.374066
602,2950,2.377289
603,2930,2.361172
604,2950,2.377289
605,2951,2.378095
606,2951,2.378095
607,2950,2.377289
608,2950,2.377289
609,2950,2.377289
610,2950,2.377289
611,2958,2.383736
612,2950,2.377289
613,2958,2.383736
614,2950,2.377289
615,2950,2.377289
616,2951,2.378095
617,2950,2.377289
618,2958,2.383736
619,2950,2.377289
620,2950,2.377289
621,2950,2.377289
622,2934,2.364396
623,2950,2.377289
624,2950,2.377289
625,2966,2.390183
626,2942,2.370842
627,2962,2.386960
628,2950,2.377289
629,2942,2.370842
630,2942,2.370842
631,2951,2.378095
632,2935,2.365201
633,2942,2.370842
634,2942,2.370842
635,2950,2.377289
636,2942,2.370842
637,2950,2.377289
638,2942,2.370842
639,2942,2.370842
640,2946,2.374066
641,2950,2.377289
642,2962,2.386960
643,2958,2.383736
644,2950,2.377289
645,2966,2.390183
646,2966,2.390183
647,2958,2.383736
648,2966,2.390183
649,2966,2.390183
650,2966,2.390183
651,2950,2.377289
652,2962,2.386960
653,2950,2.377289
654,2942,2.370842
655,2942,2.370842
656,2950,2.377289
657,2950,2.377289
658,2950,2.377289
659,2950,2.377289
660,2950,2.377289
661,2950,2.377289
662,2950,2.377289
663,2962,2.386960
664,2950,2.377289
665,2950,2.377289
666,2950,2.377289
667,2966,2.390183
668,2950,2.377289
669,2962,2.386960
670,2966,2.390183
671,2950,2.377289
672,2951,2.378095
673,2951,2.378095
674,2950,2.377289
675,2950,2.377289
676,2966,2.390183
677,2950,2.377289
678,2950,2.377289
679,2966,2.390183
680,2950,2.377289
681,2950,2.377289
682,2950,2.377289
683,2950,2.377289
684,2962,2.386960
685,2966,2.390183
686,2950,2.377289
687,2950,2.377289
688,2958,2.383736
689,2950,2.377289
690,2958,2.383736
691,2950,2.377289
692,2951,2.378095
693,2958,2.383736
694,2951,2.378095
695,2950,2.377289
696,2958,2.383736
697,2951,2.378095
698,2934,2.364396
699,2950,2.377289
700,2966,2.390183
701,2950,2.377289
702,2950,2.377289
703,2950,2.377289
704,2958,2.383736
705,2951,2.378095
706,2950,2.377289
707,2958,2.383736
708,2962,2.386960
709,2962,2.386960
710,2962,2.386960
711,2951,2.378095
712,2978,2.399853
713,2962,2.386960
714,2962,2.386960
715,2966,2.390183
716,2966,2.390183
717,2966,2.390183
718,2966,2.390183
719,2982,2.403077
720,2978,2.399853
721,2966,2.390183
722,2978,2.399853
723,2978,2.399853
724,2966,2.390183
725,2966,2.390183
726,2966,2.390183
727,2962,2.386960
728,2978,2.399853
729,2966,2.390183
730,2966,2.390183
731,2962,2.386960
732,2966,2.390183
733,2950,2.377289
734,2962,2.386960
735,2966,2.390183
736,2962,2.386960
737,2962,2.386960
738,2950,2.377289
739,2950,2.377289
740,2950,2.377289
741,2950,2.377289
742,2966,2.390183
743,2950,2.377289
744,2950,2.377289
745,2950,2.377289
746,2962,2.386960
747,2950,2.377289
748,2966,2.390183
749,2950,2.377289
750,2950,2.377289
751,2950,2.377289
752,2962,2.386960
753,2950,2.377289
754,2966,2.390183
755,2958,2.383736
756,2966,2.390183
757,2950,2.377289
758,2951,2.378095
759,2966,2.390183
760,2966,2.390183
761,2958,2.383736
762,2966,2.390183
763,2950,2.377289
764,2962,2.386960
765,2966,2.390183
766,2966,2.390183
767,2966,2.390183
768,2966,2.390183
769,2966,2.390183
770,2982,2.403077
771,2962,2.386960
772,2966,2.390183
773,2966,2.390183
774,2978,2.399853
775,2966,2.390183
776,2966,2.390183
777,2966,2.390183
778,2966,2.390183
779,2966,2.390183
780,2966,2.390183
781,2966,2.390183
782,2978,2.399853
783,2951,2.378095
784,2950,2.377289
785,2966,2.390183
786,2966,2.390183
787,2966,2.390183
788,2966,2.390183
789,2966,2.390183
790,2966,2.390183
791,2962,2.386960
792,2978,2.399853
793,2966,2.390183
794,2951,2.378095
795,2966,2.390183
796,2966,2.390183
797,2966,2.390183
798,2978,2.399853
799,2966,2.390183
800,2958,2.383736
801,2966,2.390183
802,2966,2.390183
803,2966,2.390183
804,2982,2.403077
805,2978,2.399853
806,2966,2.390183
807,2966,2.390183
808,2978,2.399853
809,2978,2.399853
810,2978,2.399853
811,2966,2.390183
812,2966,2.390183
813,2982,2.403077
814,2966,2.390183
815,2966,2.390183
816,2982,2.403077
817,2966,2.390183
818,2966,2.390183
819,2966,2.390183
820,2966,2.390183
821,2966,2.390183
822,2966,2.390183
823,2966,2.390183
824,2982,2.403077
825,2982,2.403077
826,2978,2.399853
827,2966,2.390183
828,2966,2.390183
829,2982,2.403077
830,2982,2.403077
831,2978,2.399853
832,2966,2.390183
833,2982,2.403077
834,2978,2.399853
835,2978,2.399853
836,2982,2.403077
837,2982,2.403077
838,2982,2.403077
839,2994,2.412747
840,2978,2.399853
841,2978,2.399853
842,2994,2.412747
843,2994,2.412747
844,2966,2.390183
845,2983,2.403883
846,2982,2.403077
847,2982,2.403077
848,2982,2.403077
849,2982,2.403077
850,2998,2.415971
851,2982,2.403077
852,2998,2.415971
853,2990,2.409524
854,2998,2.415971
855,3014,2.428864
856,2990,2.409524
857,3014,2.428864
858,2998,2.415971
859,2990,2.409524
860,2982,2.403077
861,2990,2.409524
862,2982,2.403077
863,2982,2.403077
864,2994,2.412747
865,2982,2.403077
866,2990,2.409524
867,2982,2.403077
868,2982,2.403077
869,2994,2.412747
870,2966,2.390183
871,2966,2.390183
872,2966,2.390183
873,2998,2.415971
874,2982,2.403077
875,2966,2.390183
876,2982,2.403077
877,2978,2.399853
878,2990,2.409524
879,2982,2.403077
880,2978,2.399853
881,2982,2.403077
882,2982,2.403077
883,2978,2.399853
884,2982,2.403077
885,2982,2.403077
886,2982,2.403077
887,2978,2.399853
888,2982,2.403077
889,2982,2.403077
890,2978,2.399853
891,2982,2.403077
892,2966,2.390183
893,2990,2.409524
894,2982,2.403077
895,2982,2.403077
896,2982,2.403077
897,2978,2.399853
898,2982,2.403077
899,2978,2.399853
900,2982,2.403077
901,2982,2.403077
902,2982,2.403077
903,2982,2.403077
904,2990,2.409524
905,2990,2.409524
906,2998,2.415971
907,2998,2.415971
908,2990,2.409524
909,2982,2.403077
910,2978,2.399853
911,2998,2.415971
912,2990,2.409524
913,2982,2.403077
914,2998,2.415971
915,2982,2.403077
916,2982,2.403077
917,2982,2.403077
918,2982,2.403077
919,2978,2.399853
920,2978,2.399853
921,2982,2.403077
922,2982,2.403077
923,2982,2.403077
924,2990,2.409524
925,2982,2.403077
926,2994,2.412747
927,2990,2.409524
928,2982,2.403077
929,2990,2.409524
930,2982,2.403077
931,2990,2.409524
932,2994,2.412747
933,2983,2.403883
934,2983,2.403883
935,2998,2.415971
936,2983,2.403883
937,2998,2.415971
938,2982,2.403077
939,2982,2.403077
940,2998,2.415971
941,2994,2.412747
942,2998,2.415971
943,2994,2.412747
944,2994,2.412747
945,2982,2.403077
946,2983,2.403883
947,2998,2.415971
948,2998,2.415971
949,2998,2.415971
950,2982,2.403077
951,2982,2.403077
952,2998,2.415971
953,2994,2.412747
954,2982,2.403077
955,2998,2.415971
956,2994,2.412747
957,2998,2.415971
958,3014,2.428864
959,2998,2.415971
960,3010,2.425641
961,3010,2.425641
962,2998,2.415971
963,2994,2.412747
964,2983,2.403883
965,2982,2.403077
966,2998,2.415971
967,2982,2.403077
968,2982,2.403077
969,2983,2.403883
970,2994,2.412747
971,2998,2.415971
972,2982,2.403077
973,2998,2.415971
974,2998,2.415971
975,2999,2.416777
976,2982,2.403077
977,2990,2.409524
978,2994,2.412747
979,3010,2.425641
980,3010,2.425641
981,2998,2.415971
982,2998,2.415971
983,3010,2.425641
984,2998,2.415971
985,2998,2.415971
986,3010,2.425641
987,2998,2.415971
988,2998,2.415971
989,2998,2.415971
990,2998,2.415971
991,2998,2.415971
992,2998,2.415971
993,2998,2.415971
994,2998,2.415971
995,3014,2.428864
996,3010,2.425641
997,2998,2.415971
998,3014,2.428864
999,3014,2.428864
1000,3010,2.425641
1001,2998,2.415971
1002,3014,2.428864
1003,2998,2.415971
1004,2998,2.415971
1005,2998,2.415971
1006,2994,2.412747
1007,2998,2.415971
1008,2998,2.415971
1009,2998,2.415971
1010,2998,2.415971
1011,2999,2.416777
1012,3010,2.425641
1013,3014,2.428864
1014,3014,2.428864
1015,3014,2.428864
1016,3010,2.425641
1017,3014,2.428864
1018,3014,2.428864
1019,3014,2.428864
1020,3014,2.428864
1021,3014,2.428864
1022,3014,2.428864
1023,3014,2.428864
1024,2998,2.415971
1025,3014,2.428864
1026,2998,2.415971
1027,3010,2.425641
1028,3010,2.425641
1029,3010,2.425641
1030,3010,2.425641
1031,3010,2.425641
1032,3010,2.425641
1033,3014,2.428864
1034,3014,2.428864
1035,3014,2.428864
1036,3014,2.428864
1037,3014,2.428864
1038,3015,2.429670
1039,3014,2.428864
1040,3014,2.428864
1041,3014,2.428864
1042,3014,2.428864
1043,3014,2.428864
1044,3014,2.428864
1045,3014,2.428864
1046,2998,2.415971
1047,3010,2.425641
1048,3026,2.438535
1049,3014,2.428864
1050,3030,2.441758
1051,3014,2.428864
1052,3014,2.428864
1053,3010,2.425641
1054,3014,2.428864
1055,3030,2.441758
1056,3014,2.428864
1057,3014,2.428864
1058,3014,2.428864
1059,3014,2.428864
1060,2998,2.415971
1061,3014,2.428864
1062,3014,2.428864
1063,2998,2.415971
1064,3026,2.438535
1065,3014,2.428864
1066,2998,2.415971
1067,3014,2.428864
1068,3014,2.428864
1069,3014,2.428864
1070,3030,2.441758
1071,3014,2.428864
1072,3014,2.428864
1073,3014,2.428864
1074,3014,2.428864
1075,3014,2.428864
1076,3022,2.435311
1077,3030,2.441758
1078,3014,2.428864
1079,3014,2.428864
1080,3026,2.438535
1081,3010,2.425641
1082,3014,2.428864
1083,3014,2.428864
1084,3014,2.428864
1085,3014,2.428864
1086,3014,2.428864
1087,3022,2.435311
1088,3014,2.428864
1089,3014,2.428864
1090,2998,2.415971
1091,3022,2.435311
1092,3026,2.438535
1093,3026,2.438535
1094,3026,2.438535
1095,3030,2.441758
1096,3014,2.428864
1097,3030,2.441758
1098,3014,2.428864
1099,3014,2.428864
1100,3010,2.425641
1101,3014,2.428864
1102,3014,2.428864
1103,3014,2.428864
1104,3026,2.438535
1105,3022,2.435311
1106,3026,2.438535
1107,3014,2.428864
1108,3026,2.438535
1109,3014,2.428864
1110,3030,2.441758
1111,3014,2.428864
1112,3030,2.441758
1113,3014,2.428864
1114,3026,2.438535
1115,3030,2.441758
1116,3030,2.441758
1117,3015,2.429670
1118,3022,2.435311
1119,3026,2.438535
1120,3026,2.438535
1121,3014,2.428864
1122,3030,2.441758
1123,3030,2.441758
1124,3030,2.441758
1125,3026,2.438535
1126,3030,2.441758
1127,3030,2.441758
1128,3042,2.451429
1129,3030,2.441758
1130,3030,2.441758
1131,3030,2.441758
1132,3022,2.435311
1133,3026,2.438535
1134,3030,2.441758
1135,3042,2.451429
1136,3030,2.441758
1137,3014,2.428864
1138,3042,2.451429
1139,3030,2.441758
1140,3030,2.441758
1141,3026,2.438535
1142,3030,2.441758
1143,3030,2.441758
1144,3026,2.438535
1145,3030,2.441758
1146,3030,2.441758
1147,3030,2.441758
1148,3022,2.435311
1149,3022,2.435311
1150,3030,2.441758
1151,3046,2.454652
1152,3030,2.441758
1153,3026,2.438535
1154,3046,2.454652
1155,3030,2.441758
1156,3030,2.441758
1157,3042,2.451429
1158,3046,2.454652
1159,3072,2.475604
1160,3030,2.441758
1161,3046,2.454652
1162,3042,2.451429
1163,3072,2.475604
1164,3030,2.441758
1165,3030,2.441758
1166,3030,2.441758
1167,3046,2.454652
1168,3042,2.451429
1169,3022,2.435311
1170,3042,2.451429
1171,3042,2.451429
1172,3030,2.441758
1173,3072,2.475604
1174,3030,2.441758
1175,3072,2.475604
1176,3042,2.451429
1177,3042,2.451429
1178,3046,2.454652
1179,3030,2.441758
1180,3030,2.441758
1181,3046,2.454652
1182,3030,2.441758
1183,3042,2.451429
1184,3046,2.454652
1185,3030,2.441758
1186,3046,2.454652
1187,3042,2.451429
1188,3030,2.441758
1189,3072,2.475604
1190,3072,2.475604
1191,3030,2.441758
1192,3042,2.451429
1193,3072,2.475604
1194,3072,2.475604
1195,3030,2.441758
1196,3072,2.475604
1197,3072,2.475604
1198,3042,2.451429
1199,3042,2.451429
1200,3072,2.475604
1201,3072,2.475604
1202,3072,2.475604
1203,3072,2.475604
1204,3072,2.475604
1205,3072,2.475604
1206,3046,2.454652
1207,3046,2.454652
1208,3042,2.451429
1209,3072,2.475604
1210,3072,2.475604
1211,3072,2.475604
1212,3072,2.475604
1213,3072,2.475604
1214,3072,2.475604
1215,3072,2.475604
1216,3072,2.475604
1217,3046,2.454652
1218,3072,2.475604
1219,3072,2.475604
1220,3072,2.475604
1221,3046,2.454652
1222,3046,2.454652
1223,3072,2.475604
1224,3046,2.454652
1225,3072,2.475604
1226,3046,2.454652
1227,3042,2.451429
1228,3072,2.475604
1229,3072,2.475604
1230,3072,2.475604
1231,3072,2.475604
1232,3072,2.475604
1233,3072,2.475604
1234,3072,2.475604
1235,3072,2.475604
1236,3072,2.475604
1237,3072,2.475604
1238,3042,2.451429
1239,3072,2.475604
1240,3072,2.475604
1241,3072,2.475604
1242,3072,2.475604
1243,3072,2.475604
1244,3072,2.475604
1245,3042,2.451429
1246,3072,2.475604
1247,3046,2.454652
1248,3072,2.475604
1249,3072,2.475604
1250,3072,2.475604
1251,3072,2.475604
1252,3072,2.475604
1253,3072,2.475604
1254,3072,2.475604
1255,3072,2.475604
1256,3072,2.475604
1257,3072,2.475604
1258,3072,2.475604
1259,3072,2.475604
1260,3072,2.475604
1261,3072,2.475604
1262,3072,2.475604
1263,3072,2.475604
1264,3072,2.475604
1265,3074,2.477216
1266,3072,2.475604
1267,3072,2.475604
1268,3072,2.475604
1269,3072,2.475604
1270,3074,2.477216
1271,3072,2.475604
1272,3072,2.475604
1273,3072,2.475604
1274,3072,2.475604
1275,3072,2.475604
1276,3074,2.477216
1277,3074,2.477216
1278,3072,2.475604
1279,3074,2.477216
1280,3072,2.475604
1281,3072,2.475604
1282,3072,2.475604
1283,3072,2.475604
1284,3072,2.475604
1285,3074,2.477216
1286,3072,2.475604
1287,3078,2.480440
1288,3074,2.477216
1289,3072,2.475604
1290,3074,2.477216
1291,3074,2.477216
1292,3072,2.475604
1293,3072,2.475604
1294,3074,2.477216
1295,3074,2.477216
1296,3074,2.477216
1297,3072,2.475604
1298,3072,2.475604
1299,3072,2.475604
1300,3074,2.477216
1301,3074,2.477216
1302,3072,2.475604
1303,3074,2.477216
1304,3074,2.477216
1305,3074,2.477216
1306,3078,2.480440
1307,3078,2.480440
1308,3072,2.475604
1309,3074,2.477216
1310,3078,2.480440
1311,3072,2.475604
1312,3072,2.475604
1313,3078,2.480440
1314,3078,2.480440
1315,3074,2.477216
1316,3072,2.475604
1317,3074,2.477216
1318,3072,2.475604
1319,3078,2.480440
1320,3078,2.480440
1321,3078,2.480440
1322,3074,2.477216
1323,3078,2.480440
1324,3078,2.480440
1325,3072,2.475604
1326,3078,2.480440
1327,3078,2.480440
1328,3078,2.480440
1329,3078,2.480440
1330,3078,2.480440
1331,3074,2.477216
1332,3078,2.480440
1333,3078,2.480440
1334,3078,2.480440
1335,3074,2.477216
1336,3078,2.480440
1337,3078,2.480440
1338,3074,2.477216
1339,3078,2.480440
1340,3079,2.481245
1341,3078,2.480440
1342,3079,2.481245
1343,3078,2.480440
1344,3078,2.480440
1345,3078,2.480440
1346,3078,2.480440
1347,3074,2.477216
1348,3079,2.481245
1349,3078,2.480440
1350,3078,2.480440
1351,3078,2.480440
1352,3078,2.480440
1353,3078,2.480440
1354,3078,2.480440
1355,3078,2.480440
1356,3074,2.477216
1357,3078,2.480440
1358,3074,2.477216
1359,3074,2.477216
1360,3078,2.480440
1361,3078,2.480440
1362,3078,2.480440
1363,3078,2.480440
1364,3078,2.480440
1365,3078,2.480440
1366,3078,2.480440
1367,3078,2.480440
1368,3090,2.490110
1369,3078,2.480440
1370,3078,2.480440
1371,3078,2.480440
1372,3094,2.493333
1373,3078,2.480440
1374,3078,2.480440
1375,3078,2.480440
1376,3078,2.480440
1377,3078,2.480440
1378,3086,2.486886
1379,3074,2.477216
1380,3078,2.480440
1381,3078,2.480440
1382,3078,2.480440
1383,3094,2.493333
1384,3078,2.480440
1385,3094,2.493333
1386,3078,2.480440
1387,3094,2.493333
1388,3094,2.493333
1389,3094,2.493333
1390,3078,2.480440
1391,3090,2.490110
1392,3086,2.486886
1393,3078,2.480440
1394,3078,2.480440
1395,3078,2.480440
1396,3094,2.493333
1397,3078,2.480440
1398,3078,2.480440
1399,3090,2.490110
1400,3078,2.480440
1401,3078,2.480440
1402,3078,2.480440
1403,3094,2.493333
1404,3079,2.481245
1405,3086,2.486886
1406,3094,2.493333
1407,3094,2.493333
1408,3079,2.481245
1409,3094,2.493333
1410,3094,2.493333
1411,3094,2.493333
1412,3094,2.493333
1413,3078,2.480440
1414,3094,2.493333
1415,3086,2.486886
1416,3094,2.493333
1417,3078,2.480440
1418,3094,2.493333
1419,3078,2.480440
1420,3078,2.480440
1421,3078,2.480440
1422,3078,2.480440
1423,3078,2.480440
1424,3078,2.480440
1425,3090,2.490110
1426,3094,2.493333
1427,3078,2.480440
1428,3078,2.480440
1429,3086,2.486886
1430,3094,2.493333
1431,3090,2.490110
1432,3094,2.493333
1433,3094,2.493333
1434,3090,2.490110
1435,3078,2.480440
1436,3078,2.480440
1437,3090,2.490110
1438,3110,2.506227
1439,3078,2.480440
1440,3078,2.480440
1441,3094,2.493333
1442,3094,2.493333
1443,3086,2.486886
1444,3078,2.480440
1445,3078,2.480440
1446,3086,2.486886
1447,3094,2.493333
1448,3078,2.480440
1449,3078,2.480440
1450,3094,2.493333
1451,3094,2.493333
1452,3094,2.493333
1453,3078,2.480440
1454,3090,2.490110
1455,3094,2.493333
1456,3078,2.480440
1457,3094,2.493333
1458,3094,2.493333
1459,3094,2.493333
1460,3094,2.493333
1461,3078,2.480440
1462,3090,2.490110
1463,3078,2.480440
1464,3094,2.493333
1465,3094,2.493333
1466,3078,2.480440
1467,3094,2.493333
1468,3078,2.480440
1469,3078,2.480440
1470,3094,2.493333
1471,3078,2.480440
1472,3078,2.480440
1473,3094,2.493333
1474,3106,2.503004
1475,3094,2.493333
1476,3078,2.480440
1477,3094,2.493333
1478,3078,2.480440
1479,3086,2.486886
1480,3078,2.480440
1481,3094,2.493333
1482,3078,2.480440
1483,3094,2.493333
1484,3079,2.481245
1485,3094,2.493333
1486,3086,2.486886
1487,3078,2.480440
1488,3094,2.493333
1489,3090,2.490110
1490,3094,2.493333
1491,3094,2.493333
1492,3078,2.480440
1493,3094,2.493333
1494,3086,2.486886
1495,3090,2.490110
1496,3086,2.486886
1497,3090,2.490110
1498,3090,2.490110
1499,3094,2.493333
1500,3090,2.490110
1501,3094,2.493333
1502,3094,2.493333
1503,3086,2.486886
1504,3090,2.490110
1505,3094,2.493333
1506,3078,2.480440
1507,3094,2.493333
1508,3106,2.503004
1509,3094,2.493333
1510,3079,2.481245
1511,3090,2.490110
1512,3090,2.490110
1513,3094,2.493333
1514,3094,2.493333
1515,3090,2.490110
1516,3078,2.480440
1517,3086,2.486886
1518,3078,2.480440
1519,3078,2.480440
1520,3090,2.490110
1521,3094,2.493333
1522,3090,2.490110
1523,3094,2.493333
1524,3078,2.480440
1525,3086,2.486886
1526,3094,2.493333
1527,3094,2.493333
1528,3090,2.490110
1529,3094,2.493333
1530,3094,2.493333
1531,3090,2.490110
1532,3094,2.493333
1533,3094,2.493333
1534,3094,2.493333
1535,3094,2.493333
1536,3094,2.493333
1537,3078,2.480440
1538,3090,2.490110
1539,3090,2.490110
1540,3090,2.490110
1541,3078,2.480440
1542,3094,2.493333
1543,3078,2.480440
1544,3090,2.490110
1545,3078,2.480440
1546,3094,2.493333
1547,3094,2.493333
1548,3078,2.480440
1549,3094,2.493333
1550,3078,2.480440
1551,3090,2.490110
1552,3086,2.486886
1553,3094,2.493333
1554,3090,2.490110
1555,3078,2.480440
1556,3090,2.490110
1557,3094,2.493333
1558,3094,2.493333
1559,3078,2.480440
1560,3090,2.490110
1561,3094,2.493333
1562,3078,2.480440
1563,3090,2.490110
1564,3094,2.493333
1565,3090,2.490110
1566,3086,2.486886
1567,3094,2.493333
1568,3094,2.493333
1569,3094,2.493333
1570,3094,2.493333
1571,3090,2.490110
1572,3090,2.490110
1573,3090,2.490110
1574,3094,2.493333
1575,3094,2.493333
1576,3086,2.486886
1577,3094,2.493333
1578,3090,2.490110
1579,3094,2.493333
1580,3086,2.486886
1581,3106,2.503004
1582,3094,2.493333
1583,3090,2.490110
1584,3090,2.490110
1585,3090,2.490110
1586,3079,2.481245
1587,3090,2.490110
1588,3079,2.481245
1589,3086,2.486886
1590,3078,2.480440
1591,3094,2.493333
1592,3094,2.493333
1593,3094,2.493333
1594,3079,2.481245
1595,3079,2.481245
1596,3078,2.480440
1597,3090,2.490110
1598,3078,2.480440
1599,3078,2.480440
1600,3078,2.480440
1601,3090,2.490110
1602,3094,2.493333
1603,3086,2.486886
1604,3090,2.490110
1605,3094,2.493333
1606,3090,2.490110
1607,3078,2.480440
1608,3090,2.490110
1609,3090,2.490110
1610,3094,2.493333
1611,3086,2.486886
1612,3086,2.486886
1613,3106,2.503004
1614,3094,2.493333
1615,3078,2.480440
1616,3094,2.493333
1617,3090,2.490110
1618,3090,2.490110
1619,3094,2.493333
1620,3078,2.480440
1621,3078,2.480440
1622,3078,2.480440
1623,3078,2.480440
1624,3074,2.477216
1625,3094,2.493333
1626,3078,2.480440
1627,3086,2.486886
1628,3090,2.490110
1629,3078,2.480440
1630,3078,2.480440
1631,3086,2.486886
1632,3079,2.481245
1633,3086,2.486886
1634,3090,2.490110
1635,3078,2.480440
1636,3078,2.480440
1637,3090,2.490110
1638,3078,2.480440
1639,3078,2.480440
1640,3078,2.480440
1641,3090,2.490110
1642,3094,2.493333
1643,3094,2.493333
1644,3094,2.493333
1645,3078,2.480440
1646,3074,2.477216
1647,3078,2.480440
1648,3078,2.480440
1649,3078,2.480440
1650,3090,2.490110
1651,3090,2.490110
1652,3090,2.490110
1653,3078,2.480440
1654,3078,2.480440
1655,3078,2.480440
1656,3078,2.480440
1657,3090,2.490110
1658,3086,2.486886
1659,3078,2.480440
1660,3078,2.480440
1661,3078,2.480440
1662,3078,2.480440
1663,3086,2.486886
1664,3086,2.486886
1665,3078,2.480440
1666,3078,2.480440
1667,3094,2.493333
1668,3074,2.477216
1669,3094,2.493333
1670,3078,2.480440
1671,3090,2.490110
1672,3078,2.480440
1673,3078,2.480440
1674,3079,2.481245
1675,3078,2.480440
1676,3078,2.480440
1677,3074,2.477216
1678,3078,2.480440
1679,3078,2.480440
1680,3078,2.480440
1681,3078,2.480440
1682,3078,2.480440
1683,3078,2.480440
1684,3078,2.480440
1685,3078,2.480440
1686,3078,2.480440
1687,3078,2.480440
1688,3078,2.480440
1689,3074,2.477216
1690,3079,2.481245
1691,3078,2.480440
1692,3094,2.493333
1693,3078,2.480440
1694,3074,2.477216
1695,3078,2.480440
1696,3072,2.475604
1697,3078,2.480440
1698,3078,2.480440
1699,3078,2.480440
1700,3078,2.480440
1701,3078,2.480440
1702,3090,2.490110
1703,3078,2.480440
1704,3078,2.480440
1705,3078,2.480440
1706,3078,2.480440
1707,3074,2.477216
1708,3074,2.477216
1709,3074,2.477216
1710,3078,2.480440
1711,3078,2.480440
1712,3078,2.480440
1713,3078,2.480440
1714,3086,2.486886
1715,3078,2.480440
1716,3078,2.480440
1717,3078,2.480440
1718,3078,2.480440
1719,3074,2.477216
1720,3078,2.480440
1721,3078,2.480440
1722,3074,2.477216
1723,3072,2.475604
1724,3078,2.480440
1725,3074,2.477216
1726,3074,2.477216
1727,3072,2.475604
1728,3074,2.477216
1729,3074,2.477216
1730,3074,2.477216
1731,3078,2.480440
1732,3074,2.477216
1733,3078,2.480440
1734,3074,2.477216
1735,3072,2.475604
1736,3078,2.480440
1737,3074,2.477216
1738,3078,2.480440
1739,3074,2.477216
1740,3078,2.480440
1741,3074,2.477216
1742,3078,2.480440
1743,3074,2.477216
1744,3072,2.475604
1745,3074,2.477216
1746,3072,2.475604
1747,3074,2.477216
1748,3074,2.477216
1749,3074,2.477216
1750,3078,2.480440
1751,3074,2.477216
1752,3074,2.477216
1753,3072,2.475604
1754,3078,2.480440
1755,3078,2.480440
1756,3074,2.477216
1757,3074,2.477216
1758,3074,2.477216
1759,3074,2.477216
1760,3078,2.480440
1761,3072,2.475604
1762,3072,2.475604
1763,3078,2.480440
1764,3074,2.477216
1765,3074,2.477216
1766,3072,2.475604
1767,3072,2.475604
1768,3074,2.477216
1769,3074,2.477216
1770,3072,2.475604
1771,3078,2.480440
1772,3072,2.475604
1773,3074,2.477216
1774,3078,2.480440
1775,3078,2.480440
1776,3072,2.475604
1777,3074,2.477216
1778,3072,2.475604
1779,3074,2.477216
1780,3074,2.477216
1781,3072,2.475604
1782,3074,2.477216
1783,3072,2.475604
1784,3074,2.477216
1785,3074,2.477216
1786,3074,2.477216
1787,3072,2.475604
1788,3074,2.477216
1789,3074,2.477216
1790,3074,2.477216
1791,3072,2.475604
1792,3074,2.477216
1793,3074,2.477216
1794,3072,2.475604
1795,3072,2.475604
1796,3072,2.475604
1797,3074,2.477216
1798,3072,2.475604
1799,3074,2.477216
1800,3074,2.477216
1801,3074,2.477216
1802,3078,2.480440
1803,3072,2.475604
1804,3072,2.475604
1805,3072,2.475604
1806,3072,2.475604
1807,3074,2.477216
1808,3072,2.475604
1809,3072,2.475604
1810,3072,2.475604
1811,3074,2.477216
1812,3074,2.477216
1813,3072,2.475604
1814,3074,2.477216
1815,3072,2.475604
1816,3074,2.477216
1817,3072,2.475604
1818,3074,2.477216
1819,3072,2.475604
1820,3072,2.475604
1821,3072,2.475604
1822,3072,2.475604
1823,3072,2.475604
1824,3072,2.475604
1825,3072,2.475604
1826,3072,2.475604
1827,3072,2.475604
1828,3072,2.475604
1829,3072,2.475604
1830,3072,2.475604
1831,3074,2.477216
1832,3078,2.480440
1833,3072,2.475604
1834,3072,2.475604
1835,3072,2.475604
1836,3072,2.475604
1837,3078,2.480440
1838,3074,2.477216
1839,3072,2.475604
1840,3072,2.475604
1841,3072,2.475604
1842,3074,2.477216
1843,3072,2.475604
1844,3072,2.475604
1845,3072,2.475604
1846,3074,2.477216
1847,3072,2.475604
1848,3074,2.477216
1849,3072,2.475604
1850,3074,2.477216
1851,3072,2.475604
1852,3072,2.475604
1853,3072,2.475604
1854,3072,2.475604
1855,3074,2.477216
1856,3074,2.477216
1857,3074,2.477216
1858,3074,2.477216
1859,3072,2.475604
1860,3074,2.477216
1861,3072,2.475604
1862,3072,2.475604
1863,3072,2.475604
1864,3074,2.477216
1865,3072,2.475604
1866,3074,2.477216
1867,3074,2.477216
1868,3072,2.475604
1869,3074,2.477216
1870,3072,2.475604
1871,3072,2.475604
1872,3074,2.477216
1873,3072,2.475604
1874,3074,2.477216
1875,3072,2.475604
1876,3072,2.475604
1877,3074,2.477216
1878,3074,2.477216
1879,3072,2.475604
1880,3074,2.477216
1881,3072,2.475604
1882,3074,2.477216
1883,3072,2.475604
1884,3072,2.475604
1885,3072,2.475604
1886,3074,2.477216
1887,3072,2.475604
1888,3072,2.475604
1889,3072,2.475604
1890,3072,2.475604
1891,3072,2.475604
1892,3072,2.475604
1893,3072,2.475604
1894,3074,2.477216
1895,3072,2.475604
1896,3072,2.475604
1897,3072,2.475604
1898,3072,2.475604
1899,3072,2.475604
1900,3074,2.477216
1901,3072,2.475604
1902,3078,2.480440
1903,3072,2.475604
1904,3072,2.475604
1905,3072,2.475604
1906,3072,2.475604
1907,3078,2.480440
1908,3072,2.475604
1909,3074,2.477216
1910,3072,2.475604
1911,3074,2.477216
1912,3072,2.475604
1913,3078,2.480440
1914,3072,2.475604
1915,3074,2.477216
1916,3078,2.480440
1917,3078,2.480440
1918,3078,2.480440
1919,3074,2.477216
1920,3078,2.480440
1921,3074,2.477216
1922,3074,2.477216
1923,3078,2.480440
1924,3078,2.480440
1925,3072,2.475604
1926,3078,2.480440
1927,3078,2.480440
1928,3072,2.475604
1929,3072,2.475604
1930,3074,2.477216
1931,3078,2.480440
1932,3078,2.480440
1933,3074,2.477216
1934,3078,2.480440
1935,3078,2.480440
1936,3074,2.477216
1937,3072,2.475604
1938,3074,2.477216
1939,3074,2.477216
1940,3078,2.480440
1941,3078,2.480440
1942,3078,2.480440
1943,3074,2.477216
1944,3078,2.480440
1945,3074,2.477216
1946,3074,2.477216
1947,3078,2.480440
1948,3072,2.475604
1949,3074,2.477216
1950,3078,2.480440
1951,3072,2.475604
1952,3074,2.477216
1953,3078,2.480440
1954,3074,2.477216
1955,3078,2.480440
1956,3078,2.480440
1957,3078,2.480440
1958,3074,2.477216
1959,3072,2.475604
1960,3078,2.480440
1961,3072,2.475604
1962,3078,2.480440
1963,3072,2.475604
1964,3079,2.481245
1965,3078,2.480440
1966,3074,2.477216
1967,3078,2.480440
1968,3078,2.480440
1969,3074,2.477216
1970,3074,2.477216
1971,3074,2.477216
1972,3078,2.480440
1973,3078,2.480440
1974,3078,2.480440
1975,3078,2.480440
1976,3074,2.477216
1977,3072,2.475604
1978,3078,2.480440
1979,3072,2.475604
1980,3072,2.475604
1981,3074,2.477216
1982,3074,2.477216
1983,3074,2.477216
1984,3072,2.475604
1985,3078,2.480440
1986,3074,2.477216
1987,3072,2.475604
1988,3074,2.477216
1989,3074,2.477216
1990,3074,2.477216
1991,3074,2.477216
1992,3078,2.480440
1993,3074,2.477216
1994,3078,2.480440
1995,3072,2.475604
1996,3074,2.477216
1997,3078,2.480440
1998,3072,2.475604
1999,3074,2.477216
2000,3074,2.477216
2001,3072,2.475604
2002,3074,2.477216
2003,3072,2.475604
2004,3078,2.480440
2005,3072,2.475604
2006,3072,2.475604
2007,3072,2.475604
2008,3072,2.475604
2009,3074,2.477216
2010,3078,2.480440
2011,3072,2.475604
2012,3078,2.480440
2013,3074,2.477216
2014,3074,2.477216
2015,3074,2.477216
2016,3074,2.477216
2017,3074,2.477216
2018,3072,2.475604
2019,3072,2.475604
2020,3074,2.477216
2021,3074,2.477216
2022,3072,2.475604
2023,3072,2.475604
2024,3072,2.475604
2025,3074,2.477216
2026,3072,2.475604
2027,3072,2.475604
2028,3072,2.475604
2029,3072,2.475604
2030,3074,2.477216
2031,3072,2.475604
2032,3072,2.475604
2033,3072,2.475604
2034,3072,2.475604
2035,3074,2.477216
2036,3072,2.475604
2037,3072,2.475604
2038,3074,2.477216
2039,3072,2.475604
2040,3072,2.475604
2041,3072,2.475604
2042,3072,2.475604
2043,3072,2.475604
2044,3072,2.475604
2045,3072,2.475604
2046,3072,2.475604
2047,3072,2.475604
2048,3074,2.477216
2049,3074,2.477216
2050,3072,2.475604
2051,3072,2.475604
2052,3072,2.475604
2053,3072,2.475604
2054,3074,2.477216
2055,3074,2.477216
2056,3072,2.475604
2057,3072,2.475604
2058,3072,2.475604
2059,3074,2.477216
2060,3074,2.477216
2061,3072,2.475604
2062,3072,2.475604
2063,3072,2.475604
2064,3072,2.475604
2065,3072,2.475604
2066,3072,2.475604
2067,3072,2.475604
2068,3072,2.475604
2069,3074,2.477216
2070,3072,2.475604
2071,3072,2.475604
2072,3078,2.480440
2073,3074,2.477216
2074,3074,2.477216
2075,3072,2.475604
2076,3072,2.475604
2077,3074,2.477216
2078,3072,2.475604
2079,3072,2.475604
2080,3074,2.477216
2081,3072,2.475604
2082,3074,2.477216
2083,3074,2.477216
2084,3072,2.475604
2085,3074,2.477216
2086,3072,2.475604
2087,3072,2.475604
2088,3074,2.477216
2089,3072,2.475604
2090,3074,2.477216
2091,3072,2.475604
2092,3072,2.475604
2093,3072,2.475604
2094,3074,2.477216
2095,3072,2.475604
2096,3074,2.477216
2097,3072,2.475604
2098,3074,2.477216
2099,3074,2.477216
2100,3072,2.475604
2101,3072,2.475604
2102,3074,2.477216
2103,3074,2.477216
2104,3072,2.475604
2105,3072,2.475604
2106,3078,2.480440
2107,3072,2.475604
2108,3074,2.477216
2109,3072,2.475604
2110,3072,2.475604
2111,3074,2.477216
2112,3072,2.475604
2113,3074,2.477216
2114,3072,2.475604
2115,3078,2.480440
2116,3074,2.477216
2117,3074,2.477216
2118,3074,2.477216
2119,3074,2.477216
2120,3078,2.480440
2121,3074,2.477216
2122,3078,2.480440
2123,3074,2.477216
2124,3078,2.480440
2125,3072,2.475604
2126,3074,2.477216
2127,3078,2.480440
2128,3078,2.480440
2129,3078,2.480440
2130,3074,2.477216
2131,3078,2.480440
2132,3078,2.480440
2133,3074,2.477216
2134,3078,2.480440
2135,3078,2.480440
2136,3074,2.477216
2137,3074,2.477216
2138,3078,2.480440
2139,3078,2.480440
2140,3078,2.480440
2141,3078,2.480440
2142,3086,2.486886
2143,3074,2.477216
2144,3078,2.480440
2145,3074,2.477216
2146,3078,2.480440
2147,3074,2.477216
2148,3078,2.480440
2149,3078,2.480440
2150,3078,2.480440
2151,3078,2.480440
2152,3078,2.480440
2153,3078,2.480440
2154,3078,2.480440
2155,3078,2.480440
2156,3078,2.480440
2157,3078,2.480440
2158,3078,2.480440
2159,3078,2.480440
2160,3078,2.480440
2161,3078,2.480440
2162,3086,2.486886
2163,3079,2.481245
2164,3078,2.480440
2165,3078,2.480440
2166,3078,2.480440
2167,3094,2.493333
2168,3078,2.480440
2169,3086,2.486886
2170,3078,2.480440
2171,3078,2.480440
2172,3074,2.477216
2173,3078,2.480440
2174,3079,2.481245
2175,3074,2.477216
2176,3090,2.490110
2177,3074,2.477216
2178,3078,2.480440
2179,3078,2.480440
2180,3094,2.493333
2181,3078,2.480440
2182,3078,2.480440
2183,3078,2.480440
2184,3086,2.486886
2185,3078,2.480440
2186,3078,2.480440
2187,3094,2.493333
2188,3078,2.480440
2189,3078,2.480440
2190,3078,2.480440
2191,3078,2.480440
2192,3094,2.493333
2193,3086,2.486886
2194,3078,2.480440
2195,3090,2.490110
2196,3090,2.490110
2197,3078,2.480440
2198,3090,2.490110
2199,3078,2.480440
2200,3090,2.490110
2201,3094,2.493333
2202,3090,2.490110
2203,3078,2.480440
2204,3074,2.477216
2205,3078,2.480440
2206,3094,2.493333
2207,3086,2.486886
2208,3090,2.490110
2209,3078,2.480440
2210,3078,2.480440
2211,3078,2.480440
2212,3078,2.480440
2213,3074,2.477216
2214,3090,2.490110
2215,3078,2.480440
2216,3078,2.480440
2217,3078,2.480440
2218,3078,2.480440
2219,3078,2.480440
2220,3078,2.480440
2221,3078,2.480440
2222,3094,2.493333
2223,3078,2.480440
2224,3078,2.480440
2225,3078,2.480440
2226,3078,2.480440
2227,3074,2.477216
2228,3078,2.480440
2229,3078,2.480440
2230,3074,2.477216
2231,3078,2.480440
2232,3074,2.477216
2233,3074,2.477216
2234,3074,2.477216
2235,3074,2.477216
2236,3074,2.477216
2237,3072,2.475604
2238,3072,2.475604
2239,3078,2.480440
2240,3078,2.480440
2241,3072,2.475604
2242,3074,2.477216
2243,3074,2.477216
2244,3074,2.477216
2245,3072,2.475604
2246,3072,2.475604
2247,3072,2.475604
2248,3072,2.475604
2249,3072,2.475604
2250,3072,2.475604
2251,3072,2.475604
2252,3072,2.475604
2253,3072,2.475604
2254,3072,2.475604
2255,3072,2.475604
2256,3072,2.475604
2257,3072,2.475604
2258,3072,2.475604
2259,3072,2.475604
2260,3072,2.475604
2261,3042,2.451429
2262,3072,2.475604
2263,3046,2.454652
2264,3046,2.454652
2265,3072,2.475604
2266,3042,2.451429
2267,3026,2.438535
2268,3072,2.475604
2269,3042,2.451429
2270,3026,2.438535
2271,3030,2.441758
2272,3026,2.438535
2273,3030,2.441758
2274,3014,2.428864
2275,3022,2.435311
2276,3030,2.441758
2277,3022,2.435311
2278,3014,2.428864
2279,3014,2.428864
2280,3026,2.438535
2281,3014,2.428864
2282,3014,2.428864
2283,3014,2.428864
2284,3010,2.425641
2285,3014,2.428864
2286,3022,2.435311
2287,3010,2.425641
2288,2998,2.415971
2289,3010,2.425641
2290,2998,2.415971
2291,2998,2.415971
2292,2998,2.415971
2293,2998,2.415971
2294,2998,2.415971
2295,2982,2.403077
2296,2994,2.412747
2297,2982,2.403077
2298,2982,2.403077
2299,2990,2.409524
2300,2982,2.403077
2301,2966,2.390183
2302,2966,2.390183
2303,2982,2.403077
2304,2966,2.390183
2305,2950,2.377289
2306,2958,2.383736
2307,2950,2.377289
2308,2951,2.378095
2309,2950,2.377289
2310,2950,2.377289
2311,2942,2.370842
2312,2950,2.377289
2313,2942,2.370842
2314,2950,2.377289
2315,2950,2.377289
2316,2942,2.370842
2317,2934,2.364396
2318,2930,2.361172
2319,2934,2.364396
2320,2930,2.361172
2321,2918,2.351502
2322,2918,2.351502
2323,2934,2.364396
2324,2918,2.351502
2325,2918,2.351502
2326,2902,2.338608
2327,2902,2.338608
2328,2918,2.351502
2329,2902,2.338608
2330,2926,2.357949
2331,2918,2.351502
2332,2914,2.348278
2333,2902,2.338608
2334,2902,2.338608
2335,2902,2.338608
2336,2914,2.348278
2337,2902,2.338608
2338,2902,2.338608
2339,2918,2.351502
2340,2914,2.348278
2341,2918,2.351502
2342,2914,2.348278
2343,2926,2.357949
2344,2918,2.351502
2345,2914,2.348278
2346,2918,2.351502
2347,2934,2.364396
2348,2926,2.357949
2349,2919,2.352308
2350,2934,2.364396
2351,2946,2.374066
2352,2934,2.364396
2353,2942,2.370842
2354,2950,2.377289
2355,2950,2.377289
2356,2950,2.377289
2357,2966,2.390183
2358,2978,2.399853
2359,2966,2.390183
2360,2982,2.403077
2361,2978,2.399853
2362,2978,2.399853
2363,2978,2.399853
2364,2978,2.399853
2365,2982,2.403077
2366,2982,2.403077
2367,2982,2.403077
2368,2982,2.403077
2369,2982,2.403077
2370,3010,2.425641
2371,2998,2.415971
2372,2998,2.415971
2373,2998,2.415971
2374,3014,2.428864
2375,3014,2.428864
2376,3014,2.428864
2377,3014,2.428864
2378,3026,2.438535
2379,3026,2.438535
2380,3014,2.428864
2381,3014,2.428864
2382,3030,2.441758
2383,3042,2.451429
2384,3046,2.454652
2385,3046,2.454652
2386,3042,2.451429
2387,3046,2.454652
2388,3046,2.454652
2389,3072,2.475604
2390,3046,2.454652
2391,3072,2.475604
2392,3072,2.475604
2393,3072,2.475604
2394,3072,2.475604
2395,3072,2.475604
2396,3074,2.477216
2397,3072,2.475604
2398,3074,2.477216
2399,3078,2.480440
2400,3072,2.475604
2401,3072,2.475604
2402,3074,2.477216
2403,3074,2.477216
2404,3078,2.480440
2405,3078,2.480440
2406,3078,2.480440
2407,3078,2.480440
2408,3078,2.480440
2409,3078,2.480440
2410,3072,2.475604
2411,3090,2.490110
2412,3078,2.480440
2413,3078,2.480440
2414,3094,2.493333
2415,3078,2.480440
2416,3094,2.493333
2417,3078,2.480440
2418,3078,2.480440
2419,3078,2.480440
2420,3094,2.493333
2421,3090,2.490110
2422,3079,2.481245
2423,3094,2.493333
2424,3094,2.493333
2425,3094,2.493333
2426,3106,2.503004
2427,3094,2.493333
2428,3094,2.493333
2429,3094,2.493333
2430,3106,2.503004
2431,3094,2.493333
2432,3094,2.493333
2433,3079,2.481245
2434,3094,2.493333
2435,3094,2.493333
2436,3106,2.503004
2437,3106,2.503004
2438,3110,2.506227
2439,3094,2.493333
2440,3110,2.506227
2441,3110,2.506227
2442,3110,2.506227
2443,3094,2.493333
2444,3106,2.503004
2445,3094,2.493333
2446,3110,2.506227
2447,3106,2.503004
2448,3110,2.506227
2449,3106,2.503004
2450,3094,2.493333
2451,3110,2.506227
2452,3110,2.506227
2453,3110,2.506227
2454,3094,2.493333
2455,3110,2.506227
2456,3110,2.506227
2457,3110,2.506227
2458,3110,2.506227
2459,3110,2.506227
2460,3110,2.506227
2461,3106,2.503004
2462,3094,2.493333
2463,3110,2.506227
2464,3122,2.515897
2465,3111,2.507033
2466,3110,2.506227
2467,3110,2.506227
2468,3110,2.506227
2469,3110,2.506227
2470,3110,2.506227
2471,3110,2.506227
2472,3106,2.503004
2473,3110,2.506227
2474,3110,2.506227
2475,3110,2.506227
2476,3110,2.506227
2477,3126,2.519121
2478,3110,2.506227
2479,3110,2.506227
2480,3122,2.515897
2481,3122,2.515897
2482,3110,2.506227
2483,3122,2.515897
2484,3126,2.519121
2485,3110,2.506227
2486,3118,2.512674
2487,3110,2.506227
2488,3126,2.519121
2489,3110,2.506227
2490,3126,2.519121
2491,3126,2.519121
2492,3110,2.506227
2493,3110,2.506227
2494,3118,2.512674
2495,3122,2.515897
2496,3110,2.506227
2497,3110,2.506227
2498,3126,2.519121
2499,3110,2.506227
2500,3110,2.506227
2501,3110,2.506227
2502,3126,2.519121
2503,3110,2.506227
2504,3126,2.519121
2505,3110,2.506227
2506,3110,2.506227
2507,3110,2.506227
2508,3111,2.507033
2509,3110,2.506227
2510,3110,2.506227
2511,3110,2.506227
2512,3110,2.506227
2513,3118,2.512674
2514,3094,2.493333
2515,3106,2.503004
2516,3118,2.512674
2517,3122,2.515897
2518,3110,2.506227
2519,3110,2.506227
2520,3110,2.506227
2521,3110,2.506227
2522,3126,2.519121
2523,3110,2.506227
2524,3110,2.506227
2525,3118,2.512674
2526,3110,2.506227
2527,3118,2.512674
2528,3110,2.506227
2529,3110,2.506227
2530,3126,2.519121
2531,3122,2.515897
2532,3126,2.519121
2533,3110,2.506227
2534,3110,2.506227
2535,3110,2.506227
2536,3110,2.506227
2537,3106,2.503004
2538,3110,2.506227
2539,3122,2.515897
2540,3110,2.506227
2541,3110,2.506227
2542,3110,2.506227
2543,3110,2.506227
2544,3106,2.503004
2545,3110,2.506227
2546,3110,2.506227
2547,3110,2.506227
2548,3106,2.503004
2549,3110,2.506227
2550,3110,2.506227
2551,3110,2.506227
2552,3110,2.506227
2553,3110,2.506227
2554,3110,2.506227
2555,3110,2.506227
2556,3106,2.503004
2557,3110,2.506227
2558,3110,2.506227
2559,3110,2.506227
2560,3106,2.503004
2561,3122,2.515897
2562,3110,2.506227
2563,3106,2.503004
2564,3110,2.506227
2565,3106,2.503004
2566,3110,2.506227
2567,3106,2.503004
2568,3110,2.506227
2569,3106,2.503004
2570,3122,2.515897
2571,3110,2.506227
2572,3110,2.506227
2573,3110,2.506227
2574,3110,2.506227
2575,3110,2.506227
2576,3118,2.512674
2577,3110,2.506227
2578,3110,2.506227
2579,3110,2.506227
2580,3106,2.503004
2581,3110,2.506227
2582,3122,2.515897
2583,3110,2.506227
2584,3110,2.506227
2585,3110,2.506227
2586,3111,2.507033
2587,3110,2.506227
2588,3110,2.506227
2589,3106,2.503004
2590,3110,2.506227
2591,3106,2.503004
2592,3106,2.503004
2593,3110,2.506227
2594,3110,2.506227
2595,3110,2.506227
2596,3106,2.503004
2597,3106,2.503004
2598,3110,2.506227
2599,3110,2.506227
2600,3110,2.506227
2601,3110,2.506227
2602,3106,2.503004
2603,3110,2.506227
2604,3106,2.503004
2605,3110,2.506227
2606,3110,2.506227
2607,3110,2.506227
2608,3110,2.506227
2609,3110,2.506227
2610,3110,2.506227
2611,3110,2.506227
2612,3094,2.493333
2613,3110,2.506227
2614,3110,2.506227
2615,3110,2.506227
2616,3110,2.506227
2617,3106,2.503004
2618,3110,2.506227
2619,3110,2.506227
2620,3110,2.506227
2621,3110,2.506227
2622,3110,2.506227
2623,3110,2.506227
2624,3110,2.506227
2625,3110,2.506227
2626,3110,2.506227
2627,3094,2.493333
2628,3110,2.506227
2629,3094,2.493333
2630,3110,2.506227
2631,3110,2.506227
2632,3110,2.506227
2633,3110,2.506227
2634,3110,2.506227
2635,3110,2.506227
2636,3110,2.506227
2637,3094,2.493333
2638,3110,2.506227
2639,3110,2.506227
2640,3110,2.506227
2641,3110,2.506227
2642,3094,2.493333
2643,3111,2.507033
2644,3110,2.506227
2645,3106,2.503004
2646,3110,2.506227
2647,3110,2.506227
2648,3106,2.503004
2649,3094,2.493333
2650,3110,2.506227
2651,3118,2.512674
2652,3110,2.506227
2653,3094,2.493333
2654,3110,2.506227
2655,3110,2.506227
2656,3110,2.506227
2657,3106,2.503004
2658,3110,2.506227
2659,3111,2.507033
2660,3118,2.512674
2661,3110,2.506227
2662,3110,2.506227
2663,3110,2.506227
2664,3110,2.506227
2665,3110,2.506227
2666,3110,2.506227
2667,3106,2.503004
2668,3110,2.506227
2669,3106,2.503004
2670,3106,2.503004
2671,3094,2.493333
2672,3110,2.506227
2673,3110,2.506227
2674,3110,2.506227
2675,3110,2.506227
2676,3110,2.506227
2677,3110,2.506227
2678,3110,2.506227
2679,3110,2.506227
2680,3110,2.506227
2681,3106,2.503004
2682,3110,2.506227
2683,3106,2.503004
2684,3110,2.506227
2685,3106,2.503004
2686,3106,2.503004
2687,3094,2.493333
2688,3106,2.503004
2689,3110,2.506227
2690,3122,2.515897
2691,3106,2.503004
2692,3106,2.503004
2693,3094,2.493333
2694,3094,2.493333
2695,3106,2.503004
2696,3110,2.506227
2697,3094,2.493333
2698,3106,2.503004
2699,3110,2.506227
2700,3110,2.506227
2701,3094,2.493333
2702,3110,2.506227
2703,3110,2.506227
2704,3106,2.503004
2705,3106,2.503004
2706,3110,2.506227
2707,3094,2.493333
2708,3110,2.506227
2709,3094,2.493333
2710,3106,2.503004
2711,3094,2.493333
2712,3110,2.506227
2713,3126,2.519121
2714,3106,2.503004
2715,3110,2.506227
2716,3106,2.503004
2717,3110,2.506227
2718,3106,2.503004
2719,3094,2.493333
2720,3106,2.503004
2721,3094,2.493333
2722,3110,2.506227
2723,3094,2.493333
2724,3106,2.503004
2725,3094,2.493333
2726,3110,2.506227
2727,3106,2.503004
2728,3094,2.493333
2729,3106,2.503004
2730,3110,2.506227
2731,3094,2.493333
2732,3110,2.506227
2733,3110,2.506227
2734,3110,2.506227
2735,3110,2.506227
2736,3106,2.503004
2737,3106,2.503004
2738,3106,2.503004
2739,3110,2.506227
2740,3094,2.493333
2741,3094,2.493333
2742,3094,2.493333
2743,3110,2.506227
2744,3110,2.506227
2745,3094,2.493333
2746,3094,2.493333
2747,3094,2.493333
2748,3110,2.506227
2749,3094,2.493333
2750,3106,2.503004
2751,3110,2.506227
2752,3110,2.506227
2753,3110,2.506227
2754,3094,2.493333
2755,3094,2.493333
2756,3094,2.493333
2757,3094,2.493333
2758,3106,2.503004
2759,3094,2.493333
2760,3110,2.506227
2761,3110,2.506227
2762,3106,2.503004
2763,3094,2.493333
2764,3110,2.506227
2765,3110,2.506227
2766,3106,2.503004
2767,3106,2.503004
2768,3110,2.506227
2769,3110,2.506227
2770,3094,2.493333
2771,3110,2.506227
2772,3106,2.503004
2773,3110,2.506227
2774,3110,2.506227
2775,3106,2.503004
2776,3110,2.506227
2777,3110,2.506227
2778,3106,2.503004
2779,3110,2.506227
2780,3110,2.506227
2781,3095,2.494139
2782,3110,2.506227
2783,3110,2.506227
2784,3110,2.506227
2785,3110,2.506227
2786,3094,2.493333
2787,3094,2.493333
2788,3094,2.493333
2789,3106,2.503004
2790,3094,2.493333
2791,3094,2.493333
2792,3110,2.506227
2793,3094,2.493333
2794,3106,2.503004
2795,3106,2.503004
2796,3094,2.493333
2797,3106,2.503004
2798,3110,2.506227
2799,3110,2.506227
2800,3110,2.506227
2801,3094,2.493333
2802,3110,2.506227
2803,3106,2.503004
2804,3110,2.506227
2805,3110,2.506227
2806,3110,2.506227
2807,3094,2.493333
2808,3110,2.506227
2809,3106,2.503004
2810,3106,2.503004
2811,3094,2.493333
2812,3106,2.503004
2813,3094,2.493333
2814,3094,2.493333
2815,3106,2.503004
2816,3106,2.503004
2817,3106,2.503004
2818,3110,2.506227
2819,3110,2.506227
2820,3106,2.503004
2821,3090,2.490110
2822,3094,2.493333
2823,3110,2.506227
2824,3110,2.506227
2825,3094,2.493333
2826,3090,2.490110
2827,3106,2.503004
2828,3110,2.506227
2829,3106,2.503004
2830,3110,2.506227
2831,3094,2.493333
2832,3106,2.503004
2833,3090,2.490110
2834,3110,2.506227
2835,3106,2.503004
2836,3106,2.503004
2837,3094,2.493333
2838,3094,2.493333
2839,3094,2.493333
2840,3094,2.493333
2841,3110,2.506227
2842,3106,2.503004
2843,3094,2.493333
2844,3106,2.503004
2845,3110,2.506227
2846,3094,2.493333
2847,3094,2.493333
2848,3094,2.493333
2849,3094,2.493333
2850,3094,2.493333
2851,3110,2.506227
2852,3110,2.506227
2853,3094,2.493333
2854,3094,2.493333
2855,3094,2.493333
2856,3094,2.493333
2857,3106,2.503004
2858,3094,2.493333
2859,3106,2.503004
2860,3094,2.493333
2861,3094,2.493333
2862,3094,2.493333
2863,3110,2.506227
2864,3090,2.490110
2865,3110,2.506227
2866,3110,2.506227
2867,3106,2.503004
2868,3110,2.506227
2869,3106,2.503004
2870,3094,2.493333
2871,3094,2.493333
2872,3110,2.506227
2873,3094,2.493333
2874,3110,2.506227
2875,3094,2.493333
2876,3106,2.503004
2877,3094,2.493333
2878,3094,2.493333
2879,3094,2.493333
2880,3106,2.503004
2881,3094,2.493333
2882,3106,2.503004
2883,3106,2.503004
2884,3106,2.503004
2885,3094,2.493333
2886,3094,2.493333
2887,3106,2.503004
2888,3094,2.493333
2889,3094,2.493333
2890,3094,2.493333
2891,3094,2.493333
2892,3110,2.506227
2893,3094,2.493333
2894,3094,2.493333
2895,3094,2.493333
2896,3110,2.506227
2897,3090,2.490110
2898,3094,2.493333
2899,3094,2.493333
2900,3106,2.503004
2901,3106,2.503004
2902,3106,2.503004
2903,3094,2.493333
2904,3110,2.506227
2905,3094,2.493333
2906,3094,2.493333
2907,3110,2.506227
2908,3094,2.493333
2909,3110,2.506227
2910,3110,2.506227
2911,3110,2.506227
2912,3094,2.493333
2913,3106,2.503004
2914,3106,2.503004
2915,3106,2.503004
2916,3094,2.493333
2917,3094,2.493333
2918,3110,2.506227
2919,3094,2.493333
2920,3094,2.493333
2921,3094,2.493333
2922,3110,2.506227
2923,3110,2.506227
2924,3094,2.493333
2925,3094,2.493333
2926,3094,2.493333
2927,3106,2.503004
2928,3094,2.493333
2929,3094,2.493333
2930,3094,2.493333
2931,3094,2.493333
2932,3106,2.503004
2933,3094,2.493333
2934,3094,2.493333
2935,3094,2.493333
2936,3094,2.493333
2937,3110,2.506227
2938,3110,2.506227
2939,3094,2.493333
2940,3094,2.493333
2941,3106,2.503004
2942,3094,2.493333
2943,3110,2.506227
2944,3094,2.493333
2945,3090,2.490110
2946,3094,2.493333
2947,3094,2.493333
2948,3094,2.493333
2949,3079,2.481245
2950,3106,2.503004
2951,3094,2.493333
2952,3094,2.493333
2953,3094,2.493333
2954,3094,2.493333
2955,3106,2.503004
2956,3110,2.506227
2957,3094,2.493333
2958,3094,2.493333
2959,3094,2.493333
2960,3094,2.493333
2961,3106,2.503004
2962,3094,2.493333
2963,3094,2.493333
2964,3110,2.506227
2965,3094,2.493333
2966,3110,2.506227
2967,3094,2.493333
2968,3094,2.493333
2969,3094,2.493333
2970,3094,2.493333
2971,3094,2.493333
2972,3090,2.490110
2973,3094,2.493333
2974,3094,2.493333
2975,3090,2.490110
2976,3094,2.493333
2977,3094,2.493333
2978,3106,2.503004
2979,3094,2.493333
2980,3094,2.493333
2981,3106,2.503004
2982,3094,2.493333
2983,3094,2.493333
2984,3094,2.493333
2985,3094,2.493333
2986,3086,2.486886
2987,3078,2.480440
2988,3090,2.490110
2989,3094,2.493333
2990,3090,2.490110
2991,3094,2.493333
2992,3094,2.493333
2993,3090,2.490110
2994,3094,2.493333
2995,3094,2.493333
2996,3078,2.480440
2997,3078,2.480440
2998,3094,2.493333
2999,3094,2.493333
3000,3094,2.493333
3001,3090,2.490110
3002,3090,2.490110
3003,3094,2.493333
3004,3090,2.490110
3005,3094,2.493333
3006,3078,2.480440
3007,3094,2.493333
3008,3078,2.480440
3009,3090,2.490110
3010,3086,2.486886
3011,3094,2.493333
3012,3078,2.480440
3013,3094,2.493333
3014,3094,2.493333
3015,3090,2.490110
3016,3094,2.493333
3017,3090,2.490110
3018,3090,2.490110
3019,3090,2.490110
3020,3094,2.493333
3021,3078,2.480440
3022,3090,2.490110
3023,3094,2.493333
3024,3090,2.490110
3025,3090,2.490110
3026,3078,2.480440
3027,3078,2.480440
3028,3090,2.490110
3029,3078,2.480440
3030,3094,2.493333
3031,3079,2.481245
3032,3090,2.490110
3033,3090,2.490110
3034,3086,2.486886
3035,3090,2.490110
3036,3078,2.480440
3037,3078,2.480440
3038,3078,2.480440
3039,3078,2.480440
3040,3094,2.493333
3041,3078,2.480440
3042,3090,2.490110
3043,3094,2.493333
3044,3079,2.481245
3045,3078,2.480440
3046,3078,2.480440
3047,3086,2.486886
3048,3094,2.493333
3049,3074,2.477216
3050,3078,2.480440
3051,3078,2.480440
3052,3086,2.486886
3053,3078,2.480440
3054,3078,2.480440
3055,3078,2.480440
3056,3094,2.493333
3057,3090,2.490110
3058,3074,2.477216
3059,3078,2.480440
3060,3078,2.480440
3061,3078,2.480440
3062,3078,2.480440
3063,3078,2.480440
3064,3078,2.480440
3065,3078,2.480440
3066,3078,2.480440
3067,3078,2.480440
3068,3078,2.480440
3069,3078,2.480440
3070,3078,2.480440
3071,3078,2.480440
3072,3078,2.480440
3073,3078,2.480440
3074,3074,2.477216
3075,3078,2.480440
3076,3078,2.480440
3077,3078,2.480440
3078,3074,2.477216
3079,3074,2.477216
3080,3078,2.480440
3081,3078,2.480440
3082,3094,2.493333
3083,3078,2.480440
3084,3074,2.477216
3085,3078,2.480440
3086,3078,2.480440
3087,3078,2.480440
3088,3074,2.477216
3089,3078,2.480440
3090,3074,2.477216
3091,3078,2.480440
3092,3078,2.480440
3093,3078,2.480440
3094,3072,2.475604
3095,3074,2.477216
3096,3074,2.477216
3097,3074,2.477216
3098,3072,2.475604
3099,3078,2.480440
3100,3072,2.475604
3101,3078,2.480440
3102,3072,2.475604
3103,3074,2.477216
3104,3072,2.475604
3105,3072,2.475604
3106,3074,2.477216
3107,3078,2.480440
3108,3074,2.477216
3109,3078,2.480440
3110,3074,2.477216
3111,3078,2.480440
3112,3074,2.477216
3113,3074,2.477216
3114,3074,2.477216
3115,3078,2.480440
3116,3078,2.480440
3117,3074,2.477216
3118,3072,2.475604
3119,3072,2.475604
3120,3074,2.477216
3121,3074,2.477216
3122,3072,2.475604
3123,3072,2.475604
3124,3072,2.475604
3125,3072,2.475604
3126,3072,2.475604
3127,3072,2.475604
3128,3072,2.475604
3129,3072,2.475604
3130,3072,2.475604
3131,3072,2.475604
3132,3072,2.475604
3133,3072,2.475604
3134,3074,2.477216
3135,3072,2.475604
3136,3072,2.475604
3137,3072,2.475604
3138,3074,2.477216
3139,3072,2.475604
3140,3072,2.475604
3141,3072,2.475604
3142,3072,2.475604
3143,3072,2.475604
3144,3072,2.475604
3145,3072,2.475604
3146,3072,2.475604
3147,3072,2.475604
3148,3072,2.475604
3149,3072,2.475604
3150,3072,2.475604
3151,3072,2.475604
3152,3072,2.475604
3153,3072,2.475604
3154,3072,2.475604
3155,3072,2.475604
3156,3072,2.475604
3157,3072,2.475604
3158,3046,2.454652
3159,3072,2.475604
3160,3072,2.475604
3161,3072,2.475604
3162,3072,2.475604
3163,3072,2.475604
3164,3072,2.475604
3165,3072,2.475604
3166,3072,2.475604
3167,3072,2.475604
3168,3042,2.451429
3169,3046,2.454652
3170,3046,2.454652
3171,3046,2.454652
3172,3072,2.475604
3173,3072,2.475604
3174,3042,2.451429
3175,3030,2.441758
3176,3046,2.454652
3177,3072,2.475604
3178,3042,2.451429
3179,3030,2.441758
3180,3046,2.454652
3181,3022,2.435311
3182,3072,2.475604
3183,3030,2.441758
3184,3030,2.441758
3185,3072,2.475604
3186,3030,2.441758
3187,3030,2.441758
3188,3030,2.441758
3189,3030,2.441758
3190,3030,2.441758
3191,3042,2.451429
3192,3030,2.441758
3193,3030,2.441758
3194,3030,2.441758
3195,3030,2.441758
3196,3030,2.441758
3197,3030,2.441758
3198,3030,2.441758
3199,3030,2.441758
3200,3030,2.441758
3201,3030,2.441758
3202,3030,2.441758
3203,3014,2.428864
3204,3026,2.438535
3205,3030,2.441758
3206,3014,2.428864
3207,3014,2.428864
3208,3014,2.428864
3209,3014,2.428864
3210,3014,2.428864
3211,3030,2.441758
3212,3015,2.429670
3213,3014,2.428864
3214,3014,2.428864
3215,3010,2.425641
3216,3014,2.428864
3217,3014,2.428864
3218,3014,2.428864
3219,3010,2.425641
3220,2998,2.415971
3221,3010,2.425641
3222,3010,2.425641
3223,3014,2.428864
3224,3010,2.425641
3225,3014,2.428864
3226,3014,2.428864
3227,2998,2.415971
3228,3010,2.425641
3229,3014,2.428864
3230,2998,2.415971
3231,3010,2.425641
3232,2998,2.415971
3233,2998,2.415971
3234,3010,2.425641
3235,2998,2.415971
3236,3014,2.428864
3237,2994,2.412747
3238,2994,2.412747
3239,2998,2.415971
3240,2983,2.403883
3241,2998,2.415971
3242,2998,2.415971
3243,2998,2.415971
3244,2998,2.415971
3245,2982,2.403077
3246,2998,2.415971
3247,2998,2.415971
3248,2982,2.403077
3249,2982,2.403077
3250,2983,2.403883
3251,2994,2.412747
3252,2982,2.403077
3253,2994,2.412747
3254,2990,2.409524
3255,2994,2.412747
3256,2982,2.403077
3257,2982,2.403077
3258,2982,2.403077
3259,2982,2.403077
3260,2982,2.403077
3261,2982,2.403077
3262,2978,2.399853
3263,2978,2.399853
3264,2982,2.403077
3265,2982,2.403077
3266,2982,2.403077
3267,2982,2.403077
3268,2978,2.399853
3269,2982,2.403077
3270,2978,2.399853
3271,2982,2.403077
3272,2982,2.403077
3273,2966,2.390183
3274,2982,2.403077
3275,2982,2.403077
3276,2982,2.403077
3277,2982,2.403077
3278,2983,2.403883
3279,2978,2.399853
3280,2978,2.399853
3281,2966,2.390183
3282,2966,2.390183
3283,2978,2.399853
3284,2978,2.399853
3285,2982,2.403077
3286,2966,2.390183
3287,2978,2.399853
3288,2966,2.390183
3289,2966,2.390183
3290,2966,2.390183
3291,2966,2.390183
3292,2982,2.403077
3293,2962,2.386960
3294,2966,2.390183
3295,2966,2.390183
3296,2950,2.377289
3297,2951,2.378095
3298,2962,2.386960
3299,2962,2.386960
3300,2958,2.383736
3301,2958,2.383736
3302,2962,2.386960
3303,2966,2.390183
3304,2962,2.386960
3305,2962,2.386960
3306,2966,2.390183
3307,2950,2.377289
3308,2962,2.386960
3309,2950,2.377289
3310,2950,2.377289
3311,2951,2.378095
3312,2962,2.386960
3313,2950,2.377289
3314,2958,2.383736
3315,2958,2.383736
3316,2934,2.364396
3317,2950,2.377289
3318,2962,2.386960
3319,2950,2.377289
3320,2958,2.383736
3321,2966,2.390183
3322,2934,2.364396
3323,2950,2.377289
3324,2950,2.377289
3325,2950,2.377289
3326,2950,2.377289
3327,2934,2.364396
3328,2966,2.390183
3329,2950,2.377289
3330,2950,2.377289
3331,2950,2.377289
3332,2950,2.377289
3333,2934,2.364396
3334,2942,2.370842
3335,2942,2.370842
3336,2950,2.377289
3337,2950,2.377289
3338,2950,2.377289
3339,2958,2.383736
3340,2950,2.377289
3341,2950,2.377289
3342,2950,2.377289
3343,2950,2.377289
3344,2934,2.364396
3345,2950,2.377289
3346,2950,2.377289
3347,2934,2.364396
3348,2934,2.364396
3349,2942,2.370842
3350,2950,2.377289
3351,2942,2.370842
3352,2942,2.370842
3353,2934,2.364396
3354,2934,2.364396
3355,2934,2.364396
3356,2934,2.364396
3357,2934,2.364396
3358,2934,2.364396
3359,2935,2.365201
3360,2934,2.364396
3361,2934,2.364396
3362,2950,2.377289
3363,2934,2.364396
3364,2942,2.370842
3365,2934,2.364396
3366,2934,2.364396
3367,2934,2.364396
3368,2934,2.364396
3369,2935,2.365201
3370,2930,2.361172
3371,2942,2.370842
3372,2930,2.361172
3373,2934,2.364396
3374,2950,2.377289
3375,2934,2.364396
3376,2934,2.364396
3377,2935,2.365201
3378,2935,2.365201
3379,2934,2.364396
3380,2934,2.364396
3381,2926,2.357949
3382,2942,2.370842
3383,2934,2.364396
3384,2935,2.365201
3385,2918,2.351502
3386,2934,2.364396
3387,2934,2.364396
3388,2934,2.364396
3389,2934,2.364396
3390,2934,2.364396
3391,2934,2.364396
3392,2930,2.361172
3393,2934,2.364396
3394,2942,2.370842
3395,2942,2.370842
3396,2918,2.351502
3397,2934,2.364396
3398,2935,2.365201
3399,2918,2.351502
3400,2914,2.348278
3401,2934,2.364396
3402,2934,2.364396
3403,2918,2.351502
3404,2919,2.352308
3405,2934,2.364396
3406,2918,2.351502
3407,2930,2.361172
3408,2934,2.364396
3409,2934,2.364396
3410,2918,2.351502
3411,2934,2.364396
3412,2930,2.361172
3413,2934,2.364396
3414,2926,2.357949
3415,2918,2.351502
3416,2918,2.351502
3417,2934,2.364396
3418,2926,2.357949
3419,2918,2.351502
3420,2918,2.351502
3421,2934,2.364396
3422,2930,2.361172
3423,2918,2.351502
3424,2934,2.364396
3425,2918,2.351502
3426,2918,2.351502
3427,2934,2.364396
3428,2918,2.351502
3429,2918,2.351502
3430,2926,2.357949
3431,2918,2.351502
3432,2930,2.361172
3433,2926,2.357949
3434,2930,2.361172
3435,2918,2.351502
3436,2918,2.351502
3437,2918,2.351502
3438,2918,2.351502
3439,2918,2.351502
3440,2930,2.361172
3441,2918,2.351502
3442,2918,2.351502
3443,2934,2.364396
3444,2918,2.351502
3445,2918,2.351502
3446,2930,2.361172
3447,2926,2.357949
3448,2918,2.351502
3449,2919,2.352308
3450,2934,2.364396
3451,2934,2.364396
3452,2918,2.351502
3453,2918,2.351502
3454,2926,2.357949
3455,2930,2.361172
3456,2918,2.351502
3457,2934,2.364396
3458,2918,2.351502
3459,2918,2.351502
3460,2918,2.351502
3461,2918,2.351502
3462,2918,2.351502
3463,2914,2.348278
3464,2918,2.351502
3465,2918,2.351502
3466,2926,2.357949
3467,2902,2.338608
3468,2918,2.351502
3469,2914,2.348278
3470,2918,2.351502
3471,2918,2.351502
3472,2918,2.351502
3473,2914,2.348278
3474,2919,2.352308
3475,2918,2.351502
3476,2914,2.348278
3477,2918,2.351502
3478,2918,2.351502
3479,2918,2.351502
3480,2918,2.351502
3481,2918,2.351502
3482,2926,2.357949
3483,2918,2.351502
3484,2918,2.351502
3485,2918,2.351502
3486,2934,2.364396
3487,2918,2.351502
3488,2918,2.351502
3489,2918,2.351502
3490,2918,2.351502
3491,2918,2.351502
3492,2918,2.351502
3493,2914,2.348278
3494,2914,2.348278
3495,2914,2.348278
3496,2930,2.361172
3497,2918,2.351502
3498,2918,2.351502
3499,2918,2.351502
3500,2918,2.351502
3501,2918,2.351502
3502,2934,2.364396
3503,2914,2.348278
3504,2926,2.357949
3505,2918,2.351502
3506,2918,2.351502
3507,2918,2.351502
3508,2930,2.361172
3509,2918,2.351502
3510,2918,2.351502
3511,2918,2.351502
3512,2902,2.338608
3513,2918,2.351502
3514,2914,2.348278
3515,2914,2.348278
3516,2902,2.338608
3517,2902,2.338608
3518,2918,2.351502
3519,2914,2.348278
3520,2934,2.364396
3521,2914,2.348278
3522,2914,2.348278
3523,2918,2.351502
3524,2919,2.352308
3525,2918,2.351502
3526,2918,2.351502
3527,2918,2.351502
3528,2914,2.348278
3529,2902,2.338608
3530,2914,2.348278
3531,2918,2.351502
3532,2914,2.348278
3533,2918,2.351502
3534,2902,2.338608
3535,2918,2.351502
3536,2918,2.351502
3537,2914,2.348278
3538,2918,2.351502
3539,2914,2.348278
3540,2918,2.351502
3541,2918,2.351502
3542,2918,2.351502
3543,2918,2.351502
3544,2902,2.338608
3545,2918,2.351502
3546,2914,2.348278
3547,2902,2.338608
3548,2914,2.348278
3549,2914,2.348278
3550,2914,2.348278
3551,2914,2.348278
3552,2918,2.351502
3553,2918,2.351502
3554,2914,2.348278
3555,2918,2.351502
3556,2918,2.351502
3557,2902,2.338608
3558,2914,2.348278
3559,2914,2.348278
3560,2914,2.348278
3561,2934,2.364396
3562,2918,2.351502
3563,2918,2.351502
3564,2918,2.351502
3565,2918,2.351502
3566,2914,2.348278
3567,2914,2.348278
3568,2914,2.348278
3569,2914,2.348278
3570,2918,2.351502
3571,2914,2.348278
3572,2902,2.338608
3573,2902,2.338608
3574,2914,2.348278
3575,2918,2.351502
3576,2918,2.351502
3577,2914,2.348278
3578,2914,2.348278
3579,2902,2.338608
3580,2914,2.348278
3581,2918,2.351502
3582,2930,2.361172
3583,2918,2.351502
3584,2918,2.351502
3585,2902,2.338608
3586,2902,2.338608
3587,2914,2.348278
3588,2914,2.348278
3589,2902,2.338608
3590,2914,2.348278
3591,2914,2.348278
3592,2894,2.332161
3593,2914,2.348278
3594,2918,2.351502
3595,2914,2.348278
3596,2914,2.348278
3597,2902,2.338608
3598,2903,2.339414
3599,2894,2.332161
3600,2902,2.338608
3601,2902,2.338608
3602,2918,2.351502
3603,2902,2.338608
3604,2902,2.338608
3605,2898,2.335385
3606,2902,2.338608
3607,2902,2.338608
3608,2902,2.338608
3609,2926,2.357949
3610,2914,2.348278
3611,2902,2.338608
3612,2902,2.338608
3613,2918,2.351502
3614,2918,2.351502
3615,2914,2.348278
3616,2918,2.351502
3617,2902,2.338608
3618,2914,2.348278
3619,2914,2.348278
3620,2902,2.338608
3621,2902,2.338608
3622,2902,2.338608
3623,2902,2.338608
3624,2930,2.361172
3625,2918,2.351502
3626,2914,2.348278
3627,2914,2.348278
3628,2918,2.351502
3629,2902,2.338608
3630,2918,2.351502
3631,2914,2.348278
3632,2902,2.338608
3633,2914,2.348278
3634,2914,2.348278
3635,2918,2.351502
3636,2914,2.348278
3637,2918,2.351502
3638,2918,2.351502
3639,2902,2.338608
3640,2918,2.351502
3641,2914,2.348278
3642,2914,2.348278
3643,2898,2.335385
3644,2914,2.348278
3645,2918,2.351502
3646,2914,2.348278
3647,2918,2.351502
