Pixel,ADC,VoltageV
1,3942,3.176703
2,3942,3.176703
3,3942,3.176703
4,3942,3.176703
5,3942,3.176703
6,3942,3.176703
7,3942,3.176703
8,3938,3.173480
9,3938,3.173480
10,3942,3.176703
11,3938,3.173480
12,3942,3.176703
13,3942,3.176703
14,3942,3.176703
15,3942,3.176703
16,3938,3.173480
17,3334,2.686740
18,2870,2.312821
19,2902,2.338608
20,2914,2.348278
21,2914,2.348278
22,2902,2.338608
23,2914,2.348278
24,2902,2.338608
25,2914,2.348278
26,2919,2.352308
27,2918,2.351502
28,2918,2.351502
29,2914,2.348278
30,2914,2.348278
31,2914,2.348278
32,2914,2.348278
33,2918,2.351502
34,2934,2.364396
35,2918,2.351502
36,2918,2.351502
37,2918,2.351502
38,2914,2.348278
39,2918,2.351502
40,2918,2.351502
41,2926,2.357949
42,2918,2.351502
43,2930,2.361172
44,2918,2.351502
45,2918,2.351502
46,2934,2.364396
47,2918,2.351502
48,2914,2.348278
49,2918,2.351502
50,2918,2.351502
51,2926,2.357949
52,2914,2.348278
53,2918,2.351502
54,2918,2.351502
55,2918,2.351502
56,2930,2.361172
57,2934,2.364396
58,2918,2.351502
59,2914,2.348278
60,2918,2.351502
61,2914,2.348278
62,2918,2.351502
63,2918,2.351502
64,2926,2.357949
65,2918,2.351502
66,2914,2.348278
67,2918,2.351502
68,2918,2.351502
69,2914,2.348278
70,2918,2.351502
71,2914,2.348278
72,2902,2.338608
73,2914,2.348278
74,2914,2.348278
75,2914,2.348278
76,2914,2.348278
77,2918,2.351502
78,2914,2.348278
79,2914,2.348278
80,2902,2.338608
81,2918,2.351502
82,2918,2.351502
83,2914,2.348278
84,2914,2.348278
85,2918,2.351502
86,2934,2.364396
87,2918,2.351502
88,2914,2.348278
89,2930,2.361172
90,2918,2.351502
91,2930,2.361172
92,2930,2.361172
93,2926,2.357949
94,2918,2.351502
95,2918,2.351502
96,2918,2.351502
97,2902,2.338608
98,2918,2.351502
99,2918,2.351502
100,2934,2.364396
101,2918,2.351502
102,2930,2.361172
103,2914,2.348278
104,2918,2.351502
105,2918,2.351502
106,2918,2.351502
107,2918,2.351502
108,2918,2.351502
109,2918,2.351502
110,2918,2.351502
111,2902,2.338608
112,2918,2.351502
113,2914,2.348278
114,2902,2.338608
115,2902,2.338608
116,2902,2.338608
117,2902,2.338608
118,2918,2.351502
119,2902,2.338608
120,2914,2.348278
121,2914,2.348278
122,2918,2.351502
123,2914,2.348278
124,2902,2.338608
125,2918,2.351502
126,2918,2.351502
127,2918,2.351502
128,2918,2.351502
129,2914,2.348278
130,2918,2.351502
131,2918,2.351502
132,2914,2.348278
133,2918,2.351502
134,2914,2.348278
135,2914,2.348278
136,2918,2.351502
137,2902,2.338608
138,2918,2.351502
139,2914,2.348278
140,2918,2.351502
141,2918,2.351502
142,2914,2.348278
143,2914,2.348278
144,2930,2.361172
145,2918,2.351502
146,2914,2.348278
147,2918,2.351502
148,2918,2.351502
149,2918,2.351502
150,2914,2.348278
151,2918,2.351502
152,2930,2.361172
153,2934,2.364396
154,2930,2.361172
155,2926,2.357949
156,2930,2.361172
157,2918,2.351502
158,2930,2.361172
159,2918,2.351502
160,2930,2.361172
161,2930,2.361172
162,2918,2.351502
163,2934,2.364396
164,2918,2.351502
165,2918,2.351502
166,2930,2.361172
167,2926,2.357949
168,2930,2.361172
169,2918,2.351502
170,2918,2.351502
171,2918,2.351502
172,2914,2.348278
173,2918,2.351502
174,2930,2.361172
175,2926,2.357949
176,2926,2.357949
177,2918,2.351502
178,2934,2.364396
179,2918,2.351502
180,2930,2.361172
181,2934,2.364396
182,2930,2.361172
183,2926,2.357949
184,2918,2.351502
185,2918,2.351502
186,2918,2.351502
187,2926,2.357949
188,2918,2.351502
189,2926,2.357949
190,2926,2.357949
191,2914,2.348278
192,2918,2.351502
193,2918,2.351502
194,2914,2.348278
195,2918,2.351502
196,2918,2.351502
197,2918,2.351502
198,2918,2.351502
199,2930,2.361172
200,2914,2.348278
201,2914,2.348278
202,2918,2.351502
203,2914,2.348278
204,2914,2.348278
205,2914,2.348278
206,2918,2.351502
207,2902,2.338608
208,2918,2.351502
209,2918,2.351502
210,2918,2.351502
211,2918,2.351502
212,2914,2.348278
213,2918,2.351502
214,2918,2.351502
215,2918,2.351502
216,2902,2.338608
217,2918,2.351502
218,2914,2.348278
219,2919,2.352308
220,2914,2.348278
221,2914,2.348278
222,2914,2.348278
223,2930,2.361172
224,2918,2.351502
225,2914,2.348278
226,2930,2.361172
227,2918,2.351502
228,2918,2.351502
229,2930,2.361172
230,2914,2.348278
231,2934,2.364396
232,2918,2.351502
233,2934,2.364396
234,2918,2.351502
235,2934,2.364396
236,2926,2.357949
237,2934,2.364396
238,2918,2.351502
239,2930,2.361172
240,2930,2.361172
241,2934,2.364396
242,2934,2.364396
243,2942,2.370842
244,2934,2.364396
245,2930,2.361172
246,2926,2.357949
247,2918,2.351502
248,2930,2.361172
249,2918,2.351502
250,2934,2.364396
251,2918,2.351502
252,2918,2.351502
253,2934,2.364396
254,2918,2.351502
255,2903,2.339414
256,2926,2.357949
257,2914,2.348278
258,2934,2.364396
259,2918,2.351502
260,2918,2.351502
261,2918,2.351502
262,2918,2.351502
263,2918,2.351502
264,2918,2.351502
265,2918,2.351502
266,2918,2.351502
267,2918,2.351502
268,2918,2.351502
269,2926,2.357949
270,2918,2.351502
271,2918,2.351502
272,2918,2.351502
273,2930,2.361172
274,2918,2.351502
275,2918,2.351502
276,2918,2.351502
277,2934,2.364396
278,2926,2.357949
279,2934,2.364396
280,2918,2.351502
281,2934,2.364396
282,2926,2.357949
283,2930,2.361172
284,2918,2.351502
285,2918,2.351502
286,2914,2.348278
287,2918,2.351502
288,2914,2.348278
289,2918,2.351502
290,2918,2.351502
291,2918,2.351502
292,2918,2.351502
293,2918,2.351502
294,2918,2.351502
295,2926,2.357949
296,2930,2.361172
297,2926,2.357949
298,2930,2.361172
299,2918,2.351502
300,2930,2.361172
301,2919,2.352308
302,2926,2.357949
303,2918,2.351502
304,2926,2.357949
305,2926,2.357949
306,2930,2.361172
307,2930,2.361172
308,2930,2.361172
309,2930,2.361172
310,2918,2.351502
311,2934,2.364396
312,2918,2.351502
313,2918,2.351502
314,2930,2.361172
315,2926,2.357949
316,2914,2.348278
317,2926,2.357949
318,2918,2.351502
319,2926,2.357949
320,2918,2.351502
321,2918,2.351502
322,2918,2.351502
323,2930,2.361172
324,2926,2.357949
325,2918,2.351502
326,2914,2.348278
327,2934,2.364396
328,2926,2.357949
329,2926,2.357949
330,2930,2.361172
331,2934,2.364396
332,2930,2.361172
333,2942,2.370842
334,2930,2.361172
335,2942,2.370842
336,2930,2.361172
337,2934,2.364396
338,2930,2.361172
339,2934,2.364396
340,2934,2.364396
341,2930,2.361172
342,2950,2.377289
343,2934,2.364396
344,2942,2.370842
345,2934,2.364396
346,2950,2.377289
347,2950,2.377289
348,2942,2.370842
349,2934,2.364396
350,2934,2.364396
351,2934,2.364396
352,2934,2.364396
353,2934,2.364396
354,2942,2.370842
355,2934,2.364396
356,2934,2.364396
357,2934,2.364396
358,2942,2.370842
359,2934,2.364396
360,2934,2.364396
361,2934,2.364396
362,2942,2.370842
363,2934,2.364396
364,2942,2.370842
365,2942,2.370842
366,2934,2.364396
367,2942,2.370842
368,2934,2.364396
369,2934,2.364396
370,2934,2.364396
371,2934,2.364396
372,2934,2.364396
373,2942,2.370842
374,2934,2.364396
375,2942,2.370842
376,2942,2.370842
377,2930,2.361172
378,2935,2.365201
379,2918,2.351502
380,2926,2.357949
381,2934,2.364396
382,2926,2.357949
383,2930,2.361172
384,2934,2.364396
385,2926,2.357949
386,2926,2.357949
387,2918,2.351502
388,2934,2.364396
389,2926,2.357949
390,2926,2.357949
391,2934,2.364396
392,2918,2.351502
393,2934,2.364396
394,2934,2.364396
395,2930,2.361172
396,2934,2.364396
397,2934,2.364396
398,2918,2.351502
399,2918,2.351502
400,2942,2.370842
401,2930,2.361172
402,2934,2.364396
403,2934,2.364396
404,2934,2.364396
405,2934,2.364396
406,2942,2.370842
407,2934,2.364396
408,2934,2.364396
409,2934,2.364396
410,2934,2.364396
411,2926,2.357949
412,2942,2.370842
413,2942,2.370842
414,2934,2.364396
415,2934,2.364396
416,2942,2.370842
417,2942,2.370842
418,2934,2.364396
419,2934,2.364396
420,2942,2.370842
421,2934,2.364396
422,2950,2.377289
423,2926,2.357949
424,2942,2.370842
425,2934,2.364396
426,2934,2.364396
427,2934,2.364396
428,2950,2.377289
429,2950,2.377289
430,2942,2.370842
431,2942,2.370842
432,2934,2.364396
433,2934,2.364396
434,2942,2.370842
435,2934,2.364396
436,2934,2.364396
437,2930,2.361172
438,2934,2.364396
439,2934,2.364396
440,2934,2.364396
441,2926,2.357949
442,2934,2.364396
443,2930,2.361172
444,2934,2.364396
445,2934,2.364396
446,2934,2.364396
447,2934,2.364396
448,2934,2.364396
449,2934,2.364396
450,2926,2.357949
451,2934,2.364396
452,2934,2.364396
453,2934,2.364396
454,2934,2.364396
455,2934,2.364396
456,2934,2.364396
457,2934,2.364396
458,2930,2.361172
459,2926,2.357949
460,2934,2.364396
461,2942,2.370842
462,2950,2.377289
463,2934,2.364396
464,2942,2.370842
465,2950,2.377289
466,2950,2.377289
467,2950,2.377289
468,2950,2.377289
469,2942,2.370842
470,2942,2.370842
471,2942,2.370842
472,2934,2.364396
473,2934,2.364396
474,2926,2.357949
475,2930,2.361172
476,2934,2.364396
477,2926,2.357949
478,2942,2.370842
479,2950,2.377289
480,2946,2.374066
481,2942,2.370842
482,2950,2.377289
483,2950,2.377289
484,2950,2.377289
485,2958,2.383736
486,2962,2.386960
487,2958,2.383736
488,2966,2.390183
489,2950,2.377289
490,2950,2.377289
491,2966,2.390183
492,2950,2.377289
493,2950,2.377289
494,2950,2.377289
495,2950,2.377289
496,2934,2.364396
497,2950,2.377289
498,2942,2.370842
499,2942,2.370842
500,2950,2.377289
501,2934,2.364396
502,2942,2.370842
503,2934,2.364396
504,2950,2.377289
505,2950,2.377289
506,2942,2.370842
507,2942,2.370842
508,2934,2.364396
509,2946,2.374066
510,2950,2.377289
511,2950,2.377289
512,2950,2.377289
513,2950,2.377289
514,2950,2.377289
515,2958,2.383736
516,2950,2.377289
517,2942,2.370842
518,2942,2.370842
519,2942,2.370842
520,2950,2.377289
521,2962,2.386960
522,2950,2.377289
523,2950,2.377289
524,2930,2.361172
525,2934,2.364396
526,2934,2.364396
527,2950,2.377289
528,2946,2.374066
529,2950,2.377289
530,2950,2.377289
531,2950,2.377289
532,2962,2.386960
533,2950,2.377289
534,2962,2.386960
535,2950,2.377289
536,2942,2.370842
537,2958,2.383736
538,2958,2.383736
539,2950,2.377289
540,2950,2.377289
541,2958,2.383736
542,2966,2.390183
543,2958,2.383736
544,2958,2.383736
545,2958,2.383736
546,2966,2.390183
547,2950,2.377289
548,2958,2.383736
549,2966,2.390183
550,2958,2.383736
551,2950,2.377289
552,2950,2.377289
553,2958,2.383736
554,2958,2.383736
555,2946,2.374066
556,2950,2.377289
557,2942,2.370842
558,2950,2.377289
559,2942,2.370842
560,2946,2.374066
561,2934,2.364396
562,2950,2.377289
563,2934,2.364396
564,2950,2.377289
565,2942,2.370842
566,2950,2.377289
567,2950,2.377289
568,2950,2.377289
569,2950,2.377289
570,2950,2.377289
571,2950,2.377289
572,2942,2.370842
573,2950,2.377289
574,2962,2.386960
575,2942,2.370842
576,2950,2.377289
577,2958,2.383736
578,2942,2.370842
579,2958,2.383736
580,2942,2.370842
581,2942,2.370842
582,2950,2.377289
583,2942,2.370842
584,2950,2.377289
585,2950,2.377289
586,2934,2.364396
587,2950,2.377289
588,2950,2.377289
589,2958,2.383736
590,2946,2.374066
591,2950,2.377289
592,2942,2.370842
593,2950,2.377289
594,2942,2.370842
595,2950,2.377289
596,2942,2.370842
597,2942,2.370842
598,2950,2.377289
599,2942,2.370842
600,2926,2.357949
601,2942,2.370842
602,2930,2.361172
603,2934,2.364396
604,2950,2.377289
605,2946,2.374066
606,2935,2.365201
607,2942,2.370842
608,2942,2.370842
609,2942,2.370842
610,2942,2.370842
611,2950,2.377289
612,2966,2.390183
613,2958,2.383736
614,2962,2.386960
615,2950,2.377289
616,2935,2.365201
617,2962,2.386960
618,2950,2.377289
619,2942,2.370842
620,2942,2.370842
621,2934,2.364396
622,2950,2.377289
623,2958,2.383736
624,2946,2.374066
625,2950,2.377289
626,2946,2.374066
627,2942,2.370842
628,2942,2.370842
629,2942,2.370842
630,2934,2.364396
631,2950,2.377289
632,2942,2.370842
633,2942,2.370842
634,2942,2.370842
635,2934,2.364396
636,2942,2.370842
637,2934,2.364396
638,2934,2.364396
639,2950,2.377289
640,2934,2.364396
641,2930,2.361172
642,2950,2.377289
643,2950,2.377289
644,2966,2.390183
645,2958,2.383736
646,2966,2.390183
647,2962,2.386960
648,2950,2.377289
649,2966,2.390183
650,2966,2.390183
651,2962,2.386960
652,2950,2.377289
653,2950,2.377289
654,2950,2.377289
655,2950,2.377289
656,2950,2.377289
657,2958,2.383736
658,2950,2.377289
659,2934,2.364396
660,2942,2.370842
661,2942,2.370842
662,2950,2.377289
663,2950,2.377289
664,2950,2.377289
665,2950,2.377289
666,2950,2.377289
667,2946,2.374066
668,2966,2.390183
669,2950,2.377289
670,2950,2.377289
671,2950,2.377289
672,2942,2.370842
673,2950,2.377289
674,2958,2.383736
675,2950,2.377289
676,2950,2.377289
677,2950,2.377289
678,2950,2.377289
679,2958,2.383736
680,2946,2.374066
681,2950,2.377289
682,2942,2.370842
683,2950,2.377289
684,2950,2.377289
685,2950,2.377289
686,2950,2.377289
687,2950,2.377289
688,2958,2.383736
689,2950,2.377289
690,2950,2.377289
691,2950,2.377289
692,2958,2.383736
693,2950,2.377289
694,2950,2.377289
695,2950,2.377289
696,2950,2.377289
697,2950,2.377289
698,2950,2.377289
699,2950,2.377289
700,2942,2.370842
701,2958,2.383736
702,2962,2.386960
703,2950,2.377289
704,2950,2.377289
705,2950,2.377289
706,2958,2.383736
707,2942,2.370842
708,2950,2.377289
709,2934,2.364396
710,2950,2.377289
711,2946,2.374066
712,2958,2.383736
713,2966,2.390183
714,2962,2.386960
715,2950,2.377289
716,2950,2.377289
717,2962,2.386960
718,2978,2.399853
719,2982,2.403077
720,2966,2.390183
721,2966,2.390183
722,2966,2.390183
723,2978,2.399853
724,2950,2.377289
725,2966,2.390183
726,2950,2.377289
727,2966,2.390183
728,2966,2.390183
729,2966,2.390183
730,2962,2.386960
731,2962,2.386960
732,2962,2.386960
733,2950,2.377289
734,2958,2.383736
735,2950,2.377289
736,2958,2.383736
737,2966,2.390183
738,2958,2.383736
739,2950,2.377289
740,2950,2.377289
741,2950,2.377289
742,2966,2.390183
743,2962,2.386960
744,2966,2.390183
745,2958,2.383736
746,2950,2.377289
747,2950,2.377289
748,2958,2.383736
749,2962,2.386960
750,2946,2.374066
751,2962,2.386960
752,2966,2.390183
753,2950,2.377289
754,2958,2.383736
755,2950,2.377289
756,2950,2.377289
757,2950,2.377289
758,2950,2.377289
759,2962,2.386960
760,2966,2.390183
761,2962,2.386960
762,2950,2.377289
763,2950,2.377289
764,2950,2.377289
765,2966,2.390183
766,2966,2.390183
767,2966,2.390183
768,2950,2.377289
769,2966,2.390183
770,2966,2.390183
771,2962,2.386960
772,2966,2.390183
773,2966,2.390183
774,2966,2.390183
775,2962,2.386960
776,2966,2.390183
777,2966,2.390183
778,2978,2.399853
779,2958,2.383736
780,2958,2.383736
781,2966,2.390183
782,2958,2.383736
783,2951,2.378095
784,2966,2.390183
785,2950,2.377289
786,2966,2.390183
787,2962,2.386960
788,2950,2.377289
789,2966,2.390183
790,2958,2.383736
791,2966,2.390183
792,2958,2.383736
793,2958,2.383736
794,2958,2.383736
795,2966,2.390183
796,2966,2.390183
797,2966,2.390183
798,2958,2.383736
799,2978,2.399853
800,2962,2.386960
801,2966,2.390183
802,2966,2.390183
803,2966,2.390183
804,2966,2.390183
805,2966,2.390183
806,2966,2.390183
807,2966,2.390183
808,2982,2.403077
809,2982,2.403077
810,2978,2.399853
811,2978,2.399853
812,2966,2.390183
813,2978,2.399853
814,2982,2.403077
815,2982,2.403077
816,2966,2.390183
817,2962,2.386960
818,2966,2.390183
819,2958,2.383736
820,2966,2.390183
821,2966,2.390183
822,2966,2.390183
823,2962,2.386960
824,2966,2.390183
825,2966,2.390183
826,2962,2.386960
827,2978,2.399853
828,2966,2.390183
829,2966,2.390183
830,2966,2.390183
831,2982,2.403077
832,2966,2.390183
833,2966,2.390183
834,2982,2.403077
835,2994,2.412747
836,2990,2.409524
837,2982,2.403077
838,2994,2.412747
839,2982,2.403077
840,2982,2.403077
841,2982,2.403077
842,2982,2.403077
843,2978,2.399853
844,2966,2.390183
845,2982,2.403077
846,2982,2.403077
847,2982,2.403077
848,2982,2.403077
849,2982,2.403077
850,2994,2.412747
851,2982,2.403077
852,2994,2.412747
853,2990,2.409524
854,2990,2.409524
855,2994,2.412747
856,2998,2.415971
857,2998,2.415971
858,2982,2.403077
859,2998,2.415971
860,2998,2.415971
861,2998,2.415971
862,2982,2.403077
863,2982,2.403077
864,2982,2.403077
865,2990,2.409524
866,2982,2.403077
867,2978,2.399853
868,2982,2.403077
869,2990,2.409524
870,2978,2.399853
871,2978,2.399853
872,2990,2.409524
873,2982,2.403077
874,2998,2.415971
875,2982,2.403077
876,2966,2.390183
877,2982,2.403077
878,2982,2.403077
879,2982,2.403077
880,2966,2.390183
881,2990,2.409524
882,2978,2.399853
883,2978,2.399853
884,2978,2.399853
885,2978,2.399853
886,2966,2.390183
887,2978,2.399853
888,2982,2.403077
889,2978,2.399853
890,2978,2.399853
891,2966,2.390183
892,2978,2.399853
893,2982,2.403077
894,2982,2.403077
895,2982,2.403077
896,2982,2.403077
897,2966,2.390183
898,2982,2.403077
899,2982,2.403077
900,2990,2.409524
901,2982,2.403077
902,2966,2.390183
903,2982,2.403077
904,2990,2.409524
905,2982,2.403077
906,2990,2.409524
907,2982,2.403077
908,2982,2.403077
909,2978,2.399853
910,2982,2.403077
911,2982,2.403077
912,2990,2.409524
913,2994,2.412747
914,2982,2.403077
915,2982,2.403077
916,2990,2.409524
917,2978,2.399853
918,2982,2.403077
919,2982,2.403077
920,2978,2.399853
921,2982,2.403077
922,2978,2.399853
923,2982,2.403077
924,2978,2.399853
925,2990,2.409524
926,2994,2.412747
927,2978,2.399853
928,2966,2.390183
929,2982,2.403077
930,2966,2.390183
931,2982,2.403077
932,2978,2.399853
933,2982,2.403077
934,2982,2.403077
935,2982,2.403077
936,2982,2.403077
937,2990,2.409524
938,2966,2.390183
939,2994,2.412747
940,2982,2.403077
941,2982,2.403077
942,2990,2.409524
943,2982,2.403077
944,2982,2.403077
945,2982,2.403077
946,2982,2.403077
947,2982,2.403077
948,2982,2.403077
949,2990,2.409524
950,2982,2.403077
951,2982,2.403077
952,2982,2.403077
953,2982,2.403077
954,2998,2.415971
955,2990,2.409524
956,2982,2.403077
957,2994,2.412747
958,3010,2.425641
959,2998,2.415971
960,2990,2.409524
961,2994,2.412747
962,2998,2.415971
963,3010,2.425641
964,2998,2.415971
965,2982,2.403077
966,2982,2.403077
967,2982,2.403077
968,2998,2.415971
969,2998,2.415971
970,2982,2.403077
971,2994,2.412747
972,2982,2.403077
973,2982,2.403077
974,2982,2.403077
975,2998,2.415971
976,2990,2.409524
977,2982,2.403077
978,2994,2.412747
979,2994,2.412747
980,2994,2.412747
981,2994,2.412747
982,2998,2.415971
983,2998,2.415971
984,2998,2.415971
985,2990,2.409524
986,3010,2.425641
987,2998,2.415971
988,2982,2.403077
989,2990,2.409524
990,2990,2.409524
991,2982,2.403077
992,2990,2.409524
993,2994,2.412747
994,2994,2.412747
995,2998,2.415971
996,2998,2.415971
997,3014,2.428864
998,3010,2.425641
999,2998,2.415971
1000,2998,2.415971
1001,2998,2.415971
1002,2994,2.412747
1003,2998,2.415971
1004,3014,2.428864
1005,2998,2.415971
1006,3010,2.425641
1007,2990,2.409524
1008,3010,2.425641
1009,2998,2.415971
1010,2998,2.415971
1011,2998,2.415971
1012,2998,2.415971
1013,3010,2.425641
1014,2998,2.415971
1015,3010,2.425641
1016,3010,2.425641
1017,3010,2.425641
1018,2998,2.415971
1019,3010,2.425641
1020,2998,2.415971
1021,3014,2.428864
1022,3010,2.425641
1023,3010,2.425641
1024,2998,2.415971
1025,2998,2.415971
1026,2998,2.415971
1027,2998,2.415971
1028,3010,2.425641
1029,2998,2.415971
1030,3010,2.425641
1031,2998,2.415971
1032,2994,2.412747
1033,3014,2.428864
1034,3010,2.425641
1035,2998,2.415971
1036,2998,2.415971
1037,2998,2.415971
1038,2998,2.415971
1039,3010,2.425641
1040,2990,2.409524
1041,3010,2.425641
1042,2998,2.415971
1043,3014,2.428864
1044,2998,2.415971
1045,3014,2.428864
1046,2998,2.415971
1047,3010,2.425641
1048,3010,2.425641
1049,3010,2.425641
1050,3010,2.425641
1051,3014,2.428864
1052,3022,2.435311
1053,3014,2.428864
1054,3014,2.428864
1055,2998,2.415971
1056,2998,2.415971
1057,3010,2.425641
1058,3010,2.425641
1059,3014,2.428864
1060,3010,2.425641
1061,3010,2.425641
1062,3014,2.428864
1063,2998,2.415971
1064,3010,2.425641
1065,3010,2.425641
1066,3010,2.425641
1067,3014,2.428864
1068,3014,2.428864
1069,3030,2.441758
1070,3010,2.425641
1071,3014,2.428864
1072,3022,2.435311
1073,3014,2.428864
1074,3014,2.428864
1075,3014,2.428864
1076,3030,2.441758
1077,3014,2.428864
1078,3014,2.428864
1079,3010,2.425641
1080,3014,2.428864
1081,3014,2.428864
1082,3014,2.428864
1083,3010,2.425641
1084,3014,2.428864
1085,3022,2.435311
1086,3014,2.428864
1087,3014,2.428864
1088,3014,2.428864
1089,3014,2.428864
1090,3014,2.428864
1091,3014,2.428864
1092,3014,2.428864
1093,3030,2.441758
1094,3014,2.428864
1095,3014,2.428864
1096,3014,2.428864
1097,3030,2.441758
1098,3014,2.428864
1099,3014,2.428864
1100,3014,2.428864
1101,3026,2.438535
1102,3014,2.428864
1103,3014,2.428864
1104,3014,2.428864
1105,3014,2.428864
1106,3030,2.441758
1107,3014,2.428864
1108,3014,2.428864
1109,3022,2.435311
1110,3015,2.429670
1111,3022,2.435311
1112,3022,2.435311
1113,3014,2.428864
1114,3022,2.435311
1115,3014,2.428864
1116,3014,2.428864
1117,3014,2.428864
1118,3030,2.441758
1119,3026,2.438535
1120,3022,2.435311
1121,3030,2.441758
1122,3046,2.454652
1123,3014,2.428864
1124,3010,2.425641
1125,3030,2.441758
1126,3014,2.428864
1127,3026,2.438535
1128,3026,2.438535
1129,3030,2.441758
1130,3022,2.435311
1131,3046,2.454652
1132,3026,2.438535
1133,3030,2.441758
1134,3026,2.438535
1135,3026,2.438535
1136,3030,2.441758
1137,3014,2.428864
1138,3022,2.435311
1139,3030,2.441758
1140,3026,2.438535
1141,3030,2.441758
1142,3014,2.428864
1143,3026,2.438535
1144,3030,2.441758
1145,3022,2.435311
1146,3026,2.438535
1147,3030,2.441758
1148,3030,2.441758
1149,3014,2.428864
1150,3030,2.441758
1151,3030,2.441758
1152,3030,2.441758
1153,3030,2.441758
1154,3030,2.441758
1155,3030,2.441758
1156,3026,2.438535
1157,3042,2.451429
1158,3042,2.451429
1159,3030,2.441758
1160,3042,2.451429
1161,3030,2.441758
1162,3030,2.441758
1163,3030,2.441758
1164,3042,2.451429
1165,3026,2.438535
1166,3030,2.441758
1167,3026,2.438535
1168,3042,2.451429
1169,3030,2.441758
1170,3026,2.438535
1171,3030,2.441758
1172,3030,2.441758
1173,3042,2.451429
1174,3030,2.441758
1175,3042,2.451429
1176,3030,2.441758
1177,3030,2.441758
1178,3030,2.441758
1179,3030,2.441758
1180,3014,2.428864
1181,3030,2.441758
1182,3042,2.451429
1183,3042,2.451429
1184,3042,2.451429
1185,3046,2.454652
1186,3026,2.438535
1187,3030,2.441758
1188,3030,2.441758
1189,3030,2.441758
1190,3030,2.441758
1191,3072,2.475604
1192,3072,2.475604
1193,3042,2.451429
1194,3042,2.451429
1195,3042,2.451429
1196,3030,2.441758
1197,3042,2.451429
1198,3046,2.454652
1199,3042,2.451429
1200,3072,2.475604
1201,3046,2.454652
1202,3042,2.451429
1203,3042,2.451429
1204,3042,2.451429
1205,3042,2.451429
1206,3042,2.451429
1207,3042,2.451429
1208,3030,2.441758
1209,3042,2.451429
1210,3046,2.454652
1211,3072,2.475604
1212,3038,2.448205
1213,3072,2.475604
1214,3042,2.451429
1215,3042,2.451429
1216,3072,2.475604
1217,3072,2.475604
1218,3072,2.475604
1219,3042,2.451429
1220,3072,2.475604
1221,3072,2.475604
1222,3042,2.451429
1223,3072,2.475604
1224,3042,2.451429
1225,3072,2.475604
1226,3072,2.475604
1227,3031,2.442564
1228,3042,2.451429
1229,3030,2.441758
1230,3072,2.475604
1231,3042,2.451429
1232,3072,2.475604
1233,3072,2.475604
1234,3072,2.475604
1235,3072,2.475604
1236,3072,2.475604
1237,3072,2.475604
1238,3072,2.475604
1239,3042,2.451429
1240,3072,2.475604
1241,3072,2.475604
1242,3072,2.475604
1243,3072,2.475604
1244,3072,2.475604
1245,3072,2.475604
1246,3072,2.475604
1247,3072,2.475604
1248,3072,2.475604
1249,3072,2.475604
1250,3072,2.475604
1251,3072,2.475604
1252,3072,2.475604
1253,3072,2.475604
1254,3072,2.475604
1255,3074,2.477216
1256,3072,2.475604
1257,3046,2.454652
1258,3072,2.475604
1259,3072,2.475604
1260,3072,2.475604
1261,3072,2.475604
1262,3072,2.475604
1263,3072,2.475604
1264,3072,2.475604
1265,3074,2.477216
1266,3072,2.475604
1267,3072,2.475604
1268,3072,2.475604
1269,3072,2.475604
1270,3072,2.475604
1271,3072,2.475604
1272,3072,2.475604
1273,3072,2.475604
1274,3072,2.475604
1275,3072,2.475604
1276,3072,2.475604
1277,3072,2.475604
1278,3072,2.475604
1279,3072,2.475604
1280,3072,2.475604
1281,3072,2.475604
1282,3072,2.475604
1283,3072,2.475604
1284,3074,2.477216
1285,3072,2.475604
1286,3072,2.475604
1287,3072,2.475604
1288,3072,2.475604
1289,3072,2.475604
1290,3072,2.475604
1291,3072,2.475604
1292,3072,2.475604
1293,3072,2.475604
1294,3072,2.475604
1295,3072,2.475604
1296,3074,2.477216
1297,3072,2.475604
1298,3074,2.477216
1299,3074,2.477216
1300,3072,2.475604
1301,3072,2.475604
1302,3074,2.477216
1303,3074,2.477216
1304,3072,2.475604
1305,3072,2.475604
1306,3078,2.480440
1307,3074,2.477216
1308,3074,2.477216
1309,3074,2.477216
1310,3074,2.477216
1311,3072,2.475604
1312,3072,2.475604
1313,3072,2.475604
1314,3074,2.477216
1315,3074,2.477216
1316,3072,2.475604
1317,3078,2.480440
1318,3074,2.477216
1319,3072,2.475604
1320,3078,2.480440
1321,3074,2.477216
1322,3078,2.480440
1323,3074,2.477216
1324,3078,2.480440
1325,3074,2.477216
1326,3078,2.480440
1327,3074,2.477216
1328,3074,2.477216
1329,3078,2.480440
1330,3074,2.477216
1331,3072,2.475604
1332,3074,2.477216
1333,3078,2.480440
1334,3078,2.480440
1335,3072,2.475604
1336,3074,2.477216
1337,3072,2.475604
1338,3078,2.480440
1339,3072,2.475604
1340,3074,2.477216
1341,3078,2.480440
1342,3074,2.477216
1343,3078,2.480440
1344,3078,2.480440
1345,3074,2.477216
1346,3086,2.486886
1347,3074,2.477216
1348,3074,2.477216
1349,3078,2.480440
1350,3078,2.480440
1351,3074,2.477216
1352,3074,2.477216
1353,3078,2.480440
1354,3090,2.490110
1355,3078,2.480440
1356,3078,2.480440
1357,3074,2.477216
1358,3078,2.480440
1359,3078,2.480440
1360,3078,2.480440
1361,3078,2.480440
1362,3086,2.486886
1363,3074,2.477216
1364,3078,2.480440
1365,3078,2.480440
1366,3078,2.480440
1367,3078,2.480440
1368,3078,2.480440
1369,3074,2.477216
1370,3078,2.480440
1371,3078,2.480440
1372,3074,2.477216
1373,3078,2.480440
1374,3078,2.480440
1375,3078,2.480440
1376,3078,2.480440
1377,3078,2.480440
1378,3078,2.480440
1379,3078,2.480440
1380,3090,2.490110
1381,3078,2.480440
1382,3086,2.486886
1383,3086,2.486886
1384,3078,2.480440
1385,3094,2.493333
1386,3090,2.490110
1387,3078,2.480440
1388,3078,2.480440
1389,3078,2.480440
1390,3078,2.480440
1391,3094,2.493333
1392,3086,2.486886
1393,3090,2.490110
1394,3078,2.480440
1395,3094,2.493333
1396,3078,2.480440
1397,3078,2.480440
1398,3090,2.490110
1399,3074,2.477216
1400,3078,2.480440
1401,3078,2.480440
1402,3078,2.480440
1403,3074,2.477216
1404,3078,2.480440
1405,3078,2.480440
1406,3078,2.480440
1407,3078,2.480440
1408,3078,2.480440
1409,3078,2.480440
1410,3078,2.480440
1411,3094,2.493333
1412,3078,2.480440
1413,3086,2.486886
1414,3078,2.480440
1415,3078,2.480440
1416,3078,2.480440
1417,3078,2.480440
1418,3090,2.490110
1419,3078,2.480440
1420,3078,2.480440
1421,3072,2.475604
1422,3079,2.481245
1423,3078,2.480440
1424,3078,2.480440
1425,3078,2.480440
1426,3078,2.480440
1427,3078,2.480440
1428,3086,2.486886
1429,3078,2.480440
1430,3078,2.480440
1431,3086,2.486886
1432,3078,2.480440
1433,3078,2.480440
1434,3094,2.493333
1435,3078,2.480440
1436,3094,2.493333
1437,3086,2.486886
1438,3090,2.490110
1439,3094,2.493333
1440,3094,2.493333
1441,3090,2.490110
1442,3094,2.493333
1443,3090,2.490110
1444,3078,2.480440
1445,3078,2.480440
1446,3078,2.480440
1447,3078,2.480440
1448,3078,2.480440
1449,3078,2.480440
1450,3090,2.490110
1451,3094,2.493333
1452,3078,2.480440
1453,3078,2.480440
1454,3094,2.493333
1455,3078,2.480440
1456,3086,2.486886
1457,3090,2.490110
1458,3094,2.493333
1459,3078,2.480440
1460,3074,2.477216
1461,3094,2.493333
1462,3086,2.486886
1463,3086,2.486886
1464,3090,2.490110
1465,3094,2.493333
1466,3094,2.493333
1467,3094,2.493333
1468,3106,2.503004
1469,3078,2.480440
1470,3090,2.490110
1471,3090,2.490110
1472,3094,2.493333
1473,3090,2.490110
1474,3090,2.490110
1475,3078,2.480440
1476,3094,2.493333
1477,3078,2.480440
1478,3090,2.490110
1479,3094,2.493333
1480,3094,2.493333
1481,3078,2.480440
1482,3094,2.493333
1483,3090,2.490110
1484,3090,2.490110
1485,3094,2.493333
1486,3086,2.486886
1487,3086,2.486886
1488,3094,2.493333
1489,3078,2.480440
1490,3078,2.480440
1491,3078,2.480440
1492,3094,2.493333
1493,3090,2.490110
1494,3086,2.486886
1495,3090,2.490110
1496,3090,2.490110
1497,3078,2.480440
1498,3090,2.490110
1499,3086,2.486886
1500,3078,2.480440
1501,3094,2.493333
1502,3090,2.490110
1503,3086,2.486886
1504,3086,2.486886
1505,3094,2.493333
1506,3086,2.486886
1507,3090,2.490110
1508,3090,2.490110
1509,3078,2.480440
1510,3078,2.480440
1511,3094,2.493333
1512,3078,2.480440
1513,3078,2.480440
1514,3086,2.486886
1515,3086,2.486886
1516,3078,2.480440
1517,3094,2.493333
1518,3094,2.493333
1519,3074,2.477216
1520,3078,2.480440
1521,3086,2.486886
1522,3094,2.493333
1523,3078,2.480440
1524,3074,2.477216
1525,3094,2.493333
1526,3094,2.493333
1527,3094,2.493333
1528,3094,2.493333
1529,3094,2.493333
1530,3094,2.493333
1531,3106,2.503004
1532,3094,2.493333
1533,3078,2.480440
1534,3078,2.480440
1535,3078,2.480440
1536,3090,2.490110
1537,3074,2.477216
1538,3094,2.493333
1539,3078,2.480440
1540,3090,2.490110
1541,3078,2.480440
1542,3078,2.480440
1543,3086,2.486886
1544,3078,2.480440
1545,3078,2.480440
1546,3078,2.480440
1547,3094,2.493333
1548,3086,2.486886
1549,3094,2.493333
1550,3079,2.481245
1551,3086,2.486886
1552,3094,2.493333
1553,3078,2.480440
1554,3086,2.486886
1555,3078,2.480440
1556,3078,2.480440
1557,3090,2.490110
1558,3086,2.486886
1559,3086,2.486886
1560,3090,2.490110
1561,3079,2.481245
1562,3094,2.493333
1563,3086,2.486886
1564,3094,2.493333
1565,3090,2.490110
1566,3086,2.486886
1567,3090,2.490110
1568,3079,2.481245
1569,3078,2.480440
1570,3078,2.480440
1571,3090,2.490110
1572,3090,2.490110
1573,3090,2.490110
1574,3090,2.490110
1575,3086,2.486886
1576,3078,2.480440
1577,3078,2.480440
1578,3079,2.481245
1579,3086,2.486886
1580,3086,2.486886
1581,3094,2.493333
1582,3078,2.480440
1583,3079,2.481245
1584,3078,2.480440
1585,3078,2.480440
1586,3078,2.480440
1587,3079,2.481245
1588,3078,2.480440
1589,3078,2.480440
1590,3090,2.490110
1591,3090,2.490110
1592,3078,2.480440
1593,3090,2.490110
1594,3090,2.490110
1595,3090,2.490110
1596,3078,2.480440
1597,3086,2.486886
1598,3074,2.477216
1599,3090,2.490110
1600,3078,2.480440
1601,3078,2.480440
1602,3078,2.480440
1603,3090,2.490110
1604,3078,2.480440
1605,3078,2.480440
1606,3094,2.493333
1607,3090,2.490110
1608,3090,2.490110
1609,3074,2.477216
1610,3078,2.480440
1611,3078,2.480440
1612,3090,2.490110
1613,3086,2.486886
1614,3086,2.486886
1615,3078,2.480440
1616,3090,2.490110
1617,3086,2.486886
1618,3106,2.503004
1619,3078,2.480440
1620,3078,2.480440
1621,3078,2.480440
1622,3078,2.480440
1623,3078,2.480440
1624,3086,2.486886
1625,3078,2.480440
1626,3090,2.490110
1627,3078,2.480440
1628,3078,2.480440
1629,3094,2.493333
1630,3086,2.486886
1631,3090,2.490110
1632,3078,2.480440
1633,3086,2.486886
1634,3078,2.480440
1635,3086,2.486886
1636,3094,2.493333
1637,3090,2.490110
1638,3078,2.480440
1639,3078,2.480440
1640,3078,2.480440
1641,3094,2.493333
1642,3078,2.480440
1643,3086,2.486886
1644,3090,2.490110
1645,3086,2.486886
1646,3074,2.477216
1647,3094,2.493333
1648,3078,2.480440
1649,3078,2.480440
1650,3078,2.480440
1651,3078,2.480440
1652,3086,2.486886
1653,3078,2.480440
1654,3078,2.480440
1655,3078,2.480440
1656,3078,2.480440
1657,3078,2.480440
1658,3086,2.486886
1659,3074,2.477216
1660,3086,2.486886
1661,3074,2.477216
1662,3078,2.480440
1663,3090,2.490110
1664,3078,2.480440
1665,3074,2.477216
1666,3078,2.480440
1667,3078,2.480440
1668,3078,2.480440
1669,3078,2.480440
1670,3078,2.480440
1671,3078,2.480440
1672,3078,2.480440
1673,3078,2.480440
1674,3086,2.486886
1675,3078,2.480440
1676,3078,2.480440
1677,3074,2.477216
1678,3078,2.480440
1679,3074,2.477216
1680,3072,2.475604
1681,3078,2.480440
1682,3090,2.490110
1683,3078,2.480440
1684,3078,2.480440
1685,3078,2.480440
1686,3078,2.480440
1687,3074,2.477216
1688,3074,2.477216
1689,3078,2.480440
1690,3078,2.480440
1691,3078,2.480440
1692,3078,2.480440
1693,3074,2.477216
1694,3074,2.477216
1695,3078,2.480440
1696,3078,2.480440
1697,3074,2.477216
1698,3078,2.480440
1699,3074,2.477216
1700,3078,2.480440
1701,3078,2.480440
1702,3086,2.486886
1703,3078,2.480440
1704,3074,2.477216
1705,3074,2.477216
1706,3078,2.480440
1707,3078,2.480440
1708,3074,2.477216
1709,3074,2.477216
1710,3074,2.477216
1711,3074,2.477216
1712,3078,2.480440
1713,3074,2.477216
1714,3074,2.477216
1715,3074,2.477216
1716,3078,2.480440
1717,3072,2.475604
1718,3078,2.480440
1719,3074,2.477216
1720,3074,2.477216
1721,3074,2.477216
1722,3074,2.477216
1723,3074,2.477216
1724,3078,2.480440
1725,3072,2.475604
1726,3074,2.477216
1727,3078,2.480440
1728,3074,2.477216
1729,3078,2.480440
1730,3074,2.477216
1731,3074,2.477216
1732,3074,2.477216
1733,3074,2.477216
1734,3074,2.477216
1735,3074,2.477216
1736,3074,2.477216
1737,3078,2.480440
1738,3074,2.477216
1739,3074,2.477216
1740,3072,2.475604
1741,3078,2.480440
1742,3072,2.475604
1743,3072,2.475604
1744,3074,2.477216
1745,3074,2.477216
1746,3074,2.477216
1747,3072,2.475604
1748,3072,2.475604
1749,3074,2.477216
1750,3072,2.475604
1751,3072,2.475604
1752,3072,2.475604
1753,3074,2.477216
1754,3072,2.475604
1755,3074,2.477216
1756,3074,2.477216
1757,3072,2.475604
1758,3074,2.477216
1759,3072,2.475604
1760,3072,2.475604
1761,3072,2.475604
1762,3072,2.475604
1763,3072,2.475604
1764,3074,2.477216
1765,3072,2.475604
1766,3072,2.475604
1767,3072,2.475604
1768,3072,2.475604
1769,3072,2.475604
1770,3074,2.477216
1771,3072,2.475604
1772,3072,2.475604
1773,3078,2.480440
1774,3072,2.475604
1775,3072,2.475604
1776,3072,2.475604
1777,3072,2.475604
1778,3072,2.475604
1779,3074,2.477216
1780,3078,2.480440
1781,3074,2.477216
1782,3074,2.477216
1783,3072,2.475604
1784,3074,2.477216
1785,3072,2.475604
1786,3072,2.475604
1787,3074,2.477216
1788,3074,2.477216
1789,3074,2.477216
1790,3072,2.475604
1791,3074,2.477216
1792,3072,2.475604
1793,3072,2.475604
1794,3072,2.475604
1795,3074,2.477216
1796,3072,2.475604
1797,3072,2.475604
1798,3072,2.475604
1799,3072,2.475604
1800,3072,2.475604
1801,3072,2.475604
1802,3072,2.475604
1803,3072,2.475604
1804,3072,2.475604
1805,3072,2.475604
1806,3074,2.477216
1807,3072,2.475604
1808,3072,2.475604
1809,3072,2.475604
1810,3072,2.475604
1811,3072,2.475604
1812,3072,2.475604
1813,3072,2.475604
1814,3072,2.475604
1815,3072,2.475604
1816,3074,2.477216
1817,3072,2.475604
1818,3072,2.475604
1819,3072,2.475604
1820,3072,2.475604
1821,3072,2.475604
1822,3074,2.477216
1823,3072,2.475604
1824,3072,2.475604
1825,3072,2.475604
1826,3072,2.475604
1827,3072,2.475604
1828,3072,2.475604
1829,3072,2.475604
1830,3072,2.475604
1831,3072,2.475604
1832,3072,2.475604
1833,3072,2.475604
1834,3072,2.475604
1835,3072,2.475604
1836,3072,2.475604
1837,3072,2.475604
1838,3072,2.475604
1839,3072,2.475604
1840,3072,2.475604
1841,3072,2.475604
1842,3072,2.475604
1843,3072,2.475604
1844,3072,2.475604
1845,3072,2.475604
1846,3072,2.475604
1847,3072,2.475604
1848,3072,2.475604
1849,3072,2.475604
1850,3072,2.475604
1851,3072,2.475604
1852,3072,2.475604
1853,3072,2.475604
1854,3074,2.477216
1855,3074,2.477216
1856,3072,2.475604
1857,3072,2.475604
1858,3072,2.475604
1859,3072,2.475604
1860,3072,2.475604
1861,3072,2.475604
1862,3074,2.477216
1863,3072,2.475604
1864,3072,2.475604
1865,3072,2.475604
1866,3072,2.475604
1867,3072,2.475604
1868,3074,2.477216
1869,3072,2.475604
1870,3072,2.475604
1871,3072,2.475604
1872,3072,2.475604
1873,3072,2.475604
1874,3072,2.475604
1875,3072,2.475604
1876,3072,2.475604
1877,3072,2.475604
1878,3072,2.475604
1879,3072,2.475604
1880,3072,2.475604
1881,3072,2.475604
1882,3072,2.475604
1883,3072,2.475604
1884,3074,2.477216
1885,3072,2.475604
1886,3074,2.477216
1887,3072,2.475604
1888,3072,2.475604
1889,3072,2.475604
1890,3074,2.477216
1891,3072,2.475604
1892,3072,2.475604
1893,3074,2.477216
1894,3072,2.475604
1895,3072,2.475604
1896,3072,2.475604
1897,3072,2.475604
1898,3072,2.475604
1899,3072,2.475604
1900,3072,2.475604
1901,3072,2.475604
1902,3072,2.475604
1903,3072,2.475604
1904,3074,2.477216
1905,3072,2.475604
1906,3072,2.475604
1907,3072,2.475604
1908,3078,2.480440
1909,3074,2.477216
1910,3072,2.475604
1911,3072,2.475604
1912,3072,2.475604
1913,3072,2.475604
1914,3074,2.477216
1915,3072,2.475604
1916,3072,2.475604
1917,3072,2.475604
1918,3072,2.475604
1919,3072,2.475604
1920,3078,2.480440
1921,3074,2.477216
1922,3072,2.475604
1923,3074,2.477216
1924,3074,2.477216
1925,3072,2.475604
1926,3072,2.475604
1927,3078,2.480440
1928,3074,2.477216
1929,3072,2.475604
1930,3074,2.477216
1931,3072,2.475604
1932,3074,2.477216
1933,3072,2.475604
1934,3078,2.480440
1935,3074,2.477216
1936,3072,2.475604
1937,3074,2.477216
1938,3074,2.477216
1939,3078,2.480440
1940,3072,2.475604
1941,3074,2.477216
1942,3072,2.475604
1943,3078,2.480440
1944,3074,2.477216
1945,3072,2.475604
1946,3074,2.477216
1947,3072,2.475604
1948,3074,2.477216
1949,3074,2.477216
1950,3074,2.477216
1951,3078,2.480440
1952,3072,2.475604
1953,3074,2.477216
1954,3074,2.477216
1955,3072,2.475604
1956,3074,2.477216
1957,3078,2.480440
1958,3074,2.477216
1959,3078,2.480440
1960,3072,2.475604
1961,3074,2.477216
1962,3072,2.475604
1963,3074,2.477216
1964,3074,2.477216
1965,3074,2.477216
1966,3072,2.475604
1967,3086,2.486886
1968,3074,2.477216
1969,3074,2.477216
1970,3078,2.480440
1971,3078,2.480440
1972,3074,2.477216
1973,3074,2.477216
1974,3072,2.475604
1975,3074,2.477216
1976,3072,2.475604
1977,3072,2.475604
1978,3078,2.480440
1979,3074,2.477216
1980,3074,2.477216
1981,3078,2.480440
1982,3074,2.477216
1983,3074,2.477216
1984,3072,2.475604
1985,3072,2.475604
1986,3074,2.477216
1987,3072,2.475604
1988,3072,2.475604
1989,3072,2.475604
1990,3074,2.477216
1991,3074,2.477216
1992,3074,2.477216
1993,3074,2.477216
1994,3072,2.475604
1995,3072,2.475604
1996,3074,2.477216
1997,3074,2.477216
1998,3074,2.477216
1999,3072,2.475604
2000,3072,2.475604
2001,3072,2.475604
2002,3072,2.475604
2003,3072,2.475604
2004,3074,2.477216
2005,3072,2.475604
2006,3074,2.477216
2007,3078,2.480440
2008,3072,2.475604
2009,3072,2.475604
2010,3072,2.475604
2011,3074,2.477216
2012,3072,2.475604
2013,3072,2.475604
2014,3072,2.475604
2015,3072,2.475604
2016,3072,2.475604
2017,3072,2.475604
2018,3072,2.475604
2019,3072,2.475604
2020,3072,2.475604
2021,3074,2.477216
2022,3072,2.475604
2023,3072,2.475604
2024,3072,2.475604
2025,3074,2.477216
2026,3072,2.475604
2027,3074,2.477216
2028,3072,2.475604
2029,3072,2.475604
2030,3072,2.475604
2031,3072,2.475604
2032,3072,2.475604
2033,3074,2.477216
2034,3072,2.475604
2035,3072,2.475604
2036,3072,2.475604
2037,3072,2.475604
2038,3072,2.475604
2039,3072,2.475604
2040,3072,2.475604
2041,3072,2.475604
2042,3072,2.475604
2043,3072,2.475604
2044,3046,2.454652
2045,3072,2.475604
2046,3072,2.475604
2047,3072,2.475604
2048,3072,2.475604
2049,3072,2.475604
2050,3072,2.475604
2051,3072,2.475604
2052,3072,2.475604
2053,3072,2.475604
2054,3072,2.475604
2055,3072,2.475604
2056,3072,2.475604
2057,3072,2.475604
2058,3072,2.475604
2059,3072,2.475604
2060,3072,2.475604
2061,3072,2.475604
2062,3072,2.475604
2063,3072,2.475604
2064,3072,2.475604
2065,3072,2.475604
2066,3072,2.475604
2067,3072,2.475604
2068,3074,2.477216
2069,3072,2.475604
2070,3072,2.475604
2071,3074,2.477216
2072,3072,2.475604
2073,3072,2.475604
2074,3072,2.475604
2075,3072,2.475604
2076,3072,2.475604
2077,3074,2.477216
2078,3072,2.475604
2079,3072,2.475604
2080,3072,2.475604
2081,3072,2.475604
2082,3072,2.475604
2083,3072,2.475604
2084,3074,2.477216
2085,3072,2.475604
2086,3072,2.475604
2087,3072,2.475604
2088,3074,2.477216
2089,3072,2.475604
2090,3072,2.475604
2091,3072,2.475604
2092,3072,2.475604
2093,3074,2.477216
2094,3072,2.475604
2095,3074,2.477216
2096,3072,2.475604
2097,3072,2.475604
2098,3072,2.475604
2099,3074,2.477216
2100,3072,2.475604
2101,3072,2.475604
2102,3074,2.477216
2103,3072,2.475604
2104,3072,2.475604
2105,3072,2.475604
2106,3072,2.475604
2107,3074,2.477216
2108,3072,2.475604
2109,3074,2.477216
2110,3072,2.475604
2111,3074,2.477216
2112,3072,2.475604
2113,3074,2.477216
2114,3074,2.477216
2115,3074,2.477216
2116,3072,2.475604
2117,3074,2.477216
2118,3072,2.475604
2119,3072,2.475604
2120,3072,2.475604
2121,3078,2.480440
2122,3074,2.477216
2123,3078,2.480440
2124,3074,2.477216
2125,3074,2.477216
2126,3074,2.477216
2127,3078,2.480440
2128,3078,2.480440
2129,3078,2.480440
2130,3074,2.477216
2131,3078,2.480440
2132,3072,2.475604
2133,3078,2.480440
2134,3078,2.480440
2135,3074,2.477216
2136,3072,2.475604
2137,3078,2.480440
2138,3072,2.475604
2139,3074,2.477216
2140,3078,2.480440
2141,3078,2.480440
2142,3074,2.477216
2143,3072,2.475604
2144,3078,2.480440
2145,3078,2.480440
2146,3078,2.480440
2147,3074,2.477216
2148,3078,2.480440
2149,3078,2.480440
2150,3086,2.486886
2151,3078,2.480440
2152,3078,2.480440
2153,3078,2.480440
2154,3074,2.477216
2155,3078,2.480440
2156,3078,2.480440
2157,3078,2.480440
2158,3078,2.480440
2159,3078,2.480440
2160,3078,2.480440
2161,3078,2.480440
2162,3090,2.490110
2163,3074,2.477216
2164,3086,2.486886
2165,3074,2.477216
2166,3078,2.480440
2167,3078,2.480440
2168,3078,2.480440
2169,3078,2.480440
2170,3078,2.480440
2171,3078,2.480440
2172,3078,2.480440
2173,3078,2.480440
2174,3086,2.486886
2175,3074,2.477216
2176,3078,2.480440
2177,3074,2.477216
2178,3078,2.480440
2179,3074,2.477216
2180,3086,2.486886
2181,3078,2.480440
2182,3078,2.480440
2183,3078,2.480440
2184,3078,2.480440
2185,3078,2.480440
2186,3074,2.477216
2187,3078,2.480440
2188,3078,2.480440
2189,3074,2.477216
2190,3078,2.480440
2191,3086,2.486886
2192,3094,2.493333
2193,3074,2.477216
2194,3079,2.481245
2195,3078,2.480440
2196,3086,2.486886
2197,3090,2.490110
2198,3079,2.481245
2199,3078,2.480440
2200,3078,2.480440
2201,3078,2.480440
2202,3094,2.493333
2203,3078,2.480440
2204,3090,2.490110
2205,3078,2.480440
2206,3079,2.481245
2207,3086,2.486886
2208,3078,2.480440
2209,3086,2.486886
2210,3078,2.480440
2211,3086,2.486886
2212,3078,2.480440
2213,3074,2.477216
2214,3086,2.486886
2215,3072,2.475604
2216,3090,2.490110
2217,3078,2.480440
2218,3078,2.480440
2219,3078,2.480440
2220,3078,2.480440
2221,3078,2.480440
2222,3094,2.493333
2223,3074,2.477216
2224,3078,2.480440
2225,3074,2.477216
2226,3078,2.480440
2227,3078,2.480440
2228,3074,2.477216
2229,3074,2.477216
2230,3072,2.475604
2231,3074,2.477216
2232,3078,2.480440
2233,3074,2.477216
2234,3072,2.475604
2235,3074,2.477216
2236,3074,2.477216
2237,3072,2.475604
2238,3072,2.475604
2239,3072,2.475604
2240,3078,2.480440
2241,3072,2.475604
2242,3074,2.477216
2243,3072,2.475604
2244,3072,2.475604
2245,3074,2.477216
2246,3072,2.475604
2247,3072,2.475604
2248,3072,2.475604
2249,3072,2.475604
2250,3072,2.475604
2251,3072,2.475604
2252,3074,2.477216
2253,3072,2.475604
2254,3042,2.451429
2255,3042,2.451429
2256,3072,2.475604
2257,3072,2.475604
2258,3072,2.475604
2259,3072,2.475604
2260,3046,2.454652
2261,3042,2.451429
2262,3046,2.454652
2263,3030,2.441758
2264,3042,2.451429
2265,3030,2.441758
2266,3030,2.441758
2267,3030,2.441758
2268,3030,2.441758
2269,3026,2.438535
2270,3030,2.441758
2271,3014,2.428864
2272,3026,2.438535
2273,3014,2.428864
2274,3026,2.438535
2275,3014,2.428864
2276,3014,2.428864
2277,3014,2.428864
2278,3014,2.428864
2279,3014,2.428864
2280,3010,2.425641
2281,3010,2.425641
2282,3014,2.428864
2283,3022,2.435311
2284,3010,2.425641
2285,3010,2.425641
2286,3014,2.428864
2287,2998,2.415971
2288,2998,2.415971
2289,2994,2.412747
2290,2994,2.412747
2291,2998,2.415971
2292,2998,2.415971
2293,2978,2.399853
2294,2982,2.403077
2295,2982,2.403077
2296,2982,2.403077
2297,2974,2.396630
2298,2978,2.399853
2299,2978,2.399853
2300,2982,2.403077
2301,2966,2.390183
2302,2982,2.403077
2303,2966,2.390183
2304,2966,2.390183
2305,2966,2.390183
2306,2951,2.378095
2307,2950,2.377289
2308,2966,2.390183
2309,2950,2.377289
2310,2950,2.377289
2311,2950,2.377289
2312,2950,2.377289
2313,2950,2.377289
2314,2942,2.370842
2315,2934,2.364396
2316,2930,2.361172
2317,2918,2.351502
2318,2926,2.357949
2319,2918,2.351502
2320,2918,2.351502
2321,2918,2.351502
2322,2926,2.357949
2323,2918,2.351502
2324,2914,2.348278
2325,2918,2.351502
2326,2918,2.351502
2327,2902,2.338608
2328,2902,2.338608
2329,2902,2.338608
2330,2902,2.338608
2331,2902,2.338608
2332,2914,2.348278
2333,2918,2.351502
2334,2902,2.338608
2335,2902,2.338608
2336,2894,2.332161
2337,2902,2.338608
2338,2903,2.339414
2339,2918,2.351502
2340,2914,2.348278
2341,2918,2.351502
2342,2914,2.348278
2343,2918,2.351502
2344,2918,2.351502
2345,2918,2.351502
2346,2926,2.357949
2347,2930,2.361172
2348,2926,2.357949
2349,2918,2.351502
2350,2942,2.370842
2351,2934,2.364396
2352,2934,2.364396
2353,2930,2.361172
2354,2942,2.370842
2355,2950,2.377289
2356,2950,2.377289
2357,2962,2.386960
2358,2966,2.390183
2359,2966,2.390183
2360,2982,2.403077
2361,2966,2.390183
2362,2982,2.403077
2363,2950,2.377289
2364,2966,2.390183
2365,2982,2.403077
2366,2982,2.403077
2367,2982,2.403077
2368,2998,2.415971
2369,2998,2.415971
2370,2994,2.412747
2371,2994,2.412747
2372,3010,2.425641
2373,2998,2.415971
2374,3010,2.425641
2375,3014,2.428864
2376,3014,2.428864
2377,3010,2.425641
2378,3010,2.425641
2379,3014,2.428864
2380,3030,2.441758
2381,3015,2.429670
2382,3026,2.438535
2383,3022,2.435311
2384,3030,2.441758
2385,3030,2.441758
2386,3042,2.451429
2387,3030,2.441758
2388,3030,2.441758
2389,3030,2.441758
2390,3030,2.441758
2391,3072,2.475604
2392,3072,2.475604
2393,3072,2.475604
2394,3072,2.475604
2395,3072,2.475604
2396,3072,2.475604
2397,3072,2.475604
2398,3072,2.475604
2399,3072,2.475604
2400,3072,2.475604
2401,3072,2.475604
2402,3072,2.475604
2403,3072,2.475604
2404,3074,2.477216
2405,3074,2.477216
2406,3072,2.475604
2407,3074,2.477216
2408,3072,2.475604
2409,3074,2.477216
2410,3078,2.480440
2411,3078,2.480440
2412,3078,2.480440
2413,3078,2.480440
2414,3094,2.493333
2415,3090,2.490110
2416,3078,2.480440
2417,3078,2.480440
2418,3078,2.480440
2419,3078,2.480440
2420,3086,2.486886
2421,3094,2.493333
2422,3086,2.486886
2423,3094,2.493333
2424,3094,2.493333
2425,3094,2.493333
2426,3094,2.493333
2427,3090,2.490110
2428,3094,2.493333
2429,3086,2.486886
2430,3094,2.493333
2431,3094,2.493333
2432,3102,2.499780
2433,3094,2.493333
2434,3079,2.481245
2435,3095,2.494139
2436,3094,2.493333
2437,3106,2.503004
2438,3094,2.493333
2439,3106,2.503004
2440,3106,2.503004
2441,3094,2.493333
2442,3106,2.503004
2443,3094,2.493333
2444,3106,2.503004
2445,3094,2.493333
2446,3106,2.503004
2447,3102,2.499780
2448,3095,2.494139
2449,3110,2.506227
2450,3106,2.503004
2451,3106,2.503004
2452,3094,2.493333
2453,3106,2.503004
2454,3110,2.506227
2455,3094,2.493333
2456,3094,2.493333
2457,3110,2.506227
2458,3110,2.506227
2459,3094,2.493333
2460,3110,2.506227
2461,3094,2.493333
2462,3110,2.506227
2463,3110,2.506227
2464,3110,2.506227
2465,3118,2.512674
2466,3110,2.506227
2467,3110,2.506227
2468,3110,2.506227
2469,3118,2.512674
2470,3106,2.503004
2471,3110,2.506227
2472,3110,2.506227
2473,3110,2.506227
2474,3122,2.515897
2475,3110,2.506227
2476,3110,2.506227
2477,3118,2.512674
2478,3110,2.506227
2479,3122,2.515897
2480,3110,2.506227
2481,3110,2.506227
2482,3110,2.506227
2483,3110,2.506227
2484,3110,2.506227
2485,3126,2.519121
2486,3118,2.512674
2487,3122,2.515897
2488,3118,2.512674
2489,3118,2.512674
2490,3126,2.519121
2491,3110,2.506227
2492,3110,2.506227
2493,3122,2.515897
2494,3118,2.512674
2495,3106,2.503004
2496,3110,2.506227
2497,3110,2.506227
2498,3106,2.503004
2499,3110,2.506227
2500,3110,2.506227
2501,3110,2.506227
2502,3106,2.503004
2503,3094,2.493333
2504,3118,2.512674
2505,3110,2.506227
2506,3110,2.506227
2507,3110,2.506227
2508,3118,2.512674
2509,3106,2.503004
2510,3106,2.503004
2511,3110,2.506227
2512,3110,2.506227
2513,3110,2.506227
2514,3106,2.503004
2515,3106,2.503004
2516,3110,2.506227
2517,3110,2.506227
2518,3110,2.506227
2519,3106,2.503004
2520,3110,2.506227
2521,3106,2.503004
2522,3126,2.519121
2523,3110,2.506227
2524,3094,2.493333
2525,3126,2.519121
2526,3106,2.503004
2527,3110,2.506227
2528,3110,2.506227
2529,3110,2.506227
2530,3118,2.512674
2531,3110,2.506227
2532,3110,2.506227
2533,3126,2.519121
2534,3110,2.506227
2535,3110,2.506227
2536,3110,2.506227
2537,3110,2.506227
2538,3110,2.506227
2539,3110,2.506227
2540,3110,2.506227
2541,3110,2.506227
2542,3110,2.506227
2543,3110,2.506227
2544,3110,2.506227
2545,3094,2.493333
2546,3106,2.503004
2547,3106,2.503004
2548,3110,2.506227
2549,3110,2.506227
2550,3094,2.493333
2551,3110,2.506227
2552,3110,2.506227
2553,3110,2.506227
2554,3110,2.506227
2555,3106,2.503004
2556,3086,2.486886
2557,3122,2.515897
2558,3106,2.503004
2559,3106,2.503004
2560,3106,2.503004
2561,3110,2.506227
2562,3106,2.503004
2563,3094,2.493333
2564,3110,2.506227
2565,3110,2.506227
2566,3110,2.506227
2567,3110,2.506227
2568,3106,2.503004
2569,3106,2.503004
2570,3110,2.506227
2571,3110,2.506227
2572,3110,2.506227
2573,3110,2.506227
2574,3110,2.506227
2575,3106,2.503004
2576,3106,2.503004
2577,3106,2.503004
2578,3106,2.503004
2579,3106,2.503004
2580,3110,2.506227
2581,3110,2.506227
2582,3110,2.506227
2583,3110,2.506227
2584,3110,2.506227
2585,3106,2.503004
2586,3110,2.506227
2587,3110,2.506227
2588,3110,2.506227
2589,3106,2.503004
2590,3111,2.507033
2591,3110,2.506227
2592,3106,2.503004
2593,3106,2.503004
2594,3102,2.499780
2595,3106,2.503004
2596,3110,2.506227
2597,3111,2.507033
2598,3110,2.506227
2599,3110,2.506227
2600,3106,2.503004
2601,3110,2.506227
2602,3110,2.506227
2603,3110,2.506227
2604,3110,2.506227
2605,3102,2.499780
2606,3094,2.493333
2607,3106,2.503004
2608,3118,2.512674
2609,3094,2.493333
2610,3110,2.506227
2611,3106,2.503004
2612,3094,2.493333
2613,3110,2.506227
2614,3106,2.503004
2615,3110,2.506227
2616,3110,2.506227
2617,3106,2.503004
2618,3106,2.503004
2619,3106,2.503004
2620,3110,2.506227
2621,3094,2.493333
2622,3110,2.506227
2623,3110,2.506227
2624,3110,2.506227
2625,3106,2.503004
2626,3106,2.503004
2627,3106,2.503004
2628,3094,2.493333
2629,3110,2.506227
2630,3106,2.503004
2631,3106,2.503004
2632,3106,2.503004
2633,3094,2.493333
2634,3106,2.503004
2635,3110,2.506227
2636,3110,2.506227
2637,3106,2.503004
2638,3094,2.493333
2639,3106,2.503004
2640,3094,2.493333
2641,3094,2.493333
2642,3094,2.493333
2643,3106,2.503004
2644,3111,2.507033
2645,3110,2.506227
2646,3118,2.512674
2647,3122,2.515897
2648,3110,2.506227
2649,3106,2.503004
2650,3110,2.506227
2651,3110,2.506227
2652,3094,2.493333
2653,3094,2.493333
2654,3106,2.503004
2655,3094,2.493333
2656,3110,2.506227
2657,3106,2.503004
2658,3106,2.503004
2659,3106,2.503004
2660,3110,2.506227
2661,3118,2.512674
2662,3110,2.506227
2663,3110,2.506227
2664,3106,2.503004
2665,3126,2.519121
2666,3094,2.493333
2667,3106,2.503004
2668,3110,2.506227
2669,3094,2.493333
2670,3110,2.506227
2671,3094,2.493333
2672,3110,2.506227
2673,3094,2.493333
2674,3106,2.503004
2675,3106,2.503004
2676,3094,2.493333
2677,3106,2.503004
2678,3110,2.506227
2679,3110,2.506227
2680,3090,2.490110
2681,3110,2.506227
2682,3110,2.506227
2683,3094,2.493333
2684,3110,2.506227
2685,3110,2.506227
2686,3106,2.503004
2687,3106,2.503004
2688,3094,2.493333
2689,3110,2.506227
2690,3118,2.512674
2691,3110,2.506227
2692,3094,2.493333
2693,3106,2.503004
2694,3095,2.494139
2695,3110,2.506227
2696,3110,2.506227
2697,3094,2.493333
2698,3110,2.506227
2699,3106,2.503004
2700,3110,2.506227
2701,3110,2.506227
2702,3094,2.493333
2703,3106,2.503004
2704,3110,2.506227
2705,3090,2.490110
2706,3106,2.503004
2707,3094,2.493333
2708,3094,2.493333
2709,3106,2.503004
2710,3106,2.503004
2711,3094,2.493333
2712,3106,2.503004
2713,3094,2.493333
2714,3094,2.493333
2715,3094,2.493333
2716,3106,2.503004
2717,3106,2.503004
2718,3106,2.503004
2719,3094,2.493333
2720,3106,2.503004
2721,3110,2.506227
2722,3090,2.490110
2723,3094,2.493333
2724,3110,2.506227
2725,3090,2.490110
2726,3106,2.503004
2727,3094,2.493333
2728,3106,2.503004
2729,3106,2.503004
2730,3110,2.506227
2731,3095,2.494139
2732,3094,2.493333
2733,3106,2.503004
2734,3110,2.506227
2735,3110,2.506227
2736,3106,2.503004
2737,3102,2.499780
2738,3094,2.493333
2739,3110,2.506227
2740,3094,2.493333
2741,3110,2.506227
2742,3094,2.493333
2743,3094,2.493333
2744,3094,2.493333
2745,3110,2.506227
2746,3110,2.506227
2747,3094,2.493333
2748,3106,2.503004
2749,3094,2.493333
2750,3106,2.503004
2751,3102,2.499780
2752,3106,2.503004
2753,3110,2.506227
2754,3110,2.506227
2755,3106,2.503004
2756,3090,2.490110
2757,3094,2.493333
2758,3094,2.493333
2759,3095,2.494139
2760,3110,2.506227
2761,3110,2.506227
2762,3110,2.506227
2763,3106,2.503004
2764,3094,2.493333
2765,3094,2.493333
2766,3106,2.503004
2767,3110,2.506227
2768,3106,2.503004
2769,3106,2.503004
2770,3106,2.503004
2771,3094,2.493333
2772,3094,2.493333
2773,3094,2.493333
2774,3110,2.506227
2775,3094,2.493333
2776,3106,2.503004
2777,3106,2.503004
2778,3106,2.503004
2779,3094,2.493333
2780,3106,2.503004
2781,3106,2.503004
2782,3106,2.503004
2783,3110,2.506227
2784,3094,2.493333
2785,3106,2.503004
2786,3102,2.499780
2787,3110,2.506227
2788,3106,2.503004
2789,3094,2.493333
2790,3110,2.506227
2791,3094,2.493333
2792,3106,2.503004
2793,3110,2.506227
2794,3106,2.503004
2795,3094,2.493333
2796,3094,2.493333
2797,3094,2.493333
2798,3110,2.506227
2799,3094,2.493333
2800,3094,2.493333
2801,3102,2.499780
2802,3106,2.503004
2803,3106,2.503004
2804,3110,2.506227
2805,3106,2.503004
2806,3094,2.493333
2807,3094,2.493333
2808,3094,2.493333
2809,3094,2.493333
2810,3094,2.493333
2811,3110,2.506227
2812,3086,2.486886
2813,3094,2.493333
2814,3106,2.503004
2815,3102,2.499780
2816,3106,2.503004
2817,3110,2.506227
2818,3110,2.506227
2819,3102,2.499780
2820,3090,2.490110
2821,3106,2.503004
2822,3094,2.493333
2823,3110,2.506227
2824,3110,2.506227
2825,3094,2.493333
2826,3106,2.503004
2827,3106,2.503004
2828,3110,2.506227
2829,3094,2.493333
2830,3106,2.503004
2831,3094,2.493333
2832,3106,2.503004
2833,3094,2.493333
2834,3094,2.493333
2835,3094,2.493333
2836,3094,2.493333
2837,3094,2.493333
2838,3106,2.503004
2839,3094,2.493333
2840,3094,2.493333
2841,3106,2.503004
2842,3110,2.506227
2843,3094,2.493333
2844,3094,2.493333
2845,3094,2.493333
2846,3110,2.506227
2847,3094,2.493333
2848,3094,2.493333
2849,3094,2.493333
2850,3094,2.493333
2851,3094,2.493333
2852,3094,2.493333
2853,3094,2.493333
2854,3110,2.506227
2855,3094,2.493333
2856,3110,2.506227
2857,3094,2.493333
2858,3106,2.503004
2859,3106,2.503004
2860,3094,2.493333
2861,3094,2.493333
2862,3090,2.490110
2863,3106,2.503004
2864,3094,2.493333
2865,3090,2.490110
2866,3122,2.515897
2867,3094,2.493333
2868,3110,2.506227
2869,3094,2.493333
2870,3090,2.490110
2871,3106,2.503004
2872,3090,2.490110
2873,3106,2.503004
2874,3106,2.503004
2875,3106,2.503004
2876,3110,2.506227
2877,3094,2.493333
2878,3102,2.499780
2879,3090,2.490110
2880,3106,2.503004
2881,3106,2.503004
2882,3094,2.493333
2883,3094,2.493333
2884,3106,2.503004
2885,3106,2.503004
2886,3106,2.503004
2887,3094,2.493333
2888,3110,2.506227
2889,3094,2.493333
2890,3094,2.493333
2891,3090,2.490110
2892,3094,2.493333
2893,3106,2.503004
2894,3090,2.490110
2895,3094,2.493333
2896,3094,2.493333
2897,3086,2.486886
2898,3106,2.503004
2899,3090,2.490110
2900,3094,2.493333
2901,3094,2.493333
2902,3094,2.493333
2903,3106,2.503004
2904,3106,2.503004
2905,3095,2.494139
2906,3094,2.493333
2907,3106,2.503004
2908,3094,2.493333
2909,3110,2.506227
2910,3090,2.490110
2911,3086,2.486886
2912,3094,2.493333
2913,3094,2.493333
2914,3094,2.493333
2915,3106,2.503004
2916,3090,2.490110
2917,3106,2.503004
2918,3086,2.486886
2919,3094,2.493333
2920,3106,2.503004
2921,3102,2.499780
2922,3090,2.490110
2923,3094,2.493333
2924,3106,2.503004
2925,3106,2.503004
2926,3094,2.493333
2927,3086,2.486886
2928,3090,2.490110
2929,3086,2.486886
2930,3106,2.503004
2931,3090,2.490110
2932,3094,2.493333
2933,3086,2.486886
2934,3094,2.493333
2935,3094,2.493333
2936,3094,2.493333
2937,3094,2.493333
2938,3094,2.493333
2939,3094,2.493333
2940,3090,2.490110
2941,3106,2.503004
2942,3094,2.493333
2943,3094,2.493333
2944,3094,2.493333
2945,3094,2.493333
2946,3094,2.493333
2947,3086,2.486886
2948,3079,2.481245
2949,3094,2.493333
2950,3106,2.503004
2951,3094,2.493333
2952,3094,2.493333
2953,3094,2.493333
2954,3094,2.493333
2955,3090,2.490110
2956,3094,2.493333
2957,3078,2.480440
2958,3078,2.480440
2959,3094,2.493333
2960,3106,2.503004
2961,3078,2.480440
2962,3094,2.493333
2963,3110,2.506227
2964,3094,2.493333
2965,3094,2.493333
2966,3094,2.493333
2967,3094,2.493333
2968,3102,2.499780
2969,3090,2.490110
2970,3094,2.493333
2971,3090,2.490110
2972,3102,2.499780
2973,3094,2.493333
2974,3094,2.493333
2975,3094,2.493333
2976,3094,2.493333
2977,3094,2.493333
2978,3094,2.493333
2979,3090,2.490110
2980,3102,2.499780
2981,3094,2.493333
2982,3090,2.490110
2983,3094,2.493333
2984,3086,2.486886
2985,3094,2.493333
2986,3094,2.493333
2987,3086,2.486886
2988,3094,2.493333
2989,3094,2.493333
2990,3094,2.493333
2991,3094,2.493333
2992,3078,2.480440
2993,3078,2.480440
2994,3090,2.490110
2995,3090,2.490110
2996,3094,2.493333
2997,3094,2.493333
2998,3078,2.480440
2999,3078,2.480440
3000,3078,2.480440
3001,3086,2.486886
3002,3090,2.490110
3003,3078,2.480440
3004,3090,2.490110
3005,3094,2.493333
3006,3086,2.486886
3007,3090,2.490110
3008,3090,2.490110
3009,3086,2.486886
3010,3078,2.480440
3011,3094,2.493333
3012,3090,2.490110
3013,3094,2.493333
3014,3086,2.486886
3015,3078,2.480440
3016,3086,2.486886
3017,3078,2.480440
3018,3086,2.486886
3019,3090,2.490110
3020,3094,2.493333
3021,3090,2.490110
3022,3086,2.486886
3023,3094,2.493333
3024,3086,2.486886
3025,3090,2.490110
3026,3094,2.493333
3027,3086,2.486886
3028,3090,2.490110
3029,3078,2.480440
3030,3086,2.486886
3031,3078,2.480440
3032,3078,2.480440
3033,3086,2.486886
3034,3090,2.490110
3035,3078,2.480440
3036,3086,2.486886
3037,3078,2.480440
3038,3086,2.486886
3039,3078,2.480440
3040,3074,2.477216
3041,3078,2.480440
3042,3090,2.490110
3043,3086,2.486886
3044,3086,2.486886
3045,3086,2.486886
3046,3094,2.493333
3047,3094,2.493333
3048,3090,2.490110
3049,3078,2.480440
3050,3078,2.480440
3051,3078,2.480440
3052,3078,2.480440
3053,3078,2.480440
3054,3078,2.480440
3055,3078,2.480440
3056,3074,2.477216
3057,3078,2.480440
3058,3074,2.477216
3059,3078,2.480440
3060,3078,2.480440
3061,3090,2.490110
3062,3078,2.480440
3063,3078,2.480440
3064,3078,2.480440
3065,3078,2.480440
3066,3078,2.480440
3067,3074,2.477216
3068,3078,2.480440
3069,3078,2.480440
3070,3078,2.480440
3071,3078,2.480440
3072,3074,2.477216
3073,3074,2.477216
3074,3072,2.475604
3075,3078,2.480440
3076,3078,2.480440
3077,3078,2.480440
3078,3078,2.480440
3079,3078,2.480440
3080,3078,2.480440
3081,3074,2.477216
3082,3078,2.480440
3083,3086,2.486886
3084,3078,2.480440
3085,3074,2.477216
3086,3074,2.477216
3087,3078,2.480440
3088,3074,2.477216
3089,3078,2.480440
3090,3078,2.480440
3091,3074,2.477216
3092,3074,2.477216
3093,3072,2.475604
3094,3074,2.477216
3095,3072,2.475604
3096,3074,2.477216
3097,3072,2.475604
3098,3074,2.477216
3099,3074,2.477216
3100,3074,2.477216
3101,3072,2.475604
3102,3072,2.475604
3103,3072,2.475604
3104,3074,2.477216
3105,3078,2.480440
3106,3072,2.475604
3107,3072,2.475604
3108,3074,2.477216
3109,3074,2.477216
3110,3072,2.475604
3111,3072,2.475604
3112,3072,2.475604
3113,3072,2.475604
3114,3072,2.475604
3115,3078,2.480440
3116,3072,2.475604
3117,3074,2.477216
3118,3074,2.477216
3119,3078,2.480440
3120,3072,2.475604
3121,3072,2.475604
3122,3072,2.475604
3123,3072,2.475604
3124,3072,2.475604
3125,3072,2.475604
3126,3072,2.475604
3127,3072,2.475604
3128,3074,2.477216
3129,3072,2.475604
3130,3072,2.475604
3131,3072,2.475604
3132,3072,2.475604
3133,3072,2.475604
3134,3072,2.475604
3135,3072,2.475604
3136,3072,2.475604
3137,3072,2.475604
3138,3072,2.475604
3139,3072,2.475604
3140,3072,2.475604
3141,3072,2.475604
3142,3072,2.475604
3143,3072,2.475604
3144,3072,2.475604
3145,3072,2.475604
3146,3072,2.475604
3147,3072,2.475604
3148,3072,2.475604
3149,3072,2.475604
3150,3072,2.475604
3151,3072,2.475604
3152,3072,2.475604
3153,3042,2.451429
3154,3072,2.475604
3155,3042,2.451429
3156,3072,2.475604
3157,3072,2.475604
3158,3042,2.451429
3159,3046,2.454652
3160,3046,2.454652
3161,3030,2.441758
3162,3072,2.475604
3163,3072,2.475604
3164,3042,2.451429
3165,3072,2.475604
3166,3072,2.475604
3167,3030,2.441758
3168,3030,2.441758
3169,3042,2.451429
3170,3042,2.451429
3171,3046,2.454652
3172,3030,2.441758
3173,3072,2.475604
3174,3038,2.448205
3175,3030,2.441758
3176,3042,2.451429
3177,3030,2.441758
3178,3030,2.441758
3179,3030,2.441758
3180,3042,2.451429
3181,3030,2.441758
3182,3030,2.441758
3183,3030,2.441758
3184,3030,2.441758
3185,3030,2.441758
3186,3042,2.451429
3187,3042,2.451429
3188,3030,2.441758
3189,3022,2.435311
3190,3022,2.435311
3191,3030,2.441758
3192,3030,2.441758
3193,3030,2.441758
3194,3022,2.435311
3195,3022,2.435311
3196,3022,2.435311
3197,3022,2.435311
3198,3022,2.435311
3199,3026,2.438535
3200,3014,2.428864
3201,3014,2.428864
3202,3014,2.428864
3203,3014,2.428864
3204,3014,2.428864
3205,3026,2.438535
3206,3026,2.438535
3207,3014,2.428864
3208,3030,2.441758
3209,3010,2.425641
3210,3010,2.425641
3211,3014,2.428864
3212,3014,2.428864
3213,3010,2.425641
3214,3014,2.428864
3215,3010,2.425641
3216,3014,2.428864
3217,3010,2.425641
3218,3010,2.425641
3219,3010,2.425641
3220,2998,2.415971
3221,3014,2.428864
3222,3014,2.428864
3223,2998,2.415971
3224,2998,2.415971
3225,3010,2.425641
3226,2998,2.415971
3227,2990,2.409524
3228,2998,2.415971
3229,2998,2.415971
3230,3010,2.425641
3231,2990,2.409524
3232,2998,2.415971
3233,3010,2.425641
3234,3010,2.425641
3235,2994,2.412747
3236,2990,2.409524
3237,2998,2.415971
3238,2994,2.412747
3239,2994,2.412747
3240,2994,2.412747
3241,2982,2.403077
3242,2982,2.403077
3243,2982,2.403077
3244,2982,2.403077
3245,2998,2.415971
3246,2998,2.415971
3247,2998,2.415971
3248,2998,2.415971
3249,2994,2.412747
3250,2998,2.415971
3251,2990,2.409524
3252,2978,2.399853
3253,2982,2.403077
3254,2990,2.409524
3255,2998,2.415971
3256,2990,2.409524
3257,2978,2.399853
3258,2982,2.403077
3259,2978,2.399853
3260,2978,2.399853
3261,2982,2.403077
3262,2982,2.403077
3263,2982,2.403077
3264,2978,2.399853
3265,2978,2.399853
3266,2982,2.403077
3267,2966,2.390183
3268,2966,2.390183
3269,2982,2.403077
3270,2978,2.399853
3271,2982,2.403077
3272,2966,2.390183
3273,2982,2.403077
3274,2978,2.399853
3275,2966,2.390183
3276,2982,2.403077
3277,2966,2.390183
3278,2966,2.390183
3279,2974,2.396630
3280,2950,2.377289
3281,2978,2.399853
3282,2962,2.386960
3283,2978,2.399853
3284,2974,2.396630
3285,2978,2.399853
3286,2950,2.377289
3287,2966,2.390183
3288,2978,2.399853
3289,2962,2.386960
3290,2966,2.390183
3291,2978,2.399853
3292,2966,2.390183
3293,2950,2.377289
3294,2966,2.390183
3295,2966,2.390183
3296,2958,2.383736
3297,2950,2.377289
3298,2962,2.386960
3299,2958,2.383736
3300,2966,2.390183
3301,2962,2.386960
3302,2958,2.383736
3303,2966,2.390183
3304,2962,2.386960
3305,2962,2.386960
3306,2978,2.399853
3307,2958,2.383736
3308,2950,2.377289
3309,2950,2.377289
3310,2958,2.383736
3311,2962,2.386960
3312,2950,2.377289
3313,2942,2.370842
3314,2942,2.370842
3315,2950,2.377289
3316,2950,2.377289
3317,2950,2.377289
3318,2966,2.390183
3319,2951,2.378095
3320,2950,2.377289
3321,2942,2.370842
3322,2942,2.370842
3323,2942,2.370842
3324,2950,2.377289
3325,2942,2.370842
3326,2942,2.370842
3327,2942,2.370842
3328,2934,2.364396
3329,2958,2.383736
3330,2946,2.374066
3331,2942,2.370842
3332,2934,2.364396
3333,2942,2.370842
3334,2950,2.377289
3335,2934,2.364396
3336,2950,2.377289
3337,2942,2.370842
3338,2950,2.377289
3339,2942,2.370842
3340,2942,2.370842
3341,2950,2.377289
3342,2950,2.377289
3343,2934,2.364396
3344,2946,2.374066
3345,2934,2.364396
3346,2942,2.370842
3347,2934,2.364396
3348,2950,2.377289
3349,2942,2.370842
3350,2934,2.364396
3351,2942,2.370842
3352,2918,2.351502
3353,2934,2.364396
3354,2918,2.351502
3355,2934,2.364396
3356,2942,2.370842
3357,2934,2.364396
3358,2930,2.361172
3359,2934,2.364396
3360,2934,2.364396
3361,2934,2.364396
3362,2934,2.364396
3363,2918,2.351502
3364,2918,2.351502
3365,2934,2.364396
3366,2935,2.365201
3367,2930,2.361172
3368,2934,2.364396
3369,2934,2.364396
3370,2934,2.364396
3371,2934,2.364396
3372,2942,2.370842
3373,2930,2.361172
3374,2934,2.364396
3375,2942,2.370842
3376,2930,2.361172
3377,2926,2.357949
3378,2930,2.361172
3379,2926,2.357949
3380,2942,2.370842
3381,2930,2.361172
3382,2926,2.357949
3383,2918,2.351502
3384,2930,2.361172
3385,2942,2.370842
3386,2934,2.364396
3387,2930,2.361172
3388,2918,2.351502
3389,2942,2.370842
3390,2930,2.361172
3391,2930,2.361172
3392,2930,2.361172
3393,2918,2.351502
3394,2930,2.361172
3395,2926,2.357949
3396,2930,2.361172
3397,2918,2.351502
3398,2918,2.351502
3399,2918,2.351502
3400,2934,2.364396
3401,2918,2.351502
3402,2926,2.357949
3403,2918,2.351502
3404,2934,2.364396
3405,2934,2.364396
3406,2914,2.348278
3407,2934,2.364396
3408,2930,2.361172
3409,2934,2.364396
3410,2934,2.364396
3411,2926,2.357949
3412,2934,2.364396
3413,2930,2.361172
3414,2919,2.352308
3415,2934,2.364396
3416,2934,2.364396
3417,2926,2.357949
3418,2930,2.361172
3419,2930,2.361172
3420,2918,2.351502
3421,2934,2.364396
3422,2918,2.351502
3423,2926,2.357949
3424,2918,2.351502
3425,2926,2.357949
3426,2918,2.351502
3427,2918,2.351502
3428,2914,2.348278
3429,2918,2.351502
3430,2914,2.348278
3431,2926,2.357949
3432,2914,2.348278
3433,2926,2.357949
3434,2930,2.361172
3435,2934,2.364396
3436,2918,2.351502
3437,2918,2.351502
3438,2930,2.361172
3439,2914,2.348278
3440,2918,2.351502
3441,2918,2.351502
3442,2918,2.351502
3443,2918,2.351502
3444,2918,2.351502
3445,2914,2.348278
3446,2918,2.351502
3447,2918,2.351502
3448,2919,2.352308
3449,2918,2.351502
3450,2926,2.357949
3451,2918,2.351502
3452,2919,2.352308
3453,2914,2.348278
3454,2934,2.364396
3455,2926,2.357949
3456,2918,2.351502
3457,2930,2.361172
3458,2914,2.348278
3459,2918,2.351502
3460,2918,2.351502
3461,2926,2.357949
3462,2926,2.357949
3463,2902,2.338608
3464,2918,2.351502
3465,2914,2.348278
3466,2926,2.357949
3467,2918,2.351502
3468,2902,2.338608
3469,2918,2.351502
3470,2930,2.361172
3471,2914,2.348278
3472,2918,2.351502
3473,2918,2.351502
3474,2918,2.351502
3475,2902,2.338608
3476,2918,2.351502
3477,2914,2.348278
3478,2926,2.357949
3479,2918,2.351502
3480,2918,2.351502
3481,2914,2.348278
3482,2914,2.348278
3483,2918,2.351502
3484,2902,2.338608
3485,2918,2.351502
3486,2902,2.338608
3487,2918,2.351502
3488,2914,2.348278
3489,2910,2.345055
3490,2918,2.351502
3491,2918,2.351502
3492,2918,2.351502
3493,2918,2.351502
3494,2918,2.351502
3495,2918,2.351502
3496,2918,2.351502
3497,2918,2.351502
3498,2918,2.351502
3499,2918,2.351502
3500,2914,2.348278
3501,2918,2.351502
3502,2918,2.351502
3503,2918,2.351502
3504,2918,2.351502
3505,2894,2.332161
3506,2918,2.351502
3507,2914,2.348278
3508,2914,2.348278
3509,2902,2.338608
3510,2918,2.351502
3511,2918,2.351502
3512,2902,2.338608
3513,2902,2.338608
3514,2918,2.351502
3515,2902,2.338608
3516,2914,2.348278
3517,2914,2.348278
3518,2914,2.348278
3519,2914,2.348278
3520,2918,2.351502
3521,2902,2.338608
3522,2918,2.351502
3523,2918,2.351502
3524,2914,2.348278
3525,2914,2.348278
3526,2902,2.338608
3527,2918,2.351502
3528,2914,2.348278
3529,2902,2.338608
3530,2918,2.351502
3531,2914,2.348278
3532,2918,2.351502
3533,2918,2.351502
3534,2898,2.335385
3535,2914,2.348278
3536,2902,2.338608
3537,2918,2.351502
3538,2918,2.351502
3539,2914,2.348278
3540,2918,2.351502
3541,2902,2.338608
3542,2914,2.348278
3543,2914,2.348278
3544,2918,2.351502
3545,2902,2.338608
3546,2914,2.348278
3547,2902,2.338608
3548,2910,2.345055
3549,2903,2.339414
3550,2914,2.348278
3551,2914,2.348278
3552,2902,2.338608
3553,2902,2.338608
3554,2918,2.351502
3555,2902,2.338608
3556,2919,2.352308
3557,2918,2.351502
3558,2914,2.348278
3559,2902,2.338608
3560,2903,2.339414
3561,2902,2.338608
3562,2914,2.348278
3563,2902,2.338608
3564,2918,2.351502
3565,2902,2.338608
3566,2902,2.338608
3567,2914,2.348278
3568,2902,2.338608
3569,2914,2.348278
3570,2902,2.338608
3571,2902,2.338608
3572,2918,2.351502
3573,2902,2.338608
3574,2914,2.348278
3575,2914,2.348278
3576,2918,2.351502
3577,2914,2.348278
3578,2902,2.338608
3579,2914,2.348278
3580,2902,2.338608
3581,2914,2.348278
3582,2914,2.348278
3583,2914,2.348278
3584,2902,2.338608
3585,2903,2.339414
3586,2898,2.335385
3587,2902,2.338608
3588,2914,2.348278
3589,2914,2.348278
3590,2902,2.338608
3591,2902,2.338608
3592,2914,2.348278
3593,2902,2.338608
3594,2914,2.348278
3595,2902,2.338608
3596,2894,2.332161
3597,2886,2.325714
3598,2918,2.351502
3599,2902,2.338608
3600,2914,2.348278
3601,2918,2.351502
3602,2894,2.332161
3603,2902,2.338608
3604,2902,2.338608
3605,2914,2.348278
3606,2918,2.351502
3607,2914,2.348278
3608,2910,2.345055
3609,2902,2.338608
3610,2914,2.348278
3611,2902,2.338608
3612,2902,2.338608
3613,2902,2.338608
3614,2903,2.339414
3615,2902,2.338608
3616,2903,2.339414
3617,2902,2.338608
3618,2902,2.338608
3619,2902,2.338608
3620,2914,2.348278
3621,2886,2.325714
3622,2914,2.348278
3623,2902,2.338608
3624,2902,2.338608
3625,2902,2.338608
3626,2914,2.348278
3627,2918,2.351502
3628,2902,2.338608
3629,2902,2.338608
3630,2914,2.348278
3631,2914,2.348278
3632,2902,2.338608
3633,2902,2.338608
3634,2902,2.338608
3635,2918,2.351502
3636,2902,2.338608
3637,2918,2.351502
3638,2902,2.338608
3639,2918,2.351502
3640,2902,2.338608
3641,2903,2.339414
3642,2894,2.332161
3643,2902,2.338608
3644,2902,2.338608
3645,2902,2.338608
3646,2914,2.348278
3647,2903,2.339414
