Pixel,ADC,VoltageV
1,3941,3.175897
2,3941,3.175897
3,3941,3.175897
4,3933,3.169451
5,3933,3.169451
6,3933,3.169451
7,3933,3.169451
8,3933,3.169451
9,3933,3.169451
10,3937,3.172674
11,3933,3.169451
12,3933,3.169451
13,3933,3.169451
14,3941,3.175897
15,3933,3.169451
16,3933,3.169451
17,3345,2.695604
18,2893,2.331355
19,2905,2.341026
20,2913,2.347473
21,2921,2.353919
22,2929,2.360366
23,2917,2.350696
24,2928,2.359560
25,2921,2.353919
26,2929,2.360366
27,2917,2.350696
28,2928,2.359560
29,2937,2.366813
30,2928,2.359560
31,2917,2.350696
32,2929,2.360366
33,2921,2.353919
34,2929,2.360366
35,2921,2.353919
36,2921,2.353919
37,2933,2.363590
38,2933,2.363590
39,2928,2.359560
40,2929,2.360366
41,2929,2.360366
42,2929,2.360366
43,2941,2.370037
44,2929,2.360366
45,2929,2.360366
46,2921,2.353919
47,2937,2.366813
48,2929,2.360366
49,2929,2.360366
50,2933,2.363590
51,2933,2.363590
52,2929,2.360366
53,2933,2.363590
54,2929,2.360366
55,2937,2.366813
56,2921,2.353919
57,2937,2.366813
58,2928,2.359560
59,2929,2.360366
60,2941,2.370037
61,2921,2.353919
62,2929,2.360366
63,2933,2.363590
64,2921,2.353919
65,2917,2.350696
66,2929,2.360366
67,2928,2.359560
68,2921,2.353919
69,2929,2.360366
70,2921,2.353919
71,2933,2.363590
72,2921,2.353919
73,2909,2.344249
74,2921,2.353919
75,2921,2.353919
76,2928,2.359560
77,2921,2.353919
78,2913,2.347473
79,2913,2.347473
80,2929,2.360366
81,2933,2.363590
82,2921,2.353919
83,2929,2.360366
84,2921,2.353919
85,2928,2.359560
86,2941,2.370037
87,2921,2.353919
88,2937,2.366813
89,2928,2.359560
90,2921,2.353919
91,2929,2.360366
92,2933,2.363590
93,2941,2.370037
94,2929,2.360366
95,2941,2.370037
96,2928,2.359560
97,2929,2.360366
98,2917,2.350696
99,2928,2.359560
100,2928,2.359560
101,2933,2.363590
102,2933,2.363590
103,2929,2.360366
104,2929,2.360366
105,2933,2.363590
106,2929,2.360366
107,2929,2.360366
108,2921,2.353919
109,2929,2.360366
110,2917,2.350696
111,2917,2.350696
112,2913,2.347473
113,2928,2.359560
114,2928,2.359560
115,2921,2.353919
116,2909,2.344249
117,2917,2.350696
118,2921,2.353919
119,2929,2.360366
120,2921,2.353919
121,2921,2.353919
122,2917,2.350696
123,2921,2.353919
124,2921,2.353919
125,2921,2.353919
126,2909,2.344249
127,2928,2.359560
128,2928,2.359560
129,2921,2.353919
130,2933,2.363590
131,2921,2.353919
132,2921,2.353919
133,2921,2.353919
134,2917,2.350696
135,2928,2.359560
136,2933,2.363590
137,2917,2.350696
138,2941,2.370037
139,2909,2.344249
140,2933,2.363590
141,2933,2.363590
142,2929,2.360366
143,2929,2.360366
144,2929,2.360366
145,2929,2.360366
146,2917,2.350696
147,2929,2.360366
148,2933,2.363590
149,2937,2.366813
150,2929,2.360366
151,2941,2.370037
152,2929,2.360366
153,2941,2.370037
154,2928,2.359560
155,2937,2.366813
156,2941,2.370037
157,2917,2.350696
158,2933,2.363590
159,2929,2.360366
160,2921,2.353919
161,2917,2.350696
162,2937,2.366813
163,2937,2.366813
164,2933,2.363590
165,2937,2.366813
166,2929,2.360366
167,2921,2.353919
168,2929,2.360366
169,2937,2.366813
170,2921,2.353919
171,2937,2.366813
172,2928,2.359560
173,2933,2.363590
174,2929,2.360366
175,2933,2.363590
176,2937,2.366813
177,2933,2.363590
178,2937,2.366813
179,2929,2.360366
180,2928,2.359560
181,2941,2.370037
182,2937,2.366813
183,2937,2.366813
184,2941,2.370037
185,2937,2.366813
186,2933,2.363590
187,2929,2.360366
188,2929,2.360366
189,2929,2.360366
190,2928,2.359560
191,2921,2.353919
192,2937,2.366813
193,2917,2.350696
194,2917,2.350696
195,2929,2.360366
196,2928,2.359560
197,2928,2.359560
198,2928,2.359560
199,2921,2.353919
200,2928,2.359560
201,2937,2.366813
202,2928,2.359560
203,2933,2.363590
204,2928,2.359560
205,2929,2.360366
206,2921,2.353919
207,2929,2.360366
208,2928,2.359560
209,2937,2.366813
210,2929,2.360366
211,2933,2.363590
212,2917,2.350696
213,2917,2.350696
214,2928,2.359560
215,2929,2.360366
216,2917,2.350696
217,2921,2.353919
218,2929,2.360366
219,2933,2.363590
220,2928,2.359560
221,2917,2.350696
222,2929,2.360366
223,2929,2.360366
224,2933,2.363590
225,2928,2.359560
226,2929,2.360366
227,2929,2.360366
228,2921,2.353919
229,2941,2.370037
230,2928,2.359560
231,2929,2.360366
232,2929,2.360366
233,2941,2.370037
234,2941,2.370037
235,2937,2.366813
236,2941,2.370037
237,2945,2.373260
238,2941,2.370037
239,2949,2.376484
240,2937,2.366813
241,2933,2.363590
242,2933,2.363590
243,2953,2.379707
244,2937,2.366813
245,2945,2.373260
246,2933,2.363590
247,2943,2.371648
248,2933,2.363590
249,2929,2.360366
250,2928,2.359560
251,2929,2.360366
252,2937,2.366813
253,2929,2.360366
254,2933,2.363590
255,2937,2.366813
256,2933,2.363590
257,2937,2.366813
258,2933,2.363590
259,2928,2.359560
260,2928,2.359560
261,2937,2.366813
262,2913,2.347473
263,2929,2.360366
264,2933,2.363590
265,2941,2.370037
266,2933,2.363590
267,2921,2.353919
268,2933,2.363590
269,2933,2.363590
270,2937,2.366813
271,2941,2.370037
272,2929,2.360366
273,2937,2.366813
274,2933,2.363590
275,2929,2.360366
276,2937,2.366813
277,2937,2.366813
278,2928,2.359560
279,2929,2.360366
280,2928,2.359560
281,2928,2.359560
282,2937,2.366813
283,2941,2.370037
284,2929,2.360366
285,2937,2.366813
286,2929,2.360366
287,2929,2.360366
288,2933,2.363590
289,2929,2.360366
290,2928,2.359560
291,2941,2.370037
292,2933,2.363590
293,2929,2.360366
294,2941,2.370037
295,2933,2.363590
296,2937,2.366813
297,2929,2.360366
298,2933,2.363590
299,2937,2.366813
300,2929,2.360366
301,2928,2.359560
302,2933,2.363590
303,2929,2.360366
304,2929,2.360366
305,2949,2.376484
306,2929,2.360366
307,2941,2.370037
308,2937,2.366813
309,2933,2.363590
310,2953,2.379707
311,2929,2.360366
312,2941,2.370037
313,2933,2.363590
314,2937,2.366813
315,2937,2.366813
316,2937,2.366813
317,2929,2.360366
318,2933,2.363590
319,2933,2.363590
320,2941,2.370037
321,2929,2.360366
322,2921,2.353919
323,2941,2.370037
324,2921,2.353919
325,2921,2.353919
326,2929,2.360366
327,2937,2.366813
328,2949,2.376484
329,2937,2.366813
330,2929,2.360366
331,2949,2.376484
332,2941,2.370037
333,2953,2.379707
334,2945,2.373260
335,2941,2.370037
336,2937,2.366813
337,2953,2.379707
338,2949,2.376484
339,2941,2.370037
340,2949,2.376484
341,2949,2.376484
342,2961,2.386154
343,2953,2.379707
344,2969,2.392601
345,2960,2.385348
346,2953,2.379707
347,2949,2.376484
348,2949,2.376484
349,2949,2.376484
350,2961,2.386154
351,2937,2.366813
352,2949,2.376484
353,2937,2.366813
354,2929,2.360366
355,2929,2.360366
356,2937,2.366813
357,2937,2.366813
358,2941,2.370037
359,2941,2.370037
360,2953,2.379707
361,2949,2.376484
362,2961,2.386154
363,2945,2.373260
364,2953,2.379707
365,2949,2.376484
366,2960,2.385348
367,2953,2.379707
368,2961,2.386154
369,2945,2.373260
370,2949,2.376484
371,2949,2.376484
372,2953,2.379707
373,2965,2.389377
374,2949,2.376484
375,2945,2.373260
376,2941,2.370037
377,2941,2.370037
378,2937,2.366813
379,2937,2.366813
380,2933,2.363590
381,2937,2.366813
382,2937,2.366813
383,2941,2.370037
384,2937,2.366813
385,2941,2.370037
386,2933,2.363590
387,2941,2.370037
388,2937,2.366813
389,2937,2.366813
390,2941,2.370037
391,2941,2.370037
392,2945,2.373260
393,2941,2.370037
394,2933,2.363590
395,2933,2.363590
396,2929,2.360366
397,2933,2.363590
398,2949,2.376484
399,2943,2.371648
400,2945,2.373260
401,2949,2.376484
402,2941,2.370037
403,2949,2.376484
404,2941,2.370037
405,2949,2.376484
406,2945,2.373260
407,2949,2.376484
408,2945,2.373260
409,2949,2.376484
410,2933,2.363590
411,2941,2.370037
412,2949,2.376484
413,2941,2.370037
414,2937,2.366813
415,2949,2.376484
416,2945,2.373260
417,2949,2.376484
418,2941,2.370037
419,2941,2.370037
420,2941,2.370037
421,2949,2.376484
422,2953,2.379707
423,2937,2.366813
424,2949,2.376484
425,2941,2.370037
426,2933,2.363590
427,2945,2.373260
428,2953,2.379707
429,2941,2.370037
430,2941,2.370037
431,2949,2.376484
432,2949,2.376484
433,2953,2.379707
434,2941,2.370037
435,2941,2.370037
436,2953,2.379707
437,2941,2.370037
438,2941,2.370037
439,2941,2.370037
440,2937,2.366813
441,2941,2.370037
442,2941,2.370037
443,2941,2.370037
444,2943,2.371648
445,2928,2.359560
446,2941,2.370037
447,2933,2.363590
448,2945,2.373260
449,2949,2.376484
450,2937,2.366813
451,2949,2.376484
452,2937,2.366813
453,2941,2.370037
454,2941,2.370037
455,2949,2.376484
456,2945,2.373260
457,2941,2.370037
458,2941,2.370037
459,2949,2.376484
460,2953,2.379707
461,2953,2.379707
462,2949,2.376484
463,2945,2.373260
464,2960,2.385348
465,2953,2.379707
466,2941,2.370037
467,2960,2.385348
468,2949,2.376484
469,2949,2.376484
470,2941,2.370037
471,2941,2.370037
472,2941,2.370037
473,2945,2.373260
474,2941,2.370037
475,2953,2.379707
476,2941,2.370037
477,2937,2.366813
478,2945,2.373260
479,2949,2.376484
480,2941,2.370037
481,2949,2.376484
482,2965,2.389377
483,2960,2.385348
484,2941,2.370037
485,2973,2.395824
486,2969,2.392601
487,2960,2.385348
488,2961,2.386154
489,2965,2.389377
490,2969,2.392601
491,2961,2.386154
492,2960,2.385348
493,2969,2.392601
494,2960,2.385348
495,2953,2.379707
496,2953,2.379707
497,2960,2.385348
498,2949,2.376484
499,2949,2.376484
500,2960,2.385348
501,2960,2.385348
502,2961,2.386154
503,2941,2.370037
504,2953,2.379707
505,2949,2.376484
506,2960,2.385348
507,2961,2.386154
508,2960,2.385348
509,2961,2.386154
510,2969,2.392601
511,2961,2.386154
512,2969,2.392601
513,2961,2.386154
514,2949,2.376484
515,2953,2.379707
516,2960,2.385348
517,2960,2.385348
518,2949,2.376484
519,2961,2.386154
520,2953,2.379707
521,2965,2.389377
522,2960,2.385348
523,2949,2.376484
524,2937,2.366813
525,2941,2.370037
526,2941,2.370037
527,2949,2.376484
528,2960,2.385348
529,2965,2.389377
530,2953,2.379707
531,2960,2.385348
532,2965,2.389377
533,2960,2.385348
534,2965,2.389377
535,2960,2.385348
536,2953,2.379707
537,2969,2.392601
538,2961,2.386154
539,2960,2.385348
540,2969,2.392601
541,2965,2.389377
542,2973,2.395824
543,2973,2.395824
544,2969,2.392601
545,2960,2.385348
546,2961,2.386154
547,2973,2.395824
548,2961,2.386154
549,2961,2.386154
550,2969,2.392601
551,2961,2.386154
552,2973,2.395824
553,2961,2.386154
554,2965,2.389377
555,2961,2.386154
556,2961,2.386154
557,2961,2.386154
558,2953,2.379707
559,2961,2.386154
560,2961,2.386154
561,2941,2.370037
562,2953,2.379707
563,2949,2.376484
564,2960,2.385348
565,2949,2.376484
566,2957,2.382930
567,2965,2.389377
568,2960,2.385348
569,2953,2.379707
570,2961,2.386154
571,2953,2.379707
572,2953,2.379707
573,2960,2.385348
574,2960,2.385348
575,2961,2.386154
576,2961,2.386154
577,2961,2.386154
578,2953,2.379707
579,2960,2.385348
580,2961,2.386154
581,2961,2.386154
582,2960,2.385348
583,2945,2.373260
584,2949,2.376484
585,2953,2.379707
586,2965,2.389377
587,2961,2.386154
588,2949,2.376484
589,2961,2.386154
590,2960,2.385348
591,2961,2.386154
592,2961,2.386154
593,2960,2.385348
594,2949,2.376484
595,2953,2.379707
596,2949,2.376484
597,2953,2.379707
598,2941,2.370037
599,2949,2.376484
600,2949,2.376484
601,2961,2.386154
602,2953,2.379707
603,2941,2.370037
604,2961,2.386154
605,2961,2.386154
606,2953,2.379707
607,2945,2.373260
608,2961,2.386154
609,2949,2.376484
610,2949,2.376484
611,2953,2.379707
612,2953,2.379707
613,2965,2.389377
614,2953,2.379707
615,2960,2.385348
616,2961,2.386154
617,2953,2.379707
618,2961,2.386154
619,2941,2.370037
620,2949,2.376484
621,2961,2.386154
622,2941,2.370037
623,2960,2.385348
624,2953,2.379707
625,2949,2.376484
626,2953,2.379707
627,2953,2.379707
628,2960,2.385348
629,2949,2.376484
630,2953,2.379707
631,2953,2.379707
632,2949,2.376484
633,2953,2.379707
634,2949,2.376484
635,2953,2.379707
636,2960,2.385348
637,2953,2.379707
638,2949,2.376484
639,2941,2.370037
640,2953,2.379707
641,2965,2.389377
642,2949,2.376484
643,2965,2.389377
644,2969,2.392601
645,2961,2.386154
646,2969,2.392601
647,2965,2.389377
648,2965,2.389377
649,2961,2.386154
650,2961,2.386154
651,2960,2.385348
652,2961,2.386154
653,2953,2.379707
654,2961,2.386154
655,2961,2.386154
656,2953,2.379707
657,2941,2.370037
658,2949,2.376484
659,2945,2.373260
660,2961,2.386154
661,2953,2.379707
662,2953,2.379707
663,2961,2.386154
664,2945,2.373260
665,2961,2.386154
666,2960,2.385348
667,2961,2.386154
668,2965,2.389377
669,2953,2.379707
670,2960,2.385348
671,2961,2.386154
672,2960,2.385348
673,2949,2.376484
674,2965,2.389377
675,2961,2.386154
676,2953,2.379707
677,2953,2.379707
678,2949,2.376484
679,2960,2.385348
680,2953,2.379707
681,2960,2.385348
682,2953,2.379707
683,2965,2.389377
684,2961,2.386154
685,2949,2.376484
686,2949,2.376484
687,2961,2.386154
688,2961,2.386154
689,2973,2.395824
690,2961,2.386154
691,2973,2.395824
692,2965,2.389377
693,2953,2.379707
694,2953,2.379707
695,2960,2.385348
696,2961,2.386154
697,2965,2.389377
698,2960,2.385348
699,2961,2.386154
700,2961,2.386154
701,2969,2.392601
702,2960,2.385348
703,2965,2.389377
704,2960,2.385348
705,2969,2.392601
706,2961,2.386154
707,2953,2.379707
708,2969,2.392601
709,2969,2.392601
710,2969,2.392601
711,2965,2.389377
712,2973,2.395824
713,2961,2.386154
714,2973,2.395824
715,2973,2.395824
716,2965,2.389377
717,2973,2.395824
718,2973,2.395824
719,2973,2.395824
720,2973,2.395824
721,2961,2.386154
722,2973,2.395824
723,2973,2.395824
724,2973,2.395824
725,2961,2.386154
726,2973,2.395824
727,2961,2.386154
728,2965,2.389377
729,2969,2.392601
730,2969,2.392601
731,2961,2.386154
732,2965,2.389377
733,2969,2.392601
734,2969,2.392601
735,2961,2.386154
736,2953,2.379707
737,2969,2.392601
738,2973,2.395824
739,2965,2.389377
740,2953,2.379707
741,2960,2.385348
742,2969,2.392601
743,2973,2.395824
744,2973,2.395824
745,2961,2.386154
746,2969,2.392601
747,2961,2.386154
748,2961,2.386154
749,2973,2.395824
750,2961,2.386154
751,2961,2.386154
752,2965,2.389377
753,2961,2.386154
754,2965,2.389377
755,2960,2.385348
756,2969,2.392601
757,2965,2.389377
758,2973,2.395824
759,2965,2.389377
760,2965,2.389377
761,2969,2.392601
762,2953,2.379707
763,2949,2.376484
764,2961,2.386154
765,2973,2.395824
766,2969,2.392601
767,2965,2.389377
768,2969,2.392601
769,2961,2.386154
770,2969,2.392601
771,2965,2.389377
772,2965,2.389377
773,2973,2.395824
774,2973,2.395824
775,2973,2.395824
776,2981,2.402271
777,2961,2.386154
778,2977,2.399048
779,2961,2.386154
780,2961,2.386154
781,2961,2.386154
782,2969,2.392601
783,2973,2.395824
784,2969,2.392601
785,2961,2.386154
786,2973,2.395824
787,2973,2.395824
788,2973,2.395824
789,2969,2.392601
790,2973,2.395824
791,2973,2.395824
792,2977,2.399048
793,2969,2.392601
794,2969,2.392601
795,2973,2.395824
796,2961,2.386154
797,2977,2.399048
798,2969,2.392601
799,2981,2.402271
800,2965,2.389377
801,2975,2.397436
802,2973,2.395824
803,2973,2.395824
804,2973,2.395824
805,2969,2.392601
806,2969,2.392601
807,2977,2.399048
808,2973,2.395824
809,2985,2.405495
810,2973,2.395824
811,2992,2.411136
812,2992,2.411136
813,2973,2.395824
814,2977,2.399048
815,2973,2.395824
816,2969,2.392601
817,2985,2.405495
818,2981,2.402271
819,2981,2.402271
820,2969,2.392601
821,2973,2.395824
822,2973,2.395824
823,2973,2.395824
824,2973,2.395824
825,2973,2.395824
826,2973,2.395824
827,2981,2.402271
828,2977,2.399048
829,2981,2.402271
830,2981,2.402271
831,2981,2.402271
832,2981,2.402271
833,2977,2.399048
834,2992,2.411136
835,2993,2.411941
836,2992,2.411136
837,2981,2.402271
838,2993,2.411941
839,2985,2.405495
840,2992,2.411136
841,2985,2.405495
842,2985,2.405495
843,2992,2.411136
844,2993,2.411941
845,2981,2.402271
846,2973,2.395824
847,2981,2.402271
848,2981,2.402271
849,2981,2.402271
850,2993,2.411941
851,2993,2.411941
852,2997,2.415165
853,3008,2.424029
854,2997,2.415165
855,2993,2.411941
856,3001,2.418388
857,3008,2.424029
858,3001,2.418388
859,2985,2.405495
860,2993,2.411941
861,3005,2.421612
862,2993,2.411941
863,2992,2.411136
864,3001,2.418388
865,2993,2.411941
866,2992,2.411136
867,2997,2.415165
868,2993,2.411941
869,2985,2.405495
870,2985,2.405495
871,2981,2.402271
872,2985,2.405495
873,2975,2.397436
874,2993,2.411941
875,2985,2.405495
876,2985,2.405495
877,2985,2.405495
878,2985,2.405495
879,2985,2.405495
880,2985,2.405495
881,2981,2.402271
882,2977,2.399048
883,2973,2.395824
884,2993,2.411941
885,2985,2.405495
886,2973,2.395824
887,2981,2.402271
888,2985,2.405495
889,2977,2.399048
890,2975,2.397436
891,2975,2.397436
892,2993,2.411941
893,2985,2.405495
894,2977,2.399048
895,2985,2.405495
896,2977,2.399048
897,2985,2.405495
898,2985,2.405495
899,2981,2.402271
900,2992,2.411136
901,2981,2.402271
902,2985,2.405495
903,2993,2.411941
904,2993,2.411941
905,2981,2.402271
906,3001,2.418388
907,2997,2.415165
908,2985,2.405495
909,2985,2.405495
910,2997,2.415165
911,2997,2.415165
912,2985,2.405495
913,2992,2.411136
914,2992,2.411136
915,2973,2.395824
916,2993,2.411941
917,3001,2.418388
918,2992,2.411136
919,2973,2.395824
920,2985,2.405495
921,2992,2.411136
922,2981,2.402271
923,2992,2.411136
924,2981,2.402271
925,2993,2.411941
926,2997,2.415165
927,2993,2.411941
928,3001,2.418388
929,2985,2.405495
930,2985,2.405495
931,2985,2.405495
932,2993,2.411941
933,2993,2.411941
934,2985,2.405495
935,3001,2.418388
936,2993,2.411941
937,2985,2.405495
938,2993,2.411941
939,2993,2.411941
940,3009,2.424835
941,2997,2.415165
942,3001,2.418388
943,2993,2.411941
944,2985,2.405495
945,3001,2.418388
946,2992,2.411136
947,2985,2.405495
948,2985,2.405495
949,2981,2.402271
950,2997,2.415165
951,2985,2.405495
952,2992,2.411136
953,2993,2.411941
954,3001,2.418388
955,2993,2.411941
956,3001,2.418388
957,2997,2.415165
958,3001,2.418388
959,3009,2.424835
960,3001,2.418388
961,2997,2.415165
962,2997,2.415165
963,3008,2.424029
964,2997,2.415165
965,2993,2.411941
966,2993,2.411941
967,2997,2.415165
968,2993,2.411941
969,2992,2.411136
970,3001,2.418388
971,2985,2.405495
972,3001,2.418388
973,2993,2.411941
974,2993,2.411941
975,2997,2.415165
976,2993,2.411941
977,2993,2.411941
978,3009,2.424835
979,3009,2.424835
980,3009,2.424835
981,3009,2.424835
982,3005,2.421612
983,3005,2.421612
984,2993,2.411941
985,3001,2.418388
986,3001,2.418388
987,3008,2.424029
988,3009,2.424835
989,2997,2.415165
990,2993,2.411941
991,3008,2.424029
992,3009,2.424835
993,3009,2.424835
994,3008,2.424029
995,3009,2.424835
996,3009,2.424835
997,3017,2.431282
998,3009,2.424835
999,3017,2.431282
1000,3009,2.424835
1001,3008,2.424029
1002,3009,2.424835
1003,3008,2.424029
1004,3008,2.424029
1005,3008,2.424029
1006,3001,2.418388
1007,3001,2.418388
1008,3008,2.424029
1009,3001,2.418388
1010,3008,2.424029
1011,3009,2.424835
1012,3009,2.424835
1013,3017,2.431282
1014,3024,2.436923
1015,3009,2.424835
1016,3001,2.418388
1017,3013,2.428059
1018,3009,2.424835
1019,3009,2.424835
1020,3009,2.424835
1021,3013,2.428059
1022,3024,2.436923
1023,3009,2.424835
1024,3009,2.424835
1025,3009,2.424835
1026,3013,2.428059
1027,3013,2.428059
1028,3009,2.424835
1029,3009,2.424835
1030,3009,2.424835
1031,3009,2.424835
1032,3009,2.424835
1033,3017,2.431282
1034,3013,2.428059
1035,3001,2.418388
1036,3013,2.428059
1037,3009,2.424835
1038,3025,2.437729
1039,3017,2.431282
1040,3017,2.431282
1041,3013,2.428059
1042,3008,2.424029
1043,3013,2.428059
1044,3009,2.424835
1045,3025,2.437729
1046,3017,2.431282
1047,3009,2.424835
1048,3025,2.437729
1049,3025,2.437729
1050,3017,2.431282
1051,3024,2.436923
1052,3017,2.431282
1053,3024,2.436923
1054,3024,2.436923
1055,3017,2.431282
1056,3025,2.437729
1057,3033,2.444176
1058,3017,2.431282
1059,3033,2.444176
1060,3017,2.431282
1061,3009,2.424835
1062,3013,2.428059
1063,3017,2.431282
1064,3024,2.436923
1065,3017,2.431282
1066,3017,2.431282
1067,3024,2.436923
1068,3017,2.431282
1069,3017,2.431282
1070,3017,2.431282
1071,3025,2.437729
1072,3024,2.436923
1073,3017,2.431282
1074,3025,2.437729
1075,3025,2.437729
1076,3013,2.428059
1077,3024,2.436923
1078,3024,2.436923
1079,3013,2.428059
1080,3013,2.428059
1081,3033,2.444176
1082,3025,2.437729
1083,3017,2.431282
1084,3025,2.437729
1085,3029,2.440952
1086,3013,2.428059
1087,3017,2.431282
1088,3009,2.424835
1089,3024,2.436923
1090,3025,2.437729
1091,3025,2.437729
1092,3033,2.444176
1093,3025,2.437729
1094,3029,2.440952
1095,3024,2.436923
1096,3013,2.428059
1097,3025,2.437729
1098,3029,2.440952
1099,3024,2.436923
1100,3033,2.444176
1101,3017,2.431282
1102,3009,2.424835
1103,3009,2.424835
1104,3029,2.440952
1105,3021,2.434505
1106,3017,2.431282
1107,3025,2.437729
1108,3025,2.437729
1109,3029,2.440952
1110,3017,2.431282
1111,3025,2.437729
1112,3029,2.440952
1113,3029,2.440952
1114,3024,2.436923
1115,3029,2.440952
1116,3025,2.437729
1117,3025,2.437729
1118,3041,2.450623
1119,3037,2.447399
1120,3029,2.440952
1121,3025,2.437729
1122,3033,2.444176
1123,3041,2.450623
1124,3037,2.447399
1125,3025,2.437729
1126,3037,2.447399
1127,3029,2.440952
1128,3033,2.444176
1129,3029,2.440952
1130,3033,2.444176
1131,3037,2.447399
1132,3029,2.440952
1133,3025,2.437729
1134,3029,2.440952
1135,3037,2.447399
1136,3024,2.436923
1137,3033,2.444176
1138,3024,2.436923
1139,3029,2.440952
1140,3024,2.436923
1141,3041,2.450623
1142,3037,2.447399
1143,3033,2.444176
1144,3037,2.447399
1145,3025,2.437729
1146,3033,2.444176
1147,3037,2.447399
1148,3025,2.437729
1149,3045,2.453846
1150,3029,2.440952
1151,3029,2.440952
1152,3045,2.453846
1153,3033,2.444176
1154,3041,2.450623
1155,3037,2.447399
1156,3037,2.447399
1157,3033,2.444176
1158,3045,2.453846
1159,3045,2.453846
1160,3037,2.447399
1161,3049,2.457070
1162,3041,2.450623
1163,3033,2.444176
1164,3037,2.447399
1165,3045,2.453846
1166,3037,2.447399
1167,3045,2.453846
1168,3037,2.447399
1169,3024,2.436923
1170,3037,2.447399
1171,3033,2.444176
1172,3045,2.453846
1173,3045,2.453846
1174,3056,2.462711
1175,3033,2.444176
1176,3033,2.444176
1177,3037,2.447399
1178,3056,2.462711
1179,3049,2.457070
1180,3045,2.453846
1181,3045,2.453846
1182,3049,2.457070
1183,3056,2.462711
1184,3045,2.453846
1185,3037,2.447399
1186,3041,2.450623
1187,3033,2.444176
1188,3041,2.450623
1189,3037,2.447399
1190,3045,2.453846
1191,3037,2.447399
1192,3037,2.447399
1193,3041,2.450623
1194,3041,2.450623
1195,3049,2.457070
1196,3049,2.457070
1197,3041,2.450623
1198,3045,2.453846
1199,3049,2.457070
1200,3056,2.462711
1201,3049,2.457070
1202,3056,2.462711
1203,3072,2.475604
1204,3056,2.462711
1205,3049,2.457070
1206,3072,2.475604
1207,3045,2.453846
1208,3037,2.447399
1209,3056,2.462711
1210,3049,2.457070
1211,3072,2.475604
1212,3045,2.453846
1213,3045,2.453846
1214,3049,2.457070
1215,3049,2.457070
1216,3049,2.457070
1217,3056,2.462711
1218,3056,2.462711
1219,3045,2.453846
1220,3041,2.450623
1221,3037,2.447399
1222,3056,2.462711
1223,3049,2.457070
1224,3056,2.462711
1225,3049,2.457070
1226,3072,2.475604
1227,3056,2.462711
1228,3056,2.462711
1229,3045,2.453846
1230,3072,2.475604
1231,3057,2.463516
1232,3072,2.475604
1233,3072,2.475604
1234,3072,2.475604
1235,3072,2.475604
1236,3072,2.475604
1237,3049,2.457070
1238,3049,2.457070
1239,3072,2.475604
1240,3056,2.462711
1241,3072,2.475604
1242,3072,2.475604
1243,3072,2.475604
1244,3072,2.475604
1245,3072,2.475604
1246,3072,2.475604
1247,3072,2.475604
1248,3072,2.475604
1249,3072,2.475604
1250,3053,2.460293
1251,3056,2.462711
1252,3056,2.462711
1253,3056,2.462711
1254,3072,2.475604
1255,3072,2.475604
1256,3072,2.475604
1257,3049,2.457070
1258,3072,2.475604
1259,3072,2.475604
1260,3049,2.457070
1261,3072,2.475604
1262,3056,2.462711
1263,3045,2.453846
1264,3072,2.475604
1265,3072,2.475604
1266,3072,2.475604
1267,3072,2.475604
1268,3072,2.475604
1269,3072,2.475604
1270,3072,2.475604
1271,3072,2.475604
1272,3072,2.475604
1273,3056,2.462711
1274,3072,2.475604
1275,3072,2.475604
1276,3072,2.475604
1277,3072,2.475604
1278,3072,2.475604
1279,3072,2.475604
1280,3072,2.475604
1281,3072,2.475604
1282,3056,2.462711
1283,3072,2.475604
1284,3072,2.475604
1285,3072,2.475604
1286,3056,2.462711
1287,3073,2.476410
1288,3072,2.475604
1289,3072,2.475604
1290,3072,2.475604
1291,3073,2.476410
1292,3072,2.475604
1293,3073,2.476410
1294,3077,2.479634
1295,3072,2.475604
1296,3073,2.476410
1297,3073,2.476410
1298,3081,2.482857
1299,3072,2.475604
1300,3072,2.475604
1301,3072,2.475604
1302,3081,2.482857
1303,3072,2.475604
1304,3072,2.475604
1305,3073,2.476410
1306,3073,2.476410
1307,3077,2.479634
1308,3072,2.475604
1309,3081,2.482857
1310,3077,2.479634
1311,3081,2.482857
1312,3073,2.476410
1313,3073,2.476410
1314,3073,2.476410
1315,3081,2.482857
1316,3077,2.479634
1317,3073,2.476410
1318,3073,2.476410
1319,3072,2.475604
1320,3072,2.475604
1321,3077,2.479634
1322,3073,2.476410
1323,3077,2.479634
1324,3073,2.476410
1325,3077,2.479634
1326,3077,2.479634
1327,3073,2.476410
1328,3077,2.479634
1329,3077,2.479634
1330,3072,2.475604
1331,3077,2.479634
1332,3072,2.475604
1333,3073,2.476410
1334,3081,2.482857
1335,3073,2.476410
1336,3073,2.476410
1337,3081,2.482857
1338,3077,2.479634
1339,3077,2.479634
1340,3073,2.476410
1341,3072,2.475604
1342,3077,2.479634
1343,3073,2.476410
1344,3081,2.482857
1345,3073,2.476410
1346,3072,2.475604
1347,3081,2.482857
1348,3089,2.489304
1349,3081,2.482857
1350,3081,2.482857
1351,3073,2.476410
1352,3088,2.488498
1353,3072,2.475604
1354,3081,2.482857
1355,3081,2.482857
1356,3077,2.479634
1357,3073,2.476410
1358,3073,2.476410
1359,3081,2.482857
1360,3073,2.476410
1361,3088,2.488498
1362,3093,2.492527
1363,3089,2.489304
1364,3089,2.489304
1365,3081,2.482857
1366,3088,2.488498
1367,3077,2.479634
1368,3088,2.488498
1369,3077,2.479634
1370,3088,2.488498
1371,3081,2.482857
1372,3089,2.489304
1373,3088,2.488498
1374,3088,2.488498
1375,3089,2.489304
1376,3073,2.476410
1377,3089,2.489304
1378,3077,2.479634
1379,3081,2.482857
1380,3088,2.488498
1381,3089,2.489304
1382,3097,2.495751
1383,3081,2.482857
1384,3089,2.489304
1385,3097,2.495751
1386,3093,2.492527
1387,3077,2.479634
1388,3093,2.492527
1389,3088,2.488498
1390,3093,2.492527
1391,3089,2.489304
1392,3088,2.488498
1393,3089,2.489304
1394,3089,2.489304
1395,3093,2.492527
1396,3077,2.479634
1397,3093,2.492527
1398,3093,2.492527
1399,3089,2.489304
1400,3093,2.492527
1401,3088,2.488498
1402,3089,2.489304
1403,3081,2.482857
1404,3081,2.482857
1405,3088,2.488498
1406,3093,2.492527
1407,3081,2.482857
1408,3089,2.489304
1409,3097,2.495751
1410,3093,2.492527
1411,3093,2.492527
1412,3089,2.489304
1413,3097,2.495751
1414,3093,2.492527
1415,3089,2.489304
1416,3089,2.489304
1417,3088,2.488498
1418,3081,2.482857
1419,3081,2.482857
1420,3089,2.489304
1421,3089,2.489304
1422,3097,2.495751
1423,3093,2.492527
1424,3089,2.489304
1425,3089,2.489304
1426,3093,2.492527
1427,3089,2.489304
1428,3089,2.489304
1429,3081,2.482857
1430,3088,2.488498
1431,3088,2.488498
1432,3097,2.495751
1433,3089,2.489304
1434,3101,2.498974
1435,3089,2.489304
1436,3093,2.492527
1437,3093,2.492527
1438,3093,2.492527
1439,3088,2.488498
1440,3089,2.489304
1441,3093,2.492527
1442,3093,2.492527
1443,3089,2.489304
1444,3089,2.489304
1445,3077,2.479634
1446,3097,2.495751
1447,3088,2.488498
1448,3097,2.495751
1449,3097,2.495751
1450,3093,2.492527
1451,3081,2.482857
1452,3089,2.489304
1453,3097,2.495751
1454,3097,2.495751
1455,3093,2.492527
1456,3097,2.495751
1457,3081,2.482857
1458,3093,2.492527
1459,3081,2.482857
1460,3089,2.489304
1461,3097,2.495751
1462,3097,2.495751
1463,3097,2.495751
1464,3097,2.495751
1465,3089,2.489304
1466,3093,2.492527
1467,3089,2.489304
1468,3081,2.482857
1469,3097,2.495751
1470,3097,2.495751
1471,3093,2.492527
1472,3093,2.492527
1473,3081,2.482857
1474,3101,2.498974
1475,3088,2.488498
1476,3093,2.492527
1477,3093,2.492527
1478,3089,2.489304
1479,3089,2.489304
1480,3089,2.489304
1481,3093,2.492527
1482,3088,2.488498
1483,3093,2.492527
1484,3089,2.489304
1485,3093,2.492527
1486,3089,2.489304
1487,3088,2.488498
1488,3089,2.489304
1489,3089,2.489304
1490,3097,2.495751
1491,3093,2.492527
1492,3089,2.489304
1493,3093,2.492527
1494,3088,2.488498
1495,3097,2.495751
1496,3093,2.492527
1497,3088,2.488498
1498,3088,2.488498
1499,3097,2.495751
1500,3097,2.495751
1501,3089,2.489304
1502,3093,2.492527
1503,3089,2.489304
1504,3088,2.488498
1505,3097,2.495751
1506,3089,2.489304
1507,3093,2.492527
1508,3089,2.489304
1509,3097,2.495751
1510,3081,2.482857
1511,3093,2.492527
1512,3093,2.492527
1513,3093,2.492527
1514,3101,2.498974
1515,3088,2.488498
1516,3089,2.489304
1517,3097,2.495751
1518,3089,2.489304
1519,3093,2.492527
1520,3093,2.492527
1521,3097,2.495751
1522,3101,2.498974
1523,3093,2.492527
1524,3093,2.492527
1525,3089,2.489304
1526,3089,2.489304
1527,3089,2.489304
1528,3097,2.495751
1529,3093,2.492527
1530,3088,2.488498
1531,3101,2.498974
1532,3097,2.495751
1533,3093,2.492527
1534,3101,2.498974
1535,3081,2.482857
1536,3089,2.489304
1537,3088,2.488498
1538,3093,2.492527
1539,3097,2.495751
1540,3093,2.492527
1541,3077,2.479634
1542,3097,2.495751
1543,3089,2.489304
1544,3089,2.489304
1545,3089,2.489304
1546,3093,2.492527
1547,3089,2.489304
1548,3088,2.488498
1549,3097,2.495751
1550,3089,2.489304
1551,3089,2.489304
1552,3093,2.492527
1553,3088,2.488498
1554,3088,2.488498
1555,3089,2.489304
1556,3089,2.489304
1557,3089,2.489304
1558,3089,2.489304
1559,3097,2.495751
1560,3101,2.498974
1561,3093,2.492527
1562,3093,2.492527
1563,3089,2.489304
1564,3088,2.488498
1565,3097,2.495751
1566,3081,2.482857
1567,3097,2.495751
1568,3093,2.492527
1569,3093,2.492527
1570,3097,2.495751
1571,3081,2.482857
1572,3089,2.489304
1573,3093,2.492527
1574,3097,2.495751
1575,3088,2.488498
1576,3089,2.489304
1577,3089,2.489304
1578,3089,2.489304
1579,3088,2.488498
1580,3089,2.489304
1581,3093,2.492527
1582,3088,2.488498
1583,3097,2.495751
1584,3093,2.492527
1585,3097,2.495751
1586,3097,2.495751
1587,3081,2.482857
1588,3077,2.479634
1589,3081,2.482857
1590,3081,2.482857
1591,3088,2.488498
1592,3097,2.495751
1593,3093,2.492527
1594,3089,2.489304
1595,3089,2.489304
1596,3089,2.489304
1597,3081,2.482857
1598,3093,2.492527
1599,3081,2.482857
1600,3089,2.489304
1601,3081,2.482857
1602,3089,2.489304
1603,3097,2.495751
1604,3077,2.479634
1605,3093,2.492527
1606,3097,2.495751
1607,3089,2.489304
1608,3081,2.482857
1609,3089,2.489304
1610,3088,2.488498
1611,3093,2.492527
1612,3101,2.498974
1613,3081,2.482857
1614,3093,2.492527
1615,3088,2.488498
1616,3089,2.489304
1617,3089,2.489304
1618,3081,2.482857
1619,3093,2.492527
1620,3093,2.492527
1621,3088,2.488498
1622,3089,2.489304
1623,3088,2.488498
1624,3088,2.488498
1625,3093,2.492527
1626,3089,2.489304
1627,3088,2.488498
1628,3081,2.482857
1629,3088,2.488498
1630,3089,2.489304
1631,3077,2.479634
1632,3089,2.489304
1633,3089,2.489304
1634,3077,2.479634
1635,3089,2.489304
1636,3088,2.488498
1637,3089,2.489304
1638,3093,2.492527
1639,3089,2.489304
1640,3081,2.482857
1641,3088,2.488498
1642,3088,2.488498
1643,3088,2.488498
1644,3089,2.489304
1645,3089,2.489304
1646,3089,2.489304
1647,3089,2.489304
1648,3081,2.482857
1649,3088,2.488498
1650,3089,2.489304
1651,3081,2.482857
1652,3088,2.488498
1653,3088,2.488498
1654,3088,2.488498
1655,3081,2.482857
1656,3073,2.476410
1657,3081,2.482857
1658,3081,2.482857
1659,3081,2.482857
1660,3093,2.492527
1661,3093,2.492527
1662,3081,2.482857
1663,3089,2.489304
1664,3088,2.488498
1665,3089,2.489304
1666,3089,2.489304
1667,3081,2.482857
1668,3077,2.479634
1669,3088,2.488498
1670,3089,2.489304
1671,3088,2.488498
1672,3088,2.488498
1673,3088,2.488498
1674,3089,2.489304
1675,3089,2.489304
1676,3081,2.482857
1677,3081,2.482857
1678,3081,2.482857
1679,3081,2.482857
1680,3089,2.489304
1681,3088,2.488498
1682,3081,2.482857
1683,3089,2.489304
1684,3088,2.488498
1685,3077,2.479634
1686,3089,2.489304
1687,3073,2.476410
1688,3088,2.488498
1689,3077,2.479634
1690,3088,2.488498
1691,3077,2.479634
1692,3081,2.482857
1693,3077,2.479634
1694,3089,2.489304
1695,3089,2.489304
1696,3081,2.482857
1697,3081,2.482857
1698,3089,2.489304
1699,3081,2.482857
1700,3088,2.488498
1701,3081,2.482857
1702,3073,2.476410
1703,3081,2.482857
1704,3089,2.489304
1705,3081,2.482857
1706,3073,2.476410
1707,3077,2.479634
1708,3073,2.476410
1709,3077,2.479634
1710,3088,2.488498
1711,3077,2.479634
1712,3073,2.476410
1713,3081,2.482857
1714,3077,2.479634
1715,3089,2.489304
1716,3077,2.479634
1717,3088,2.488498
1718,3077,2.479634
1719,3073,2.476410
1720,3072,2.475604
1721,3072,2.475604
1722,3077,2.479634
1723,3077,2.479634
1724,3081,2.482857
1725,3081,2.482857
1726,3081,2.482857
1727,3077,2.479634
1728,3081,2.482857
1729,3077,2.479634
1730,3081,2.482857
1731,3073,2.476410
1732,3077,2.479634
1733,3073,2.476410
1734,3077,2.479634
1735,3072,2.475604
1736,3077,2.479634
1737,3088,2.488498
1738,3081,2.482857
1739,3072,2.475604
1740,3073,2.476410
1741,3073,2.476410
1742,3077,2.479634
1743,3077,2.479634
1744,3072,2.475604
1745,3072,2.475604
1746,3072,2.475604
1747,3073,2.476410
1748,3077,2.479634
1749,3072,2.475604
1750,3073,2.476410
1751,3081,2.482857
1752,3072,2.475604
1753,3072,2.475604
1754,3073,2.476410
1755,3073,2.476410
1756,3072,2.475604
1757,3081,2.482857
1758,3072,2.475604
1759,3073,2.476410
1760,3072,2.475604
1761,3072,2.475604
1762,3072,2.475604
1763,3077,2.479634
1764,3072,2.475604
1765,3072,2.475604
1766,3073,2.476410
1767,3072,2.475604
1768,3072,2.475604
1769,3072,2.475604
1770,3072,2.475604
1771,3077,2.479634
1772,3072,2.475604
1773,3073,2.476410
1774,3072,2.475604
1775,3073,2.476410
1776,3073,2.476410
1777,3072,2.475604
1778,3072,2.475604
1779,3072,2.475604
1780,3077,2.479634
1781,3072,2.475604
1782,3073,2.476410
1783,3072,2.475604
1784,3073,2.476410
1785,3077,2.479634
1786,3072,2.475604
1787,3072,2.475604
1788,3077,2.479634
1789,3072,2.475604
1790,3081,2.482857
1791,3072,2.475604
1792,3073,2.476410
1793,3072,2.475604
1794,3072,2.475604
1795,3077,2.479634
1796,3049,2.457070
1797,3072,2.475604
1798,3072,2.475604
1799,3072,2.475604
1800,3072,2.475604
1801,3072,2.475604
1802,3073,2.476410
1803,3072,2.475604
1804,3072,2.475604
1805,3072,2.475604
1806,3072,2.475604
1807,3072,2.475604
1808,3072,2.475604
1809,3072,2.475604
1810,3072,2.475604
1811,3077,2.479634
1812,3072,2.475604
1813,3072,2.475604
1814,3072,2.475604
1815,3072,2.475604
1816,3073,2.476410
1817,3072,2.475604
1818,3072,2.475604
1819,3072,2.475604
1820,3072,2.475604
1821,3072,2.475604
1822,3072,2.475604
1823,3072,2.475604
1824,3072,2.475604
1825,3072,2.475604
1826,3057,2.463516
1827,3049,2.457070
1828,3072,2.475604
1829,3072,2.475604
1830,3073,2.476410
1831,3073,2.476410
1832,3072,2.475604
1833,3056,2.462711
1834,3056,2.462711
1835,3072,2.475604
1836,3072,2.475604
1837,3072,2.475604
1838,3072,2.475604
1839,3072,2.475604
1840,3072,2.475604
1841,3072,2.475604
1842,3072,2.475604
1843,3049,2.457070
1844,3072,2.475604
1845,3072,2.475604
1846,3072,2.475604
1847,3072,2.475604
1848,3072,2.475604
1849,3081,2.482857
1850,3073,2.476410
1851,3072,2.475604
1852,3072,2.475604
1853,3072,2.475604
1854,3072,2.475604
1855,3072,2.475604
1856,3072,2.475604
1857,3072,2.475604
1858,3072,2.475604
1859,3072,2.475604
1860,3072,2.475604
1861,3072,2.475604
1862,3072,2.475604
1863,3072,2.475604
1864,3072,2.475604
1865,3056,2.462711
1866,3072,2.475604
1867,3056,2.462711
1868,3072,2.475604
1869,3072,2.475604
1870,3072,2.475604
1871,3072,2.475604
1872,3072,2.475604
1873,3088,2.488498
1874,3077,2.479634
1875,3072,2.475604
1876,3073,2.476410
1877,3072,2.475604
1878,3073,2.476410
1879,3072,2.475604
1880,3072,2.475604
1881,3073,2.476410
1882,3072,2.475604
1883,3072,2.475604
1884,3073,2.476410
1885,3072,2.475604
1886,3072,2.475604
1887,3072,2.475604
1888,3072,2.475604
1889,3073,2.476410
1890,3072,2.475604
1891,3073,2.476410
1892,3073,2.476410
1893,3072,2.475604
1894,3072,2.475604
1895,3072,2.475604
1896,3073,2.476410
1897,3072,2.475604
1898,3073,2.476410
1899,3072,2.475604
1900,3072,2.475604
1901,3081,2.482857
1902,3081,2.482857
1903,3081,2.482857
1904,3072,2.475604
1905,3072,2.475604
1906,3072,2.475604
1907,3072,2.475604
1908,3072,2.475604
1909,3073,2.476410
1910,3081,2.482857
1911,3072,2.475604
1912,3073,2.476410
1913,3073,2.476410
1914,3081,2.482857
1915,3073,2.476410
1916,3072,2.475604
1917,3073,2.476410
1918,3073,2.476410
1919,3081,2.482857
1920,3073,2.476410
1921,3081,2.482857
1922,3077,2.479634
1923,3073,2.476410
1924,3073,2.476410
1925,3073,2.476410
1926,3073,2.476410
1927,3073,2.476410
1928,3072,2.475604
1929,3073,2.476410
1930,3073,2.476410
1931,3081,2.482857
1932,3073,2.476410
1933,3073,2.476410
1934,3077,2.479634
1935,3073,2.476410
1936,3088,2.488498
1937,3073,2.476410
1938,3073,2.476410
1939,3081,2.482857
1940,3081,2.482857
1941,3072,2.475604
1942,3081,2.482857
1943,3077,2.479634
1944,3077,2.479634
1945,3073,2.476410
1946,3072,2.475604
1947,3072,2.475604
1948,3073,2.476410
1949,3073,2.476410
1950,3081,2.482857
1951,3072,2.475604
1952,3089,2.489304
1953,3072,2.475604
1954,3081,2.482857
1955,3072,2.475604
1956,3073,2.476410
1957,3073,2.476410
1958,3072,2.475604
1959,3072,2.475604
1960,3088,2.488498
1961,3073,2.476410
1962,3073,2.476410
1963,3072,2.475604
1964,3081,2.482857
1965,3072,2.475604
1966,3077,2.479634
1967,3077,2.479634
1968,3072,2.475604
1969,3081,2.482857
1970,3081,2.482857
1971,3072,2.475604
1972,3077,2.479634
1973,3073,2.476410
1974,3072,2.475604
1975,3073,2.476410
1976,3073,2.476410
1977,3073,2.476410
1978,3077,2.479634
1979,3077,2.479634
1980,3072,2.475604
1981,3077,2.479634
1982,3072,2.475604
1983,3073,2.476410
1984,3072,2.475604
1985,3073,2.476410
1986,3077,2.479634
1987,3073,2.476410
1988,3073,2.476410
1989,3072,2.475604
1990,3088,2.488498
1991,3073,2.476410
1992,3077,2.479634
1993,3073,2.476410
1994,3073,2.476410
1995,3072,2.475604
1996,3077,2.479634
1997,3072,2.475604
1998,3072,2.475604
1999,3072,2.475604
2000,3072,2.475604
2001,3072,2.475604
2002,3077,2.479634
2003,3072,2.475604
2004,3077,2.479634
2005,3072,2.475604
2006,3081,2.482857
2007,3072,2.475604
2008,3073,2.476410
2009,3073,2.476410
2010,3081,2.482857
2011,3072,2.475604
2012,3077,2.479634
2013,3073,2.476410
2014,3072,2.475604
2015,3073,2.476410
2016,3072,2.475604
2017,3072,2.475604
2018,3072,2.475604
2019,3073,2.476410
2020,3072,2.475604
2021,3073,2.476410
2022,3072,2.475604
2023,3072,2.475604
2024,3077,2.479634
2025,3073,2.476410
2026,3072,2.475604
2027,3081,2.482857
2028,3072,2.475604
2029,3072,2.475604
2030,3056,2.462711
2031,3073,2.476410
2032,3072,2.475604
2033,3072,2.475604
2034,3072,2.475604
2035,3072,2.475604
2036,3072,2.475604
2037,3073,2.476410
2038,3072,2.475604
2039,3072,2.475604
2040,3072,2.475604
2041,3072,2.475604
2042,3072,2.475604
2043,3077,2.479634
2044,3072,2.475604
2045,3072,2.475604
2046,3073,2.476410
2047,3056,2.462711
2048,3072,2.475604
2049,3072,2.475604
2050,3072,2.475604
2051,3073,2.476410
2052,3073,2.476410
2053,3057,2.463516
2054,3072,2.475604
2055,3072,2.475604
2056,3073,2.476410
2057,3072,2.475604
2058,3072,2.475604
2059,3072,2.475604
2060,3072,2.475604
2061,3072,2.475604
2062,3072,2.475604
2063,3072,2.475604
2064,3072,2.475604
2065,3072,2.475604
2066,3072,2.475604
2067,3049,2.457070
2068,3072,2.475604
2069,3072,2.475604
2070,3072,2.475604
2071,3072,2.475604
2072,3073,2.476410
2073,3072,2.475604
2074,3056,2.462711
2075,3072,2.475604
2076,3072,2.475604
2077,3072,2.475604
2078,3072,2.475604
2079,3073,2.476410
2080,3072,2.475604
2081,3072,2.475604
2082,3072,2.475604
2083,3072,2.475604
2084,3077,2.479634
2085,3072,2.475604
2086,3072,2.475604
2087,3072,2.475604
2088,3072,2.475604
2089,3072,2.475604
2090,3072,2.475604
2091,3072,2.475604
2092,3072,2.475604
2093,3072,2.475604
2094,3072,2.475604
2095,3077,2.479634
2096,3072,2.475604
2097,3072,2.475604
2098,3073,2.476410
2099,3081,2.482857
2100,3072,2.475604
2101,3073,2.476410
2102,3077,2.479634
2103,3072,2.475604
2104,3073,2.476410
2105,3072,2.475604
2106,3073,2.476410
2107,3072,2.475604
2108,3072,2.475604
2109,3088,2.488498
2110,3073,2.476410
2111,3072,2.475604
2112,3081,2.482857
2113,3072,2.475604
2114,3077,2.479634
2115,3073,2.476410
2116,3072,2.475604
2117,3088,2.488498
2118,3072,2.475604
2119,3073,2.476410
2120,3073,2.476410
2121,3077,2.479634
2122,3073,2.476410
2123,3073,2.476410
2124,3072,2.475604
2125,3072,2.475604
2126,3081,2.482857
2127,3073,2.476410
2128,3077,2.479634
2129,3088,2.488498
2130,3073,2.476410
2131,3073,2.476410
2132,3081,2.482857
2133,3081,2.482857
2134,3077,2.479634
2135,3073,2.476410
2136,3073,2.476410
2137,3081,2.482857
2138,3077,2.479634
2139,3072,2.475604
2140,3081,2.482857
2141,3077,2.479634
2142,3072,2.475604
2143,3077,2.479634
2144,3088,2.488498
2145,3073,2.476410
2146,3073,2.476410
2147,3073,2.476410
2148,3081,2.482857
2149,3073,2.476410
2150,3081,2.482857
2151,3081,2.482857
2152,3081,2.482857
2153,3089,2.489304
2154,3073,2.476410
2155,3088,2.488498
2156,3077,2.479634
2157,3077,2.479634
2158,3081,2.482857
2159,3088,2.488498
2160,3077,2.479634
2161,3088,2.488498
2162,3081,2.482857
2163,3088,2.488498
2164,3077,2.479634
2165,3081,2.482857
2166,3089,2.489304
2167,3073,2.476410
2168,3077,2.479634
2169,3088,2.488498
2170,3093,2.492527
2171,3088,2.488498
2172,3073,2.476410
2173,3088,2.488498
2174,3081,2.482857
2175,3088,2.488498
2176,3081,2.482857
2177,3089,2.489304
2178,3089,2.489304
2179,3088,2.488498
2180,3077,2.479634
2181,3081,2.482857
2182,3088,2.488498
2183,3089,2.489304
2184,3089,2.489304
2185,3081,2.482857
2186,3077,2.479634
2187,3088,2.488498
2188,3089,2.489304
2189,3093,2.492527
2190,3077,2.479634
2191,3088,2.488498
2192,3093,2.492527
2193,3088,2.488498
2194,3081,2.482857
2195,3088,2.488498
2196,3077,2.479634
2197,3077,2.479634
2198,3089,2.489304
2199,3081,2.482857
2200,3081,2.482857
2201,3081,2.482857
2202,3093,2.492527
2203,3081,2.482857
2204,3093,2.492527
2205,3088,2.488498
2206,3081,2.482857
2207,3088,2.488498
2208,3077,2.479634
2209,3081,2.482857
2210,3081,2.482857
2211,3077,2.479634
2212,3081,2.482857
2213,3093,2.492527
2214,3089,2.489304
2215,3081,2.482857
2216,3088,2.488498
2217,3081,2.482857
2218,3081,2.482857
2219,3077,2.479634
2220,3093,2.492527
2221,3093,2.492527
2222,3088,2.488498
2223,3081,2.482857
2224,3073,2.476410
2225,3073,2.476410
2226,3089,2.489304
2227,3073,2.476410
2228,3077,2.479634
2229,3073,2.476410
2230,3081,2.482857
2231,3072,2.475604
2232,3081,2.482857
2233,3073,2.476410
2234,3077,2.479634
2235,3077,2.479634
2236,3072,2.475604
2237,3073,2.476410
2238,3073,2.476410
2239,3072,2.475604
2240,3072,2.475604
2241,3073,2.476410
2242,3073,2.476410
2243,3072,2.475604
2244,3081,2.482857
2245,3072,2.475604
2246,3072,2.475604
2247,3072,2.475604
2248,3072,2.475604
2249,3072,2.475604
2250,3072,2.475604
2251,3073,2.476410
2252,3072,2.475604
2253,3072,2.475604
2254,3072,2.475604
2255,3045,2.453846
2256,3049,2.457070
2257,3072,2.475604
2258,3045,2.453846
2259,3037,2.447399
2260,3045,2.453846
2261,3037,2.447399
2262,3049,2.457070
2263,3045,2.453846
2264,3037,2.447399
2265,3033,2.444176
2266,3037,2.447399
2267,3041,2.450623
2268,3045,2.453846
2269,3025,2.437729
2270,3033,2.444176
2271,3025,2.437729
2272,3029,2.440952
2273,3029,2.440952
2274,3037,2.447399
2275,3029,2.440952
2276,3029,2.440952
2277,3013,2.428059
2278,3025,2.437729
2279,3024,2.436923
2280,3017,2.431282
2281,3013,2.428059
2282,3013,2.428059
2283,3024,2.436923
2284,3024,2.436923
2285,3017,2.431282
2286,3013,2.428059
2287,2997,2.415165
2288,3009,2.424835
2289,3017,2.431282
2290,3008,2.424029
2291,3001,2.418388
2292,2997,2.415165
2293,2992,2.411136
2294,2993,2.411941
2295,2993,2.411941
2296,2989,2.408718
2297,2992,2.411136
2298,2981,2.402271
2299,2985,2.405495
2300,2981,2.402271
2301,2973,2.395824
2302,2973,2.395824
2303,2973,2.395824
2304,2969,2.392601
2305,2961,2.386154
2306,2965,2.389377
2307,2961,2.386154
2308,2953,2.379707
2309,2960,2.385348
2310,2961,2.386154
2311,2953,2.379707
2312,2961,2.386154
2313,2941,2.370037
2314,2941,2.370037
2315,2937,2.366813
2316,2945,2.373260
2317,2933,2.363590
2318,2917,2.350696
2319,2929,2.360366
2320,2937,2.366813
2321,2921,2.353919
2322,2925,2.357143
2323,2917,2.350696
2324,2929,2.360366
2325,2921,2.353919
2326,2909,2.344249
2327,2928,2.359560
2328,2921,2.353919
2329,2921,2.353919
2330,2917,2.350696
2331,2921,2.353919
2332,2909,2.344249
2333,2909,2.344249
2334,2917,2.350696
2335,2909,2.344249
2336,2917,2.350696
2337,2909,2.344249
2338,2909,2.344249
2339,2921,2.353919
2340,2928,2.359560
2341,2921,2.353919
2342,2917,2.350696
2343,2917,2.350696
2344,2929,2.360366
2345,2929,2.360366
2346,2928,2.359560
2347,2929,2.360366
2348,2941,2.370037
2349,2929,2.360366
2350,2949,2.376484
2351,2945,2.373260
2352,2941,2.370037
2353,2945,2.373260
2354,2953,2.379707
2355,2960,2.385348
2356,2953,2.379707
2357,2973,2.395824
2358,2977,2.399048
2359,2969,2.392601
2360,2973,2.395824
2361,2969,2.392601
2362,2985,2.405495
2363,2969,2.392601
2364,2981,2.402271
2365,2985,2.405495
2366,2985,2.405495
2367,2985,2.405495
2368,2992,2.411136
2369,2993,2.411941
2370,2997,2.415165
2371,2993,2.411941
2372,3017,2.431282
2373,3013,2.428059
2374,3009,2.424835
2375,3013,2.428059
2376,3024,2.436923
2377,3017,2.431282
2378,3025,2.437729
2379,3025,2.437729
2380,3025,2.437729
2381,3024,2.436923
2382,3029,2.440952
2383,3037,2.447399
2384,3033,2.444176
2385,3037,2.447399
2386,3049,2.457070
2387,3037,2.447399
2388,3049,2.457070
2389,3056,2.462711
2390,3049,2.457070
2391,3072,2.475604
2392,3072,2.475604
2393,3072,2.475604
2394,3072,2.475604
2395,3072,2.475604
2396,3072,2.475604
2397,3072,2.475604
2398,3072,2.475604
2399,3072,2.475604
2400,3073,2.476410
2401,3077,2.479634
2402,3073,2.476410
2403,3077,2.479634
2404,3077,2.479634
2405,3077,2.479634
2406,3072,2.475604
2407,3088,2.488498
2408,3088,2.488498
2409,3073,2.476410
2410,3077,2.479634
2411,3081,2.482857
2412,3101,2.498974
2413,3073,2.476410
2414,3077,2.479634
2415,3088,2.488498
2416,3097,2.495751
2417,3088,2.488498
2418,3081,2.482857
2419,3093,2.492527
2420,3093,2.492527
2421,3088,2.488498
2422,3089,2.489304
2423,3097,2.495751
2424,3097,2.495751
2425,3093,2.492527
2426,3097,2.495751
2427,3093,2.492527
2428,3093,2.492527
2429,3089,2.489304
2430,3093,2.492527
2431,3097,2.495751
2432,3097,2.495751
2433,3101,2.498974
2434,3097,2.495751
2435,3101,2.498974
2436,3101,2.498974
2437,3109,2.505421
2438,3109,2.505421
2439,3101,2.498974
2440,3109,2.505421
2441,3101,2.498974
2442,3097,2.495751
2443,3101,2.498974
2444,3120,2.514286
2445,3109,2.505421
2446,3120,2.514286
2447,3097,2.495751
2448,3101,2.498974
2449,3109,2.505421
2450,3101,2.498974
2451,3113,2.508645
2452,3113,2.508645
2453,3113,2.508645
2454,3120,2.514286
2455,3120,2.514286
2456,3109,2.505421
2457,3101,2.498974
2458,3109,2.505421
2459,3101,2.498974
2460,3105,2.502198
2461,3113,2.508645
2462,3101,2.498974
2463,3109,2.505421
2464,3101,2.498974
2465,3105,2.502198
2466,3120,2.514286
2467,3113,2.508645
2468,3113,2.508645
2469,3120,2.514286
2470,3105,2.502198
2471,3101,2.498974
2472,3109,2.505421
2473,3120,2.514286
2474,3120,2.514286
2475,3129,2.521538
2476,3109,2.505421
2477,3113,2.508645
2478,3113,2.508645
2479,3121,2.515092
2480,3105,2.502198
2481,3120,2.514286
2482,3120,2.514286
2483,3120,2.514286
2484,3121,2.515092
2485,3121,2.515092
2486,3113,2.508645
2487,3120,2.514286
2488,3121,2.515092
2489,3129,2.521538
2490,3121,2.515092
2491,3120,2.514286
2492,3101,2.498974
2493,3120,2.514286
2494,3113,2.508645
2495,3113,2.508645
2496,3120,2.514286
2497,3121,2.515092
2498,3109,2.505421
2499,3121,2.515092
2500,3113,2.508645
2501,3113,2.508645
2502,3105,2.502198
2503,3105,2.502198
2504,3105,2.502198
2505,3113,2.508645
2506,3120,2.514286
2507,3120,2.514286
2508,3113,2.508645
2509,3113,2.508645
2510,3120,2.514286
2511,3121,2.515092
2512,3120,2.514286
2513,3121,2.515092
2514,3121,2.515092
2515,3113,2.508645
2516,3109,2.505421
2517,3101,2.498974
2518,3109,2.505421
2519,3113,2.508645
2520,3113,2.508645
2521,3109,2.505421
2522,3113,2.508645
2523,3109,2.505421
2524,3109,2.505421
2525,3120,2.514286
2526,3120,2.514286
2527,3121,2.515092
2528,3129,2.521538
2529,3125,2.518315
2530,3125,2.518315
2531,3113,2.508645
2532,3125,2.518315
2533,3120,2.514286
2534,3120,2.514286
2535,3109,2.505421
2536,3113,2.508645
2537,3109,2.505421
2538,3121,2.515092
2539,3121,2.515092
2540,3121,2.515092
2541,3120,2.514286
2542,3120,2.514286
2543,3101,2.498974
2544,3109,2.505421
2545,3109,2.505421
2546,3120,2.514286
2547,3109,2.505421
2548,3113,2.508645
2549,3120,2.514286
2550,3120,2.514286
2551,3109,2.505421
2552,3113,2.508645
2553,3113,2.508645
2554,3121,2.515092
2555,3101,2.498974
2556,3105,2.502198
2557,3109,2.505421
2558,3101,2.498974
2559,3105,2.502198
2560,3121,2.515092
2561,3121,2.515092
2562,3101,2.498974
2563,3109,2.505421
2564,3113,2.508645
2565,3101,2.498974
2566,3109,2.505421
2567,3109,2.505421
2568,3120,2.514286
2569,3113,2.508645
2570,3113,2.508645
2571,3120,2.514286
2572,3120,2.514286
2573,3105,2.502198
2574,3120,2.514286
2575,3121,2.515092
2576,3109,2.505421
2577,3121,2.515092
2578,3120,2.514286
2579,3113,2.508645
2580,3109,2.505421
2581,3113,2.508645
2582,3120,2.514286
2583,3121,2.515092
2584,3101,2.498974
2585,3113,2.508645
2586,3109,2.505421
2587,3109,2.505421
2588,3101,2.498974
2589,3113,2.508645
2590,3121,2.515092
2591,3120,2.514286
2592,3109,2.505421
2593,3120,2.514286
2594,3120,2.514286
2595,3097,2.495751
2596,3113,2.508645
2597,3109,2.505421
2598,3101,2.498974
2599,3113,2.508645
2600,3113,2.508645
2601,3113,2.508645
2602,3109,2.505421
2603,3113,2.508645
2604,3109,2.505421
2605,3113,2.508645
2606,3109,2.505421
2607,3109,2.505421
2608,3120,2.514286
2609,3113,2.508645
2610,3101,2.498974
2611,3120,2.514286
2612,3120,2.514286
2613,3105,2.502198
2614,3109,2.505421
2615,3121,2.515092
2616,3101,2.498974
2617,3101,2.498974
2618,3101,2.498974
2619,3101,2.498974
2620,3109,2.505421
2621,3121,2.515092
2622,3101,2.498974
2623,3113,2.508645
2624,3101,2.498974
2625,3097,2.495751
2626,3121,2.515092
2627,3120,2.514286
2628,3120,2.514286
2629,3105,2.502198
2630,3113,2.508645
2631,3101,2.498974
2632,3105,2.502198
2633,3097,2.495751
2634,3113,2.508645
2635,3109,2.505421
2636,3113,2.508645
2637,3109,2.505421
2638,3101,2.498974
2639,3109,2.505421
2640,3105,2.502198
2641,3101,2.498974
2642,3097,2.495751
2643,3109,2.505421
2644,3120,2.514286
2645,3113,2.508645
2646,3109,2.505421
2647,3113,2.508645
2648,3101,2.498974
2649,3097,2.495751
2650,3113,2.508645
2651,3109,2.505421
2652,3101,2.498974
2653,3101,2.498974
2654,3109,2.505421
2655,3101,2.498974
2656,3109,2.505421
2657,3121,2.515092
2658,3109,2.505421
2659,3120,2.514286
2660,3113,2.508645
2661,3101,2.498974
2662,3113,2.508645
2663,3101,2.498974
2664,3105,2.502198
2665,3097,2.495751
2666,3101,2.498974
2667,3101,2.498974
2668,3113,2.508645
2669,3101,2.498974
2670,3109,2.505421
2671,3101,2.498974
2672,3105,2.502198
2673,3101,2.498974
2674,3101,2.498974
2675,3101,2.498974
2676,3120,2.514286
2677,3121,2.515092
2678,3109,2.505421
2679,3120,2.514286
2680,3101,2.498974
2681,3109,2.505421
2682,3105,2.502198
2683,3105,2.502198
2684,3101,2.498974
2685,3093,2.492527
2686,3097,2.495751
2687,3101,2.498974
2688,3101,2.498974
2689,3113,2.508645
2690,3120,2.514286
2691,3113,2.508645
2692,3101,2.498974
2693,3109,2.505421
2694,3113,2.508645
2695,3109,2.505421
2696,3101,2.498974
2697,3101,2.498974
2698,3113,2.508645
2699,3101,2.498974
2700,3109,2.505421
2701,3093,2.492527
2702,3113,2.508645
2703,3101,2.498974
2704,3113,2.508645
2705,3120,2.514286
2706,3105,2.502198
2707,3097,2.495751
2708,3113,2.508645
2709,3101,2.498974
2710,3113,2.508645
2711,3097,2.495751
2712,3101,2.498974
2713,3113,2.508645
2714,3097,2.495751
2715,3120,2.514286
2716,3109,2.505421
2717,3109,2.505421
2718,3101,2.498974
2719,3097,2.495751
2720,3101,2.498974
2721,3109,2.505421
2722,3113,2.508645
2723,3101,2.498974
2724,3109,2.505421
2725,3101,2.498974
2726,3097,2.495751
2727,3097,2.495751
2728,3109,2.505421
2729,3101,2.498974
2730,3101,2.498974
2731,3101,2.498974
2732,3105,2.502198
2733,3097,2.495751
2734,3105,2.502198
2735,3105,2.502198
2736,3121,2.515092
2737,3101,2.498974
2738,3113,2.508645
2739,3101,2.498974
2740,3101,2.498974
2741,3113,2.508645
2742,3105,2.502198
2743,3105,2.502198
2744,3101,2.498974
2745,3093,2.492527
2746,3101,2.498974
2747,3101,2.498974
2748,3101,2.498974
2749,3113,2.508645
2750,3101,2.498974
2751,3093,2.492527
2752,3101,2.498974
2753,3097,2.495751
2754,3113,2.508645
2755,3101,2.498974
2756,3101,2.498974
2757,3097,2.495751
2758,3101,2.498974
2759,3113,2.508645
2760,3109,2.505421
2761,3089,2.489304
2762,3109,2.505421
2763,3109,2.505421
2764,3101,2.498974
2765,3101,2.498974
2766,3097,2.495751
2767,3105,2.502198
2768,3109,2.505421
2769,3097,2.495751
2770,3097,2.495751
2771,3113,2.508645
2772,3109,2.505421
2773,3101,2.498974
2774,3113,2.508645
2775,3101,2.498974
2776,3121,2.515092
2777,3097,2.495751
2778,3109,2.505421
2779,3101,2.498974
2780,3105,2.502198
2781,3101,2.498974
2782,3105,2.502198
2783,3097,2.495751
2784,3101,2.498974
2785,3101,2.498974
2786,3101,2.498974
2787,3101,2.498974
2788,3101,2.498974
2789,3113,2.508645
2790,3109,2.505421
2791,3101,2.498974
2792,3101,2.498974
2793,3113,2.508645
2794,3101,2.498974
2795,3101,2.498974
2796,3113,2.508645
2797,3101,2.498974
2798,3101,2.498974
2799,3113,2.508645
2800,3101,2.498974
2801,3097,2.495751
2802,3109,2.505421
2803,3101,2.498974
2804,3101,2.498974
2805,3101,2.498974
2806,3109,2.505421
2807,3093,2.492527
2808,3097,2.495751
2809,3097,2.495751
2810,3101,2.498974
2811,3109,2.505421
2812,3097,2.495751
2813,3109,2.505421
2814,3113,2.508645
2815,3101,2.498974
2816,3101,2.498974
2817,3101,2.498974
2818,3105,2.502198
2819,3101,2.498974
2820,3101,2.498974
2821,3097,2.495751
2822,3105,2.502198
2823,3105,2.502198
2824,3101,2.498974
2825,3101,2.498974
2826,3097,2.495751
2827,3101,2.498974
2828,3101,2.498974
2829,3113,2.508645
2830,3097,2.495751
2831,3113,2.508645
2832,3101,2.498974
2833,3105,2.502198
2834,3105,2.502198
2835,3109,2.505421
2836,3105,2.502198
2837,3097,2.495751
2838,3109,2.505421
2839,3101,2.498974
2840,3101,2.498974
2841,3101,2.498974
2842,3101,2.498974
2843,3101,2.498974
2844,3097,2.495751
2845,3093,2.492527
2846,3101,2.498974
2847,3105,2.502198
2848,3109,2.505421
2849,3105,2.502198
2850,3101,2.498974
2851,3101,2.498974
2852,3101,2.498974
2853,3089,2.489304
2854,3101,2.498974
2855,3097,2.495751
2856,3101,2.498974
2857,3101,2.498974
2858,3113,2.508645
2859,3093,2.492527
2860,3097,2.495751
2861,3101,2.498974
2862,3097,2.495751
2863,3101,2.498974
2864,3101,2.498974
2865,3109,2.505421
2866,3105,2.502198
2867,3093,2.492527
2868,3101,2.498974
2869,3097,2.495751
2870,3113,2.508645
2871,3089,2.489304
2872,3093,2.492527
2873,3101,2.498974
2874,3101,2.498974
2875,3101,2.498974
2876,3113,2.508645
2877,3101,2.498974
2878,3101,2.498974
2879,3109,2.505421
2880,3097,2.495751
2881,3093,2.492527
2882,3101,2.498974
2883,3097,2.495751
2884,3113,2.508645
2885,3101,2.498974
2886,3101,2.498974
2887,3097,2.495751
2888,3109,2.505421
2889,3093,2.492527
2890,3101,2.498974
2891,3101,2.498974
2892,3097,2.495751
2893,3101,2.498974
2894,3097,2.495751
2895,3101,2.498974
2896,3101,2.498974
2897,3089,2.489304
2898,3101,2.498974
2899,3097,2.495751
2900,3113,2.508645
2901,3109,2.505421
2902,3101,2.498974
2903,3097,2.495751
2904,3097,2.495751
2905,3101,2.498974
2906,3097,2.495751
2907,3101,2.498974
2908,3101,2.498974
2909,3101,2.498974
2910,3109,2.505421
2911,3101,2.498974
2912,3093,2.492527
2913,3097,2.495751
2914,3093,2.492527
2915,3093,2.492527
2916,3097,2.495751
2917,3097,2.495751
2918,3093,2.492527
2919,3097,2.495751
2920,3105,2.502198
2921,3101,2.498974
2922,3101,2.498974
2923,3093,2.492527
2924,3101,2.498974
2925,3097,2.495751
2926,3101,2.498974
2927,3097,2.495751
2928,3101,2.498974
2929,3101,2.498974
2930,3105,2.502198
2931,3101,2.498974
2932,3093,2.492527
2933,3101,2.498974
2934,3101,2.498974
2935,3097,2.495751
2936,3101,2.498974
2937,3101,2.498974
2938,3101,2.498974
2939,3089,2.489304
2940,3097,2.495751
2941,3101,2.498974
2942,3101,2.498974
2943,3101,2.498974
2944,3101,2.498974
2945,3097,2.495751
2946,3097,2.495751
2947,3097,2.495751
2948,3105,2.502198
2949,3105,2.502198
2950,3089,2.489304
2951,3089,2.489304
2952,3097,2.495751
2953,3097,2.495751
2954,3097,2.495751
2955,3093,2.492527
2956,3093,2.492527
2957,3101,2.498974
2958,3101,2.498974
2959,3093,2.492527
2960,3097,2.495751
2961,3097,2.495751
2962,3113,2.508645
2963,3097,2.495751
2964,3089,2.489304
2965,3101,2.498974
2966,3101,2.498974
2967,3093,2.492527
2968,3089,2.489304
2969,3101,2.498974
2970,3097,2.495751
2971,3093,2.492527
2972,3093,2.492527
2973,3093,2.492527
2974,3097,2.495751
2975,3089,2.489304
2976,3089,2.489304
2977,3101,2.498974
2978,3101,2.498974
2979,3101,2.498974
2980,3097,2.495751
2981,3089,2.489304
2982,3101,2.498974
2983,3093,2.492527
2984,3109,2.505421
2985,3097,2.495751
2986,3101,2.498974
2987,3089,2.489304
2988,3081,2.482857
2989,3089,2.489304
2990,3101,2.498974
2991,3097,2.495751
2992,3081,2.482857
2993,3081,2.482857
2994,3081,2.482857
2995,3093,2.492527
2996,3089,2.489304
2997,3089,2.489304
2998,3093,2.492527
2999,3093,2.492527
3000,3088,2.488498
3001,3101,2.498974
3002,3101,2.498974
3003,3093,2.492527
3004,3089,2.489304
3005,3089,2.489304
3006,3088,2.488498
3007,3093,2.492527
3008,3093,2.492527
3009,3081,2.482857
3010,3089,2.489304
3011,3101,2.498974
3012,3089,2.489304
3013,3101,2.498974
3014,3089,2.489304
3015,3081,2.482857
3016,3089,2.489304
3017,3081,2.482857
3018,3097,2.495751
3019,3089,2.489304
3020,3088,2.488498
3021,3097,2.495751
3022,3077,2.479634
3023,3089,2.489304
3024,3089,2.489304
3025,3088,2.488498
3026,3077,2.479634
3027,3097,2.495751
3028,3088,2.488498
3029,3081,2.482857
3030,3089,2.489304
3031,3088,2.488498
3032,3088,2.488498
3033,3089,2.489304
3034,3088,2.488498
3035,3073,2.476410
3036,3081,2.482857
3037,3088,2.488498
3038,3089,2.489304
3039,3081,2.482857
3040,3088,2.488498
3041,3081,2.482857
3042,3088,2.488498
3043,3093,2.492527
3044,3077,2.479634
3045,3089,2.489304
3046,3081,2.482857
3047,3081,2.482857
3048,3088,2.488498
3049,3089,2.489304
3050,3088,2.488498
3051,3088,2.488498
3052,3089,2.489304
3053,3081,2.482857
3054,3093,2.492527
3055,3077,2.479634
3056,3088,2.488498
3057,3077,2.479634
3058,3072,2.475604
3059,3081,2.482857
3060,3089,2.489304
3061,3081,2.482857
3062,3077,2.479634
3063,3077,2.479634
3064,3088,2.488498
3065,3081,2.482857
3066,3088,2.488498
3067,3088,2.488498
3068,3077,2.479634
3069,3089,2.489304
3070,3073,2.476410
3071,3077,2.479634
3072,3089,2.489304
3073,3081,2.482857
3074,3073,2.476410
3075,3081,2.482857
3076,3088,2.488498
3077,3077,2.479634
3078,3081,2.482857
3079,3073,2.476410
3080,3081,2.482857
3081,3081,2.482857
3082,3077,2.479634
3083,3077,2.479634
3084,3077,2.479634
3085,3073,2.476410
3086,3072,2.475604
3087,3077,2.479634
3088,3081,2.482857
3089,3072,2.475604
3090,3073,2.476410
3091,3077,2.479634
3092,3073,2.476410
3093,3073,2.476410
3094,3073,2.476410
3095,3073,2.476410
3096,3073,2.476410
3097,3072,2.475604
3098,3073,2.476410
3099,3072,2.475604
3100,3072,2.475604
3101,3073,2.476410
3102,3073,2.476410
3103,3073,2.476410
3104,3072,2.475604
3105,3072,2.475604
3106,3073,2.476410
3107,3072,2.475604
3108,3073,2.476410
3109,3072,2.475604
3110,3077,2.479634
3111,3073,2.476410
3112,3072,2.475604
3113,3073,2.476410
3114,3072,2.475604
3115,3072,2.475604
3116,3077,2.479634
3117,3072,2.475604
3118,3072,2.475604
3119,3072,2.475604
3120,3073,2.476410
3121,3072,2.475604
3122,3073,2.476410
3123,3073,2.476410
3124,3072,2.475604
3125,3072,2.475604
3126,3072,2.475604
3127,3072,2.475604
3128,3072,2.475604
3129,3077,2.479634
3130,3077,2.479634
3131,3073,2.476410
3132,3049,2.457070
3133,3072,2.475604
3134,3072,2.475604
3135,3072,2.475604
3136,3072,2.475604
3137,3072,2.475604
3138,3072,2.475604
3139,3072,2.475604
3140,3072,2.475604
3141,3072,2.475604
3142,3056,2.462711
3143,3056,2.462711
3144,3072,2.475604
3145,3056,2.462711
3146,3072,2.475604
3147,3056,2.462711
3148,3072,2.475604
3149,3037,2.447399
3150,3072,2.475604
3151,3072,2.475604
3152,3049,2.457070
3153,3049,2.457070
3154,3072,2.475604
3155,3072,2.475604
3156,3056,2.462711
3157,3056,2.462711
3158,3053,2.460293
3159,3037,2.447399
3160,3049,2.457070
3161,3045,2.453846
3162,3049,2.457070
3163,3045,2.453846
3164,3072,2.475604
3165,3072,2.475604
3166,3037,2.447399
3167,3053,2.460293
3168,3029,2.440952
3169,3037,2.447399
3170,3045,2.453846
3171,3033,2.444176
3172,3037,2.447399
3173,3029,2.440952
3174,3045,2.453846
3175,3029,2.440952
3176,3037,2.447399
3177,3033,2.444176
3178,3037,2.447399
3179,3033,2.444176
3180,3037,2.447399
3181,3041,2.450623
3182,3037,2.447399
3183,3033,2.444176
3184,3045,2.453846
3185,3033,2.444176
3186,3037,2.447399
3187,3029,2.440952
3188,3029,2.440952
3189,3025,2.437729
3190,3024,2.436923
3191,3024,2.436923
3192,3037,2.447399
3193,3029,2.440952
3194,3025,2.437729
3195,3029,2.440952
3196,3025,2.437729
3197,3025,2.437729
3198,3033,2.444176
3199,3024,2.436923
3200,3037,2.447399
3201,3025,2.437729
3202,3029,2.440952
3203,3025,2.437729
3204,3024,2.436923
3205,3017,2.431282
3206,3025,2.437729
3207,3029,2.440952
3208,3024,2.436923
3209,3013,2.428059
3210,3025,2.437729
3211,3024,2.436923
3212,3017,2.431282
3213,3009,2.424835
3214,3013,2.428059
3215,3017,2.431282
3216,3024,2.436923
3217,3009,2.424835
3218,3001,2.418388
3219,3024,2.436923
3220,3009,2.424835
3221,3009,2.424835
3222,3008,2.424029
3223,3017,2.431282
3224,3009,2.424835
3225,3001,2.418388
3226,3008,2.424029
3227,3017,2.431282
3228,3008,2.424029
3229,3001,2.418388
3230,3005,2.421612
3231,2997,2.415165
3232,3001,2.418388
3233,2997,2.415165
3234,2997,2.415165
3235,3001,2.418388
3236,3001,2.418388
3237,3008,2.424029
3238,2997,2.415165
3239,2997,2.415165
3240,2993,2.411941
3241,3005,2.421612
3242,3001,2.418388
3243,2993,2.411941
3244,3008,2.424029
3245,2997,2.415165
3246,2997,2.415165
3247,2992,2.411136
3248,2992,2.411136
3249,2981,2.402271
3250,2985,2.405495
3251,2981,2.402271
3252,2985,2.405495
3253,2993,2.411941
3254,2993,2.411941
3255,2993,2.411941
3256,2992,2.411136
3257,2993,2.411941
3258,2997,2.415165
3259,2993,2.411941
3260,2973,2.395824
3261,2993,2.411941
3262,2985,2.405495
3263,2992,2.411136
3264,2981,2.402271
3265,2981,2.402271
3266,2981,2.402271
3267,2973,2.395824
3268,2985,2.405495
3269,2985,2.405495
3270,2977,2.399048
3271,2977,2.399048
3272,2973,2.395824
3273,2981,2.402271
3274,2973,2.395824
3275,2981,2.402271
3276,2977,2.399048
3277,2992,2.411136
3278,2981,2.402271
3279,2973,2.395824
3280,2973,2.395824
3281,2965,2.389377
3282,2973,2.395824
3283,2975,2.397436
3284,2973,2.395824
3285,2969,2.392601
3286,2973,2.395824
3287,2961,2.386154
3288,2965,2.389377
3289,2977,2.399048
3290,2973,2.395824
3291,2973,2.395824
3292,2961,2.386154
3293,2977,2.399048
3294,2969,2.392601
3295,2965,2.389377
3296,2981,2.402271
3297,2973,2.395824
3298,2961,2.386154
3299,2953,2.379707
3300,2961,2.386154
3301,2961,2.386154
3302,2960,2.385348
3303,2965,2.389377
3304,2969,2.392601
3305,2965,2.389377
3306,2973,2.395824
3307,2961,2.386154
3308,2960,2.385348
3309,2961,2.386154
3310,2973,2.395824
3311,2977,2.399048
3312,2960,2.385348
3313,2965,2.389377
3314,2961,2.386154
3315,2960,2.385348
3316,2960,2.385348
3317,2949,2.376484
3318,2961,2.386154
3319,2960,2.385348
3320,2953,2.379707
3321,2961,2.386154
3322,2953,2.379707
3323,2960,2.385348
3324,2953,2.379707
3325,2961,2.386154
3326,2961,2.386154
3327,2941,2.370037
3328,2953,2.379707
3329,2953,2.379707
3330,2949,2.376484
3331,2949,2.376484
3332,2953,2.379707
3333,2933,2.363590
3334,2941,2.370037
3335,2960,2.385348
3336,2961,2.386154
3337,2949,2.376484
3338,2960,2.385348
3339,2953,2.379707
3340,2953,2.379707
3341,2949,2.376484
3342,2949,2.376484
3343,2941,2.370037
3344,2937,2.366813
3345,2953,2.379707
3346,2960,2.385348
3347,2937,2.366813
3348,2945,2.373260
3349,2937,2.366813
3350,2953,2.379707
3351,2945,2.373260
3352,2941,2.370037
3353,2953,2.379707
3354,2941,2.370037
3355,2953,2.379707
3356,2937,2.366813
3357,2929,2.360366
3358,2937,2.366813
3359,2945,2.373260
3360,2941,2.370037
3361,2941,2.370037
3362,2941,2.370037
3363,2941,2.370037
3364,2941,2.370037
3365,2937,2.366813
3366,2941,2.370037
3367,2937,2.366813
3368,2937,2.366813
3369,2941,2.370037
3370,2929,2.360366
3371,2937,2.366813
3372,2933,2.363590
3373,2929,2.360366
3374,2929,2.360366
3375,2933,2.363590
3376,2941,2.370037
3377,2941,2.370037
3378,2937,2.366813
3379,2941,2.370037
3380,2933,2.363590
3381,2929,2.360366
3382,2941,2.370037
3383,2929,2.360366
3384,2929,2.360366
3385,2933,2.363590
3386,2941,2.370037
3387,2937,2.366813
3388,2937,2.366813
3389,2933,2.363590
3390,2933,2.363590
3391,2928,2.359560
3392,2941,2.370037
3393,2937,2.366813
3394,2937,2.366813
3395,2937,2.366813
3396,2929,2.360366
3397,2929,2.360366
3398,2928,2.359560
3399,2921,2.353919
3400,2941,2.370037
3401,2929,2.360366
3402,2921,2.353919
3403,2941,2.370037
3404,2937,2.366813
3405,2937,2.366813
3406,2929,2.360366
3407,2941,2.370037
3408,2937,2.366813
3409,2928,2.359560
3410,2928,2.359560
3411,2929,2.360366
3412,2933,2.363590
3413,2929,2.360366
3414,2933,2.363590
3415,2929,2.360366
3416,2933,2.363590
3417,2933,2.363590
3418,2928,2.359560
3419,2929,2.360366
3420,2933,2.363590
3421,2937,2.366813
3422,2929,2.360366
3423,2925,2.357143
3424,2921,2.353919
3425,2937,2.366813
3426,2933,2.363590
3427,2933,2.363590
3428,2921,2.353919
3429,2928,2.359560
3430,2933,2.363590
3431,2921,2.353919
3432,2929,2.360366
3433,2921,2.353919
3434,2928,2.359560
3435,2929,2.360366
3436,2933,2.363590
3437,2921,2.353919
3438,2929,2.360366
3439,2928,2.359560
3440,2933,2.363590
3441,2921,2.353919
3442,2928,2.359560
3443,2917,2.350696
3444,2937,2.366813
3445,2925,2.357143
3446,2928,2.359560
3447,2921,2.353919
3448,2921,2.353919
3449,2921,2.353919
3450,2929,2.360366
3451,2929,2.360366
3452,2933,2.363590
3453,2933,2.363590
3454,2921,2.353919
3455,2933,2.363590
3456,2937,2.366813
3457,2921,2.353919
3458,2929,2.360366
3459,2921,2.353919
3460,2921,2.353919
3461,2933,2.363590
3462,2937,2.366813
3463,2921,2.353919
3464,2929,2.360366
3465,2928,2.359560
3466,2921,2.353919
3467,2928,2.359560
3468,2929,2.360366
3469,2917,2.350696
3470,2928,2.359560
3471,2913,2.347473
3472,2917,2.350696
3473,2921,2.353919
3474,2928,2.359560
3475,2909,2.344249
3476,2921,2.353919
3477,2921,2.353919
3478,2917,2.350696
3479,2921,2.353919
3480,2921,2.353919
3481,2928,2.359560
3482,2917,2.350696
3483,2928,2.359560
3484,2917,2.350696
3485,2921,2.353919
3486,2909,2.344249
3487,2917,2.350696
3488,2933,2.363590
3489,2917,2.350696
3490,2929,2.360366
3491,2929,2.360366
3492,2929,2.360366
3493,2917,2.350696
3494,2909,2.344249
3495,2921,2.353919
3496,2917,2.350696
3497,2921,2.353919
3498,2917,2.350696
3499,2921,2.353919
3500,2917,2.350696
3501,2917,2.350696
3502,2917,2.350696
3503,2917,2.350696
3504,2921,2.353919
3505,2917,2.350696
3506,2913,2.347473
3507,2905,2.341026
3508,2928,2.359560
3509,2913,2.347473
3510,2917,2.350696
3511,2913,2.347473
3512,2917,2.350696
3513,2909,2.344249
3514,2928,2.359560
3515,2909,2.344249
3516,2905,2.341026
3517,2909,2.344249
3518,2917,2.350696
3519,2921,2.353919
3520,2921,2.353919
3521,2913,2.347473
3522,2928,2.359560
3523,2929,2.360366
3524,2909,2.344249
3525,2909,2.344249
3526,2929,2.360366
3527,2909,2.344249
3528,2913,2.347473
3529,2913,2.347473
3530,2921,2.353919
3531,2928,2.359560
3532,2921,2.353919
3533,2921,2.353919
3534,2921,2.353919
3535,2921,2.353919
3536,2917,2.350696
3537,2917,2.350696
3538,2909,2.344249
3539,2909,2.344249
3540,2921,2.353919
3541,2901,2.337802
3542,2913,2.347473
3543,2917,2.350696
3544,2921,2.353919
3545,2905,2.341026
3546,2921,2.353919
3547,2921,2.353919
3548,2917,2.350696
3549,2905,2.341026
3550,2921,2.353919
3551,2917,2.350696
3552,2909,2.344249
3553,2909,2.344249
3554,2909,2.344249
3555,2917,2.350696
3556,2913,2.347473
3557,2921,2.353919
3558,2917,2.350696
3559,2909,2.344249
3560,2905,2.341026
3561,2909,2.344249
3562,2909,2.344249
3563,2909,2.344249
3564,2921,2.353919
3565,2921,2.353919
3566,2909,2.344249
3567,2917,2.350696
3568,2925,2.357143
3569,2909,2.344249
3570,2909,2.344249
3571,2913,2.347473
3572,2909,2.344249
3573,2909,2.344249
3574,2909,2.344249
3575,2909,2.344249
3576,2921,2.353919
3577,2913,2.347473
3578,2917,2.350696
3579,2909,2.344249
3580,2913,2.347473
3581,2913,2.347473
3582,2909,2.344249
3583,2909,2.344249
3584,2905,2.341026
3585,2909,2.344249
3586,2909,2.344249
3587,2909,2.344249
3588,2921,2.353919
3589,2909,2.344249
3590,2909,2.344249
3591,2905,2.341026
3592,2913,2.347473
3593,2909,2.344249
3594,2909,2.344249
3595,2905,2.341026
3596,2909,2.344249
3597,2901,2.337802
3598,2909,2.344249
3599,2901,2.337802
3600,2921,2.353919
3601,2909,2.344249
3602,2909,2.344249
3603,2909,2.344249
3604,2913,2.347473
3605,2905,2.341026
3606,2905,2.341026
3607,2929,2.360366
3608,2909,2.344249
3609,2921,2.353919
3610,2921,2.353919
3611,2913,2.347473
3612,2921,2.353919
3613,2905,2.341026
3614,2917,2.350696
3615,2917,2.350696
3616,2905,2.341026
3617,2917,2.350696
3618,2909,2.344249
3619,2909,2.344249
3620,2917,2.350696
3621,2897,2.334579
3622,2917,2.350696
3623,2901,2.337802
3624,2909,2.344249
3625,2913,2.347473
3626,2917,2.350696
3627,2921,2.353919
3628,2909,2.344249
3629,2921,2.353919
3630,2913,2.347473
3631,2909,2.344249
3632,2905,2.341026
3633,2909,2.344249
3634,2896,2.333773
3635,2913,2.347473
3636,2921,2.353919
3637,2913,2.347473
3638,2909,2.344249
3639,2909,2.344249
3640,2909,2.344249
3641,2917,2.350696
3642,2909,2.344249
3643,2913,2.347473
3644,2909,2.344249
3645,2909,2.344249
3646,2901,2.337802
3647,2921,2.353919
