Pixel,ADC,VoltageV
1,3946,3.179927
2,3946,3.179927
3,3934,3.170256
4,3930,3.167033
5,3930,3.167033
6,3931,3.167839
7,3930,3.167033
8,3930,3.167033
9,3930,3.167033
10,3930,3.167033
11,3930,3.167033
12,3930,3.167033
13,3930,3.167033
14,3931,3.167839
15,3930,3.167033
16,3930,3.167033
17,3352,2.701245
18,2888,2.327326
19,2906,2.341832
20,2920,2.353114
21,2920,2.353114
22,2920,2.353114
23,2906,2.341832
24,2922,2.354725
25,2920,2.353114
26,2920,2.353114
27,2922,2.354725
28,2936,2.366007
29,2922,2.354725
30,2936,2.366007
31,2930,2.361172
32,2906,2.341832
33,2922,2.354725
34,2928,2.359560
35,2922,2.354725
36,2936,2.366007
37,2930,2.361172
38,2936,2.366007
39,2922,2.354725
40,2928,2.359560
41,2936,2.366007
42,2922,2.354725
43,2928,2.359560
44,2906,2.341832
45,2928,2.359560
46,2930,2.361172
47,2920,2.353114
48,2928,2.359560
49,2922,2.354725
50,2922,2.354725
51,2936,2.366007
52,2922,2.354725
53,2928,2.359560
54,2922,2.354725
55,2922,2.354725
56,2936,2.366007
57,2922,2.354725
58,2928,2.359560
59,2922,2.354725
60,2922,2.354725
61,2922,2.354725
62,2922,2.354725
63,2920,2.353114
64,2906,2.341832
65,2928,2.359560
66,2910,2.345055
67,2922,2.354725
68,2922,2.354725
69,2910,2.345055
70,2928,2.359560
71,2910,2.345055
72,2906,2.341832
73,2910,2.345055
74,2920,2.353114
75,2928,2.359560
76,2910,2.345055
77,2922,2.354725
78,2911,2.345861
79,2910,2.345055
80,2922,2.354725
81,2920,2.353114
82,2920,2.353114
83,2936,2.366007
84,2922,2.354725
85,2907,2.342637
86,2922,2.354725
87,2910,2.345055
88,2922,2.354725
89,2928,2.359560
90,2920,2.353114
91,2922,2.354725
92,2936,2.366007
93,2946,2.374066
94,2930,2.361172
95,2922,2.354725
96,2928,2.359560
97,2928,2.359560
98,2920,2.353114
99,2922,2.354725
100,2928,2.359560
101,2907,2.342637
102,2920,2.353114
103,2910,2.345055
104,2928,2.359560
105,2906,2.341832
106,2907,2.342637
107,2928,2.359560
108,2922,2.354725
109,2920,2.353114
110,2920,2.353114
111,2910,2.345055
112,2922,2.354725
113,2920,2.353114
114,2906,2.341832
115,2906,2.341832
116,2906,2.341832
117,2922,2.354725
118,2906,2.341832
119,2907,2.342637
120,2928,2.359560
121,2910,2.345055
122,2907,2.342637
123,2906,2.341832
124,2906,2.341832
125,2928,2.359560
126,2920,2.353114
127,2910,2.345055
128,2936,2.366007
129,2928,2.359560
130,2922,2.354725
131,2906,2.341832
132,2906,2.341832
133,2920,2.353114
134,2922,2.354725
135,2928,2.359560
136,2936,2.366007
137,2906,2.341832
138,2920,2.353114
139,2920,2.353114
140,2920,2.353114
141,2930,2.361172
142,2936,2.366007
143,2936,2.366007
144,2922,2.354725
145,2922,2.354725
146,2928,2.359560
147,2922,2.354725
148,2930,2.361172
149,2920,2.353114
150,2928,2.359560
151,2928,2.359560
152,2936,2.366007
153,2930,2.361172
154,2930,2.361172
155,2930,2.361172
156,2936,2.366007
157,2928,2.359560
158,2928,2.359560
159,2928,2.359560
160,2936,2.366007
161,2938,2.367619
162,2936,2.366007
163,2936,2.366007
164,2930,2.361172
165,2920,2.353114
166,2946,2.374066
167,2936,2.366007
168,2922,2.354725
169,2922,2.354725
170,2936,2.366007
171,2936,2.366007
172,2936,2.366007
173,2936,2.366007
174,2922,2.354725
175,2928,2.359560
176,2938,2.367619
177,2936,2.366007
178,2922,2.354725
179,2936,2.366007
180,2930,2.361172
181,2928,2.359560
182,2936,2.366007
183,2936,2.366007
184,2936,2.366007
185,2936,2.366007
186,2936,2.366007
187,2928,2.359560
188,2922,2.354725
189,2936,2.366007
190,2906,2.341832
191,2922,2.354725
192,2920,2.353114
193,2922,2.354725
194,2922,2.354725
195,2928,2.359560
196,2938,2.367619
197,2922,2.354725
198,2907,2.342637
199,2911,2.345861
200,2922,2.354725
201,2936,2.366007
202,2920,2.353114
203,2920,2.353114
204,2930,2.361172
205,2906,2.341832
206,2922,2.354725
207,2922,2.354725
208,2936,2.366007
209,2922,2.354725
210,2922,2.354725
211,2922,2.354725
212,2928,2.359560
213,2920,2.353114
214,2936,2.366007
215,2928,2.359560
216,2922,2.354725
217,2928,2.359560
218,2922,2.354725
219,2920,2.353114
220,2920,2.353114
221,2922,2.354725
222,2930,2.361172
223,2930,2.361172
224,2920,2.353114
225,2930,2.361172
226,2922,2.354725
227,2922,2.354725
228,2920,2.353114
229,2930,2.361172
230,2922,2.354725
231,2936,2.366007
232,2928,2.359560
233,2936,2.366007
234,2922,2.354725
235,2936,2.366007
236,2928,2.359560
237,2922,2.354725
238,2936,2.366007
239,2936,2.366007
240,2936,2.366007
241,2922,2.354725
242,2938,2.367619
243,2936,2.366007
244,2938,2.367619
245,2930,2.361172
246,2938,2.367619
247,2928,2.359560
248,2928,2.359560
249,2928,2.359560
250,2936,2.366007
251,2922,2.354725
252,2930,2.361172
253,2928,2.359560
254,2930,2.361172
255,2936,2.366007
256,2936,2.366007
257,2922,2.354725
258,2930,2.361172
259,2936,2.366007
260,2936,2.366007
261,2930,2.361172
262,2936,2.366007
263,2928,2.359560
264,2910,2.345055
265,2936,2.366007
266,2928,2.359560
267,2920,2.353114
268,2938,2.367619
269,2930,2.361172
270,2922,2.354725
271,2936,2.366007
272,2920,2.353114
273,2910,2.345055
274,2936,2.366007
275,2922,2.354725
276,2922,2.354725
277,2936,2.366007
278,2936,2.366007
279,2920,2.353114
280,2920,2.353114
281,2930,2.361172
282,2930,2.361172
283,2922,2.354725
284,2930,2.361172
285,2907,2.342637
286,2920,2.353114
287,2920,2.353114
288,2922,2.354725
289,2920,2.353114
290,2920,2.353114
291,2922,2.354725
292,2922,2.354725
293,2930,2.361172
294,2936,2.366007
295,2920,2.353114
296,2938,2.367619
297,2930,2.361172
298,2922,2.354725
299,2922,2.354725
300,2936,2.366007
301,2938,2.367619
302,2938,2.367619
303,2936,2.366007
304,2930,2.361172
305,2936,2.366007
306,2928,2.359560
307,2936,2.366007
308,2938,2.367619
309,2938,2.367619
310,2928,2.359560
311,2936,2.366007
312,2936,2.366007
313,2936,2.366007
314,2938,2.367619
315,2928,2.359560
316,2922,2.354725
317,2936,2.366007
318,2928,2.359560
319,2936,2.366007
320,2920,2.353114
321,2930,2.361172
322,2928,2.359560
323,2936,2.366007
324,2936,2.366007
325,2936,2.366007
326,2946,2.374066
327,2936,2.366007
328,2936,2.366007
329,2922,2.354725
330,2936,2.366007
331,2938,2.367619
332,2938,2.367619
333,2936,2.366007
334,2952,2.378901
335,2930,2.361172
336,2944,2.372454
337,2938,2.367619
338,2946,2.374066
339,2944,2.372454
340,2938,2.367619
341,2952,2.378901
342,2946,2.374066
343,2946,2.374066
344,2954,2.380513
345,2952,2.378901
346,2952,2.378901
347,2952,2.378901
348,2938,2.367619
349,2930,2.361172
350,2938,2.367619
351,2952,2.378901
352,2944,2.372454
353,2936,2.366007
354,2938,2.367619
355,2944,2.372454
356,2944,2.372454
357,2938,2.367619
358,2952,2.378901
359,2938,2.367619
360,2938,2.367619
361,2944,2.372454
362,2946,2.374066
363,2944,2.372454
364,2946,2.374066
365,2952,2.378901
366,2954,2.380513
367,2936,2.366007
368,2954,2.380513
369,2936,2.366007
370,2938,2.367619
371,2952,2.378901
372,2946,2.374066
373,2938,2.367619
374,2946,2.374066
375,2938,2.367619
376,2936,2.366007
377,2938,2.367619
378,2944,2.372454
379,2936,2.366007
380,2938,2.367619
381,2938,2.367619
382,2946,2.374066
383,2936,2.366007
384,2938,2.367619
385,2910,2.345055
386,2936,2.366007
387,2936,2.366007
388,2936,2.366007
389,2928,2.359560
390,2938,2.367619
391,2936,2.366007
392,2936,2.366007
393,2936,2.366007
394,2938,2.367619
395,2936,2.366007
396,2936,2.366007
397,2928,2.359560
398,2944,2.372454
399,2936,2.366007
400,2938,2.367619
401,2936,2.366007
402,2936,2.366007
403,2938,2.367619
404,2946,2.374066
405,2930,2.361172
406,2936,2.366007
407,2952,2.378901
408,2944,2.372454
409,2936,2.366007
410,2936,2.366007
411,2938,2.367619
412,2936,2.366007
413,2938,2.367619
414,2922,2.354725
415,2930,2.361172
416,2936,2.366007
417,2944,2.372454
418,2946,2.374066
419,2946,2.374066
420,2952,2.378901
421,2946,2.374066
422,2938,2.367619
423,2944,2.372454
424,2952,2.378901
425,2936,2.366007
426,2952,2.378901
427,2946,2.374066
428,2938,2.367619
429,2944,2.372454
430,2938,2.367619
431,2938,2.367619
432,2944,2.372454
433,2938,2.367619
434,2954,2.380513
435,2938,2.367619
436,2944,2.372454
437,2930,2.361172
438,2938,2.367619
439,2938,2.367619
440,2922,2.354725
441,2938,2.367619
442,2944,2.372454
443,2936,2.366007
444,2936,2.366007
445,2936,2.366007
446,2938,2.367619
447,2936,2.366007
448,2936,2.366007
449,2936,2.366007
450,2944,2.372454
451,2938,2.367619
452,2936,2.366007
453,2936,2.366007
454,2938,2.367619
455,2938,2.367619
456,2952,2.378901
457,2938,2.367619
458,2936,2.366007
459,2936,2.366007
460,2952,2.378901
461,2938,2.367619
462,2936,2.366007
463,2952,2.378901
464,2936,2.366007
465,2960,2.385348
466,2952,2.378901
467,2944,2.372454
468,2944,2.372454
469,2938,2.367619
470,2946,2.374066
471,2960,2.385348
472,2938,2.367619
473,2936,2.366007
474,2936,2.366007
475,2938,2.367619
476,2944,2.372454
477,2936,2.366007
478,2936,2.366007
479,2952,2.378901
480,2960,2.385348
481,2952,2.378901
482,2944,2.372454
483,2968,2.391795
484,2954,2.380513
485,2960,2.385348
486,2960,2.385348
487,2960,2.385348
488,2970,2.393407
489,2968,2.391795
490,2968,2.391795
491,2968,2.391795
492,2954,2.380513
493,2960,2.385348
494,2960,2.385348
495,2952,2.378901
496,2952,2.378901
497,2954,2.380513
498,2952,2.378901
499,2944,2.372454
500,2944,2.372454
501,2954,2.380513
502,2952,2.378901
503,2946,2.374066
504,2952,2.378901
505,2944,2.372454
506,2946,2.374066
507,2960,2.385348
508,2960,2.385348
509,2960,2.385348
510,2952,2.378901
511,2954,2.380513
512,2952,2.378901
513,2968,2.391795
514,2954,2.380513
515,2954,2.380513
516,2946,2.374066
517,2954,2.380513
518,2960,2.385348
519,2952,2.378901
520,2952,2.378901
521,2952,2.378901
522,2952,2.378901
523,2946,2.374066
524,2952,2.378901
525,2952,2.378901
526,2954,2.380513
527,2946,2.374066
528,2968,2.391795
529,2954,2.380513
530,2938,2.367619
531,2946,2.374066
532,2954,2.380513
533,2960,2.385348
534,2962,2.386960
535,2960,2.385348
536,2952,2.378901
537,2960,2.385348
538,2968,2.391795
539,2952,2.378901
540,2954,2.380513
541,2962,2.386960
542,2954,2.380513
543,2952,2.378901
544,2960,2.385348
545,2960,2.385348
546,2968,2.391795
547,2960,2.385348
548,2960,2.385348
549,2954,2.380513
550,2954,2.380513
551,2952,2.378901
552,2962,2.386960
553,2960,2.385348
554,2960,2.385348
555,2954,2.380513
556,2954,2.380513
557,2954,2.380513
558,2952,2.378901
559,2938,2.367619
560,2954,2.380513
561,2952,2.378901
562,2952,2.378901
563,2944,2.372454
564,2954,2.380513
565,2938,2.367619
566,2938,2.367619
567,2952,2.378901
568,2962,2.386960
569,2954,2.380513
570,2952,2.378901
571,2954,2.380513
572,2954,2.380513
573,2952,2.378901
574,2952,2.378901
575,2954,2.380513
576,2954,2.380513
577,2954,2.380513
578,2954,2.380513
579,2960,2.385348
580,2954,2.380513
581,2954,2.380513
582,2954,2.380513
583,2954,2.380513
584,2960,2.385348
585,2946,2.374066
586,2968,2.391795
587,2954,2.380513
588,2952,2.378901
589,2962,2.386960
590,2968,2.391795
591,2952,2.378901
592,2954,2.380513
593,2952,2.378901
594,2944,2.372454
595,2938,2.367619
596,2944,2.372454
597,2960,2.385348
598,2944,2.372454
599,2944,2.372454
600,2952,2.378901
601,2952,2.378901
602,2944,2.372454
603,2952,2.378901
604,2952,2.378901
605,2938,2.367619
606,2946,2.374066
607,2938,2.367619
608,2952,2.378901
609,2952,2.378901
610,2952,2.378901
611,2954,2.380513
612,2944,2.372454
613,2952,2.378901
614,2968,2.391795
615,2960,2.385348
616,2954,2.380513
617,2952,2.378901
618,2954,2.380513
619,2952,2.378901
620,2944,2.372454
621,2954,2.380513
622,2960,2.385348
623,2952,2.378901
624,2952,2.378901
625,2954,2.380513
626,2944,2.372454
627,2952,2.378901
628,2952,2.378901
629,2952,2.378901
630,2954,2.380513
631,2952,2.378901
632,2952,2.378901
633,2952,2.378901
634,2952,2.378901
635,2944,2.372454
636,2952,2.378901
637,2938,2.367619
638,2944,2.372454
639,2938,2.367619
640,2954,2.380513
641,2944,2.372454
642,2952,2.378901
643,2954,2.380513
644,2938,2.367619
645,2962,2.386960
646,2968,2.391795
647,2962,2.386960
648,2968,2.391795
649,2954,2.380513
650,2970,2.393407
651,2968,2.391795
652,2960,2.385348
653,2952,2.378901
654,2952,2.378901
655,2954,2.380513
656,2954,2.380513
657,2968,2.391795
658,2954,2.380513
659,2954,2.380513
660,2938,2.367619
661,2954,2.380513
662,2944,2.372454
663,2954,2.380513
664,2952,2.378901
665,2962,2.386960
666,2952,2.378901
667,2954,2.380513
668,2954,2.380513
669,2952,2.378901
670,2962,2.386960
671,2952,2.378901
672,2954,2.380513
673,2954,2.380513
674,2938,2.367619
675,2962,2.386960
676,2944,2.372454
677,2952,2.378901
678,2954,2.380513
679,2938,2.367619
680,2952,2.378901
681,2946,2.374066
682,2954,2.380513
683,2952,2.378901
684,2960,2.385348
685,2962,2.386960
686,2946,2.374066
687,2954,2.380513
688,2960,2.385348
689,2954,2.380513
690,2960,2.385348
691,2960,2.385348
692,2952,2.378901
693,2960,2.385348
694,2952,2.378901
695,2952,2.378901
696,2952,2.378901
697,2952,2.378901
698,2954,2.380513
699,2952,2.378901
700,2962,2.386960
701,2952,2.378901
702,2960,2.385348
703,2946,2.374066
704,2952,2.378901
705,2952,2.378901
706,2946,2.374066
707,2952,2.378901
708,2968,2.391795
709,2960,2.385348
710,2960,2.385348
711,2960,2.385348
712,2968,2.391795
713,2968,2.391795
714,2970,2.393407
715,2960,2.385348
716,2970,2.393407
717,2970,2.393407
718,2970,2.393407
719,2974,2.396630
720,2970,2.393407
721,2974,2.396630
722,2970,2.393407
723,2970,2.393407
724,2968,2.391795
725,2970,2.393407
726,2970,2.393407
727,2954,2.380513
728,2952,2.378901
729,2970,2.393407
730,2962,2.386960
731,2970,2.393407
732,2968,2.391795
733,2962,2.386960
734,2968,2.391795
735,2954,2.380513
736,2962,2.386960
737,2970,2.393407
738,2968,2.391795
739,2970,2.393407
740,2960,2.385348
741,2962,2.386960
742,2968,2.391795
743,2968,2.391795
744,2968,2.391795
745,2960,2.385348
746,2962,2.386960
747,2952,2.378901
748,2968,2.391795
749,2954,2.380513
750,2952,2.378901
751,2960,2.385348
752,2954,2.380513
753,2952,2.378901
754,2954,2.380513
755,2960,2.385348
756,2960,2.385348
757,2968,2.391795
758,2960,2.385348
759,2968,2.391795
760,2968,2.391795
761,2960,2.385348
762,2970,2.393407
763,2968,2.391795
764,2952,2.378901
765,2954,2.380513
766,2968,2.391795
767,2962,2.386960
768,2970,2.393407
769,2968,2.391795
770,2968,2.391795
771,2970,2.393407
772,2970,2.393407
773,2960,2.385348
774,2968,2.391795
775,2968,2.391795
776,2968,2.391795
777,2970,2.393407
778,2970,2.393407
779,2970,2.393407
780,2968,2.391795
781,2960,2.385348
782,2968,2.391795
783,2968,2.391795
784,2954,2.380513
785,2954,2.380513
786,2974,2.396630
787,2968,2.391795
788,2968,2.391795
789,2968,2.391795
790,2962,2.386960
791,2970,2.393407
792,2970,2.393407
793,2970,2.393407
794,2970,2.393407
795,2970,2.393407
796,2960,2.385348
797,2970,2.393407
798,2970,2.393407
799,2970,2.393407
800,2970,2.393407
801,2970,2.393407
802,2970,2.393407
803,2970,2.393407
804,2970,2.393407
805,2970,2.393407
806,2970,2.393407
807,2970,2.393407
808,2970,2.393407
809,2986,2.406300
810,2970,2.393407
811,2971,2.394212
812,2984,2.404689
813,2970,2.393407
814,2971,2.394212
815,2970,2.393407
816,2968,2.391795
817,2968,2.391795
818,2974,2.396630
819,2968,2.391795
820,2970,2.393407
821,2971,2.394212
822,2968,2.391795
823,2968,2.391795
824,2970,2.393407
825,2974,2.396630
826,2970,2.393407
827,2970,2.393407
828,2968,2.391795
829,2968,2.391795
830,2984,2.404689
831,2970,2.393407
832,2970,2.393407
833,2970,2.393407
834,2970,2.393407
835,2970,2.393407
836,2994,2.412747
837,2986,2.406300
838,2994,2.412747
839,2968,2.391795
840,2984,2.404689
841,3000,2.417582
842,2984,2.404689
843,2984,2.404689
844,2984,2.404689
845,2986,2.406300
846,2968,2.391795
847,2968,2.391795
848,2970,2.393407
849,2974,2.396630
850,2986,2.406300
851,2984,2.404689
852,3000,2.417582
853,3002,2.419194
854,2994,2.412747
855,3002,2.419194
856,3002,2.419194
857,2986,2.406300
858,3000,2.417582
859,2992,2.411136
860,3000,2.417582
861,2986,2.406300
862,2986,2.406300
863,2986,2.406300
864,2994,2.412747
865,2986,2.406300
866,2986,2.406300
867,2974,2.396630
868,2984,2.404689
869,2974,2.396630
870,2984,2.404689
871,2970,2.393407
872,2974,2.396630
873,2974,2.396630
874,2970,2.393407
875,2986,2.406300
876,2984,2.404689
877,2986,2.406300
878,2986,2.406300
879,2970,2.393407
880,2970,2.393407
881,2984,2.404689
882,2971,2.394212
883,2974,2.396630
884,2970,2.393407
885,2984,2.404689
886,2971,2.394212
887,2970,2.393407
888,3000,2.417582
889,2970,2.393407
890,2971,2.394212
891,2970,2.393407
892,2986,2.406300
893,2974,2.396630
894,2970,2.393407
895,2984,2.404689
896,2974,2.396630
897,2970,2.393407
898,2984,2.404689
899,2984,2.404689
900,2986,2.406300
901,2986,2.406300
902,2984,2.404689
903,2974,2.396630
904,2984,2.404689
905,2994,2.412747
906,2986,2.406300
907,2974,2.396630
908,2970,2.393407
909,2992,2.411136
910,2986,2.406300
911,2974,2.396630
912,2986,2.406300
913,2994,2.412747
914,3000,2.417582
915,2984,2.404689
916,2986,2.406300
917,2986,2.406300
918,2974,2.396630
919,2970,2.393407
920,2971,2.394212
921,2984,2.404689
922,2974,2.396630
923,2986,2.406300
924,2986,2.406300
925,2986,2.406300
926,3000,2.417582
927,2970,2.393407
928,2992,2.411136
929,2992,2.411136
930,2992,2.411136
931,2986,2.406300
932,2974,2.396630
933,3000,2.417582
934,2986,2.406300
935,2986,2.406300
936,2986,2.406300
937,2986,2.406300
938,3000,2.417582
939,2984,2.404689
940,2994,2.412747
941,2986,2.406300
942,2992,2.411136
943,2986,2.406300
944,2992,2.411136
945,2986,2.406300
946,3002,2.419194
947,2986,2.406300
948,2986,2.406300
949,2986,2.406300
950,2974,2.396630
951,2994,2.412747
952,3000,2.417582
953,2992,2.411136
954,2994,2.412747
955,3000,2.417582
956,3000,2.417582
957,3000,2.417582
958,3002,2.419194
959,3000,2.417582
960,2994,2.412747
961,3008,2.424029
962,3010,2.425641
963,2992,2.411136
964,2994,2.412747
965,2986,2.406300
966,2984,2.404689
967,2986,2.406300
968,2986,2.406300
969,2992,2.411136
970,3002,2.419194
971,2974,2.396630
972,2992,2.411136
973,2992,2.411136
974,2992,2.411136
975,2992,2.411136
976,2984,2.404689
977,2992,2.411136
978,3000,2.417582
979,3000,2.417582
980,3002,2.419194
981,3000,2.417582
982,3002,2.419194
983,3000,2.417582
984,3000,2.417582
985,3002,2.419194
986,3002,2.419194
987,3010,2.425641
988,3000,2.417582
989,3016,2.430476
990,3002,2.419194
991,2994,2.412747
992,3010,2.425641
993,3002,2.419194
994,3000,2.417582
995,3008,2.424029
996,3002,2.419194
997,3002,2.419194
998,3018,2.432088
999,3002,2.419194
1000,3016,2.430476
1001,3002,2.419194
1002,3000,2.417582
1003,3008,2.424029
1004,3002,2.419194
1005,3000,2.417582
1006,2992,2.411136
1007,3002,2.419194
1008,3002,2.419194
1009,3002,2.419194
1010,3002,2.419194
1011,3002,2.419194
1012,3000,2.417582
1013,3016,2.430476
1014,3016,2.430476
1015,3010,2.425641
1016,3016,2.430476
1017,3016,2.430476
1018,3002,2.419194
1019,3002,2.419194
1020,3002,2.419194
1021,3010,2.425641
1022,3002,2.419194
1023,3002,2.419194
1024,3000,2.417582
1025,2994,2.412747
1026,3000,2.417582
1027,3002,2.419194
1028,3010,2.425641
1029,3002,2.419194
1030,3002,2.419194
1031,3002,2.419194
1032,3000,2.417582
1033,3018,2.432088
1034,3002,2.419194
1035,3016,2.430476
1036,3002,2.419194
1037,3000,2.417582
1038,3010,2.425641
1039,3016,2.430476
1040,3002,2.419194
1041,3002,2.419194
1042,3016,2.430476
1043,3016,2.430476
1044,3016,2.430476
1045,3016,2.430476
1046,3018,2.432088
1047,3010,2.425641
1048,3024,2.436923
1049,3024,2.436923
1050,3032,2.443370
1051,3018,2.432088
1052,3016,2.430476
1053,3016,2.430476
1054,3010,2.425641
1055,3010,2.425641
1056,3010,2.425641
1057,3018,2.432088
1058,3018,2.432088
1059,3002,2.419194
1060,3002,2.419194
1061,3002,2.419194
1062,3010,2.425641
1063,3010,2.425641
1064,3016,2.430476
1065,3016,2.430476
1066,3002,2.419194
1067,3018,2.432088
1068,3024,2.436923
1069,3016,2.430476
1070,3016,2.430476
1071,3032,2.443370
1072,3010,2.425641
1073,3018,2.432088
1074,3010,2.425641
1075,3032,2.443370
1076,3032,2.443370
1077,3018,2.432088
1078,3016,2.430476
1079,3016,2.430476
1080,3010,2.425641
1081,3024,2.436923
1082,3032,2.443370
1083,3016,2.430476
1084,3018,2.432088
1085,3024,2.436923
1086,3016,2.430476
1087,3016,2.430476
1088,3018,2.432088
1089,3018,2.432088
1090,3016,2.430476
1091,3018,2.432088
1092,3018,2.432088
1093,3032,2.443370
1094,3018,2.432088
1095,3018,2.432088
1096,3032,2.443370
1097,3032,2.443370
1098,3018,2.432088
1099,3018,2.432088
1100,3018,2.432088
1101,3016,2.430476
1102,3016,2.430476
1103,3016,2.430476
1104,3032,2.443370
1105,3026,2.438535
1106,3024,2.436923
1107,3032,2.443370
1108,3032,2.443370
1109,3024,2.436923
1110,3018,2.432088
1111,3032,2.443370
1112,3018,2.432088
1113,3016,2.430476
1114,3024,2.436923
1115,3018,2.432088
1116,3032,2.443370
1117,3024,2.436923
1118,3034,2.444982
1119,3034,2.444982
1120,3024,2.436923
1121,3034,2.444982
1122,3026,2.438535
1123,3024,2.436923
1124,3032,2.443370
1125,3034,2.444982
1126,3024,2.436923
1127,3018,2.432088
1128,3018,2.432088
1129,3032,2.443370
1130,3026,2.438535
1131,3034,2.444982
1132,3034,2.444982
1133,3032,2.443370
1134,3034,2.444982
1135,3034,2.444982
1136,3032,2.443370
1137,3032,2.443370
1138,3018,2.432088
1139,3032,2.443370
1140,3024,2.436923
1141,3024,2.436923
1142,3032,2.443370
1143,3035,2.445788
1144,3032,2.443370
1145,3032,2.443370
1146,3024,2.436923
1147,3032,2.443370
1148,3026,2.438535
1149,3034,2.444982
1150,3024,2.436923
1151,3034,2.444982
1152,3035,2.445788
1153,3032,2.443370
1154,3035,2.445788
1155,3034,2.444982
1156,3034,2.444982
1157,3034,2.444982
1158,3035,2.445788
1159,3034,2.444982
1160,3038,2.448205
1161,3072,2.475604
1162,3034,2.444982
1163,3034,2.444982
1164,3034,2.444982
1165,3032,2.443370
1166,3038,2.448205
1167,3034,2.444982
1168,3034,2.444982
1169,3032,2.443370
1170,3034,2.444982
1171,3032,2.443370
1172,3034,2.444982
1173,3034,2.444982
1174,3034,2.444982
1175,3034,2.444982
1176,3034,2.444982
1177,3034,2.444982
1178,3032,2.443370
1179,3034,2.444982
1180,3032,2.443370
1181,3034,2.444982
1182,3034,2.444982
1183,3050,2.457875
1184,3034,2.444982
1185,3032,2.443370
1186,3034,2.444982
1187,3034,2.444982
1188,3038,2.448205
1189,3034,2.444982
1190,3034,2.444982
1191,3034,2.444982
1192,3038,2.448205
1193,3034,2.444982
1194,3034,2.444982
1195,3032,2.443370
1196,3034,2.444982
1197,3034,2.444982
1198,3034,2.444982
1199,3034,2.444982
1200,3072,2.475604
1201,3072,2.475604
1202,3048,2.456264
1203,3050,2.457875
1204,3034,2.444982
1205,3048,2.456264
1206,3035,2.445788
1207,3048,2.456264
1208,3034,2.444982
1209,3034,2.444982
1210,3048,2.456264
1211,3035,2.445788
1212,3034,2.444982
1213,3034,2.444982
1214,3048,2.456264
1215,3034,2.444982
1216,3048,2.456264
1217,3072,2.475604
1218,3038,2.448205
1219,3048,2.456264
1220,3048,2.456264
1221,3072,2.475604
1222,3038,2.448205
1223,3048,2.456264
1224,3048,2.456264
1225,3035,2.445788
1226,3072,2.475604
1227,3035,2.445788
1228,3048,2.456264
1229,3050,2.457875
1230,3038,2.448205
1231,3038,2.448205
1232,3072,2.475604
1233,3035,2.445788
1234,3072,2.475604
1235,3048,2.456264
1236,3035,2.445788
1237,3072,2.475604
1238,3072,2.475604
1239,3072,2.475604
1240,3072,2.475604
1241,3072,2.475604
1242,3072,2.475604
1243,3048,2.456264
1244,3072,2.475604
1245,3072,2.475604
1246,3072,2.475604
1247,3048,2.456264
1248,3072,2.475604
1249,3072,2.475604
1250,3072,2.475604
1251,3048,2.456264
1252,3072,2.475604
1253,3048,2.456264
1254,3072,2.475604
1255,3072,2.475604
1256,3072,2.475604
1257,3072,2.475604
1258,3048,2.456264
1259,3072,2.475604
1260,3072,2.475604
1261,3072,2.475604
1262,3072,2.475604
1263,3072,2.475604
1264,3072,2.475604
1265,3072,2.475604
1266,3048,2.456264
1267,3072,2.475604
1268,3072,2.475604
1269,3072,2.475604
1270,3072,2.475604
1271,3072,2.475604
1272,3072,2.475604
1273,3072,2.475604
1274,3072,2.475604
1275,3072,2.475604
1276,3072,2.475604
1277,3072,2.475604
1278,3072,2.475604
1279,3072,2.475604
1280,3072,2.475604
1281,3072,2.475604
1282,3072,2.475604
1283,3072,2.475604
1284,3072,2.475604
1285,3072,2.475604
1286,3072,2.475604
1287,3072,2.475604
1288,3072,2.475604
1289,3072,2.475604
1290,3072,2.475604
1291,3072,2.475604
1292,3072,2.475604
1293,3072,2.475604
1294,3072,2.475604
1295,3072,2.475604
1296,3072,2.475604
1297,3072,2.475604
1298,3072,2.475604
1299,3072,2.475604
1300,3072,2.475604
1301,3072,2.475604
1302,3074,2.477216
1303,3072,2.475604
1304,3072,2.475604
1305,3072,2.475604
1306,3080,2.482051
1307,3072,2.475604
1308,3072,2.475604
1309,3080,2.482051
1310,3080,2.482051
1311,3072,2.475604
1312,3072,2.475604
1313,3082,2.483663
1314,3072,2.475604
1315,3080,2.482051
1316,3072,2.475604
1317,3072,2.475604
1318,3074,2.477216
1319,3072,2.475604
1320,3072,2.475604
1321,3074,2.477216
1322,3072,2.475604
1323,3082,2.483663
1324,3072,2.475604
1325,3080,2.482051
1326,3074,2.477216
1327,3080,2.482051
1328,3080,2.482051
1329,3072,2.475604
1330,3074,2.477216
1331,3080,2.482051
1332,3072,2.475604
1333,3072,2.475604
1334,3080,2.482051
1335,3074,2.477216
1336,3072,2.475604
1337,3074,2.477216
1338,3072,2.475604
1339,3074,2.477216
1340,3072,2.475604
1341,3082,2.483663
1342,3080,2.482051
1343,3080,2.482051
1344,3074,2.477216
1345,3080,2.482051
1346,3080,2.482051
1347,3080,2.482051
1348,3072,2.475604
1349,3080,2.482051
1350,3080,2.482051
1351,3072,2.475604
1352,3080,2.482051
1353,3090,2.490110
1354,3082,2.483663
1355,3082,2.483663
1356,3080,2.482051
1357,3080,2.482051
1358,3074,2.477216
1359,3080,2.482051
1360,3072,2.475604
1361,3082,2.483663
1362,3072,2.475604
1363,3082,2.483663
1364,3080,2.482051
1365,3082,2.483663
1366,3090,2.490110
1367,3080,2.482051
1368,3088,2.488498
1369,3080,2.482051
1370,3082,2.483663
1371,3080,2.482051
1372,3080,2.482051
1373,3080,2.482051
1374,3082,2.483663
1375,3080,2.482051
1376,3080,2.482051
1377,3074,2.477216
1378,3072,2.475604
1379,3096,2.494945
1380,3088,2.488498
1381,3080,2.482051
1382,3082,2.483663
1383,3096,2.494945
1384,3082,2.483663
1385,3082,2.483663
1386,3096,2.494945
1387,3080,2.482051
1388,3096,2.494945
1389,3082,2.483663
1390,3088,2.488498
1391,3080,2.482051
1392,3082,2.483663
1393,3096,2.494945
1394,3088,2.488498
1395,3082,2.483663
1396,3072,2.475604
1397,3088,2.488498
1398,3088,2.488498
1399,3082,2.483663
1400,3082,2.483663
1401,3096,2.494945
1402,3072,2.475604
1403,3080,2.482051
1404,3082,2.483663
1405,3090,2.490110
1406,3096,2.494945
1407,3082,2.483663
1408,3080,2.482051
1409,3082,2.483663
1410,3088,2.488498
1411,3088,2.488498
1412,3096,2.494945
1413,3082,2.483663
1414,3096,2.494945
1415,3080,2.482051
1416,3088,2.488498
1417,3080,2.482051
1418,3088,2.488498
1419,3082,2.483663
1420,3074,2.477216
1421,3082,2.483663
1422,3082,2.483663
1423,3096,2.494945
1424,3096,2.494945
1425,3096,2.494945
1426,3096,2.494945
1427,3080,2.482051
1428,3096,2.494945
1429,3090,2.490110
1430,3080,2.482051
1431,3080,2.482051
1432,3088,2.488498
1433,3082,2.483663
1434,3090,2.490110
1435,3088,2.488498
1436,3096,2.494945
1437,3088,2.488498
1438,3082,2.483663
1439,3080,2.482051
1440,3082,2.483663
1441,3090,2.490110
1442,3082,2.483663
1443,3090,2.490110
1444,3096,2.494945
1445,3082,2.483663
1446,3082,2.483663
1447,3088,2.488498
1448,3096,2.494945
1449,3098,2.496557
1450,3088,2.488498
1451,3088,2.488498
1452,3098,2.496557
1453,3088,2.488498
1454,3082,2.483663
1455,3096,2.494945
1456,3096,2.494945
1457,3090,2.490110
1458,3096,2.494945
1459,3082,2.483663
1460,3080,2.482051
1461,3098,2.496557
1462,3096,2.494945
1463,3082,2.483663
1464,3088,2.488498
1465,3090,2.490110
1466,3088,2.488498
1467,3096,2.494945
1468,3080,2.482051
1469,3082,2.483663
1470,3088,2.488498
1471,3080,2.482051
1472,3082,2.483663
1473,3090,2.490110
1474,3088,2.488498
1475,3082,2.483663
1476,3082,2.483663
1477,3098,2.496557
1478,3088,2.488498
1479,3088,2.488498
1480,3080,2.482051
1481,3098,2.496557
1482,3088,2.488498
1483,3096,2.494945
1484,3082,2.483663
1485,3090,2.490110
1486,3080,2.482051
1487,3090,2.490110
1488,3082,2.483663
1489,3096,2.494945
1490,3082,2.483663
1491,3082,2.483663
1492,3082,2.483663
1493,3096,2.494945
1494,3082,2.483663
1495,3090,2.490110
1496,3082,2.483663
1497,3090,2.490110
1498,3090,2.490110
1499,3088,2.488498
1500,3096,2.494945
1501,3082,2.483663
1502,3088,2.488498
1503,3096,2.494945
1504,3082,2.483663
1505,3096,2.494945
1506,3080,2.482051
1507,3096,2.494945
1508,3080,2.482051
1509,3090,2.490110
1510,3080,2.482051
1511,3082,2.483663
1512,3090,2.490110
1513,3096,2.494945
1514,3090,2.490110
1515,3082,2.483663
1516,3080,2.482051
1517,3096,2.494945
1518,3082,2.483663
1519,3082,2.483663
1520,3096,2.494945
1521,3082,2.483663
1522,3098,2.496557
1523,3096,2.494945
1524,3096,2.494945
1525,3096,2.494945
1526,3096,2.494945
1527,3088,2.488498
1528,3096,2.494945
1529,3088,2.488498
1530,3082,2.483663
1531,3098,2.496557
1532,3096,2.494945
1533,3090,2.490110
1534,3082,2.483663
1535,3096,2.494945
1536,3096,2.494945
1537,3082,2.483663
1538,3088,2.488498
1539,3096,2.494945
1540,3082,2.483663
1541,3088,2.488498
1542,3088,2.488498
1543,3096,2.494945
1544,3082,2.483663
1545,3096,2.494945
1546,3096,2.494945
1547,3088,2.488498
1548,3082,2.483663
1549,3082,2.483663
1550,3096,2.494945
1551,3088,2.488498
1552,3096,2.494945
1553,3096,2.494945
1554,3080,2.482051
1555,3088,2.488498
1556,3082,2.483663
1557,3096,2.494945
1558,3096,2.494945
1559,3080,2.482051
1560,3088,2.488498
1561,3090,2.490110
1562,3080,2.482051
1563,3096,2.494945
1564,3098,2.496557
1565,3096,2.494945
1566,3088,2.488498
1567,3098,2.496557
1568,3096,2.494945
1569,3080,2.482051
1570,3080,2.482051
1571,3096,2.494945
1572,3098,2.496557
1573,3088,2.488498
1574,3088,2.488498
1575,3082,2.483663
1576,3082,2.483663
1577,3096,2.494945
1578,3088,2.488498
1579,3096,2.494945
1580,3096,2.494945
1581,3082,2.483663
1582,3096,2.494945
1583,3096,2.494945
1584,3096,2.494945
1585,3096,2.494945
1586,3072,2.475604
1587,3088,2.488498
1588,3090,2.490110
1589,3082,2.483663
1590,3096,2.494945
1591,3090,2.490110
1592,3096,2.494945
1593,3090,2.490110
1594,3098,2.496557
1595,3082,2.483663
1596,3096,2.494945
1597,3088,2.488498
1598,3082,2.483663
1599,3096,2.494945
1600,3080,2.482051
1601,3088,2.488498
1602,3096,2.494945
1603,3088,2.488498
1604,3082,2.483663
1605,3082,2.483663
1606,3082,2.483663
1607,3082,2.483663
1608,3088,2.488498
1609,3096,2.494945
1610,3090,2.490110
1611,3088,2.488498
1612,3096,2.494945
1613,3080,2.482051
1614,3082,2.483663
1615,3082,2.483663
1616,3088,2.488498
1617,3088,2.488498
1618,3088,2.488498
1619,3082,2.483663
1620,3082,2.483663
1621,3088,2.488498
1622,3096,2.494945
1623,3098,2.496557
1624,3082,2.483663
1625,3082,2.483663
1626,3088,2.488498
1627,3096,2.494945
1628,3080,2.482051
1629,3074,2.477216
1630,3096,2.494945
1631,3088,2.488498
1632,3080,2.482051
1633,3096,2.494945
1634,3088,2.488498
1635,3082,2.483663
1636,3082,2.483663
1637,3088,2.488498
1638,3082,2.483663
1639,3088,2.488498
1640,3082,2.483663
1641,3096,2.494945
1642,3082,2.483663
1643,3082,2.483663
1644,3080,2.482051
1645,3082,2.483663
1646,3088,2.488498
1647,3074,2.477216
1648,3080,2.482051
1649,3082,2.483663
1650,3082,2.483663
1651,3080,2.482051
1652,3096,2.494945
1653,3074,2.477216
1654,3088,2.488498
1655,3080,2.482051
1656,3080,2.482051
1657,3082,2.483663
1658,3080,2.482051
1659,3080,2.482051
1660,3080,2.482051
1661,3088,2.488498
1662,3082,2.483663
1663,3096,2.494945
1664,3096,2.494945
1665,3080,2.482051
1666,3090,2.490110
1667,3090,2.490110
1668,3080,2.482051
1669,3088,2.488498
1670,3088,2.488498
1671,3082,2.483663
1672,3074,2.477216
1673,3080,2.482051
1674,3096,2.494945
1675,3072,2.475604
1676,3082,2.483663
1677,3080,2.482051
1678,3082,2.483663
1679,3080,2.482051
1680,3082,2.483663
1681,3080,2.482051
1682,3082,2.483663
1683,3080,2.482051
1684,3082,2.483663
1685,3080,2.482051
1686,3072,2.475604
1687,3072,2.475604
1688,3080,2.482051
1689,3080,2.482051
1690,3080,2.482051
1691,3072,2.475604
1692,3082,2.483663
1693,3072,2.475604
1694,3082,2.483663
1695,3082,2.483663
1696,3080,2.482051
1697,3080,2.482051
1698,3082,2.483663
1699,3080,2.482051
1700,3096,2.494945
1701,3072,2.475604
1702,3080,2.482051
1703,3082,2.483663
1704,3072,2.475604
1705,3082,2.483663
1706,3080,2.482051
1707,3082,2.483663
1708,3072,2.475604
1709,3082,2.483663
1710,3096,2.494945
1711,3082,2.483663
1712,3080,2.482051
1713,3080,2.482051
1714,3082,2.483663
1715,3074,2.477216
1716,3072,2.475604
1717,3074,2.477216
1718,3080,2.482051
1719,3074,2.477216
1720,3080,2.482051
1721,3080,2.482051
1722,3072,2.475604
1723,3072,2.475604
1724,3072,2.475604
1725,3072,2.475604
1726,3072,2.475604
1727,3072,2.475604
1728,3072,2.475604
1729,3072,2.475604
1730,3074,2.477216
1731,3074,2.477216
1732,3080,2.482051
1733,3074,2.477216
1734,3072,2.475604
1735,3080,2.482051
1736,3072,2.475604
1737,3074,2.477216
1738,3080,2.482051
1739,3072,2.475604
1740,3080,2.482051
1741,3080,2.482051
1742,3072,2.475604
1743,3072,2.475604
1744,3072,2.475604
1745,3074,2.477216
1746,3072,2.475604
1747,3072,2.475604
1748,3072,2.475604
1749,3072,2.475604
1750,3080,2.482051
1751,3072,2.475604
1752,3072,2.475604
1753,3072,2.475604
1754,3072,2.475604
1755,3072,2.475604
1756,3072,2.475604
1757,3072,2.475604
1758,3074,2.477216
1759,3072,2.475604
1760,3072,2.475604
1761,3072,2.475604
1762,3072,2.475604
1763,3072,2.475604
1764,3080,2.482051
1765,3072,2.475604
1766,3072,2.475604
1767,3072,2.475604
1768,3072,2.475604
1769,3072,2.475604
1770,3080,2.482051
1771,3072,2.475604
1772,3072,2.475604
1773,3072,2.475604
1774,3074,2.477216
1775,3072,2.475604
1776,3072,2.475604
1777,3072,2.475604
1778,3074,2.477216
1779,3072,2.475604
1780,3072,2.475604
1781,3072,2.475604
1782,3074,2.477216
1783,3072,2.475604
1784,3072,2.475604
1785,3072,2.475604
1786,3072,2.475604
1787,3072,2.475604
1788,3072,2.475604
1789,3072,2.475604
1790,3072,2.475604
1791,3072,2.475604
1792,3082,2.483663
1793,3072,2.475604
1794,3072,2.475604
1795,3072,2.475604
1796,3072,2.475604
1797,3072,2.475604
1798,3072,2.475604
1799,3072,2.475604
1800,3072,2.475604
1801,3072,2.475604
1802,3072,2.475604
1803,3072,2.475604
1804,3072,2.475604
1805,3072,2.475604
1806,3072,2.475604
1807,3072,2.475604
1808,3072,2.475604
1809,3072,2.475604
1810,3072,2.475604
1811,3072,2.475604
1812,3072,2.475604
1813,3072,2.475604
1814,3072,2.475604
1815,3072,2.475604
1816,3072,2.475604
1817,3072,2.475604
1818,3072,2.475604
1819,3072,2.475604
1820,3072,2.475604
1821,3072,2.475604
1822,3072,2.475604
1823,3072,2.475604
1824,3072,2.475604
1825,3072,2.475604
1826,3072,2.475604
1827,3072,2.475604
1828,3072,2.475604
1829,3072,2.475604
1830,3072,2.475604
1831,3072,2.475604
1832,3072,2.475604
1833,3074,2.477216
1834,3072,2.475604
1835,3072,2.475604
1836,3072,2.475604
1837,3072,2.475604
1838,3072,2.475604
1839,3072,2.475604
1840,3072,2.475604
1841,3072,2.475604
1842,3072,2.475604
1843,3072,2.475604
1844,3072,2.475604
1845,3072,2.475604
1846,3072,2.475604
1847,3072,2.475604
1848,3072,2.475604
1849,3072,2.475604
1850,3072,2.475604
1851,3072,2.475604
1852,3072,2.475604
1853,3072,2.475604
1854,3072,2.475604
1855,3072,2.475604
1856,3072,2.475604
1857,3072,2.475604
1858,3072,2.475604
1859,3072,2.475604
1860,3072,2.475604
1861,3072,2.475604
1862,3072,2.475604
1863,3072,2.475604
1864,3072,2.475604
1865,3072,2.475604
1866,3072,2.475604
1867,3072,2.475604
1868,3072,2.475604
1869,3072,2.475604
1870,3072,2.475604
1871,3072,2.475604
1872,3072,2.475604
1873,3072,2.475604
1874,3072,2.475604
1875,3072,2.475604
1876,3072,2.475604
1877,3050,2.457875
1878,3072,2.475604
1879,3072,2.475604
1880,3072,2.475604
1881,3072,2.475604
1882,3072,2.475604
1883,3072,2.475604
1884,3072,2.475604
1885,3072,2.475604
1886,3072,2.475604
1887,3072,2.475604
1888,3072,2.475604
1889,3072,2.475604
1890,3072,2.475604
1891,3072,2.475604
1892,3072,2.475604
1893,3072,2.475604
1894,3072,2.475604
1895,3072,2.475604
1896,3074,2.477216
1897,3072,2.475604
1898,3072,2.475604
1899,3072,2.475604
1900,3072,2.475604
1901,3072,2.475604
1902,3072,2.475604
1903,3072,2.475604
1904,3072,2.475604
1905,3072,2.475604
1906,3072,2.475604
1907,3072,2.475604
1908,3072,2.475604
1909,3080,2.482051
1910,3072,2.475604
1911,3072,2.475604
1912,3072,2.475604
1913,3072,2.475604
1914,3072,2.475604
1915,3072,2.475604
1916,3072,2.475604
1917,3072,2.475604
1918,3080,2.482051
1919,3072,2.475604
1920,3072,2.475604
1921,3082,2.483663
1922,3074,2.477216
1923,3072,2.475604
1924,3072,2.475604
1925,3072,2.475604
1926,3074,2.477216
1927,3080,2.482051
1928,3072,2.475604
1929,3072,2.475604
1930,3074,2.477216
1931,3072,2.475604
1932,3080,2.482051
1933,3072,2.475604
1934,3080,2.482051
1935,3072,2.475604
1936,3080,2.482051
1937,3072,2.475604
1938,3072,2.475604
1939,3072,2.475604
1940,3072,2.475604
1941,3072,2.475604
1942,3074,2.477216
1943,3072,2.475604
1944,3072,2.475604
1945,3082,2.483663
1946,3080,2.482051
1947,3080,2.482051
1948,3080,2.482051
1949,3080,2.482051
1950,3072,2.475604
1951,3072,2.475604
1952,3080,2.482051
1953,3072,2.475604
1954,3072,2.475604
1955,3072,2.475604
1956,3074,2.477216
1957,3072,2.475604
1958,3072,2.475604
1959,3072,2.475604
1960,3072,2.475604
1961,3082,2.483663
1962,3080,2.482051
1963,3074,2.477216
1964,3074,2.477216
1965,3072,2.475604
1966,3080,2.482051
1967,3072,2.475604
1968,3072,2.475604
1969,3072,2.475604
1970,3080,2.482051
1971,3072,2.475604
1972,3088,2.488498
1973,3072,2.475604
1974,3072,2.475604
1975,3072,2.475604
1976,3072,2.475604
1977,3072,2.475604
1978,3080,2.482051
1979,3072,2.475604
1980,3082,2.483663
1981,3074,2.477216
1982,3080,2.482051
1983,3072,2.475604
1984,3072,2.475604
1985,3072,2.475604
1986,3072,2.475604
1987,3080,2.482051
1988,3074,2.477216
1989,3072,2.475604
1990,3072,2.475604
1991,3072,2.475604
1992,3072,2.475604
1993,3072,2.475604
1994,3072,2.475604
1995,3074,2.477216
1996,3072,2.475604
1997,3072,2.475604
1998,3072,2.475604
1999,3072,2.475604
2000,3072,2.475604
2001,3072,2.475604
2002,3072,2.475604
2003,3072,2.475604
2004,3072,2.475604
2005,3080,2.482051
2006,3072,2.475604
2007,3072,2.475604
2008,3074,2.477216
2009,3072,2.475604
2010,3072,2.475604
2011,3072,2.475604
2012,3072,2.475604
2013,3072,2.475604
2014,3074,2.477216
2015,3072,2.475604
2016,3072,2.475604
2017,3072,2.475604
2018,3072,2.475604
2019,3072,2.475604
2020,3072,2.475604
2021,3072,2.475604
2022,3072,2.475604
2023,3072,2.475604
2024,3072,2.475604
2025,3072,2.475604
2026,3072,2.475604
2027,3072,2.475604
2028,3072,2.475604
2029,3072,2.475604
2030,3072,2.475604
2031,3072,2.475604
2032,3072,2.475604
2033,3072,2.475604
2034,3072,2.475604
2035,3072,2.475604
2036,3072,2.475604
2037,3072,2.475604
2038,3072,2.475604
2039,3072,2.475604
2040,3072,2.475604
2041,3072,2.475604
2042,3082,2.483663
2043,3072,2.475604
2044,3072,2.475604
2045,3072,2.475604
2046,3072,2.475604
2047,3072,2.475604
2048,3072,2.475604
2049,3072,2.475604
2050,3072,2.475604
2051,3072,2.475604
2052,3072,2.475604
2053,3072,2.475604
2054,3072,2.475604
2055,3072,2.475604
2056,3072,2.475604
2057,3072,2.475604
2058,3072,2.475604
2059,3072,2.475604
2060,3072,2.475604
2061,3038,2.448205
2062,3072,2.475604
2063,3072,2.475604
2064,3072,2.475604
2065,3072,2.475604
2066,3072,2.475604
2067,3072,2.475604
2068,3072,2.475604
2069,3072,2.475604
2070,3072,2.475604
2071,3072,2.475604
2072,3072,2.475604
2073,3048,2.456264
2074,3072,2.475604
2075,3072,2.475604
2076,3072,2.475604
2077,3072,2.475604
2078,3072,2.475604
2079,3072,2.475604
2080,3072,2.475604
2081,3072,2.475604
2082,3072,2.475604
2083,3072,2.475604
2084,3072,2.475604
2085,3072,2.475604
2086,3072,2.475604
2087,3072,2.475604
2088,3072,2.475604
2089,3072,2.475604
2090,3074,2.477216
2091,3072,2.475604
2092,3072,2.475604
2093,3072,2.475604
2094,3072,2.475604
2095,3072,2.475604
2096,3072,2.475604
2097,3072,2.475604
2098,3080,2.482051
2099,3072,2.475604
2100,3072,2.475604
2101,3072,2.475604
2102,3080,2.482051
2103,3074,2.477216
2104,3072,2.475604
2105,3072,2.475604
2106,3072,2.475604
2107,3072,2.475604
2108,3072,2.475604
2109,3072,2.475604
2110,3072,2.475604
2111,3074,2.477216
2112,3080,2.482051
2113,3072,2.475604
2114,3072,2.475604
2115,3074,2.477216
2116,3072,2.475604
2117,3072,2.475604
2118,3072,2.475604
2119,3072,2.475604
2120,3072,2.475604
2121,3072,2.475604
2122,3072,2.475604
2123,3080,2.482051
2124,3082,2.483663
2125,3080,2.482051
2126,3080,2.482051
2127,3080,2.482051
2128,3082,2.483663
2129,3080,2.482051
2130,3080,2.482051
2131,3072,2.475604
2132,3072,2.475604
2133,3072,2.475604
2134,3072,2.475604
2135,3072,2.475604
2136,3072,2.475604
2137,3080,2.482051
2138,3072,2.475604
2139,3080,2.482051
2140,3072,2.475604
2141,3074,2.477216
2142,3082,2.483663
2143,3072,2.475604
2144,3080,2.482051
2145,3080,2.482051
2146,3090,2.490110
2147,3072,2.475604
2148,3082,2.483663
2149,3082,2.483663
2150,3080,2.482051
2151,3080,2.482051
2152,3080,2.482051
2153,3088,2.488498
2154,3080,2.482051
2155,3072,2.475604
2156,3080,2.482051
2157,3080,2.482051
2158,3082,2.483663
2159,3082,2.483663
2160,3074,2.477216
2161,3080,2.482051
2162,3080,2.482051
2163,3080,2.482051
2164,3088,2.488498
2165,3082,2.483663
2166,3072,2.475604
2167,3080,2.482051
2168,3072,2.475604
2169,3088,2.488498
2170,3080,2.482051
2171,3082,2.483663
2172,3072,2.475604
2173,3080,2.482051
2174,3090,2.490110
2175,3072,2.475604
2176,3088,2.488498
2177,3082,2.483663
2178,3082,2.483663
2179,3080,2.482051
2180,3088,2.488498
2181,3082,2.483663
2182,3080,2.482051
2183,3088,2.488498
2184,3082,2.483663
2185,3088,2.488498
2186,3080,2.482051
2187,3072,2.475604
2188,3088,2.488498
2189,3082,2.483663
2190,3082,2.483663
2191,3082,2.483663
2192,3082,2.483663
2193,3080,2.482051
2194,3082,2.483663
2195,3080,2.482051
2196,3082,2.483663
2197,3074,2.477216
2198,3090,2.490110
2199,3080,2.482051
2200,3082,2.483663
2201,3082,2.483663
2202,3082,2.483663
2203,3090,2.490110
2204,3080,2.482051
2205,3082,2.483663
2206,3082,2.483663
2207,3082,2.483663
2208,3090,2.490110
2209,3082,2.483663
2210,3090,2.490110
2211,3090,2.490110
2212,3082,2.483663
2213,3072,2.475604
2214,3096,2.494945
2215,3072,2.475604
2216,3082,2.483663
2217,3080,2.482051
2218,3074,2.477216
2219,3082,2.483663
2220,3082,2.483663
2221,3080,2.482051
2222,3080,2.482051
2223,3082,2.483663
2224,3088,2.488498
2225,3080,2.482051
2226,3082,2.483663
2227,3082,2.483663
2228,3072,2.475604
2229,3080,2.482051
2230,3072,2.475604
2231,3080,2.482051
2232,3080,2.482051
2233,3072,2.475604
2234,3074,2.477216
2235,3072,2.475604
2236,3072,2.475604
2237,3072,2.475604
2238,3072,2.475604
2239,3072,2.475604
2240,3072,2.475604
2241,3072,2.475604
2242,3074,2.477216
2243,3072,2.475604
2244,3072,2.475604
2245,3072,2.475604
2246,3080,2.482051
2247,3072,2.475604
2248,3072,2.475604
2249,3072,2.475604
2250,3072,2.475604
2251,3072,2.475604
2252,3072,2.475604
2253,3048,2.456264
2254,3072,2.475604
2255,3072,2.475604
2256,3038,2.448205
2257,3038,2.448205
2258,3034,2.444982
2259,3034,2.444982
2260,3050,2.457875
2261,3038,2.448205
2262,3072,2.475604
2263,3038,2.448205
2264,3035,2.445788
2265,3034,2.444982
2266,3034,2.444982
2267,3032,2.443370
2268,3032,2.443370
2269,3026,2.438535
2270,3026,2.438535
2271,3024,2.436923
2272,3034,2.444982
2273,3018,2.432088
2274,3034,2.444982
2275,3016,2.430476
2276,3026,2.438535
2277,3024,2.436923
2278,3024,2.436923
2279,3010,2.425641
2280,3016,2.430476
2281,3002,2.419194
2282,3018,2.432088
2283,3002,2.419194
2284,3018,2.432088
2285,3002,2.419194
2286,3018,2.432088
2287,3000,2.417582
2288,3002,2.419194
2289,3002,2.419194
2290,2994,2.412747
2291,3000,2.417582
2292,2992,2.411136
2293,2986,2.406300
2294,3000,2.417582
2295,2971,2.394212
2296,2971,2.394212
2297,2984,2.404689
2298,2970,2.393407
2299,2970,2.393407
2300,2970,2.393407
2301,2974,2.396630
2302,2970,2.393407
2303,2968,2.391795
2304,2960,2.385348
2305,2954,2.380513
2306,2968,2.391795
2307,2968,2.391795
2308,2954,2.380513
2309,2962,2.386960
2310,2962,2.386960
2311,2946,2.374066
2312,2938,2.367619
2313,2938,2.367619
2314,2936,2.366007
2315,2936,2.366007
2316,2930,2.361172
2317,2922,2.354725
2318,2922,2.354725
2319,2922,2.354725
2320,2922,2.354725
2321,2922,2.354725
2322,2910,2.345055
2323,2930,2.361172
2324,2907,2.342637
2325,2907,2.342637
2326,2906,2.341832
2327,2922,2.354725
2328,2922,2.354725
2329,2906,2.341832
2330,2906,2.341832
2331,2920,2.353114
2332,2920,2.353114
2333,2906,2.341832
2334,2906,2.341832
2335,2906,2.341832
2336,2906,2.341832
2337,2906,2.341832
2338,2910,2.345055
2339,2910,2.345055
2340,2906,2.341832
2341,2906,2.341832
2342,2910,2.345055
2343,2906,2.341832
2344,2920,2.353114
2345,2920,2.353114
2346,2922,2.354725
2347,2922,2.354725
2348,2928,2.359560
2349,2936,2.366007
2350,2930,2.361172
2351,2938,2.367619
2352,2938,2.367619
2353,2952,2.378901
2354,2944,2.372454
2355,2946,2.374066
2356,2968,2.391795
2357,2968,2.391795
2358,2970,2.393407
2359,2970,2.393407
2360,2970,2.393407
2361,2970,2.393407
2362,2970,2.393407
2363,2970,2.393407
2364,2970,2.393407
2365,2970,2.393407
2366,2986,2.406300
2367,2971,2.394212
2368,2970,2.393407
2369,3000,2.417582
2370,3002,2.419194
2371,2992,2.411136
2372,3010,2.425641
2373,3002,2.419194
2374,3016,2.430476
2375,3018,2.432088
2376,3002,2.419194
2377,3016,2.430476
2378,3016,2.430476
2379,3002,2.419194
2380,3032,2.443370
2381,3002,2.419194
2382,3032,2.443370
2383,3034,2.444982
2384,3024,2.436923
2385,3035,2.445788
2386,3034,2.444982
2387,3034,2.444982
2388,3034,2.444982
2389,3048,2.456264
2390,3035,2.445788
2391,3072,2.475604
2392,3072,2.475604
2393,3072,2.475604
2394,3072,2.475604
2395,3072,2.475604
2396,3072,2.475604
2397,3072,2.475604
2398,3072,2.475604
2399,3080,2.482051
2400,3072,2.475604
2401,3072,2.475604
2402,3072,2.475604
2403,3082,2.483663
2404,3080,2.482051
2405,3072,2.475604
2406,3080,2.482051
2407,3080,2.482051
2408,3080,2.482051
2409,3074,2.477216
2410,3082,2.483663
2411,3080,2.482051
2412,3080,2.482051
2413,3082,2.483663
2414,3082,2.483663
2415,3088,2.488498
2416,3080,2.482051
2417,3088,2.488498
2418,3082,2.483663
2419,3088,2.488498
2420,3080,2.482051
2421,3082,2.483663
2422,3098,2.496557
2423,3088,2.488498
2424,3096,2.494945
2425,3090,2.490110
2426,3096,2.494945
2427,3098,2.496557
2428,3096,2.494945
2429,3088,2.488498
2430,3096,2.494945
2431,3098,2.496557
2432,3098,2.496557
2433,3096,2.494945
2434,3096,2.494945
2435,3102,2.499780
2436,3098,2.496557
2437,3098,2.496557
2438,3098,2.496557
2439,3098,2.496557
2440,3096,2.494945
2441,3096,2.494945
2442,3098,2.496557
2443,3099,2.497363
2444,3096,2.494945
2445,3096,2.494945
2446,3098,2.496557
2447,3099,2.497363
2448,3099,2.497363
2449,3098,2.496557
2450,3098,2.496557
2451,3098,2.496557
2452,3096,2.494945
2453,3098,2.496557
2454,3098,2.496557
2455,3099,2.497363
2456,3114,2.509451
2457,3102,2.499780
2458,3120,2.514286
2459,3099,2.497363
2460,3112,2.507839
2461,3120,2.514286
2462,3112,2.507839
2463,3099,2.497363
2464,3112,2.507839
2465,3112,2.507839
2466,3114,2.509451
2467,3098,2.496557
2468,3114,2.509451
2469,3112,2.507839
2470,3120,2.514286
2471,3120,2.514286
2472,3112,2.507839
2473,3114,2.509451
2474,3114,2.509451
2475,3114,2.509451
2476,3112,2.507839
2477,3102,2.499780
2478,3112,2.507839
2479,3128,2.520733
2480,3114,2.509451
2481,3099,2.497363
2482,3120,2.514286
2483,3128,2.520733
2484,3114,2.509451
2485,3114,2.509451
2486,3112,2.507839
2487,3114,2.509451
2488,3114,2.509451
2489,3128,2.520733
2490,3112,2.507839
2491,3112,2.507839
2492,3114,2.509451
2493,3098,2.496557
2494,3112,2.507839
2495,3114,2.509451
2496,3112,2.507839
2497,3098,2.496557
2498,3114,2.509451
2499,3114,2.509451
2500,3114,2.509451
2501,3099,2.497363
2502,3099,2.497363
2503,3102,2.499780
2504,3114,2.509451
2505,3120,2.514286
2506,3120,2.514286
2507,3114,2.509451
2508,3112,2.507839
2509,3112,2.507839
2510,3098,2.496557
2511,3120,2.514286
2512,3120,2.514286
2513,3102,2.499780
2514,3098,2.496557
2515,3112,2.507839
2516,3120,2.514286
2517,3120,2.514286
2518,3098,2.496557
2519,3114,2.509451
2520,3120,2.514286
2521,3120,2.514286
2522,3128,2.520733
2523,3098,2.496557
2524,3098,2.496557
2525,3098,2.496557
2526,3112,2.507839
2527,3120,2.514286
2528,3099,2.497363
2529,3098,2.496557
2530,3112,2.507839
2531,3122,2.515897
2532,3120,2.514286
2533,3114,2.509451
2534,3114,2.509451
2535,3114,2.509451
2536,3114,2.509451
2537,3102,2.499780
2538,3098,2.496557
2539,3112,2.507839
2540,3114,2.509451
2541,3102,2.499780
2542,3120,2.514286
2543,3098,2.496557
2544,3114,2.509451
2545,3114,2.509451
2546,3114,2.509451
2547,3098,2.496557
2548,3112,2.507839
2549,3112,2.507839
2550,3102,2.499780
2551,3098,2.496557
2552,3114,2.509451
2553,3114,2.509451
2554,3114,2.509451
2555,3112,2.507839
2556,3098,2.496557
2557,3103,2.500586
2558,3102,2.499780
2559,3099,2.497363
2560,3099,2.497363
2561,3098,2.496557
2562,3099,2.497363
2563,3098,2.496557
2564,3114,2.509451
2565,3102,2.499780
2566,3112,2.507839
2567,3102,2.499780
2568,3096,2.494945
2569,3102,2.499780
2570,3098,2.496557
2571,3112,2.507839
2572,3098,2.496557
2573,3112,2.507839
2574,3112,2.507839
2575,3112,2.507839
2576,3114,2.509451
2577,3114,2.509451
2578,3114,2.509451
2579,3114,2.509451
2580,3098,2.496557
2581,3098,2.496557
2582,3128,2.520733
2583,3102,2.499780
2584,3112,2.507839
2585,3098,2.496557
2586,3114,2.509451
2587,3098,2.496557
2588,3098,2.496557
2589,3102,2.499780
2590,3112,2.507839
2591,3122,2.515897
2592,3102,2.499780
2593,3114,2.509451
2594,3112,2.507839
2595,3099,2.497363
2596,3099,2.497363
2597,3098,2.496557
2598,3114,2.509451
2599,3102,2.499780
2600,3112,2.507839
2601,3114,2.509451
2602,3114,2.509451
2603,3114,2.509451
2604,3102,2.499780
2605,3099,2.497363
2606,3114,2.509451
2607,3098,2.496557
2608,3102,2.499780
2609,3098,2.496557
2610,3098,2.496557
2611,3112,2.507839
2612,3114,2.509451
2613,3098,2.496557
2614,3112,2.507839
2615,3120,2.514286
2616,3103,2.500586
2617,3098,2.496557
2618,3114,2.509451
2619,3114,2.509451
2620,3098,2.496557
2621,3114,2.509451
2622,3112,2.507839
2623,3112,2.507839
2624,3102,2.499780
2625,3120,2.514286
2626,3120,2.514286
2627,3098,2.496557
2628,3102,2.499780
2629,3102,2.499780
2630,3098,2.496557
2631,3096,2.494945
2632,3102,2.499780
2633,3098,2.496557
2634,3114,2.509451
2635,3102,2.499780
2636,3098,2.496557
2637,3098,2.496557
2638,3114,2.509451
2639,3098,2.496557
2640,3098,2.496557
2641,3102,2.499780
2642,3098,2.496557
2643,3102,2.499780
2644,3099,2.497363
2645,3099,2.497363
2646,3114,2.509451
2647,3098,2.496557
2648,3102,2.499780
2649,3112,2.507839
2650,3098,2.496557
2651,3112,2.507839
2652,3098,2.496557
2653,3102,2.499780
2654,3099,2.497363
2655,3099,2.497363
2656,3098,2.496557
2657,3098,2.496557
2658,3114,2.509451
2659,3098,2.496557
2660,3102,2.499780
2661,3099,2.497363
2662,3114,2.509451
2663,3096,2.494945
2664,3098,2.496557
2665,3098,2.496557
2666,3114,2.509451
2667,3096,2.494945
2668,3102,2.499780
2669,3112,2.507839
2670,3096,2.494945
2671,3098,2.496557
2672,3098,2.496557
2673,3096,2.494945
2674,3099,2.497363
2675,3098,2.496557
2676,3098,2.496557
2677,3098,2.496557
2678,3102,2.499780
2679,3112,2.507839
2680,3112,2.507839
2681,3098,2.496557
2682,3112,2.507839
2683,3098,2.496557
2684,3096,2.494945
2685,3099,2.497363
2686,3102,2.499780
2687,3114,2.509451
2688,3099,2.497363
2689,3098,2.496557
2690,3114,2.509451
2691,3098,2.496557
2692,3098,2.496557
2693,3102,2.499780
2694,3112,2.507839
2695,3099,2.497363
2696,3098,2.496557
2697,3098,2.496557
2698,3112,2.507839
2699,3098,2.496557
2700,3098,2.496557
2701,3098,2.496557
2702,3099,2.497363
2703,3096,2.494945
2704,3098,2.496557
2705,3096,2.494945
2706,3099,2.497363
2707,3096,2.494945
2708,3098,2.496557
2709,3096,2.494945
2710,3096,2.494945
2711,3096,2.494945
2712,3114,2.509451
2713,3098,2.496557
2714,3096,2.494945
2715,3098,2.496557
2716,3102,2.499780
2717,3098,2.496557
2718,3114,2.509451
2719,3098,2.496557
2720,3099,2.497363
2721,3098,2.496557
2722,3099,2.497363
2723,3098,2.496557
2724,3098,2.496557
2725,3098,2.496557
2726,3102,2.499780
2727,3098,2.496557
2728,3098,2.496557
2729,3096,2.494945
2730,3098,2.496557
2731,3096,2.494945
2732,3098,2.496557
2733,3098,2.496557
2734,3112,2.507839
2735,3099,2.497363
2736,3099,2.497363
2737,3098,2.496557
2738,3098,2.496557
2739,3098,2.496557
2740,3102,2.499780
2741,3098,2.496557
2742,3098,2.496557
2743,3102,2.499780
2744,3102,2.499780
2745,3096,2.494945
2746,3096,2.494945
2747,3112,2.507839
2748,3099,2.497363
2749,3098,2.496557
2750,3098,2.496557
2751,3099,2.497363
2752,3102,2.499780
2753,3098,2.496557
2754,3098,2.496557
2755,3099,2.497363
2756,3099,2.497363
2757,3098,2.496557
2758,3102,2.499780
2759,3098,2.496557
2760,3102,2.499780
2761,3098,2.496557
2762,3098,2.496557
2763,3112,2.507839
2764,3102,2.499780
2765,3102,2.499780
2766,3098,2.496557
2767,3098,2.496557
2768,3096,2.494945
2769,3098,2.496557
2770,3098,2.496557
2771,3098,2.496557
2772,3096,2.494945
2773,3112,2.507839
2774,3098,2.496557
2775,3098,2.496557
2776,3102,2.499780
2777,3096,2.494945
2778,3112,2.507839
2779,3098,2.496557
2780,3098,2.496557
2781,3088,2.488498
2782,3112,2.507839
2783,3098,2.496557
2784,3098,2.496557
2785,3098,2.496557
2786,3098,2.496557
2787,3098,2.496557
2788,3098,2.496557
2789,3102,2.499780
2790,3098,2.496557
2791,3099,2.497363
2792,3098,2.496557
2793,3096,2.494945
2794,3112,2.507839
2795,3098,2.496557
2796,3098,2.496557
2797,3098,2.496557
2798,3098,2.496557
2799,3102,2.499780
2800,3098,2.496557
2801,3098,2.496557
2802,3096,2.494945
2803,3096,2.494945
2804,3098,2.496557
2805,3096,2.494945
2806,3098,2.496557
2807,3090,2.490110
2808,3098,2.496557
2809,3098,2.496557
2810,3102,2.499780
2811,3102,2.499780
2812,3096,2.494945
2813,3098,2.496557
2814,3098,2.496557
2815,3098,2.496557
2816,3099,2.497363
2817,3098,2.496557
2818,3096,2.494945
2819,3098,2.496557
2820,3098,2.496557
2821,3098,2.496557
2822,3080,2.482051
2823,3098,2.496557
2824,3096,2.494945
2825,3096,2.494945
2826,3098,2.496557
2827,3098,2.496557
2828,3096,2.494945
2829,3098,2.496557
2830,3098,2.496557
2831,3096,2.494945
2832,3098,2.496557
2833,3098,2.496557
2834,3102,2.499780
2835,3088,2.488498
2836,3099,2.497363
2837,3098,2.496557
2838,3098,2.496557
2839,3098,2.496557
2840,3098,2.496557
2841,3112,2.507839
2842,3098,2.496557
2843,3098,2.496557
2844,3112,2.507839
2845,3098,2.496557
2846,3098,2.496557
2847,3098,2.496557
2848,3098,2.496557
2849,3102,2.499780
2850,3102,2.499780
2851,3088,2.488498
2852,3098,2.496557
2853,3098,2.496557
2854,3098,2.496557
2855,3098,2.496557
2856,3098,2.496557
2857,3102,2.499780
2858,3098,2.496557
2859,3098,2.496557
2860,3096,2.494945
2861,3096,2.494945
2862,3098,2.496557
2863,3098,2.496557
2864,3090,2.490110
2865,3096,2.494945
2866,3098,2.496557
2867,3096,2.494945
2868,3102,2.499780
2869,3096,2.494945
2870,3098,2.496557
2871,3098,2.496557
2872,3102,2.499780
2873,3098,2.496557
2874,3098,2.496557
2875,3098,2.496557
2876,3098,2.496557
2877,3098,2.496557
2878,3096,2.494945
2879,3098,2.496557
2880,3098,2.496557
2881,3099,2.497363
2882,3098,2.496557
2883,3098,2.496557
2884,3098,2.496557
2885,3088,2.488498
2886,3098,2.496557
2887,3098,2.496557
2888,3096,2.494945
2889,3098,2.496557
2890,3098,2.496557
2891,3098,2.496557
2892,3096,2.494945
2893,3096,2.494945
2894,3098,2.496557
2895,3098,2.496557
2896,3098,2.496557
2897,3098,2.496557
2898,3098,2.496557
2899,3096,2.494945
2900,3098,2.496557
2901,3096,2.494945
2902,3102,2.499780
2903,3098,2.496557
2904,3096,2.494945
2905,3098,2.496557
2906,3090,2.490110
2907,3098,2.496557
2908,3088,2.488498
2909,3098,2.496557
2910,3096,2.494945
2911,3096,2.494945
2912,3098,2.496557
2913,3096,2.494945
2914,3096,2.494945
2915,3098,2.496557
2916,3096,2.494945
2917,3098,2.496557
2918,3096,2.494945
2919,3098,2.496557
2920,3082,2.483663
2921,3098,2.496557
2922,3098,2.496557
2923,3098,2.496557
2924,3098,2.496557
2925,3096,2.494945
2926,3099,2.497363
2927,3096,2.494945
2928,3096,2.494945
2929,3098,2.496557
2930,3098,2.496557
2931,3096,2.494945
2932,3098,2.496557
2933,3096,2.494945
2934,3096,2.494945
2935,3098,2.496557
2936,3098,2.496557
2937,3098,2.496557
2938,3098,2.496557
2939,3096,2.494945
2940,3096,2.494945
2941,3096,2.494945
2942,3098,2.496557
2943,3096,2.494945
2944,3099,2.497363
2945,3098,2.496557
2946,3096,2.494945
2947,3090,2.490110
2948,3102,2.499780
2949,3098,2.496557
2950,3096,2.494945
2951,3098,2.496557
2952,3096,2.494945
2953,3096,2.494945
2954,3098,2.496557
2955,3096,2.494945
2956,3098,2.496557
2957,3096,2.494945
2958,3098,2.496557
2959,3096,2.494945
2960,3096,2.494945
2961,3096,2.494945
2962,3096,2.494945
2963,3098,2.496557
2964,3098,2.496557
2965,3096,2.494945
2966,3088,2.488498
2967,3088,2.488498
2968,3096,2.494945
2969,3096,2.494945
2970,3090,2.490110
2971,3096,2.494945
2972,3098,2.496557
2973,3096,2.494945
2974,3090,2.490110
2975,3096,2.494945
2976,3096,2.494945
2977,3088,2.488498
2978,3096,2.494945
2979,3098,2.496557
2980,3098,2.496557
2981,3096,2.494945
2982,3096,2.494945
2983,3096,2.494945
2984,3090,2.490110
2985,3096,2.494945
2986,3096,2.494945
2987,3088,2.488498
2988,3096,2.494945
2989,3098,2.496557
2990,3090,2.490110
2991,3096,2.494945
2992,3088,2.488498
2993,3088,2.488498
2994,3096,2.494945
2995,3096,2.494945
2996,3096,2.494945
2997,3082,2.483663
2998,3090,2.490110
2999,3088,2.488498
3000,3098,2.496557
3001,3088,2.488498
3002,3096,2.494945
3003,3082,2.483663
3004,3090,2.490110
3005,3096,2.494945
3006,3088,2.488498
3007,3082,2.483663
3008,3098,2.496557
3009,3080,2.482051
3010,3096,2.494945
3011,3088,2.488498
3012,3096,2.494945
3013,3080,2.482051
3014,3090,2.490110
3015,3082,2.483663
3016,3098,2.496557
3017,3088,2.488498
3018,3096,2.494945
3019,3088,2.488498
3020,3082,2.483663
3021,3080,2.482051
3022,3082,2.483663
3023,3080,2.482051
3024,3082,2.483663
3025,3088,2.488498
3026,3082,2.483663
3027,3082,2.483663
3028,3082,2.483663
3029,3096,2.494945
3030,3096,2.494945
3031,3082,2.483663
3032,3072,2.475604
3033,3090,2.490110
3034,3090,2.490110
3035,3082,2.483663
3036,3080,2.482051
3037,3082,2.483663
3038,3080,2.482051
3039,3090,2.490110
3040,3074,2.477216
3041,3096,2.494945
3042,3096,2.494945
3043,3080,2.482051
3044,3088,2.488498
3045,3082,2.483663
3046,3090,2.490110
3047,3080,2.482051
3048,3080,2.482051
3049,3082,2.483663
3050,3082,2.483663
3051,3082,2.483663
3052,3088,2.488498
3053,3088,2.488498
3054,3080,2.482051
3055,3082,2.483663
3056,3082,2.483663
3057,3074,2.477216
3058,3072,2.475604
3059,3082,2.483663
3060,3082,2.483663
3061,3088,2.488498
3062,3082,2.483663
3063,3074,2.477216
3064,3082,2.483663
3065,3080,2.482051
3066,3080,2.482051
3067,3072,2.475604
3068,3080,2.482051
3069,3080,2.482051
3070,3072,2.475604
3071,3082,2.483663
3072,3082,2.483663
3073,3090,2.490110
3074,3072,2.475604
3075,3072,2.475604
3076,3082,2.483663
3077,3080,2.482051
3078,3072,2.475604
3079,3072,2.475604
3080,3082,2.483663
3081,3082,2.483663
3082,3080,2.482051
3083,3080,2.482051
3084,3080,2.482051
3085,3088,2.488498
3086,3080,2.482051
3087,3072,2.475604
3088,3082,2.483663
3089,3082,2.483663
3090,3080,2.482051
3091,3080,2.482051
3092,3072,2.475604
3093,3082,2.483663
3094,3072,2.475604
3095,3072,2.475604
3096,3072,2.475604
3097,3072,2.475604
3098,3072,2.475604
3099,3074,2.477216
3100,3072,2.475604
3101,3072,2.475604
3102,3072,2.475604
3103,3072,2.475604
3104,3072,2.475604
3105,3072,2.475604
3106,3072,2.475604
3107,3072,2.475604
3108,3072,2.475604
3109,3072,2.475604
3110,3072,2.475604
3111,3072,2.475604
3112,3072,2.475604
3113,3072,2.475604
3114,3072,2.475604
3115,3072,2.475604
3116,3072,2.475604
3117,3072,2.475604
3118,3072,2.475604
3119,3072,2.475604
3120,3072,2.475604
3121,3072,2.475604
3122,3072,2.475604
3123,3072,2.475604
3124,3072,2.475604
3125,3072,2.475604
3126,3072,2.475604
3127,3072,2.475604
3128,3072,2.475604
3129,3072,2.475604
3130,3072,2.475604
3131,3072,2.475604
3132,3072,2.475604
3133,3072,2.475604
3134,3072,2.475604
3135,3072,2.475604
3136,3072,2.475604
3137,3072,2.475604
3138,3072,2.475604
3139,3072,2.475604
3140,3072,2.475604
3141,3072,2.475604
3142,3072,2.475604
3143,3072,2.475604
3144,3072,2.475604
3145,3072,2.475604
3146,3072,2.475604
3147,3072,2.475604
3148,3072,2.475604
3149,3072,2.475604
3150,3038,2.448205
3151,3048,2.456264
3152,3072,2.475604
3153,3048,2.456264
3154,3035,2.445788
3155,3038,2.448205
3156,3038,2.448205
3157,3034,2.444982
3158,3072,2.475604
3159,3038,2.448205
3160,3034,2.444982
3161,3034,2.444982
3162,3072,2.475604
3163,3048,2.456264
3164,3038,2.448205
3165,3072,2.475604
3166,3048,2.456264
3167,3072,2.475604
3168,3034,2.444982
3169,3032,2.443370
3170,3032,2.443370
3171,3048,2.456264
3172,3048,2.456264
3173,3034,2.444982
3174,3032,2.443370
3175,3032,2.443370
3176,3034,2.444982
3177,3034,2.444982
3178,3032,2.443370
3179,3034,2.444982
3180,3034,2.444982
3181,3024,2.436923
3182,3034,2.444982
3183,3026,2.438535
3184,3032,2.443370
3185,3034,2.444982
3186,3034,2.444982
3187,3034,2.444982
3188,3034,2.444982
3189,3034,2.444982
3190,3034,2.444982
3191,3024,2.436923
3192,3032,2.443370
3193,3034,2.444982
3194,3034,2.444982
3195,3024,2.436923
3196,3034,2.444982
3197,3018,2.432088
3198,3018,2.432088
3199,3024,2.436923
3200,3026,2.438535
3201,3034,2.444982
3202,3018,2.432088
3203,3024,2.436923
3204,3018,2.432088
3205,3032,2.443370
3206,3016,2.430476
3207,3018,2.432088
3208,3018,2.432088
3209,3016,2.430476
3210,3016,2.430476
3211,3016,2.430476
3212,3016,2.430476
3213,3016,2.430476
3214,3016,2.430476
3215,3008,2.424029
3216,3010,2.425641
3217,3002,2.419194
3218,3016,2.430476
3219,3002,2.419194
3220,3010,2.425641
3221,3016,2.430476
3222,3016,2.430476
3223,3000,2.417582
3224,3016,2.430476
3225,3010,2.425641
3226,3002,2.419194
3227,3002,2.419194
3228,3016,2.430476
3229,3000,2.417582
3230,3002,2.419194
3231,2992,2.411136
3232,3002,2.419194
3233,3002,2.419194
3234,3002,2.419194
3235,3000,2.417582
3236,3000,2.417582
3237,3002,2.419194
3238,3000,2.417582
3239,3000,2.417582
3240,2992,2.411136
3241,2994,2.412747
3242,2992,2.411136
3243,2984,2.404689
3244,2986,2.406300
3245,3000,2.417582
3246,3000,2.417582
3247,3000,2.417582
3248,2984,2.404689
3249,2984,2.404689
3250,3000,2.417582
3251,2986,2.406300
3252,2986,2.406300
3253,2970,2.393407
3254,2986,2.406300
3255,2992,2.411136
3256,2992,2.411136
3257,2975,2.397436
3258,2971,2.394212
3259,2984,2.404689
3260,2984,2.404689
3261,2992,2.411136
3262,2971,2.394212
3263,2984,2.404689
3264,2974,2.396630
3265,2984,2.404689
3266,2970,2.393407
3267,2970,2.393407
3268,2984,2.404689
3269,2970,2.393407
3270,2970,2.393407
3271,2970,2.393407
3272,2970,2.393407
3273,2971,2.394212
3274,2968,2.391795
3275,2970,2.393407
3276,2974,2.396630
3277,2986,2.406300
3278,2986,2.406300
3279,2970,2.393407
3280,2962,2.386960
3281,2970,2.393407
3282,2974,2.396630
3283,2968,2.391795
3284,2970,2.393407
3285,2968,2.391795
3286,2968,2.391795
3287,2968,2.391795
3288,2968,2.391795
3289,2968,2.391795
3290,2968,2.391795
3291,2968,2.391795
3292,2970,2.393407
3293,2968,2.391795
3294,2970,2.393407
3295,2960,2.385348
3296,2968,2.391795
3297,2970,2.393407
3298,2968,2.391795
3299,2962,2.386960
3300,2960,2.385348
3301,2954,2.380513
3302,2954,2.380513
3303,2970,2.393407
3304,2954,2.380513
3305,2954,2.380513
3306,2954,2.380513
3307,2952,2.378901
3308,2962,2.386960
3309,2944,2.372454
3310,2952,2.378901
3311,2970,2.393407
3312,2968,2.391795
3313,2968,2.391795
3314,2954,2.380513
3315,2960,2.385348
3316,2954,2.380513
3317,2946,2.374066
3318,2960,2.385348
3319,2962,2.386960
3320,2938,2.367619
3321,2944,2.372454
3322,2952,2.378901
3323,2952,2.378901
3324,2952,2.378901
3325,2954,2.380513
3326,2944,2.372454
3327,2954,2.380513
3328,2938,2.367619
3329,2944,2.372454
3330,2960,2.385348
3331,2952,2.378901
3332,2952,2.378901
3333,2952,2.378901
3334,2952,2.378901
3335,2946,2.374066
3336,2954,2.380513
3337,2952,2.378901
3338,2954,2.380513
3339,2952,2.378901
3340,2944,2.372454
3341,2952,2.378901
3342,2944,2.372454
3343,2936,2.366007
3344,2952,2.378901
3345,2938,2.367619
3346,2944,2.372454
3347,2952,2.378901
3348,2938,2.367619
3349,2938,2.367619
3350,2952,2.378901
3351,2944,2.372454
3352,2946,2.374066
3353,2944,2.372454
3354,2944,2.372454
3355,2946,2.374066
3356,2938,2.367619
3357,2936,2.366007
3358,2938,2.367619
3359,2936,2.366007
3360,2936,2.366007
3361,2938,2.367619
3362,2938,2.367619
3363,2936,2.366007
3364,2938,2.367619
3365,2936,2.366007
3366,2930,2.361172
3367,2938,2.367619
3368,2938,2.367619
3369,2936,2.366007
3370,2936,2.366007
3371,2936,2.366007
3372,2936,2.366007
3373,2936,2.366007
3374,2936,2.366007
3375,2938,2.367619
3376,2936,2.366007
3377,2930,2.361172
3378,2936,2.366007
3379,2944,2.372454
3380,2928,2.359560
3381,2936,2.366007
3382,2928,2.359560
3383,2922,2.354725
3384,2936,2.366007
3385,2930,2.361172
3386,2938,2.367619
3387,2936,2.366007
3388,2936,2.366007
3389,2938,2.367619
3390,2938,2.367619
3391,2930,2.361172
3392,2938,2.367619
3393,2944,2.372454
3394,2936,2.366007
3395,2928,2.359560
3396,2928,2.359560
3397,2930,2.361172
3398,2928,2.359560
3399,2936,2.366007
3400,2936,2.366007
3401,2920,2.353114
3402,2928,2.359560
3403,2928,2.359560
3404,2928,2.359560
3405,2936,2.366007
3406,2922,2.354725
3407,2928,2.359560
3408,2936,2.366007
3409,2936,2.366007
3410,2930,2.361172
3411,2930,2.361172
3412,2938,2.367619
3413,2922,2.354725
3414,2930,2.361172
3415,2922,2.354725
3416,2922,2.354725
3417,2930,2.361172
3418,2936,2.366007
3419,2922,2.354725
3420,2930,2.361172
3421,2928,2.359560
3422,2936,2.366007
3423,2922,2.354725
3424,2936,2.366007
3425,2946,2.374066
3426,2922,2.354725
3427,2920,2.353114
3428,2906,2.341832
3429,2920,2.353114
3430,2938,2.367619
3431,2922,2.354725
3432,2928,2.359560
3433,2922,2.354725
3434,2936,2.366007
3435,2920,2.353114
3436,2936,2.366007
3437,2906,2.341832
3438,2922,2.354725
3439,2928,2.359560
3440,2922,2.354725
3441,2922,2.354725
3442,2920,2.353114
3443,2922,2.354725
3444,2928,2.359560
3445,2920,2.353114
3446,2922,2.354725
3447,2922,2.354725
3448,2922,2.354725
3449,2922,2.354725
3450,2911,2.345861
3451,2920,2.353114
3452,2928,2.359560
3453,2920,2.353114
3454,2944,2.372454
3455,2907,2.342637
3456,2928,2.359560
3457,2922,2.354725
3458,2922,2.354725
3459,2920,2.353114
3460,2910,2.345055
3461,2922,2.354725
3462,2920,2.353114
3463,2922,2.354725
3464,2922,2.354725
3465,2922,2.354725
3466,2920,2.353114
3467,2907,2.342637
3468,2928,2.359560
3469,2904,2.340220
3470,2906,2.341832
3471,2906,2.341832
3472,2906,2.341832
3473,2928,2.359560
3474,2922,2.354725
3475,2906,2.341832
3476,2920,2.353114
3477,2922,2.354725
3478,2910,2.345055
3479,2904,2.340220
3480,2920,2.353114
3481,2920,2.353114
3482,2907,2.342637
3483,2922,2.354725
3484,2906,2.341832
3485,2920,2.353114
3486,2910,2.345055
3487,2906,2.341832
3488,2906,2.341832
3489,2907,2.342637
3490,2907,2.342637
3491,2922,2.354725
3492,2922,2.354725
3493,2928,2.359560
3494,2906,2.341832
3495,2907,2.342637
3496,2920,2.353114
3497,2922,2.354725
3498,2906,2.341832
3499,2920,2.353114
3500,2920,2.353114
3501,2936,2.366007
3502,2920,2.353114
3503,2920,2.353114
3504,2906,2.341832
3505,2910,2.345055
3506,2920,2.353114
3507,2920,2.353114
3508,2920,2.353114
3509,2922,2.354725
3510,2910,2.345055
3511,2920,2.353114
3512,2922,2.354725
3513,2906,2.341832
3514,2906,2.341832
3515,2920,2.353114
3516,2906,2.341832
3517,2904,2.340220
3518,2906,2.341832
3519,2907,2.342637
3520,2907,2.342637
3521,2920,2.353114
3522,2920,2.353114
3523,2904,2.340220
3524,2920,2.353114
3525,2910,2.345055
3526,2906,2.341832
3527,2910,2.345055
3528,2920,2.353114
3529,2907,2.342637
3530,2910,2.345055
3531,2906,2.341832
3532,2920,2.353114
3533,2906,2.341832
3534,2910,2.345055
3535,2920,2.353114
3536,2906,2.341832
3537,2904,2.340220
3538,2906,2.341832
3539,2910,2.345055
3540,2928,2.359560
3541,2907,2.342637
3542,2906,2.341832
3543,2904,2.340220
3544,2906,2.341832
3545,2910,2.345055
3546,2922,2.354725
3547,2906,2.341832
3548,2906,2.341832
3549,2910,2.345055
3550,2904,2.340220
3551,2922,2.354725
3552,2906,2.341832
3553,2907,2.342637
3554,2906,2.341832
3555,2906,2.341832
3556,2920,2.353114
3557,2906,2.341832
3558,2920,2.353114
3559,2906,2.341832
3560,2920,2.353114
3561,2906,2.341832
3562,2904,2.340220
3563,2904,2.340220
3564,2904,2.340220
3565,2906,2.341832
3566,2906,2.341832
3567,2920,2.353114
3568,2906,2.341832
3569,2906,2.341832
3570,2896,2.333773
3571,2920,2.353114
3572,2906,2.341832
3573,2920,2.353114
3574,2922,2.354725
3575,2906,2.341832
3576,2906,2.341832
3577,2920,2.353114
3578,2906,2.341832
3579,2906,2.341832
3580,2920,2.353114
3581,2904,2.340220
3582,2904,2.340220
3583,2898,2.335385
3584,2906,2.341832
3585,2922,2.354725
3586,2907,2.342637
3587,2906,2.341832
3588,2907,2.342637
3589,2906,2.341832
3590,2906,2.341832
3591,2906,2.341832
3592,2907,2.342637
3593,2896,2.333773
3594,2906,2.341832
3595,2920,2.353114
3596,2906,2.341832
3597,2906,2.341832
3598,2906,2.341832
3599,2906,2.341832
3600,2906,2.341832
3601,2904,2.340220
3602,2910,2.345055
3603,2904,2.340220
3604,2906,2.341832
3605,2906,2.341832
3606,2906,2.341832
3607,2922,2.354725
3608,2906,2.341832
3609,2906,2.341832
3610,2920,2.353114
3611,2904,2.340220
3612,2906,2.341832
3613,2907,2.342637
3614,2898,2.335385
3615,2904,2.340220
3616,2907,2.342637
3617,2922,2.354725
3618,2906,2.341832
3619,2920,2.353114
3620,2906,2.341832
3621,2906,2.341832
3622,2904,2.340220
3623,2910,2.345055
3624,2910,2.345055
3625,2906,2.341832
3626,2906,2.341832
3627,2906,2.341832
3628,2910,2.345055
3629,2898,2.335385
3630,2910,2.345055
3631,2906,2.341832
3632,2904,2.340220
3633,2906,2.341832
3634,2906,2.341832
3635,2906,2.341832
3636,2904,2.340220
3637,2906,2.341832
3638,2904,2.340220
3639,2906,2.341832
3640,2922,2.354725
3641,2922,2.354725
3642,2906,2.341832
3643,2906,2.341832
3644,2907,2.342637
3645,2906,2.341832
3646,2906,2.341832
3647,2906,2.341832
