Pixel,ADC,VoltageV
1,3941,3.175897
2,3945,3.179121
3,3945,3.179121
4,3933,3.169451
5,3933,3.169451
6,3933,3.169451
7,3933,3.169451
8,3933,3.169451
9,3933,3.169451
10,3933,3.169451
11,3933,3.169451
12,3933,3.169451
13,3933,3.169451
14,3933,3.169451
15,3929,3.166227
16,3929,3.166227
17,3345,2.695604
18,2881,2.321685
19,2897,2.334579
20,2913,2.347473
21,2909,2.344249
22,2913,2.347473
23,2913,2.347473
24,2905,2.341026
25,2921,2.353919
26,2909,2.344249
27,2913,2.347473
28,2917,2.350696
29,2909,2.344249
30,2921,2.353919
31,2905,2.341026
32,2905,2.341026
33,2917,2.350696
34,2913,2.347473
35,2928,2.359560
36,2929,2.360366
37,2921,2.353919
38,2921,2.353919
39,2929,2.360366
40,2929,2.360366
41,2913,2.347473
42,2921,2.353919
43,2921,2.353919
44,2929,2.360366
45,2929,2.360366
46,2917,2.350696
47,2928,2.359560
48,2909,2.344249
49,2913,2.347473
50,2913,2.347473
51,2929,2.360366
52,2913,2.347473
53,2929,2.360366
54,2917,2.350696
55,2909,2.344249
56,2921,2.353919
57,2929,2.360366
58,2917,2.350696
59,2913,2.347473
60,2913,2.347473
61,2921,2.353919
62,2921,2.353919
63,2921,2.353919
64,2909,2.344249
65,2917,2.350696
66,2921,2.353919
67,2928,2.359560
68,2909,2.344249
69,2909,2.344249
70,2913,2.347473
71,2913,2.347473
72,2917,2.350696
73,2921,2.353919
74,2909,2.344249
75,2905,2.341026
76,2913,2.347473
77,2909,2.344249
78,2921,2.353919
79,2925,2.357143
80,2921,2.353919
81,2909,2.344249
82,2917,2.350696
83,2909,2.344249
84,2921,2.353919
85,2929,2.360366
86,2921,2.353919
87,2928,2.359560
88,2905,2.341026
89,2929,2.360366
90,2921,2.353919
91,2913,2.347473
92,2921,2.353919
93,2929,2.360366
94,2909,2.344249
95,2917,2.350696
96,2928,2.359560
97,2909,2.344249
98,2913,2.347473
99,2909,2.344249
100,2921,2.353919
101,2921,2.353919
102,2917,2.350696
103,2921,2.353919
104,2929,2.360366
105,2913,2.347473
106,2909,2.344249
107,2917,2.350696
108,2925,2.357143
109,2909,2.344249
110,2917,2.350696
111,2909,2.344249
112,2917,2.350696
113,2917,2.350696
114,2917,2.350696
115,2928,2.359560
116,2921,2.353919
117,2913,2.347473
118,2905,2.341026
119,2905,2.341026
120,2909,2.344249
121,2909,2.344249
122,2905,2.341026
123,2921,2.353919
124,2913,2.347473
125,2897,2.334579
126,2909,2.344249
127,2909,2.344249
128,2905,2.341026
129,2929,2.360366
130,2917,2.350696
131,2905,2.341026
132,2921,2.353919
133,2909,2.344249
134,2920,2.353114
135,2913,2.347473
136,2917,2.350696
137,2909,2.344249
138,2921,2.353919
139,2921,2.353919
140,2913,2.347473
141,2921,2.353919
142,2937,2.366813
143,2929,2.360366
144,2937,2.366813
145,2917,2.350696
146,2921,2.353919
147,2913,2.347473
148,2921,2.353919
149,2928,2.359560
150,2928,2.359560
151,2929,2.360366
152,2937,2.366813
153,2921,2.353919
154,2921,2.353919
155,2929,2.360366
156,2929,2.360366
157,2921,2.353919
158,2928,2.359560
159,2929,2.360366
160,2917,2.350696
161,2921,2.353919
162,2933,2.363590
163,2913,2.347473
164,2933,2.363590
165,2913,2.347473
166,2929,2.360366
167,2913,2.347473
168,2921,2.353919
169,2921,2.353919
170,2921,2.353919
171,2913,2.347473
172,2921,2.353919
173,2928,2.359560
174,2921,2.353919
175,2913,2.347473
176,2929,2.360366
177,2921,2.353919
178,2929,2.360366
179,2921,2.353919
180,2929,2.360366
181,2929,2.360366
182,2937,2.366813
183,2909,2.344249
184,2933,2.363590
185,2917,2.350696
186,2929,2.360366
187,2917,2.350696
188,2929,2.360366
189,2921,2.353919
190,2921,2.353919
191,2909,2.344249
192,2921,2.353919
193,2921,2.353919
194,2909,2.344249
195,2905,2.341026
196,2913,2.347473
197,2905,2.341026
198,2921,2.353919
199,2909,2.344249
200,2921,2.353919
201,2921,2.353919
202,2929,2.360366
203,2921,2.353919
204,2905,2.341026
205,2921,2.353919
206,2921,2.353919
207,2921,2.353919
208,2929,2.360366
209,2921,2.353919
210,2909,2.344249
211,2913,2.347473
212,2909,2.344249
213,2917,2.350696
214,2921,2.353919
215,2921,2.353919
216,2913,2.347473
217,2921,2.353919
218,2921,2.353919
219,2921,2.353919
220,2929,2.360366
221,2928,2.359560
222,2913,2.347473
223,2933,2.363590
224,2929,2.360366
225,2917,2.350696
226,2913,2.347473
227,2913,2.347473
228,2921,2.353919
229,2929,2.360366
230,2929,2.360366
231,2921,2.353919
232,2928,2.359560
233,2929,2.360366
234,2921,2.353919
235,2929,2.360366
236,2929,2.360366
237,2929,2.360366
238,2929,2.360366
239,2921,2.353919
240,2929,2.360366
241,2929,2.360366
242,2933,2.363590
243,2928,2.359560
244,2929,2.360366
245,2921,2.353919
246,2929,2.360366
247,2929,2.360366
248,2933,2.363590
249,2921,2.353919
250,2921,2.353919
251,2921,2.353919
252,2933,2.363590
253,2921,2.353919
254,2928,2.359560
255,2921,2.353919
256,2921,2.353919
257,2921,2.353919
258,2921,2.353919
259,2921,2.353919
260,2921,2.353919
261,2921,2.353919
262,2913,2.347473
263,2921,2.353919
264,2921,2.353919
265,2921,2.353919
266,2909,2.344249
267,2909,2.344249
268,2929,2.360366
269,2917,2.350696
270,2929,2.360366
271,2921,2.353919
272,2937,2.366813
273,2909,2.344249
274,2921,2.353919
275,2921,2.353919
276,2929,2.360366
277,2928,2.359560
278,2913,2.347473
279,2913,2.347473
280,2921,2.353919
281,2909,2.344249
282,2933,2.363590
283,2929,2.360366
284,2921,2.353919
285,2921,2.353919
286,2913,2.347473
287,2909,2.344249
288,2921,2.353919
289,2937,2.366813
290,2929,2.360366
291,2929,2.360366
292,2929,2.360366
293,2921,2.353919
294,2929,2.360366
295,2917,2.350696
296,2921,2.353919
297,2929,2.360366
298,2921,2.353919
299,2921,2.353919
300,2929,2.360366
301,2929,2.360366
302,2937,2.366813
303,2921,2.353919
304,2921,2.353919
305,2921,2.353919
306,2929,2.360366
307,2921,2.353919
308,2933,2.363590
309,2933,2.363590
310,2929,2.360366
311,2921,2.353919
312,2929,2.360366
313,2921,2.353919
314,2937,2.366813
315,2929,2.360366
316,2937,2.366813
317,2917,2.350696
318,2921,2.353919
319,2928,2.359560
320,2929,2.360366
321,2929,2.360366
322,2928,2.359560
323,2921,2.353919
324,2921,2.353919
325,2921,2.353919
326,2929,2.360366
327,2917,2.350696
328,2929,2.360366
329,2941,2.370037
330,2925,2.357143
331,2937,2.366813
332,2941,2.370037
333,2937,2.366813
334,2929,2.360366
335,2941,2.370037
336,2937,2.366813
337,2941,2.370037
338,2937,2.366813
339,2941,2.370037
340,2937,2.366813
341,2937,2.366813
342,2941,2.370037
343,2941,2.370037
344,2953,2.379707
345,2941,2.370037
346,2943,2.371648
347,2949,2.376484
348,2941,2.370037
349,2937,2.366813
350,2937,2.366813
351,2933,2.363590
352,2941,2.370037
353,2929,2.360366
354,2937,2.366813
355,2941,2.370037
356,2941,2.370037
357,2933,2.363590
358,2941,2.370037
359,2941,2.370037
360,2933,2.363590
361,2941,2.370037
362,2953,2.379707
363,2941,2.370037
364,2949,2.376484
365,2945,2.373260
366,2937,2.366813
367,2937,2.366813
368,2941,2.370037
369,2933,2.363590
370,2941,2.370037
371,2937,2.366813
372,2941,2.370037
373,2937,2.366813
374,2937,2.366813
375,2937,2.366813
376,2929,2.360366
377,2937,2.366813
378,2941,2.370037
379,2941,2.370037
380,2928,2.359560
381,2929,2.360366
382,2937,2.366813
383,2921,2.353919
384,2921,2.353919
385,2928,2.359560
386,2929,2.360366
387,2937,2.366813
388,2937,2.366813
389,2928,2.359560
390,2928,2.359560
391,2929,2.360366
392,2929,2.360366
393,2929,2.360366
394,2929,2.360366
395,2921,2.353919
396,2929,2.360366
397,2937,2.366813
398,2941,2.370037
399,2937,2.366813
400,2937,2.366813
401,2945,2.373260
402,2929,2.360366
403,2937,2.366813
404,2941,2.370037
405,2941,2.370037
406,2937,2.366813
407,2937,2.366813
408,2941,2.370037
409,2929,2.360366
410,2933,2.363590
411,2937,2.366813
412,2937,2.366813
413,2937,2.366813
414,2937,2.366813
415,2937,2.366813
416,2937,2.366813
417,2937,2.366813
418,2929,2.360366
419,2929,2.360366
420,2929,2.360366
421,2929,2.360366
422,2941,2.370037
423,2929,2.360366
424,2941,2.370037
425,2937,2.366813
426,2937,2.366813
427,2937,2.366813
428,2941,2.370037
429,2941,2.370037
430,2929,2.360366
431,2937,2.366813
432,2937,2.366813
433,2941,2.370037
434,2933,2.363590
435,2933,2.363590
436,2937,2.366813
437,2933,2.363590
438,2929,2.360366
439,2941,2.370037
440,2933,2.363590
441,2929,2.360366
442,2941,2.370037
443,2937,2.366813
444,2929,2.360366
445,2929,2.360366
446,2937,2.366813
447,2929,2.360366
448,2937,2.366813
449,2937,2.366813
450,2929,2.360366
451,2929,2.360366
452,2941,2.370037
453,2937,2.366813
454,2941,2.370037
455,2937,2.366813
456,2941,2.370037
457,2928,2.359560
458,2937,2.366813
459,2937,2.366813
460,2945,2.373260
461,2937,2.366813
462,2941,2.370037
463,2937,2.366813
464,2941,2.370037
465,2937,2.366813
466,2953,2.379707
467,2953,2.379707
468,2941,2.370037
469,2929,2.360366
470,2929,2.360366
471,2960,2.385348
472,2929,2.360366
473,2937,2.366813
474,2937,2.366813
475,2933,2.363590
476,2937,2.366813
477,2929,2.360366
478,2945,2.373260
479,2945,2.373260
480,2937,2.366813
481,2961,2.386154
482,2949,2.376484
483,2953,2.379707
484,2953,2.379707
485,2945,2.373260
486,2953,2.379707
487,2949,2.376484
488,2953,2.379707
489,2953,2.379707
490,2953,2.379707
491,2953,2.379707
492,2960,2.385348
493,2952,2.378901
494,2941,2.370037
495,2933,2.363590
496,2937,2.366813
497,2941,2.370037
498,2941,2.370037
499,2937,2.366813
500,2945,2.373260
501,2937,2.366813
502,2941,2.370037
503,2937,2.366813
504,2937,2.366813
505,2945,2.373260
506,2961,2.386154
507,2953,2.379707
508,2941,2.370037
509,2953,2.379707
510,2949,2.376484
511,2961,2.386154
512,2949,2.376484
513,2945,2.373260
514,2949,2.376484
515,2953,2.379707
516,2953,2.379707
517,2949,2.376484
518,2949,2.376484
519,2941,2.370037
520,2941,2.370037
521,2937,2.366813
522,2941,2.370037
523,2941,2.370037
524,2941,2.370037
525,2937,2.366813
526,2945,2.373260
527,2941,2.370037
528,2941,2.370037
529,2941,2.370037
530,2937,2.366813
531,2945,2.373260
532,2953,2.379707
533,2961,2.386154
534,2953,2.379707
535,2961,2.386154
536,2949,2.376484
537,2941,2.370037
538,2953,2.379707
539,2949,2.376484
540,2953,2.379707
541,2953,2.379707
542,2960,2.385348
543,2961,2.386154
544,2961,2.386154
545,2953,2.379707
546,2969,2.392601
547,2953,2.379707
548,2961,2.386154
549,2953,2.379707
550,2953,2.379707
551,2953,2.379707
552,2945,2.373260
553,2941,2.370037
554,2961,2.386154
555,2941,2.370037
556,2945,2.373260
557,2945,2.373260
558,2941,2.370037
559,2941,2.370037
560,2937,2.366813
561,2941,2.370037
562,2937,2.366813
563,2949,2.376484
564,2941,2.370037
565,2937,2.366813
566,2941,2.370037
567,2941,2.370037
568,2953,2.379707
569,2941,2.370037
570,2953,2.379707
571,2953,2.379707
572,2961,2.386154
573,2949,2.376484
574,2949,2.376484
575,2945,2.373260
576,2945,2.373260
577,2953,2.379707
578,2937,2.366813
579,2949,2.376484
580,2937,2.366813
581,2953,2.379707
582,2961,2.386154
583,2953,2.379707
584,2937,2.366813
585,2941,2.370037
586,2937,2.366813
587,2937,2.366813
588,2953,2.379707
589,2937,2.366813
590,2937,2.366813
591,2941,2.370037
592,2949,2.376484
593,2953,2.379707
594,2945,2.373260
595,2953,2.379707
596,2949,2.376484
597,2929,2.360366
598,2937,2.366813
599,2941,2.370037
600,2941,2.370037
601,2945,2.373260
602,2941,2.370037
603,2937,2.366813
604,2949,2.376484
605,2937,2.366813
606,2941,2.370037
607,2941,2.370037
608,2953,2.379707
609,2945,2.373260
610,2941,2.370037
611,2941,2.370037
612,2945,2.373260
613,2943,2.371648
614,2953,2.379707
615,2960,2.385348
616,2937,2.366813
617,2949,2.376484
618,2945,2.373260
619,2953,2.379707
620,2941,2.370037
621,2960,2.385348
622,2945,2.373260
623,2941,2.370037
624,2941,2.370037
625,2945,2.373260
626,2953,2.379707
627,2941,2.370037
628,2937,2.366813
629,2937,2.366813
630,2953,2.379707
631,2941,2.370037
632,2937,2.366813
633,2937,2.366813
634,2941,2.370037
635,2941,2.370037
636,2937,2.366813
637,2941,2.370037
638,2941,2.370037
639,2941,2.370037
640,2949,2.376484
641,2937,2.366813
642,2953,2.379707
643,2949,2.376484
644,2953,2.379707
645,2961,2.386154
646,2961,2.386154
647,2945,2.373260
648,2960,2.385348
649,2961,2.386154
650,2953,2.379707
651,2941,2.370037
652,2960,2.385348
653,2945,2.373260
654,2941,2.370037
655,2953,2.379707
656,2945,2.373260
657,2941,2.370037
658,2945,2.373260
659,2929,2.360366
660,2945,2.373260
661,2953,2.379707
662,2945,2.373260
663,2953,2.379707
664,2961,2.386154
665,2941,2.370037
666,2953,2.379707
667,2941,2.370037
668,2953,2.379707
669,2953,2.379707
670,2949,2.376484
671,2941,2.370037
672,2953,2.379707
673,2941,2.370037
674,2945,2.373260
675,2945,2.373260
676,2953,2.379707
677,2941,2.370037
678,2953,2.379707
679,2949,2.376484
680,2949,2.376484
681,2941,2.370037
682,2949,2.376484
683,2953,2.379707
684,2953,2.379707
685,2960,2.385348
686,2953,2.379707
687,2953,2.379707
688,2953,2.379707
689,2961,2.386154
690,2953,2.379707
691,2960,2.385348
692,2941,2.370037
693,2953,2.379707
694,2949,2.376484
695,2937,2.366813
696,2953,2.379707
697,2945,2.373260
698,2949,2.376484
699,2945,2.373260
700,2953,2.379707
701,2953,2.379707
702,2961,2.386154
703,2961,2.386154
704,2953,2.379707
705,2943,2.371648
706,2949,2.376484
707,2960,2.385348
708,2961,2.386154
709,2953,2.379707
710,2960,2.385348
711,2961,2.386154
712,2969,2.392601
713,2961,2.386154
714,2961,2.386154
715,2953,2.379707
716,2953,2.379707
717,2961,2.386154
718,2969,2.392601
719,2965,2.389377
720,2969,2.392601
721,2961,2.386154
722,2961,2.386154
723,2965,2.389377
724,2961,2.386154
725,2969,2.392601
726,2961,2.386154
727,2953,2.379707
728,2961,2.386154
729,2961,2.386154
730,2953,2.379707
731,2953,2.379707
732,2953,2.379707
733,2961,2.386154
734,2961,2.386154
735,2953,2.379707
736,2941,2.370037
737,2949,2.376484
738,2960,2.385348
739,2961,2.386154
740,2961,2.386154
741,2953,2.379707
742,2961,2.386154
743,2961,2.386154
744,2953,2.379707
745,2953,2.379707
746,2941,2.370037
747,2953,2.379707
748,2953,2.379707
749,2960,2.385348
750,2961,2.386154
751,2961,2.386154
752,2953,2.379707
753,2960,2.385348
754,2941,2.370037
755,2945,2.373260
756,2949,2.376484
757,2960,2.385348
758,2961,2.386154
759,2945,2.373260
760,2961,2.386154
761,2953,2.379707
762,2949,2.376484
763,2961,2.386154
764,2953,2.379707
765,2953,2.379707
766,2961,2.386154
767,2969,2.392601
768,2945,2.373260
769,2960,2.385348
770,2960,2.385348
771,2953,2.379707
772,2969,2.392601
773,2961,2.386154
774,2961,2.386154
775,2973,2.395824
776,2961,2.386154
777,2961,2.386154
778,2969,2.392601
779,2960,2.385348
780,2961,2.386154
781,2961,2.386154
782,2960,2.385348
783,2965,2.389377
784,2961,2.386154
785,2941,2.370037
786,2969,2.392601
787,2957,2.382930
788,2961,2.386154
789,2953,2.379707
790,2945,2.373260
791,2965,2.389377
792,2960,2.385348
793,2965,2.389377
794,2973,2.395824
795,2961,2.386154
796,2965,2.389377
797,2969,2.392601
798,2969,2.392601
799,2961,2.386154
800,2961,2.386154
801,2969,2.392601
802,2969,2.392601
803,2961,2.386154
804,2965,2.389377
805,2969,2.392601
806,2969,2.392601
807,2973,2.395824
808,2969,2.392601
809,2969,2.392601
810,2969,2.392601
811,2981,2.402271
812,2969,2.392601
813,2965,2.389377
814,2973,2.395824
815,2969,2.392601
816,2953,2.379707
817,2969,2.392601
818,2961,2.386154
819,2953,2.379707
820,2961,2.386154
821,2961,2.386154
822,2969,2.392601
823,2969,2.392601
824,2969,2.392601
825,2973,2.395824
826,2969,2.392601
827,2969,2.392601
828,2969,2.392601
829,2969,2.392601
830,2969,2.392601
831,2973,2.395824
832,2969,2.392601
833,2973,2.395824
834,2985,2.405495
835,2977,2.399048
836,2973,2.395824
837,2973,2.395824
838,2977,2.399048
839,2961,2.386154
840,2985,2.405495
841,2985,2.405495
842,2975,2.397436
843,2977,2.399048
844,2973,2.395824
845,2985,2.405495
846,2973,2.395824
847,2973,2.395824
848,2985,2.405495
849,2969,2.392601
850,2985,2.405495
851,2973,2.395824
852,2992,2.411136
853,2981,2.402271
854,2993,2.411941
855,3001,2.418388
856,2985,2.405495
857,2993,2.411941
858,2981,2.402271
859,2993,2.411941
860,2992,2.411136
861,2985,2.405495
862,3001,2.418388
863,2985,2.405495
864,2992,2.411136
865,2993,2.411941
866,2981,2.402271
867,2985,2.405495
868,2992,2.411136
869,2985,2.405495
870,2977,2.399048
871,2973,2.395824
872,2969,2.392601
873,2973,2.395824
874,2985,2.405495
875,2973,2.395824
876,2973,2.395824
877,2973,2.395824
878,2985,2.405495
879,2973,2.395824
880,2985,2.405495
881,2969,2.392601
882,2985,2.405495
883,2981,2.402271
884,2965,2.389377
885,2973,2.395824
886,2961,2.386154
887,2969,2.392601
888,2973,2.395824
889,2969,2.392601
890,2973,2.395824
891,2973,2.395824
892,2969,2.392601
893,2981,2.402271
894,2975,2.397436
895,2977,2.399048
896,2977,2.399048
897,2965,2.389377
898,2977,2.399048
899,2973,2.395824
900,2981,2.402271
901,2992,2.411136
902,2973,2.395824
903,2993,2.411941
904,2973,2.395824
905,2985,2.405495
906,2973,2.395824
907,2973,2.395824
908,2985,2.405495
909,2993,2.411941
910,2985,2.405495
911,2993,2.411941
912,2985,2.405495
913,2985,2.405495
914,2985,2.405495
915,2985,2.405495
916,2985,2.405495
917,2984,2.404689
918,2969,2.392601
919,2973,2.395824
920,2985,2.405495
921,2985,2.405495
922,2977,2.399048
923,2993,2.411941
924,2969,2.392601
925,2977,2.399048
926,2992,2.411136
927,2985,2.405495
928,2985,2.405495
929,2985,2.405495
930,2981,2.402271
931,2981,2.402271
932,2985,2.405495
933,2973,2.395824
934,2981,2.402271
935,2981,2.402271
936,2969,2.392601
937,2977,2.399048
938,2977,2.399048
939,2985,2.405495
940,2981,2.402271
941,2969,2.392601
942,2977,2.399048
943,3001,2.418388
944,2981,2.402271
945,2992,2.411136
946,2985,2.405495
947,2977,2.399048
948,2992,2.411136
949,2969,2.392601
950,2969,2.392601
951,2985,2.405495
952,2985,2.405495
953,2997,2.415165
954,2993,2.411941
955,2993,2.411941
956,2985,2.405495
957,2985,2.405495
958,3009,2.424835
959,2993,2.411941
960,2993,2.411941
961,2993,2.411941
962,3001,2.418388
963,2985,2.405495
964,2985,2.405495
965,2993,2.411941
966,2985,2.405495
967,2985,2.405495
968,2993,2.411941
969,2985,2.405495
970,2985,2.405495
971,2977,2.399048
972,2977,2.399048
973,2993,2.411941
974,2993,2.411941
975,2985,2.405495
976,2985,2.405495
977,2992,2.411136
978,2985,2.405495
979,2997,2.415165
980,2993,2.411941
981,2992,2.411136
982,2992,2.411136
983,2992,2.411136
984,3001,2.418388
985,3001,2.418388
986,2993,2.411941
987,2993,2.411941
988,2985,2.405495
989,2993,2.411941
990,2985,2.405495
991,2993,2.411941
992,2993,2.411941
993,3001,2.418388
994,2997,2.415165
995,3009,2.424835
996,3009,2.424835
997,3001,2.418388
998,3001,2.418388
999,2997,2.415165
1000,2997,2.415165
1001,2992,2.411136
1002,2992,2.411136
1003,3008,2.424029
1004,2993,2.411941
1005,2985,2.405495
1006,2973,2.395824
1007,3001,2.418388
1008,2993,2.411941
1009,2993,2.411941
1010,3001,2.418388
1011,2993,2.411941
1012,2997,2.415165
1013,3008,2.424029
1014,3008,2.424029
1015,2993,2.411941
1016,3009,2.424835
1017,3009,2.424835
1018,3001,2.418388
1019,3009,2.424835
1020,2993,2.411941
1021,2997,2.415165
1022,3001,2.418388
1023,3013,2.428059
1024,3001,2.418388
1025,2993,2.411941
1026,2993,2.411941
1027,2993,2.411941
1028,2993,2.411941
1029,3008,2.424029
1030,2997,2.415165
1031,3001,2.418388
1032,3001,2.418388
1033,3001,2.418388
1034,3017,2.431282
1035,3009,2.424835
1036,3001,2.418388
1037,3009,2.424835
1038,3009,2.424835
1039,3009,2.424835
1040,3001,2.418388
1041,3009,2.424835
1042,3008,2.424029
1043,3009,2.424835
1044,3008,2.424029
1045,3001,2.418388
1046,3001,2.418388
1047,2997,2.415165
1048,3017,2.431282
1049,3017,2.431282
1050,3009,2.424835
1051,3017,2.431282
1052,3009,2.424835
1053,3009,2.424835
1054,3017,2.431282
1055,3013,2.428059
1056,3009,2.424835
1057,3009,2.424835
1058,3013,2.428059
1059,3013,2.428059
1060,3001,2.418388
1061,3001,2.418388
1062,3009,2.424835
1063,2997,2.415165
1064,2997,2.415165
1065,3001,2.418388
1066,3008,2.424029
1067,3016,2.430476
1068,3017,2.431282
1069,3009,2.424835
1070,3024,2.436923
1071,3024,2.436923
1072,3009,2.424835
1073,3017,2.431282
1074,3013,2.428059
1075,3009,2.424835
1076,3025,2.437729
1077,3025,2.437729
1078,3008,2.424029
1079,3009,2.424835
1080,3017,2.431282
1081,3025,2.437729
1082,3009,2.424835
1083,3017,2.431282
1084,3009,2.424835
1085,3001,2.418388
1086,3009,2.424835
1087,3009,2.424835
1088,3013,2.428059
1089,3013,2.428059
1090,3009,2.424835
1091,3009,2.424835
1092,3009,2.424835
1093,3017,2.431282
1094,3008,2.424029
1095,3025,2.437729
1096,3009,2.424835
1097,3017,2.431282
1098,3017,2.431282
1099,3025,2.437729
1100,3009,2.424835
1101,3017,2.431282
1102,3009,2.424835
1103,3009,2.424835
1104,3024,2.436923
1105,3017,2.431282
1106,3009,2.424835
1107,3009,2.424835
1108,3009,2.424835
1109,3009,2.424835
1110,3009,2.424835
1111,3017,2.431282
1112,3017,2.431282
1113,3017,2.431282
1114,3025,2.437729
1115,3024,2.436923
1116,3013,2.428059
1117,3025,2.437729
1118,3025,2.437729
1119,3017,2.431282
1120,3025,2.437729
1121,3009,2.424835
1122,3033,2.444176
1123,3024,2.436923
1124,3033,2.444176
1125,3024,2.436923
1126,3025,2.437729
1127,3025,2.437729
1128,3025,2.437729
1129,3025,2.437729
1130,3025,2.437729
1131,3025,2.437729
1132,3049,2.457070
1133,3033,2.444176
1134,3025,2.437729
1135,3024,2.436923
1136,3024,2.436923
1137,3017,2.431282
1138,3025,2.437729
1139,3025,2.437729
1140,3017,2.431282
1141,3025,2.437729
1142,3025,2.437729
1143,3009,2.424835
1144,3017,2.431282
1145,3025,2.437729
1146,3029,2.440952
1147,3033,2.444176
1148,3017,2.431282
1149,3025,2.437729
1150,3029,2.440952
1151,3025,2.437729
1152,3025,2.437729
1153,3033,2.444176
1154,3025,2.437729
1155,3029,2.440952
1156,3029,2.440952
1157,3037,2.447399
1158,3029,2.440952
1159,3033,2.444176
1160,3025,2.437729
1161,3025,2.437729
1162,3024,2.436923
1163,3017,2.431282
1164,3033,2.444176
1165,3025,2.437729
1166,3033,2.444176
1167,3029,2.440952
1168,3033,2.444176
1169,3029,2.440952
1170,3017,2.431282
1171,3025,2.437729
1172,3025,2.437729
1173,3025,2.437729
1174,3033,2.444176
1175,3033,2.444176
1176,3025,2.437729
1177,3025,2.437729
1178,3025,2.437729
1179,3033,2.444176
1180,3025,2.437729
1181,3033,2.444176
1182,3025,2.437729
1183,3037,2.447399
1184,3041,2.450623
1185,3041,2.450623
1186,3033,2.444176
1187,3033,2.444176
1188,3037,2.447399
1189,3037,2.447399
1190,3037,2.447399
1191,3033,2.444176
1192,3033,2.444176
1193,3033,2.444176
1194,3037,2.447399
1195,3041,2.450623
1196,3025,2.437729
1197,3033,2.444176
1198,3037,2.447399
1199,3049,2.457070
1200,3049,2.457070
1201,3033,2.444176
1202,3049,2.457070
1203,3045,2.453846
1204,3037,2.447399
1205,3025,2.437729
1206,3033,2.444176
1207,3029,2.440952
1208,3033,2.444176
1209,3033,2.444176
1210,3041,2.450623
1211,3041,2.450623
1212,3049,2.457070
1213,3033,2.444176
1214,3041,2.450623
1215,3037,2.447399
1216,3037,2.447399
1217,3033,2.444176
1218,3037,2.447399
1219,3049,2.457070
1220,3037,2.447399
1221,3037,2.447399
1222,3056,2.462711
1223,3037,2.447399
1224,3049,2.457070
1225,3037,2.447399
1226,3037,2.447399
1227,3033,2.444176
1228,3033,2.444176
1229,3037,2.447399
1230,3033,2.444176
1231,3037,2.447399
1232,3049,2.457070
1233,3049,2.457070
1234,3033,2.444176
1235,3049,2.457070
1236,3033,2.444176
1237,3025,2.437729
1238,3037,2.447399
1239,3049,2.457070
1240,3037,2.447399
1241,3041,2.450623
1242,3049,2.457070
1243,3037,2.447399
1244,3049,2.457070
1245,3049,2.457070
1246,3049,2.457070
1247,3037,2.447399
1248,3072,2.475604
1249,3072,2.475604
1250,3049,2.457070
1251,3056,2.462711
1252,3045,2.453846
1253,3056,2.462711
1254,3049,2.457070
1255,3072,2.475604
1256,3057,2.463516
1257,3057,2.463516
1258,3041,2.450623
1259,3056,2.462711
1260,3072,2.475604
1261,3057,2.463516
1262,3049,2.457070
1263,3037,2.447399
1264,3049,2.457070
1265,3049,2.457070
1266,3057,2.463516
1267,3049,2.457070
1268,3049,2.457070
1269,3041,2.450623
1270,3056,2.462711
1271,3049,2.457070
1272,3072,2.475604
1273,3072,2.475604
1274,3072,2.475604
1275,3056,2.462711
1276,3056,2.462711
1277,3072,2.475604
1278,3057,2.463516
1279,3049,2.457070
1280,3056,2.462711
1281,3072,2.475604
1282,3057,2.463516
1283,3049,2.457070
1284,3049,2.457070
1285,3072,2.475604
1286,3049,2.457070
1287,3049,2.457070
1288,3072,2.475604
1289,3072,2.475604
1290,3072,2.475604
1291,3072,2.475604
1292,3072,2.475604
1293,3057,2.463516
1294,3049,2.457070
1295,3072,2.475604
1296,3072,2.475604
1297,3049,2.457070
1298,3072,2.475604
1299,3057,2.463516
1300,3056,2.462711
1301,3072,2.475604
1302,3072,2.475604
1303,3072,2.475604
1304,3072,2.475604
1305,3072,2.475604
1306,3072,2.475604
1307,3072,2.475604
1308,3072,2.475604
1309,3072,2.475604
1310,3057,2.463516
1311,3072,2.475604
1312,3072,2.475604
1313,3072,2.475604
1314,3072,2.475604
1315,3072,2.475604
1316,3072,2.475604
1317,3072,2.475604
1318,3072,2.475604
1319,3072,2.475604
1320,3072,2.475604
1321,3073,2.476410
1322,3072,2.475604
1323,3073,2.476410
1324,3072,2.475604
1325,3072,2.475604
1326,3073,2.476410
1327,3057,2.463516
1328,3072,2.475604
1329,3072,2.475604
1330,3081,2.482857
1331,3073,2.476410
1332,3072,2.475604
1333,3072,2.475604
1334,3073,2.476410
1335,3072,2.475604
1336,3073,2.476410
1337,3073,2.476410
1338,3072,2.475604
1339,3072,2.475604
1340,3072,2.475604
1341,3072,2.475604
1342,3072,2.475604
1343,3073,2.476410
1344,3073,2.476410
1345,3081,2.482857
1346,3072,2.475604
1347,3073,2.476410
1348,3072,2.475604
1349,3072,2.475604
1350,3072,2.475604
1351,3072,2.475604
1352,3072,2.475604
1353,3073,2.476410
1354,3073,2.476410
1355,3073,2.476410
1356,3073,2.476410
1357,3072,2.475604
1358,3072,2.475604
1359,3073,2.476410
1360,3073,2.476410
1361,3072,2.475604
1362,3072,2.475604
1363,3073,2.476410
1364,3073,2.476410
1365,3077,2.479634
1366,3088,2.488498
1367,3073,2.476410
1368,3088,2.488498
1369,3072,2.475604
1370,3073,2.476410
1371,3073,2.476410
1372,3073,2.476410
1373,3081,2.482857
1374,3073,2.476410
1375,3073,2.476410
1376,3077,2.479634
1377,3073,2.476410
1378,3081,2.482857
1379,3073,2.476410
1380,3073,2.476410
1381,3073,2.476410
1382,3073,2.476410
1383,3081,2.482857
1384,3073,2.476410
1385,3089,2.489304
1386,3089,2.489304
1387,3081,2.482857
1388,3089,2.489304
1389,3081,2.482857
1390,3073,2.476410
1391,3081,2.482857
1392,3073,2.476410
1393,3081,2.482857
1394,3081,2.482857
1395,3077,2.479634
1396,3093,2.492527
1397,3081,2.482857
1398,3081,2.482857
1399,3073,2.476410
1400,3081,2.482857
1401,3073,2.476410
1402,3089,2.489304
1403,3073,2.476410
1404,3072,2.475604
1405,3089,2.489304
1406,3088,2.488498
1407,3073,2.476410
1408,3088,2.488498
1409,3073,2.476410
1410,3073,2.476410
1411,3081,2.482857
1412,3077,2.479634
1413,3088,2.488498
1414,3081,2.482857
1415,3073,2.476410
1416,3073,2.476410
1417,3073,2.476410
1418,3089,2.489304
1419,3072,2.475604
1420,3089,2.489304
1421,3081,2.482857
1422,3089,2.489304
1423,3073,2.476410
1424,3077,2.479634
1425,3073,2.476410
1426,3073,2.476410
1427,3073,2.476410
1428,3081,2.482857
1429,3077,2.479634
1430,3088,2.488498
1431,3073,2.476410
1432,3089,2.489304
1433,3081,2.482857
1434,3077,2.479634
1435,3077,2.479634
1436,3081,2.482857
1437,3081,2.482857
1438,3081,2.482857
1439,3081,2.482857
1440,3081,2.482857
1441,3081,2.482857
1442,3088,2.488498
1443,3081,2.482857
1444,3077,2.479634
1445,3081,2.482857
1446,3089,2.489304
1447,3081,2.482857
1448,3081,2.482857
1449,3089,2.489304
1450,3089,2.489304
1451,3081,2.482857
1452,3088,2.488498
1453,3089,2.489304
1454,3073,2.476410
1455,3089,2.489304
1456,3081,2.482857
1457,3077,2.479634
1458,3088,2.488498
1459,3081,2.482857
1460,3073,2.476410
1461,3081,2.482857
1462,3088,2.488498
1463,3089,2.489304
1464,3097,2.495751
1465,3073,2.476410
1466,3073,2.476410
1467,3088,2.488498
1468,3088,2.488498
1469,3081,2.482857
1470,3081,2.482857
1471,3081,2.482857
1472,3081,2.482857
1473,3077,2.479634
1474,3089,2.489304
1475,3081,2.482857
1476,3073,2.476410
1477,3081,2.482857
1478,3097,2.495751
1479,3081,2.482857
1480,3089,2.489304
1481,3073,2.476410
1482,3089,2.489304
1483,3093,2.492527
1484,3089,2.489304
1485,3088,2.488498
1486,3089,2.489304
1487,3081,2.482857
1488,3089,2.489304
1489,3081,2.482857
1490,3081,2.482857
1491,3081,2.482857
1492,3073,2.476410
1493,3089,2.489304
1494,3073,2.476410
1495,3081,2.482857
1496,3081,2.482857
1497,3081,2.482857
1498,3073,2.476410
1499,3077,2.479634
1500,3081,2.482857
1501,3093,2.492527
1502,3089,2.489304
1503,3081,2.482857
1504,3081,2.482857
1505,3089,2.489304
1506,3073,2.476410
1507,3081,2.482857
1508,3081,2.482857
1509,3089,2.489304
1510,3081,2.482857
1511,3081,2.482857
1512,3081,2.482857
1513,3088,2.488498
1514,3089,2.489304
1515,3081,2.482857
1516,3089,2.489304
1517,3081,2.482857
1518,3081,2.482857
1519,3081,2.482857
1520,3073,2.476410
1521,3081,2.482857
1522,3089,2.489304
1523,3093,2.492527
1524,3077,2.479634
1525,3077,2.479634
1526,3073,2.476410
1527,3081,2.482857
1528,3093,2.492527
1529,3089,2.489304
1530,3081,2.482857
1531,3077,2.479634
1532,3089,2.489304
1533,3093,2.492527
1534,3097,2.495751
1535,3081,2.482857
1536,3081,2.482857
1537,3089,2.489304
1538,3073,2.476410
1539,3077,2.479634
1540,3081,2.482857
1541,3073,2.476410
1542,3081,2.482857
1543,3073,2.476410
1544,3081,2.482857
1545,3081,2.482857
1546,3077,2.479634
1547,3077,2.479634
1548,3081,2.482857
1549,3088,2.488498
1550,3088,2.488498
1551,3081,2.482857
1552,3081,2.482857
1553,3088,2.488498
1554,3081,2.482857
1555,3077,2.479634
1556,3073,2.476410
1557,3073,2.476410
1558,3081,2.482857
1559,3073,2.476410
1560,3081,2.482857
1561,3089,2.489304
1562,3089,2.489304
1563,3077,2.479634
1564,3089,2.489304
1565,3089,2.489304
1566,3081,2.482857
1567,3073,2.476410
1568,3089,2.489304
1569,3081,2.482857
1570,3081,2.482857
1571,3088,2.488498
1572,3081,2.482857
1573,3089,2.489304
1574,3081,2.482857
1575,3097,2.495751
1576,3081,2.482857
1577,3081,2.482857
1578,3089,2.489304
1579,3081,2.482857
1580,3089,2.489304
1581,3089,2.489304
1582,3089,2.489304
1583,3081,2.482857
1584,3081,2.482857
1585,3073,2.476410
1586,3073,2.476410
1587,3089,2.489304
1588,3081,2.482857
1589,3081,2.482857
1590,3089,2.489304
1591,3089,2.489304
1592,3081,2.482857
1593,3073,2.476410
1594,3089,2.489304
1595,3073,2.476410
1596,3088,2.488498
1597,3073,2.476410
1598,3077,2.479634
1599,3081,2.482857
1600,3081,2.482857
1601,3072,2.475604
1602,3081,2.482857
1603,3073,2.476410
1604,3072,2.475604
1605,3072,2.475604
1606,3073,2.476410
1607,3088,2.488498
1608,3081,2.482857
1609,3072,2.475604
1610,3081,2.482857
1611,3081,2.482857
1612,3081,2.482857
1613,3073,2.476410
1614,3073,2.476410
1615,3081,2.482857
1616,3077,2.479634
1617,3081,2.482857
1618,3081,2.482857
1619,3081,2.482857
1620,3081,2.482857
1621,3089,2.489304
1622,3081,2.482857
1623,3081,2.482857
1624,3072,2.475604
1625,3077,2.479634
1626,3073,2.476410
1627,3073,2.476410
1628,3077,2.479634
1629,3072,2.475604
1630,3073,2.476410
1631,3072,2.475604
1632,3081,2.482857
1633,3072,2.475604
1634,3077,2.479634
1635,3072,2.475604
1636,3081,2.482857
1637,3073,2.476410
1638,3073,2.476410
1639,3088,2.488498
1640,3081,2.482857
1641,3073,2.476410
1642,3073,2.476410
1643,3073,2.476410
1644,3072,2.475604
1645,3081,2.482857
1646,3073,2.476410
1647,3073,2.476410
1648,3072,2.475604
1649,3072,2.475604
1650,3072,2.475604
1651,3072,2.475604
1652,3073,2.476410
1653,3077,2.479634
1654,3081,2.482857
1655,3073,2.476410
1656,3081,2.482857
1657,3072,2.475604
1658,3073,2.476410
1659,3072,2.475604
1660,3088,2.488498
1661,3073,2.476410
1662,3073,2.476410
1663,3081,2.482857
1664,3073,2.476410
1665,3081,2.482857
1666,3073,2.476410
1667,3073,2.476410
1668,3072,2.475604
1669,3073,2.476410
1670,3081,2.482857
1671,3081,2.482857
1672,3081,2.482857
1673,3077,2.479634
1674,3073,2.476410
1675,3072,2.475604
1676,3072,2.475604
1677,3072,2.475604
1678,3073,2.476410
1679,3073,2.476410
1680,3081,2.482857
1681,3077,2.479634
1682,3072,2.475604
1683,3072,2.475604
1684,3081,2.482857
1685,3072,2.475604
1686,3073,2.476410
1687,3072,2.475604
1688,3073,2.476410
1689,3072,2.475604
1690,3072,2.475604
1691,3073,2.476410
1692,3072,2.475604
1693,3073,2.476410
1694,3072,2.475604
1695,3077,2.479634
1696,3073,2.476410
1697,3072,2.475604
1698,3073,2.476410
1699,3081,2.482857
1700,3072,2.475604
1701,3072,2.475604
1702,3072,2.475604
1703,3072,2.475604
1704,3072,2.475604
1705,3073,2.476410
1706,3077,2.479634
1707,3072,2.475604
1708,3073,2.476410
1709,3072,2.475604
1710,3072,2.475604
1711,3073,2.476410
1712,3081,2.482857
1713,3072,2.475604
1714,3073,2.476410
1715,3072,2.475604
1716,3072,2.475604
1717,3072,2.475604
1718,3072,2.475604
1719,3072,2.475604
1720,3072,2.475604
1721,3072,2.475604
1722,3073,2.476410
1723,3072,2.475604
1724,3072,2.475604
1725,3072,2.475604
1726,3072,2.475604
1727,3072,2.475604
1728,3072,2.475604
1729,3072,2.475604
1730,3072,2.475604
1731,3072,2.475604
1732,3049,2.457070
1733,3072,2.475604
1734,3072,2.475604
1735,3057,2.463516
1736,3072,2.475604
1737,3072,2.475604
1738,3073,2.476410
1739,3072,2.475604
1740,3072,2.475604
1741,3073,2.476410
1742,3072,2.475604
1743,3073,2.476410
1744,3072,2.475604
1745,3072,2.475604
1746,3072,2.475604
1747,3072,2.475604
1748,3056,2.462711
1749,3072,2.475604
1750,3072,2.475604
1751,3072,2.475604
1752,3057,2.463516
1753,3072,2.475604
1754,3056,2.462711
1755,3072,2.475604
1756,3057,2.463516
1757,3072,2.475604
1758,3072,2.475604
1759,3072,2.475604
1760,3072,2.475604
1761,3057,2.463516
1762,3072,2.475604
1763,3057,2.463516
1764,3072,2.475604
1765,3072,2.475604
1766,3049,2.457070
1767,3049,2.457070
1768,3049,2.457070
1769,3072,2.475604
1770,3057,2.463516
1771,3041,2.450623
1772,3056,2.462711
1773,3072,2.475604
1774,3056,2.462711
1775,3072,2.475604
1776,3072,2.475604
1777,3056,2.462711
1778,3056,2.462711
1779,3072,2.475604
1780,3072,2.475604
1781,3072,2.475604
1782,3049,2.457070
1783,3072,2.475604
1784,3057,2.463516
1785,3049,2.457070
1786,3072,2.475604
1787,3072,2.475604
1788,3049,2.457070
1789,3072,2.475604
1790,3072,2.475604
1791,3037,2.447399
1792,3056,2.462711
1793,3072,2.475604
1794,3072,2.475604
1795,3045,2.453846
1796,3057,2.463516
1797,3045,2.453846
1798,3057,2.463516
1799,3041,2.450623
1800,3072,2.475604
1801,3072,2.475604
1802,3072,2.475604
1803,3072,2.475604
1804,3056,2.462711
1805,3056,2.462711
1806,3041,2.450623
1807,3072,2.475604
1808,3037,2.447399
1809,3049,2.457070
1810,3056,2.462711
1811,3049,2.457070
1812,3072,2.475604
1813,3049,2.457070
1814,3049,2.457070
1815,3049,2.457070
1816,3041,2.450623
1817,3037,2.447399
1818,3049,2.457070
1819,3049,2.457070
1820,3041,2.450623
1821,3049,2.457070
1822,3049,2.457070
1823,3037,2.447399
1824,3037,2.447399
1825,3037,2.447399
1826,3049,2.457070
1827,3037,2.447399
1828,3049,2.457070
1829,3049,2.457070
1830,3033,2.444176
1831,3049,2.457070
1832,3049,2.457070
1833,3049,2.457070
1834,3037,2.447399
1835,3041,2.450623
1836,3037,2.447399
1837,3045,2.453846
1838,3049,2.457070
1839,3037,2.447399
1840,3037,2.447399
1841,3041,2.450623
1842,3037,2.447399
1843,3037,2.447399
1844,3045,2.453846
1845,3037,2.447399
1846,3049,2.457070
1847,3049,2.457070
1848,3037,2.447399
1849,3037,2.447399
1850,3041,2.450623
1851,3037,2.447399
1852,3037,2.447399
1853,3037,2.447399
1854,3033,2.444176
1855,3033,2.444176
1856,3041,2.450623
1857,3033,2.444176
1858,3033,2.444176
1859,3037,2.447399
1860,3037,2.447399
1861,3033,2.444176
1862,3029,2.440952
1863,3041,2.450623
1864,3033,2.444176
1865,3033,2.444176
1866,3033,2.444176
1867,3033,2.444176
1868,3033,2.444176
1869,3041,2.450623
1870,3037,2.447399
1871,3037,2.447399
1872,3037,2.447399
1873,3025,2.437729
1874,3037,2.447399
1875,3033,2.444176
1876,3033,2.444176
1877,3033,2.444176
1878,3025,2.437729
1879,3033,2.444176
1880,3037,2.447399
1881,3033,2.444176
1882,3029,2.440952
1883,3025,2.437729
1884,3033,2.444176
1885,3033,2.444176
1886,3033,2.444176
1887,3025,2.437729
1888,3029,2.440952
1889,3033,2.444176
1890,3029,2.440952
1891,3033,2.444176
1892,3033,2.444176
1893,3037,2.447399
1894,3033,2.444176
1895,3037,2.447399
1896,3024,2.436923
1897,3025,2.437729
1898,3029,2.440952
1899,3045,2.453846
1900,3025,2.437729
1901,3033,2.444176
1902,3037,2.447399
1903,3033,2.444176
1904,3037,2.447399
1905,3037,2.447399
1906,3024,2.436923
1907,3025,2.437729
1908,3029,2.440952
1909,3033,2.444176
1910,3033,2.444176
1911,3029,2.440952
1912,3029,2.440952
1913,3025,2.437729
1914,3025,2.437729
1915,3033,2.444176
1916,3025,2.437729
1917,3033,2.444176
1918,3033,2.444176
1919,3037,2.447399
1920,3029,2.440952
1921,3037,2.447399
1922,3025,2.437729
1923,3025,2.437729
1924,3025,2.437729
1925,3029,2.440952
1926,3037,2.447399
1927,3025,2.437729
1928,3033,2.444176
1929,3025,2.437729
1930,3033,2.444176
1931,3025,2.437729
1932,3025,2.437729
1933,3025,2.437729
1934,3033,2.444176
1935,3025,2.437729
1936,3033,2.444176
1937,3025,2.437729
1938,3025,2.437729
1939,3025,2.437729
1940,3025,2.437729
1941,3025,2.437729
1942,3033,2.444176
1943,3025,2.437729
1944,3025,2.437729
1945,3037,2.447399
1946,3025,2.437729
1947,3025,2.437729
1948,3017,2.431282
1949,3029,2.440952
1950,3025,2.437729
1951,3024,2.436923
1952,3017,2.431282
1953,3017,2.431282
1954,3025,2.437729
1955,3017,2.431282
1956,3017,2.431282
1957,3009,2.424835
1958,3025,2.437729
1959,3017,2.431282
1960,3017,2.431282
1961,3009,2.424835
1962,3013,2.428059
1963,3024,2.436923
1964,3017,2.431282
1965,3017,2.431282
1966,3033,2.444176
1967,3025,2.437729
1968,3017,2.431282
1969,3009,2.424835
1970,3024,2.436923
1971,3017,2.431282
1972,3017,2.431282
1973,3025,2.437729
1974,3024,2.436923
1975,3024,2.436923
1976,3017,2.431282
1977,3024,2.436923
1978,3025,2.437729
1979,3017,2.431282
1980,3025,2.437729
1981,3025,2.437729
1982,3025,2.437729
1983,3009,2.424835
1984,3024,2.436923
1985,3025,2.437729
1986,3017,2.431282
1987,3024,2.436923
1988,3024,2.436923
1989,3009,2.424835
1990,3017,2.431282
1991,3017,2.431282
1992,3017,2.431282
1993,3008,2.424029
1994,3025,2.437729
1995,3025,2.437729
1996,3017,2.431282
1997,3017,2.431282
1998,3017,2.431282
1999,3024,2.436923
2000,3017,2.431282
2001,3017,2.431282
2002,3009,2.424835
2003,3017,2.431282
2004,3017,2.431282
2005,3017,2.431282
2006,3009,2.424835
2007,3009,2.424835
2008,3017,2.431282
2009,3017,2.431282
2010,3009,2.424835
2011,3017,2.431282
2012,3013,2.428059
2013,3009,2.424835
2014,3017,2.431282
2015,3025,2.437729
2016,3017,2.431282
2017,3009,2.424835
2018,3017,2.431282
2019,3017,2.431282
2020,3009,2.424835
2021,3009,2.424835
2022,3001,2.418388
2023,3017,2.431282
2024,3008,2.424029
2025,3017,2.431282
2026,3017,2.431282
2027,3009,2.424835
2028,3013,2.428059
2029,3017,2.431282
2030,3025,2.437729
2031,3008,2.424029
2032,3013,2.428059
2033,3013,2.428059
2034,3009,2.424835
2035,3017,2.431282
2036,3009,2.424835
2037,3017,2.431282
2038,3008,2.424029
2039,3017,2.431282
2040,3013,2.428059
2041,3017,2.431282
2042,3008,2.424029
2043,3009,2.424835
2044,3009,2.424835
2045,3017,2.431282
2046,3013,2.428059
2047,3009,2.424835
2048,3025,2.437729
2049,3009,2.424835
2050,3013,2.428059
2051,3008,2.424029
2052,3017,2.431282
2053,3017,2.431282
2054,3009,2.424835
2055,3017,2.431282
2056,3017,2.431282
2057,3024,2.436923
2058,3025,2.437729
2059,3013,2.428059
2060,3017,2.431282
2061,3008,2.424029
2062,3009,2.424835
2063,3017,2.431282
2064,3017,2.431282
2065,3009,2.424835
2066,3017,2.431282
2067,3009,2.424835
2068,3013,2.428059
2069,3025,2.437729
2070,3017,2.431282
2071,3009,2.424835
2072,3017,2.431282
2073,3013,2.428059
2074,3013,2.428059
2075,3009,2.424835
2076,3017,2.431282
2077,3009,2.424835
2078,3025,2.437729
2079,3009,2.424835
2080,3025,2.437729
2081,3017,2.431282
2082,3025,2.437729
2083,3024,2.436923
2084,3009,2.424835
2085,3033,2.444176
2086,3017,2.431282
2087,3013,2.428059
2088,3025,2.437729
2089,3009,2.424835
2090,3025,2.437729
2091,3017,2.431282
2092,3017,2.431282
2093,3017,2.431282
2094,3025,2.437729
2095,3037,2.447399
2096,3025,2.437729
2097,3025,2.437729
2098,3033,2.444176
2099,3009,2.424835
2100,3025,2.437729
2101,3009,2.424835
2102,3025,2.437729
2103,3025,2.437729
2104,3025,2.437729
2105,3033,2.444176
2106,3025,2.437729
2107,3025,2.437729
2108,3029,2.440952
2109,3025,2.437729
2110,3025,2.437729
2111,3024,2.436923
2112,3033,2.444176
2113,3033,2.444176
2114,3025,2.437729
2115,3037,2.447399
2116,3037,2.447399
2117,3033,2.444176
2118,3033,2.444176
2119,3037,2.447399
2120,3037,2.447399
2121,3033,2.444176
2122,3037,2.447399
2123,3049,2.457070
2124,3037,2.447399
2125,3037,2.447399
2126,3041,2.450623
2127,3033,2.444176
2128,3033,2.444176
2129,3041,2.450623
2130,3037,2.447399
2131,3037,2.447399
2132,3033,2.444176
2133,3041,2.450623
2134,3049,2.457070
2135,3041,2.450623
2136,3041,2.450623
2137,3049,2.457070
2138,3037,2.447399
2139,3041,2.450623
2140,3037,2.447399
2141,3045,2.453846
2142,3049,2.457070
2143,3057,2.463516
2144,3037,2.447399
2145,3049,2.457070
2146,3049,2.457070
2147,3049,2.457070
2148,3049,2.457070
2149,3045,2.453846
2150,3057,2.463516
2151,3072,2.475604
2152,3057,2.463516
2153,3072,2.475604
2154,3072,2.475604
2155,3072,2.475604
2156,3049,2.457070
2157,3057,2.463516
2158,3072,2.475604
2159,3057,2.463516
2160,3072,2.475604
2161,3056,2.462711
2162,3072,2.475604
2163,3072,2.475604
2164,3072,2.475604
2165,3072,2.475604
2166,3072,2.475604
2167,3072,2.475604
2168,3072,2.475604
2169,3072,2.475604
2170,3072,2.475604
2171,3072,2.475604
2172,3072,2.475604
2173,3057,2.463516
2174,3072,2.475604
2175,3072,2.475604
2176,3072,2.475604
2177,3072,2.475604
2178,3072,2.475604
2179,3072,2.475604
2180,3072,2.475604
2181,3072,2.475604
2182,3073,2.476410
2183,3072,2.475604
2184,3073,2.476410
2185,3073,2.476410
2186,3072,2.475604
2187,3073,2.476410
2188,3072,2.475604
2189,3072,2.475604
2190,3072,2.475604
2191,3073,2.476410
2192,3073,2.476410
2193,3072,2.475604
2194,3072,2.475604
2195,3073,2.476410
2196,3072,2.475604
2197,3072,2.475604
2198,3073,2.476410
2199,3072,2.475604
2200,3072,2.475604
2201,3073,2.476410
2202,3072,2.475604
2203,3073,2.476410
2204,3073,2.476410
2205,3073,2.476410
2206,3072,2.475604
2207,3072,2.475604
2208,3072,2.475604
2209,3072,2.475604
2210,3073,2.476410
2211,3072,2.475604
2212,3072,2.475604
2213,3072,2.475604
2214,3072,2.475604
2215,3072,2.475604
2216,3072,2.475604
2217,3073,2.476410
2218,3072,2.475604
2219,3072,2.475604
2220,3077,2.479634
2221,3072,2.475604
2222,3072,2.475604
2223,3072,2.475604
2224,3072,2.475604
2225,3072,2.475604
2226,3072,2.475604
2227,3072,2.475604
2228,3072,2.475604
2229,3072,2.475604
2230,3072,2.475604
2231,3072,2.475604
2232,3072,2.475604
2233,3056,2.462711
2234,3072,2.475604
2235,3072,2.475604
2236,3072,2.475604
2237,3072,2.475604
2238,3057,2.463516
2239,3049,2.457070
2240,3037,2.447399
2241,3049,2.457070
2242,3049,2.457070
2243,3072,2.475604
2244,3056,2.462711
2245,3045,2.453846
2246,3049,2.457070
2247,3041,2.450623
2248,3049,2.457070
2249,3041,2.450623
2250,3072,2.475604
2251,3041,2.450623
2252,3049,2.457070
2253,3049,2.457070
2254,3049,2.457070
2255,3037,2.447399
2256,3037,2.447399
2257,3033,2.444176
2258,3037,2.447399
2259,3025,2.437729
2260,3029,2.440952
2261,3037,2.447399
2262,3025,2.437729
2263,3033,2.444176
2264,3033,2.444176
2265,3029,2.440952
2266,3033,2.444176
2267,3025,2.437729
2268,3033,2.444176
2269,3033,2.444176
2270,3017,2.431282
2271,3017,2.431282
2272,3025,2.437729
2273,3025,2.437729
2274,3009,2.424835
2275,3017,2.431282
2276,3025,2.437729
2277,3017,2.431282
2278,3009,2.424835
2279,3001,2.418388
2280,3024,2.436923
2281,3013,2.428059
2282,3009,2.424835
2283,3009,2.424835
2284,3009,2.424835
2285,3009,2.424835
2286,3009,2.424835
2287,3008,2.424029
2288,2993,2.411941
2289,2993,2.411941
2290,3001,2.418388
2291,3008,2.424029
2292,2993,2.411941
2293,2985,2.405495
2294,2993,2.411941
2295,2985,2.405495
2296,2973,2.395824
2297,2985,2.405495
2298,2969,2.392601
2299,2973,2.395824
2300,2973,2.395824
2301,2981,2.402271
2302,2969,2.392601
2303,2969,2.392601
2304,2973,2.395824
2305,2965,2.389377
2306,2969,2.392601
2307,2961,2.386154
2308,2961,2.386154
2309,2965,2.389377
2310,2965,2.389377
2311,2953,2.379707
2312,2961,2.386154
2313,2960,2.385348
2314,2953,2.379707
2315,2941,2.370037
2316,2941,2.370037
2317,2960,2.385348
2318,2945,2.373260
2319,2937,2.366813
2320,2941,2.370037
2321,2928,2.359560
2322,2937,2.366813
2323,2921,2.353919
2324,2929,2.360366
2325,2941,2.370037
2326,2921,2.353919
2327,2921,2.353919
2328,2921,2.353919
2329,2909,2.344249
2330,2921,2.353919
2331,2929,2.360366
2332,2928,2.359560
2333,2928,2.359560
2334,2933,2.363590
2335,2921,2.353919
2336,2921,2.353919
2337,2929,2.360366
2338,2929,2.360366
2339,2921,2.353919
2340,2937,2.366813
2341,2929,2.360366
2342,2937,2.366813
2343,2937,2.366813
2344,2937,2.366813
2345,2937,2.366813
2346,2945,2.373260
2347,2941,2.370037
2348,2945,2.373260
2349,2945,2.373260
2350,2953,2.379707
2351,2953,2.379707
2352,2953,2.379707
2353,2965,2.389377
2354,2953,2.379707
2355,2969,2.392601
2356,2977,2.399048
2357,2969,2.392601
2358,2985,2.405495
2359,2985,2.405495
2360,2993,2.411941
2361,2985,2.405495
2362,2985,2.405495
2363,2977,2.399048
2364,2993,2.411941
2365,2993,2.411941
2366,3001,2.418388
2367,2993,2.411941
2368,3009,2.424835
2369,3009,2.424835
2370,3016,2.430476
2371,3001,2.418388
2372,3009,2.424835
2373,3025,2.437729
2374,3017,2.431282
2375,3017,2.431282
2376,3025,2.437729
2377,3017,2.431282
2378,3029,2.440952
2379,3029,2.440952
2380,3025,2.437729
2381,3025,2.437729
2382,3029,2.440952
2383,3033,2.444176
2384,3037,2.447399
2385,3037,2.447399
2386,3037,2.447399
2387,3041,2.450623
2388,3049,2.457070
2389,3072,2.475604
2390,3057,2.463516
2391,3072,2.475604
2392,3072,2.475604
2393,3072,2.475604
2394,3072,2.475604
2395,3057,2.463516
2396,3072,2.475604
2397,3072,2.475604
2398,3072,2.475604
2399,3072,2.475604
2400,3072,2.475604
2401,3073,2.476410
2402,3073,2.476410
2403,3072,2.475604
2404,3072,2.475604
2405,3073,2.476410
2406,3072,2.475604
2407,3089,2.489304
2408,3073,2.476410
2409,3081,2.482857
2410,3073,2.476410
2411,3088,2.488498
2412,3081,2.482857
2413,3089,2.489304
2414,3081,2.482857
2415,3081,2.482857
2416,3081,2.482857
2417,3073,2.476410
2418,3081,2.482857
2419,3081,2.482857
2420,3089,2.489304
2421,3081,2.482857
2422,3089,2.489304
2423,3081,2.482857
2424,3089,2.489304
2425,3093,2.492527
2426,3089,2.489304
2427,3089,2.489304
2428,3093,2.492527
2429,3089,2.489304
2430,3089,2.489304
2431,3089,2.489304
2432,3097,2.495751
2433,3097,2.495751
2434,3093,2.492527
2435,3101,2.498974
2436,3093,2.492527
2437,3113,2.508645
2438,3097,2.495751
2439,3101,2.498974
2440,3097,2.495751
2441,3101,2.498974
2442,3093,2.492527
2443,3097,2.495751
2444,3101,2.498974
2445,3097,2.495751
2446,3097,2.495751
2447,3097,2.495751
2448,3101,2.498974
2449,3097,2.495751
2450,3093,2.492527
2451,3097,2.495751
2452,3113,2.508645
2453,3097,2.495751
2454,3101,2.498974
2455,3113,2.508645
2456,3113,2.508645
2457,3097,2.495751
2458,3101,2.498974
2459,3101,2.498974
2460,3105,2.502198
2461,3101,2.498974
2462,3109,2.505421
2463,3101,2.498974
2464,3105,2.502198
2465,3101,2.498974
2466,3113,2.508645
2467,3113,2.508645
2468,3101,2.498974
2469,3113,2.508645
2470,3105,2.502198
2471,3113,2.508645
2472,3101,2.498974
2473,3105,2.502198
2474,3101,2.498974
2475,3101,2.498974
2476,3101,2.498974
2477,3121,2.515092
2478,3101,2.498974
2479,3121,2.515092
2480,3120,2.514286
2481,3093,2.492527
2482,3101,2.498974
2483,3113,2.508645
2484,3101,2.498974
2485,3101,2.498974
2486,3121,2.515092
2487,3109,2.505421
2488,3120,2.514286
2489,3109,2.505421
2490,3101,2.498974
2491,3113,2.508645
2492,3101,2.498974
2493,3109,2.505421
2494,3101,2.498974
2495,3105,2.502198
2496,3101,2.498974
2497,3097,2.495751
2498,3113,2.508645
2499,3101,2.498974
2500,3113,2.508645
2501,3113,2.508645
2502,3113,2.508645
2503,3097,2.495751
2504,3101,2.498974
2505,3113,2.508645
2506,3101,2.498974
2507,3113,2.508645
2508,3105,2.502198
2509,3089,2.489304
2510,3101,2.498974
2511,3105,2.502198
2512,3105,2.502198
2513,3101,2.498974
2514,3097,2.495751
2515,3101,2.498974
2516,3101,2.498974
2517,3113,2.508645
2518,3105,2.502198
2519,3101,2.498974
2520,3113,2.508645
2521,3105,2.502198
2522,3121,2.515092
2523,3101,2.498974
2524,3109,2.505421
2525,3101,2.498974
2526,3101,2.498974
2527,3101,2.498974
2528,3101,2.498974
2529,3105,2.502198
2530,3113,2.508645
2531,3109,2.505421
2532,3121,2.515092
2533,3113,2.508645
2534,3101,2.498974
2535,3109,2.505421
2536,3109,2.505421
2537,3101,2.498974
2538,3120,2.514286
2539,3121,2.515092
2540,3113,2.508645
2541,3109,2.505421
2542,3101,2.498974
2543,3097,2.495751
2544,3113,2.508645
2545,3097,2.495751
2546,3101,2.498974
2547,3105,2.502198
2548,3105,2.502198
2549,3097,2.495751
2550,3113,2.508645
2551,3101,2.498974
2552,3109,2.505421
2553,3109,2.505421
2554,3097,2.495751
2555,3101,2.498974
2556,3097,2.495751
2557,3101,2.498974
2558,3103,2.500586
2559,3105,2.502198
2560,3105,2.502198
2561,3101,2.498974
2562,3101,2.498974
2563,3097,2.495751
2564,3097,2.495751
2565,3101,2.498974
2566,3113,2.508645
2567,3101,2.498974
2568,3097,2.495751
2569,3101,2.498974
2570,3101,2.498974
2571,3101,2.498974
2572,3109,2.505421
2573,3105,2.502198
2574,3109,2.505421
2575,3097,2.495751
2576,3113,2.508645
2577,3101,2.498974
2578,3109,2.505421
2579,3101,2.498974
2580,3105,2.502198
2581,3105,2.502198
2582,3105,2.502198
2583,3113,2.508645
2584,3097,2.495751
2585,3101,2.498974
2586,3101,2.498974
2587,3097,2.495751
2588,3101,2.498974
2589,3120,2.514286
2590,3113,2.508645
2591,3101,2.498974
2592,3097,2.495751
2593,3101,2.498974
2594,3113,2.508645
2595,3101,2.498974
2596,3101,2.498974
2597,3101,2.498974
2598,3113,2.508645
2599,3101,2.498974
2600,3101,2.498974
2601,3101,2.498974
2602,3097,2.495751
2603,3097,2.495751
2604,3097,2.495751
2605,3113,2.508645
2606,3097,2.495751
2607,3101,2.498974
2608,3101,2.498974
2609,3101,2.498974
2610,3101,2.498974
2611,3101,2.498974
2612,3101,2.498974
2613,3101,2.498974
2614,3101,2.498974
2615,3109,2.505421
2616,3101,2.498974
2617,3101,2.498974
2618,3101,2.498974
2619,3093,2.492527
2620,3097,2.495751
2621,3101,2.498974
2622,3097,2.495751
2623,3097,2.495751
2624,3097,2.495751
2625,3113,2.508645
2626,3113,2.508645
2627,3101,2.498974
2628,3101,2.498974
2629,3089,2.489304
2630,3113,2.508645
2631,3097,2.495751
2632,3101,2.498974
2633,3097,2.495751
2634,3101,2.498974
2635,3101,2.498974
2636,3101,2.498974
2637,3113,2.508645
2638,3097,2.495751
2639,3113,2.508645
2640,3105,2.502198
2641,3101,2.498974
2642,3101,2.498974
2643,3101,2.498974
2644,3113,2.508645
2645,3101,2.498974
2646,3097,2.495751
2647,3093,2.492527
2648,3097,2.495751
2649,3113,2.508645
2650,3101,2.498974
2651,3089,2.489304
2652,3101,2.498974
2653,3101,2.498974
2654,3101,2.498974
2655,3097,2.495751
2656,3101,2.498974
2657,3101,2.498974
2658,3093,2.492527
2659,3101,2.498974
2660,3097,2.495751
2661,3101,2.498974
2662,3101,2.498974
2663,3101,2.498974
2664,3105,2.502198
2665,3101,2.498974
2666,3109,2.505421
2667,3093,2.492527
2668,3101,2.498974
2669,3097,2.495751
2670,3105,2.502198
2671,3101,2.498974
2672,3097,2.495751
2673,3109,2.505421
2674,3109,2.505421
2675,3113,2.508645
2676,3109,2.505421
2677,3097,2.495751
2678,3101,2.498974
2679,3121,2.515092
2680,3101,2.498974
2681,3097,2.495751
2682,3097,2.495751
2683,3101,2.498974
2684,3105,2.502198
2685,3101,2.498974
2686,3109,2.505421
2687,3101,2.498974
2688,3101,2.498974
2689,3105,2.502198
2690,3109,2.505421
2691,3097,2.495751
2692,3109,2.505421
2693,3097,2.495751
2694,3089,2.489304
2695,3097,2.495751
2696,3101,2.498974
2697,3097,2.495751
2698,3109,2.505421
2699,3097,2.495751
2700,3109,2.505421
2701,3089,2.489304
2702,3097,2.495751
2703,3101,2.498974
2704,3101,2.498974
2705,3097,2.495751
2706,3109,2.505421
2707,3097,2.495751
2708,3101,2.498974
2709,3097,2.495751
2710,3101,2.498974
2711,3101,2.498974
2712,3109,2.505421
2713,3101,2.498974
2714,3089,2.489304
2715,3105,2.502198
2716,3097,2.495751
2717,3097,2.495751
2718,3097,2.495751
2719,3101,2.498974
2720,3101,2.498974
2721,3093,2.492527
2722,3097,2.495751
2723,3097,2.495751
2724,3101,2.498974
2725,3089,2.489304
2726,3105,2.502198
2727,3097,2.495751
2728,3101,2.498974
2729,3093,2.492527
2730,3097,2.495751
2731,3101,2.498974
2732,3089,2.489304
2733,3101,2.498974
2734,3105,2.502198
2735,3101,2.498974
2736,3101,2.498974
2737,3097,2.495751
2738,3097,2.495751
2739,3093,2.492527
2740,3101,2.498974
2741,3101,2.498974
2742,3088,2.488498
2743,3097,2.495751
2744,3093,2.492527
2745,3097,2.495751
2746,3109,2.505421
2747,3097,2.495751
2748,3101,2.498974
2749,3101,2.498974
2750,3101,2.498974
2751,3093,2.492527
2752,3101,2.498974
2753,3097,2.495751
2754,3089,2.489304
2755,3105,2.502198
2756,3097,2.495751
2757,3097,2.495751
2758,3097,2.495751
2759,3097,2.495751
2760,3101,2.498974
2761,3093,2.492527
2762,3097,2.495751
2763,3113,2.508645
2764,3097,2.495751
2765,3097,2.495751
2766,3101,2.498974
2767,3089,2.489304
2768,3097,2.495751
2769,3097,2.495751
2770,3097,2.495751
2771,3097,2.495751
2772,3089,2.489304
2773,3097,2.495751
2774,3097,2.495751
2775,3093,2.492527
2776,3097,2.495751
2777,3101,2.498974
2778,3089,2.489304
2779,3101,2.498974
2780,3097,2.495751
2781,3089,2.489304
2782,3089,2.489304
2783,3097,2.495751
2784,3093,2.492527
2785,3097,2.495751
2786,3097,2.495751
2787,3093,2.492527
2788,3101,2.498974
2789,3097,2.495751
2790,3101,2.498974
2791,3101,2.498974
2792,3089,2.489304
2793,3097,2.495751
2794,3089,2.489304
2795,3105,2.502198
2796,3089,2.489304
2797,3089,2.489304
2798,3101,2.498974
2799,3089,2.489304
2800,3097,2.495751
2801,3097,2.495751
2802,3097,2.495751
2803,3101,2.498974
2804,3097,2.495751
2805,3097,2.495751
2806,3093,2.492527
2807,3089,2.489304
2808,3097,2.495751
2809,3097,2.495751
2810,3097,2.495751
2811,3089,2.489304
2812,3089,2.489304
2813,3089,2.489304
2814,3101,2.498974
2815,3088,2.488498
2816,3097,2.495751
2817,3097,2.495751
2818,3097,2.495751
2819,3101,2.498974
2820,3101,2.498974
2821,3089,2.489304
2822,3101,2.498974
2823,3097,2.495751
2824,3097,2.495751
2825,3089,2.489304
2826,3101,2.498974
2827,3097,2.495751
2828,3097,2.495751
2829,3101,2.498974
2830,3089,2.489304
2831,3097,2.495751
2832,3089,2.489304
2833,3081,2.482857
2834,3097,2.495751
2835,3097,2.495751
2836,3097,2.495751
2837,3097,2.495751
2838,3089,2.489304
2839,3097,2.495751
2840,3088,2.488498
2841,3097,2.495751
2842,3101,2.498974
2843,3089,2.489304
2844,3089,2.489304
2845,3097,2.495751
2846,3097,2.495751
2847,3089,2.489304
2848,3101,2.498974
2849,3097,2.495751
2850,3089,2.489304
2851,3093,2.492527
2852,3089,2.489304
2853,3097,2.495751
2854,3088,2.488498
2855,3097,2.495751
2856,3093,2.492527
2857,3097,2.495751
2858,3097,2.495751
2859,3089,2.489304
2860,3089,2.489304
2861,3089,2.489304
2862,3089,2.489304
2863,3105,2.502198
2864,3089,2.489304
2865,3097,2.495751
2866,3089,2.489304
2867,3097,2.495751
2868,3101,2.498974
2869,3097,2.495751
2870,3089,2.489304
2871,3089,2.489304
2872,3089,2.489304
2873,3097,2.495751
2874,3101,2.498974
2875,3101,2.498974
2876,3089,2.489304
2877,3097,2.495751
2878,3097,2.495751
2879,3093,2.492527
2880,3097,2.495751
2881,3089,2.489304
2882,3089,2.489304
2883,3081,2.482857
2884,3101,2.498974
2885,3097,2.495751
2886,3097,2.495751
2887,3089,2.489304
2888,3093,2.492527
2889,3101,2.498974
2890,3097,2.495751
2891,3093,2.492527
2892,3097,2.495751
2893,3089,2.489304
2894,3097,2.495751
2895,3089,2.489304
2896,3097,2.495751
2897,3081,2.482857
2898,3081,2.482857
2899,3101,2.498974
2900,3089,2.489304
2901,3101,2.498974
2902,3101,2.498974
2903,3089,2.489304
2904,3105,2.502198
2905,3101,2.498974
2906,3097,2.495751
2907,3089,2.489304
2908,3088,2.488498
2909,3105,2.502198
2910,3089,2.489304
2911,3097,2.495751
2912,3089,2.489304
2913,3093,2.492527
2914,3089,2.489304
2915,3093,2.492527
2916,3089,2.489304
2917,3089,2.489304
2918,3081,2.482857
2919,3101,2.498974
2920,3089,2.489304
2921,3081,2.482857
2922,3101,2.498974
2923,3089,2.489304
2924,3089,2.489304
2925,3089,2.489304
2926,3089,2.489304
2927,3093,2.492527
2928,3089,2.489304
2929,3089,2.489304
2930,3093,2.492527
2931,3097,2.495751
2932,3089,2.489304
2933,3097,2.495751
2934,3097,2.495751
2935,3097,2.495751
2936,3093,2.492527
2937,3097,2.495751
2938,3088,2.488498
2939,3088,2.488498
2940,3097,2.495751
2941,3089,2.489304
2942,3088,2.488498
2943,3089,2.489304
2944,3089,2.489304
2945,3089,2.489304
2946,3089,2.489304
2947,3097,2.495751
2948,3089,2.489304
2949,3097,2.495751
2950,3097,2.495751
2951,3093,2.492527
2952,3097,2.495751
2953,3093,2.492527
2954,3089,2.489304
2955,3089,2.489304
2956,3097,2.495751
2957,3081,2.482857
2958,3081,2.482857
2959,3081,2.482857
2960,3101,2.498974
2961,3089,2.489304
2962,3088,2.488498
2963,3089,2.489304
2964,3089,2.489304
2965,3088,2.488498
2966,3089,2.489304
2967,3089,2.489304
2968,3088,2.488498
2969,3089,2.489304
2970,3089,2.489304
2971,3081,2.482857
2972,3089,2.489304
2973,3089,2.489304
2974,3089,2.489304
2975,3081,2.482857
2976,3097,2.495751
2977,3089,2.489304
2978,3089,2.489304
2979,3097,2.495751
2980,3093,2.492527
2981,3097,2.495751
2982,3093,2.492527
2983,3088,2.488498
2984,3097,2.495751
2985,3088,2.488498
2986,3081,2.482857
2987,3089,2.489304
2988,3089,2.489304
2989,3089,2.489304
2990,3089,2.489304
2991,3081,2.482857
2992,3081,2.482857
2993,3089,2.489304
2994,3081,2.482857
2995,3089,2.489304
2996,3081,2.482857
2997,3089,2.489304
2998,3089,2.489304
2999,3089,2.489304
3000,3073,2.476410
3001,3089,2.489304
3002,3089,2.489304
3003,3081,2.482857
3004,3088,2.488498
3005,3088,2.488498
3006,3073,2.476410
3007,3089,2.489304
3008,3089,2.489304
3009,3089,2.489304
3010,3081,2.482857
3011,3089,2.489304
3012,3081,2.482857
3013,3088,2.488498
3014,3073,2.476410
3015,3081,2.482857
3016,3089,2.489304
3017,3081,2.482857
3018,3089,2.489304
3019,3089,2.489304
3020,3088,2.488498
3021,3081,2.482857
3022,3081,2.482857
3023,3081,2.482857
3024,3081,2.482857
3025,3081,2.482857
3026,3081,2.482857
3027,3073,2.476410
3028,3088,2.488498
3029,3081,2.482857
3030,3089,2.489304
3031,3077,2.479634
3032,3073,2.476410
3033,3089,2.489304
3034,3089,2.489304
3035,3073,2.476410
3036,3081,2.482857
3037,3088,2.488498
3038,3088,2.488498
3039,3081,2.482857
3040,3073,2.476410
3041,3077,2.479634
3042,3077,2.479634
3043,3081,2.482857
3044,3089,2.489304
3045,3088,2.488498
3046,3073,2.476410
3047,3089,2.489304
3048,3088,2.488498
3049,3081,2.482857
3050,3081,2.482857
3051,3081,2.482857
3052,3081,2.482857
3053,3072,2.475604
3054,3073,2.476410
3055,3072,2.475604
3056,3073,2.476410
3057,3073,2.476410
3058,3073,2.476410
3059,3077,2.479634
3060,3073,2.476410
3061,3073,2.476410
3062,3072,2.475604
3063,3072,2.475604
3064,3073,2.476410
3065,3081,2.482857
3066,3072,2.475604
3067,3081,2.482857
3068,3081,2.482857
3069,3081,2.482857
3070,3073,2.476410
3071,3073,2.476410
3072,3073,2.476410
3073,3073,2.476410
3074,3073,2.476410
3075,3072,2.475604
3076,3072,2.475604
3077,3072,2.475604
3078,3072,2.475604
3079,3073,2.476410
3080,3073,2.476410
3081,3081,2.482857
3082,3072,2.475604
3083,3073,2.476410
3084,3073,2.476410
3085,3073,2.476410
3086,3072,2.475604
3087,3077,2.479634
3088,3073,2.476410
3089,3072,2.475604
3090,3072,2.475604
3091,3072,2.475604
3092,3073,2.476410
3093,3072,2.475604
3094,3057,2.463516
3095,3073,2.476410
3096,3072,2.475604
3097,3072,2.475604
3098,3072,2.475604
3099,3072,2.475604
3100,3072,2.475604
3101,3072,2.475604
3102,3072,2.475604
3103,3072,2.475604
3104,3072,2.475604
3105,3072,2.475604
3106,3072,2.475604
3107,3072,2.475604
3108,3073,2.476410
3109,3073,2.476410
3110,3073,2.476410
3111,3049,2.457070
3112,3072,2.475604
3113,3072,2.475604
3114,3072,2.475604
3115,3056,2.462711
3116,3072,2.475604
3117,3072,2.475604
3118,3077,2.479634
3119,3072,2.475604
3120,3072,2.475604
3121,3049,2.457070
3122,3072,2.475604
3123,3072,2.475604
3124,3072,2.475604
3125,3057,2.463516
3126,3045,2.453846
3127,3056,2.462711
3128,3049,2.457070
3129,3072,2.475604
3130,3056,2.462711
3131,3072,2.475604
3132,3049,2.457070
3133,3049,2.457070
3134,3072,2.475604
3135,3049,2.457070
3136,3072,2.475604
3137,3049,2.457070
3138,3057,2.463516
3139,3049,2.457070
3140,3049,2.457070
3141,3049,2.457070
3142,3049,2.457070
3143,3072,2.475604
3144,3057,2.463516
3145,3041,2.450623
3146,3056,2.462711
3147,3056,2.462711
3148,3049,2.457070
3149,3041,2.450623
3150,3049,2.457070
3151,3049,2.457070
3152,3041,2.450623
3153,3049,2.457070
3154,3037,2.447399
3155,3049,2.457070
3156,3049,2.457070
3157,3037,2.447399
3158,3037,2.447399
3159,3029,2.440952
3160,3037,2.447399
3161,3025,2.437729
3162,3025,2.437729
3163,3033,2.444176
3164,3041,2.450623
3165,3037,2.447399
3166,3037,2.447399
3167,3037,2.447399
3168,3029,2.440952
3169,3045,2.453846
3170,3033,2.444176
3171,3025,2.437729
3172,3045,2.453846
3173,3033,2.444176
3174,3037,2.447399
3175,3025,2.437729
3176,3033,2.444176
3177,3025,2.437729
3178,3037,2.447399
3179,3045,2.453846
3180,3037,2.447399
3181,3033,2.444176
3182,3037,2.447399
3183,3033,2.444176
3184,3029,2.440952
3185,3025,2.437729
3186,3025,2.437729
3187,3029,2.440952
3188,3025,2.437729
3189,3017,2.431282
3190,3024,2.436923
3191,3025,2.437729
3192,3013,2.428059
3193,3017,2.431282
3194,3025,2.437729
3195,3017,2.431282
3196,3025,2.437729
3197,3017,2.431282
3198,3024,2.436923
3199,3033,2.444176
3200,3024,2.436923
3201,3017,2.431282
3202,3017,2.431282
3203,3017,2.431282
3204,3024,2.436923
3205,3009,2.424835
3206,3017,2.431282
3207,3009,2.424835
3208,3017,2.431282
3209,3009,2.424835
3210,3001,2.418388
3211,3017,2.431282
3212,3009,2.424835
3213,3001,2.418388
3214,2997,2.415165
3215,3009,2.424835
3216,3009,2.424835
3217,3009,2.424835
3218,3013,2.428059
3219,3008,2.424029
3220,3001,2.418388
3221,3008,2.424029
3222,3001,2.418388
3223,3008,2.424029
3224,3001,2.418388
3225,2997,2.415165
3226,2997,2.415165
3227,3009,2.424835
3228,3009,2.424835
3229,3001,2.418388
3230,2992,2.411136
3231,3008,2.424029
3232,2993,2.411941
3233,3001,2.418388
3234,3001,2.418388
3235,3001,2.418388
3236,2993,2.411941
3237,2993,2.411941
3238,2985,2.405495
3239,2997,2.415165
3240,2985,2.405495
3241,2993,2.411941
3242,2993,2.411941
3243,2981,2.402271
3244,2985,2.405495
3245,2993,2.411941
3246,2973,2.395824
3247,2993,2.411941
3248,2985,2.405495
3249,2985,2.405495
3250,2973,2.395824
3251,2973,2.395824
3252,2977,2.399048
3253,2981,2.402271
3254,2969,2.392601
3255,2985,2.405495
3256,2985,2.405495
3257,2992,2.411136
3258,2973,2.395824
3259,2985,2.405495
3260,2969,2.392601
3261,2961,2.386154
3262,2965,2.389377
3263,2985,2.405495
3264,2973,2.395824
3265,2973,2.395824
3266,2973,2.395824
3267,2973,2.395824
3268,2973,2.395824
3269,2981,2.402271
3270,2969,2.392601
3271,2973,2.395824
3272,2973,2.395824
3273,2977,2.399048
3274,2973,2.395824
3275,2961,2.386154
3276,2973,2.395824
3277,2969,2.392601
3278,2961,2.386154
3279,2969,2.392601
3280,2973,2.395824
3281,2961,2.386154
3282,2969,2.392601
3283,2969,2.392601
3284,2973,2.395824
3285,2969,2.392601
3286,2965,2.389377
3287,2953,2.379707
3288,2965,2.389377
3289,2961,2.386154
3290,2973,2.395824
3291,2961,2.386154
3292,2965,2.389377
3293,2960,2.385348
3294,2953,2.379707
3295,2961,2.386154
3296,2961,2.386154
3297,2961,2.386154
3298,2973,2.395824
3299,2969,2.392601
3300,2961,2.386154
3301,2953,2.379707
3302,2953,2.379707
3303,2961,2.386154
3304,2953,2.379707
3305,2949,2.376484
3306,2960,2.385348
3307,2945,2.373260
3308,2961,2.386154
3309,2960,2.385348
3310,2953,2.379707
3311,2961,2.386154
3312,2961,2.386154
3313,2949,2.376484
3314,2953,2.379707
3315,2953,2.379707
3316,2953,2.379707
3317,2941,2.370037
3318,2953,2.379707
3319,2953,2.379707
3320,2945,2.373260
3321,2953,2.379707
3322,2945,2.373260
3323,2949,2.376484
3324,2941,2.370037
3325,2961,2.386154
3326,2941,2.370037
3327,2943,2.371648
3328,2933,2.363590
3329,2941,2.370037
3330,2943,2.371648
3331,2941,2.370037
3332,2945,2.373260
3333,2941,2.370037
3334,2941,2.370037
3335,2945,2.373260
3336,2941,2.370037
3337,2953,2.379707
3338,2933,2.363590
3339,2937,2.366813
3340,2941,2.370037
3341,2937,2.366813
3342,2941,2.370037
3343,2929,2.360366
3344,2937,2.366813
3345,2929,2.360366
3346,2953,2.379707
3347,2941,2.370037
3348,2941,2.370037
3349,2937,2.366813
3350,2929,2.360366
3351,2937,2.366813
3352,2937,2.366813
3353,2937,2.366813
3354,2937,2.366813
3355,2953,2.379707
3356,2933,2.363590
3357,2941,2.370037
3358,2937,2.366813
3359,2937,2.366813
3360,2929,2.360366
3361,2933,2.363590
3362,2945,2.373260
3363,2937,2.366813
3364,2929,2.360366
3365,2937,2.366813
3366,2929,2.360366
3367,2929,2.360366
3368,2933,2.363590
3369,2929,2.360366
3370,2929,2.360366
3371,2933,2.363590
3372,2933,2.363590
3373,2929,2.360366
3374,2941,2.370037
3375,2937,2.366813
3376,2928,2.359560
3377,2937,2.366813
3378,2937,2.366813
3379,2937,2.366813
3380,2928,2.359560
3381,2929,2.360366
3382,2929,2.360366
3383,2921,2.353919
3384,2929,2.360366
3385,2933,2.363590
3386,2929,2.360366
3387,2921,2.353919
3388,2909,2.344249
3389,2929,2.360366
3390,2933,2.363590
3391,2937,2.366813
3392,2929,2.360366
3393,2929,2.360366
3394,2921,2.353919
3395,2921,2.353919
3396,2929,2.360366
3397,2921,2.353919
3398,2921,2.353919
3399,2928,2.359560
3400,2929,2.360366
3401,2928,2.359560
3402,2913,2.347473
3403,2929,2.360366
3404,2937,2.366813
3405,2928,2.359560
3406,2921,2.353919
3407,2921,2.353919
3408,2937,2.366813
3409,2909,2.344249
3410,2929,2.360366
3411,2921,2.353919
3412,2929,2.360366
3413,2921,2.353919
3414,2928,2.359560
3415,2921,2.353919
3416,2909,2.344249
3417,2921,2.353919
3418,2921,2.353919
3419,2921,2.353919
3420,2929,2.360366
3421,2933,2.363590
3422,2911,2.345861
3423,2929,2.360366
3424,2921,2.353919
3425,2929,2.360366
3426,2913,2.347473
3427,2913,2.347473
3428,2909,2.344249
3429,2929,2.360366
3430,2921,2.353919
3431,2913,2.347473
3432,2921,2.353919
3433,2921,2.353919
3434,2929,2.360366
3435,2913,2.347473
3436,2929,2.360366
3437,2913,2.347473
3438,2921,2.353919
3439,2929,2.360366
3440,2929,2.360366
3441,2913,2.347473
3442,2909,2.344249
3443,2917,2.350696
3444,2913,2.347473
3445,2909,2.344249
3446,2909,2.344249
3447,2913,2.347473
3448,2913,2.347473
3449,2917,2.350696
3450,2917,2.350696
3451,2921,2.353919
3452,2913,2.347473
3453,2913,2.347473
3454,2921,2.353919
3455,2909,2.344249
3456,2921,2.353919
3457,2921,2.353919
3458,2929,2.360366
3459,2905,2.341026
3460,2909,2.344249
3461,2909,2.344249
3462,2921,2.353919
3463,2913,2.347473
3464,2913,2.347473
3465,2913,2.347473
3466,2921,2.353919
3467,2905,2.341026
3468,2909,2.344249
3469,2909,2.344249
3470,2909,2.344249
3471,2905,2.341026
3472,2917,2.350696
3473,2909,2.344249
3474,2909,2.344249
3475,2909,2.344249
3476,2921,2.353919
3477,2909,2.344249
3478,2921,2.353919
3479,2909,2.344249
3480,2913,2.347473
3481,2909,2.344249
3482,2905,2.341026
3483,2905,2.341026
3484,2921,2.353919
3485,2913,2.347473
3486,2909,2.344249
3487,2909,2.344249
3488,2913,2.347473
3489,2909,2.344249
3490,2921,2.353919
3491,2909,2.344249
3492,2921,2.353919
3493,2909,2.344249
3494,2905,2.341026
3495,2917,2.350696
3496,2901,2.337802
3497,2909,2.344249
3498,2909,2.344249
3499,2917,2.350696
3500,2909,2.344249
3501,2913,2.347473
3502,2905,2.341026
3503,2909,2.344249
3504,2909,2.344249
3505,2917,2.350696
3506,2909,2.344249
3507,2921,2.353919
3508,2909,2.344249
3509,2921,2.353919
3510,2909,2.344249
3511,2909,2.344249
3512,2909,2.344249
3513,2905,2.341026
3514,2905,2.341026
3515,2905,2.341026
3516,2905,2.341026
3517,2905,2.341026
3518,2909,2.344249
3519,2909,2.344249
3520,2928,2.359560
3521,2905,2.341026
3522,2913,2.347473
3523,2901,2.337802
3524,2929,2.360366
3525,2909,2.344249
3526,2909,2.344249
3527,2921,2.353919
3528,2909,2.344249
3529,2909,2.344249
3530,2909,2.344249
3531,2905,2.341026
3532,2909,2.344249
3533,2917,2.350696
3534,2921,2.353919
3535,2913,2.347473
3536,2909,2.344249
3537,2901,2.337802
3538,2921,2.353919
3539,2905,2.341026
3540,2909,2.344249
3541,2909,2.344249
3542,2909,2.344249
3543,2905,2.341026
3544,2905,2.341026
3545,2909,2.344249
3546,2917,2.350696
3547,2905,2.341026
3548,2917,2.350696
3549,2905,2.341026
3550,2905,2.341026
3551,2905,2.341026
3552,2909,2.344249
3553,2905,2.341026
3554,2909,2.344249
3555,2905,2.341026
3556,2909,2.344249
3557,2909,2.344249
3558,2897,2.334579
3559,2909,2.344249
3560,2897,2.334579
3561,2905,2.341026
3562,2905,2.341026
3563,2905,2.341026
3564,2909,2.344249
3565,2897,2.334579
3566,2897,2.334579
3567,2897,2.334579
3568,2905,2.341026
3569,2913,2.347473
3570,2913,2.347473
3571,2897,2.334579
3572,2905,2.341026
3573,2917,2.350696
3574,2909,2.344249
3575,2905,2.341026
3576,2901,2.337802
3577,2909,2.344249
3578,2905,2.341026
3579,2897,2.334579
3580,2905,2.341026
3581,2901,2.337802
3582,2921,2.353919
3583,2901,2.337802
3584,2905,2.341026
3585,2897,2.334579
3586,2909,2.344249
3587,2897,2.334579
3588,2901,2.337802
3589,2897,2.334579
3590,2901,2.337802
3591,2897,2.334579
3592,2905,2.341026
3593,2897,2.334579
3594,2889,2.328132
3595,2905,2.341026
3596,2897,2.334579
3597,2905,2.341026
3598,2905,2.341026
3599,2901,2.337802
3600,2896,2.333773
3601,2905,2.341026
3602,2897,2.334579
3603,2905,2.341026
3604,2905,2.341026
3605,2905,2.341026
3606,2905,2.341026
3607,2901,2.337802
3608,2897,2.334579
3609,2905,2.341026
3610,2901,2.337802
3611,2905,2.341026
3612,2909,2.344249
3613,2909,2.344249
3614,2905,2.341026
3615,2897,2.334579
3616,2897,2.334579
3617,2905,2.341026
3618,2901,2.337802
3619,2905,2.341026
3620,2909,2.344249
3621,2897,2.334579
3622,2909,2.344249
3623,2905,2.341026
3624,2909,2.344249
3625,2905,2.341026
3626,2905,2.341026
3627,2905,2.341026
3628,2901,2.337802
3629,2909,2.344249
3630,2909,2.344249
3631,2896,2.333773
3632,2909,2.344249
3633,2905,2.341026
3634,2897,2.334579
3635,2897,2.334579
3636,2917,2.350696
3637,2905,2.341026
3638,2909,2.344249
3639,2905,2.341026
3640,2909,2.344249
3641,2897,2.334579
3642,2905,2.341026
3643,2897,2.334579
3644,2897,2.334579
3645,2897,2.334579
3646,2921,2.353919
3647,2913,2.347473
