Pixel,ADC,VoltageV
1,3952,3.184762
2,3952,3.184762
3,3952,3.184762
4,3937,3.172674
5,3937,3.172674
6,3941,3.175897
7,3941,3.175897
8,3937,3.172674
9,3937,3.172674
10,3937,3.172674
11,3937,3.172674
12,3941,3.175897
13,3937,3.172674
14,3941,3.175897
15,3937,3.172674
16,3937,3.172674
17,3345,2.695604
18,2885,2.324908
19,2901,2.337802
20,2903,2.339414
21,2903,2.339414
22,2901,2.337802
23,2913,2.347473
24,2917,2.350696
25,2909,2.344249
26,2928,2.359560
27,2901,2.337802
28,2917,2.350696
29,2913,2.347473
30,2903,2.339414
31,2917,2.350696
32,2901,2.337802
33,2928,2.359560
34,2928,2.359560
35,2928,2.359560
36,2912,2.346667
37,2917,2.350696
38,2917,2.350696
39,2928,2.359560
40,2913,2.347473
41,2929,2.360366
42,2928,2.359560
43,2928,2.359560
44,2917,2.350696
45,2928,2.359560
46,2933,2.363590
47,2917,2.350696
48,2913,2.347473
49,2928,2.359560
50,2933,2.363590
51,2917,2.350696
52,2933,2.363590
53,2917,2.350696
54,2928,2.359560
55,2913,2.347473
56,2928,2.359560
57,2929,2.360366
58,2913,2.347473
59,2928,2.359560
60,2933,2.363590
61,2928,2.359560
62,2917,2.350696
63,2929,2.360366
64,2917,2.350696
65,2917,2.350696
66,2901,2.337802
67,2917,2.350696
68,2928,2.359560
69,2917,2.350696
70,2917,2.350696
71,2917,2.350696
72,2928,2.359560
73,2913,2.347473
74,2917,2.350696
75,2928,2.359560
76,2933,2.363590
77,2917,2.350696
78,2917,2.350696
79,2917,2.350696
80,2913,2.347473
81,2917,2.350696
82,2933,2.363590
83,2917,2.350696
84,2933,2.363590
85,2917,2.350696
86,2928,2.359560
87,2917,2.350696
88,2917,2.350696
89,2928,2.359560
90,2929,2.360366
91,2917,2.350696
92,2929,2.360366
93,2917,2.350696
94,2929,2.360366
95,2928,2.359560
96,2917,2.350696
97,2928,2.359560
98,2913,2.347473
99,2928,2.359560
100,2933,2.363590
101,2928,2.359560
102,2917,2.350696
103,2913,2.347473
104,2928,2.359560
105,2913,2.347473
106,2917,2.350696
107,2917,2.350696
108,2928,2.359560
109,2929,2.360366
110,2917,2.350696
111,2913,2.347473
112,2917,2.350696
113,2912,2.346667
114,2928,2.359560
115,2909,2.344249
116,2917,2.350696
117,2917,2.350696
118,2901,2.337802
119,2917,2.350696
120,2917,2.350696
121,2901,2.337802
122,2909,2.344249
123,2913,2.347473
124,2913,2.347473
125,2909,2.344249
126,2928,2.359560
127,2917,2.350696
128,2913,2.347473
129,2917,2.350696
130,2928,2.359560
131,2912,2.346667
132,2917,2.350696
133,2909,2.344249
134,2913,2.347473
135,2901,2.337802
136,2917,2.350696
137,2913,2.347473
138,2928,2.359560
139,2901,2.337802
140,2933,2.363590
141,2928,2.359560
142,2928,2.359560
143,2928,2.359560
144,2928,2.359560
145,2917,2.350696
146,2933,2.363590
147,2917,2.350696
148,2928,2.359560
149,2929,2.360366
150,2933,2.363590
151,2929,2.360366
152,2933,2.363590
153,2928,2.359560
154,2929,2.360366
155,2933,2.363590
156,2929,2.360366
157,2917,2.350696
158,2929,2.360366
159,2929,2.360366
160,2929,2.360366
161,2917,2.350696
162,2933,2.363590
163,2917,2.350696
164,2929,2.360366
165,2928,2.359560
166,2933,2.363590
167,2929,2.360366
168,2928,2.359560
169,2928,2.359560
170,2917,2.350696
171,2933,2.363590
172,2917,2.350696
173,2929,2.360366
174,2929,2.360366
175,2917,2.350696
176,2928,2.359560
177,2928,2.359560
178,2917,2.350696
179,2928,2.359560
180,2933,2.363590
181,2929,2.360366
182,2928,2.359560
183,2917,2.350696
184,2917,2.350696
185,2917,2.350696
186,2933,2.363590
187,2941,2.370037
188,2933,2.363590
189,2928,2.359560
190,2928,2.359560
191,2929,2.360366
192,2928,2.359560
193,2928,2.359560
194,2917,2.350696
195,2928,2.359560
196,2909,2.344249
197,2928,2.359560
198,2913,2.347473
199,2917,2.350696
200,2928,2.359560
201,2917,2.350696
202,2928,2.359560
203,2913,2.347473
204,2928,2.359560
205,2917,2.350696
206,2933,2.363590
207,2917,2.350696
208,2917,2.350696
209,2928,2.359560
210,2917,2.350696
211,2933,2.363590
212,2917,2.350696
213,2913,2.347473
214,2933,2.363590
215,2913,2.347473
216,2917,2.350696
217,2913,2.347473
218,2917,2.350696
219,2917,2.350696
220,2928,2.359560
221,2903,2.339414
222,2929,2.360366
223,2913,2.347473
224,2929,2.360366
225,2929,2.360366
226,2928,2.359560
227,2917,2.350696
228,2929,2.360366
229,2917,2.350696
230,2917,2.350696
231,2933,2.363590
232,2928,2.359560
233,2933,2.363590
234,2928,2.359560
235,2933,2.363590
236,2933,2.363590
237,2928,2.359560
238,2928,2.359560
239,2933,2.363590
240,2941,2.370037
241,2928,2.359560
242,2933,2.363590
243,2933,2.363590
244,2933,2.363590
245,2929,2.360366
246,2933,2.363590
247,2929,2.360366
248,2928,2.359560
249,2917,2.350696
250,2917,2.350696
251,2917,2.350696
252,2929,2.360366
253,2933,2.363590
254,2917,2.350696
255,2917,2.350696
256,2933,2.363590
257,2917,2.350696
258,2933,2.363590
259,2917,2.350696
260,2928,2.359560
261,2941,2.370037
262,2917,2.350696
263,2929,2.360366
264,2928,2.359560
265,2917,2.350696
266,2913,2.347473
267,2917,2.350696
268,2928,2.359560
269,2917,2.350696
270,2929,2.360366
271,2928,2.359560
272,2928,2.359560
273,2929,2.360366
274,2929,2.360366
275,2917,2.350696
276,2928,2.359560
277,2928,2.359560
278,2929,2.360366
279,2928,2.359560
280,2917,2.350696
281,2928,2.359560
282,2917,2.350696
283,2929,2.360366
284,2928,2.359560
285,2928,2.359560
286,2928,2.359560
287,2903,2.339414
288,2933,2.363590
289,2917,2.350696
290,2929,2.360366
291,2928,2.359560
292,2917,2.350696
293,2928,2.359560
294,2933,2.363590
295,2928,2.359560
296,2928,2.359560
297,2929,2.360366
298,2933,2.363590
299,2928,2.359560
300,2933,2.363590
301,2941,2.370037
302,2929,2.360366
303,2928,2.359560
304,2933,2.363590
305,2929,2.360366
306,2933,2.363590
307,2929,2.360366
308,2933,2.363590
309,2928,2.359560
310,2929,2.360366
311,2928,2.359560
312,2928,2.359560
313,2928,2.359560
314,2929,2.360366
315,2929,2.360366
316,2929,2.360366
317,2929,2.360366
318,2917,2.350696
319,2933,2.363590
320,2929,2.360366
321,2928,2.359560
322,2928,2.359560
323,2928,2.359560
324,2929,2.360366
325,2917,2.350696
326,2917,2.350696
327,2929,2.360366
328,2935,2.365201
329,2929,2.360366
330,2933,2.363590
331,2929,2.360366
332,2933,2.363590
333,2945,2.373260
334,2933,2.363590
335,2933,2.363590
336,2945,2.373260
337,2935,2.365201
338,2945,2.373260
339,2960,2.385348
340,2945,2.373260
341,2933,2.363590
342,2949,2.376484
343,2949,2.376484
344,2949,2.376484
345,2960,2.385348
346,2960,2.385348
347,2945,2.373260
348,2949,2.376484
349,2928,2.359560
350,2929,2.360366
351,2933,2.363590
352,2941,2.370037
353,2945,2.373260
354,2933,2.363590
355,2935,2.365201
356,2933,2.363590
357,2933,2.363590
358,2945,2.373260
359,2933,2.363590
360,2929,2.360366
361,2933,2.363590
362,2960,2.385348
363,2960,2.385348
364,2941,2.370037
365,2933,2.363590
366,2933,2.363590
367,2933,2.363590
368,2949,2.376484
369,2949,2.376484
370,2949,2.376484
371,2945,2.373260
372,2933,2.363590
373,2933,2.363590
374,2949,2.376484
375,2935,2.365201
376,2945,2.373260
377,2949,2.376484
378,2933,2.363590
379,2945,2.373260
380,2933,2.363590
381,2933,2.363590
382,2933,2.363590
383,2928,2.359560
384,2929,2.360366
385,2933,2.363590
386,2928,2.359560
387,2928,2.359560
388,2929,2.360366
389,2928,2.359560
390,2928,2.359560
391,2933,2.363590
392,2928,2.359560
393,2928,2.359560
394,2929,2.360366
395,2928,2.359560
396,2928,2.359560
397,2933,2.363590
398,2944,2.372454
399,2933,2.363590
400,2935,2.365201
401,2933,2.363590
402,2935,2.365201
403,2933,2.363590
404,2933,2.363590
405,2933,2.363590
406,2933,2.363590
407,2933,2.363590
408,2933,2.363590
409,2935,2.365201
410,2929,2.360366
411,2949,2.376484
412,2933,2.363590
413,2933,2.363590
414,2929,2.360366
415,2933,2.363590
416,2933,2.363590
417,2935,2.365201
418,2949,2.376484
419,2935,2.365201
420,2933,2.363590
421,2933,2.363590
422,2945,2.373260
423,2933,2.363590
424,2933,2.363590
425,2945,2.373260
426,2945,2.373260
427,2933,2.363590
428,2941,2.370037
429,2929,2.360366
430,2949,2.376484
431,2933,2.363590
432,2945,2.373260
433,2941,2.370037
434,2945,2.373260
435,2929,2.360366
436,2933,2.363590
437,2933,2.363590
438,2945,2.373260
439,2941,2.370037
440,2935,2.365201
441,2945,2.373260
442,2941,2.370037
443,2933,2.363590
444,2933,2.363590
445,2935,2.365201
446,2933,2.363590
447,2935,2.365201
448,2933,2.363590
449,2933,2.363590
450,2917,2.350696
451,2933,2.363590
452,2929,2.360366
453,2941,2.370037
454,2945,2.373260
455,2933,2.363590
456,2933,2.363590
457,2933,2.363590
458,2933,2.363590
459,2945,2.373260
460,2933,2.363590
461,2935,2.365201
462,2933,2.363590
463,2933,2.363590
464,2949,2.376484
465,2960,2.385348
466,2945,2.373260
467,2945,2.373260
468,2935,2.365201
469,2941,2.370037
470,2945,2.373260
471,2933,2.363590
472,2933,2.363590
473,2935,2.365201
474,2933,2.363590
475,2933,2.363590
476,2935,2.365201
477,2933,2.363590
478,2933,2.363590
479,2945,2.373260
480,2949,2.376484
481,2949,2.376484
482,2949,2.376484
483,2945,2.373260
484,2960,2.385348
485,2960,2.385348
486,2961,2.386154
487,2960,2.385348
488,2960,2.385348
489,2961,2.386154
490,2960,2.385348
491,2965,2.389377
492,2960,2.385348
493,2949,2.376484
494,2933,2.363590
495,2960,2.385348
496,2960,2.385348
497,2949,2.376484
498,2945,2.373260
499,2960,2.385348
500,2960,2.385348
501,2944,2.372454
502,2933,2.363590
503,2945,2.373260
504,2945,2.373260
505,2949,2.376484
506,2960,2.385348
507,2949,2.376484
508,2949,2.376484
509,2960,2.385348
510,2961,2.386154
511,2961,2.386154
512,2945,2.373260
513,2960,2.385348
514,2949,2.376484
515,2945,2.373260
516,2949,2.376484
517,2949,2.376484
518,2960,2.385348
519,2949,2.376484
520,2941,2.370037
521,2933,2.363590
522,2945,2.373260
523,2933,2.363590
524,2928,2.359560
525,2949,2.376484
526,2945,2.373260
527,2933,2.363590
528,2960,2.385348
529,2960,2.385348
530,2945,2.373260
531,2949,2.376484
532,2961,2.386154
533,2961,2.386154
534,2960,2.385348
535,2960,2.385348
536,2960,2.385348
537,2960,2.385348
538,2961,2.386154
539,2960,2.385348
540,2961,2.386154
541,2960,2.385348
542,2960,2.385348
543,2961,2.386154
544,2965,2.389377
545,2960,2.385348
546,2961,2.386154
547,2949,2.376484
548,2961,2.386154
549,2961,2.386154
550,2961,2.386154
551,2949,2.376484
552,2949,2.376484
553,2949,2.376484
554,2960,2.385348
555,2949,2.376484
556,2960,2.385348
557,2949,2.376484
558,2960,2.385348
559,2949,2.376484
560,2960,2.385348
561,2960,2.385348
562,2941,2.370037
563,2949,2.376484
564,2949,2.376484
565,2960,2.385348
566,2941,2.370037
567,2960,2.385348
568,2960,2.385348
569,2949,2.376484
570,2960,2.385348
571,2960,2.385348
572,2949,2.376484
573,2961,2.386154
574,2960,2.385348
575,2960,2.385348
576,2949,2.376484
577,2960,2.385348
578,2949,2.376484
579,2948,2.375678
580,2949,2.376484
581,2960,2.385348
582,2960,2.385348
583,2935,2.365201
584,2961,2.386154
585,2949,2.376484
586,2945,2.373260
587,2949,2.376484
588,2945,2.373260
589,2933,2.363590
590,2945,2.373260
591,2949,2.376484
592,2960,2.385348
593,2961,2.386154
594,2944,2.372454
595,2949,2.376484
596,2935,2.365201
597,2933,2.363590
598,2933,2.363590
599,2945,2.373260
600,2933,2.363590
601,2933,2.363590
602,2945,2.373260
603,2945,2.373260
604,2933,2.363590
605,2933,2.363590
606,2933,2.363590
607,2933,2.363590
608,2933,2.363590
609,2944,2.372454
610,2949,2.376484
611,2961,2.386154
612,2933,2.363590
613,2935,2.365201
614,2960,2.385348
615,2945,2.373260
616,2960,2.385348
617,2961,2.386154
618,2945,2.373260
619,2933,2.363590
620,2945,2.373260
621,2949,2.376484
622,2944,2.372454
623,2960,2.385348
624,2960,2.385348
625,2944,2.372454
626,2949,2.376484
627,2960,2.385348
628,2949,2.376484
629,2933,2.363590
630,2961,2.386154
631,2960,2.385348
632,2941,2.370037
633,2941,2.370037
634,2949,2.376484
635,2945,2.373260
636,2960,2.385348
637,2935,2.365201
638,2933,2.363590
639,2941,2.370037
640,2935,2.365201
641,2933,2.363590
642,2945,2.373260
643,2949,2.376484
644,2965,2.389377
645,2960,2.385348
646,2965,2.389377
647,2961,2.386154
648,2960,2.385348
649,2960,2.385348
650,2949,2.376484
651,2961,2.386154
652,2960,2.385348
653,2949,2.376484
654,2949,2.376484
655,2949,2.376484
656,2961,2.386154
657,2949,2.376484
658,2933,2.363590
659,2928,2.359560
660,2949,2.376484
661,2961,2.386154
662,2945,2.373260
663,2961,2.386154
664,2949,2.376484
665,2949,2.376484
666,2960,2.385348
667,2960,2.385348
668,2949,2.376484
669,2960,2.385348
670,2960,2.385348
671,2960,2.385348
672,2960,2.385348
673,2965,2.389377
674,2945,2.373260
675,2961,2.386154
676,2933,2.363590
677,2960,2.385348
678,2961,2.386154
679,2945,2.373260
680,2960,2.385348
681,2960,2.385348
682,2960,2.385348
683,2960,2.385348
684,2933,2.363590
685,2949,2.376484
686,2949,2.376484
687,2949,2.376484
688,2948,2.375678
689,2949,2.376484
690,2960,2.385348
691,2965,2.389377
692,2961,2.386154
693,2960,2.385348
694,2935,2.365201
695,2949,2.376484
696,2949,2.376484
697,2960,2.385348
698,2961,2.386154
699,2945,2.373260
700,2960,2.385348
701,2965,2.389377
702,2960,2.385348
703,2960,2.385348
704,2960,2.385348
705,2949,2.376484
706,2949,2.376484
707,2945,2.373260
708,2949,2.376484
709,2960,2.385348
710,2945,2.373260
711,2960,2.385348
712,2967,2.390989
713,2960,2.385348
714,2965,2.389377
715,2965,2.389377
716,2961,2.386154
717,2960,2.385348
718,2965,2.389377
719,2961,2.386154
720,2965,2.389377
721,2967,2.390989
722,2981,2.402271
723,2977,2.399048
724,2965,2.389377
725,2960,2.385348
726,2964,2.388571
727,2960,2.385348
728,2949,2.376484
729,2960,2.385348
730,2960,2.385348
731,2960,2.385348
732,2961,2.386154
733,2965,2.389377
734,2965,2.389377
735,2960,2.385348
736,2965,2.389377
737,2960,2.385348
738,2965,2.389377
739,2961,2.386154
740,2965,2.389377
741,2960,2.385348
742,2965,2.389377
743,2965,2.389377
744,2960,2.385348
745,2941,2.370037
746,2961,2.386154
747,2960,2.385348
748,2960,2.385348
749,2961,2.386154
750,2965,2.389377
751,2961,2.386154
752,2961,2.386154
753,2960,2.385348
754,2960,2.385348
755,2941,2.370037
756,2949,2.376484
757,2960,2.385348
758,2960,2.385348
759,2961,2.386154
760,2965,2.389377
761,2965,2.389377
762,2960,2.385348
763,2960,2.385348
764,2960,2.385348
765,2960,2.385348
766,2960,2.385348
767,2961,2.386154
768,2960,2.385348
769,2961,2.386154
770,2965,2.389377
771,2965,2.389377
772,2965,2.389377
773,2960,2.385348
774,2960,2.385348
775,2977,2.399048
776,2965,2.389377
777,2965,2.389377
778,2961,2.386154
779,2960,2.385348
780,2960,2.385348
781,2961,2.386154
782,2960,2.385348
783,2961,2.386154
784,2961,2.386154
785,2960,2.385348
786,2960,2.385348
787,2973,2.395824
788,2965,2.389377
789,2960,2.385348
790,2965,2.389377
791,2965,2.389377
792,2960,2.385348
793,2965,2.389377
794,2961,2.386154
795,2965,2.389377
796,2965,2.389377
797,2960,2.385348
798,2965,2.389377
799,2961,2.386154
800,2976,2.398242
801,2965,2.389377
802,2976,2.398242
803,2965,2.389377
804,2965,2.389377
805,2977,2.399048
806,2976,2.398242
807,2965,2.389377
808,2981,2.402271
809,2992,2.411136
810,2977,2.399048
811,2965,2.389377
812,2965,2.389377
813,2965,2.389377
814,2981,2.402271
815,2977,2.399048
816,2965,2.389377
817,2965,2.389377
818,2960,2.385348
819,2965,2.389377
820,2960,2.385348
821,2961,2.386154
822,2965,2.389377
823,2961,2.386154
824,2965,2.389377
825,2965,2.389377
826,2977,2.399048
827,2967,2.390989
828,2977,2.399048
829,2967,2.390989
830,2965,2.389377
831,2965,2.389377
832,2992,2.411136
833,2992,2.411136
834,2977,2.399048
835,2973,2.395824
836,2993,2.411941
837,2981,2.402271
838,2981,2.402271
839,2992,2.411136
840,2977,2.399048
841,2977,2.399048
842,2977,2.399048
843,2981,2.402271
844,2977,2.399048
845,2976,2.398242
846,2976,2.398242
847,2981,2.402271
848,2981,2.402271
849,2992,2.411136
850,2993,2.411941
851,2992,2.411136
852,2992,2.411136
853,2993,2.411941
854,2997,2.415165
855,2997,2.415165
856,3005,2.421612
857,2992,2.411136
858,2997,2.415165
859,2981,2.402271
860,2993,2.411941
861,2993,2.411941
862,2992,2.411136
863,2977,2.399048
864,2992,2.411136
865,2981,2.402271
866,2981,2.402271
867,2992,2.411136
868,2981,2.402271
869,2981,2.402271
870,2981,2.402271
871,2965,2.389377
872,2977,2.399048
873,2977,2.399048
874,2977,2.399048
875,2977,2.399048
876,2965,2.389377
877,2965,2.389377
878,2981,2.402271
879,2977,2.399048
880,2977,2.399048
881,2977,2.399048
882,2965,2.389377
883,2967,2.390989
884,2965,2.389377
885,2977,2.399048
886,2965,2.389377
887,2965,2.389377
888,2977,2.399048
889,2967,2.390989
890,2965,2.389377
891,2981,2.402271
892,2976,2.398242
893,2977,2.399048
894,2965,2.389377
895,2977,2.399048
896,2977,2.399048
897,2967,2.390989
898,2977,2.399048
899,2981,2.402271
900,2981,2.402271
901,2981,2.402271
902,2981,2.402271
903,2981,2.402271
904,2981,2.402271
905,2992,2.411136
906,2981,2.402271
907,2981,2.402271
908,2965,2.389377
909,2981,2.402271
910,2992,2.411136
911,2981,2.402271
912,2977,2.399048
913,2993,2.411941
914,2997,2.415165
915,2981,2.402271
916,2965,2.389377
917,2981,2.402271
918,2977,2.399048
919,2992,2.411136
920,2981,2.402271
921,2967,2.390989
922,2992,2.411136
923,2992,2.411136
924,2977,2.399048
925,2992,2.411136
926,2981,2.402271
927,2965,2.389377
928,2981,2.402271
929,2992,2.411136
930,2977,2.399048
931,2981,2.402271
932,2993,2.411941
933,2981,2.402271
934,2992,2.411136
935,2992,2.411136
936,2992,2.411136
937,2992,2.411136
938,2981,2.402271
939,2977,2.399048
940,2993,2.411941
941,2993,2.411941
942,2997,2.415165
943,2992,2.411136
944,2997,2.415165
945,2992,2.411136
946,2981,2.402271
947,2993,2.411941
948,2992,2.411136
949,2977,2.399048
950,2981,2.402271
951,2997,2.415165
952,2993,2.411941
953,2981,2.402271
954,2999,2.416777
955,2993,2.411941
956,2997,2.415165
957,2997,2.415165
958,2993,2.411941
959,2993,2.411941
960,2997,2.415165
961,2997,2.415165
962,2997,2.415165
963,2992,2.411136
964,2980,2.401465
965,2992,2.411136
966,2992,2.411136
967,2993,2.411941
968,2981,2.402271
969,2992,2.411136
970,2993,2.411941
971,2981,2.402271
972,2981,2.402271
973,2993,2.411941
974,2992,2.411136
975,2997,2.415165
976,2997,2.415165
977,2992,2.411136
978,2992,2.411136
979,3005,2.421612
980,2997,2.415165
981,2997,2.415165
982,2997,2.415165
983,2993,2.411941
984,2992,2.411136
985,2993,2.411941
986,2997,2.415165
987,2993,2.411941
988,2997,2.415165
989,2997,2.415165
990,2993,2.411941
991,2997,2.415165
992,2997,2.415165
993,2997,2.415165
994,2999,2.416777
995,3005,2.421612
996,3005,2.421612
997,2997,2.415165
998,2997,2.415165
999,2999,2.416777
1000,3013,2.428059
1001,2997,2.415165
1002,2997,2.415165
1003,2993,2.411941
1004,2997,2.415165
1005,2997,2.415165
1006,2997,2.415165
1007,2993,2.411941
1008,2997,2.415165
1009,2997,2.415165
1010,2997,2.415165
1011,2999,2.416777
1012,3005,2.421612
1013,2997,2.415165
1014,3013,2.428059
1015,3005,2.421612
1016,3005,2.421612
1017,2997,2.415165
1018,3005,2.421612
1019,3005,2.421612
1020,3005,2.421612
1021,2999,2.416777
1022,2997,2.415165
1023,2997,2.415165
1024,2997,2.415165
1025,2997,2.415165
1026,2997,2.415165
1027,3005,2.421612
1028,2993,2.411941
1029,2997,2.415165
1030,2997,2.415165
1031,2993,2.411941
1032,2993,2.411941
1033,3013,2.428059
1034,2997,2.415165
1035,3005,2.421612
1036,2997,2.415165
1037,3005,2.421612
1038,2997,2.415165
1039,3005,2.421612
1040,2997,2.415165
1041,2997,2.415165
1042,3005,2.421612
1043,3005,2.421612
1044,3005,2.421612
1045,3024,2.436923
1046,2999,2.416777
1047,3013,2.428059
1048,3013,2.428059
1049,3024,2.436923
1050,3005,2.421612
1051,3013,2.428059
1052,3013,2.428059
1053,3005,2.421612
1054,3005,2.421612
1055,3005,2.421612
1056,2997,2.415165
1057,3013,2.428059
1058,2999,2.416777
1059,3005,2.421612
1060,2997,2.415165
1061,2997,2.415165
1062,2999,2.416777
1063,2999,2.416777
1064,3005,2.421612
1065,2997,2.415165
1066,3005,2.421612
1067,3013,2.428059
1068,3013,2.428059
1069,3005,2.421612
1070,3024,2.436923
1071,3013,2.428059
1072,3029,2.440952
1073,3013,2.428059
1074,3024,2.436923
1075,3024,2.436923
1076,3024,2.436923
1077,3013,2.428059
1078,3005,2.421612
1079,3024,2.436923
1080,3013,2.428059
1081,3024,2.436923
1082,3025,2.437729
1083,3024,2.436923
1084,3005,2.421612
1085,2997,2.415165
1086,3005,2.421612
1087,3005,2.421612
1088,3005,2.421612
1089,3013,2.428059
1090,3024,2.436923
1091,3013,2.428059
1092,3024,2.436923
1093,3029,2.440952
1094,3025,2.437729
1095,3024,2.436923
1096,3024,2.436923
1097,3024,2.436923
1098,3013,2.428059
1099,3029,2.440952
1100,3013,2.428059
1101,3024,2.436923
1102,3024,2.436923
1103,3005,2.421612
1104,3005,2.421612
1105,3013,2.428059
1106,3024,2.436923
1107,3024,2.436923
1108,3013,2.428059
1109,3024,2.436923
1110,3013,2.428059
1111,3024,2.436923
1112,3024,2.436923
1113,3024,2.436923
1114,3024,2.436923
1115,3024,2.436923
1116,3024,2.436923
1117,3013,2.428059
1118,3029,2.440952
1119,3029,2.440952
1120,3025,2.437729
1121,3029,2.440952
1122,3024,2.436923
1123,3025,2.437729
1124,3024,2.436923
1125,3025,2.437729
1126,3024,2.436923
1127,3025,2.437729
1128,3029,2.440952
1129,3029,2.440952
1130,3025,2.437729
1131,3025,2.437729
1132,3031,2.442564
1133,3024,2.436923
1134,3025,2.437729
1135,3025,2.437729
1136,3025,2.437729
1137,3025,2.437729
1138,3029,2.440952
1139,3029,2.440952
1140,3013,2.428059
1141,3024,2.436923
1142,3024,2.436923
1143,3013,2.428059
1144,3005,2.421612
1145,3029,2.440952
1146,3025,2.437729
1147,3024,2.436923
1148,3029,2.440952
1149,3024,2.436923
1150,3025,2.437729
1151,3025,2.437729
1152,3025,2.437729
1153,3029,2.440952
1154,3029,2.440952
1155,3041,2.450623
1156,3025,2.437729
1157,3029,2.440952
1158,3040,2.449817
1159,3037,2.447399
1160,3045,2.453846
1161,3041,2.450623
1162,3025,2.437729
1163,3025,2.437729
1164,3037,2.447399
1165,3025,2.437729
1166,3029,2.440952
1167,3029,2.440952
1168,3025,2.437729
1169,3029,2.440952
1170,3025,2.437729
1171,3025,2.437729
1172,3041,2.450623
1173,3029,2.440952
1174,3025,2.437729
1175,3029,2.440952
1176,3025,2.437729
1177,3029,2.440952
1178,3041,2.450623
1179,3029,2.440952
1180,3029,2.440952
1181,3040,2.449817
1182,3041,2.450623
1183,3029,2.440952
1184,3041,2.450623
1185,3040,2.449817
1186,3041,2.450623
1187,3025,2.437729
1188,3031,2.442564
1189,3029,2.440952
1190,3029,2.440952
1191,3029,2.440952
1192,3029,2.440952
1193,3029,2.440952
1194,3041,2.450623
1195,3040,2.449817
1196,3029,2.440952
1197,3041,2.450623
1198,3037,2.447399
1199,3040,2.449817
1200,3031,2.442564
1201,3041,2.450623
1202,3041,2.450623
1203,3041,2.450623
1204,3041,2.450623
1205,3045,2.453846
1206,3056,2.462711
1207,3031,2.442564
1208,3031,2.442564
1209,3041,2.450623
1210,3029,2.440952
1211,3031,2.442564
1212,3041,2.450623
1213,3045,2.453846
1214,3045,2.453846
1215,3056,2.462711
1216,3041,2.450623
1217,3041,2.450623
1218,3040,2.449817
1219,3029,2.440952
1220,3045,2.453846
1221,3045,2.453846
1222,3041,2.450623
1223,3045,2.453846
1224,3045,2.453846
1225,3056,2.462711
1226,3072,2.475604
1227,3056,2.462711
1228,3045,2.453846
1229,3040,2.449817
1230,3041,2.450623
1231,3045,2.453846
1232,3045,2.453846
1233,3045,2.453846
1234,3041,2.450623
1235,3056,2.462711
1236,3056,2.462711
1237,3041,2.450623
1238,3045,2.453846
1239,3041,2.450623
1240,3031,2.442564
1241,3072,2.475604
1242,3056,2.462711
1243,3072,2.475604
1244,3045,2.453846
1245,3056,2.462711
1246,3045,2.453846
1247,3041,2.450623
1248,3072,2.475604
1249,3056,2.462711
1250,3056,2.462711
1251,3040,2.449817
1252,3056,2.462711
1253,3045,2.453846
1254,3041,2.450623
1255,3057,2.463516
1256,3056,2.462711
1257,3072,2.475604
1258,3056,2.462711
1259,3056,2.462711
1260,3056,2.462711
1261,3041,2.450623
1262,3057,2.463516
1263,3045,2.453846
1264,3072,2.475604
1265,3072,2.475604
1266,3072,2.475604
1267,3045,2.453846
1268,3056,2.462711
1269,3056,2.462711
1270,3045,2.453846
1271,3056,2.462711
1272,3045,2.453846
1273,3073,2.476410
1274,3072,2.475604
1275,3056,2.462711
1276,3072,2.475604
1277,3056,2.462711
1278,3072,2.475604
1279,3072,2.475604
1280,3072,2.475604
1281,3056,2.462711
1282,3072,2.475604
1283,3057,2.463516
1284,3056,2.462711
1285,3056,2.462711
1286,3056,2.462711
1287,3056,2.462711
1288,3072,2.475604
1289,3072,2.475604
1290,3072,2.475604
1291,3072,2.475604
1292,3072,2.475604
1293,3072,2.475604
1294,3072,2.475604
1295,3072,2.475604
1296,3056,2.462711
1297,3072,2.475604
1298,3072,2.475604
1299,3056,2.462711
1300,3072,2.475604
1301,3072,2.475604
1302,3072,2.475604
1303,3077,2.479634
1304,3072,2.475604
1305,3072,2.475604
1306,3072,2.475604
1307,3072,2.475604
1308,3072,2.475604
1309,3072,2.475604
1310,3072,2.475604
1311,3072,2.475604
1312,3073,2.476410
1313,3072,2.475604
1314,3072,2.475604
1315,3072,2.475604
1316,3072,2.475604
1317,3072,2.475604
1318,3072,2.475604
1319,3073,2.476410
1320,3072,2.475604
1321,3073,2.476410
1322,3077,2.479634
1323,3072,2.475604
1324,3072,2.475604
1325,3072,2.475604
1326,3073,2.476410
1327,3073,2.476410
1328,3072,2.475604
1329,3072,2.475604
1330,3073,2.476410
1331,3072,2.475604
1332,3072,2.475604
1333,3072,2.475604
1334,3073,2.476410
1335,3072,2.475604
1336,3072,2.475604
1337,3072,2.475604
1338,3077,2.479634
1339,3072,2.475604
1340,3073,2.476410
1341,3077,2.479634
1342,3077,2.479634
1343,3077,2.479634
1344,3088,2.488498
1345,3073,2.476410
1346,3072,2.475604
1347,3077,2.479634
1348,3077,2.479634
1349,3072,2.475604
1350,3088,2.488498
1351,3072,2.475604
1352,3072,2.475604
1353,3072,2.475604
1354,3072,2.475604
1355,3077,2.479634
1356,3077,2.479634
1357,3072,2.475604
1358,3077,2.479634
1359,3077,2.479634
1360,3077,2.479634
1361,3077,2.479634
1362,3088,2.488498
1363,3088,2.488498
1364,3073,2.476410
1365,3088,2.488498
1366,3077,2.479634
1367,3072,2.475604
1368,3073,2.476410
1369,3088,2.488498
1370,3088,2.488498
1371,3077,2.479634
1372,3077,2.479634
1373,3072,2.475604
1374,3077,2.479634
1375,3072,2.475604
1376,3077,2.479634
1377,3073,2.476410
1378,3077,2.479634
1379,3088,2.488498
1380,3077,2.479634
1381,3073,2.476410
1382,3073,2.476410
1383,3088,2.488498
1384,3077,2.479634
1385,3088,2.488498
1386,3077,2.479634
1387,3077,2.479634
1388,3088,2.488498
1389,3077,2.479634
1390,3077,2.479634
1391,3088,2.488498
1392,3089,2.489304
1393,3088,2.488498
1394,3088,2.488498
1395,3093,2.492527
1396,3089,2.489304
1397,3088,2.488498
1398,3077,2.479634
1399,3077,2.479634
1400,3088,2.488498
1401,3073,2.476410
1402,3077,2.479634
1403,3077,2.479634
1404,3088,2.488498
1405,3089,2.489304
1406,3088,2.488498
1407,3073,2.476410
1408,3089,2.489304
1409,3089,2.489304
1410,3073,2.476410
1411,3088,2.488498
1412,3088,2.488498
1413,3089,2.489304
1414,3088,2.488498
1415,3089,2.489304
1416,3089,2.489304
1417,3077,2.479634
1418,3088,2.488498
1419,3077,2.479634
1420,3088,2.488498
1421,3073,2.476410
1422,3088,2.488498
1423,3088,2.488498
1424,3088,2.488498
1425,3073,2.476410
1426,3088,2.488498
1427,3088,2.488498
1428,3088,2.488498
1429,3088,2.488498
1430,3077,2.479634
1431,3093,2.492527
1432,3089,2.489304
1433,3077,2.479634
1434,3088,2.488498
1435,3088,2.488498
1436,3093,2.492527
1437,3089,2.489304
1438,3088,2.488498
1439,3088,2.488498
1440,3093,2.492527
1441,3088,2.488498
1442,3093,2.492527
1443,3088,2.488498
1444,3093,2.492527
1445,3077,2.479634
1446,3077,2.479634
1447,3089,2.489304
1448,3088,2.488498
1449,3093,2.492527
1450,3088,2.488498
1451,3089,2.489304
1452,3088,2.488498
1453,3089,2.489304
1454,3089,2.489304
1455,3072,2.475604
1456,3077,2.479634
1457,3077,2.479634
1458,3077,2.479634
1459,3088,2.488498
1460,3089,2.489304
1461,3072,2.475604
1462,3093,2.492527
1463,3088,2.488498
1464,3077,2.479634
1465,3088,2.488498
1466,3077,2.479634
1467,3072,2.475604
1468,3089,2.489304
1469,3088,2.488498
1470,3089,2.489304
1471,3077,2.479634
1472,3093,2.492527
1473,3089,2.489304
1474,3088,2.488498
1475,3077,2.479634
1476,3089,2.489304
1477,3088,2.488498
1478,3073,2.476410
1479,3088,2.488498
1480,3089,2.489304
1481,3077,2.479634
1482,3088,2.488498
1483,3089,2.489304
1484,3077,2.479634
1485,3089,2.489304
1486,3073,2.476410
1487,3093,2.492527
1488,3088,2.488498
1489,3073,2.476410
1490,3088,2.488498
1491,3089,2.489304
1492,3088,2.488498
1493,3073,2.476410
1494,3088,2.488498
1495,3077,2.479634
1496,3073,2.476410
1497,3088,2.488498
1498,3089,2.489304
1499,3077,2.479634
1500,3093,2.492527
1501,3088,2.488498
1502,3088,2.488498
1503,3089,2.489304
1504,3088,2.488498
1505,3088,2.488498
1506,3089,2.489304
1507,3089,2.489304
1508,3088,2.488498
1509,3089,2.489304
1510,3089,2.489304
1511,3088,2.488498
1512,3088,2.488498
1513,3089,2.489304
1514,3089,2.489304
1515,3088,2.488498
1516,3093,2.492527
1517,3077,2.479634
1518,3089,2.489304
1519,3077,2.479634
1520,3093,2.492527
1521,3088,2.488498
1522,3077,2.479634
1523,3088,2.488498
1524,3088,2.488498
1525,3093,2.492527
1526,3089,2.489304
1527,3088,2.488498
1528,3089,2.489304
1529,3089,2.489304
1530,3093,2.492527
1531,3089,2.489304
1532,3088,2.488498
1533,3089,2.489304
1534,3093,2.492527
1535,3093,2.492527
1536,3089,2.489304
1537,3077,2.479634
1538,3088,2.488498
1539,3089,2.489304
1540,3088,2.488498
1541,3088,2.488498
1542,3077,2.479634
1543,3093,2.492527
1544,3089,2.489304
1545,3088,2.488498
1546,3073,2.476410
1547,3089,2.489304
1548,3088,2.488498
1549,3089,2.489304
1550,3088,2.488498
1551,3088,2.488498
1552,3088,2.488498
1553,3077,2.479634
1554,3073,2.476410
1555,3088,2.488498
1556,3088,2.488498
1557,3072,2.475604
1558,3088,2.488498
1559,3077,2.479634
1560,3077,2.479634
1561,3088,2.488498
1562,3088,2.488498
1563,3093,2.492527
1564,3088,2.488498
1565,3077,2.479634
1566,3089,2.489304
1567,3088,2.488498
1568,3089,2.489304
1569,3077,2.479634
1570,3093,2.492527
1571,3077,2.479634
1572,3088,2.488498
1573,3088,2.488498
1574,3088,2.488498
1575,3073,2.476410
1576,3072,2.475604
1577,3089,2.489304
1578,3088,2.488498
1579,3093,2.492527
1580,3088,2.488498
1581,3093,2.492527
1582,3088,2.488498
1583,3089,2.489304
1584,3088,2.488498
1585,3089,2.489304
1586,3088,2.488498
1587,3077,2.479634
1588,3088,2.488498
1589,3077,2.479634
1590,3088,2.488498
1591,3089,2.489304
1592,3089,2.489304
1593,3089,2.489304
1594,3089,2.489304
1595,3088,2.488498
1596,3093,2.492527
1597,3077,2.479634
1598,3088,2.488498
1599,3093,2.492527
1600,3077,2.479634
1601,3089,2.489304
1602,3077,2.479634
1603,3077,2.479634
1604,3077,2.479634
1605,3073,2.476410
1606,3073,2.476410
1607,3089,2.489304
1608,3077,2.479634
1609,3088,2.488498
1610,3088,2.488498
1611,3089,2.489304
1612,3089,2.489304
1613,3089,2.489304
1614,3073,2.476410
1615,3088,2.488498
1616,3088,2.488498
1617,3077,2.479634
1618,3089,2.489304
1619,3088,2.488498
1620,3088,2.488498
1621,3088,2.488498
1622,3077,2.479634
1623,3077,2.479634
1624,3088,2.488498
1625,3072,2.475604
1626,3077,2.479634
1627,3077,2.479634
1628,3073,2.476410
1629,3077,2.479634
1630,3077,2.479634
1631,3093,2.492527
1632,3077,2.479634
1633,3088,2.488498
1634,3077,2.479634
1635,3088,2.488498
1636,3088,2.488498
1637,3077,2.479634
1638,3088,2.488498
1639,3073,2.476410
1640,3088,2.488498
1641,3073,2.476410
1642,3073,2.476410
1643,3088,2.488498
1644,3088,2.488498
1645,3073,2.476410
1646,3093,2.492527
1647,3077,2.479634
1648,3088,2.488498
1649,3089,2.489304
1650,3088,2.488498
1651,3077,2.479634
1652,3088,2.488498
1653,3073,2.476410
1654,3077,2.479634
1655,3077,2.479634
1656,3077,2.479634
1657,3072,2.475604
1658,3077,2.479634
1659,3072,2.475604
1660,3077,2.479634
1661,3073,2.476410
1662,3077,2.479634
1663,3077,2.479634
1664,3072,2.475604
1665,3072,2.475604
1666,3088,2.488498
1667,3077,2.479634
1668,3077,2.479634
1669,3088,2.488498
1670,3077,2.479634
1671,3072,2.475604
1672,3077,2.479634
1673,3072,2.475604
1674,3089,2.489304
1675,3073,2.476410
1676,3073,2.476410
1677,3072,2.475604
1678,3089,2.489304
1679,3073,2.476410
1680,3077,2.479634
1681,3072,2.475604
1682,3073,2.476410
1683,3072,2.475604
1684,3073,2.476410
1685,3077,2.479634
1686,3072,2.475604
1687,3073,2.476410
1688,3077,2.479634
1689,3072,2.475604
1690,3088,2.488498
1691,3073,2.476410
1692,3088,2.488498
1693,3072,2.475604
1694,3077,2.479634
1695,3072,2.475604
1696,3072,2.475604
1697,3072,2.475604
1698,3073,2.476410
1699,3073,2.476410
1700,3073,2.476410
1701,3073,2.476410
1702,3077,2.479634
1703,3077,2.479634
1704,3072,2.475604
1705,3072,2.475604
1706,3077,2.479634
1707,3072,2.475604
1708,3072,2.475604
1709,3073,2.476410
1710,3077,2.479634
1711,3072,2.475604
1712,3072,2.475604
1713,3077,2.479634
1714,3072,2.475604
1715,3088,2.488498
1716,3088,2.488498
1717,3073,2.476410
1718,3072,2.475604
1719,3072,2.475604
1720,3072,2.475604
1721,3077,2.479634
1722,3073,2.476410
1723,3072,2.475604
1724,3072,2.475604
1725,3072,2.475604
1726,3072,2.475604
1727,3072,2.475604
1728,3073,2.476410
1729,3073,2.476410
1730,3072,2.475604
1731,3072,2.475604
1732,3072,2.475604
1733,3072,2.475604
1734,3072,2.475604
1735,3072,2.475604
1736,3072,2.475604
1737,3072,2.475604
1738,3077,2.479634
1739,3073,2.476410
1740,3057,2.463516
1741,3072,2.475604
1742,3072,2.475604
1743,3072,2.475604
1744,3072,2.475604
1745,3072,2.475604
1746,3072,2.475604
1747,3072,2.475604
1748,3057,2.463516
1749,3072,2.475604
1750,3072,2.475604
1751,3072,2.475604
1752,3072,2.475604
1753,3072,2.475604
1754,3072,2.475604
1755,3072,2.475604
1756,3072,2.475604
1757,3072,2.475604
1758,3072,2.475604
1759,3072,2.475604
1760,3073,2.476410
1761,3056,2.462711
1762,3056,2.462711
1763,3072,2.475604
1764,3072,2.475604
1765,3056,2.462711
1766,3072,2.475604
1767,3056,2.462711
1768,3056,2.462711
1769,3045,2.453846
1770,3057,2.463516
1771,3072,2.475604
1772,3072,2.475604
1773,3072,2.475604
1774,3072,2.475604
1775,3045,2.453846
1776,3056,2.462711
1777,3056,2.462711
1778,3057,2.463516
1779,3057,2.463516
1780,3056,2.462711
1781,3056,2.462711
1782,3057,2.463516
1783,3056,2.462711
1784,3072,2.475604
1785,3072,2.475604
1786,3056,2.462711
1787,3056,2.462711
1788,3057,2.463516
1789,3056,2.462711
1790,3072,2.475604
1791,3072,2.475604
1792,3072,2.475604
1793,3056,2.462711
1794,3056,2.462711
1795,3057,2.463516
1796,3072,2.475604
1797,3045,2.453846
1798,3041,2.450623
1799,3056,2.462711
1800,3041,2.450623
1801,3056,2.462711
1802,3056,2.462711
1803,3045,2.453846
1804,3045,2.453846
1805,3056,2.462711
1806,3072,2.475604
1807,3056,2.462711
1808,3045,2.453846
1809,3045,2.453846
1810,3045,2.453846
1811,3045,2.453846
1812,3041,2.450623
1813,3056,2.462711
1814,3072,2.475604
1815,3072,2.475604
1816,3045,2.453846
1817,3031,2.442564
1818,3045,2.453846
1819,3072,2.475604
1820,3045,2.453846
1821,3056,2.462711
1822,3072,2.475604
1823,3056,2.462711
1824,3045,2.453846
1825,3045,2.453846
1826,3056,2.462711
1827,3056,2.462711
1828,3072,2.475604
1829,3056,2.462711
1830,3045,2.453846
1831,3056,2.462711
1832,3041,2.450623
1833,3045,2.453846
1834,3056,2.462711
1835,3045,2.453846
1836,3041,2.450623
1837,3056,2.462711
1838,3045,2.453846
1839,3056,2.462711
1840,3029,2.440952
1841,3041,2.450623
1842,3045,2.453846
1843,3056,2.462711
1844,3041,2.450623
1845,3041,2.450623
1846,3029,2.440952
1847,3041,2.450623
1848,3040,2.449817
1849,3045,2.453846
1850,3041,2.450623
1851,3056,2.462711
1852,3045,2.453846
1853,3029,2.440952
1854,3041,2.450623
1855,3031,2.442564
1856,3031,2.442564
1857,3029,2.440952
1858,3056,2.462711
1859,3029,2.440952
1860,3041,2.450623
1861,3041,2.450623
1862,3037,2.447399
1863,3037,2.447399
1864,3041,2.450623
1865,3041,2.450623
1866,3041,2.450623
1867,3041,2.450623
1868,3041,2.450623
1869,3041,2.450623
1870,3056,2.462711
1871,3041,2.450623
1872,3056,2.462711
1873,3031,2.442564
1874,3031,2.442564
1875,3031,2.442564
1876,3031,2.442564
1877,3029,2.440952
1878,3029,2.440952
1879,3041,2.450623
1880,3029,2.440952
1881,3041,2.450623
1882,3041,2.450623
1883,3029,2.440952
1884,3029,2.440952
1885,3029,2.440952
1886,3031,2.442564
1887,3025,2.437729
1888,3037,2.447399
1889,3029,2.440952
1890,3029,2.440952
1891,3029,2.440952
1892,3029,2.440952
1893,3029,2.440952
1894,3041,2.450623
1895,3029,2.440952
1896,3041,2.450623
1897,3024,2.436923
1898,3029,2.440952
1899,3029,2.440952
1900,3029,2.440952
1901,3029,2.440952
1902,3024,2.436923
1903,3029,2.440952
1904,3041,2.450623
1905,3041,2.450623
1906,3025,2.437729
1907,3029,2.440952
1908,3025,2.437729
1909,3025,2.437729
1910,3041,2.450623
1911,3029,2.440952
1912,3024,2.436923
1913,3029,2.440952
1914,3056,2.462711
1915,3029,2.440952
1916,3025,2.437729
1917,3040,2.449817
1918,3041,2.450623
1919,3029,2.440952
1920,3029,2.440952
1921,3045,2.453846
1922,3041,2.450623
1923,3041,2.450623
1924,3029,2.440952
1925,3029,2.440952
1926,3029,2.440952
1927,3029,2.440952
1928,3029,2.440952
1929,3041,2.450623
1930,3029,2.440952
1931,3029,2.440952
1932,3029,2.440952
1933,3029,2.440952
1934,3029,2.440952
1935,3025,2.437729
1936,3025,2.437729
1937,3013,2.428059
1938,3025,2.437729
1939,3029,2.440952
1940,3024,2.436923
1941,3029,2.440952
1942,3025,2.437729
1943,3029,2.440952
1944,3029,2.440952
1945,3025,2.437729
1946,3029,2.440952
1947,3025,2.437729
1948,3024,2.436923
1949,3024,2.436923
1950,3013,2.428059
1951,3029,2.440952
1952,3025,2.437729
1953,3041,2.450623
1954,3029,2.440952
1955,3029,2.440952
1956,3025,2.437729
1957,3024,2.436923
1958,3024,2.436923
1959,3013,2.428059
1960,3029,2.440952
1961,3029,2.440952
1962,3029,2.440952
1963,3025,2.437729
1964,3024,2.436923
1965,3029,2.440952
1966,3029,2.440952
1967,3025,2.437729
1968,3041,2.450623
1969,3024,2.436923
1970,3024,2.436923
1971,3024,2.436923
1972,3024,2.436923
1973,3024,2.436923
1974,3025,2.437729
1975,3029,2.440952
1976,3013,2.428059
1977,3024,2.436923
1978,3031,2.442564
1979,3024,2.436923
1980,3029,2.440952
1981,3005,2.421612
1982,3013,2.428059
1983,3029,2.440952
1984,3024,2.436923
1985,3013,2.428059
1986,3024,2.436923
1987,3013,2.428059
1988,3024,2.436923
1989,3024,2.436923
1990,3029,2.440952
1991,3024,2.436923
1992,3025,2.437729
1993,3024,2.436923
1994,3024,2.436923
1995,3025,2.437729
1996,3024,2.436923
1997,3024,2.436923
1998,3024,2.436923
1999,3013,2.428059
2000,3024,2.436923
2001,3013,2.428059
2002,3029,2.440952
2003,3013,2.428059
2004,3024,2.436923
2005,3024,2.436923
2006,3024,2.436923
2007,3025,2.437729
2008,3029,2.440952
2009,3013,2.428059
2010,3024,2.436923
2011,3013,2.428059
2012,3024,2.436923
2013,3005,2.421612
2014,3013,2.428059
2015,3024,2.436923
2016,3025,2.437729
2017,3024,2.436923
2018,3025,2.437729
2019,3013,2.428059
2020,3005,2.421612
2021,3013,2.428059
2022,3013,2.428059
2023,3024,2.436923
2024,2997,2.415165
2025,3005,2.421612
2026,3005,2.421612
2027,3013,2.428059
2028,3024,2.436923
2029,3013,2.428059
2030,3005,2.421612
2031,3013,2.428059
2032,3024,2.436923
2033,3013,2.428059
2034,3013,2.428059
2035,3005,2.421612
2036,3005,2.421612
2037,3024,2.436923
2038,3024,2.436923
2039,3024,2.436923
2040,3013,2.428059
2041,3005,2.421612
2042,3005,2.421612
2043,3013,2.428059
2044,3024,2.436923
2045,3005,2.421612
2046,3005,2.421612
2047,2997,2.415165
2048,3013,2.428059
2049,3024,2.436923
2050,3013,2.428059
2051,3029,2.440952
2052,3029,2.440952
2053,3024,2.436923
2054,3024,2.436923
2055,3013,2.428059
2056,3025,2.437729
2057,3013,2.428059
2058,3024,2.436923
2059,3024,2.436923
2060,3005,2.421612
2061,3024,2.436923
2062,3013,2.428059
2063,3024,2.436923
2064,3013,2.428059
2065,3024,2.436923
2066,3007,2.423223
2067,3024,2.436923
2068,3025,2.437729
2069,3024,2.436923
2070,3013,2.428059
2071,3024,2.436923
2072,3013,2.428059
2073,3024,2.436923
2074,3025,2.437729
2075,3005,2.421612
2076,3025,2.437729
2077,3013,2.428059
2078,3013,2.428059
2079,3024,2.436923
2080,3024,2.436923
2081,3024,2.436923
2082,3013,2.428059
2083,3024,2.436923
2084,3024,2.436923
2085,3029,2.440952
2086,3029,2.440952
2087,3024,2.436923
2088,3031,2.442564
2089,3024,2.436923
2090,3024,2.436923
2091,3025,2.437729
2092,3024,2.436923
2093,3024,2.436923
2094,3029,2.440952
2095,3029,2.440952
2096,3025,2.437729
2097,3029,2.440952
2098,3024,2.436923
2099,3024,2.436923
2100,3013,2.428059
2101,3024,2.436923
2102,3029,2.440952
2103,3024,2.436923
2104,3029,2.440952
2105,3025,2.437729
2106,3025,2.437729
2107,3025,2.437729
2108,3025,2.437729
2109,3029,2.440952
2110,3029,2.440952
2111,3031,2.442564
2112,3037,2.447399
2113,3041,2.450623
2114,3041,2.450623
2115,3029,2.440952
2116,3029,2.440952
2117,3040,2.449817
2118,3029,2.440952
2119,3029,2.440952
2120,3072,2.475604
2121,3029,2.440952
2122,3029,2.440952
2123,3040,2.449817
2124,3041,2.450623
2125,3041,2.450623
2126,3029,2.440952
2127,3041,2.450623
2128,3056,2.462711
2129,3029,2.440952
2130,3045,2.453846
2131,3040,2.449817
2132,3041,2.450623
2133,3045,2.453846
2134,3056,2.462711
2135,3041,2.450623
2136,3045,2.453846
2137,3056,2.462711
2138,3041,2.450623
2139,3045,2.453846
2140,3056,2.462711
2141,3045,2.453846
2142,3056,2.462711
2143,3045,2.453846
2144,3045,2.453846
2145,3045,2.453846
2146,3057,2.463516
2147,3056,2.462711
2148,3072,2.475604
2149,3056,2.462711
2150,3057,2.463516
2151,3045,2.453846
2152,3056,2.462711
2153,3072,2.475604
2154,3056,2.462711
2155,3057,2.463516
2156,3072,2.475604
2157,3073,2.476410
2158,3072,2.475604
2159,3057,2.463516
2160,3057,2.463516
2161,3072,2.475604
2162,3056,2.462711
2163,3072,2.475604
2164,3072,2.475604
2165,3072,2.475604
2166,3072,2.475604
2167,3072,2.475604
2168,3072,2.475604
2169,3072,2.475604
2170,3072,2.475604
2171,3072,2.475604
2172,3073,2.476410
2173,3072,2.475604
2174,3077,2.479634
2175,3072,2.475604
2176,3073,2.476410
2177,3073,2.476410
2178,3072,2.475604
2179,3072,2.475604
2180,3072,2.475604
2181,3056,2.462711
2182,3072,2.475604
2183,3073,2.476410
2184,3077,2.479634
2185,3072,2.475604
2186,3077,2.479634
2187,3072,2.475604
2188,3072,2.475604
2189,3072,2.475604
2190,3073,2.476410
2191,3072,2.475604
2192,3072,2.475604
2193,3077,2.479634
2194,3077,2.479634
2195,3073,2.476410
2196,3072,2.475604
2197,3073,2.476410
2198,3073,2.476410
2199,3072,2.475604
2200,3077,2.479634
2201,3072,2.475604
2202,3072,2.475604
2203,3072,2.475604
2204,3072,2.475604
2205,3073,2.476410
2206,3073,2.476410
2207,3073,2.476410
2208,3077,2.479634
2209,3072,2.475604
2210,3077,2.479634
2211,3073,2.476410
2212,3073,2.476410
2213,3073,2.476410
2214,3073,2.476410
2215,3072,2.475604
2216,3072,2.475604
2217,3077,2.479634
2218,3072,2.475604
2219,3072,2.475604
2220,3073,2.476410
2221,3072,2.475604
2222,3077,2.479634
2223,3072,2.475604
2224,3089,2.489304
2225,3072,2.475604
2226,3073,2.476410
2227,3072,2.475604
2228,3072,2.475604
2229,3073,2.476410
2230,3072,2.475604
2231,3072,2.475604
2232,3072,2.475604
2233,3056,2.462711
2234,3072,2.475604
2235,3072,2.475604
2236,3072,2.475604
2237,3072,2.475604
2238,3073,2.476410
2239,3073,2.476410
2240,3057,2.463516
2241,3041,2.450623
2242,3056,2.462711
2243,3045,2.453846
2244,3045,2.453846
2245,3045,2.453846
2246,3045,2.453846
2247,3057,2.463516
2248,3056,2.462711
2249,3056,2.462711
2250,3056,2.462711
2251,3045,2.453846
2252,3045,2.453846
2253,3040,2.449817
2254,3045,2.453846
2255,3045,2.453846
2256,3045,2.453846
2257,3041,2.450623
2258,3029,2.440952
2259,3045,2.453846
2260,3045,2.453846
2261,3040,2.449817
2262,3045,2.453846
2263,3025,2.437729
2264,3041,2.450623
2265,3024,2.436923
2266,3029,2.440952
2267,3029,2.440952
2268,3029,2.440952
2269,3024,2.436923
2270,3005,2.421612
2271,3024,2.436923
2272,3025,2.437729
2273,3024,2.436923
2274,3025,2.437729
2275,3024,2.436923
2276,3005,2.421612
2277,3024,2.436923
2278,3025,2.437729
2279,3013,2.428059
2280,3013,2.428059
2281,2997,2.415165
2282,3005,2.421612
2283,2997,2.415165
2284,2997,2.415165
2285,3005,2.421612
2286,3005,2.421612
2287,2997,2.415165
2288,2997,2.415165
2289,2993,2.411941
2290,2993,2.411941
2291,2993,2.411941
2292,2997,2.415165
2293,2993,2.411941
2294,2992,2.411136
2295,2992,2.411136
2296,2997,2.415165
2297,2981,2.402271
2298,2992,2.411136
2299,2976,2.398242
2300,2977,2.399048
2301,2977,2.399048
2302,2992,2.411136
2303,2967,2.390989
2304,2977,2.399048
2305,2965,2.389377
2306,2977,2.399048
2307,2961,2.386154
2308,2961,2.386154
2309,2965,2.389377
2310,2965,2.389377
2311,2960,2.385348
2312,2961,2.386154
2313,2945,2.373260
2314,2945,2.373260
2315,2949,2.376484
2316,2945,2.373260
2317,2933,2.363590
2318,2933,2.363590
2319,2945,2.373260
2320,2935,2.365201
2321,2933,2.363590
2322,2933,2.363590
2323,2935,2.365201
2324,2933,2.363590
2325,2929,2.360366
2326,2928,2.359560
2327,2933,2.363590
2328,2933,2.363590
2329,2928,2.359560
2330,2929,2.360366
2331,2929,2.360366
2332,2928,2.359560
2333,2929,2.360366
2334,2929,2.360366
2335,2929,2.360366
2336,2929,2.360366
2337,2928,2.359560
2338,2929,2.360366
2339,2929,2.360366
2340,2928,2.359560
2341,2929,2.360366
2342,2929,2.360366
2343,2929,2.360366
2344,2949,2.376484
2345,2929,2.360366
2346,2933,2.363590
2347,2960,2.385348
2348,2949,2.376484
2349,2949,2.376484
2350,2949,2.376484
2351,2945,2.373260
2352,2949,2.376484
2353,2965,2.389377
2354,2961,2.386154
2355,2965,2.389377
2356,2981,2.402271
2357,2977,2.399048
2358,2992,2.411136
2359,2977,2.399048
2360,2992,2.411136
2361,2992,2.411136
2362,2997,2.415165
2363,2997,2.415165
2364,2981,2.402271
2365,2993,2.411941
2366,2997,2.415165
2367,2993,2.411941
2368,2993,2.411941
2369,3013,2.428059
2370,3005,2.421612
2371,3005,2.421612
2372,3013,2.428059
2373,3024,2.436923
2374,3025,2.437729
2375,3024,2.436923
2376,3029,2.440952
2377,3024,2.436923
2378,3029,2.440952
2379,3031,2.442564
2380,3025,2.437729
2381,3029,2.440952
2382,3041,2.450623
2383,3045,2.453846
2384,3037,2.447399
2385,3041,2.450623
2386,3056,2.462711
2387,3056,2.462711
2388,3045,2.453846
2389,3057,2.463516
2390,3045,2.453846
2391,3072,2.475604
2392,3072,2.475604
2393,3072,2.475604
2394,3072,2.475604
2395,3072,2.475604
2396,3056,2.462711
2397,3072,2.475604
2398,3073,2.476410
2399,3072,2.475604
2400,3073,2.476410
2401,3077,2.479634
2402,3088,2.488498
2403,3073,2.476410
2404,3072,2.475604
2405,3076,2.478828
2406,3088,2.488498
2407,3088,2.488498
2408,3077,2.479634
2409,3077,2.479634
2410,3077,2.479634
2411,3088,2.488498
2412,3089,2.489304
2413,3088,2.488498
2414,3088,2.488498
2415,3089,2.489304
2416,3093,2.492527
2417,3088,2.488498
2418,3089,2.489304
2419,3089,2.489304
2420,3101,2.498974
2421,3088,2.488498
2422,3088,2.488498
2423,3088,2.488498
2424,3089,2.489304
2425,3088,2.488498
2426,3093,2.492527
2427,3093,2.492527
2428,3093,2.492527
2429,3089,2.489304
2430,3089,2.489304
2431,3089,2.489304
2432,3093,2.492527
2433,3089,2.489304
2434,3089,2.489304
2435,3093,2.492527
2436,3093,2.492527
2437,3105,2.502198
2438,3093,2.492527
2439,3089,2.489304
2440,3105,2.502198
2441,3109,2.505421
2442,3109,2.505421
2443,3109,2.505421
2444,3109,2.505421
2445,3105,2.502198
2446,3095,2.494139
2447,3095,2.494139
2448,3105,2.502198
2449,3105,2.502198
2450,3105,2.502198
2451,3105,2.502198
2452,3093,2.492527
2453,3105,2.502198
2454,3109,2.505421
2455,3093,2.492527
2456,3093,2.492527
2457,3109,2.505421
2458,3105,2.502198
2459,3095,2.494139
2460,3120,2.514286
2461,3105,2.502198
2462,3105,2.502198
2463,3121,2.515092
2464,3109,2.505421
2465,3120,2.514286
2466,3120,2.514286
2467,3105,2.502198
2468,3105,2.502198
2469,3120,2.514286
2470,3120,2.514286
2471,3120,2.514286
2472,3109,2.505421
2473,3109,2.505421
2474,3109,2.505421
2475,3109,2.505421
2476,3120,2.514286
2477,3120,2.514286
2478,3120,2.514286
2479,3120,2.514286
2480,3109,2.505421
2481,3109,2.505421
2482,3095,2.494139
2483,3120,2.514286
2484,3121,2.515092
2485,3109,2.505421
2486,3109,2.505421
2487,3109,2.505421
2488,3109,2.505421
2489,3105,2.502198
2490,3121,2.515092
2491,3120,2.514286
2492,3105,2.502198
2493,3120,2.514286
2494,3120,2.514286
2495,3109,2.505421
2496,3109,2.505421
2497,3093,2.492527
2498,3120,2.514286
2499,3109,2.505421
2500,3104,2.501392
2501,3109,2.505421
2502,3105,2.502198
2503,3105,2.502198
2504,3109,2.505421
2505,3109,2.505421
2506,3120,2.514286
2507,3120,2.514286
2508,3109,2.505421
2509,3109,2.505421
2510,3105,2.502198
2511,3109,2.505421
2512,3109,2.505421
2513,3109,2.505421
2514,3105,2.502198
2515,3125,2.518315
2516,3109,2.505421
2517,3120,2.514286
2518,3120,2.514286
2519,3105,2.502198
2520,3105,2.502198
2521,3095,2.494139
2522,3109,2.505421
2523,3120,2.514286
2524,3105,2.502198
2525,3120,2.514286
2526,3109,2.505421
2527,3105,2.502198
2528,3105,2.502198
2529,3109,2.505421
2530,3109,2.505421
2531,3121,2.515092
2532,3120,2.514286
2533,3105,2.502198
2534,3105,2.502198
2535,3109,2.505421
2536,3109,2.505421
2537,3093,2.492527
2538,3105,2.502198
2539,3109,2.505421
2540,3109,2.505421
2541,3105,2.502198
2542,3109,2.505421
2543,3121,2.515092
2544,3105,2.502198
2545,3109,2.505421
2546,3120,2.514286
2547,3093,2.492527
2548,3105,2.502198
2549,3109,2.505421
2550,3104,2.501392
2551,3105,2.502198
2552,3089,2.489304
2553,3120,2.514286
2554,3109,2.505421
2555,3109,2.505421
2556,3109,2.505421
2557,3095,2.494139
2558,3105,2.502198
2559,3109,2.505421
2560,3109,2.505421
2561,3120,2.514286
2562,3120,2.514286
2563,3105,2.502198
2564,3120,2.514286
2565,3120,2.514286
2566,3120,2.514286
2567,3120,2.514286
2568,3095,2.494139
2569,3120,2.514286
2570,3121,2.515092
2571,3093,2.492527
2572,3109,2.505421
2573,3089,2.489304
2574,3120,2.514286
2575,3105,2.502198
2576,3109,2.505421
2577,3105,2.502198
2578,3109,2.505421
2579,3105,2.502198
2580,3093,2.492527
2581,3120,2.514286
2582,3093,2.492527
2583,3109,2.505421
2584,3120,2.514286
2585,3093,2.492527
2586,3109,2.505421
2587,3120,2.514286
2588,3109,2.505421
2589,3095,2.494139
2590,3120,2.514286
2591,3105,2.502198
2592,3120,2.514286
2593,3109,2.505421
2594,3120,2.514286
2595,3105,2.502198
2596,3093,2.492527
2597,3109,2.505421
2598,3109,2.505421
2599,3095,2.494139
2600,3109,2.505421
2601,3109,2.505421
2602,3120,2.514286
2603,3109,2.505421
2604,3105,2.502198
2605,3093,2.492527
2606,3120,2.514286
2607,3121,2.515092
2608,3120,2.514286
2609,3109,2.505421
2610,3093,2.492527
2611,3109,2.505421
2612,3109,2.505421
2613,3093,2.492527
2614,3120,2.514286
2615,3109,2.505421
2616,3109,2.505421
2617,3095,2.494139
2618,3095,2.494139
2619,3093,2.492527
2620,3120,2.514286
2621,3105,2.502198
2622,3109,2.505421
2623,3105,2.502198
2624,3105,2.502198
2625,3095,2.494139
2626,3105,2.502198
2627,3109,2.505421
2628,3109,2.505421
2629,3109,2.505421
2630,3093,2.492527
2631,3105,2.502198
2632,3109,2.505421
2633,3105,2.502198
2634,3105,2.502198
2635,3093,2.492527
2636,3109,2.505421
2637,3109,2.505421
2638,3105,2.502198
2639,3093,2.492527
2640,3105,2.502198
2641,3105,2.502198
2642,3101,2.498974
2643,3109,2.505421
2644,3093,2.492527
2645,3105,2.502198
2646,3120,2.514286
2647,3120,2.514286
2648,3109,2.505421
2649,3093,2.492527
2650,3109,2.505421
2651,3105,2.502198
2652,3095,2.494139
2653,3105,2.502198
2654,3109,2.505421
2655,3109,2.505421
2656,3105,2.502198
2657,3109,2.505421
2658,3095,2.494139
2659,3093,2.492527
2660,3109,2.505421
2661,3105,2.502198
2662,3093,2.492527
2663,3104,2.501392
2664,3109,2.505421
2665,3095,2.494139
2666,3109,2.505421
2667,3105,2.502198
2668,3095,2.494139
2669,3105,2.502198
2670,3095,2.494139
2671,3104,2.501392
2672,3093,2.492527
2673,3093,2.492527
2674,3105,2.502198
2675,3105,2.502198
2676,3120,2.514286
2677,3093,2.492527
2678,3105,2.502198
2679,3105,2.502198
2680,3093,2.492527
2681,3109,2.505421
2682,3109,2.505421
2683,3105,2.502198
2684,3109,2.505421
2685,3120,2.514286
2686,3093,2.492527
2687,3105,2.502198
2688,3109,2.505421
2689,3105,2.502198
2690,3109,2.505421
2691,3095,2.494139
2692,3109,2.505421
2693,3105,2.502198
2694,3109,2.505421
2695,3093,2.492527
2696,3109,2.505421
2697,3095,2.494139
2698,3105,2.502198
2699,3093,2.492527
2700,3105,2.502198
2701,3105,2.502198
2702,3105,2.502198
2703,3105,2.502198
2704,3095,2.494139
2705,3095,2.494139
2706,3109,2.505421
2707,3093,2.492527
2708,3105,2.502198
2709,3093,2.492527
2710,3095,2.494139
2711,3095,2.494139
2712,3093,2.492527
2713,3109,2.505421
2714,3105,2.502198
2715,3093,2.492527
2716,3109,2.505421
2717,3095,2.494139
2718,3093,2.492527
2719,3105,2.502198
2720,3105,2.502198
2721,3088,2.488498
2722,3105,2.502198
2723,3088,2.488498
2724,3109,2.505421
2725,3095,2.494139
2726,3093,2.492527
2727,3105,2.502198
2728,3093,2.492527
2729,3093,2.492527
2730,3095,2.494139
2731,3105,2.502198
2732,3093,2.492527
2733,3105,2.502198
2734,3093,2.492527
2735,3093,2.492527
2736,3093,2.492527
2737,3093,2.492527
2738,3105,2.502198
2739,3105,2.502198
2740,3093,2.492527
2741,3105,2.502198
2742,3105,2.502198
2743,3095,2.494139
2744,3109,2.505421
2745,3093,2.492527
2746,3105,2.502198
2747,3105,2.502198
2748,3109,2.505421
2749,3093,2.492527
2750,3105,2.502198
2751,3120,2.514286
2752,3089,2.489304
2753,3095,2.494139
2754,3105,2.502198
2755,3104,2.501392
2756,3095,2.494139
2757,3095,2.494139
2758,3093,2.492527
2759,3095,2.494139
2760,3109,2.505421
2761,3105,2.502198
2762,3093,2.492527
2763,3105,2.502198
2764,3093,2.492527
2765,3109,2.505421
2766,3093,2.492527
2767,3093,2.492527
2768,3105,2.502198
2769,3105,2.502198
2770,3105,2.502198
2771,3093,2.492527
2772,3095,2.494139
2773,3104,2.501392
2774,3093,2.492527
2775,3095,2.494139
2776,3093,2.492527
2777,3120,2.514286
2778,3093,2.492527
2779,3105,2.502198
2780,3095,2.494139
2781,3093,2.492527
2782,3093,2.492527
2783,3095,2.494139
2784,3109,2.505421
2785,3093,2.492527
2786,3105,2.502198
2787,3093,2.492527
2788,3093,2.492527
2789,3105,2.502198
2790,3095,2.494139
2791,3093,2.492527
2792,3093,2.492527
2793,3093,2.492527
2794,3093,2.492527
2795,3105,2.502198
2796,3093,2.492527
2797,3088,2.488498
2798,3093,2.492527
2799,3093,2.492527
2800,3095,2.494139
2801,3093,2.492527
2802,3101,2.498974
2803,3093,2.492527
2804,3093,2.492527
2805,3105,2.502198
2806,3093,2.492527
2807,3105,2.502198
2808,3093,2.492527
2809,3093,2.492527
2810,3093,2.492527
2811,3105,2.502198
2812,3093,2.492527
2813,3093,2.492527
2814,3104,2.501392
2815,3093,2.492527
2816,3104,2.501392
2817,3089,2.489304
2818,3095,2.494139
2819,3093,2.492527
2820,3109,2.505421
2821,3093,2.492527
2822,3089,2.489304
2823,3093,2.492527
2824,3093,2.492527
2825,3093,2.492527
2826,3093,2.492527
2827,3093,2.492527
2828,3093,2.492527
2829,3093,2.492527
2830,3093,2.492527
2831,3093,2.492527
2832,3093,2.492527
2833,3093,2.492527
2834,3093,2.492527
2835,3093,2.492527
2836,3093,2.492527
2837,3093,2.492527
2838,3093,2.492527
2839,3093,2.492527
2840,3105,2.502198
2841,3093,2.492527
2842,3093,2.492527
2843,3095,2.494139
2844,3101,2.498974
2845,3093,2.492527
2846,3093,2.492527
2847,3093,2.492527
2848,3093,2.492527
2849,3093,2.492527
2850,3093,2.492527
2851,3093,2.492527
2852,3093,2.492527
2853,3093,2.492527
2854,3101,2.498974
2855,3093,2.492527
2856,3093,2.492527
2857,3105,2.502198
2858,3095,2.494139
2859,3093,2.492527
2860,3093,2.492527
2861,3089,2.489304
2862,3093,2.492527
2863,3093,2.492527
2864,3104,2.501392
2865,3093,2.492527
2866,3093,2.492527
2867,3093,2.492527
2868,3105,2.502198
2869,3089,2.489304
2870,3093,2.492527
2871,3089,2.489304
2872,3093,2.492527
2873,3093,2.492527
2874,3093,2.492527
2875,3095,2.494139
2876,3095,2.494139
2877,3093,2.492527
2878,3093,2.492527
2879,3093,2.492527
2880,3089,2.489304
2881,3101,2.498974
2882,3095,2.494139
2883,3089,2.489304
2884,3093,2.492527
2885,3088,2.488498
2886,3093,2.492527
2887,3105,2.502198
2888,3093,2.492527
2889,3093,2.492527
2890,3093,2.492527
2891,3089,2.489304
2892,3101,2.498974
2893,3093,2.492527
2894,3093,2.492527
2895,3089,2.489304
2896,3093,2.492527
2897,3093,2.492527
2898,3093,2.492527
2899,3093,2.492527
2900,3095,2.494139
2901,3093,2.492527
2902,3093,2.492527
2903,3093,2.492527
2904,3093,2.492527
2905,3093,2.492527
2906,3089,2.489304
2907,3093,2.492527
2908,3088,2.488498
2909,3093,2.492527
2910,3093,2.492527
2911,3088,2.488498
2912,3089,2.489304
2913,3093,2.492527
2914,3101,2.498974
2915,3095,2.494139
2916,3089,2.489304
2917,3093,2.492527
2918,3093,2.492527
2919,3089,2.489304
2920,3105,2.502198
2921,3089,2.489304
2922,3093,2.492527
2923,3089,2.489304
2924,3093,2.492527
2925,3089,2.489304
2926,3093,2.492527
2927,3088,2.488498
2928,3093,2.492527
2929,3093,2.492527
2930,3088,2.488498
2931,3093,2.492527
2932,3089,2.489304
2933,3089,2.489304
2934,3105,2.502198
2935,3093,2.492527
2936,3093,2.492527
2937,3093,2.492527
2938,3089,2.489304
2939,3089,2.489304
2940,3093,2.492527
2941,3105,2.502198
2942,3093,2.492527
2943,3093,2.492527
2944,3093,2.492527
2945,3088,2.488498
2946,3093,2.492527
2947,3088,2.488498
2948,3088,2.488498
2949,3089,2.489304
2950,3093,2.492527
2951,3093,2.492527
2952,3093,2.492527
2953,3093,2.492527
2954,3089,2.489304
2955,3093,2.492527
2956,3095,2.494139
2957,3077,2.479634
2958,3093,2.492527
2959,3093,2.492527
2960,3093,2.492527
2961,3093,2.492527
2962,3089,2.489304
2963,3089,2.489304
2964,3088,2.488498
2965,3088,2.488498
2966,3088,2.488498
2967,3088,2.488498
2968,3093,2.492527
2969,3093,2.492527
2970,3093,2.492527
2971,3088,2.488498
2972,3089,2.489304
2973,3105,2.502198
2974,3093,2.492527
2975,3093,2.492527
2976,3093,2.492527
2977,3093,2.492527
2978,3089,2.489304
2979,3093,2.492527
2980,3105,2.502198
2981,3088,2.488498
2982,3089,2.489304
2983,3077,2.479634
2984,3089,2.489304
2985,3088,2.488498
2986,3089,2.489304
2987,3088,2.488498
2988,3093,2.492527
2989,3089,2.489304
2990,3089,2.489304
2991,3089,2.489304
2992,3089,2.489304
2993,3089,2.489304
2994,3089,2.489304
2995,3088,2.488498
2996,3088,2.488498
2997,3088,2.488498
2998,3093,2.492527
2999,3089,2.489304
3000,3088,2.488498
3001,3088,2.488498
3002,3077,2.479634
3003,3077,2.479634
3004,3088,2.488498
3005,3088,2.488498
3006,3089,2.489304
3007,3088,2.488498
3008,3093,2.492527
3009,3088,2.488498
3010,3089,2.489304
3011,3093,2.492527
3012,3088,2.488498
3013,3093,2.492527
3014,3089,2.489304
3015,3077,2.479634
3016,3089,2.489304
3017,3088,2.488498
3018,3088,2.488498
3019,3077,2.479634
3020,3077,2.479634
3021,3088,2.488498
3022,3093,2.492527
3023,3093,2.492527
3024,3088,2.488498
3025,3093,2.492527
3026,3073,2.476410
3027,3088,2.488498
3028,3088,2.488498
3029,3088,2.488498
3030,3077,2.479634
3031,3088,2.488498
3032,3088,2.488498
3033,3088,2.488498
3034,3088,2.488498
3035,3077,2.479634
3036,3077,2.479634
3037,3077,2.479634
3038,3093,2.492527
3039,3077,2.479634
3040,3073,2.476410
3041,3073,2.476410
3042,3089,2.489304
3043,3073,2.476410
3044,3077,2.479634
3045,3077,2.479634
3046,3088,2.488498
3047,3073,2.476410
3048,3089,2.489304
3049,3072,2.475604
3050,3088,2.488498
3051,3077,2.479634
3052,3077,2.479634
3053,3088,2.488498
3054,3073,2.476410
3055,3072,2.475604
3056,3073,2.476410
3057,3077,2.479634
3058,3072,2.475604
3059,3077,2.479634
3060,3088,2.488498
3061,3093,2.492527
3062,3077,2.479634
3063,3088,2.488498
3064,3088,2.488498
3065,3077,2.479634
3066,3089,2.489304
3067,3077,2.479634
3068,3088,2.488498
3069,3077,2.479634
3070,3077,2.479634
3071,3088,2.488498
3072,3073,2.476410
3073,3072,2.475604
3074,3073,2.476410
3075,3072,2.475604
3076,3072,2.475604
3077,3073,2.476410
3078,3073,2.476410
3079,3077,2.479634
3080,3077,2.479634
3081,3077,2.479634
3082,3073,2.476410
3083,3088,2.488498
3084,3073,2.476410
3085,3073,2.476410
3086,3077,2.479634
3087,3073,2.476410
3088,3072,2.475604
3089,3077,2.479634
3090,3072,2.475604
3091,3073,2.476410
3092,3073,2.476410
3093,3073,2.476410
3094,3077,2.479634
3095,3072,2.475604
3096,3073,2.476410
3097,3077,2.479634
3098,3073,2.476410
3099,3077,2.479634
3100,3072,2.475604
3101,3072,2.475604
3102,3072,2.475604
3103,3072,2.475604
3104,3072,2.475604
3105,3072,2.475604
3106,3072,2.475604
3107,3072,2.475604
3108,3072,2.475604
3109,3072,2.475604
3110,3072,2.475604
3111,3073,2.476410
3112,3072,2.475604
3113,3072,2.475604
3114,3072,2.475604
3115,3072,2.475604
3116,3072,2.475604
3117,3072,2.475604
3118,3072,2.475604
3119,3072,2.475604
3120,3072,2.475604
3121,3072,2.475604
3122,3072,2.475604
3123,3056,2.462711
3124,3072,2.475604
3125,3072,2.475604
3126,3072,2.475604
3127,3072,2.475604
3128,3072,2.475604
3129,3072,2.475604
3130,3072,2.475604
3131,3072,2.475604
3132,3072,2.475604
3133,3056,2.462711
3134,3072,2.475604
3135,3072,2.475604
3136,3072,2.475604
3137,3072,2.475604
3138,3072,2.475604
3139,3057,2.463516
3140,3045,2.453846
3141,3045,2.453846
3142,3072,2.475604
3143,3056,2.462711
3144,3056,2.462711
3145,3072,2.475604
3146,3072,2.475604
3147,3056,2.462711
3148,3056,2.462711
3149,3072,2.475604
3150,3045,2.453846
3151,3045,2.453846
3152,3041,2.450623
3153,3056,2.462711
3154,3045,2.453846
3155,3041,2.450623
3156,3056,2.462711
3157,3045,2.453846
3158,3041,2.450623
3159,3045,2.453846
3160,3045,2.453846
3161,3040,2.449817
3162,3041,2.450623
3163,3029,2.440952
3164,3041,2.450623
3165,3045,2.453846
3166,3029,2.440952
3167,3056,2.462711
3168,3045,2.453846
3169,3041,2.450623
3170,3037,2.447399
3171,3040,2.449817
3172,3029,2.440952
3173,3029,2.440952
3174,3031,2.442564
3175,3031,2.442564
3176,3029,2.440952
3177,3029,2.440952
3178,3045,2.453846
3179,3029,2.440952
3180,3041,2.450623
3181,3029,2.440952
3182,3029,2.440952
3183,3029,2.440952
3184,3029,2.440952
3185,3029,2.440952
3186,3040,2.449817
3187,3029,2.440952
3188,3029,2.440952
3189,3013,2.428059
3190,3029,2.440952
3191,3025,2.437729
3192,3031,2.442564
3193,3029,2.440952
3194,3029,2.440952
3195,3025,2.437729
3196,2999,2.416777
3197,3013,2.428059
3198,3024,2.436923
3199,3025,2.437729
3200,3029,2.440952
3201,3013,2.428059
3202,3024,2.436923
3203,3005,2.421612
3204,3025,2.437729
3205,3005,2.421612
3206,3024,2.436923
3207,3024,2.436923
3208,3005,2.421612
3209,3005,2.421612
3210,3024,2.436923
3211,3013,2.428059
3212,3024,2.436923
3213,3005,2.421612
3214,3024,2.436923
3215,2997,2.415165
3216,3013,2.428059
3217,3005,2.421612
3218,3005,2.421612
3219,2999,2.416777
3220,3013,2.428059
3221,3005,2.421612
3222,2997,2.415165
3223,2992,2.411136
3224,3005,2.421612
3225,2997,2.415165
3226,2997,2.415165
3227,2997,2.415165
3228,3013,2.428059
3229,3005,2.421612
3230,2997,2.415165
3231,2992,2.411136
3232,2997,2.415165
3233,2993,2.411941
3234,2997,2.415165
3235,2997,2.415165
3236,2997,2.415165
3237,2993,2.411941
3238,2997,2.415165
3239,2993,2.411941
3240,2997,2.415165
3241,2993,2.411941
3242,2997,2.415165
3243,2997,2.415165
3244,2981,2.402271
3245,2993,2.411941
3246,2993,2.411941
3247,2992,2.411136
3248,2973,2.395824
3249,2997,2.415165
3250,2981,2.402271
3251,2981,2.402271
3252,2992,2.411136
3253,2981,2.402271
3254,2993,2.411941
3255,2992,2.411136
3256,2981,2.402271
3257,2981,2.402271
3258,2993,2.411941
3259,2981,2.402271
3260,2981,2.402271
3261,2981,2.402271
3262,2981,2.402271
3263,2981,2.402271
3264,2981,2.402271
3265,2993,2.411941
3266,2965,2.389377
3267,2977,2.399048
3268,2965,2.389377
3269,2977,2.399048
3270,2965,2.389377
3271,2977,2.399048
3272,2992,2.411136
3273,2967,2.390989
3274,2977,2.399048
3275,2965,2.389377
3276,2992,2.411136
3277,2981,2.402271
3278,2967,2.390989
3279,2965,2.389377
3280,2967,2.390989
3281,2961,2.386154
3282,2965,2.389377
3283,2981,2.402271
3284,2965,2.389377
3285,2965,2.389377
3286,2965,2.389377
3287,2965,2.389377
3288,2977,2.399048
3289,2965,2.389377
3290,2965,2.389377
3291,2965,2.389377
3292,2965,2.389377
3293,2965,2.389377
3294,2965,2.389377
3295,2965,2.389377
3296,2961,2.386154
3297,2960,2.385348
3298,2949,2.376484
3299,2965,2.389377
3300,2965,2.389377
3301,2965,2.389377
3302,2960,2.385348
3303,2949,2.376484
3304,2965,2.389377
3305,2965,2.389377
3306,2961,2.386154
3307,2961,2.386154
3308,2960,2.385348
3309,2949,2.376484
3310,2960,2.385348
3311,2960,2.385348
3312,2960,2.385348
3313,2945,2.373260
3314,2945,2.373260
3315,2945,2.373260
3316,2960,2.385348
3317,2935,2.365201
3318,2949,2.376484
3319,2949,2.376484
3320,2960,2.385348
3321,2960,2.385348
3322,2949,2.376484
3323,2944,2.372454
3324,2945,2.373260
3325,2949,2.376484
3326,2935,2.365201
3327,2945,2.373260
3328,2949,2.376484
3329,2949,2.376484
3330,2945,2.373260
3331,2960,2.385348
3332,2945,2.373260
3333,2945,2.373260
3334,2933,2.363590
3335,2949,2.376484
3336,2949,2.376484
3337,2945,2.373260
3338,2949,2.376484
3339,2961,2.386154
3340,2945,2.373260
3341,2945,2.373260
3342,2935,2.365201
3343,2949,2.376484
3344,2933,2.363590
3345,2933,2.363590
3346,2945,2.373260
3347,2949,2.376484
3348,2933,2.363590
3349,2929,2.360366
3350,2933,2.363590
3351,2933,2.363590
3352,2933,2.363590
3353,2933,2.363590
3354,2933,2.363590
3355,2935,2.365201
3356,2933,2.363590
3357,2929,2.360366
3358,2933,2.363590
3359,2933,2.363590
3360,2941,2.370037
3361,2928,2.359560
3362,2941,2.370037
3363,2933,2.363590
3364,2945,2.373260
3365,2929,2.360366
3366,2933,2.363590
3367,2929,2.360366
3368,2933,2.363590
3369,2929,2.360366
3370,2929,2.360366
3371,2933,2.363590
3372,2933,2.363590
3373,2929,2.360366
3374,2949,2.376484
3375,2929,2.360366
3376,2933,2.363590
3377,2929,2.360366
3378,2933,2.363590
3379,2928,2.359560
3380,2929,2.360366
3381,2929,2.360366
3382,2933,2.363590
3383,2933,2.363590
3384,2933,2.363590
3385,2928,2.359560
3386,2929,2.360366
3387,2929,2.360366
3388,2933,2.363590
3389,2928,2.359560
3390,2929,2.360366
3391,2929,2.360366
3392,2933,2.363590
3393,2929,2.360366
3394,2933,2.363590
3395,2928,2.359560
3396,2928,2.359560
3397,2928,2.359560
3398,2929,2.360366
3399,2928,2.359560
3400,2933,2.363590
3401,2917,2.350696
3402,2917,2.350696
3403,2933,2.363590
3404,2945,2.373260
3405,2933,2.363590
3406,2928,2.359560
3407,2917,2.350696
3408,2928,2.359560
3409,2933,2.363590
3410,2929,2.360366
3411,2928,2.359560
3412,2933,2.363590
3413,2933,2.363590
3414,2917,2.350696
3415,2933,2.363590
3416,2928,2.359560
3417,2928,2.359560
3418,2928,2.359560
3419,2941,2.370037
3420,2913,2.347473
3421,2913,2.347473
3422,2917,2.350696
3423,2928,2.359560
3424,2928,2.359560
3425,2929,2.360366
3426,2917,2.350696
3427,2929,2.360366
3428,2917,2.350696
3429,2917,2.350696
3430,2913,2.347473
3431,2917,2.350696
3432,2917,2.350696
3433,2917,2.350696
3434,2913,2.347473
3435,2929,2.360366
3436,2929,2.360366
3437,2928,2.359560
3438,2929,2.360366
3439,2917,2.350696
3440,2929,2.360366
3441,2917,2.350696
3442,2928,2.359560
3443,2928,2.359560
3444,2917,2.350696
3445,2917,2.350696
3446,2913,2.347473
3447,2917,2.350696
3448,2928,2.359560
3449,2913,2.347473
3450,2917,2.350696
3451,2917,2.350696
3452,2917,2.350696
3453,2928,2.359560
3454,2929,2.360366
3455,2928,2.359560
3456,2917,2.350696
3457,2929,2.360366
3458,2913,2.347473
3459,2917,2.350696
3460,2928,2.359560
3461,2928,2.359560
3462,2912,2.346667
3463,2913,2.347473
3464,2903,2.339414
3465,2933,2.363590
3466,2913,2.347473
3467,2897,2.334579
3468,2917,2.350696
3469,2917,2.350696
3470,2917,2.350696
3471,2913,2.347473
3472,2917,2.350696
3473,2913,2.347473
3474,2928,2.359560
3475,2901,2.337802
3476,2917,2.350696
3477,2917,2.350696
3478,2903,2.339414
3479,2913,2.347473
3480,2917,2.350696
3481,2917,2.350696
3482,2913,2.347473
3483,2928,2.359560
3484,2928,2.359560
3485,2928,2.359560
3486,2901,2.337802
3487,2903,2.339414
3488,2917,2.350696
3489,2909,2.344249
3490,2928,2.359560
3491,2917,2.350696
3492,2917,2.350696
3493,2917,2.350696
3494,2917,2.350696
3495,2917,2.350696
3496,2912,2.346667
3497,2903,2.339414
3498,2903,2.339414
3499,2917,2.350696
3500,2913,2.347473
3501,2917,2.350696
3502,2912,2.346667
3503,2913,2.347473
3504,2912,2.346667
3505,2901,2.337802
3506,2909,2.344249
3507,2917,2.350696
3508,2912,2.346667
3509,2901,2.337802
3510,2913,2.347473
3511,2917,2.350696
3512,2903,2.339414
3513,2917,2.350696
3514,2917,2.350696
3515,2913,2.347473
3516,2912,2.346667
3517,2901,2.337802
3518,2903,2.339414
3519,2913,2.347473
3520,2903,2.339414
3521,2913,2.347473
3522,2928,2.359560
3523,2917,2.350696
3524,2917,2.350696
3525,2912,2.346667
3526,2901,2.337802
3527,2912,2.346667
3528,2903,2.339414
3529,2913,2.347473
3530,2903,2.339414
3531,2912,2.346667
3532,2917,2.350696
3533,2903,2.339414
3534,2901,2.337802
3535,2913,2.347473
3536,2901,2.337802
3537,2913,2.347473
3538,2901,2.337802
3539,2917,2.350696
3540,2901,2.337802
3541,2913,2.347473
3542,2913,2.347473
3543,2901,2.337802
3544,2928,2.359560
3545,2897,2.334579
3546,2928,2.359560
3547,2917,2.350696
3548,2917,2.350696
3549,2913,2.347473
3550,2917,2.350696
3551,2909,2.344249
3552,2901,2.337802
3553,2917,2.350696
3554,2917,2.350696
3555,2901,2.337802
3556,2901,2.337802
3557,2901,2.337802
3558,2901,2.337802
3559,2901,2.337802
3560,2917,2.350696
3561,2913,2.347473
3562,2917,2.350696
3563,2901,2.337802
3564,2912,2.346667
3565,2897,2.334579
3566,2901,2.337802
3567,2901,2.337802
3568,2917,2.350696
3569,2901,2.337802
3570,2928,2.359560
3571,2912,2.346667
3572,2928,2.359560
3573,2913,2.347473
3574,2901,2.337802
3575,2913,2.347473
3576,2913,2.347473
3577,2913,2.347473
3578,2909,2.344249
3579,2901,2.337802
3580,2917,2.350696
3581,2901,2.337802
3582,2901,2.337802
3583,2901,2.337802
3584,2901,2.337802
3585,2917,2.350696
3586,2896,2.333773
3587,2901,2.337802
3588,2901,2.337802
3589,2897,2.334579
3590,2917,2.350696
3591,2896,2.333773
3592,2901,2.337802
3593,2901,2.337802
3594,2913,2.347473
3595,2928,2.359560
3596,2903,2.339414
3597,2913,2.347473
3598,2897,2.334579
3599,2900,2.336996
3600,2901,2.337802
3601,2897,2.334579
3602,2897,2.334579
3603,2903,2.339414
3604,2912,2.346667
3605,2901,2.337802
3606,2913,2.347473
3607,2901,2.337802
3608,2912,2.346667
3609,2901,2.337802
3610,2913,2.347473
3611,2912,2.346667
3612,2901,2.337802
3613,2901,2.337802
3614,2901,2.337802
3615,2903,2.339414
3616,2913,2.347473
3617,2909,2.344249
3618,2897,2.334579
3619,2901,2.337802
3620,2901,2.337802
3621,2909,2.344249
3622,2903,2.339414
3623,2903,2.339414
3624,2901,2.337802
3625,2901,2.337802
3626,2901,2.337802
3627,2912,2.346667
3628,2903,2.339414
3629,2901,2.337802
3630,2913,2.347473
3631,2901,2.337802
3632,2901,2.337802
3633,2909,2.344249
3634,2901,2.337802
3635,2897,2.334579
3636,2901,2.337802
3637,2912,2.346667
3638,2913,2.347473
3639,2901,2.337802
3640,2917,2.350696
3641,2901,2.337802
3642,2901,2.337802
3643,2901,2.337802
3644,2901,2.337802
3645,2903,2.339414
3646,2901,2.337802
3647,2901,2.337802
