Pixel,ADC,VoltageV
1,3942,3.176703
2,3942,3.176703
3,3942,3.176703
4,3942,3.176703
5,3942,3.176703
6,3942,3.176703
7,3942,3.176703
8,3942,3.176703
9,3942,3.176703
10,3942,3.176703
11,3942,3.176703
12,3938,3.173480
13,3942,3.176703
14,3942,3.176703
15,3942,3.176703
16,3938,3.173480
17,3350,2.699634
18,2914,2.348278
19,2914,2.348278
20,2918,2.351502
21,2918,2.351502
22,2950,2.377289
23,2930,2.361172
24,2934,2.364396
25,2934,2.364396
26,2926,2.357949
27,2934,2.364396
28,2934,2.364396
29,2934,2.364396
30,2934,2.364396
31,2934,2.364396
32,2926,2.357949
33,2934,2.364396
34,2934,2.364396
35,2934,2.364396
36,2930,2.361172
37,2934,2.364396
38,2934,2.364396
39,2934,2.364396
40,2942,2.370842
41,2934,2.364396
42,2934,2.364396
43,2942,2.370842
44,2935,2.365201
45,2942,2.370842
46,2934,2.364396
47,2934,2.364396
48,2934,2.364396
49,2942,2.370842
50,2918,2.351502
51,2942,2.370842
52,2934,2.364396
53,2942,2.370842
54,2934,2.364396
55,2934,2.364396
56,2934,2.364396
57,2942,2.370842
58,2934,2.364396
59,2934,2.364396
60,2934,2.364396
61,2950,2.377289
62,2930,2.361172
63,2942,2.370842
64,2934,2.364396
65,2942,2.370842
66,2934,2.364396
67,2934,2.364396
68,2934,2.364396
69,2918,2.351502
70,2934,2.364396
71,2934,2.364396
72,2926,2.357949
73,2926,2.357949
74,2918,2.351502
75,2918,2.351502
76,2930,2.361172
77,2934,2.364396
78,2934,2.364396
79,2918,2.351502
80,2926,2.357949
81,2934,2.364396
82,2934,2.364396
83,2930,2.361172
84,2935,2.365201
85,2934,2.364396
86,2942,2.370842
87,2934,2.364396
88,2918,2.351502
89,2934,2.364396
90,2942,2.370842
91,2950,2.377289
92,2935,2.365201
93,2918,2.351502
94,2935,2.365201
95,2934,2.364396
96,2934,2.364396
97,2934,2.364396
98,2934,2.364396
99,2926,2.357949
100,2918,2.351502
101,2934,2.364396
102,2926,2.357949
103,2934,2.364396
104,2934,2.364396
105,2934,2.364396
106,2934,2.364396
107,2926,2.357949
108,2934,2.364396
109,2918,2.351502
110,2934,2.364396
111,2934,2.364396
112,2934,2.364396
113,2934,2.364396
114,2934,2.364396
115,2934,2.364396
116,2934,2.364396
117,2934,2.364396
118,2918,2.351502
119,2934,2.364396
120,2934,2.364396
121,2918,2.351502
122,2919,2.352308
123,2934,2.364396
124,2926,2.357949
125,2942,2.370842
126,2934,2.364396
127,2934,2.364396
128,2934,2.364396
129,2934,2.364396
130,2934,2.364396
131,2926,2.357949
132,2942,2.370842
133,2926,2.357949
134,2926,2.357949
135,2934,2.364396
136,2934,2.364396
137,2934,2.364396
138,2934,2.364396
139,2942,2.370842
140,2935,2.365201
141,2934,2.364396
142,2934,2.364396
143,2934,2.364396
144,2934,2.364396
145,2926,2.357949
146,2934,2.364396
147,2934,2.364396
148,2950,2.377289
149,2950,2.377289
150,2934,2.364396
151,2942,2.370842
152,2942,2.370842
153,2934,2.364396
154,2942,2.370842
155,2950,2.377289
156,2934,2.364396
157,2934,2.364396
158,2934,2.364396
159,2942,2.370842
160,2950,2.377289
161,2942,2.370842
162,2950,2.377289
163,2942,2.370842
164,2919,2.352308
165,2950,2.377289
166,2934,2.364396
167,2934,2.364396
168,2934,2.364396
169,2934,2.364396
170,2934,2.364396
171,2934,2.364396
172,2942,2.370842
173,2942,2.370842
174,2934,2.364396
175,2942,2.370842
176,2942,2.370842
177,2950,2.377289
178,2934,2.364396
179,2934,2.364396
180,2942,2.370842
181,2934,2.364396
182,2942,2.370842
183,2942,2.370842
184,2934,2.364396
185,2942,2.370842
186,2942,2.370842
187,2926,2.357949
188,2934,2.364396
189,2950,2.377289
190,2934,2.364396
191,2934,2.364396
192,2942,2.370842
193,2934,2.364396
194,2930,2.361172
195,2926,2.357949
196,2930,2.361172
197,2934,2.364396
198,2918,2.351502
199,2919,2.352308
200,2930,2.361172
201,2934,2.364396
202,2926,2.357949
203,2930,2.361172
204,2942,2.370842
205,2926,2.357949
206,2930,2.361172
207,2934,2.364396
208,2934,2.364396
209,2926,2.357949
210,2934,2.364396
211,2934,2.364396
212,2934,2.364396
213,2934,2.364396
214,2942,2.370842
215,2934,2.364396
216,2934,2.364396
217,2942,2.370842
218,2934,2.364396
219,2934,2.364396
220,2942,2.370842
221,2935,2.365201
222,2934,2.364396
223,2942,2.370842
224,2934,2.364396
225,2934,2.364396
226,2934,2.364396
227,2919,2.352308
228,2930,2.361172
229,2934,2.364396
230,2942,2.370842
231,2935,2.365201
232,2930,2.361172
233,2934,2.364396
234,2919,2.352308
235,2950,2.377289
236,2934,2.364396
237,2934,2.364396
238,2934,2.364396
239,2950,2.377289
240,2950,2.377289
241,2950,2.377289
242,2942,2.370842
243,2942,2.370842
244,2950,2.377289
245,2950,2.377289
246,2934,2.364396
247,2950,2.377289
248,2951,2.378095
249,2926,2.357949
250,2942,2.370842
251,2935,2.365201
252,2950,2.377289
253,2934,2.364396
254,2934,2.364396
255,2934,2.364396
256,2934,2.364396
257,2934,2.364396
258,2934,2.364396
259,2942,2.370842
260,2942,2.370842
261,2934,2.364396
262,2934,2.364396
263,2934,2.364396
264,2942,2.370842
265,2942,2.370842
266,2934,2.364396
267,2950,2.377289
268,2942,2.370842
269,2934,2.364396
270,2934,2.364396
271,2926,2.357949
272,2950,2.377289
273,2934,2.364396
274,2950,2.377289
275,2918,2.351502
276,2934,2.364396
277,2934,2.364396
278,2934,2.364396
279,2934,2.364396
280,2942,2.370842
281,2934,2.364396
282,2918,2.351502
283,2942,2.370842
284,2934,2.364396
285,2934,2.364396
286,2934,2.364396
287,2926,2.357949
288,2934,2.364396
289,2942,2.370842
290,2934,2.364396
291,2934,2.364396
292,2950,2.377289
293,2934,2.364396
294,2942,2.370842
295,2934,2.364396
296,2934,2.364396
297,2942,2.370842
298,2942,2.370842
299,2934,2.364396
300,2934,2.364396
301,2942,2.370842
302,2935,2.365201
303,2935,2.365201
304,2942,2.370842
305,2950,2.377289
306,2942,2.370842
307,2934,2.364396
308,2950,2.377289
309,2942,2.370842
310,2934,2.364396
311,2942,2.370842
312,2934,2.364396
313,2934,2.364396
314,2934,2.364396
315,2934,2.364396
316,2934,2.364396
317,2934,2.364396
318,2935,2.365201
319,2942,2.370842
320,2934,2.364396
321,2930,2.361172
322,2930,2.361172
323,2942,2.370842
324,2934,2.364396
325,2934,2.364396
326,2930,2.361172
327,2942,2.370842
328,2950,2.377289
329,2950,2.377289
330,2942,2.370842
331,2934,2.364396
332,2958,2.383736
333,2950,2.377289
334,2958,2.383736
335,2950,2.377289
336,2950,2.377289
337,2958,2.383736
338,2950,2.377289
339,2966,2.390183
340,2958,2.383736
341,2950,2.377289
342,2958,2.383736
343,2978,2.399853
344,2958,2.383736
345,2950,2.377289
346,2950,2.377289
347,2966,2.390183
348,2942,2.370842
349,2935,2.365201
350,2950,2.377289
351,2950,2.377289
352,2958,2.383736
353,2950,2.377289
354,2950,2.377289
355,2950,2.377289
356,2942,2.370842
357,2950,2.377289
358,2950,2.377289
359,2934,2.364396
360,2966,2.390183
361,2950,2.377289
362,2950,2.377289
363,2962,2.386960
364,2951,2.378095
365,2950,2.377289
366,2958,2.383736
367,2950,2.377289
368,2950,2.377289
369,2950,2.377289
370,2950,2.377289
371,2950,2.377289
372,2950,2.377289
373,2950,2.377289
374,2950,2.377289
375,2966,2.390183
376,2950,2.377289
377,2950,2.377289
378,2942,2.370842
379,2942,2.370842
380,2942,2.370842
381,2942,2.370842
382,2942,2.370842
383,2934,2.364396
384,2942,2.370842
385,2934,2.364396
386,2950,2.377289
387,2942,2.370842
388,2942,2.370842
389,2934,2.364396
390,2950,2.377289
391,2942,2.370842
392,2934,2.364396
393,2942,2.370842
394,2942,2.370842
395,2950,2.377289
396,2934,2.364396
397,2934,2.364396
398,2950,2.377289
399,2942,2.370842
400,2950,2.377289
401,2942,2.370842
402,2934,2.364396
403,2958,2.383736
404,2958,2.383736
405,2950,2.377289
406,2950,2.377289
407,2958,2.383736
408,2934,2.364396
409,2950,2.377289
410,2942,2.370842
411,2950,2.377289
412,2950,2.377289
413,2950,2.377289
414,2934,2.364396
415,2950,2.377289
416,2950,2.377289
417,2950,2.377289
418,2935,2.365201
419,2950,2.377289
420,2934,2.364396
421,2942,2.370842
422,2950,2.377289
423,2958,2.383736
424,2942,2.370842
425,2950,2.377289
426,2942,2.370842
427,2950,2.377289
428,2958,2.383736
429,2958,2.383736
430,2950,2.377289
431,2950,2.377289
432,2942,2.370842
433,2950,2.377289
434,2950,2.377289
435,2942,2.370842
436,2942,2.370842
437,2942,2.370842
438,2950,2.377289
439,2950,2.377289
440,2942,2.370842
441,2942,2.370842
442,2942,2.370842
443,2950,2.377289
444,2951,2.378095
445,2942,2.370842
446,2934,2.364396
447,2950,2.377289
448,2950,2.377289
449,2942,2.370842
450,2950,2.377289
451,2942,2.370842
452,2942,2.370842
453,2942,2.370842
454,2950,2.377289
455,2950,2.377289
456,2950,2.377289
457,2934,2.364396
458,2942,2.370842
459,2950,2.377289
460,2962,2.386960
461,2950,2.377289
462,2958,2.383736
463,2966,2.390183
464,2950,2.377289
465,2978,2.399853
466,2966,2.390183
467,2966,2.390183
468,2950,2.377289
469,2962,2.386960
470,2951,2.378095
471,2950,2.377289
472,2950,2.377289
473,2942,2.370842
474,2942,2.370842
475,2942,2.370842
476,2942,2.370842
477,2950,2.377289
478,2950,2.377289
479,2966,2.390183
480,2966,2.390183
481,2950,2.377289
482,2962,2.386960
483,2958,2.383736
484,2958,2.383736
485,2966,2.390183
486,2966,2.390183
487,2978,2.399853
488,2978,2.399853
489,2966,2.390183
490,2966,2.390183
491,2966,2.390183
492,2982,2.403077
493,2966,2.390183
494,2966,2.390183
495,2951,2.378095
496,2950,2.377289
497,2951,2.378095
498,2958,2.383736
499,2958,2.383736
500,2942,2.370842
501,2958,2.383736
502,2950,2.377289
503,2950,2.377289
504,2958,2.383736
505,2966,2.390183
506,2950,2.377289
507,2958,2.383736
508,2950,2.377289
509,2966,2.390183
510,2966,2.390183
511,2966,2.390183
512,2951,2.378095
513,2966,2.390183
514,2978,2.399853
515,2966,2.390183
516,2958,2.383736
517,2950,2.377289
518,2966,2.390183
519,2950,2.377289
520,2950,2.377289
521,2958,2.383736
522,2950,2.377289
523,2942,2.370842
524,2950,2.377289
525,2950,2.377289
526,2958,2.383736
527,2958,2.383736
528,2958,2.383736
529,2958,2.383736
530,2950,2.377289
531,2950,2.377289
532,2962,2.386960
533,2966,2.390183
534,2951,2.378095
535,2966,2.390183
536,2966,2.390183
537,2958,2.383736
538,2966,2.390183
539,2958,2.383736
540,2966,2.390183
541,2982,2.403077
542,2966,2.390183
543,2966,2.390183
544,2994,2.412747
545,2966,2.390183
546,2966,2.390183
547,2966,2.390183
548,2966,2.390183
549,2966,2.390183
550,2978,2.399853
551,2958,2.383736
552,2966,2.390183
553,2966,2.390183
554,2978,2.399853
555,2966,2.390183
556,2966,2.390183
557,2950,2.377289
558,2958,2.383736
559,2951,2.378095
560,2950,2.377289
561,2978,2.399853
562,2951,2.378095
563,2950,2.377289
564,2966,2.390183
565,2950,2.377289
566,2950,2.377289
567,2950,2.377289
568,2958,2.383736
569,2950,2.377289
570,2950,2.377289
571,2962,2.386960
572,2978,2.399853
573,2958,2.383736
574,2966,2.390183
575,2958,2.383736
576,2966,2.390183
577,2958,2.383736
578,2958,2.383736
579,2950,2.377289
580,2950,2.377289
581,2978,2.399853
582,2966,2.390183
583,2962,2.386960
584,2966,2.390183
585,2962,2.386960
586,2966,2.390183
587,2950,2.377289
588,2958,2.383736
589,2950,2.377289
590,2950,2.377289
591,2950,2.377289
592,2966,2.390183
593,2966,2.390183
594,2951,2.378095
595,2950,2.377289
596,2950,2.377289
597,2958,2.383736
598,2950,2.377289
599,2950,2.377289
600,2958,2.383736
601,2958,2.383736
602,2966,2.390183
603,2950,2.377289
604,2950,2.377289
605,2950,2.377289
606,2962,2.386960
607,2942,2.370842
608,2958,2.383736
609,2942,2.370842
610,2966,2.390183
611,2966,2.390183
612,2966,2.390183
613,2966,2.390183
614,2966,2.390183
615,2966,2.390183
616,2966,2.390183
617,2978,2.399853
618,2966,2.390183
619,2966,2.390183
620,2962,2.386960
621,2950,2.377289
622,2951,2.378095
623,2962,2.386960
624,2950,2.377289
625,2966,2.390183
626,2942,2.370842
627,2958,2.383736
628,2962,2.386960
629,2962,2.386960
630,2966,2.390183
631,2966,2.390183
632,2958,2.383736
633,2950,2.377289
634,2951,2.378095
635,2966,2.390183
636,2958,2.383736
637,2966,2.390183
638,2950,2.377289
639,2958,2.383736
640,2958,2.383736
641,2966,2.390183
642,2966,2.390183
643,2958,2.383736
644,2966,2.390183
645,2966,2.390183
646,2982,2.403077
647,2982,2.403077
648,2966,2.390183
649,2966,2.390183
650,2966,2.390183
651,2966,2.390183
652,2966,2.390183
653,2950,2.377289
654,2950,2.377289
655,2950,2.377289
656,2950,2.377289
657,2966,2.390183
658,2942,2.370842
659,2966,2.390183
660,2958,2.383736
661,2950,2.377289
662,2966,2.390183
663,2966,2.390183
664,2966,2.390183
665,2966,2.390183
666,2951,2.378095
667,2966,2.390183
668,2966,2.390183
669,2966,2.390183
670,2966,2.390183
671,2966,2.390183
672,2966,2.390183
673,2958,2.383736
674,2962,2.386960
675,2958,2.383736
676,2950,2.377289
677,2951,2.378095
678,2966,2.390183
679,2958,2.383736
680,2966,2.390183
681,2966,2.390183
682,2982,2.403077
683,2978,2.399853
684,2966,2.390183
685,2942,2.370842
686,2958,2.383736
687,2966,2.390183
688,2966,2.390183
689,2951,2.378095
690,2966,2.390183
691,2978,2.399853
692,2966,2.390183
693,2966,2.390183
694,2978,2.399853
695,2982,2.403077
696,2966,2.390183
697,2966,2.390183
698,2978,2.399853
699,2966,2.390183
700,2966,2.390183
701,2962,2.386960
702,2966,2.390183
703,2966,2.390183
704,2978,2.399853
705,2966,2.390183
706,2951,2.378095
707,2958,2.383736
708,2966,2.390183
709,2966,2.390183
710,2966,2.390183
711,2978,2.399853
712,2966,2.390183
713,2982,2.403077
714,2978,2.399853
715,2978,2.399853
716,2978,2.399853
717,2982,2.403077
718,2982,2.403077
719,2982,2.403077
720,2983,2.403883
721,2990,2.409524
722,2983,2.403883
723,2978,2.399853
724,2982,2.403077
725,2982,2.403077
726,2966,2.390183
727,2978,2.399853
728,2966,2.390183
729,2966,2.390183
730,2978,2.399853
731,2966,2.390183
732,2966,2.390183
733,2982,2.403077
734,2978,2.399853
735,2982,2.403077
736,2966,2.390183
737,2978,2.399853
738,2966,2.390183
739,2982,2.403077
740,2978,2.399853
741,2962,2.386960
742,2982,2.403077
743,2966,2.390183
744,2966,2.390183
745,2966,2.390183
746,2966,2.390183
747,2978,2.399853
748,2966,2.390183
749,2966,2.390183
750,2978,2.399853
751,2978,2.399853
752,2951,2.378095
753,2966,2.390183
754,2966,2.390183
755,2966,2.390183
756,2978,2.399853
757,2966,2.390183
758,2966,2.390183
759,2966,2.390183
760,2978,2.399853
761,2966,2.390183
762,2978,2.399853
763,2966,2.390183
764,2966,2.390183
765,2978,2.399853
766,2978,2.399853
767,2966,2.390183
768,2982,2.403077
769,2978,2.399853
770,2982,2.403077
771,2978,2.399853
772,2982,2.403077
773,2978,2.399853
774,2994,2.412747
775,2982,2.403077
776,2982,2.403077
777,2982,2.403077
778,2978,2.399853
779,2990,2.409524
780,2978,2.399853
781,2982,2.403077
782,2982,2.403077
783,2978,2.399853
784,2966,2.390183
785,2978,2.399853
786,2978,2.399853
787,2966,2.390183
788,2966,2.390183
789,2978,2.399853
790,2966,2.390183
791,2982,2.403077
792,2982,2.403077
793,2978,2.399853
794,2966,2.390183
795,2982,2.403077
796,2982,2.403077
797,2982,2.403077
798,2982,2.403077
799,2982,2.403077
800,2982,2.403077
801,2966,2.390183
802,2982,2.403077
803,2982,2.403077
804,2994,2.412747
805,2978,2.399853
806,2982,2.403077
807,2982,2.403077
808,2982,2.403077
809,2982,2.403077
810,2990,2.409524
811,2982,2.403077
812,2990,2.409524
813,2982,2.403077
814,2998,2.415971
815,2990,2.409524
816,2982,2.403077
817,2982,2.403077
818,2982,2.403077
819,2978,2.399853
820,2966,2.390183
821,2978,2.399853
822,2978,2.399853
823,2982,2.403077
824,2982,2.403077
825,2966,2.390183
826,2966,2.390183
827,2982,2.403077
828,2982,2.403077
829,2982,2.403077
830,2966,2.390183
831,2978,2.399853
832,2982,2.403077
833,2990,2.409524
834,2994,2.412747
835,2998,2.415971
836,2998,2.415971
837,2990,2.409524
838,2990,2.409524
839,2998,2.415971
840,2990,2.409524
841,2982,2.403077
842,2982,2.403077
843,2994,2.412747
844,2998,2.415971
845,2990,2.409524
846,2982,2.403077
847,2998,2.415971
848,2982,2.403077
849,2998,2.415971
850,2998,2.415971
851,2990,2.409524
852,2998,2.415971
853,2998,2.415971
854,3010,2.425641
855,3010,2.425641
856,2998,2.415971
857,3010,2.425641
858,2998,2.415971
859,2990,2.409524
860,2998,2.415971
861,3010,2.425641
862,2998,2.415971
863,2990,2.409524
864,3010,2.425641
865,2998,2.415971
866,2998,2.415971
867,2994,2.412747
868,2998,2.415971
869,2994,2.412747
870,2990,2.409524
871,2998,2.415971
872,2990,2.409524
873,2998,2.415971
874,2998,2.415971
875,2983,2.403883
876,2978,2.399853
877,2998,2.415971
878,2998,2.415971
879,2982,2.403077
880,2982,2.403077
881,2990,2.409524
882,2982,2.403077
883,2998,2.415971
884,2990,2.409524
885,2982,2.403077
886,2998,2.415971
887,2978,2.399853
888,2982,2.403077
889,2982,2.403077
890,2983,2.403883
891,2982,2.403077
892,2998,2.415971
893,2990,2.409524
894,2990,2.409524
895,2998,2.415971
896,2982,2.403077
897,2982,2.403077
898,2982,2.403077
899,2998,2.415971
900,2982,2.403077
901,2994,2.412747
902,2998,2.415971
903,2990,2.409524
904,2998,2.415971
905,2998,2.415971
906,2998,2.415971
907,2982,2.403077
908,2982,2.403077
909,2998,2.415971
910,2998,2.415971
911,3014,2.428864
912,3010,2.425641
913,2994,2.412747
914,2982,2.403077
915,2998,2.415971
916,2998,2.415971
917,2982,2.403077
918,2990,2.409524
919,2998,2.415971
920,2998,2.415971
921,2998,2.415971
922,2998,2.415971
923,2998,2.415971
924,2990,2.409524
925,2994,2.412747
926,2998,2.415971
927,2990,2.409524
928,2998,2.415971
929,2990,2.409524
930,2998,2.415971
931,2994,2.412747
932,2998,2.415971
933,2990,2.409524
934,2998,2.415971
935,3010,2.425641
936,2998,2.415971
937,2998,2.415971
938,2990,2.409524
939,2998,2.415971
940,2998,2.415971
941,2998,2.415971
942,2998,2.415971
943,3010,2.425641
944,2998,2.415971
945,2998,2.415971
946,2998,2.415971
947,2998,2.415971
948,2990,2.409524
949,2990,2.409524
950,2998,2.415971
951,2998,2.415971
952,2998,2.415971
953,2998,2.415971
954,2998,2.415971
955,2998,2.415971
956,2998,2.415971
957,3014,2.428864
958,3010,2.425641
959,3010,2.425641
960,2998,2.415971
961,3014,2.428864
962,3010,2.425641
963,3014,2.428864
964,3010,2.425641
965,3010,2.425641
966,2998,2.415971
967,2998,2.415971
968,3014,2.428864
969,3014,2.428864
970,3010,2.425641
971,2998,2.415971
972,2990,2.409524
973,2990,2.409524
974,3014,2.428864
975,2998,2.415971
976,3014,2.428864
977,2990,2.409524
978,2998,2.415971
979,3010,2.425641
980,3014,2.428864
981,2998,2.415971
982,3014,2.428864
983,3010,2.425641
984,2998,2.415971
985,3010,2.425641
986,3014,2.428864
987,3014,2.428864
988,3010,2.425641
989,3014,2.428864
990,2998,2.415971
991,2998,2.415971
992,3014,2.428864
993,3010,2.425641
994,3014,2.428864
995,3014,2.428864
996,3010,2.425641
997,3010,2.425641
998,3014,2.428864
999,3026,2.438535
1000,3022,2.435311
1001,3014,2.428864
1002,3010,2.425641
1003,3010,2.425641
1004,2998,2.415971
1005,3014,2.428864
1006,3010,2.425641
1007,3010,2.425641
1008,3014,2.428864
1009,3010,2.425641
1010,3014,2.428864
1011,3014,2.428864
1012,3022,2.435311
1013,3022,2.435311
1014,3022,2.435311
1015,3014,2.428864
1016,3014,2.428864
1017,3014,2.428864
1018,3014,2.428864
1019,3022,2.435311
1020,3030,2.441758
1021,3014,2.428864
1022,3014,2.428864
1023,3015,2.429670
1024,3014,2.428864
1025,3010,2.425641
1026,3014,2.428864
1027,3014,2.428864
1028,3014,2.428864
1029,3010,2.425641
1030,3014,2.428864
1031,3010,2.425641
1032,3022,2.435311
1033,3014,2.428864
1034,3030,2.441758
1035,3014,2.428864
1036,3014,2.428864
1037,3022,2.435311
1038,3014,2.428864
1039,3022,2.435311
1040,3010,2.425641
1041,3014,2.428864
1042,3022,2.435311
1043,3030,2.441758
1044,3022,2.435311
1045,3022,2.435311
1046,3030,2.441758
1047,3022,2.435311
1048,3022,2.435311
1049,3030,2.441758
1050,3030,2.441758
1051,3022,2.435311
1052,3022,2.435311
1053,3014,2.428864
1054,3030,2.441758
1055,3026,2.438535
1056,3022,2.435311
1057,3022,2.435311
1058,3022,2.435311
1059,3030,2.441758
1060,3014,2.428864
1061,3014,2.428864
1062,3022,2.435311
1063,3014,2.428864
1064,3014,2.428864
1065,3030,2.441758
1066,3022,2.435311
1067,3026,2.438535
1068,3014,2.428864
1069,3030,2.441758
1070,3042,2.451429
1071,3030,2.441758
1072,3030,2.441758
1073,3014,2.428864
1074,3022,2.435311
1075,3030,2.441758
1076,3030,2.441758
1077,3026,2.438535
1078,3022,2.435311
1079,3022,2.435311
1080,3030,2.441758
1081,3030,2.441758
1082,3030,2.441758
1083,3014,2.428864
1084,3026,2.438535
1085,3030,2.441758
1086,3022,2.435311
1087,3030,2.441758
1088,3022,2.435311
1089,3022,2.435311
1090,3042,2.451429
1091,3030,2.441758
1092,3030,2.441758
1093,3030,2.441758
1094,3030,2.441758
1095,3014,2.428864
1096,3030,2.441758
1097,3042,2.451429
1098,3022,2.435311
1099,3030,2.441758
1100,3030,2.441758
1101,3030,2.441758
1102,3026,2.438535
1103,3014,2.428864
1104,3030,2.441758
1105,3030,2.441758
1106,3042,2.451429
1107,3026,2.438535
1108,3030,2.441758
1109,3042,2.451429
1110,3030,2.441758
1111,3022,2.435311
1112,3030,2.441758
1113,3030,2.441758
1114,3042,2.451429
1115,3030,2.441758
1116,3072,2.475604
1117,3042,2.451429
1118,3042,2.451429
1119,3046,2.454652
1120,3030,2.441758
1121,3030,2.441758
1122,3046,2.454652
1123,3030,2.441758
1124,3042,2.451429
1125,3030,2.441758
1126,3030,2.441758
1127,3042,2.451429
1128,3042,2.451429
1129,3030,2.441758
1130,3046,2.454652
1131,3042,2.451429
1132,3072,2.475604
1133,3072,2.475604
1134,3030,2.441758
1135,3042,2.451429
1136,3042,2.451429
1137,3046,2.454652
1138,3042,2.451429
1139,3030,2.441758
1140,3042,2.451429
1141,3030,2.441758
1142,3042,2.451429
1143,3030,2.441758
1144,3042,2.451429
1145,3030,2.441758
1146,3030,2.441758
1147,3046,2.454652
1148,3042,2.451429
1149,3046,2.454652
1150,3046,2.454652
1151,3042,2.451429
1152,3072,2.475604
1153,3072,2.475604
1154,3072,2.475604
1155,3042,2.451429
1156,3072,2.475604
1157,3072,2.475604
1158,3072,2.475604
1159,3042,2.451429
1160,3072,2.475604
1161,3072,2.475604
1162,3072,2.475604
1163,3072,2.475604
1164,3072,2.475604
1165,3046,2.454652
1166,3030,2.441758
1167,3072,2.475604
1168,3042,2.451429
1169,3030,2.441758
1170,3072,2.475604
1171,3072,2.475604
1172,3072,2.475604
1173,3072,2.475604
1174,3072,2.475604
1175,3072,2.475604
1176,3072,2.475604
1177,3072,2.475604
1178,3072,2.475604
1179,3072,2.475604
1180,3072,2.475604
1181,3072,2.475604
1182,3046,2.454652
1183,3046,2.454652
1184,3046,2.454652
1185,3072,2.475604
1186,3072,2.475604
1187,3046,2.454652
1188,3072,2.475604
1189,3046,2.454652
1190,3072,2.475604
1191,3030,2.441758
1192,3072,2.475604
1193,3072,2.475604
1194,3072,2.475604
1195,3072,2.475604
1196,3072,2.475604
1197,3072,2.475604
1198,3072,2.475604
1199,3072,2.475604
1200,3072,2.475604
1201,3072,2.475604
1202,3072,2.475604
1203,3072,2.475604
1204,3072,2.475604
1205,3072,2.475604
1206,3072,2.475604
1207,3072,2.475604
1208,3072,2.475604
1209,3072,2.475604
1210,3072,2.475604
1211,3072,2.475604
1212,3072,2.475604
1213,3072,2.475604
1214,3072,2.475604
1215,3072,2.475604
1216,3072,2.475604
1217,3072,2.475604
1218,3072,2.475604
1219,3072,2.475604
1220,3072,2.475604
1221,3072,2.475604
1222,3072,2.475604
1223,3072,2.475604
1224,3072,2.475604
1225,3072,2.475604
1226,3042,2.451429
1227,3046,2.454652
1228,3072,2.475604
1229,3074,2.477216
1230,3074,2.477216
1231,3072,2.475604
1232,3072,2.475604
1233,3072,2.475604
1234,3072,2.475604
1235,3072,2.475604
1236,3072,2.475604
1237,3072,2.475604
1238,3072,2.475604
1239,3072,2.475604
1240,3072,2.475604
1241,3072,2.475604
1242,3078,2.480440
1243,3072,2.475604
1244,3072,2.475604
1245,3072,2.475604
1246,3072,2.475604
1247,3072,2.475604
1248,3074,2.477216
1249,3074,2.477216
1250,3078,2.480440
1251,3074,2.477216
1252,3072,2.475604
1253,3072,2.475604
1254,3072,2.475604
1255,3074,2.477216
1256,3074,2.477216
1257,3072,2.475604
1258,3072,2.475604
1259,3072,2.475604
1260,3078,2.480440
1261,3074,2.477216
1262,3074,2.477216
1263,3074,2.477216
1264,3074,2.477216
1265,3074,2.477216
1266,3074,2.477216
1267,3074,2.477216
1268,3072,2.475604
1269,3072,2.475604
1270,3072,2.475604
1271,3072,2.475604
1272,3078,2.480440
1273,3074,2.477216
1274,3072,2.475604
1275,3074,2.477216
1276,3078,2.480440
1277,3074,2.477216
1278,3078,2.480440
1279,3078,2.480440
1280,3078,2.480440
1281,3074,2.477216
1282,3074,2.477216
1283,3074,2.477216
1284,3074,2.477216
1285,3074,2.477216
1286,3078,2.480440
1287,3078,2.480440
1288,3074,2.477216
1289,3074,2.477216
1290,3086,2.486886
1291,3078,2.480440
1292,3078,2.480440
1293,3078,2.480440
1294,3078,2.480440
1295,3086,2.486886
1296,3090,2.490110
1297,3078,2.480440
1298,3078,2.480440
1299,3078,2.480440
1300,3072,2.475604
1301,3078,2.480440
1302,3078,2.480440
1303,3078,2.480440
1304,3078,2.480440
1305,3074,2.477216
1306,3078,2.480440
1307,3078,2.480440
1308,3074,2.477216
1309,3078,2.480440
1310,3078,2.480440
1311,3078,2.480440
1312,3078,2.480440
1313,3078,2.480440
1314,3078,2.480440
1315,3078,2.480440
1316,3078,2.480440
1317,3078,2.480440
1318,3086,2.486886
1319,3086,2.486886
1320,3078,2.480440
1321,3094,2.493333
1322,3078,2.480440
1323,3106,2.503004
1324,3074,2.477216
1325,3090,2.490110
1326,3078,2.480440
1327,3078,2.480440
1328,3078,2.480440
1329,3079,2.481245
1330,3078,2.480440
1331,3094,2.493333
1332,3094,2.493333
1333,3078,2.480440
1334,3078,2.480440
1335,3090,2.490110
1336,3086,2.486886
1337,3078,2.480440
1338,3086,2.486886
1339,3094,2.493333
1340,3094,2.493333
1341,3090,2.490110
1342,3094,2.493333
1343,3094,2.493333
1344,3078,2.480440
1345,3078,2.480440
1346,3090,2.490110
1347,3094,2.493333
1348,3090,2.490110
1349,3078,2.480440
1350,3086,2.486886
1351,3094,2.493333
1352,3094,2.493333
1353,3078,2.480440
1354,3094,2.493333
1355,3078,2.480440
1356,3094,2.493333
1357,3086,2.486886
1358,3094,2.493333
1359,3078,2.480440
1360,3086,2.486886
1361,3094,2.493333
1362,3094,2.493333
1363,3094,2.493333
1364,3094,2.493333
1365,3094,2.493333
1366,3094,2.493333
1367,3094,2.493333
1368,3094,2.493333
1369,3090,2.490110
1370,3094,2.493333
1371,3094,2.493333
1372,3094,2.493333
1373,3094,2.493333
1374,3078,2.480440
1375,3094,2.493333
1376,3086,2.486886
1377,3094,2.493333
1378,3094,2.493333
1379,3094,2.493333
1380,3110,2.506227
1381,3106,2.503004
1382,3094,2.493333
1383,3094,2.493333
1384,3094,2.493333
1385,3094,2.493333
1386,3094,2.493333
1387,3094,2.493333
1388,3090,2.490110
1389,3110,2.506227
1390,3094,2.493333
1391,3094,2.493333
1392,3106,2.503004
1393,3110,2.506227
1394,3094,2.493333
1395,3079,2.481245
1396,3106,2.503004
1397,3094,2.493333
1398,3094,2.493333
1399,3094,2.493333
1400,3094,2.493333
1401,3110,2.506227
1402,3094,2.493333
1403,3094,2.493333
1404,3094,2.493333
1405,3094,2.493333
1406,3094,2.493333
1407,3094,2.493333
1408,3094,2.493333
1409,3094,2.493333
1410,3094,2.493333
1411,3094,2.493333
1412,3094,2.493333
1413,3094,2.493333
1414,3110,2.506227
1415,3086,2.486886
1416,3110,2.506227
1417,3106,2.503004
1418,3094,2.493333
1419,3094,2.493333
1420,3106,2.503004
1421,3094,2.493333
1422,3106,2.503004
1423,3106,2.503004
1424,3094,2.493333
1425,3086,2.486886
1426,3094,2.493333
1427,3094,2.493333
1428,3094,2.493333
1429,3094,2.493333
1430,3094,2.493333
1431,3094,2.493333
1432,3110,2.506227
1433,3094,2.493333
1434,3094,2.493333
1435,3106,2.503004
1436,3110,2.506227
1437,3110,2.506227
1438,3106,2.503004
1439,3106,2.503004
1440,3106,2.503004
1441,3094,2.493333
1442,3110,2.506227
1443,3094,2.493333
1444,3110,2.506227
1445,3094,2.493333
1446,3106,2.503004
1447,3094,2.493333
1448,3094,2.493333
1449,3110,2.506227
1450,3094,2.493333
1451,3110,2.506227
1452,3106,2.503004
1453,3094,2.493333
1454,3110,2.506227
1455,3094,2.493333
1456,3110,2.506227
1457,3106,2.503004
1458,3106,2.503004
1459,3106,2.503004
1460,3106,2.503004
1461,3110,2.506227
1462,3094,2.493333
1463,3094,2.493333
1464,3094,2.493333
1465,3106,2.503004
1466,3090,2.490110
1467,3110,2.506227
1468,3110,2.506227
1469,3106,2.503004
1470,3106,2.503004
1471,3106,2.503004
1472,3106,2.503004
1473,3106,2.503004
1474,3094,2.493333
1475,3106,2.503004
1476,3106,2.503004
1477,3110,2.506227
1478,3106,2.503004
1479,3094,2.493333
1480,3110,2.506227
1481,3094,2.493333
1482,3094,2.493333
1483,3106,2.503004
1484,3110,2.506227
1485,3094,2.493333
1486,3094,2.493333
1487,3106,2.503004
1488,3110,2.506227
1489,3110,2.506227
1490,3106,2.503004
1491,3110,2.506227
1492,3106,2.503004
1493,3106,2.503004
1494,3110,2.506227
1495,3094,2.493333
1496,3106,2.503004
1497,3106,2.503004
1498,3094,2.493333
1499,3110,2.506227
1500,3110,2.506227
1501,3106,2.503004
1502,3110,2.506227
1503,3110,2.506227
1504,3094,2.493333
1505,3106,2.503004
1506,3094,2.493333
1507,3106,2.503004
1508,3106,2.503004
1509,3110,2.506227
1510,3106,2.503004
1511,3094,2.493333
1512,3094,2.493333
1513,3094,2.493333
1514,3094,2.493333
1515,3094,2.493333
1516,3106,2.503004
1517,3094,2.493333
1518,3106,2.503004
1519,3094,2.493333
1520,3110,2.506227
1521,3110,2.506227
1522,3094,2.493333
1523,3110,2.506227
1524,3106,2.503004
1525,3094,2.493333
1526,3106,2.503004
1527,3106,2.503004
1528,3110,2.506227
1529,3094,2.493333
1530,3110,2.506227
1531,3110,2.506227
1532,3110,2.506227
1533,3094,2.493333
1534,3110,2.506227
1535,3094,2.493333
1536,3106,2.503004
1537,3106,2.503004
1538,3094,2.493333
1539,3106,2.503004
1540,3106,2.503004
1541,3110,2.506227
1542,3111,2.507033
1543,3110,2.506227
1544,3106,2.503004
1545,3106,2.503004
1546,3094,2.493333
1547,3106,2.503004
1548,3110,2.506227
1549,3094,2.493333
1550,3110,2.506227
1551,3110,2.506227
1552,3094,2.493333
1553,3094,2.493333
1554,3094,2.493333
1555,3110,2.506227
1556,3110,2.506227
1557,3110,2.506227
1558,3094,2.493333
1559,3086,2.486886
1560,3110,2.506227
1561,3110,2.506227
1562,3106,2.503004
1563,3110,2.506227
1564,3106,2.503004
1565,3106,2.503004
1566,3110,2.506227
1567,3110,2.506227
1568,3106,2.503004
1569,3106,2.503004
1570,3110,2.506227
1571,3106,2.503004
1572,3110,2.506227
1573,3094,2.493333
1574,3110,2.506227
1575,3110,2.506227
1576,3094,2.493333
1577,3094,2.493333
1578,3110,2.506227
1579,3094,2.493333
1580,3110,2.506227
1581,3094,2.493333
1582,3110,2.506227
1583,3106,2.503004
1584,3110,2.506227
1585,3110,2.506227
1586,3094,2.493333
1587,3106,2.503004
1588,3094,2.493333
1589,3094,2.493333
1590,3110,2.506227
1591,3094,2.493333
1592,3106,2.503004
1593,3094,2.493333
1594,3110,2.506227
1595,3106,2.503004
1596,3094,2.493333
1597,3094,2.493333
1598,3094,2.493333
1599,3106,2.503004
1600,3110,2.506227
1601,3106,2.503004
1602,3110,2.506227
1603,3110,2.506227
1604,3094,2.493333
1605,3094,2.493333
1606,3110,2.506227
1607,3094,2.493333
1608,3110,2.506227
1609,3106,2.503004
1610,3094,2.493333
1611,3094,2.493333
1612,3106,2.503004
1613,3106,2.503004
1614,3110,2.506227
1615,3106,2.503004
1616,3094,2.493333
1617,3094,2.493333
1618,3110,2.506227
1619,3094,2.493333
1620,3110,2.506227
1621,3106,2.503004
1622,3106,2.503004
1623,3106,2.503004
1624,3094,2.493333
1625,3106,2.503004
1626,3094,2.493333
1627,3106,2.503004
1628,3110,2.506227
1629,3106,2.503004
1630,3110,2.506227
1631,3106,2.503004
1632,3094,2.493333
1633,3094,2.493333
1634,3106,2.503004
1635,3110,2.506227
1636,3094,2.493333
1637,3106,2.503004
1638,3106,2.503004
1639,3106,2.503004
1640,3094,2.493333
1641,3106,2.503004
1642,3106,2.503004
1643,3094,2.493333
1644,3094,2.493333
1645,3094,2.493333
1646,3106,2.503004
1647,3106,2.503004
1648,3094,2.493333
1649,3094,2.493333
1650,3094,2.493333
1651,3094,2.493333
1652,3110,2.506227
1653,3106,2.503004
1654,3110,2.506227
1655,3106,2.503004
1656,3106,2.503004
1657,3094,2.493333
1658,3094,2.493333
1659,3110,2.506227
1660,3106,2.503004
1661,3106,2.503004
1662,3094,2.493333
1663,3094,2.493333
1664,3094,2.493333
1665,3106,2.503004
1666,3094,2.493333
1667,3094,2.493333
1668,3094,2.493333
1669,3106,2.503004
1670,3106,2.503004
1671,3094,2.493333
1672,3094,2.493333
1673,3094,2.493333
1674,3106,2.503004
1675,3086,2.486886
1676,3094,2.493333
1677,3090,2.490110
1678,3094,2.493333
1679,3106,2.503004
1680,3110,2.506227
1681,3106,2.503004
1682,3094,2.493333
1683,3094,2.493333
1684,3094,2.493333
1685,3094,2.493333
1686,3094,2.493333
1687,3094,2.493333
1688,3094,2.493333
1689,3110,2.506227
1690,3094,2.493333
1691,3094,2.493333
1692,3094,2.493333
1693,3106,2.503004
1694,3094,2.493333
1695,3110,2.506227
1696,3094,2.493333
1697,3094,2.493333
1698,3106,2.503004
1699,3094,2.493333
1700,3106,2.503004
1701,3086,2.486886
1702,3094,2.493333
1703,3094,2.493333
1704,3078,2.480440
1705,3106,2.503004
1706,3110,2.506227
1707,3106,2.503004
1708,3094,2.493333
1709,3094,2.493333
1710,3094,2.493333
1711,3094,2.493333
1712,3094,2.493333
1713,3094,2.493333
1714,3094,2.493333
1715,3094,2.493333
1716,3094,2.493333
1717,3090,2.490110
1718,3106,2.503004
1719,3094,2.493333
1720,3106,2.503004
1721,3086,2.486886
1722,3094,2.493333
1723,3090,2.490110
1724,3086,2.486886
1725,3094,2.493333
1726,3090,2.490110
1727,3094,2.493333
1728,3094,2.493333
1729,3094,2.493333
1730,3094,2.493333
1731,3094,2.493333
1732,3078,2.480440
1733,3078,2.480440
1734,3094,2.493333
1735,3094,2.493333
1736,3086,2.486886
1737,3094,2.493333
1738,3094,2.493333
1739,3086,2.486886
1740,3079,2.481245
1741,3078,2.480440
1742,3094,2.493333
1743,3094,2.493333
1744,3094,2.493333
1745,3106,2.503004
1746,3086,2.486886
1747,3094,2.493333
1748,3086,2.486886
1749,3094,2.493333
1750,3094,2.493333
1751,3090,2.490110
1752,3094,2.493333
1753,3094,2.493333
1754,3078,2.480440
1755,3094,2.493333
1756,3086,2.486886
1757,3094,2.493333
1758,3094,2.493333
1759,3094,2.493333
1760,3086,2.486886
1761,3094,2.493333
1762,3090,2.490110
1763,3106,2.503004
1764,3086,2.486886
1765,3094,2.493333
1766,3094,2.493333
1767,3094,2.493333
1768,3086,2.486886
1769,3094,2.493333
1770,3094,2.493333
1771,3086,2.486886
1772,3086,2.486886
1773,3078,2.480440
1774,3086,2.486886
1775,3090,2.490110
1776,3094,2.493333
1777,3086,2.486886
1778,3094,2.493333
1779,3078,2.480440
1780,3078,2.480440
1781,3094,2.493333
1782,3078,2.480440
1783,3086,2.486886
1784,3078,2.480440
1785,3094,2.493333
1786,3078,2.480440
1787,3094,2.493333
1788,3078,2.480440
1789,3086,2.486886
1790,3094,2.493333
1791,3078,2.480440
1792,3086,2.486886
1793,3086,2.486886
1794,3094,2.493333
1795,3086,2.486886
1796,3094,2.493333
1797,3086,2.486886
1798,3086,2.486886
1799,3078,2.480440
1800,3094,2.493333
1801,3078,2.480440
1802,3094,2.493333
1803,3094,2.493333
1804,3090,2.490110
1805,3094,2.493333
1806,3090,2.490110
1807,3094,2.493333
1808,3086,2.486886
1809,3078,2.480440
1810,3078,2.480440
1811,3094,2.493333
1812,3078,2.480440
1813,3094,2.493333
1814,3086,2.486886
1815,3086,2.486886
1816,3090,2.490110
1817,3086,2.486886
1818,3078,2.480440
1819,3094,2.493333
1820,3078,2.480440
1821,3078,2.480440
1822,3078,2.480440
1823,3078,2.480440
1824,3078,2.480440
1825,3078,2.480440
1826,3086,2.486886
1827,3078,2.480440
1828,3078,2.480440
1829,3086,2.486886
1830,3078,2.480440
1831,3078,2.480440
1832,3078,2.480440
1833,3078,2.480440
1834,3078,2.480440
1835,3078,2.480440
1836,3086,2.486886
1837,3078,2.480440
1838,3078,2.480440
1839,3086,2.486886
1840,3078,2.480440
1841,3074,2.477216
1842,3078,2.480440
1843,3078,2.480440
1844,3072,2.475604
1845,3074,2.477216
1846,3078,2.480440
1847,3078,2.480440
1848,3078,2.480440
1849,3078,2.480440
1850,3078,2.480440
1851,3078,2.480440
1852,3078,2.480440
1853,3078,2.480440
1854,3078,2.480440
1855,3078,2.480440
1856,3078,2.480440
1857,3074,2.477216
1858,3086,2.486886
1859,3078,2.480440
1860,3078,2.480440
1861,3072,2.475604
1862,3078,2.480440
1863,3078,2.480440
1864,3074,2.477216
1865,3074,2.477216
1866,3074,2.477216
1867,3078,2.480440
1868,3086,2.486886
1869,3074,2.477216
1870,3078,2.480440
1871,3078,2.480440
1872,3074,2.477216
1873,3074,2.477216
1874,3078,2.480440
1875,3074,2.477216
1876,3074,2.477216
1877,3074,2.477216
1878,3078,2.480440
1879,3078,2.480440
1880,3078,2.480440
1881,3078,2.480440
1882,3072,2.475604
1883,3078,2.480440
1884,3078,2.480440
1885,3074,2.477216
1886,3086,2.486886
1887,3072,2.475604
1888,3074,2.477216
1889,3078,2.480440
1890,3078,2.480440
1891,3078,2.480440
1892,3078,2.480440
1893,3072,2.475604
1894,3078,2.480440
1895,3074,2.477216
1896,3074,2.477216
1897,3078,2.480440
1898,3074,2.477216
1899,3078,2.480440
1900,3078,2.480440
1901,3086,2.486886
1902,3074,2.477216
1903,3078,2.480440
1904,3078,2.480440
1905,3074,2.477216
1906,3078,2.480440
1907,3074,2.477216
1908,3072,2.475604
1909,3078,2.480440
1910,3072,2.475604
1911,3074,2.477216
1912,3072,2.475604
1913,3072,2.475604
1914,3078,2.480440
1915,3078,2.480440
1916,3072,2.475604
1917,3078,2.480440
1918,3074,2.477216
1919,3074,2.477216
1920,3072,2.475604
1921,3078,2.480440
1922,3072,2.475604
1923,3074,2.477216
1924,3072,2.475604
1925,3078,2.480440
1926,3074,2.477216
1927,3072,2.475604
1928,3074,2.477216
1929,3078,2.480440
1930,3072,2.475604
1931,3072,2.475604
1932,3078,2.480440
1933,3074,2.477216
1934,3074,2.477216
1935,3072,2.475604
1936,3072,2.475604
1937,3072,2.475604
1938,3072,2.475604
1939,3074,2.477216
1940,3072,2.475604
1941,3072,2.475604
1942,3072,2.475604
1943,3072,2.475604
1944,3072,2.475604
1945,3072,2.475604
1946,3072,2.475604
1947,3074,2.477216
1948,3072,2.475604
1949,3072,2.475604
1950,3072,2.475604
1951,3072,2.475604
1952,3078,2.480440
1953,3072,2.475604
1954,3074,2.477216
1955,3072,2.475604
1956,3072,2.475604
1957,3072,2.475604
1958,3072,2.475604
1959,3072,2.475604
1960,3072,2.475604
1961,3072,2.475604
1962,3072,2.475604
1963,3072,2.475604
1964,3072,2.475604
1965,3072,2.475604
1966,3072,2.475604
1967,3072,2.475604
1968,3072,2.475604
1969,3072,2.475604
1970,3072,2.475604
1971,3074,2.477216
1972,3072,2.475604
1973,3072,2.475604
1974,3072,2.475604
1975,3072,2.475604
1976,3072,2.475604
1977,3072,2.475604
1978,3072,2.475604
1979,3072,2.475604
1980,3078,2.480440
1981,3074,2.477216
1982,3074,2.477216
1983,3072,2.475604
1984,3072,2.475604
1985,3072,2.475604
1986,3072,2.475604
1987,3072,2.475604
1988,3072,2.475604
1989,3072,2.475604
1990,3072,2.475604
1991,3072,2.475604
1992,3072,2.475604
1993,3072,2.475604
1994,3072,2.475604
1995,3072,2.475604
1996,3072,2.475604
1997,3072,2.475604
1998,3072,2.475604
1999,3072,2.475604
2000,3072,2.475604
2001,3072,2.475604
2002,3072,2.475604
2003,3072,2.475604
2004,3072,2.475604
2005,3072,2.475604
2006,3072,2.475604
2007,3072,2.475604
2008,3072,2.475604
2009,3072,2.475604
2010,3072,2.475604
2011,3072,2.475604
2012,3072,2.475604
2013,3072,2.475604
2014,3072,2.475604
2015,3072,2.475604
2016,3072,2.475604
2017,3072,2.475604
2018,3072,2.475604
2019,3072,2.475604
2020,3072,2.475604
2021,3072,2.475604
2022,3072,2.475604
2023,3072,2.475604
2024,3072,2.475604
2025,3046,2.454652
2026,3072,2.475604
2027,3046,2.454652
2028,3072,2.475604
2029,3072,2.475604
2030,3072,2.475604
2031,3046,2.454652
2032,3072,2.475604
2033,3072,2.475604
2034,3072,2.475604
2035,3072,2.475604
2036,3072,2.475604
2037,3072,2.475604
2038,3072,2.475604
2039,3046,2.454652
2040,3072,2.475604
2041,3072,2.475604
2042,3072,2.475604
2043,3072,2.475604
2044,3072,2.475604
2045,3072,2.475604
2046,3072,2.475604
2047,3042,2.451429
2048,3072,2.475604
2049,3072,2.475604
2050,3072,2.475604
2051,3072,2.475604
2052,3046,2.454652
2053,3072,2.475604
2054,3072,2.475604
2055,3072,2.475604
2056,3072,2.475604
2057,3072,2.475604
2058,3072,2.475604
2059,3072,2.475604
2060,3042,2.451429
2061,3072,2.475604
2062,3046,2.454652
2063,3072,2.475604
2064,3072,2.475604
2065,3046,2.454652
2066,3072,2.475604
2067,3072,2.475604
2068,3046,2.454652
2069,3072,2.475604
2070,3072,2.475604
2071,3072,2.475604
2072,3046,2.454652
2073,3072,2.475604
2074,3072,2.475604
2075,3046,2.454652
2076,3072,2.475604
2077,3042,2.451429
2078,3072,2.475604
2079,3072,2.475604
2080,3046,2.454652
2081,3072,2.475604
2082,3072,2.475604
2083,3042,2.451429
2084,3072,2.475604
2085,3072,2.475604
2086,3072,2.475604
2087,3072,2.475604
2088,3072,2.475604
2089,3072,2.475604
2090,3072,2.475604
2091,3072,2.475604
2092,3072,2.475604
2093,3072,2.475604
2094,3072,2.475604
2095,3072,2.475604
2096,3072,2.475604
2097,3072,2.475604
2098,3072,2.475604
2099,3072,2.475604
2100,3072,2.475604
2101,3074,2.477216
2102,3074,2.477216
2103,3072,2.475604
2104,3072,2.475604
2105,3072,2.475604
2106,3072,2.475604
2107,3072,2.475604
2108,3072,2.475604
2109,3074,2.477216
2110,3072,2.475604
2111,3072,2.475604
2112,3072,2.475604
2113,3074,2.477216
2114,3072,2.475604
2115,3074,2.477216
2116,3078,2.480440
2117,3074,2.477216
2118,3074,2.477216
2119,3078,2.480440
2120,3078,2.480440
2121,3072,2.475604
2122,3074,2.477216
2123,3078,2.480440
2124,3074,2.477216
2125,3074,2.477216
2126,3074,2.477216
2127,3078,2.480440
2128,3086,2.486886
2129,3074,2.477216
2130,3078,2.480440
2131,3086,2.486886
2132,3086,2.486886
2133,3078,2.480440
2134,3086,2.486886
2135,3078,2.480440
2136,3074,2.477216
2137,3086,2.486886
2138,3078,2.480440
2139,3086,2.486886
2140,3079,2.481245
2141,3090,2.490110
2142,3078,2.480440
2143,3074,2.477216
2144,3094,2.493333
2145,3094,2.493333
2146,3078,2.480440
2147,3078,2.480440
2148,3094,2.493333
2149,3094,2.493333
2150,3094,2.493333
2151,3094,2.493333
2152,3094,2.493333
2153,3106,2.503004
2154,3094,2.493333
2155,3094,2.493333
2156,3094,2.493333
2157,3106,2.503004
2158,3094,2.493333
2159,3106,2.503004
2160,3094,2.493333
2161,3094,2.493333
2162,3094,2.493333
2163,3094,2.493333
2164,3094,2.493333
2165,3094,2.493333
2166,3094,2.493333
2167,3110,2.506227
2168,3106,2.503004
2169,3094,2.493333
2170,3094,2.493333
2171,3094,2.493333
2172,3094,2.493333
2173,3106,2.503004
2174,3110,2.506227
2175,3094,2.493333
2176,3094,2.493333
2177,3110,2.506227
2178,3106,2.503004
2179,3094,2.493333
2180,3106,2.503004
2181,3106,2.503004
2182,3110,2.506227
2183,3110,2.506227
2184,3106,2.503004
2185,3110,2.506227
2186,3110,2.506227
2187,3106,2.503004
2188,3110,2.506227
2189,3106,2.503004
2190,3110,2.506227
2191,3094,2.493333
2192,3110,2.506227
2193,3110,2.506227
2194,3106,2.503004
2195,3094,2.493333
2196,3110,2.506227
2197,3110,2.506227
2198,3110,2.506227
2199,3110,2.506227
2200,3110,2.506227
2201,3094,2.493333
2202,3110,2.506227
2203,3094,2.493333
2204,3110,2.506227
2205,3110,2.506227
2206,3110,2.506227
2207,3110,2.506227
2208,3106,2.503004
2209,3110,2.506227
2210,3106,2.503004
2211,3110,2.506227
2212,3110,2.506227
2213,3094,2.493333
2214,3106,2.503004
2215,3110,2.506227
2216,3110,2.506227
2217,3110,2.506227
2218,3106,2.503004
2219,3110,2.506227
2220,3110,2.506227
2221,3110,2.506227
2222,3110,2.506227
2223,3106,2.503004
2224,3118,2.512674
2225,3110,2.506227
2226,3110,2.506227
2227,3106,2.503004
2228,3106,2.503004
2229,3110,2.506227
2230,3106,2.503004
2231,3110,2.506227
2232,3118,2.512674
2233,3110,2.506227
2234,3094,2.493333
2235,3094,2.493333
2236,3094,2.493333
2237,3110,2.506227
2238,3094,2.493333
2239,3094,2.493333
2240,3094,2.493333
2241,3094,2.493333
2242,3110,2.506227
2243,3094,2.493333
2244,3106,2.503004
2245,3106,2.503004
2246,3106,2.503004
2247,3110,2.506227
2248,3110,2.506227
2249,3094,2.493333
2250,3094,2.493333
2251,3094,2.493333
2252,3094,2.493333
2253,3110,2.506227
2254,3110,2.506227
2255,3094,2.493333
2256,3106,2.503004
2257,3094,2.493333
2258,3094,2.493333
2259,3094,2.493333
2260,3094,2.493333
2261,3106,2.503004
2262,3110,2.506227
2263,3094,2.493333
2264,3094,2.493333
2265,3094,2.493333
2266,3094,2.493333
2267,3094,2.493333
2268,3094,2.493333
2269,3094,2.493333
2270,3106,2.503004
2271,3086,2.486886
2272,3106,2.503004
2273,3094,2.493333
2274,3078,2.480440
2275,3094,2.493333
2276,3094,2.493333
2277,3094,2.493333
2278,3078,2.480440
2279,3086,2.486886
2280,3094,2.493333
2281,3078,2.480440
2282,3078,2.480440
2283,3078,2.480440
2284,3094,2.493333
2285,3094,2.493333
2286,3094,2.493333
2287,3078,2.480440
2288,3078,2.480440
2289,3086,2.486886
2290,3086,2.486886
2291,3094,2.493333
2292,3086,2.486886
2293,3078,2.480440
2294,3078,2.480440
2295,3078,2.480440
2296,3078,2.480440
2297,3074,2.477216
2298,3078,2.480440
2299,3074,2.477216
2300,3079,2.481245
2301,3078,2.480440
2302,3078,2.480440
2303,3078,2.480440
2304,3086,2.486886
2305,3072,2.475604
2306,3078,2.480440
2307,3074,2.477216
2308,3074,2.477216
2309,3078,2.480440
2310,3074,2.477216
2311,3072,2.475604
2312,3074,2.477216
2313,3078,2.480440
2314,3074,2.477216
2315,3072,2.475604
2316,3074,2.477216
2317,3072,2.475604
2318,3072,2.475604
2319,3072,2.475604
2320,3074,2.477216
2321,3072,2.475604
2322,3072,2.475604
2323,3072,2.475604
2324,3072,2.475604
2325,3072,2.475604
2326,3074,2.477216
2327,3072,2.475604
2328,3072,2.475604
2329,3072,2.475604
2330,3072,2.475604
2331,3074,2.477216
2332,3078,2.480440
2333,3074,2.477216
2334,3072,2.475604
2335,3072,2.475604
2336,3072,2.475604
2337,3072,2.475604
2338,3072,2.475604
2339,3072,2.475604
2340,3072,2.475604
2341,3072,2.475604
2342,3072,2.475604
2343,3078,2.480440
2344,3072,2.475604
2345,3072,2.475604
2346,3074,2.477216
2347,3072,2.475604
2348,3072,2.475604
2349,3072,2.475604
2350,3072,2.475604
2351,3078,2.480440
2352,3074,2.477216
2353,3078,2.480440
2354,3078,2.480440
2355,3074,2.477216
2356,3078,2.480440
2357,3074,2.477216
2358,3078,2.480440
2359,3078,2.480440
2360,3078,2.480440
2361,3078,2.480440
2362,3078,2.480440
2363,3078,2.480440
2364,3078,2.480440
2365,3090,2.490110
2366,3078,2.480440
2367,3086,2.486886
2368,3078,2.480440
2369,3090,2.490110
2370,3094,2.493333
2371,3078,2.480440
2372,3078,2.480440
2373,3094,2.493333
2374,3078,2.480440
2375,3078,2.480440
2376,3094,2.493333
2377,3086,2.486886
2378,3078,2.480440
2379,3078,2.480440
2380,3094,2.493333
2381,3078,2.480440
2382,3094,2.493333
2383,3094,2.493333
2384,3094,2.493333
2385,3110,2.506227
2386,3106,2.503004
2387,3094,2.493333
2388,3094,2.493333
2389,3094,2.493333
2390,3094,2.493333
2391,3106,2.503004
2392,3094,2.493333
2393,3094,2.493333
2394,3110,2.506227
2395,3094,2.493333
2396,3094,2.493333
2397,3106,2.503004
2398,3106,2.503004
2399,3110,2.506227
2400,3106,2.503004
2401,3110,2.506227
2402,3110,2.506227
2403,3106,2.503004
2404,3110,2.506227
2405,3110,2.506227
2406,3110,2.506227
2407,3110,2.506227
2408,3106,2.503004
2409,3094,2.493333
2410,3110,2.506227
2411,3106,2.503004
2412,3106,2.503004
2413,3106,2.503004
2414,3110,2.506227
2415,3110,2.506227
2416,3094,2.493333
2417,3110,2.506227
2418,3110,2.506227
2419,3110,2.506227
2420,3110,2.506227
2421,3094,2.493333
2422,3110,2.506227
2423,3110,2.506227
2424,3110,2.506227
2425,3106,2.503004
2426,3110,2.506227
2427,3110,2.506227
2428,3118,2.512674
2429,3110,2.506227
2430,3110,2.506227
2431,3110,2.506227
2432,3106,2.503004
2433,3094,2.493333
2434,3118,2.512674
2435,3110,2.506227
2436,3110,2.506227
2437,3118,2.512674
2438,3110,2.506227
2439,3110,2.506227
2440,3110,2.506227
2441,3110,2.506227
2442,3118,2.512674
2443,3110,2.506227
2444,3126,2.519121
2445,3110,2.506227
2446,3118,2.512674
2447,3110,2.506227
2448,3110,2.506227
2449,3110,2.506227
2450,3110,2.506227
2451,3122,2.515897
2452,3110,2.506227
2453,3118,2.512674
2454,3111,2.507033
2455,3110,2.506227
2456,3126,2.519121
2457,3118,2.512674
2458,3110,2.506227
2459,3126,2.519121
2460,3122,2.515897
2461,3126,2.519121
2462,3110,2.506227
2463,3110,2.506227
2464,3126,2.519121
2465,3110,2.506227
2466,3110,2.506227
2467,3118,2.512674
2468,3118,2.512674
2469,3126,2.519121
2470,3118,2.512674
2471,3118,2.512674
2472,3110,2.506227
2473,3118,2.512674
2474,3126,2.519121
2475,3126,2.519121
2476,3110,2.506227
2477,3118,2.512674
2478,3126,2.519121
2479,3122,2.515897
2480,3126,2.519121
2481,3111,2.507033
2482,3122,2.515897
2483,3110,2.506227
2484,3126,2.519121
2485,3126,2.519121
2486,3110,2.506227
2487,3126,2.519121
2488,3110,2.506227
2489,3122,2.515897
2490,3126,2.519121
2491,3122,2.515897
2492,3118,2.512674
2493,3111,2.507033
2494,3122,2.515897
2495,3118,2.512674
2496,3126,2.519121
2497,3106,2.503004
2498,3118,2.512674
2499,3118,2.512674
2500,3118,2.512674
2501,3110,2.506227
2502,3118,2.512674
2503,3095,2.494139
2504,3111,2.507033
2505,3111,2.507033
2506,3110,2.506227
2507,3118,2.512674
2508,3110,2.506227
2509,3110,2.506227
2510,3110,2.506227
2511,3111,2.507033
2512,3122,2.515897
2513,3118,2.512674
2514,3110,2.506227
2515,3110,2.506227
2516,3126,2.519121
2517,3118,2.512674
2518,3126,2.519121
2519,3118,2.512674
2520,3111,2.507033
2521,3118,2.512674
2522,3118,2.512674
2523,3110,2.506227
2524,3126,2.519121
2525,3126,2.519121
2526,3110,2.506227
2527,3110,2.506227
2528,3110,2.506227
2529,3110,2.506227
2530,3118,2.512674
2531,3122,2.515897
2532,3118,2.512674
2533,3126,2.519121
2534,3110,2.506227
2535,3110,2.506227
2536,3110,2.506227
2537,3110,2.506227
2538,3118,2.512674
2539,3110,2.506227
2540,3110,2.506227
2541,3111,2.507033
2542,3118,2.512674
2543,3110,2.506227
2544,3110,2.506227
2545,3110,2.506227
2546,3110,2.506227
2547,3110,2.506227
2548,3111,2.507033
2549,3110,2.506227
2550,3126,2.519121
2551,3110,2.506227
2552,3110,2.506227
2553,3110,2.506227
2554,3106,2.503004
2555,3111,2.507033
2556,3110,2.506227
2557,3110,2.506227
2558,3118,2.512674
2559,3110,2.506227
2560,3110,2.506227
2561,3110,2.506227
2562,3106,2.503004
2563,3110,2.506227
2564,3126,2.519121
2565,3110,2.506227
2566,3110,2.506227
2567,3110,2.506227
2568,3126,2.519121
2569,3094,2.493333
2570,3110,2.506227
2571,3110,2.506227
2572,3110,2.506227
2573,3118,2.512674
2574,3110,2.506227
2575,3118,2.512674
2576,3110,2.506227
2577,3110,2.506227
2578,3110,2.506227
2579,3110,2.506227
2580,3110,2.506227
2581,3110,2.506227
2582,3110,2.506227
2583,3110,2.506227
2584,3110,2.506227
2585,3122,2.515897
2586,3110,2.506227
2587,3110,2.506227
2588,3126,2.519121
2589,3110,2.506227
2590,3118,2.512674
2591,3111,2.507033
2592,3126,2.519121
2593,3110,2.506227
2594,3110,2.506227
2595,3126,2.519121
2596,3126,2.519121
2597,3110,2.506227
2598,3118,2.512674
2599,3106,2.503004
2600,3110,2.506227
2601,3110,2.506227
2602,3110,2.506227
2603,3118,2.512674
2604,3110,2.506227
2605,3111,2.507033
2606,3118,2.512674
2607,3106,2.503004
2608,3110,2.506227
2609,3110,2.506227
2610,3110,2.506227
2611,3110,2.506227
2612,3110,2.506227
2613,3110,2.506227
2614,3106,2.503004
2615,3110,2.506227
2616,3110,2.506227
2617,3110,2.506227
2618,3118,2.512674
2619,3106,2.503004
2620,3110,2.506227
2621,3110,2.506227
2622,3110,2.506227
2623,3118,2.512674
2624,3106,2.503004
2625,3110,2.506227
2626,3094,2.493333
2627,3110,2.506227
2628,3110,2.506227
2629,3110,2.506227
2630,3110,2.506227
2631,3110,2.506227
2632,3110,2.506227
2633,3110,2.506227
2634,3110,2.506227
2635,3110,2.506227
2636,3110,2.506227
2637,3110,2.506227
2638,3110,2.506227
2639,3110,2.506227
2640,3110,2.506227
2641,3110,2.506227
2642,3110,2.506227
2643,3094,2.493333
2644,3094,2.493333
2645,3106,2.503004
2646,3110,2.506227
2647,3110,2.506227
2648,3110,2.506227
2649,3110,2.506227
2650,3118,2.512674
2651,3110,2.506227
2652,3110,2.506227
2653,3118,2.512674
2654,3110,2.506227
2655,3110,2.506227
2656,3110,2.506227
2657,3126,2.519121
2658,3106,2.503004
2659,3106,2.503004
2660,3110,2.506227
2661,3110,2.506227
2662,3106,2.503004
2663,3106,2.503004
2664,3110,2.506227
2665,3118,2.512674
2666,3118,2.512674
2667,3106,2.503004
2668,3110,2.506227
2669,3110,2.506227
2670,3118,2.512674
2671,3110,2.506227
2672,3110,2.506227
2673,3110,2.506227
2674,3122,2.515897
2675,3110,2.506227
2676,3110,2.506227
2677,3110,2.506227
2678,3110,2.506227
2679,3106,2.503004
2680,3106,2.503004
2681,3110,2.506227
2682,3106,2.503004
2683,3106,2.503004
2684,3126,2.519121
2685,3110,2.506227
2686,3118,2.512674
2687,3106,2.503004
2688,3110,2.506227
2689,3094,2.493333
2690,3094,2.493333
2691,3110,2.506227
2692,3094,2.493333
2693,3110,2.506227
2694,3094,2.493333
2695,3110,2.506227
2696,3110,2.506227
2697,3106,2.503004
2698,3106,2.503004
2699,3110,2.506227
2700,3106,2.503004
2701,3110,2.506227
2702,3110,2.506227
2703,3106,2.503004
2704,3110,2.506227
2705,3094,2.493333
2706,3094,2.493333
2707,3106,2.503004
2708,3094,2.493333
2709,3094,2.493333
2710,3094,2.493333
2711,3110,2.506227
2712,3106,2.503004
2713,3110,2.506227
2714,3106,2.503004
2715,3106,2.503004
2716,3110,2.506227
2717,3106,2.503004
2718,3106,2.503004
2719,3106,2.503004
2720,3110,2.506227
2721,3094,2.493333
2722,3122,2.515897
2723,3106,2.503004
2724,3110,2.506227
2725,3110,2.506227
2726,3110,2.506227
2727,3106,2.503004
2728,3094,2.493333
2729,3106,2.503004
2730,3110,2.506227
2731,3118,2.512674
2732,3110,2.506227
2733,3106,2.503004
2734,3110,2.506227
2735,3094,2.493333
2736,3106,2.503004
2737,3106,2.503004
2738,3106,2.503004
2739,3110,2.506227
2740,3110,2.506227
2741,3106,2.503004
2742,3106,2.503004
2743,3094,2.493333
2744,3094,2.493333
2745,3110,2.506227
2746,3110,2.506227
2747,3094,2.493333
2748,3106,2.503004
2749,3110,2.506227
2750,3094,2.493333
2751,3110,2.506227
2752,3106,2.503004
2753,3094,2.493333
2754,3106,2.503004
2755,3094,2.493333
2756,3110,2.506227
2757,3106,2.503004
2758,3094,2.493333
2759,3110,2.506227
2760,3110,2.506227
2761,3110,2.506227
2762,3094,2.493333
2763,3106,2.503004
2764,3106,2.503004
2765,3110,2.506227
2766,3110,2.506227
2767,3110,2.506227
2768,3094,2.493333
2769,3110,2.506227
2770,3110,2.506227
2771,3094,2.493333
2772,3106,2.503004
2773,3094,2.493333
2774,3110,2.506227
2775,3094,2.493333
2776,3110,2.506227
2777,3110,2.506227
2778,3094,2.493333
2779,3094,2.493333
2780,3110,2.506227
2781,3094,2.493333
2782,3106,2.503004
2783,3110,2.506227
2784,3106,2.503004
2785,3110,2.506227
2786,3106,2.503004
2787,3094,2.493333
2788,3094,2.493333
2789,3110,2.506227
2790,3110,2.506227
2791,3110,2.506227
2792,3106,2.503004
2793,3106,2.503004
2794,3094,2.493333
2795,3106,2.503004
2796,3110,2.506227
2797,3110,2.506227
2798,3094,2.493333
2799,3110,2.506227
2800,3110,2.506227
2801,3094,2.493333
2802,3110,2.506227
2803,3110,2.506227
2804,3094,2.493333
2805,3106,2.503004
2806,3110,2.506227
2807,3094,2.493333
2808,3094,2.493333
2809,3110,2.506227
2810,3094,2.493333
2811,3094,2.493333
2812,3094,2.493333
2813,3106,2.503004
2814,3106,2.503004
2815,3094,2.493333
2816,3106,2.503004
2817,3094,2.493333
2818,3110,2.506227
2819,3106,2.503004
2820,3106,2.503004
2821,3110,2.506227
2822,3106,2.503004
2823,3106,2.503004
2824,3110,2.506227
2825,3110,2.506227
2826,3110,2.506227
2827,3094,2.493333
2828,3110,2.506227
2829,3106,2.503004
2830,3106,2.503004
2831,3106,2.503004
2832,3122,2.515897
2833,3106,2.503004
2834,3094,2.493333
2835,3106,2.503004
2836,3106,2.503004
2837,3118,2.512674
2838,3110,2.506227
2839,3110,2.506227
2840,3094,2.493333
2841,3094,2.493333
2842,3110,2.506227
2843,3106,2.503004
2844,3106,2.503004
2845,3094,2.493333
2846,3094,2.493333
2847,3094,2.493333
2848,3110,2.506227
2849,3094,2.493333
2850,3106,2.503004
2851,3094,2.493333
2852,3106,2.503004
2853,3094,2.493333
2854,3106,2.503004
2855,3106,2.503004
2856,3110,2.506227
2857,3094,2.493333
2858,3106,2.503004
2859,3110,2.506227
2860,3094,2.493333
2861,3106,2.503004
2862,3110,2.506227
2863,3106,2.503004
2864,3094,2.493333
2865,3106,2.503004
2866,3110,2.506227
2867,3106,2.503004
2868,3094,2.493333
2869,3106,2.503004
2870,3094,2.493333
2871,3094,2.493333
2872,3094,2.493333
2873,3106,2.503004
2874,3094,2.493333
2875,3094,2.493333
2876,3110,2.506227
2877,3106,2.503004
2878,3094,2.493333
2879,3110,2.506227
2880,3106,2.503004
2881,3094,2.493333
2882,3094,2.493333
2883,3094,2.493333
2884,3094,2.493333
2885,3094,2.493333
2886,3095,2.494139
2887,3110,2.506227
2888,3106,2.503004
2889,3106,2.503004
2890,3106,2.503004
2891,3106,2.503004
2892,3106,2.503004
2893,3094,2.493333
2894,3106,2.503004
2895,3110,2.506227
2896,3106,2.503004
2897,3106,2.503004
2898,3106,2.503004
2899,3094,2.493333
2900,3110,2.506227
2901,3094,2.493333
2902,3106,2.503004
2903,3106,2.503004
2904,3094,2.493333
2905,3110,2.506227
2906,3094,2.493333
2907,3110,2.506227
2908,3106,2.503004
2909,3110,2.506227
2910,3106,2.503004
2911,3106,2.503004
2912,3094,2.493333
2913,3094,2.493333
2914,3094,2.493333
2915,3094,2.493333
2916,3094,2.493333
2917,3106,2.503004
2918,3094,2.493333
2919,3094,2.493333
2920,3094,2.493333
2921,3078,2.480440
2922,3106,2.503004
2923,3110,2.506227
2924,3094,2.493333
2925,3106,2.503004
2926,3094,2.493333
2927,3094,2.493333
2928,3106,2.503004
2929,3106,2.503004
2930,3106,2.503004
2931,3094,2.493333
2932,3106,2.503004
2933,3095,2.494139
2934,3106,2.503004
2935,3106,2.503004
2936,3094,2.493333
2937,3106,2.503004
2938,3094,2.493333
2939,3094,2.493333
2940,3110,2.506227
2941,3094,2.493333
2942,3094,2.493333
2943,3086,2.486886
2944,3106,2.503004
2945,3094,2.493333
2946,3094,2.493333
2947,3106,2.503004
2948,3106,2.503004
2949,3094,2.493333
2950,3110,2.506227
2951,3106,2.503004
2952,3106,2.503004
2953,3094,2.493333
2954,3106,2.503004
2955,3106,2.503004
2956,3106,2.503004
2957,3094,2.493333
2958,3094,2.493333
2959,3094,2.493333
2960,3106,2.503004
2961,3094,2.493333
2962,3094,2.493333
2963,3094,2.493333
2964,3094,2.493333
2965,3106,2.503004
2966,3094,2.493333
2967,3094,2.493333
2968,3106,2.503004
2969,3094,2.493333
2970,3094,2.493333
2971,3106,2.503004
2972,3086,2.486886
2973,3094,2.493333
2974,3094,2.493333
2975,3094,2.493333
2976,3094,2.493333
2977,3106,2.503004
2978,3106,2.503004
2979,3106,2.503004
2980,3110,2.506227
2981,3090,2.490110
2982,3094,2.493333
2983,3086,2.486886
2984,3094,2.493333
2985,3106,2.503004
2986,3094,2.493333
2987,3094,2.493333
2988,3090,2.490110
2989,3106,2.503004
2990,3094,2.493333
2991,3086,2.486886
2992,3094,2.493333
2993,3078,2.480440
2994,3094,2.493333
2995,3094,2.493333
2996,3094,2.493333
2997,3094,2.493333
2998,3086,2.486886
2999,3086,2.486886
3000,3078,2.480440
3001,3094,2.493333
3002,3090,2.490110
3003,3106,2.503004
3004,3094,2.493333
3005,3094,2.493333
3006,3090,2.490110
3007,3094,2.493333
3008,3094,2.493333
3009,3106,2.503004
3010,3094,2.493333
3011,3094,2.493333
3012,3079,2.481245
3013,3094,2.493333
3014,3094,2.493333
3015,3094,2.493333
3016,3094,2.493333
3017,3086,2.486886
3018,3078,2.480440
3019,3094,2.493333
3020,3086,2.486886
3021,3094,2.493333
3022,3078,2.480440
3023,3086,2.486886
3024,3094,2.493333
3025,3094,2.493333
3026,3078,2.480440
3027,3094,2.493333
3028,3094,2.493333
3029,3086,2.486886
3030,3094,2.493333
3031,3094,2.493333
3032,3078,2.480440
3033,3078,2.480440
3034,3086,2.486886
3035,3078,2.480440
3036,3078,2.480440
3037,3086,2.486886
3038,3078,2.480440
3039,3094,2.493333
3040,3078,2.480440
3041,3078,2.480440
3042,3090,2.490110
3043,3086,2.486886
3044,3078,2.480440
3045,3094,2.493333
3046,3090,2.490110
3047,3090,2.490110
3048,3094,2.493333
3049,3090,2.490110
3050,3078,2.480440
3051,3078,2.480440
3052,3094,2.493333
3053,3094,2.493333
3054,3078,2.480440
3055,3078,2.480440
3056,3086,2.486886
3057,3078,2.480440
3058,3074,2.477216
3059,3086,2.486886
3060,3078,2.480440
3061,3078,2.480440
3062,3078,2.480440
3063,3074,2.477216
3064,3078,2.480440
3065,3078,2.480440
3066,3074,2.477216
3067,3078,2.480440
3068,3078,2.480440
3069,3074,2.477216
3070,3078,2.480440
3071,3078,2.480440
3072,3078,2.480440
3073,3078,2.480440
3074,3074,2.477216
3075,3078,2.480440
3076,3078,2.480440
3077,3078,2.480440
3078,3074,2.477216
3079,3078,2.480440
3080,3074,2.477216
3081,3078,2.480440
3082,3078,2.480440
3083,3078,2.480440
3084,3086,2.486886
3085,3078,2.480440
3086,3078,2.480440
3087,3078,2.480440
3088,3078,2.480440
3089,3078,2.480440
3090,3078,2.480440
3091,3072,2.475604
3092,3074,2.477216
3093,3072,2.475604
3094,3074,2.477216
3095,3074,2.477216
3096,3078,2.480440
3097,3072,2.475604
3098,3072,2.475604
3099,3074,2.477216
3100,3072,2.475604
3101,3078,2.480440
3102,3072,2.475604
3103,3074,2.477216
3104,3072,2.475604
3105,3078,2.480440
3106,3072,2.475604
3107,3072,2.475604
3108,3072,2.475604
3109,3078,2.480440
3110,3074,2.477216
3111,3072,2.475604
3112,3074,2.477216
3113,3072,2.475604
3114,3074,2.477216
3115,3072,2.475604
3116,3074,2.477216
3117,3072,2.475604
3118,3072,2.475604
3119,3074,2.477216
3120,3078,2.480440
3121,3072,2.475604
3122,3072,2.475604
3123,3072,2.475604
3124,3072,2.475604
3125,3072,2.475604
3126,3072,2.475604
3127,3072,2.475604
3128,3074,2.477216
3129,3072,2.475604
3130,3078,2.480440
3131,3072,2.475604
3132,3072,2.475604
3133,3072,2.475604
3134,3072,2.475604
3135,3072,2.475604
3136,3078,2.480440
3137,3072,2.475604
3138,3072,2.475604
3139,3072,2.475604
3140,3072,2.475604
3141,3072,2.475604
3142,3072,2.475604
3143,3072,2.475604
3144,3074,2.477216
3145,3072,2.475604
3146,3072,2.475604
3147,3072,2.475604
3148,3072,2.475604
3149,3072,2.475604
3150,3072,2.475604
3151,3072,2.475604
3152,3072,2.475604
3153,3072,2.475604
3154,3072,2.475604
3155,3072,2.475604
3156,3046,2.454652
3157,3072,2.475604
3158,3042,2.451429
3159,3042,2.451429
3160,3046,2.454652
3161,3072,2.475604
3162,3046,2.454652
3163,3072,2.475604
3164,3046,2.454652
3165,3030,2.441758
3166,3046,2.454652
3167,3072,2.475604
3168,3042,2.451429
3169,3046,2.454652
3170,3042,2.451429
3171,3030,2.441758
3172,3042,2.451429
3173,3030,2.441758
3174,3046,2.454652
3175,3030,2.441758
3176,3042,2.451429
3177,3046,2.454652
3178,3030,2.441758
3179,3030,2.441758
3180,3030,2.441758
3181,3042,2.451429
3182,3030,2.441758
3183,3042,2.451429
3184,3046,2.454652
3185,3030,2.441758
3186,3030,2.441758
3187,3030,2.441758
3188,3030,2.441758
3189,3014,2.428864
3190,3030,2.441758
3191,3030,2.441758
3192,3030,2.441758
3193,3030,2.441758
3194,3030,2.441758
3195,3014,2.428864
3196,3015,2.429670
3197,3030,2.441758
3198,3014,2.428864
3199,3014,2.428864
3200,3014,2.428864
3201,3030,2.441758
3202,3026,2.438535
3203,3014,2.428864
3204,3014,2.428864
3205,3010,2.425641
3206,3014,2.428864
3207,3030,2.441758
3208,3014,2.428864
3209,3014,2.428864
3210,3014,2.428864
3211,3014,2.428864
3212,3014,2.428864
3213,3010,2.425641
3214,3010,2.425641
3215,3026,2.438535
3216,3014,2.428864
3217,3010,2.425641
3218,2998,2.415971
3219,2998,2.415971
3220,3014,2.428864
3221,3014,2.428864
3222,2998,2.415971
3223,3014,2.428864
3224,3014,2.428864
3225,3010,2.425641
3226,2998,2.415971
3227,2998,2.415971
3228,2998,2.415971
3229,2998,2.415971
3230,2990,2.409524
3231,2998,2.415971
3232,2998,2.415971
3233,3010,2.425641
3234,2998,2.415971
3235,2998,2.415971
3236,2998,2.415971
3237,2998,2.415971
3238,2998,2.415971
3239,2998,2.415971
3240,2983,2.403883
3241,2998,2.415971
3242,2982,2.403077
3243,2990,2.409524
3244,2982,2.403077
3245,2998,2.415971
3246,2998,2.415971
3247,2998,2.415971
3248,2998,2.415971
3249,2982,2.403077
3250,2982,2.403077
3251,2982,2.403077
3252,2982,2.403077
3253,2982,2.403077
3254,2994,2.412747
3255,2982,2.403077
3256,2982,2.403077
3257,2978,2.399853
3258,2982,2.403077
3259,2982,2.403077
3260,2967,2.390989
3261,2982,2.403077
3262,2982,2.403077
3263,2982,2.403077
3264,2966,2.390183
3265,2982,2.403077
3266,2978,2.399853
3267,2978,2.399853
3268,2966,2.390183
3269,2978,2.399853
3270,2966,2.390183
3271,2982,2.403077
3272,2982,2.403077
3273,2966,2.390183
3274,2978,2.399853
3275,2966,2.390183
3276,2982,2.403077
3277,2982,2.403077
3278,2978,2.399853
3279,2978,2.399853
3280,2966,2.390183
3281,2962,2.386960
3282,2966,2.390183
3283,2958,2.383736
3284,2966,2.390183
3285,2978,2.399853
3286,2966,2.390183
3287,2950,2.377289
3288,2966,2.390183
3289,2950,2.377289
3290,2951,2.378095
3291,2966,2.390183
3292,2966,2.390183
3293,2966,2.390183
3294,2966,2.390183
3295,2950,2.377289
3296,2966,2.390183
3297,2962,2.386960
3298,2962,2.386960
3299,2966,2.390183
3300,2958,2.383736
3301,2958,2.383736
3302,2966,2.390183
3303,2950,2.377289
3304,2958,2.383736
3305,2950,2.377289
3306,2958,2.383736
3307,2950,2.377289
3308,2950,2.377289
3309,2950,2.377289
3310,2950,2.377289
3311,2942,2.370842
3312,2958,2.383736
3313,2962,2.386960
3314,2950,2.377289
3315,2950,2.377289
3316,2958,2.383736
3317,2942,2.370842
3318,2950,2.377289
3319,2942,2.370842
3320,2958,2.383736
3321,2958,2.383736
3322,2950,2.377289
3323,2942,2.370842
3324,2958,2.383736
3325,2950,2.377289
3326,2950,2.377289
3327,2934,2.364396
3328,2950,2.377289
3329,2942,2.370842
3330,2950,2.377289
3331,2934,2.364396
3332,2950,2.377289
3333,2934,2.364396
3334,2942,2.370842
3335,2950,2.377289
3336,2942,2.370842
3337,2934,2.364396
3338,2942,2.370842
3339,2935,2.365201
3340,2942,2.370842
3341,2950,2.377289
3342,2942,2.370842
3343,2934,2.364396
3344,2926,2.357949
3345,2934,2.364396
3346,2934,2.364396
3347,2942,2.370842
3348,2934,2.364396
3349,2942,2.370842
3350,2942,2.370842
3351,2934,2.364396
3352,2934,2.364396
3353,2934,2.364396
3354,2934,2.364396
3355,2934,2.364396
3356,2934,2.364396
3357,2934,2.364396
3358,2934,2.364396
3359,2926,2.357949
3360,2934,2.364396
3361,2934,2.364396
3362,2926,2.357949
3363,2930,2.361172
3364,2934,2.364396
3365,2942,2.370842
3366,2930,2.361172
3367,2918,2.351502
3368,2934,2.364396
3369,2934,2.364396
3370,2934,2.364396
3371,2934,2.364396
3372,2926,2.357949
3373,2926,2.357949
3374,2926,2.357949
3375,2926,2.357949
3376,2918,2.351502
3377,2930,2.361172
3378,2934,2.364396
3379,2934,2.364396
3380,2926,2.357949
3381,2918,2.351502
3382,2934,2.364396
3383,2918,2.351502
3384,2934,2.364396
3385,2918,2.351502
3386,2930,2.361172
3387,2926,2.357949
3388,2914,2.348278
3389,2918,2.351502
3390,2934,2.364396
3391,2918,2.351502
3392,2934,2.364396
3393,2926,2.357949
3394,2926,2.357949
3395,2918,2.351502
3396,2934,2.364396
3397,2918,2.351502
3398,2926,2.357949
3399,2934,2.364396
3400,2934,2.364396
3401,2914,2.348278
3402,2930,2.361172
3403,2926,2.357949
3404,2934,2.364396
3405,2918,2.351502
3406,2918,2.351502
3407,2934,2.364396
3408,2926,2.357949
3409,2918,2.351502
3410,2926,2.357949
3411,2902,2.338608
3412,2934,2.364396
3413,2926,2.357949
3414,2918,2.351502
3415,2918,2.351502
3416,2926,2.357949
3417,2918,2.351502
3418,2918,2.351502
3419,2918,2.351502
3420,2926,2.357949
3421,2926,2.357949
3422,2926,2.357949
3423,2918,2.351502
3424,2918,2.351502
3425,2926,2.357949
3426,2918,2.351502
3427,2918,2.351502
3428,2926,2.357949
3429,2918,2.351502
3430,2918,2.351502
3431,2918,2.351502
3432,2918,2.351502
3433,2918,2.351502
3434,2930,2.361172
3435,2926,2.357949
3436,2934,2.364396
3437,2918,2.351502
3438,2918,2.351502
3439,2918,2.351502
3440,2926,2.357949
3441,2918,2.351502
3442,2918,2.351502
3443,2926,2.357949
3444,2918,2.351502
3445,2902,2.338608
3446,2918,2.351502
3447,2918,2.351502
3448,2918,2.351502
3449,2914,2.348278
3450,2918,2.351502
3451,2918,2.351502
3452,2926,2.357949
3453,2918,2.351502
3454,2918,2.351502
3455,2914,2.348278
3456,2918,2.351502
3457,2918,2.351502
3458,2918,2.351502
3459,2914,2.348278
3460,2918,2.351502
3461,2918,2.351502
3462,2918,2.351502
3463,2918,2.351502
3464,2918,2.351502
3465,2926,2.357949
3466,2902,2.338608
3467,2902,2.338608
3468,2918,2.351502
3469,2914,2.348278
3470,2918,2.351502
3471,2894,2.332161
3472,2914,2.348278
3473,2902,2.338608
3474,2934,2.364396
3475,2914,2.348278
3476,2914,2.348278
3477,2914,2.348278
3478,2926,2.357949
3479,2914,2.348278
3480,2902,2.338608
3481,2914,2.348278
3482,2914,2.348278
3483,2914,2.348278
3484,2918,2.351502
3485,2918,2.351502
3486,2918,2.351502
3487,2918,2.351502
3488,2918,2.351502
3489,2914,2.348278
3490,2914,2.348278
3491,2902,2.338608
3492,2918,2.351502
3493,2902,2.338608
3494,2902,2.338608
3495,2902,2.338608
3496,2914,2.348278
3497,2918,2.351502
3498,2914,2.348278
3499,2918,2.351502
3500,2918,2.351502
3501,2918,2.351502
3502,2902,2.338608
3503,2902,2.338608
3504,2918,2.351502
3505,2918,2.351502
3506,2918,2.351502
3507,2902,2.338608
3508,2918,2.351502
3509,2902,2.338608
3510,2902,2.338608
3511,2918,2.351502
3512,2918,2.351502
3513,2902,2.338608
3514,2918,2.351502
3515,2918,2.351502
3516,2902,2.338608
3517,2918,2.351502
3518,2914,2.348278
3519,2914,2.348278
3520,2914,2.348278
3521,2902,2.338608
3522,2914,2.348278
3523,2918,2.351502
3524,2914,2.348278
3525,2902,2.338608
3526,2914,2.348278
3527,2914,2.348278
3528,2902,2.338608
3529,2902,2.338608
3530,2914,2.348278
3531,2918,2.351502
3532,2918,2.351502
3533,2898,2.335385
3534,2902,2.338608
3535,2914,2.348278
3536,2918,2.351502
3537,2918,2.351502
3538,2918,2.351502
3539,2902,2.338608
3540,2914,2.348278
3541,2914,2.348278
3542,2914,2.348278
3543,2902,2.338608
3544,2902,2.338608
3545,2914,2.348278
3546,2914,2.348278
3547,2902,2.338608
3548,2914,2.348278
3549,2914,2.348278
3550,2902,2.338608
3551,2914,2.348278
3552,2918,2.351502
3553,2914,2.348278
3554,2902,2.338608
3555,2902,2.338608
3556,2914,2.348278
3557,2918,2.351502
3558,2914,2.348278
3559,2902,2.338608
3560,2918,2.351502
3561,2914,2.348278
3562,2914,2.348278
3563,2918,2.351502
3564,2918,2.351502
3565,2902,2.338608
3566,2914,2.348278
3567,2926,2.357949
3568,2918,2.351502
3569,2918,2.351502
3570,2902,2.338608
3571,2914,2.348278
3572,2902,2.338608
3573,2918,2.351502
3574,2914,2.348278
3575,2918,2.351502
3576,2902,2.338608
3577,2902,2.338608
3578,2902,2.338608
3579,2914,2.348278
3580,2914,2.348278
3581,2894,2.332161
3582,2902,2.338608
3583,2894,2.332161
3584,2902,2.338608
3585,2914,2.348278
3586,2902,2.338608
3587,2918,2.351502
3588,2914,2.348278
3589,2902,2.338608
3590,2894,2.332161
3591,2902,2.338608
3592,2918,2.351502
3593,2902,2.338608
3594,2914,2.348278
3595,2898,2.335385
3596,2902,2.338608
3597,2902,2.338608
3598,2914,2.348278
3599,2902,2.338608
3600,2902,2.338608
3601,2898,2.335385
3602,2902,2.338608
3603,2886,2.325714
3604,2902,2.338608
3605,2898,2.335385
3606,2918,2.351502
3607,2902,2.338608
3608,2902,2.338608
3609,2902,2.338608
3610,2902,2.338608
3611,2918,2.351502
3612,2902,2.338608
3613,2886,2.325714
3614,2918,2.351502
3615,2902,2.338608
3616,2902,2.338608
3617,2914,2.348278
3618,2902,2.338608
3619,2918,2.351502
3620,2902,2.338608
3621,2902,2.338608
3622,2902,2.338608
3623,2914,2.348278
3624,2914,2.348278
3625,2902,2.338608
3626,2902,2.338608
3627,2902,2.338608
3628,2902,2.338608
3629,2914,2.348278
3630,2918,2.351502
3631,2914,2.348278
3632,2886,2.325714
3633,2902,2.338608
3634,2902,2.338608
3635,2914,2.348278
3636,2918,2.351502
3637,2902,2.338608
3638,2902,2.338608
3639,2902,2.338608
3640,2914,2.348278
3641,2902,2.338608
3642,2894,2.332161
3643,2898,2.335385
3644,2902,2.338608
3645,2902,2.338608
3646,2898,2.335385
3647,2902,2.338608
