Pixel,ADC,VoltageV
1,3957,3.188791
2,3957,3.188791
3,3957,3.188791
4,3957,3.188791
5,3957,3.188791
6,3957,3.188791
7,3957,3.188791
8,3957,3.188791
9,3957,3.188791
10,3957,3.188791
11,3957,3.188791
12,3957,3.188791
13,3957,3.188791
14,3957,3.188791
15,3957,3.188791
16,3953,3.185568
17,3105,2.502198
18,2417,1.947766
19,2437,1.963883
20,2453,1.976777
21,2461,1.983223
22,2453,1.976777
23,2448,1.972747
24,2437,1.963883
25,2448,1.972747
26,2455,1.978388
27,2448,1.972747
28,2453,1.976777
29,2453,1.976777
30,2469,1.989670
31,2437,1.963883
32,2448,1.972747
33,2449,1.973553
34,2448,1.972747
35,2469,1.989670
36,2461,1.983223
37,2453,1.976777
38,2469,1.989670
39,2465,1.986447
40,2461,1.983223
41,2461,1.983223
42,2453,1.976777
43,2453,1.976777
44,2449,1.973553
45,2465,1.986447
46,2465,1.986447
47,2465,1.986447
48,2453,1.976777
49,2449,1.973553
50,2469,1.989670
51,2461,1.983223
52,2465,1.986447
53,2469,1.989670
54,2469,1.989670
55,2465,1.986447
56,2480,1.998535
57,2469,1.989670
58,2453,1.976777
59,2469,1.989670
60,2453,1.976777
61,2453,1.976777
62,2469,1.989670
63,2465,1.986447
64,2461,1.983223
65,2453,1.976777
66,2455,1.978388
67,2461,1.983223
68,2469,1.989670
69,2469,1.989670
70,2469,1.989670
71,2455,1.978388
72,2453,1.976777
73,2461,1.983223
74,2461,1.983223
75,2452,1.975971
76,2453,1.976777
77,2455,1.978388
78,2469,1.989670
79,2465,1.986447
80,2453,1.976777
81,2469,1.989670
82,2469,1.989670
83,2465,1.986447
84,2461,1.983223
85,2469,1.989670
86,2481,1.999341
87,2465,1.986447
88,2453,1.976777
89,2461,1.983223
90,2469,1.989670
91,2465,1.986447
92,2469,1.989670
93,2469,1.989670
94,2455,1.978388
95,2469,1.989670
96,2469,1.989670
97,2453,1.976777
98,2465,1.986447
99,2465,1.986447
100,2465,1.986447
101,2480,1.998535
102,2469,1.989670
103,2461,1.983223
104,2481,1.999341
105,2469,1.989670
106,2465,1.986447
107,2465,1.986447
108,2465,1.986447
109,2465,1.986447
110,2455,1.978388
111,2461,1.983223
112,2469,1.989670
113,2448,1.972747
114,2453,1.976777
115,2469,1.989670
116,2453,1.976777
117,2461,1.983223
118,2455,1.978388
119,2455,1.978388
120,2453,1.976777
121,2465,1.986447
122,2461,1.983223
123,2453,1.976777
124,2453,1.976777
125,2469,1.989670
126,2469,1.989670
127,2480,1.998535
128,2480,1.998535
129,2465,1.986447
130,2465,1.986447
131,2453,1.976777
132,2469,1.989670
133,2461,1.983223
134,2469,1.989670
135,2453,1.976777
136,2455,1.978388
137,2455,1.978388
138,2461,1.983223
139,2465,1.986447
140,2481,1.999341
141,2481,1.999341
142,2461,1.983223
143,2480,1.998535
144,2469,1.989670
145,2469,1.989670
146,2465,1.986447
147,2481,1.999341
148,2469,1.989670
149,2469,1.989670
150,2480,1.998535
151,2485,2.002564
152,2480,1.998535
153,2485,2.002564
154,2469,1.989670
155,2480,1.998535
156,2485,2.002564
157,2468,1.988864
158,2485,2.002564
159,2469,1.989670
160,2480,1.998535
161,2465,1.986447
162,2480,1.998535
163,2481,1.999341
164,2480,1.998535
165,2469,1.989670
166,2485,2.002564
167,2480,1.998535
168,2465,1.986447
169,2465,1.986447
170,2469,1.989670
171,2455,1.978388
172,2485,2.002564
173,2481,1.999341
174,2480,1.998535
175,2480,1.998535
176,2485,2.002564
177,2480,1.998535
178,2481,1.999341
179,2487,2.004176
180,2469,1.989670
181,2485,2.002564
182,2485,2.002564
183,2480,1.998535
184,2480,1.998535
185,2481,1.999341
186,2469,1.989670
187,2469,1.989670
188,2469,1.989670
189,2480,1.998535
190,2481,1.999341
191,2455,1.978388
192,2469,1.989670
193,2480,1.998535
194,2469,1.989670
195,2469,1.989670
196,2469,1.989670
197,2485,2.002564
198,2469,1.989670
199,2480,1.998535
200,2481,1.999341
201,2480,1.998535
202,2469,1.989670
203,2469,1.989670
204,2465,1.986447
205,2465,1.986447
206,2481,1.999341
207,2481,1.999341
208,2485,2.002564
209,2480,1.998535
210,2481,1.999341
211,2480,1.998535
212,2481,1.999341
213,2461,1.983223
214,2469,1.989670
215,2469,1.989670
216,2480,1.998535
217,2469,1.989670
218,2480,1.998535
219,2481,1.999341
220,2480,1.998535
221,2469,1.989670
222,2485,2.002564
223,2469,1.989670
224,2480,1.998535
225,2481,1.999341
226,2469,1.989670
227,2469,1.989670
228,2480,1.998535
229,2480,1.998535
230,2481,1.999341
231,2480,1.998535
232,2465,1.986447
233,2481,1.999341
234,2469,1.989670
235,2480,1.998535
236,2485,2.002564
237,2480,1.998535
238,2481,1.999341
239,2481,1.999341
240,2485,2.002564
241,2480,1.998535
242,2485,2.002564
243,2480,1.998535
244,2487,2.004176
245,2485,2.002564
246,2481,1.999341
247,2485,2.002564
248,2481,1.999341
249,2485,2.002564
250,2487,2.004176
251,2480,1.998535
252,2481,1.999341
253,2469,1.989670
254,2469,1.989670
255,2485,2.002564
256,2480,1.998535
257,2485,2.002564
258,2485,2.002564
259,2485,2.002564
260,2469,1.989670
261,2469,1.989670
262,2480,1.998535
263,2485,2.002564
264,2485,2.002564
265,2465,1.986447
266,2481,1.999341
267,2481,1.999341
268,2485,2.002564
269,2485,2.002564
270,2485,2.002564
271,2465,1.986447
272,2480,1.998535
273,2481,1.999341
274,2469,1.989670
275,2485,2.002564
276,2480,1.998535
277,2469,1.989670
278,2481,1.999341
279,2480,1.998535
280,2480,1.998535
281,2480,1.998535
282,2481,1.999341
283,2480,1.998535
284,2485,2.002564
285,2481,1.999341
286,2461,1.983223
287,2469,1.989670
288,2481,1.999341
289,2469,1.989670
290,2481,1.999341
291,2485,2.002564
292,2481,1.999341
293,2481,1.999341
294,2481,1.999341
295,2481,1.999341
296,2480,1.998535
297,2485,2.002564
298,2480,1.998535
299,2469,1.989670
300,2485,2.002564
301,2480,1.998535
302,2485,2.002564
303,2480,1.998535
304,2485,2.002564
305,2481,1.999341
306,2485,2.002564
307,2481,1.999341
308,2480,1.998535
309,2487,2.004176
310,2485,2.002564
311,2485,2.002564
312,2493,2.009011
313,2481,1.999341
314,2487,2.004176
315,2485,2.002564
316,2481,1.999341
317,2480,1.998535
318,2481,1.999341
319,2485,2.002564
320,2485,2.002564
321,2481,1.999341
322,2493,2.009011
323,2481,1.999341
324,2485,2.002564
325,2481,1.999341
326,2480,1.998535
327,2481,1.999341
328,2493,2.009011
329,2485,2.002564
330,2493,2.009011
331,2485,2.002564
332,2493,2.009011
333,2501,2.015458
334,2481,1.999341
335,2501,2.015458
336,2485,2.002564
337,2493,2.009011
338,2501,2.015458
339,2501,2.015458
340,2493,2.009011
341,2493,2.009011
342,2493,2.009011
343,2501,2.015458
344,2485,2.002564
345,2493,2.009011
346,2512,2.024322
347,2485,2.002564
348,2485,2.002564
349,2481,1.999341
350,2485,2.002564
351,2500,2.014652
352,2500,2.014652
353,2485,2.002564
354,2501,2.015458
355,2485,2.002564
356,2487,2.004176
357,2480,1.998535
358,2512,2.024322
359,2497,2.012234
360,2485,2.002564
361,2485,2.002564
362,2493,2.009011
363,2493,2.009011
364,2493,2.009011
365,2493,2.009011
366,2501,2.015458
367,2487,2.004176
368,2512,2.024322
369,2485,2.002564
370,2487,2.004176
371,2485,2.002564
372,2501,2.015458
373,2501,2.015458
374,2487,2.004176
375,2501,2.015458
376,2480,1.998535
377,2485,2.002564
378,2501,2.015458
379,2487,2.004176
380,2501,2.015458
381,2493,2.009011
382,2501,2.015458
383,2493,2.009011
384,2493,2.009011
385,2485,2.002564
386,2487,2.004176
387,2497,2.012234
388,2485,2.002564
389,2485,2.002564
390,2481,1.999341
391,2493,2.009011
392,2480,1.998535
393,2493,2.009011
394,2480,1.998535
395,2480,1.998535
396,2493,2.009011
397,2493,2.009011
398,2501,2.015458
399,2493,2.009011
400,2493,2.009011
401,2485,2.002564
402,2493,2.009011
403,2501,2.015458
404,2497,2.012234
405,2501,2.015458
406,2487,2.004176
407,2513,2.025128
408,2485,2.002564
409,2501,2.015458
410,2501,2.015458
411,2485,2.002564
412,2485,2.002564
413,2501,2.015458
414,2487,2.004176
415,2497,2.012234
416,2501,2.015458
417,2485,2.002564
418,2481,1.999341
419,2493,2.009011
420,2501,2.015458
421,2512,2.024322
422,2493,2.009011
423,2493,2.009011
424,2485,2.002564
425,2501,2.015458
426,2493,2.009011
427,2493,2.009011
428,2501,2.015458
429,2493,2.009011
430,2501,2.015458
431,2493,2.009011
432,2501,2.015458
433,2501,2.015458
434,2512,2.024322
435,2485,2.002564
436,2487,2.004176
437,2493,2.009011
438,2485,2.002564
439,2485,2.002564
440,2485,2.002564
441,2485,2.002564
442,2493,2.009011
443,2493,2.009011
444,2493,2.009011
445,2493,2.009011
446,2487,2.004176
447,2512,2.024322
448,2512,2.024322
449,2512,2.024322
450,2485,2.002564
451,2501,2.015458
452,2485,2.002564
453,2501,2.015458
454,2485,2.002564
455,2485,2.002564
456,2493,2.009011
457,2481,1.999341
458,2501,2.015458
459,2485,2.002564
460,2512,2.024322
461,2501,2.015458
462,2512,2.024322
463,2485,2.002564
464,2485,2.002564
465,2501,2.015458
466,2517,2.028352
467,2513,2.025128
468,2501,2.015458
469,2501,2.015458
470,2501,2.015458
471,2512,2.024322
472,2493,2.009011
473,2480,1.998535
474,2485,2.002564
475,2497,2.012234
476,2493,2.009011
477,2481,1.999341
478,2487,2.004176
479,2501,2.015458
480,2501,2.015458
481,2517,2.028352
482,2501,2.015458
483,2501,2.015458
484,2493,2.009011
485,2501,2.015458
486,2501,2.015458
487,2513,2.025128
488,2512,2.024322
489,2493,2.009011
490,2512,2.024322
491,2501,2.015458
492,2501,2.015458
493,2512,2.024322
494,2501,2.015458
495,2513,2.025128
496,2517,2.028352
497,2513,2.025128
498,2517,2.028352
499,2501,2.015458
500,2501,2.015458
501,2512,2.024322
502,2512,2.024322
503,2501,2.015458
504,2485,2.002564
505,2512,2.024322
506,2497,2.012234
507,2497,2.012234
508,2501,2.015458
509,2512,2.024322
510,2493,2.009011
511,2487,2.004176
512,2493,2.009011
513,2485,2.002564
514,2497,2.012234
515,2512,2.024322
516,2493,2.009011
517,2501,2.015458
518,2501,2.015458
519,2501,2.015458
520,2485,2.002564
521,2493,2.009011
522,2487,2.004176
523,2487,2.004176
524,2485,2.002564
525,2485,2.002564
526,2487,2.004176
527,2485,2.002564
528,2485,2.002564
529,2485,2.002564
530,2487,2.004176
531,2512,2.024322
532,2513,2.025128
533,2501,2.015458
534,2512,2.024322
535,2485,2.002564
536,2501,2.015458
537,2501,2.015458
538,2493,2.009011
539,2493,2.009011
540,2513,2.025128
541,2501,2.015458
542,2501,2.015458
543,2501,2.015458
544,2501,2.015458
545,2493,2.009011
546,2469,1.989670
547,2485,2.002564
548,2480,1.998535
549,2481,1.999341
550,2465,1.986447
551,2453,1.976777
552,2461,1.983223
553,2481,1.999341
554,2461,1.983223
555,2453,1.976777
556,2448,1.972747
557,2465,1.986447
558,2453,1.976777
559,2437,1.963883
560,2437,1.963883
561,2448,1.972747
562,2421,1.950989
563,2417,1.947766
564,2421,1.950989
565,2437,1.963883
566,2433,1.960659
567,2433,1.960659
568,2448,1.972747
569,2433,1.960659
570,2433,1.960659
571,2416,1.946960
572,2421,1.950989
573,2423,1.952601
574,2448,1.972747
575,2437,1.963883
576,2449,1.973553
577,2437,1.963883
578,2469,1.989670
579,2448,1.972747
580,2449,1.973553
581,2449,1.973553
582,2437,1.963883
583,2448,1.972747
584,2453,1.976777
585,2453,1.976777
586,2437,1.963883
587,2448,1.972747
588,2437,1.963883
589,2437,1.963883
590,2449,1.973553
591,2423,1.952601
592,2417,1.947766
593,2416,1.946960
594,2429,1.957436
595,2416,1.946960
596,2405,1.938095
597,2389,1.925201
598,2385,1.921978
599,2384,1.921172
600,2389,1.925201
601,2385,1.921978
602,2385,1.921978
603,2385,1.921978
604,2384,1.921172
605,2389,1.925201
606,2359,1.901026
607,2365,1.905861
608,2365,1.905861
609,2357,1.899414
610,2359,1.901026
611,2353,1.896190
612,2352,1.895385
613,2353,1.896190
614,2357,1.899414
615,2384,1.921172
616,2365,1.905861
617,2352,1.895385
618,2333,1.880073
619,2325,1.873626
620,2337,1.883297
621,2320,1.869597
622,2320,1.869597
623,2337,1.883297
624,2341,1.886520
625,2337,1.883297
626,2352,1.895385
627,2325,1.873626
628,2320,1.869597
629,2303,1.855897
630,2301,1.854286
631,2309,1.860733
632,2301,1.854286
633,2321,1.870403
634,2301,1.854286
635,2303,1.855897
636,2309,1.860733
637,2303,1.855897
638,2289,1.844615
639,2295,1.849451
640,2301,1.854286
641,2289,1.844615
642,2293,1.847839
643,2295,1.849451
644,2320,1.869597
645,2309,1.860733
646,2295,1.849451
647,2301,1.854286
648,2303,1.855897
649,2309,1.860733
650,2309,1.860733
651,2293,1.847839
652,2295,1.849451
653,2309,1.860733
654,2301,1.854286
655,2303,1.855897
656,2289,1.844615
657,2293,1.847839
658,2321,1.870403
659,2293,1.847839
660,2309,1.860733
661,2301,1.854286
662,2309,1.860733
663,2321,1.870403
664,2301,1.854286
665,2301,1.854286
666,2293,1.847839
667,2263,1.823663
668,2301,1.854286
669,2301,1.854286
670,2324,1.872821
671,2301,1.854286
672,2289,1.844615
673,2277,1.834945
674,2289,1.844615
675,2303,1.855897
676,2277,1.834945
677,2289,1.844615
678,2303,1.855897
679,2301,1.854286
680,2293,1.847839
681,2320,1.869597
682,2309,1.860733
683,2272,1.830916
684,2301,1.854286
685,2289,1.844615
686,2288,1.843810
687,2301,1.854286
688,2301,1.854286
689,2320,1.869597
690,2303,1.855897
691,2309,1.860733
692,2293,1.847839
693,2293,1.847839
694,2288,1.843810
695,2303,1.855897
696,2301,1.854286
697,2289,1.844615
698,2301,1.854286
699,2324,1.872821
700,2337,1.883297
701,2309,1.860733
702,2293,1.847839
703,2301,1.854286
704,2293,1.847839
705,2293,1.847839
706,2288,1.843810
707,2277,1.834945
708,2320,1.869597
709,2301,1.854286
710,2288,1.843810
711,2272,1.830916
712,2309,1.860733
713,2301,1.854286
714,2288,1.843810
715,2289,1.844615
716,2293,1.847839
717,2333,1.880073
718,2301,1.854286
719,2273,1.831722
720,2309,1.860733
721,2325,1.873626
722,2320,1.869597
723,2295,1.849451
724,2293,1.847839
725,2293,1.847839
726,2277,1.834945
727,2293,1.847839
728,2289,1.844615
729,2288,1.843810
730,2301,1.854286
731,2295,1.849451
732,2277,1.834945
733,2295,1.849451
734,2277,1.834945
735,2295,1.849451
736,2273,1.831722
737,2288,1.843810
738,2325,1.873626
739,2320,1.869597
740,2320,1.869597
741,2325,1.873626
742,2327,1.875238
743,2321,1.870403
744,2277,1.834945
745,2273,1.831722
746,2288,1.843810
747,2301,1.854286
748,2301,1.854286
749,2295,1.849451
750,2293,1.847839
751,2295,1.849451
752,2301,1.854286
753,2321,1.870403
754,2288,1.843810
755,2261,1.822051
756,2320,1.869597
757,2293,1.847839
758,2288,1.843810
759,2293,1.847839
760,2293,1.847839
761,2261,1.822051
762,2293,1.847839
763,2289,1.844615
764,2301,1.854286
765,2277,1.834945
766,2295,1.849451
767,2301,1.854286
768,2289,1.844615
769,2263,1.823663
770,2309,1.860733
771,2301,1.854286
772,2309,1.860733
773,2293,1.847839
774,2295,1.849451
775,2301,1.854286
776,2301,1.854286
777,2288,1.843810
778,2301,1.854286
779,2293,1.847839
780,2277,1.834945
781,2288,1.843810
782,2295,1.849451
783,2293,1.847839
784,2293,1.847839
785,2293,1.847839
786,2301,1.854286
787,2301,1.854286
788,2288,1.843810
789,2293,1.847839
790,2301,1.854286
791,2309,1.860733
792,2295,1.849451
793,2301,1.854286
794,2301,1.854286
795,2301,1.854286
796,2309,1.860733
797,2309,1.860733
798,2293,1.847839
799,2295,1.849451
800,2289,1.844615
801,2301,1.854286
802,2295,1.849451
803,2301,1.854286
804,2303,1.855897
805,2293,1.847839
806,2320,1.869597
807,2293,1.847839
808,2293,1.847839
809,2337,1.883297
810,2321,1.870403
811,2295,1.849451
812,2277,1.834945
813,2309,1.860733
814,2352,1.895385
815,2309,1.860733
816,2325,1.873626
817,2320,1.869597
818,2289,1.844615
819,2293,1.847839
820,2325,1.873626
821,2288,1.843810
822,2303,1.855897
823,2301,1.854286
824,2293,1.847839
825,2301,1.854286
826,2293,1.847839
827,2320,1.869597
828,2289,1.844615
829,2273,1.831722
830,2327,1.875238
831,2321,1.870403
832,2293,1.847839
833,2301,1.854286
834,2320,1.869597
835,2309,1.860733
836,2309,1.860733
837,2320,1.869597
838,2309,1.860733
839,2289,1.844615
840,2293,1.847839
841,2301,1.854286
842,2303,1.855897
843,2320,1.869597
844,2293,1.847839
845,2325,1.873626
846,2301,1.854286
847,2303,1.855897
848,2303,1.855897
849,2309,1.860733
850,2320,1.869597
851,2309,1.860733
852,2320,1.869597
853,2309,1.860733
854,2321,1.870403
855,2320,1.869597
856,2309,1.860733
857,2320,1.869597
858,2320,1.869597
859,2320,1.869597
860,2321,1.870403
861,2320,1.869597
862,2309,1.860733
863,2309,1.860733
864,2309,1.860733
865,2301,1.854286
866,2337,1.883297
867,2301,1.854286
868,2309,1.860733
869,2301,1.854286
870,2320,1.869597
871,2293,1.847839
872,2293,1.847839
873,2288,1.843810
874,2293,1.847839
875,2288,1.843810
876,2288,1.843810
877,2309,1.860733
878,2293,1.847839
879,2288,1.843810
880,2277,1.834945
881,2288,1.843810
882,2289,1.844615
883,2288,1.843810
884,2325,1.873626
885,2301,1.854286
886,2277,1.834945
887,2288,1.843810
888,2325,1.873626
889,2293,1.847839
890,2273,1.831722
891,2288,1.843810
892,2320,1.869597
893,2301,1.854286
894,2293,1.847839
895,2309,1.860733
896,2303,1.855897
897,2269,1.828498
898,2301,1.854286
899,2325,1.873626
900,2301,1.854286
901,2293,1.847839
902,2288,1.843810
903,2288,1.843810
904,2288,1.843810
905,2289,1.844615
906,2357,1.899414
907,2301,1.854286
908,2229,1.796264
909,2301,1.854286
910,2333,1.880073
911,2321,1.870403
912,2277,1.834945
913,2301,1.854286
914,2309,1.860733
915,2303,1.855897
916,2309,1.860733
917,2293,1.847839
918,2293,1.847839
919,2303,1.855897
920,2301,1.854286
921,2301,1.854286
922,2288,1.843810
923,2293,1.847839
924,2293,1.847839
925,2288,1.843810
926,2277,1.834945
927,2295,1.849451
928,2325,1.873626
929,2277,1.834945
930,2257,1.818828
931,2293,1.847839
932,2309,1.860733
933,2293,1.847839
934,2269,1.828498
935,2288,1.843810
936,2321,1.870403
937,2295,1.849451
938,2263,1.823663
939,2292,1.847033
940,2301,1.854286
941,2321,1.870403
942,2325,1.873626
943,2309,1.860733
944,2293,1.847839
945,2309,1.860733
946,2301,1.854286
947,2295,1.849451
948,2289,1.844615
949,2209,1.780147
950,2237,1.802711
951,2321,1.870403
952,2325,1.873626
953,2325,1.873626
954,2321,1.870403
955,2301,1.854286
956,2321,1.870403
957,2325,1.873626
958,2320,1.869597
959,2301,1.854286
960,2303,1.855897
961,2333,1.880073
962,2295,1.849451
963,2293,1.847839
964,2289,1.844615
965,2301,1.854286
966,2293,1.847839
967,2320,1.869597
968,2320,1.869597
969,2289,1.844615
970,2309,1.860733
971,2325,1.873626
972,2289,1.844615
973,2263,1.823663
974,2289,1.844615
975,2320,1.869597
976,2309,1.860733
977,2277,1.834945
978,2301,1.854286
979,2293,1.847839
980,2301,1.854286
981,2288,1.843810
982,2301,1.854286
983,2320,1.869597
984,2293,1.847839
985,2288,1.843810
986,2288,1.843810
987,2293,1.847839
988,2293,1.847839
989,2261,1.822051
990,2288,1.843810
991,2309,1.860733
992,2320,1.869597
993,2301,1.854286
994,2352,1.895385
995,2341,1.886520
996,2295,1.849451
997,2293,1.847839
998,2352,1.895385
999,2325,1.873626
1000,2289,1.844615
1001,2293,1.847839
1002,2263,1.823663
1003,2273,1.831722
1004,2301,1.854286
1005,2301,1.854286
1006,2309,1.860733
1007,2303,1.855897
1008,2320,1.869597
1009,2341,1.886520
1010,2320,1.869597
1011,2325,1.873626
1012,2333,1.880073
1013,2325,1.873626
1014,2352,1.895385
1015,2341,1.886520
1016,2353,1.896190
1017,2321,1.870403
1018,2289,1.844615
1019,2293,1.847839
1020,2327,1.875238
1021,2293,1.847839
1022,2277,1.834945
1023,2301,1.854286
1024,2325,1.873626
1025,2301,1.854286
1026,2289,1.844615
1027,2277,1.834945
1028,2289,1.844615
1029,2303,1.855897
1030,2320,1.869597
1031,2320,1.869597
1032,2321,1.870403
1033,2321,1.870403
1034,2320,1.869597
1035,2309,1.860733
1036,2303,1.855897
1037,2295,1.849451
1038,2303,1.855897
1039,2321,1.870403
1040,2301,1.854286
1041,2277,1.834945
1042,2277,1.834945
1043,2309,1.860733
1044,2309,1.860733
1045,2288,1.843810
1046,2295,1.849451
1047,2293,1.847839
1048,2295,1.849451
1049,2295,1.849451
1050,2288,1.843810
1051,2289,1.844615
1052,2321,1.870403
1053,2321,1.870403
1054,2321,1.870403
1055,2320,1.869597
1056,2301,1.854286
1057,2289,1.844615
1058,2289,1.844615
1059,2289,1.844615
1060,2293,1.847839
1061,2293,1.847839
1062,2301,1.854286
1063,2293,1.847839
1064,2277,1.834945
1065,2288,1.843810
1066,2293,1.847839
1067,2293,1.847839
1068,2301,1.854286
1069,2273,1.831722
1070,2320,1.869597
1071,2325,1.873626
1072,2293,1.847839
1073,2303,1.855897
1074,2303,1.855897
1075,2321,1.870403
1076,2301,1.854286
1077,2288,1.843810
1078,2288,1.843810
1079,2320,1.869597
1080,2277,1.834945
1081,2303,1.855897
1082,2309,1.860733
1083,2320,1.869597
1084,2301,1.854286
1085,2321,1.870403
1086,2309,1.860733
1087,2301,1.854286
1088,2333,1.880073
1089,2325,1.873626
1090,2301,1.854286
1091,2325,1.873626
1092,2301,1.854286
1093,2293,1.847839
1094,2289,1.844615
1095,2303,1.855897
1096,2301,1.854286
1097,2289,1.844615
1098,2301,1.854286
1099,2301,1.854286
1100,2288,1.843810
1101,2277,1.834945
1102,2288,1.843810
1103,2293,1.847839
1104,2301,1.854286
1105,2293,1.847839
1106,2301,1.854286
1107,2309,1.860733
1108,2295,1.849451
1109,2288,1.843810
1110,2301,1.854286
1111,2320,1.869597
1112,2289,1.844615
1113,2277,1.834945
1114,2303,1.855897
1115,2309,1.860733
1116,2272,1.830916
1117,2301,1.854286
1118,2321,1.870403
1119,2309,1.860733
1120,2293,1.847839
1121,2325,1.873626
1122,2309,1.860733
1123,2277,1.834945
1124,2293,1.847839
1125,2277,1.834945
1126,2273,1.831722
1127,2301,1.854286
1128,2325,1.873626
1129,2321,1.870403
1130,2321,1.870403
1131,2325,1.873626
1132,2320,1.869597
1133,2293,1.847839
1134,2289,1.844615
1135,2303,1.855897
1136,2289,1.844615
1137,2295,1.849451
1138,2321,1.870403
1139,2301,1.854286
1140,2288,1.843810
1141,2293,1.847839
1142,2301,1.854286
1143,2289,1.844615
1144,2293,1.847839
1145,2289,1.844615
1146,2289,1.844615
1147,2309,1.860733
1148,2301,1.854286
1149,2301,1.854286
1150,2277,1.834945
1151,2261,1.822051
1152,2324,1.872821
1153,2337,1.883297
1154,2289,1.844615
1155,2303,1.855897
1156,2325,1.873626
1157,2341,1.886520
1158,2325,1.873626
1159,2321,1.870403
1160,2303,1.855897
1161,2293,1.847839
1162,2293,1.847839
1163,2292,1.847033
1164,2295,1.849451
1165,2303,1.855897
1166,2303,1.855897
1167,2289,1.844615
1168,2277,1.834945
1169,2288,1.843810
1170,2245,1.809158
1171,2325,1.873626
1172,2341,1.886520
1173,2320,1.869597
1174,2301,1.854286
1175,2337,1.883297
1176,2309,1.860733
1177,2237,1.802711
1178,2289,1.844615
1179,2325,1.873626
1180,2293,1.847839
1181,2293,1.847839
1182,2288,1.843810
1183,2292,1.847033
1184,2309,1.860733
1185,2333,1.880073
1186,2321,1.870403
1187,2288,1.843810
1188,2288,1.843810
1189,2321,1.870403
1190,2289,1.844615
1191,2289,1.844615
1192,2321,1.870403
1193,2325,1.873626
1194,2320,1.869597
1195,2293,1.847839
1196,2320,1.869597
1197,2277,1.834945
1198,2273,1.831722
1199,2293,1.847839
1200,2301,1.854286
1201,2293,1.847839
1202,2293,1.847839
1203,2293,1.847839
1204,2301,1.854286
1205,2293,1.847839
1206,2303,1.855897
1207,2277,1.834945
1208,2256,1.818022
1209,2288,1.843810
1210,2293,1.847839
1211,2289,1.844615
1212,2293,1.847839
1213,2309,1.860733
1214,2353,1.896190
1215,2341,1.886520
1216,2341,1.886520
1217,2367,1.907473
1218,2367,1.907473
1219,2333,1.880073
1220,2325,1.873626
1221,2320,1.869597
1222,2321,1.870403
1223,2293,1.847839
1224,2309,1.860733
1225,2321,1.870403
1226,2301,1.854286
1227,2273,1.831722
1228,2261,1.822051
1229,2277,1.834945
1230,2301,1.854286
1231,2289,1.844615
1232,2289,1.844615
1233,2269,1.828498
1234,2277,1.834945
1235,2292,1.847033
1236,2288,1.843810
1237,2269,1.828498
1238,2273,1.831722
1239,2289,1.844615
1240,2295,1.849451
1241,2309,1.860733
1242,2272,1.830916
1243,2293,1.847839
1244,2303,1.855897
1245,2289,1.844615
1246,2277,1.834945
1247,2277,1.834945
1248,2293,1.847839
1249,2301,1.854286
1250,2257,1.818828
1251,2295,1.849451
1252,2325,1.873626
1253,2293,1.847839
1254,2289,1.844615
1255,2309,1.860733
1256,2309,1.860733
1257,2289,1.844615
1258,2256,1.818022
1259,2288,1.843810
1260,2301,1.854286
1261,2309,1.860733
1262,2257,1.818828
1263,2293,1.847839
1264,2309,1.860733
1265,2303,1.855897
1266,2277,1.834945
1267,2263,1.823663
1268,2288,1.843810
1269,2277,1.834945
1270,2269,1.828498
1271,2277,1.834945
1272,2293,1.847839
1273,2288,1.843810
1274,2293,1.847839
1275,2277,1.834945
1276,2301,1.854286
1277,2309,1.860733
1278,2277,1.834945
1279,2261,1.822051
1280,2277,1.834945
1281,2301,1.854286
1282,2288,1.843810
1283,2257,1.818828
1284,2261,1.822051
1285,2257,1.818828
1286,2261,1.822051
1287,2293,1.847839
1288,2309,1.860733
1289,2333,1.880073
1290,2325,1.873626
1291,2325,1.873626
1292,2353,1.896190
1293,2301,1.854286
1294,2277,1.834945
1295,2293,1.847839
1296,2303,1.855897
1297,2301,1.854286
1298,2277,1.834945
1299,2293,1.847839
1300,2320,1.869597
1301,2309,1.860733
1302,2309,1.860733
1303,2301,1.854286
1304,2289,1.844615
1305,2293,1.847839
1306,2320,1.869597
1307,2309,1.860733
1308,2293,1.847839
1309,2309,1.860733
1310,2303,1.855897
1311,2301,1.854286
1312,2288,1.843810
1313,2273,1.831722
1314,2288,1.843810
1315,2289,1.844615
1316,2277,1.834945
1317,2277,1.834945
1318,2303,1.855897
1319,2273,1.831722
1320,2277,1.834945
1321,2289,1.844615
1322,2277,1.834945
1323,2293,1.847839
1324,2309,1.860733
1325,2289,1.844615
1326,2293,1.847839
1327,2277,1.834945
1328,2269,1.828498
1329,2303,1.855897
1330,2261,1.822051
1331,2263,1.823663
1332,2277,1.834945
1333,2277,1.834945
1334,2277,1.834945
1335,2261,1.822051
1336,2272,1.830916
1337,2269,1.828498
1338,2277,1.834945
1339,2261,1.822051
1340,2272,1.830916
1341,2273,1.831722
1342,2261,1.822051
1343,2269,1.828498
1344,2261,1.822051
1345,2293,1.847839
1346,2288,1.843810
1347,2289,1.844615
1348,2309,1.860733
1349,2289,1.844615
1350,2289,1.844615
1351,2269,1.828498
1352,2237,1.802711
1353,2245,1.809158
1354,2301,1.854286
1355,2295,1.849451
1356,2261,1.822051
1357,2261,1.822051
1358,2288,1.843810
1359,2261,1.822051
1360,2273,1.831722
1361,2273,1.831722
1362,2277,1.834945
1363,2277,1.834945
1364,2263,1.823663
1365,2263,1.823663
1366,2263,1.823663
1367,2260,1.821245
1368,2261,1.822051
1369,2263,1.823663
1370,2269,1.828498
1371,2273,1.831722
1372,2269,1.828498
1373,2277,1.834945
1374,2277,1.834945
1375,2256,1.818022
1376,2261,1.822051
1377,2295,1.849451
1378,2301,1.854286
1379,2289,1.844615
1380,2277,1.834945
1381,2289,1.844615
1382,2277,1.834945
1383,2261,1.822051
1384,2247,1.810769
1385,2261,1.822051
1386,2289,1.844615
1387,2277,1.834945
1388,2261,1.822051
1389,2261,1.822051
1390,2273,1.831722
1391,2237,1.802711
1392,2256,1.818022
1393,2241,1.805934
1394,2263,1.823663
1395,2263,1.823663
1396,2269,1.828498
1397,2256,1.818022
1398,2273,1.831722
1399,2237,1.802711
1400,2237,1.802711
1401,2256,1.818022
1402,2263,1.823663
1403,2261,1.822051
1404,2277,1.834945
1405,2256,1.818022
1406,2261,1.822051
1407,2260,1.821245
1408,2245,1.809158
1409,2237,1.802711
1410,2301,1.854286
1411,2289,1.844615
1412,2261,1.822051
1413,2237,1.802711
1414,2257,1.818828
1415,2277,1.834945
1416,2261,1.822051
1417,2229,1.796264
1418,2231,1.797875
1419,2256,1.818022
1420,2257,1.818828
1421,2256,1.818022
1422,2245,1.809158
1423,2237,1.802711
1424,2245,1.809158
1425,2237,1.802711
1426,2245,1.809158
1427,2237,1.802711
1428,2229,1.796264
1429,2213,1.783370
1430,2256,1.818022
1431,2237,1.802711
1432,2277,1.834945
1433,2245,1.809158
1434,2237,1.802711
1435,2237,1.802711
1436,2257,1.818828
1437,2269,1.828498
1438,2245,1.809158
1439,2229,1.796264
1440,2229,1.796264
1441,2245,1.809158
1442,2261,1.822051
1443,2245,1.809158
1444,2205,1.776923
1445,2237,1.802711
1446,2269,1.828498
1447,2245,1.809158
1448,2213,1.783370
1449,2229,1.796264
1450,2245,1.809158
1451,2237,1.802711
1452,2229,1.796264
1453,2224,1.792234
1454,2224,1.792234
1455,2237,1.802711
1456,2229,1.796264
1457,2224,1.792234
1458,2237,1.802711
1459,2229,1.796264
1460,2231,1.797875
1461,2225,1.793040
1462,2229,1.796264
1463,2231,1.797875
1464,2213,1.783370
1465,2213,1.783370
1466,2229,1.796264
1467,2277,1.834945
1468,2256,1.818022
1469,2213,1.783370
1470,2229,1.796264
1471,2237,1.802711
1472,2245,1.809158
1473,2237,1.802711
1474,2213,1.783370
1475,2199,1.772088
1476,2241,1.805934
1477,2229,1.796264
1478,2224,1.792234
1479,2237,1.802711
1480,2229,1.796264
1481,2213,1.783370
1482,2229,1.796264
1483,2225,1.793040
1484,2229,1.796264
1485,2213,1.783370
1486,2213,1.783370
1487,2213,1.783370
1488,2225,1.793040
1489,2225,1.793040
1490,2225,1.793040
1491,2213,1.783370
1492,2224,1.792234
1493,2205,1.776923
1494,2205,1.776923
1495,2205,1.776923
1496,2209,1.780147
1497,2205,1.776923
1498,2197,1.770476
1499,2192,1.766447
1500,2213,1.783370
1501,2197,1.770476
1502,2197,1.770476
1503,2197,1.770476
1504,2213,1.783370
1505,2213,1.783370
1506,2197,1.770476
1507,2205,1.776923
1508,2197,1.770476
1509,2193,1.767253
1510,2181,1.757582
1511,2193,1.767253
1512,2193,1.767253
1513,2175,1.752747
1514,2181,1.757582
1515,2181,1.757582
1516,2181,1.757582
1517,2173,1.751136
1518,2173,1.751136
1519,2181,1.757582
1520,2181,1.757582
1521,2181,1.757582
1522,2167,1.746300
1523,2165,1.744689
1524,2165,1.744689
1525,2160,1.740659
1526,2175,1.752747
1527,2173,1.751136
1528,2193,1.767253
1529,2192,1.766447
1530,2181,1.757582
1531,2173,1.751136
1532,2192,1.766447
1533,2192,1.766447
1534,2181,1.757582
1535,2161,1.741465
1536,2173,1.751136
1537,2161,1.741465
1538,2167,1.746300
1539,2165,1.744689
1540,2149,1.731795
1541,2165,1.744689
1542,2145,1.728571
1543,2133,1.718901
1544,2145,1.728571
1545,2145,1.728571
1546,2160,1.740659
1547,2145,1.728571
1548,2129,1.715678
1549,2160,1.740659
1550,2149,1.731795
1551,2161,1.741465
1552,2133,1.718901
1553,2133,1.718901
1554,2149,1.731795
1555,2133,1.718901
1556,2141,1.725348
1557,2111,1.701172
1558,2109,1.699560
1559,2133,1.718901
1560,2133,1.718901
1561,2133,1.718901
1562,2133,1.718901
1563,2149,1.731795
1564,2149,1.731795
1565,2128,1.714872
1566,2129,1.715678
1567,2128,1.714872
1568,2109,1.699560
1569,2119,1.707619
1570,2109,1.699560
1571,2129,1.715678
1572,2129,1.715678
1573,2128,1.714872
1574,2128,1.714872
1575,2145,1.728571
1576,2129,1.715678
1577,2117,1.706007
1578,2109,1.699560
1579,2103,1.694725
1580,2141,1.725348
1581,2128,1.714872
1582,2117,1.706007
1583,2117,1.706007
1584,2128,1.714872
1585,2109,1.699560
1586,2128,1.714872
1587,2111,1.701172
1588,2101,1.693114
1589,2128,1.714872
1590,2117,1.706007
1591,2129,1.715678
1592,2128,1.714872
1593,2111,1.701172
1594,2109,1.699560
1595,2101,1.693114
1596,2096,1.689084
1597,2085,1.680220
1598,2085,1.680220
1599,2081,1.676996
1600,2085,1.680220
1601,2096,1.689084
1602,2111,1.701172
1603,2085,1.680220
1604,2065,1.664103
1605,2064,1.663297
1606,2069,1.667326
1607,2081,1.676996
1608,2065,1.664103
1609,2032,1.637509
1610,2065,1.664103
1611,2077,1.673773
1612,2097,1.689890
1613,2097,1.689890
1614,2119,1.707619
1615,2119,1.707619
1616,2077,1.673773
1617,2045,1.647985
1618,2033,1.638315
1619,2039,1.643150
1620,2032,1.637509
1621,2021,1.628645
1622,2055,1.656044
1623,2049,1.651209
1624,2064,1.663297
1625,2039,1.643150
1626,2033,1.638315
1627,2021,1.628645
1628,2039,1.643150
1629,2049,1.651209
1630,2049,1.651209
1631,2032,1.637509
1632,2017,1.625421
1633,2069,1.667326
1634,2039,1.643150
1635,2021,1.628645
1636,2033,1.638315
1637,2069,1.667326
1638,2097,1.689890
1639,2081,1.676996
1640,2109,1.699560
1641,2085,1.680220
1642,2064,1.663297
1643,2021,1.628645
1644,2017,1.625421
1645,2032,1.637509
1646,2037,1.641538
1647,2037,1.641538
1648,2013,1.622198
1649,1989,1.602857
1650,1989,1.602857
1651,2005,1.615751
1652,2001,1.612527
1653,2004,1.614945
1654,1991,1.604469
1655,2000,1.611722
1656,2000,1.611722
1657,2001,1.612527
1658,2005,1.615751
1659,1989,1.602857
1660,1989,1.602857
1661,1981,1.596410
1662,1985,1.599634
1663,1989,1.602857
1664,1985,1.599634
1665,1981,1.596410
1666,1969,1.586740
1667,1973,1.589963
1668,1957,1.577070
1669,1985,1.599634
1670,1981,1.596410
1671,1969,1.586740
1672,1969,1.586740
1673,1973,1.589963
1674,1973,1.589963
1675,1981,1.596410
1676,1973,1.589963
1677,1953,1.573846
1678,1957,1.577070
1679,1953,1.573846
1680,1943,1.565788
1681,1949,1.570623
1682,1949,1.570623
1683,1941,1.564176
1684,1957,1.577070
1685,1953,1.573846
1686,1959,1.578681
1687,1953,1.573846
1688,1959,1.578681
1689,1949,1.570623
1690,1949,1.570623
1691,1949,1.570623
1692,1957,1.577070
1693,1925,1.551282
1694,1921,1.548059
1695,1937,1.560952
1696,1925,1.551282
1697,1909,1.538388
1698,1921,1.548059
1699,1917,1.544835
1700,1917,1.544835
1701,1927,1.552894
1702,1917,1.544835
1703,1905,1.535165
1704,1904,1.534359
1705,1909,1.538388
1706,1927,1.552894
1707,1905,1.535165
1708,1904,1.534359
1709,1905,1.535165
1710,1905,1.535165
1711,1909,1.538388
1712,1893,1.525495
1713,1905,1.535165
1714,1893,1.525495
1715,1905,1.535165
1716,1904,1.534359
1717,1904,1.534359
1718,1889,1.522271
1719,1861,1.499707
1720,1869,1.506154
1721,1877,1.512601
1722,1877,1.512601
1723,1872,1.508571
1724,1861,1.499707
1725,1853,1.493260
1726,1861,1.499707
1727,1872,1.508571
1728,1873,1.509377
1729,1873,1.509377
1730,1872,1.508571
1731,1861,1.499707
1732,1853,1.493260
1733,1853,1.493260
1734,1861,1.499707
1735,1873,1.509377
1736,1885,1.519048
1737,1853,1.493260
1738,1841,1.483590
1739,1829,1.473919
1740,1840,1.482784
1741,1853,1.493260
1742,1840,1.482784
1743,1829,1.473919
1744,1841,1.483590
1745,1829,1.473919
1746,1829,1.473919
1747,1825,1.470696
1748,1813,1.461026
1749,1797,1.448132
1750,1820,1.466667
1751,1821,1.467473
1752,1813,1.461026
1753,1808,1.456996
1754,1809,1.457802
1755,1809,1.457802
1756,1809,1.457802
1757,1808,1.456996
1758,1809,1.457802
1759,1821,1.467473
1760,1809,1.457802
1761,1797,1.448132
1762,1783,1.436850
1763,1808,1.456996
1764,1808,1.456996
1765,1793,1.444908
1766,1776,1.431209
1767,1776,1.431209
1768,1789,1.441685
1769,1792,1.444103
1770,1777,1.432015
1771,1797,1.448132
1772,1777,1.432015
1773,1776,1.431209
1774,1777,1.432015
1775,1783,1.436850
1776,1776,1.431209
1777,1767,1.423956
1778,1745,1.406227
1779,1760,1.418315
1780,1781,1.435238
1781,1765,1.422344
1782,1753,1.412674
1783,1757,1.415897
1784,1757,1.415897
1785,1744,1.405421
1786,1745,1.406227
1787,1749,1.409451
1788,1765,1.422344
1789,1751,1.411062
1790,1745,1.406227
1791,1744,1.405421
1792,1744,1.405421
1793,1748,1.408645
1794,1733,1.396557
1795,1735,1.398168
1796,1745,1.406227
1797,1725,1.390110
1798,1717,1.383663
1799,1725,1.390110
1800,1712,1.379634
1801,1725,1.390110
1802,1725,1.390110
1803,1703,1.372381
1804,1708,1.376410
1805,1712,1.379634
1806,1725,1.390110
1807,1744,1.405421
1808,1719,1.385275
1809,1712,1.379634
1810,1719,1.385275
1811,1725,1.390110
1812,1725,1.390110
1813,1701,1.370769
1814,1697,1.367546
1815,1701,1.370769
1816,1697,1.367546
1817,1685,1.357875
1818,1693,1.364322
1819,1689,1.361099
1820,1693,1.364322
1821,1685,1.357875
1822,1681,1.354652
1823,1681,1.354652
1824,1685,1.357875
1825,1685,1.357875
1826,1681,1.354652
1827,1680,1.353846
1828,1668,1.344176
1829,1681,1.354652
1830,1685,1.357875
1831,1681,1.354652
1832,1680,1.353846
1833,1680,1.353846
1834,1661,1.338535
1835,1669,1.344982
1836,1671,1.346593
1837,1669,1.344982
1838,1680,1.353846
1839,1661,1.338535
1840,1669,1.344982
1841,1681,1.354652
1842,1669,1.344982
1843,1653,1.332088
1844,1649,1.328864
1845,1661,1.338535
1846,1649,1.328864
1847,1661,1.338535
1848,1655,1.333700
1849,1653,1.332088
1850,1661,1.338535
1851,1661,1.338535
1852,1653,1.332088
1853,1653,1.332088
1854,1657,1.335311
1855,1661,1.338535
1856,1661,1.338535
1857,1653,1.332088
1858,1661,1.338535
1859,1653,1.332088
1860,1648,1.328059
1861,1653,1.332088
1862,1655,1.333700
1863,1653,1.332088
1864,1653,1.332088
1865,1649,1.328864
1866,1653,1.332088
1867,1653,1.332088
1868,1648,1.328059
1869,1649,1.328864
1870,1653,1.332088
1871,1648,1.328059
1872,1655,1.333700
1873,1663,1.340147
1874,1661,1.338535
1875,1653,1.332088
1876,1661,1.338535
1877,1661,1.338535
1878,1661,1.338535
1879,1661,1.338535
1880,1655,1.333700
1881,1661,1.338535
1882,1661,1.338535
1883,1661,1.338535
1884,1652,1.331282
1885,1661,1.338535
1886,1655,1.333700
1887,1653,1.332088
1888,1661,1.338535
1889,1655,1.333700
1890,1661,1.338535
1891,1657,1.335311
1892,1657,1.335311
1893,1661,1.338535
1894,1661,1.338535
1895,1661,1.338535
1896,1661,1.338535
1897,1661,1.338535
1898,1661,1.338535
1899,1661,1.338535
1900,1663,1.340147
1901,1661,1.338535
1902,1661,1.338535
1903,1663,1.340147
1904,1669,1.344982
1905,1680,1.353846
1906,1685,1.357875
1907,1681,1.354652
1908,1692,1.363516
1909,1689,1.361099
1910,1697,1.367546
1911,1697,1.367546
1912,1701,1.370769
1913,1701,1.370769
1914,1712,1.379634
1915,1712,1.379634
1916,1713,1.380440
1917,1712,1.379634
1918,1717,1.383663
1919,1717,1.383663
1920,1725,1.390110
1921,1735,1.398168
1922,1733,1.396557
1923,1729,1.393333
1924,1733,1.396557
1925,1735,1.398168
1926,1733,1.396557
1927,1733,1.396557
1928,1744,1.405421
1929,1735,1.398168
1930,1733,1.396557
1931,1744,1.405421
1932,1745,1.406227
1933,1733,1.396557
1934,1735,1.398168
1935,1744,1.405421
1936,1745,1.406227
1937,1733,1.396557
1938,1733,1.396557
1939,1745,1.406227
1940,1733,1.396557
1941,1733,1.396557
1942,1745,1.406227
1943,1735,1.398168
1944,1733,1.396557
1945,1744,1.405421
1946,1749,1.409451
1947,1735,1.398168
1948,1744,1.405421
1949,1745,1.406227
1950,1744,1.405421
1951,1744,1.405421
1952,1744,1.405421
1953,1733,1.396557
1954,1744,1.405421
1955,1749,1.409451
1956,1744,1.405421
1957,1744,1.405421
1958,1735,1.398168
1959,1744,1.405421
1960,1744,1.405421
1961,1733,1.396557
1962,1744,1.405421
1963,1733,1.396557
1964,1733,1.396557
1965,1729,1.393333
1966,1729,1.393333
1967,1744,1.405421
1968,1744,1.405421
1969,1733,1.396557
1970,1733,1.396557
1971,1725,1.390110
1972,1735,1.398168
1973,1733,1.396557
1974,1744,1.405421
1975,1733,1.396557
1976,1735,1.398168
1977,1729,1.393333
1978,1729,1.393333
1979,1729,1.393333
1980,1732,1.395751
1981,1725,1.390110
1982,1733,1.396557
1983,1733,1.396557
1984,1733,1.396557
1985,1735,1.398168
1986,1744,1.405421
1987,1733,1.396557
1988,1744,1.405421
1989,1735,1.398168
1990,1725,1.390110
1991,1732,1.395751
1992,1732,1.395751
1993,1725,1.390110
1994,1733,1.396557
1995,1725,1.390110
1996,1725,1.390110
1997,1727,1.391722
1998,1729,1.393333
1999,1725,1.390110
2000,1733,1.396557
2001,1729,1.393333
2002,1725,1.390110
2003,1729,1.393333
2004,1733,1.396557
2005,1725,1.390110
2006,1733,1.396557
2007,1729,1.393333
2008,1717,1.383663
2009,1725,1.390110
2010,1725,1.390110
2011,1725,1.390110
2012,1713,1.380440
2013,1717,1.383663
2014,1717,1.383663
2015,1717,1.383663
2016,1713,1.380440
2017,1717,1.383663
2018,1712,1.379634
2019,1717,1.383663
2020,1712,1.379634
2021,1717,1.383663
2022,1713,1.380440
2023,1717,1.383663
2024,1717,1.383663
2025,1713,1.380440
2026,1719,1.385275
2027,1717,1.383663
2028,1717,1.383663
2029,1713,1.380440
2030,1713,1.380440
2031,1713,1.380440
2032,1717,1.383663
2033,1713,1.380440
2034,1712,1.379634
2035,1713,1.380440
2036,1713,1.380440
2037,1713,1.380440
2038,1712,1.379634
2039,1703,1.372381
2040,1712,1.379634
2041,1703,1.372381
2042,1701,1.370769
2043,1701,1.370769
2044,1712,1.379634
2045,1701,1.370769
2046,1701,1.370769
2047,1701,1.370769
2048,1697,1.367546
2049,1712,1.379634
2050,1717,1.383663
2051,1693,1.364322
2052,1713,1.380440
2053,1708,1.376410
2054,1713,1.380440
2055,1712,1.379634
2056,1717,1.383663
2057,1713,1.380440
2058,1712,1.379634
2059,1716,1.382857
2060,1717,1.383663
2061,1703,1.372381
2062,1716,1.382857
2063,1717,1.383663
2064,1713,1.380440
2065,1717,1.383663
2066,1717,1.383663
2067,1713,1.380440
2068,1725,1.390110
2069,1733,1.396557
2070,1733,1.396557
2071,1733,1.396557
2072,1745,1.406227
2073,1745,1.406227
2074,1741,1.403004
2075,1733,1.396557
2076,1744,1.405421
2077,1748,1.408645
2078,1749,1.409451
2079,1751,1.411062
2080,1749,1.409451
2081,1749,1.409451
2082,1757,1.415897
2083,1757,1.415897
2084,1767,1.423956
2085,1777,1.432015
2086,1765,1.422344
2087,1781,1.435238
2088,1781,1.435238
2089,1789,1.441685
2090,1789,1.441685
2091,1789,1.441685
2092,1809,1.457802
2093,1821,1.467473
2094,1821,1.467473
2095,1825,1.470696
2096,1840,1.482784
2097,1829,1.473919
2098,1821,1.467473
2099,1840,1.482784
2100,1840,1.482784
2101,1845,1.486813
2102,1841,1.483590
2103,1845,1.486813
2104,1861,1.499707
2105,1872,1.508571
2106,1872,1.508571
2107,1872,1.508571
2108,1885,1.519048
2109,1877,1.512601
2110,1904,1.534359
2111,1905,1.535165
2112,1893,1.525495
2113,1909,1.538388
2114,1921,1.548059
2115,1925,1.551282
2116,1937,1.560952
2117,1941,1.564176
2118,1949,1.570623
2119,1949,1.570623
2120,1943,1.565788
2121,1953,1.573846
2122,1957,1.577070
2123,1969,1.586740
2124,1981,1.596410
2125,1991,1.604469
2126,1973,1.589963
2127,1981,1.596410
2128,2001,1.612527
2129,2005,1.615751
2130,2001,1.612527
2131,2005,1.615751
2132,2021,1.628645
2133,2021,1.628645
2134,2032,1.637509
2135,2021,1.628645
2136,2037,1.641538
2137,2049,1.651209
2138,2069,1.667326
2139,2064,1.663297
2140,2064,1.663297
2141,2053,1.654432
2142,2065,1.664103
2143,2081,1.676996
2144,2085,1.680220
2145,2085,1.680220
2146,2077,1.673773
2147,2096,1.689084
2148,2101,1.693114
2149,2101,1.693114
2150,2109,1.699560
2151,2129,1.715678
2152,2133,1.718901
2153,2117,1.706007
2154,2129,1.715678
2155,2141,1.725348
2156,2141,1.725348
2157,2149,1.731795
2158,2160,1.740659
2159,2165,1.744689
2160,2167,1.746300
2161,2181,1.757582
2162,2165,1.744689
2163,2173,1.751136
2164,2175,1.752747
2165,2173,1.751136
2166,2181,1.757582
2167,2192,1.766447
2168,2192,1.766447
2169,2197,1.770476
2170,2215,1.784982
2171,2213,1.783370
2172,2205,1.776923
2173,2213,1.783370
2174,2245,1.809158
2175,2229,1.796264
2176,2229,1.796264
2177,2245,1.809158
2178,2257,1.818828
2179,2229,1.796264
2180,2257,1.818828
2181,2256,1.818022
2182,2273,1.831722
2183,2261,1.822051
2184,2257,1.818828
2185,2261,1.822051
2186,2277,1.834945
2187,2288,1.843810
2188,2277,1.834945
2189,2277,1.834945
2190,2288,1.843810
2191,2295,1.849451
2192,2293,1.847839
2193,2301,1.854286
2194,2293,1.847839
2195,2293,1.847839
2196,2301,1.854286
2197,2293,1.847839
2198,2303,1.855897
2199,2289,1.844615
2200,2295,1.849451
2201,2301,1.854286
2202,2301,1.854286
2203,2303,1.855897
2204,2320,1.869597
2205,2321,1.870403
2206,2321,1.870403
2207,2321,1.870403
2208,2320,1.869597
2209,2309,1.860733
2210,2320,1.869597
2211,2320,1.869597
2212,2320,1.869597
2213,2325,1.873626
2214,2333,1.880073
2215,2320,1.869597
2216,2327,1.875238
2217,2325,1.873626
2218,2325,1.873626
2219,2325,1.873626
2220,2325,1.873626
2221,2341,1.886520
2222,2337,1.883297
2223,2325,1.873626
2224,2325,1.873626
2225,2325,1.873626
2226,2325,1.873626
2227,2303,1.855897
2228,2320,1.869597
2229,2301,1.854286
2230,2303,1.855897
2231,2303,1.855897
2232,2301,1.854286
2233,2321,1.870403
2234,2289,1.844615
2235,2277,1.834945
2236,2289,1.844615
2237,2289,1.844615
2238,2273,1.831722
2239,2288,1.843810
2240,2288,1.843810
2241,2261,1.822051
2242,2269,1.828498
2243,2273,1.831722
2244,2261,1.822051
2245,2245,1.809158
2246,2245,1.809158
2247,2229,1.796264
2248,2224,1.792234
2249,2225,1.793040
2250,2197,1.770476
2251,2197,1.770476
2252,2181,1.757582
2253,2181,1.757582
2254,2177,1.754359
2255,2133,1.718901
2256,2145,1.728571
2257,2129,1.715678
2258,2117,1.706007
2259,2103,1.694725
2260,2085,1.680220
2261,2069,1.667326
2262,2053,1.654432
2263,2037,1.641538
2264,2037,1.641538
2265,2005,1.615751
2266,1991,1.604469
2267,1973,1.589963
2268,1968,1.585934
2269,1940,1.563370
2270,1936,1.560147
2271,1905,1.535165
2272,1904,1.534359
2273,1877,1.512601
2274,1861,1.499707
2275,1853,1.493260
2276,1840,1.482784
2277,1809,1.457802
2278,1808,1.456996
2279,1797,1.448132
2280,1777,1.432015
2281,1757,1.415897
2282,1745,1.406227
2283,1735,1.398168
2284,1717,1.383663
2285,1701,1.370769
2286,1693,1.364322
2287,1687,1.359487
2288,1685,1.357875
2289,1661,1.338535
2290,1653,1.332088
2291,1649,1.328864
2292,1648,1.328059
2293,1633,1.315971
2294,1629,1.312747
2295,1616,1.302271
2296,1616,1.302271
2297,1605,1.293407
2298,1597,1.286960
2299,1589,1.280513
2300,1589,1.280513
2301,1584,1.276484
2302,1584,1.276484
2303,1572,1.266813
2304,1565,1.261172
2305,1559,1.256337
2306,1561,1.257949
2307,1557,1.254725
2308,1557,1.254725
2309,1553,1.251502
2310,1553,1.251502
2311,1543,1.243443
2312,1541,1.241832
2313,1537,1.238608
2314,1536,1.237802
2315,1525,1.228938
2316,1525,1.228938
2317,1521,1.225714
2318,1520,1.224908
2319,1520,1.224908
2320,1520,1.224908
2321,1511,1.217656
2322,1509,1.216044
2323,1509,1.216044
2324,1509,1.216044
2325,1509,1.216044
2326,1505,1.212821
2327,1505,1.212821
2328,1505,1.212821
2329,1505,1.212821
2330,1501,1.209597
2331,1501,1.209597
2332,1501,1.209597
2333,1501,1.209597
2334,1497,1.206374
2335,1497,1.206374
2336,1495,1.204762
2337,1495,1.204762
2338,1493,1.203150
2339,1493,1.203150
2340,1493,1.203150
2341,1493,1.203150
2342,1493,1.203150
2343,1493,1.203150
2344,1493,1.203150
2345,1493,1.203150
2346,1493,1.203150
2347,1493,1.203150
2348,1495,1.204762
2349,1495,1.204762
2350,1501,1.209597
2351,1504,1.212015
2352,1505,1.212821
2353,1509,1.216044
2354,1520,1.224908
2355,1521,1.225714
2356,1529,1.232161
2357,1541,1.241832
2358,1553,1.251502
2359,1557,1.254725
2360,1553,1.251502
2361,1553,1.251502
2362,1552,1.250696
2363,1553,1.251502
2364,1553,1.251502
2365,1557,1.254725
2366,1559,1.256337
2367,1565,1.261172
2368,1584,1.276484
2369,1589,1.280513
2370,1597,1.286960
2371,1605,1.293407
2372,1617,1.303077
2373,1623,1.307912
2374,1637,1.319194
2375,1648,1.328059
2376,1648,1.328059
2377,1649,1.328864
2378,1661,1.338535
2379,1680,1.353846
2380,1685,1.357875
2381,1701,1.370769
2382,1717,1.383663
2383,1744,1.405421
2384,1761,1.419121
2385,1789,1.441685
2386,1797,1.448132
2387,1821,1.467473
2388,1853,1.493260
2389,1855,1.494872
2390,1885,1.519048
2391,1941,1.564176
2392,2005,1.615751
2393,2005,1.615751
2394,2045,1.647985
2395,2064,1.663297
2396,2069,1.667326
2397,2128,1.714872
2398,2097,1.689890
2399,2109,1.699560
2400,2101,1.693114
2401,2135,1.720513
2402,2165,1.744689
2403,2197,1.770476
2404,2225,1.793040
2405,2213,1.783370
2406,2256,1.818022
2407,2295,1.849451
2408,2293,1.847839
2409,2289,1.844615
2410,2341,1.886520
2411,2365,1.905861
2412,2365,1.905861
2413,2385,1.921978
2414,2401,1.934872
2415,2421,1.950989
2416,2437,1.963883
2417,2437,1.963883
2418,2453,1.976777
2419,2480,1.998535
2420,2487,2.004176
2421,2512,2.024322
2422,2533,2.041245
2423,2529,2.038022
2424,2549,2.054139
2425,2565,2.067033
2426,2565,2.067033
2427,2577,2.076703
2428,2608,2.101685
2429,2597,2.092821
2430,2629,2.118608
2431,2629,2.118608
2432,2645,2.131502
2433,2641,2.128278
2434,2640,2.127473
2435,2661,2.144396
2436,2672,2.153260
2437,2685,2.163736
2438,2704,2.179048
2439,2685,2.163736
2440,2705,2.179853
2441,2709,2.183077
2442,2725,2.195971
2443,2709,2.183077
2444,2737,2.205641
2445,2737,2.205641
2446,2737,2.205641
2447,2736,2.204835
2448,2741,2.208864
2449,2743,2.210476
2450,2741,2.208864
2451,2757,2.221758
2452,2757,2.221758
2453,2773,2.234652
2454,2775,2.236264
2455,2769,2.231429
2456,2789,2.247546
2457,2785,2.244322
2458,2785,2.244322
2459,2800,2.256410
2460,2800,2.256410
2461,2801,2.257216
2462,2805,2.260440
2463,2800,2.256410
2464,2816,2.269304
2465,2805,2.260440
2466,2817,2.270110
2467,2817,2.270110
2468,2832,2.282198
2469,2817,2.270110
2470,2817,2.270110
2471,2837,2.286227
2472,2837,2.286227
2473,2832,2.282198
2474,2833,2.283004
2475,2837,2.286227
2476,2837,2.286227
2477,2853,2.299121
2478,2837,2.286227
2479,2837,2.286227
2480,2845,2.292674
2481,2849,2.295897
2482,2865,2.308791
2483,2864,2.307985
2484,2864,2.307985
2485,2864,2.307985
2486,2853,2.299121
2487,2865,2.308791
2488,2869,2.312015
2489,2853,2.299121
2490,2879,2.320073
2491,2868,2.311209
2492,2877,2.318462
2493,2877,2.318462
2494,2869,2.312015
2495,2877,2.318462
2496,2864,2.307985
2497,2865,2.308791
2498,2871,2.313626
2499,2869,2.312015
2500,2877,2.318462
2501,2869,2.312015
2502,2871,2.313626
2503,2869,2.312015
2504,2877,2.318462
2505,2879,2.320073
2506,2869,2.312015
2507,2877,2.318462
2508,2869,2.312015
2509,2877,2.318462
2510,2877,2.318462
2511,2877,2.318462
2512,2896,2.333773
2513,2885,2.324908
2514,2869,2.312015
2515,2869,2.312015
2516,2885,2.324908
2517,2885,2.324908
2518,2885,2.324908
2519,2879,2.320073
2520,2877,2.318462
2521,2877,2.318462
2522,2877,2.318462
2523,2877,2.318462
2524,2877,2.318462
2525,2896,2.333773
2526,2877,2.318462
2527,2896,2.333773
2528,2897,2.334579
2529,2896,2.333773
2530,2896,2.333773
2531,2901,2.337802
2532,2897,2.334579
2533,2896,2.333773
2534,2885,2.324908
2535,2901,2.337802
2536,2896,2.333773
2537,2896,2.333773
2538,2879,2.320073
2539,2879,2.320073
2540,2885,2.324908
2541,2897,2.334579
2542,2897,2.334579
2543,2885,2.324908
2544,2896,2.333773
2545,2896,2.333773
2546,2885,2.324908
2547,2901,2.337802
2548,2896,2.333773
2549,2897,2.334579
2550,2885,2.324908
2551,2897,2.334579
2552,2885,2.324908
2553,2885,2.324908
2554,2896,2.333773
2555,2897,2.334579
2556,2896,2.333773
2557,2897,2.334579
2558,2896,2.333773
2559,2897,2.334579
2560,2897,2.334579
2561,2897,2.334579
2562,2877,2.318462
2563,2896,2.333773
2564,2901,2.337802
2565,2901,2.337802
2566,2901,2.337802
2567,2901,2.337802
2568,2877,2.318462
2569,2877,2.318462
2570,2896,2.333773
2571,2896,2.333773
2572,2877,2.318462
2573,2897,2.334579
2574,2901,2.337802
2575,2896,2.333773
2576,2901,2.337802
2577,2896,2.333773
2578,2897,2.334579
2579,2901,2.337802
2580,2896,2.333773
2581,2896,2.333773
2582,2901,2.337802
2583,2896,2.333773
2584,2896,2.333773
2585,2869,2.312015
2586,2897,2.334579
2587,2896,2.333773
2588,2901,2.337802
2589,2897,2.334579
2590,2897,2.334579
2591,2896,2.333773
2592,2877,2.318462
2593,2897,2.334579
2594,2901,2.337802
2595,2901,2.337802
2596,2896,2.333773
2597,2901,2.337802
2598,2897,2.334579
2599,2901,2.337802
2600,2901,2.337802
2601,2885,2.324908
2602,2901,2.337802
2603,2897,2.334579
2604,2901,2.337802
2605,2901,2.337802
2606,2901,2.337802
2607,2896,2.333773
2608,2901,2.337802
2609,2896,2.333773
2610,2901,2.337802
2611,2901,2.337802
2612,2896,2.333773
2613,2896,2.333773
2614,2897,2.334579
2615,2901,2.337802
2616,2897,2.334579
2617,2896,2.333773
2618,2901,2.337802
2619,2896,2.333773
2620,2901,2.337802
2621,2901,2.337802
2622,2877,2.318462
2623,2901,2.337802
2624,2885,2.324908
2625,2901,2.337802
2626,2896,2.333773
2627,2896,2.333773
2628,2896,2.333773
2629,2901,2.337802
2630,2897,2.334579
2631,2901,2.337802
2632,2901,2.337802
2633,2896,2.333773
2634,2885,2.324908
2635,2896,2.333773
2636,2897,2.334579
2637,2897,2.334579
2638,2896,2.333773
2639,2897,2.334579
2640,2901,2.337802
2641,2896,2.333773
2642,2896,2.333773
2643,2896,2.333773
2644,2897,2.334579
2645,2896,2.333773
2646,2897,2.334579
2647,2877,2.318462
2648,2896,2.333773
2649,2901,2.337802
2650,2896,2.333773
2651,2901,2.337802
2652,2901,2.337802
2653,2897,2.334579
2654,2896,2.333773
2655,2896,2.333773
2656,2901,2.337802
2657,2901,2.337802
2658,2901,2.337802
2659,2897,2.334579
2660,2901,2.337802
2661,2901,2.337802
2662,2896,2.333773
2663,2900,2.336996
2664,2897,2.334579
2665,2901,2.337802
2666,2897,2.334579
2667,2896,2.333773
2668,2901,2.337802
2669,2901,2.337802
2670,2897,2.334579
2671,2885,2.324908
2672,2897,2.334579
2673,2897,2.334579
2674,2901,2.337802
2675,2901,2.337802
2676,2896,2.333773
2677,2896,2.333773
2678,2896,2.333773
2679,2897,2.334579
2680,2901,2.337802
2681,2901,2.337802
2682,2877,2.318462
2683,2896,2.333773
2684,2901,2.337802
2685,2897,2.334579
2686,2901,2.337802
2687,2897,2.334579
2688,2897,2.334579
2689,2896,2.333773
2690,2897,2.334579
2691,2879,2.320073
2692,2896,2.333773
2693,2897,2.334579
2694,2897,2.334579
2695,2901,2.337802
2696,2901,2.337802
2697,2896,2.333773
2698,2897,2.334579
2699,2896,2.333773
2700,2901,2.337802
2701,2897,2.334579
2702,2896,2.333773
2703,2897,2.334579
2704,2901,2.337802
2705,2896,2.333773
2706,2896,2.333773
2707,2901,2.337802
2708,2897,2.334579
2709,2877,2.318462
2710,2885,2.324908
2711,2896,2.333773
2712,2913,2.347473
2713,2901,2.337802
2714,2897,2.334579
2715,2901,2.337802
2716,2896,2.333773
2717,2901,2.337802
2718,2897,2.334579
2719,2885,2.324908
2720,2896,2.333773
2721,2896,2.333773
2722,2896,2.333773
2723,2896,2.333773
2724,2897,2.334579
2725,2897,2.334579
2726,2901,2.337802
2727,2901,2.337802
2728,2896,2.333773
2729,2901,2.337802
2730,2897,2.334579
2731,2885,2.324908
2732,2900,2.336996
2733,2896,2.333773
2734,2897,2.334579
2735,2896,2.333773
2736,2901,2.337802
2737,2897,2.334579
2738,2901,2.337802
2739,2896,2.333773
2740,2896,2.333773
2741,2877,2.318462
2742,2896,2.333773
2743,2901,2.337802
2744,2896,2.333773
2745,2901,2.337802
2746,2901,2.337802
2747,2897,2.334579
2748,2901,2.337802
2749,2897,2.334579
2750,2901,2.337802
2751,2897,2.334579
2752,2885,2.324908
2753,2901,2.337802
2754,2896,2.333773
2755,2901,2.337802
2756,2896,2.333773
2757,2901,2.337802
2758,2896,2.333773
2759,2896,2.333773
2760,2885,2.324908
2761,2897,2.334579
2762,2897,2.334579
2763,2901,2.337802
2764,2903,2.339414
2765,2897,2.334579
2766,2879,2.320073
2767,2896,2.333773
2768,2901,2.337802
2769,2897,2.334579
2770,2896,2.333773
2771,2901,2.337802
2772,2885,2.324908
2773,2900,2.336996
2774,2901,2.337802
2775,2901,2.337802
2776,2897,2.334579
2777,2896,2.333773
2778,2901,2.337802
2779,2885,2.324908
2780,2897,2.334579
2781,2901,2.337802
2782,2896,2.333773
2783,2896,2.333773
2784,2897,2.334579
2785,2901,2.337802
2786,2897,2.334579
2787,2901,2.337802
2788,2897,2.334579
2789,2901,2.337802
2790,2896,2.333773
2791,2897,2.334579
2792,2901,2.337802
2793,2901,2.337802
2794,2901,2.337802
2795,2896,2.333773
2796,2896,2.333773
2797,2901,2.337802
2798,2897,2.334579
2799,2896,2.333773
2800,2896,2.333773
2801,2901,2.337802
2802,2903,2.339414
2803,2909,2.344249
2804,2896,2.333773
2805,2901,2.337802
2806,2897,2.334579
2807,2897,2.334579
2808,2885,2.324908
2809,2901,2.337802
2810,2901,2.337802
2811,2913,2.347473
2812,2901,2.337802
2813,2877,2.318462
2814,2901,2.337802
2815,2896,2.333773
2816,2901,2.337802
2817,2885,2.324908
2818,2901,2.337802
2819,2901,2.337802
2820,2897,2.334579
2821,2896,2.333773
2822,2897,2.334579
2823,2901,2.337802
2824,2896,2.333773
2825,2897,2.334579
2826,2901,2.337802
2827,2896,2.333773
2828,2896,2.333773
2829,2917,2.350696
2830,2901,2.337802
2831,2901,2.337802
2832,2897,2.334579
2833,2897,2.334579
2834,2901,2.337802
2835,2901,2.337802
2836,2901,2.337802
2837,2903,2.339414
2838,2901,2.337802
2839,2896,2.333773
2840,2901,2.337802
2841,2901,2.337802
2842,2901,2.337802
2843,2896,2.333773
2844,2901,2.337802
2845,2885,2.324908
2846,2901,2.337802
2847,2896,2.333773
2848,2901,2.337802
2849,2913,2.347473
2850,2901,2.337802
2851,2897,2.334579
2852,2897,2.334579
2853,2896,2.333773
2854,2903,2.339414
2855,2897,2.334579
2856,2901,2.337802
2857,2879,2.320073
2858,2901,2.337802
2859,2896,2.333773
2860,2901,2.337802
2861,2897,2.334579
2862,2901,2.337802
2863,2896,2.333773
2864,2901,2.337802
2865,2896,2.333773
2866,2896,2.333773
2867,2897,2.334579
2868,2897,2.334579
2869,2901,2.337802
2870,2901,2.337802
2871,2896,2.333773
2872,2901,2.337802
2873,2903,2.339414
2874,2896,2.333773
2875,2901,2.337802
2876,2901,2.337802
2877,2885,2.324908
2878,2897,2.334579
2879,2901,2.337802
2880,2896,2.333773
2881,2901,2.337802
2882,2901,2.337802
2883,2901,2.337802
2884,2896,2.333773
2885,2901,2.337802
2886,2896,2.333773
2887,2885,2.324908
2888,2901,2.337802
2889,2879,2.320073
2890,2896,2.333773
2891,2901,2.337802
2892,2896,2.333773
2893,2897,2.334579
2894,2901,2.337802
2895,2901,2.337802
2896,2901,2.337802
2897,2896,2.333773
2898,2901,2.337802
2899,2896,2.333773
2900,2897,2.334579
2901,2901,2.337802
2902,2901,2.337802
2903,2903,2.339414
2904,2897,2.334579
2905,2897,2.334579
2906,2896,2.333773
2907,2901,2.337802
2908,2896,2.333773
2909,2901,2.337802
2910,2901,2.337802
2911,2896,2.333773
2912,2897,2.334579
2913,2896,2.333773
2914,2901,2.337802
2915,2897,2.334579
2916,2901,2.337802
2917,2896,2.333773
2918,2901,2.337802
2919,2897,2.334579
2920,2897,2.334579
2921,2897,2.334579
2922,2896,2.333773
2923,2897,2.334579
2924,2901,2.337802
2925,2885,2.324908
2926,2897,2.334579
2927,2896,2.333773
2928,2896,2.333773
2929,2896,2.333773
2930,2913,2.347473
2931,2896,2.333773
2932,2901,2.337802
2933,2901,2.337802
2934,2901,2.337802
2935,2879,2.320073
2936,2901,2.337802
2937,2896,2.333773
2938,2901,2.337802
2939,2901,2.337802
2940,2901,2.337802
2941,2901,2.337802
2942,2901,2.337802
2943,2897,2.334579
2944,2901,2.337802
2945,2885,2.324908
2946,2897,2.334579
2947,2897,2.334579
2948,2896,2.333773
2949,2901,2.337802
2950,2901,2.337802
2951,2897,2.334579
2952,2901,2.337802
2953,2897,2.334579
2954,2897,2.334579
2955,2897,2.334579
2956,2903,2.339414
2957,2897,2.334579
2958,2901,2.337802
2959,2901,2.337802
2960,2885,2.324908
2961,2900,2.336996
2962,2897,2.334579
2963,2897,2.334579
2964,2897,2.334579
2965,2896,2.333773
2966,2901,2.337802
2967,2897,2.334579
2968,2897,2.334579
2969,2897,2.334579
2970,2897,2.334579
2971,2901,2.337802
2972,2896,2.333773
2973,2885,2.324908
2974,2885,2.324908
2975,2901,2.337802
2976,2896,2.333773
2977,2897,2.334579
2978,2901,2.337802
2979,2885,2.324908
2980,2901,2.337802
2981,2901,2.337802
2982,2901,2.337802
2983,2885,2.324908
2984,2896,2.333773
2985,2897,2.334579
2986,2897,2.334579
2987,2879,2.320073
2988,2879,2.320073
2989,2877,2.318462
2990,2896,2.333773
2991,2877,2.318462
2992,2896,2.333773
2993,2871,2.313626
2994,2879,2.320073
2995,2896,2.333773
2996,2897,2.334579
2997,2896,2.333773
2998,2885,2.324908
2999,2896,2.333773
3000,2901,2.337802
3001,2896,2.333773
3002,2885,2.324908
3003,2885,2.324908
3004,2896,2.333773
3005,2885,2.324908
3006,2896,2.333773
3007,2879,2.320073
3008,2896,2.333773
3009,2885,2.324908
3010,2885,2.324908
3011,2897,2.334579
3012,2896,2.333773
3013,2877,2.318462
3014,2896,2.333773
3015,2885,2.324908
3016,2896,2.333773
3017,2877,2.318462
3018,2885,2.324908
3019,2896,2.333773
3020,2885,2.324908
3021,2896,2.333773
3022,2897,2.334579
3023,2897,2.334579
3024,2877,2.318462
3025,2901,2.337802
3026,2896,2.333773
3027,2896,2.333773
3028,2897,2.334579
3029,2877,2.318462
3030,2896,2.333773
3031,2896,2.333773
3032,2896,2.333773
3033,2879,2.320073
3034,2896,2.333773
3035,2885,2.324908
3036,2896,2.333773
3037,2897,2.334579
3038,2896,2.333773
3039,2885,2.324908
3040,2877,2.318462
3041,2877,2.318462
3042,2896,2.333773
3043,2879,2.320073
3044,2896,2.333773
3045,2879,2.320073
3046,2896,2.333773
3047,2877,2.318462
3048,2885,2.324908
3049,2885,2.324908
3050,2877,2.318462
3051,2871,2.313626
3052,2896,2.333773
3053,2869,2.312015
3054,2885,2.324908
3055,2869,2.312015
3056,2896,2.333773
3057,2885,2.324908
3058,2869,2.312015
3059,2879,2.320073
3060,2879,2.320073
3061,2885,2.324908
3062,2877,2.318462
3063,2871,2.313626
3064,2885,2.324908
3065,2877,2.318462
3066,2877,2.318462
3067,2877,2.318462
3068,2869,2.312015
3069,2885,2.324908
3070,2869,2.312015
3071,2879,2.320073
3072,2877,2.318462
3073,2877,2.318462
3074,2869,2.312015
3075,2871,2.313626
3076,2877,2.318462
3077,2877,2.318462
3078,2864,2.307985
3079,2869,2.312015
3080,2877,2.318462
3081,2877,2.318462
3082,2896,2.333773
3083,2877,2.318462
3084,2877,2.318462
3085,2869,2.312015
3086,2885,2.324908
3087,2871,2.313626
3088,2869,2.312015
3089,2871,2.313626
3090,2885,2.324908
3091,2896,2.333773
3092,2871,2.313626
3093,2885,2.324908
3094,2877,2.318462
3095,2877,2.318462
3096,2879,2.320073
3097,2869,2.312015
3098,2871,2.313626
3099,2871,2.313626
3100,2869,2.312015
3101,2869,2.312015
3102,2879,2.320073
3103,2869,2.312015
3104,2877,2.318462
3105,2869,2.312015
3106,2877,2.318462
3107,2864,2.307985
3108,2869,2.312015
3109,2869,2.312015
3110,2869,2.312015
3111,2877,2.318462
3112,2877,2.318462
3113,2864,2.307985
3114,2871,2.313626
3115,2871,2.313626
3116,2877,2.318462
3117,2869,2.312015
3118,2853,2.299121
3119,2869,2.312015
3120,2865,2.308791
3121,2869,2.312015
3122,2869,2.312015
3123,2864,2.307985
3124,2869,2.312015
3125,2869,2.312015
3126,2869,2.312015
3127,2849,2.295897
3128,2865,2.308791
3129,2869,2.312015
3130,2864,2.307985
3131,2869,2.312015
3132,2864,2.307985
3133,2853,2.299121
3134,2869,2.312015
3135,2864,2.307985
3136,2869,2.312015
3137,2864,2.307985
3138,2853,2.299121
3139,2865,2.308791
3140,2849,2.295897
3141,2853,2.299121
3142,2865,2.308791
3143,2865,2.308791
3144,2853,2.299121
3145,2864,2.307985
3146,2869,2.312015
3147,2853,2.299121
3148,2865,2.308791
3149,2869,2.312015
3150,2869,2.312015
3151,2853,2.299121
3152,2864,2.307985
3153,2853,2.299121
3154,2864,2.307985
3155,2853,2.299121
3156,2837,2.286227
3157,2853,2.299121
3158,2837,2.286227
3159,2849,2.295897
3160,2839,2.287839
3161,2853,2.299121
3162,2849,2.295897
3163,2837,2.286227
3164,2833,2.283004
3165,2849,2.295897
3166,2849,2.295897
3167,2839,2.287839
3168,2839,2.287839
3169,2837,2.286227
3170,2849,2.295897
3171,2837,2.286227
3172,2833,2.283004
3173,2832,2.282198
3174,2837,2.286227
3175,2832,2.282198
3176,2837,2.286227
3177,2833,2.283004
3178,2837,2.286227
3179,2833,2.283004
3180,2832,2.282198
3181,2832,2.282198
3182,2832,2.282198
3183,2832,2.282198
3184,2821,2.273333
3185,2832,2.282198
3186,2821,2.273333
3187,2832,2.282198
3188,2821,2.273333
3189,2821,2.273333
3190,2821,2.273333
3191,2805,2.260440
3192,2833,2.283004
3193,2817,2.270110
3194,2832,2.282198
3195,2805,2.260440
3196,2807,2.262051
3197,2805,2.260440
3198,2816,2.269304
3199,2817,2.270110
3200,2821,2.273333
3201,2805,2.260440
3202,2805,2.260440
3203,2817,2.270110
3204,2801,2.257216
3205,2805,2.260440
3206,2805,2.260440
3207,2805,2.260440
3208,2801,2.257216
3209,2805,2.260440
3210,2800,2.256410
3211,2800,2.256410
3212,2801,2.257216
3213,2800,2.256410
3214,2789,2.247546
3215,2789,2.247546
3216,2789,2.247546
3217,2785,2.244322
3218,2789,2.247546
3219,2785,2.244322
3220,2785,2.244322
3221,2775,2.236264
3222,2775,2.236264
3223,2785,2.244322
3224,2781,2.241099
3225,2775,2.236264
3226,2757,2.221758
3227,2781,2.241099
3228,2773,2.234652
3229,2769,2.231429
3230,2769,2.231429
3231,2768,2.230623
3232,2768,2.230623
3233,2749,2.215311
3234,2749,2.215311
3235,2757,2.221758
3236,2749,2.215311
3237,2757,2.221758
3238,2743,2.210476
3239,2743,2.210476
3240,2741,2.208864
3241,2741,2.208864
3242,2741,2.208864
3243,2737,2.205641
3244,2737,2.205641
3245,2749,2.215311
3246,2741,2.208864
3247,2741,2.208864
3248,2725,2.195971
3249,2736,2.204835
3250,2736,2.204835
3251,2721,2.192747
3252,2736,2.204835
3253,2725,2.195971
3254,2725,2.195971
3255,2721,2.192747
3256,2737,2.205641
3257,2725,2.195971
3258,2725,2.195971
3259,2725,2.195971
3260,2709,2.183077
3261,2711,2.184689
3262,2705,2.179853
3263,2717,2.189524
3264,2709,2.183077
3265,2709,2.183077
3266,2709,2.183077
3267,2693,2.170183
3268,2709,2.183077
3269,2705,2.179853
3270,2709,2.183077
3271,2704,2.179048
3272,2709,2.183077
3273,2704,2.179048
3274,2704,2.179048
3275,2704,2.179048
3276,2705,2.179853
3277,2693,2.170183
3278,2693,2.170183
3279,2677,2.157289
3280,2704,2.179048
3281,2677,2.157289
3282,2685,2.163736
3283,2677,2.157289
3284,2677,2.157289
3285,2685,2.163736
3286,2661,2.144396
3287,2679,2.158901
3288,2673,2.154066
3289,2677,2.157289
3290,2685,2.163736
3291,2677,2.157289
3292,2672,2.153260
3293,2673,2.154066
3294,2672,2.153260
3295,2672,2.153260
3296,2677,2.157289
3297,2672,2.153260
3298,2673,2.154066
3299,2657,2.141172
3300,2672,2.153260
3301,2657,2.141172
3302,2661,2.144396
3303,2657,2.141172
3304,2645,2.131502
3305,2647,2.133114
3306,2641,2.128278
3307,2645,2.131502
3308,2647,2.133114
3309,2645,2.131502
3310,2645,2.131502
3311,2645,2.131502
3312,2629,2.118608
3313,2641,2.128278
3314,2629,2.118608
3315,2629,2.118608
3316,2629,2.118608
3317,2621,2.112161
3318,2615,2.107326
3319,2629,2.118608
3320,2623,2.113773
3321,2621,2.112161
3322,2613,2.105714
3323,2640,2.127473
3324,2621,2.112161
3325,2621,2.112161
3326,2615,2.107326
3327,2613,2.105714
3328,2615,2.107326
3329,2623,2.113773
3330,2615,2.107326
3331,2597,2.092821
3332,2613,2.105714
3333,2608,2.101685
3334,2621,2.112161
3335,2608,2.101685
3336,2613,2.105714
3337,2613,2.105714
3338,2613,2.105714
3339,2621,2.112161
3340,2615,2.107326
3341,2613,2.105714
3342,2608,2.101685
3343,2608,2.101685
3344,2593,2.089597
3345,2615,2.107326
3346,2597,2.092821
3347,2613,2.105714
3348,2597,2.092821
3349,2597,2.092821
3350,2593,2.089597
3351,2608,2.101685
3352,2608,2.101685
3353,2583,2.081538
3354,2581,2.079927
3355,2597,2.092821
3356,2581,2.079927
3357,2583,2.081538
3358,2583,2.081538
3359,2593,2.089597
3360,2589,2.086374
3361,2581,2.079927
3362,2593,2.089597
3363,2581,2.079927
3364,2581,2.079927
3365,2589,2.086374
3366,2583,2.081538
3367,2581,2.079927
3368,2576,2.075897
3369,2581,2.079927
3370,2577,2.076703
3371,2581,2.079927
3372,2581,2.079927
3373,2581,2.079927
3374,2581,2.079927
3375,2583,2.081538
3376,2576,2.075897
3377,2577,2.076703
3378,2576,2.075897
3379,2581,2.079927
3380,2577,2.076703
3381,2576,2.075897
3382,2565,2.067033
3383,2576,2.075897
3384,2577,2.076703
3385,2577,2.076703
3386,2565,2.067033
3387,2581,2.079927
3388,2577,2.076703
3389,2577,2.076703
3390,2565,2.067033
3391,2551,2.055751
3392,2576,2.075897
3393,2565,2.067033
3394,2565,2.067033
3395,2551,2.055751
3396,2576,2.075897
3397,2549,2.054139
3398,2576,2.075897
3399,2565,2.067033
3400,2557,2.060586
3401,2557,2.060586
3402,2565,2.067033
3403,2549,2.054139
3404,2549,2.054139
3405,2565,2.067033
3406,2549,2.054139
3407,2549,2.054139
3408,2545,2.050916
3409,2565,2.067033
3410,2565,2.067033
3411,2557,2.060586
3412,2549,2.054139
3413,2548,2.053333
3414,2549,2.054139
3415,2557,2.060586
3416,2549,2.054139
3417,2564,2.066227
3418,2545,2.050916
3419,2549,2.054139
3420,2544,2.050110
3421,2545,2.050916
3422,2549,2.054139
3423,2545,2.050916
3424,2549,2.054139
3425,2533,2.041245
3426,2545,2.050916
3427,2549,2.054139
3428,2533,2.041245
3429,2545,2.050916
3430,2549,2.054139
3431,2549,2.054139
3432,2549,2.054139
3433,2519,2.029963
3434,2545,2.050916
3435,2533,2.041245
3436,2544,2.050110
3437,2529,2.038022
3438,2528,2.037216
3439,2545,2.050916
3440,2545,2.050916
3441,2517,2.028352
3442,2533,2.041245
3443,2545,2.050916
3444,2533,2.041245
3445,2517,2.028352
3446,2519,2.029963
3447,2533,2.041245
3448,2545,2.050916
3449,2533,2.041245
3450,2549,2.054139
3451,2533,2.041245
3452,2519,2.029963
3453,2544,2.050110
3454,2529,2.038022
3455,2544,2.050110
3456,2519,2.029963
3457,2533,2.041245
3458,2532,2.040440
3459,2533,2.041245
3460,2529,2.038022
3461,2517,2.028352
3462,2519,2.029963
3463,2529,2.038022
3464,2512,2.024322
3465,2519,2.029963
3466,2517,2.028352
3467,2517,2.028352
3468,2517,2.028352
3469,2517,2.028352
3470,2517,2.028352
3471,2513,2.025128
3472,2493,2.009011
3473,2513,2.025128
3474,2501,2.015458
3475,2513,2.025128
3476,2517,2.028352
3477,2517,2.028352
3478,2512,2.024322
3479,2517,2.028352
3480,2517,2.028352
3481,2513,2.025128
3482,2512,2.024322
3483,2513,2.025128
3484,2517,2.028352
3485,2512,2.024322
3486,2513,2.025128
3487,2513,2.025128
3488,2501,2.015458
3489,2512,2.024322
3490,2501,2.015458
3491,2517,2.028352
3492,2517,2.028352
3493,2501,2.015458
3494,2512,2.024322
3495,2501,2.015458
3496,2501,2.015458
3497,2512,2.024322
3498,2501,2.015458
3499,2493,2.009011
3500,2487,2.004176
3501,2487,2.004176
3502,2487,2.004176
3503,2493,2.009011
3504,2493,2.009011
3505,2485,2.002564
3506,2487,2.004176
3507,2487,2.004176
3508,2501,2.015458
3509,2487,2.004176
3510,2481,1.999341
3511,2512,2.024322
3512,2493,2.009011
3513,2485,2.002564
3514,2487,2.004176
3515,2487,2.004176
3516,2480,1.998535
3517,2485,2.002564
3518,2469,1.989670
3519,2481,1.999341
3520,2485,2.002564
3521,2465,1.986447
3522,2481,1.999341
3523,2469,1.989670
3524,2480,1.998535
3525,2469,1.989670
3526,2465,1.986447
3527,2481,1.999341
3528,2485,2.002564
3529,2465,1.986447
3530,2461,1.983223
3531,2469,1.989670
3532,2465,1.986447
3533,2465,1.986447
3534,2469,1.989670
3535,2469,1.989670
3536,2465,1.986447
3537,2455,1.978388
3538,2465,1.986447
3539,2465,1.986447
3540,2469,1.989670
3541,2469,1.989670
3542,2453,1.976777
3543,2461,1.983223
3544,2469,1.989670
3545,2453,1.976777
3546,2469,1.989670
3547,2455,1.978388
3548,2469,1.989670
3549,2455,1.978388
3550,2469,1.989670
3551,2437,1.963883
3552,2485,2.002564
3553,2465,1.986447
3554,2453,1.976777
3555,2469,1.989670
3556,2453,1.976777
3557,2453,1.976777
3558,2453,1.976777
3559,2465,1.986447
3560,2453,1.976777
3561,2437,1.963883
3562,2453,1.976777
3563,2449,1.973553
3564,2448,1.972747
3565,2455,1.978388
3566,2455,1.978388
3567,2455,1.978388
3568,2453,1.976777
3569,2448,1.972747
3570,2449,1.973553
3571,2453,1.976777
3572,2448,1.972747
3573,2437,1.963883
3574,2449,1.973553
3575,2448,1.972747
3576,2453,1.976777
3577,2448,1.972747
3578,2448,1.972747
3579,2448,1.972747
3580,2453,1.976777
3581,2448,1.972747
3582,2453,1.976777
3583,2423,1.952601
3584,2448,1.972747
3585,2448,1.972747
3586,2453,1.976777
3587,2453,1.976777
3588,2433,1.960659
3589,2433,1.960659
3590,2453,1.976777
3591,2433,1.960659
3592,2449,1.973553
3593,2437,1.963883
3594,2448,1.972747
3595,2437,1.963883
3596,2433,1.960659
3597,2437,1.963883
3598,2429,1.957436
3599,2433,1.960659
3600,2429,1.957436
3601,2417,1.947766
3602,2433,1.960659
3603,2448,1.972747
3604,2437,1.963883
3605,2421,1.950989
3606,2448,1.972747
3607,2421,1.950989
3608,2433,1.960659
3609,2448,1.972747
3610,2437,1.963883
3611,2417,1.947766
3612,2437,1.963883
3613,2417,1.947766
3614,2417,1.947766
3615,2423,1.952601
3616,2437,1.963883
3617,2423,1.952601
3618,2421,1.950989
3619,2423,1.952601
3620,2437,1.963883
3621,2429,1.957436
3622,2437,1.963883
3623,2429,1.957436
3624,2437,1.963883
3625,2421,1.950989
3626,2417,1.947766
3627,2421,1.950989
3628,2437,1.963883
3629,2421,1.950989
3630,2437,1.963883
3631,2437,1.963883
3632,2423,1.952601
3633,2423,1.952601
3634,2417,1.947766
3635,2421,1.950989
3636,2433,1.960659
3637,2423,1.952601
3638,2421,1.950989
3639,2429,1.957436
3640,2433,1.960659
3641,2421,1.950989
3642,2417,1.947766
3643,2429,1.957436
3644,2421,1.950989
3645,2416,1.946960
3646,2417,1.947766
3647,2405,1.938095
