Pixel	ADC	VoltageV
1	3962	3.192821
2	3962	3.192821
3	3963	3.193626
4	3962	3.192821
5	3962	3.192821
6	3963	3.193626
7	3962	3.192821
8	3962	3.192821
9	3962	3.192821
10	3962	3.192821
11	3962	3.192821
12	3962	3.192821
13	3963	3.193626
14	3963	3.193626
15	3963	3.193626
16	3960	3.191209
17	3512	2.830183
18	3131	2.523150
19	3147	2.536044
20	3147	2.536044
21	3146	2.535238
22	3151	2.539267
23	3147	2.536044
24	3147	2.536044
25	3168	2.552967
26	3151	2.539267
27	3146	2.535238
28	3168	2.552967
29	3151	2.539267
30	3139	2.529597
31	3139	2.529597
32	3147	2.536044
33	3139	2.529597
34	3147	2.536044
35	3147	2.536044
36	3147	2.536044
37	3147	2.536044
38	3146	2.535238
39	3147	2.536044
40	3147	2.536044
41	3139	2.529597
42	3147	2.536044
43	3144	2.533626
44	3147	2.536044
45	3147	2.536044
46	3168	2.552967
47	3146	2.535238
48	3146	2.535238
49	3147	2.536044
50	3168	2.552967
51	3139	2.529597
52	3147	2.536044
53	3147	2.536044
54	3146	2.535238
55	3146	2.535238
56	3147	2.536044
57	3146	2.535238
58	3146	2.535238
59	3138	2.528791
60	3147	2.536044
61	3146	2.535238
62	3147	2.536044
63	3147	2.536044
64	3146	2.535238
65	3147	2.536044
66	3147	2.536044
67	3147	2.536044
68	3146	2.535238
69	3138	2.528791
70	3146	2.535238
71	3144	2.533626
72	3138	2.528791
73	3147	2.536044
74	3144	2.533626
75	3144	2.533626
76	3147	2.536044
77	3147	2.536044
78	3147	2.536044
79	3139	2.529597
80	3147	2.536044
81	3146	2.535238
82	3168	2.552967
83	3147	2.536044
84	3146	2.535238
85	3146	2.535238
86	3147	2.536044
87	3131	2.523150
88	3139	2.529597
89	3147	2.536044
90	3147	2.536044
91	3139	2.529597
92	3139	2.529597
93	3144	2.533626
94	3147	2.536044
95	3168	2.552967
96	3144	2.533626
97	3138	2.528791
98	3147	2.536044
99	3147	2.536044
100	3147	2.536044
101	3138	2.528791
102	3146	2.535238
103	3146	2.535238
104	3146	2.535238
105	3146	2.535238
106	3139	2.529597
107	3168	2.552967
108	3170	2.554579
109	3138	2.528791
110	3147	2.536044
111	3147	2.536044
112	3147	2.536044
113	3144	2.533626
114	3144	2.533626
115	3146	2.535238
116	3146	2.535238
117	3151	2.539267
118	3168	2.552967
119	3147	2.536044
120	3147	2.536044
121	3144	2.533626
122	3147	2.536044
123	3151	2.539267
124	3144	2.533626
125	3147	2.536044
126	3151	2.539267
127	3131	2.523150
128	3147	2.536044
129	3146	2.535238
130	3144	2.533626
131	3147	2.536044
132	3151	2.539267
133	3138	2.528791
134	3144	2.533626
135	3146	2.535238
136	3146	2.535238
137	3147	2.536044
138	3130	2.522344
139	3136	2.527179
140	3147	2.536044
141	3146	2.535238
142	3139	2.529597
143	3131	2.523150
144	3130	2.522344
145	3136	2.527179
146	3131	2.523150
147	3146	2.535238
148	3147	2.536044
149	3136	2.527179
150	3146	2.535238
151	3139	2.529597
152	3146	2.535238
153	3139	2.529597
154	3147	2.536044
155	3138	2.528791
156	3147	2.536044
157	3147	2.536044
158	3136	2.527179
159	3139	2.529597
160	3146	2.535238
161	3147	2.536044
162	3168	2.552967
163	3147	2.536044
164	3147	2.536044
165	3139	2.529597
166	3144	2.533626
167	3147	2.536044
168	3147	2.536044
169	3139	2.529597
170	3136	2.527179
171	3147	2.536044
172	3139	2.529597
173	3130	2.522344
174	3138	2.528791
175	3138	2.528791
176	3147	2.536044
177	3146	2.535238
178	3147	2.536044
179	3147	2.536044
180	3147	2.536044
181	3146	2.535238
182	3147	2.536044
183	3138	2.528791
184	3144	2.533626
185	3146	2.535238
186	3146	2.535238
187	3168	2.552967
188	3146	2.535238
189	3147	2.536044
190	3146	2.535238
191	3136	2.527179
192	3139	2.529597
193	3144	2.533626
194	3146	2.535238
195	3139	2.529597
196	3146	2.535238
197	3138	2.528791
198	3138	2.528791
199	3147	2.536044
200	3136	2.527179
201	3138	2.528791
202	3131	2.523150
203	3131	2.523150
204	3128	2.520733
205	3128	2.520733
206	3138	2.528791
207	3115	2.510256
208	3123	2.516703
209	3146	2.535238
210	3139	2.529597
211	3130	2.522344
212	3119	2.513480
213	3146	2.535238
214	3147	2.536044
215	3136	2.527179
216	3144	2.533626
217	3139	2.529597
218	3144	2.533626
219	3144	2.533626
220	3139	2.529597
221	3130	2.522344
222	3138	2.528791
223	3146	2.535238
224	3147	2.536044
225	3146	2.535238
226	3144	2.533626
227	3144	2.533626
228	3147	2.536044
229	3147	2.536044
230	3138	2.528791
231	3147	2.536044
232	3147	2.536044
233	3151	2.539267
234	3147	2.536044
235	3139	2.529597
236	3146	2.535238
237	3146	2.535238
238	3168	2.552967
239	3147	2.536044
240	3147	2.536044
241	3147	2.536044
242	3144	2.533626
243	3147	2.536044
244	3136	2.527179
245	3147	2.536044
246	3147	2.536044
247	3151	2.539267
248	3146	2.535238
249	3139	2.529597
250	3151	2.539267
251	3168	2.552967
252	3147	2.536044
253	3147	2.536044
254	3147	2.536044
255	3144	2.533626
256	3168	2.552967
257	3168	2.552967
258	3168	2.552967
259	3147	2.536044
260	3147	2.536044
261	3168	2.552967
262	3168	2.552967
263	3146	2.535238
264	3147	2.536044
265	3147	2.536044
266	3155	2.542491
267	3147	2.536044
268	3144	2.533626
269	3147	2.536044
270	3147	2.536044
271	3146	2.535238
272	3147	2.536044
273	3139	2.529597
274	3151	2.539267
275	3144	2.533626
276	3144	2.533626
277	3146	2.535238
278	3146	2.535238
279	3131	2.523150
280	3147	2.536044
281	3138	2.528791
282	3147	2.536044
283	3147	2.536044
284	3138	2.528791
285	3139	2.529597
286	3138	2.528791
287	3131	2.523150
288	3146	2.535238
289	3144	2.533626
290	3151	2.539267
291	3146	2.535238
292	3168	2.552967
293	3144	2.533626
294	3147	2.536044
295	3146	2.535238
296	3146	2.535238
297	3146	2.535238
298	3138	2.528791
299	3147	2.536044
300	3168	2.552967
301	3151	2.539267
302	3151	2.539267
303	3147	2.536044
304	3151	2.539267
305	3168	2.552967
306	3147	2.536044
307	3168	2.552967
308	3168	2.552967
309	3147	2.536044
310	3147	2.536044
311	3146	2.535238
312	3146	2.535238
313	3138	2.528791
314	3151	2.539267
315	3151	2.539267
316	3147	2.536044
317	3146	2.535238
318	3151	2.539267
319	3147	2.536044
320	3147	2.536044
321	3147	2.536044
322	3146	2.535238
323	3146	2.535238
324	3146	2.535238
325	3147	2.536044
326	3147	2.536044
327	3147	2.536044
328	3144	2.533626
329	3151	2.539267
330	3147	2.536044
331	3151	2.539267
332	3146	2.535238
333	3151	2.539267
334	3147	2.536044
335	3147	2.536044
336	3151	2.539267
337	3147	2.536044
338	3146	2.535238
339	3139	2.529597
340	3147	2.536044
341	3146	2.535238
342	3147	2.536044
343	3151	2.539267
344	3147	2.536044
345	3147	2.536044
346	3139	2.529597
347	3147	2.536044
348	3151	2.539267
349	3147	2.536044
350	3144	2.533626
351	3144	2.533626
352	3151	2.539267
353	3168	2.552967
354	3168	2.552967
355	3168	2.552967
356	3151	2.539267
357	3147	2.536044
358	3168	2.552967
359	3151	2.539267
360	3151	2.539267
361	3168	2.552967
362	3146	2.535238
363	3147	2.536044
364	3139	2.529597
365	3139	2.529597
366	3131	2.523150
367	3130	2.522344
368	3147	2.536044
369	3168	2.552967
370	3147	2.536044
371	3147	2.536044
372	3146	2.535238
373	3147	2.536044
374	3168	2.552967
375	3147	2.536044
376	3147	2.536044
377	3144	2.533626
378	3151	2.539267
379	3139	2.529597
380	3168	2.552967
381	3146	2.535238
382	3139	2.529597
383	3139	2.529597
384	3146	2.535238
385	3146	2.535238
386	3146	2.535238
387	3147	2.536044
388	3144	2.533626
389	3146	2.535238
390	3144	2.533626
391	3131	2.523150
392	3138	2.528791
393	3130	2.522344
394	3131	2.523150
395	3151	2.539267
396	3131	2.523150
397	3147	2.536044
398	3144	2.533626
399	3139	2.529597
400	3146	2.535238
401	3138	2.528791
402	3144	2.533626
403	3139	2.529597
404	3144	2.533626
405	3146	2.535238
406	3151	2.539267
407	3147	2.536044
408	3144	2.533626
409	3147	2.536044
410	3139	2.529597
411	3147	2.536044
412	3147	2.536044
413	3147	2.536044
414	3147	2.536044
415	3147	2.536044
416	3147	2.536044
417	3144	2.533626
418	3138	2.528791
419	3147	2.536044
420	3144	2.533626
421	3136	2.527179
422	3115	2.510256
423	3136	2.527179
424	3147	2.536044
425	3136	2.527179
426	3144	2.533626
427	3138	2.528791
428	3147	2.536044
429	3144	2.533626
430	3139	2.529597
431	3136	2.527179
432	3146	2.535238
433	3144	2.533626
434	3144	2.533626
435	3147	2.536044
436	3147	2.536044
437	3146	2.535238
438	3146	2.535238
439	3147	2.536044
440	3146	2.535238
441	3168	2.552967
442	3146	2.535238
443	3146	2.535238
444	3147	2.536044
445	3146	2.535238
446	3147	2.536044
447	3139	2.529597
448	3146	2.535238
449	3138	2.528791
450	3128	2.520733
451	3146	2.535238
452	3138	2.528791
453	3151	2.539267
454	3139	2.529597
455	3130	2.522344
456	3138	2.528791
457	3131	2.523150
458	3119	2.513480
459	3119	2.513480
460	3138	2.528791
461	3128	2.520733
462	3119	2.513480
463	3138	2.528791
464	3128	2.520733
465	3136	2.527179
466	3136	2.527179
467	3131	2.523150
468	3119	2.513480
469	3123	2.516703
470	3138	2.528791
471	3119	2.513480
472	3119	2.513480
473	3128	2.520733
474	3128	2.520733
475	3131	2.523150
476	3138	2.528791
477	3138	2.528791
478	3138	2.528791
479	3131	2.523150
480	3144	2.533626
481	3144	2.533626
482	3146	2.535238
483	3130	2.522344
484	3138	2.528791
485	3138	2.528791
486	3146	2.535238
487	3146	2.535238
488	3144	2.533626
489	3136	2.527179
490	3139	2.529597
491	3138	2.528791
492	3128	2.520733
493	3147	2.536044
494	3131	2.523150
495	3136	2.527179
496	3146	2.535238
497	3128	2.520733
498	3128	2.520733
499	3128	2.520733
500	3115	2.510256
501	3128	2.520733
502	3139	2.529597
503	3136	2.527179
504	3138	2.528791
505	3139	2.529597
506	3130	2.522344
507	3130	2.522344
508	3131	2.523150
509	3130	2.522344
510	3138	2.528791
511	3136	2.527179
512	3139	2.529597
513	3128	2.520733
514	3119	2.513480
515	3128	2.520733
516	3123	2.516703
517	3131	2.523150
518	3136	2.527179
519	3138	2.528791
520	3147	2.536044
521	3128	2.520733
522	3128	2.520733
523	3128	2.520733
524	3115	2.510256
525	3138	2.528791
526	3115	2.510256
527	3136	2.527179
528	3128	2.520733
529	3128	2.520733
530	3115	2.510256
531	3114	2.509451
532	3119	2.513480
533	3138	2.528791
534	3139	2.529597
535	3128	2.520733
536	3115	2.510256
537	3128	2.520733
538	3115	2.510256
539	3119	2.513480
540	3136	2.527179
541	3128	2.520733
542	3119	2.513480
543	3138	2.528791
544	3119	2.513480
545	3130	2.522344
546	3138	2.528791
547	3119	2.513480
548	3131	2.523150
549	3115	2.510256
550	3115	2.510256
551	3115	2.510256
552	3115	2.510256
553	3128	2.520733
554	3136	2.527179
555	3119	2.513480
556	3136	2.527179
557	3130	2.522344
558	3130	2.522344
559	3128	2.520733
560	3136	2.527179
561	3114	2.509451
562	3115	2.510256
563	3119	2.513480
564	3119	2.513480
565	3106	2.503004
566	3128	2.520733
567	3107	2.503810
568	3107	2.503810
569	3104	2.501392
570	3114	2.509451
571	3107	2.503810
572	3106	2.503004
573	3104	2.501392
574	3104	2.501392
575	3106	2.503004
576	3112	2.507839
577	3115	2.510256
578	3119	2.513480
579	3104	2.501392
580	3114	2.509451
581	3115	2.510256
582	3115	2.510256
583	3115	2.510256
584	3112	2.507839
585	3112	2.507839
586	3115	2.510256
587	3130	2.522344
588	3115	2.510256
589	3115	2.510256
590	3115	2.510256
591	3136	2.527179
592	3136	2.527179
593	3128	2.520733
594	3146	2.535238
595	3128	2.520733
596	3114	2.509451
597	3115	2.510256
598	3128	2.520733
599	3119	2.513480
600	3115	2.510256
601	3144	2.533626
602	3136	2.527179
603	3128	2.520733
604	3115	2.510256
605	3119	2.513480
606	3115	2.510256
607	3131	2.523150
608	3139	2.529597
609	3119	2.513480
610	3128	2.520733
611	3115	2.510256
612	3131	2.523150
613	3131	2.523150
614	3131	2.523150
615	3128	2.520733
616	3131	2.523150
617	3107	2.503810
618	3115	2.510256
619	3106	2.503004
620	3119	2.513480
621	3114	2.509451
622	3115	2.510256
623	3112	2.507839
624	3115	2.510256
625	3106	2.503004
626	3112	2.507839
627	3115	2.510256
628	3112	2.507839
629	3106	2.503004
630	3114	2.509451
631	3119	2.513480
632	3128	2.520733
633	3114	2.509451
634	3115	2.510256
635	3119	2.513480
636	3119	2.513480
637	3115	2.510256
638	3112	2.507839
639	3119	2.513480
640	3115	2.510256
641	3115	2.510256
642	3115	2.510256
643	3119	2.513480
644	3130	2.522344
645	3130	2.522344
646	3115	2.510256
647	3104	2.501392
648	3130	2.522344
649	3119	2.513480
650	3115	2.510256
651	3115	2.510256
652	3115	2.510256
653	3119	2.513480
654	3115	2.510256
655	3114	2.509451
656	3130	2.522344
657	3114	2.509451
658	3115	2.510256
659	3115	2.510256
660	3114	2.509451
661	3107	2.503810
662	3115	2.510256
663	3106	2.503004
664	3114	2.509451
665	3112	2.507839
666	3112	2.507839
667	3104	2.501392
668	3115	2.510256
669	3104	2.501392
670	3107	2.503810
671	3119	2.513480
672	3114	2.509451
673	3115	2.510256
674	3114	2.509451
675	3115	2.510256
676	3112	2.507839
677	3107	2.503810
678	3115	2.510256
679	3115	2.510256
680	3115	2.510256
681	3115	2.510256
682	3119	2.513480
683	3114	2.509451
684	3114	2.509451
685	3119	2.513480
686	3119	2.513480
687	3115	2.510256
688	3114	2.509451
689	3115	2.510256
690	3115	2.510256
691	3104	2.501392
692	3114	2.509451
693	3115	2.510256
694	3115	2.510256
695	3115	2.510256
696	3114	2.509451
697	3136	2.527179
698	3130	2.522344
699	3115	2.510256
700	3115	2.510256
701	3130	2.522344
702	3130	2.522344
703	3115	2.510256
704	3128	2.520733
705	3115	2.510256
706	3119	2.513480
707	3119	2.513480
708	3130	2.522344
709	3128	2.520733
710	3115	2.510256
711	3115	2.510256
712	3112	2.507839
713	3128	2.520733
714	3138	2.528791
715	3136	2.527179
716	3119	2.513480
717	3136	2.527179
718	3138	2.528791
719	3130	2.522344
720	3115	2.510256
721	3136	2.527179
722	3138	2.528791
723	3139	2.529597
724	3139	2.529597
725	3146	2.535238
726	3139	2.529597
727	3138	2.528791
728	3138	2.528791
729	3139	2.529597
730	3147	2.536044
731	3144	2.533626
732	3130	2.522344
733	3119	2.513480
734	3128	2.520733
735	3130	2.522344
736	3130	2.522344
737	3115	2.510256
738	3130	2.522344
739	3128	2.520733
740	3114	2.509451
741	3115	2.510256
742	3119	2.513480
743	3119	2.513480
744	3138	2.528791
745	3115	2.510256
746	3130	2.522344
747	3123	2.516703
748	3130	2.522344
749	3119	2.513480
750	3119	2.513480
751	3136	2.527179
752	3119	2.513480
753	3130	2.522344
754	3128	2.520733
755	3128	2.520733
756	3128	2.520733
757	3130	2.522344
758	3136	2.527179
759	3131	2.523150
760	3119	2.513480
761	3139	2.529597
762	3115	2.510256
763	3130	2.522344
764	3138	2.528791
765	3119	2.513480
766	3138	2.528791
767	3130	2.522344
768	3139	2.529597
769	3131	2.523150
770	3139	2.529597
771	3146	2.535238
772	3139	2.529597
773	3136	2.527179
774	3128	2.520733
775	3131	2.523150
776	3128	2.520733
777	3138	2.528791
778	3136	2.527179
779	3139	2.529597
780	3147	2.536044
781	3151	2.539267
782	3147	2.536044
783	3146	2.535238
784	3144	2.533626
785	3146	2.535238
786	3147	2.536044
787	3146	2.535238
788	3146	2.535238
789	3139	2.529597
790	3147	2.536044
791	3151	2.539267
792	3147	2.536044
793	3147	2.536044
794	3168	2.552967
795	3168	2.552967
796	3147	2.536044
797	3168	2.552967
798	3147	2.536044
799	3147	2.536044
800	3168	2.552967
801	3168	2.552967
802	3168	2.552967
803	3147	2.536044
804	3168	2.552967
805	3168	2.552967
806	3151	2.539267
807	3155	2.542491
808	3168	2.552967
809	3176	2.559414
810	3170	2.554579
811	3168	2.552967
812	3168	2.552967
813	3168	2.552967
814	3170	2.554579
815	3147	2.536044
816	3168	2.552967
817	3170	2.554579
818	3168	2.552967
819	3168	2.552967
820	3168	2.552967
821	3170	2.554579
822	3168	2.552967
823	3178	2.561026
824	3171	2.555385
825	3168	2.552967
826	3170	2.554579
827	3170	2.554579
828	3168	2.552967
829	3179	2.561832
830	3168	2.552967
831	3176	2.559414
832	3168	2.552967
833	3170	2.554579
834	3168	2.552967
835	3168	2.552967
836	3168	2.552967
837	3168	2.552967
838	3170	2.554579
839	3168	2.552967
840	3155	2.542491
841	3168	2.552967
842	3168	2.552967
843	3168	2.552967
844	3171	2.555385
845	3168	2.552967
846	3168	2.552967
847	3168	2.552967
848	3168	2.552967
849	3168	2.552967
850	3168	2.552967
851	3178	2.561026
852	3147	2.536044
853	3168	2.552967
854	3170	2.554579
855	3160	2.546520
856	3168	2.552967
857	3168	2.552967
858	3151	2.539267
859	3151	2.539267
860	3168	2.552967
861	3147	2.536044
862	3168	2.552967
863	3168	2.552967
864	3168	2.552967
865	3168	2.552967
866	3147	2.536044
867	3151	2.539267
868	3168	2.552967
869	3147	2.536044
870	3160	2.546520
871	3146	2.535238
872	3151	2.539267
873	3151	2.539267
874	3168	2.552967
875	3170	2.554579
876	3155	2.542491
877	3168	2.552967
878	3168	2.552967
879	3168	2.552967
880	3160	2.546520
881	3168	2.552967
882	3168	2.552967
883	3168	2.552967
884	3170	2.554579
885	3170	2.554579
886	3168	2.552967
887	3168	2.552967
888	3168	2.552967
889	3168	2.552967
890	3168	2.552967
891	3147	2.536044
892	3168	2.552967
893	3171	2.555385
894	3168	2.552967
895	3170	2.554579
896	3168	2.552967
897	3176	2.559414
898	3170	2.554579
899	3170	2.554579
900	3168	2.552967
901	3168	2.552967
902	3168	2.552967
903	3168	2.552967
904	3168	2.552967
905	3168	2.552967
906	3168	2.552967
907	3146	2.535238
908	3139	2.529597
909	3147	2.536044
910	3168	2.552967
911	3147	2.536044
912	3147	2.536044
913	3160	2.546520
914	3151	2.539267
915	3147	2.536044
916	3168	2.552967
917	3168	2.552967
918	3170	2.554579
919	3151	2.539267
920	3147	2.536044
921	3168	2.552967
922	3168	2.552967
923	3170	2.554579
924	3168	2.552967
925	3168	2.552967
926	3171	2.555385
927	3171	2.555385
928	3168	2.552967
929	3168	2.552967
930	3168	2.552967
931	3168	2.552967
932	3168	2.552967
933	3168	2.552967
934	3147	2.536044
935	3168	2.552967
936	3168	2.552967
937	3168	2.552967
938	3170	2.554579
939	3170	2.554579
940	3176	2.559414
941	3168	2.552967
942	3168	2.552967
943	3168	2.552967
944	3168	2.552967
945	3168	2.552967
946	3151	2.539267
947	3168	2.552967
948	3178	2.561026
949	3170	2.554579
950	3171	2.555385
951	3168	2.552967
952	3147	2.536044
953	3147	2.536044
954	3151	2.539267
955	3168	2.552967
956	3176	2.559414
957	3170	2.554579
958	3170	2.554579
959	3170	2.554579
960	3170	2.554579
961	3168	2.552967
962	3170	2.554579
963	3168	2.552967
964	3168	2.552967
965	3168	2.552967
966	3170	2.554579
967	3178	2.561026
968	3171	2.555385
969	3155	2.542491
970	3178	2.561026
971	3176	2.559414
972	3168	2.552967
973	3170	2.554579
974	3168	2.552967
975	3168	2.552967
976	3178	2.561026
977	3168	2.552967
978	3147	2.536044
979	3168	2.552967
980	3168	2.552967
981	3151	2.539267
982	3147	2.536044
983	3147	2.536044
984	3168	2.552967
985	3147	2.536044
986	3170	2.554579
987	3168	2.552967
988	3151	2.539267
989	3168	2.552967
990	3168	2.552967
991	3155	2.542491
992	3168	2.552967
993	3155	2.542491
994	3151	2.539267
995	3147	2.536044
996	3168	2.552967
997	3146	2.535238
998	3146	2.535238
999	3147	2.536044
1000	3170	2.554579
1001	3168	2.552967
1002	3151	2.539267
1003	3147	2.536044
1004	3147	2.536044
1005	3147	2.536044
1006	3168	2.552967
1007	3168	2.552967
1008	3168	2.552967
1009	3168	2.552967
1010	3168	2.552967
1011	3147	2.536044
1012	3168	2.552967
1013	3170	2.554579
1014	3147	2.536044
1015	3147	2.536044
1016	3147	2.536044
1017	3147	2.536044
1018	3168	2.552967
1019	3168	2.552967
1020	3147	2.536044
1021	3139	2.529597
1022	3147	2.536044
1023	3147	2.536044
1024	3147	2.536044
1025	3138	2.528791
1026	3136	2.527179
1027	3136	2.527179
1028	3136	2.527179
1029	3128	2.520733
1030	3119	2.513480
1031	3115	2.510256
1032	3115	2.510256
1033	3119	2.513480
1034	3107	2.503810
1035	3104	2.501392
1036	3087	2.487692
1037	3083	2.484469
1038	3104	2.501392
1039	3083	2.484469
1040	3075	2.478022
1041	3082	2.483663
1042	3080	2.482051
1043	3074	2.477216
1044	3072	2.475604
1045	3072	2.475604
1046	3072	2.475604
1047	3043	2.452234
1048	3043	2.452234
1049	3040	2.449817
1050	3048	2.456264
1051	3042	2.451429
1052	3040	2.449817
1053	3048	2.456264
1054	3050	2.457875
1055	3042	2.451429
1056	3072	2.475604
1057	3048	2.456264
1058	3072	2.475604
1059	3072	2.475604
1060	3048	2.456264
1061	3050	2.457875
1062	3048	2.456264
1063	3043	2.452234
1064	3040	2.449817
1065	3023	2.436117
1066	3040	2.449817
1067	3040	2.449817
1068	3019	2.432894
1069	3008	2.424029
1070	3008	2.424029
1071	3010	2.425641
1072	3011	2.426447
1073	2979	2.400659
1074	2991	2.410330
1075	2991	2.410330
1076	2991	2.410330
1077	3000	2.417582
1078	2991	2.410330
1079	3008	2.424029
1080	3019	2.432894
1081	3008	2.424029
1082	3010	2.425641
1083	3011	2.426447
1084	3002	2.419194
1085	3002	2.419194
1086	3011	2.426447
1087	3019	2.432894
1088	3010	2.425641
1089	3018	2.432088
1090	3019	2.432894
1091	3011	2.426447
1092	3011	2.426447
1093	3016	2.430476
1094	3023	2.436117
1095	3040	2.449817
1096	3016	2.430476
1097	3040	2.449817
1098	3018	2.432088
1099	3010	2.425641
1100	3010	2.425641
1101	2991	2.410330
1102	3000	2.417582
1103	2987	2.407106
1104	2991	2.410330
1105	3000	2.417582
1106	3002	2.419194
1107	2987	2.407106
1108	2986	2.406300
1109	2991	2.410330
1110	2987	2.407106
1111	2987	2.407106
1112	2987	2.407106
1113	3000	2.417582
1114	3016	2.430476
1115	2987	2.407106
1116	3000	2.417582
1117	3003	2.420000
1118	3010	2.425641
1119	2987	2.407106
1120	2978	2.399853
1121	3000	2.417582
1122	3016	2.430476
1123	3000	2.417582
1124	2987	2.407106
1125	2995	2.413553
1126	2991	2.410330
1127	2984	2.404689
1128	2991	2.410330
1129	2986	2.406300
1130	2987	2.407106
1131	2987	2.407106
1132	2987	2.407106
1133	2987	2.407106
1134	2987	2.407106
1135	2976	2.398242
1136	2984	2.404689
1137	2978	2.399853
1138	2986	2.406300
1139	2991	2.410330
1140	2987	2.407106
1141	2984	2.404689
1142	2986	2.406300
1143	2968	2.391795
1144	2947	2.374872
1145	2939	2.368425
1146	2954	2.380513
1147	2947	2.374872
1148	2947	2.374872
1149	2947	2.374872
1150	2939	2.368425
1151	2952	2.378901
1152	2955	2.381319
1153	2987	2.407106
1154	3010	2.425641
1155	3040	2.449817
1156	3040	2.449817
1157	3072	2.475604
1158	3072	2.475604
1159	3072	2.475604
1160	3104	2.501392
1161	3104	2.501392
1162	3112	2.507839
1163	3112	2.507839
1164	3115	2.510256
1165	3115	2.510256
1166	3119	2.513480
1167	3115	2.510256
1168	3119	2.513480
1169	3136	2.527179
1170	3136	2.527179
1171	3115	2.510256
1172	3138	2.528791
1173	3131	2.523150
1174	3130	2.522344
1175	3128	2.520733
1176	3138	2.528791
1177	3144	2.533626
1178	3130	2.522344
1179	3138	2.528791
1180	3147	2.536044
1181	3144	2.533626
1182	3144	2.533626
1183	3147	2.536044
1184	3144	2.533626
1185	3144	2.533626
1186	3146	2.535238
1187	3139	2.529597
1188	3168	2.552967
1189	3151	2.539267
1190	3139	2.529597
1191	3168	2.552967
1192	3147	2.536044
1193	3147	2.536044
1194	3146	2.535238
1195	3147	2.536044
1196	3147	2.536044
1197	3144	2.533626
1198	3144	2.533626
1199	3151	2.539267
1200	3146	2.535238
1201	3139	2.529597
1202	3144	2.533626
1203	3168	2.552967
1204	3151	2.539267
1205	3138	2.528791
1206	3146	2.535238
1207	3144	2.533626
1208	3146	2.535238
1209	3138	2.528791
1210	3144	2.533626
1211	3147	2.536044
1212	3146	2.535238
1213	3136	2.527179
1214	3136	2.527179
1215	3131	2.523150
1216	3119	2.513480
1217	3128	2.520733
1218	3136	2.527179
1219	3128	2.520733
1220	3138	2.528791
1221	3128	2.520733
1222	3138	2.528791
1223	3146	2.535238
1224	3139	2.529597
1225	3138	2.528791
1226	3123	2.516703
1227	3138	2.528791
1228	3138	2.528791
1229	3147	2.536044
1230	3146	2.535238
1231	3146	2.535238
1232	3144	2.533626
1233	3138	2.528791
1234	3131	2.523150
1235	3131	2.523150
1236	3144	2.533626
1237	3147	2.536044
1238	3144	2.533626
1239	3147	2.536044
1240	3138	2.528791
1241	3138	2.528791
1242	3138	2.528791
1243	3139	2.529597
1244	3146	2.535238
1245	3160	2.546520
1246	3138	2.528791
1247	3146	2.535238
1248	3147	2.536044
1249	3160	2.546520
1250	3147	2.536044
1251	3144	2.533626
1252	3151	2.539267
1253	3144	2.533626
1254	3151	2.539267
1255	3155	2.542491
1256	3168	2.552967
1257	3147	2.536044
1258	3147	2.536044
1259	3151	2.539267
1260	3146	2.535238
1261	3146	2.535238
1262	3147	2.536044
1263	3138	2.528791
1264	3147	2.536044
1265	3147	2.536044
1266	3147	2.536044
1267	3139	2.529597
1268	3147	2.536044
1269	3146	2.535238
1270	3144	2.533626
1271	3139	2.529597
1272	3131	2.523150
1273	3146	2.535238
1274	3146	2.535238
1275	3151	2.539267
1276	3139	2.529597
1277	3146	2.535238
1278	3146	2.535238
1279	3147	2.536044
1280	3147	2.536044
1281	3147	2.536044
1282	3151	2.539267
1283	3147	2.536044
1284	3146	2.535238
1285	3151	2.539267
1286	3155	2.542491
1287	3147	2.536044
1288	3147	2.536044
1289	3136	2.527179
1290	3146	2.535238
1291	3136	2.527179
1292	3147	2.536044
1293	3147	2.536044
1294	3146	2.535238
1295	3147	2.536044
1296	3168	2.552967
1297	3147	2.536044
1298	3147	2.536044
1299	3147	2.536044
1300	3147	2.536044
1301	3151	2.539267
1302	3147	2.536044
1303	3147	2.536044
1304	3146	2.535238
1305	3139	2.529597
1306	3147	2.536044
1307	3139	2.529597
1308	3146	2.535238
1309	3138	2.528791
1310	3146	2.535238
1311	3146	2.535238
1312	3146	2.535238
1313	3144	2.533626
1314	3147	2.536044
1315	3138	2.528791
1316	3138	2.528791
1317	3144	2.533626
1318	3147	2.536044
1319	3139	2.529597
1320	3138	2.528791
1321	3146	2.535238
1322	3147	2.536044
1323	3147	2.536044
1324	3147	2.536044
1325	3168	2.552967
1326	3147	2.536044
1327	3147	2.536044
1328	3146	2.535238
1329	3151	2.539267
1330	3147	2.536044
1331	3151	2.539267
1332	3147	2.536044
1333	3168	2.552967
1334	3151	2.539267
1335	3147	2.536044
1336	3144	2.533626
1337	3146	2.535238
1338	3168	2.552967
1339	3168	2.552967
1340	3147	2.536044
1341	3151	2.539267
1342	3144	2.533626
1343	3147	2.536044
1344	3146	2.535238
1345	3144	2.533626
1346	3147	2.536044
1347	3146	2.535238
1348	3147	2.536044
1349	3139	2.529597
1350	3151	2.539267
1351	3139	2.529597
1352	3146	2.535238
1353	3147	2.536044
1354	3147	2.536044
1355	3147	2.536044
1356	3168	2.552967
1357	3138	2.528791
1358	3147	2.536044
1359	3160	2.546520
1360	3168	2.552967
1361	3160	2.546520
1362	3168	2.552967
1363	3151	2.539267
1364	3147	2.536044
1365	3147	2.536044
1366	3151	2.539267
1367	3147	2.536044
1368	3168	2.552967
1369	3147	2.536044
1370	3160	2.546520
1371	3151	2.539267
1372	3144	2.533626
1373	3168	2.552967
1374	3151	2.539267
1375	3168	2.552967
1376	3146	2.535238
1377	3151	2.539267
1378	3168	2.552967
1379	3144	2.533626
1380	3146	2.535238
1381	3147	2.536044
1382	3144	2.533626
1383	3151	2.539267
1384	3151	2.539267
1385	3147	2.536044
1386	3168	2.552967
1387	3144	2.533626
1388	3147	2.536044
1389	3147	2.536044
1390	3146	2.535238
1391	3146	2.535238
1392	3147	2.536044
1393	3147	2.536044
1394	3146	2.535238
1395	3160	2.546520
1396	3146	2.535238
1397	3147	2.536044
1398	3168	2.552967
1399	3144	2.533626
1400	3168	2.552967
1401	3176	2.559414
1402	3147	2.536044
1403	3147	2.536044
1404	3151	2.539267
1405	3168	2.552967
1406	3168	2.552967
1407	3144	2.533626
1408	3168	2.552967
1409	3147	2.536044
1410	3168	2.552967
1411	3151	2.539267
1412	3178	2.561026
1413	3168	2.552967
1414	3168	2.552967
1415	3151	2.539267
1416	3147	2.536044
1417	3168	2.552967
1418	3147	2.536044
1419	3146	2.535238
1420	3168	2.552967
1421	3147	2.536044
1422	3146	2.535238
1423	3144	2.533626
1424	3147	2.536044
1425	3151	2.539267
1426	3151	2.539267
1427	3151	2.539267
1428	3147	2.536044
1429	3144	2.533626
1430	3146	2.535238
1431	3139	2.529597
1432	3144	2.533626
1433	3139	2.529597
1434	3144	2.533626
1435	3139	2.529597
1436	3144	2.533626
1437	3136	2.527179
1438	3146	2.535238
1439	3138	2.528791
1440	3144	2.533626
1441	3146	2.535238
1442	3139	2.529597
1443	3147	2.536044
1444	3147	2.536044
1445	3139	2.529597
1446	3146	2.535238
1447	3144	2.533626
1448	3147	2.536044
1449	3155	2.542491
1450	3147	2.536044
1451	3147	2.536044
1452	3147	2.536044
1453	3146	2.535238
1454	3139	2.529597
1455	3138	2.528791
1456	3160	2.546520
1457	3168	2.552967
1458	3168	2.552967
1459	3168	2.552967
1460	3168	2.552967
1461	3170	2.554579
1462	3151	2.539267
1463	3146	2.535238
1464	3168	2.552967
1465	3151	2.539267
1466	3170	2.554579
1467	3168	2.552967
1468	3168	2.552967
1469	3168	2.552967
1470	3151	2.539267
1471	3147	2.536044
1472	3168	2.552967
1473	3151	2.539267
1474	3168	2.552967
1475	3147	2.536044
1476	3151	2.539267
1477	3147	2.536044
1478	3147	2.536044
1479	3139	2.529597
1480	3147	2.536044
1481	3147	2.536044
1482	3160	2.546520
1483	3147	2.536044
1484	3147	2.536044
1485	3151	2.539267
1486	3144	2.533626
1487	3168	2.552967
1488	3168	2.552967
1489	3168	2.552967
1490	3168	2.552967
1491	3147	2.536044
1492	3151	2.539267
1493	3144	2.533626
1494	3151	2.539267
1495	3147	2.536044
1496	3151	2.539267
1497	3139	2.529597
1498	3146	2.535238
1499	3147	2.536044
1500	3146	2.535238
1501	3147	2.536044
1502	3139	2.529597
1503	3139	2.529597
1504	3131	2.523150
1505	3139	2.529597
1506	3144	2.533626
1507	3139	2.529597
1508	3147	2.536044
1509	3139	2.529597
1510	3139	2.529597
1511	3144	2.533626
1512	3146	2.535238
1513	3136	2.527179
1514	3144	2.533626
1515	3147	2.536044
1516	3147	2.536044
1517	3138	2.528791
1518	3139	2.529597
1519	3136	2.527179
1520	3147	2.536044
1521	3139	2.529597
1522	3146	2.535238
1523	3151	2.539267
1524	3144	2.533626
1525	3147	2.536044
1526	3147	2.536044
1527	3147	2.536044
1528	3146	2.535238
1529	3147	2.536044
1530	3136	2.527179
1531	3151	2.539267
1532	3155	2.542491
1533	3147	2.536044
1534	3147	2.536044
1535	3147	2.536044
1536	3144	2.533626
1537	3147	2.536044
1538	3155	2.542491
1539	3168	2.552967
1540	3160	2.546520
1541	3147	2.536044
1542	3155	2.542491
1543	3160	2.546520
1544	3147	2.536044
1545	3147	2.536044
1546	3160	2.546520
1547	3147	2.536044
1548	3168	2.552967
1549	3147	2.536044
1550	3151	2.539267
1551	3147	2.536044
1552	3168	2.552967
1553	3168	2.552967
1554	3147	2.536044
1555	3147	2.536044
1556	3147	2.536044
1557	3146	2.535238
1558	3144	2.533626
1559	3147	2.536044
1560	3146	2.535238
1561	3146	2.535238
1562	3139	2.529597
1563	3147	2.536044
1564	3144	2.533626
1565	3144	2.533626
1566	3146	2.535238
1567	3147	2.536044
1568	3147	2.536044
1569	3136	2.527179
1570	3130	2.522344
1571	3139	2.529597
1572	3147	2.536044
1573	3146	2.535238
1574	3139	2.529597
1575	3130	2.522344
1576	3136	2.527179
1577	3146	2.535238
1578	3146	2.535238
1579	3146	2.535238
1580	3136	2.527179
1581	3138	2.528791
1582	3130	2.522344
1583	3147	2.536044
1584	3128	2.520733
1585	3144	2.533626
1586	3131	2.523150
1587	3115	2.510256
1588	3130	2.522344
1589	3115	2.510256
1590	3130	2.522344
1591	3130	2.522344
1592	3130	2.522344
1593	3130	2.522344
1594	3130	2.522344
1595	3131	2.523150
1596	3144	2.533626
1597	3138	2.528791
1598	3128	2.520733
1599	3136	2.527179
1600	3136	2.527179
1601	3147	2.536044
1602	3144	2.533626
1603	3136	2.527179
1604	3146	2.535238
1605	3147	2.536044
1606	3147	2.536044
1607	3146	2.535238
1608	3139	2.529597
1609	3151	2.539267
1610	3146	2.535238
1611	3146	2.535238
1612	3147	2.536044
1613	3139	2.529597
1614	3147	2.536044
1615	3147	2.536044
1616	3144	2.533626
1617	3138	2.528791
1618	3146	2.535238
1619	3144	2.533626
1620	3144	2.533626
1621	3146	2.535238
1622	3146	2.535238
1623	3144	2.533626
1624	3146	2.535238
1625	3139	2.529597
1626	3168	2.552967
1627	3147	2.536044
1628	3147	2.536044
1629	3168	2.552967
1630	3147	2.536044
1631	3168	2.552967
1632	3146	2.535238
1633	3147	2.536044
1634	3168	2.552967
1635	3147	2.536044
1636	3168	2.552967
1637	3147	2.536044
1638	3146	2.535238
1639	3146	2.535238
1640	3147	2.536044
1641	3144	2.533626
1642	3147	2.536044
1643	3147	2.536044
1644	3139	2.529597
1645	3147	2.536044
1646	3168	2.552967
1647	3147	2.536044
1648	3138	2.528791
1649	3139	2.529597
1650	3151	2.539267
1651	3144	2.533626
1652	3147	2.536044
1653	3146	2.535238
1654	3168	2.552967
1655	3147	2.536044
1656	3147	2.536044
1657	3147	2.536044
1658	3151	2.539267
1659	3144	2.533626
1660	3147	2.536044
1661	3147	2.536044
1662	3146	2.535238
1663	3147	2.536044
1664	3151	2.539267
1665	3151	2.539267
1666	3168	2.552967
1667	3146	2.535238
1668	3139	2.529597
1669	3147	2.536044
1670	3168	2.552967
1671	3155	2.542491
1672	3168	2.552967
1673	3147	2.536044
1674	3147	2.536044
1675	3139	2.529597
1676	3147	2.536044
1677	3146	2.535238
1678	3147	2.536044
1679	3144	2.533626
1680	3146	2.535238
1681	3147	2.536044
1682	3147	2.536044
1683	3147	2.536044
1684	3139	2.529597
1685	3144	2.533626
1686	3144	2.533626
1687	3146	2.535238
1688	3168	2.552967
1689	3147	2.536044
1690	3139	2.529597
1691	3147	2.536044
1692	3144	2.533626
1693	3146	2.535238
1694	3144	2.533626
1695	3144	2.533626
1696	3138	2.528791
1697	3144	2.533626
1698	3144	2.533626
1699	3139	2.529597
1700	3146	2.535238
1701	3139	2.529597
1702	3138	2.528791
1703	3144	2.533626
1704	3136	2.527179
1705	3144	2.533626
1706	3138	2.528791
1707	3136	2.527179
1708	3139	2.529597
1709	3139	2.529597
1710	3139	2.529597
1711	3139	2.529597
1712	3131	2.523150
1713	3131	2.523150
1714	3139	2.529597
1715	3138	2.528791
1716	3130	2.522344
1717	3131	2.523150
1718	3130	2.522344
1719	3138	2.528791
1720	3144	2.533626
1721	3130	2.522344
1722	3138	2.528791
1723	3136	2.527179
1724	3130	2.522344
1725	3128	2.520733
1726	3146	2.535238
1727	3139	2.529597
1728	3138	2.528791
1729	3128	2.520733
1730	3131	2.523150
1731	3130	2.522344
1732	3139	2.529597
1733	3144	2.533626
1734	3130	2.522344
1735	3131	2.523150
1736	3136	2.527179
1737	3128	2.520733
1738	3139	2.529597
1739	3130	2.522344
1740	3131	2.523150
1741	3115	2.510256
1742	3136	2.527179
1743	3115	2.510256
1744	3115	2.510256
1745	3112	2.507839
1746	3119	2.513480
1747	3128	2.520733
1748	3115	2.510256
1749	3115	2.510256
1750	3119	2.513480
1751	3128	2.520733
1752	3130	2.522344
1753	3128	2.520733
1754	3115	2.510256
1755	3115	2.510256
1756	3128	2.520733
1757	3139	2.529597
1758	3130	2.522344
1759	3136	2.527179
1760	3138	2.528791
1761	3130	2.522344
1762	3128	2.520733
1763	3128	2.520733
1764	3131	2.523150
1765	3119	2.513480
1766	3136	2.527179
1767	3119	2.513480
1768	3115	2.510256
1769	3115	2.510256
1770	3112	2.507839
1771	3115	2.510256
1772	3119	2.513480
1773	3114	2.509451
1774	3119	2.513480
1775	3107	2.503810
1776	3114	2.509451
1777	3115	2.510256
1778	3119	2.513480
1779	3114	2.509451
1780	3119	2.513480
1781	3119	2.513480
1782	3130	2.522344
1783	3115	2.510256
1784	3119	2.513480
1785	3131	2.523150
1786	3115	2.510256
1787	3138	2.528791
1788	3119	2.513480
1789	3119	2.513480
1790	3115	2.510256
1791	3119	2.513480
1792	3128	2.520733
1793	3115	2.510256
1794	3119	2.513480
1795	3130	2.522344
1796	3130	2.522344
1797	3128	2.520733
1798	3128	2.520733
1799	3128	2.520733
1800	3115	2.510256
1801	3115	2.510256
1802	3115	2.510256
1803	3115	2.510256
1804	3119	2.513480
1805	3107	2.503810
1806	3115	2.510256
1807	3106	2.503004
1808	3104	2.501392
1809	3106	2.503004
1810	3087	2.487692
1811	3106	2.503004
1812	3104	2.501392
1813	3104	2.501392
1814	3104	2.501392
1815	3104	2.501392
1816	3104	2.501392
1817	3107	2.503810
1818	3106	2.503004
1819	3115	2.510256
1820	3115	2.510256
1821	3104	2.501392
1822	3104	2.501392
1823	3112	2.507839
1824	3104	2.501392
1825	3106	2.503004
1826	3104	2.501392
1827	3087	2.487692
1828	3104	2.501392
1829	3087	2.487692
1830	3083	2.484469
1831	3104	2.501392
1832	3091	2.490916
1833	3104	2.501392
1834	3104	2.501392
1835	3083	2.484469
1836	3087	2.487692
1837	3087	2.487692
1838	3083	2.484469
1839	3083	2.484469
1840	3083	2.484469
1841	3087	2.487692
1842	3087	2.487692
1843	3096	2.494945
1844	3083	2.484469
1845	3104	2.501392
1846	3104	2.501392
1847	3112	2.507839
1848	3107	2.503810
1849	3128	2.520733
1850	3114	2.509451
1851	3083	2.484469
1852	3107	2.503810
1853	3104	2.501392
1854	3104	2.501392
1855	3107	2.503810
1856	3106	2.503004
1857	3104	2.501392
1858	3112	2.507839
1859	3106	2.503004
1860	3106	2.503004
1861	3104	2.501392
1862	3104	2.501392
1863	3104	2.501392
1864	3083	2.484469
1865	3080	2.482051
1866	3104	2.501392
1867	3083	2.484469
1868	3087	2.487692
1869	3104	2.501392
1870	3119	2.513480
1871	3107	2.503810
1872	3106	2.503004
1873	3106	2.503004
1874	3104	2.501392
1875	3104	2.501392
1876	3104	2.501392
1877	3104	2.501392
1878	3087	2.487692
1879	3104	2.501392
1880	3112	2.507839
1881	3107	2.503810
1882	3104	2.501392
1883	3104	2.501392
1884	3104	2.501392
1885	3104	2.501392
1886	3083	2.484469
1887	3083	2.484469
1888	3083	2.484469
1889	3082	2.483663
1890	3082	2.483663
1891	3075	2.478022
1892	3074	2.477216
1893	3080	2.482051
1894	3082	2.483663
1895	3074	2.477216
1896	3083	2.484469
1897	3074	2.477216
1898	3083	2.484469
1899	3104	2.501392
1900	3083	2.484469
1901	3104	2.501392
1902	3106	2.503004
1903	3104	2.501392
1904	3083	2.484469
1905	3075	2.478022
1906	3072	2.475604
1907	3083	2.484469
1908	3075	2.478022
1909	3082	2.483663
1910	3096	2.494945
1911	3087	2.487692
1912	3104	2.501392
1913	3112	2.507839
1914	3112	2.507839
1915	3104	2.501392
1916	3082	2.483663
1917	3083	2.484469
1918	3087	2.487692
1919	3083	2.484469
1920	3087	2.487692
1921	3096	2.494945
1922	3104	2.501392
1923	3106	2.503004
1924	3082	2.483663
1925	3104	2.501392
1926	3104	2.501392
1927	3091	2.490916
1928	3104	2.501392
1929	3106	2.503004
1930	3104	2.501392
1931	3087	2.487692
1932	3083	2.484469
1933	3082	2.483663
1934	3096	2.494945
1935	3083	2.484469
1936	3083	2.484469
1937	3083	2.484469
1938	3087	2.487692
1939	3083	2.484469
1940	3091	2.490916
1941	3104	2.501392
1942	3083	2.484469
1943	3080	2.482051
1944	3080	2.482051
1945	3072	2.475604
1946	3072	2.475604
1947	3072	2.475604
1948	3072	2.475604
1949	3072	2.475604
1950	3074	2.477216
1951	3072	2.475604
1952	3072	2.475604
1953	3082	2.483663
1954	3080	2.482051
1955	3083	2.484469
1956	3104	2.501392
1957	3083	2.484469
1958	3096	2.494945
1959	3083	2.484469
1960	3080	2.482051
1961	3074	2.477216
1962	3083	2.484469
1963	3075	2.478022
1964	3075	2.478022
1965	3072	2.475604
1966	3072	2.475604
1967	3072	2.475604
1968	3072	2.475604
1969	3072	2.475604
1970	3072	2.475604
1971	3072	2.475604
1972	3074	2.477216
1973	3083	2.484469
1974	3074	2.477216
1975	3072	2.475604
1976	3074	2.477216
1977	3080	2.482051
1978	3083	2.484469
1979	3083	2.484469
1980	3083	2.484469
1981	3104	2.501392
1982	3104	2.501392
1983	3104	2.501392
1984	3087	2.487692
1985	3083	2.484469
1986	3074	2.477216
1987	3075	2.478022
1988	3072	2.475604
1989	3072	2.475604
1990	3072	2.475604
1991	3072	2.475604
1992	3043	2.452234
1993	3050	2.457875
1994	3074	2.477216
1995	3082	2.483663
1996	3087	2.487692
1997	3083	2.484469
1998	3083	2.484469
1999	3075	2.478022
2000	3082	2.483663
2001	3075	2.478022
2002	3082	2.483663
2003	3083	2.484469
2004	3104	2.501392
2005	3104	2.501392
2006	3106	2.503004
2007	3106	2.503004
2008	3087	2.487692
2009	3083	2.484469
2010	3104	2.501392
2011	3083	2.484469
2012	3083	2.484469
2013	3087	2.487692
2014	3104	2.501392
2015	3112	2.507839
2016	3104	2.501392
2017	3107	2.503810
2018	3083	2.484469
2019	3074	2.477216
2020	3072	2.475604
2021	3072	2.475604
2022	3074	2.477216
2023	3072	2.475604
2024	3080	2.482051
2025	3082	2.483663
2026	3083	2.484469
2027	3075	2.478022
2028	3082	2.483663
2029	3083	2.484469
2030	3083	2.484469
2031	3104	2.501392
2032	3114	2.509451
2033	3104	2.501392
2034	3104	2.501392
2035	3104	2.501392
2036	3104	2.501392
2037	3104	2.501392
2038	3083	2.484469
2039	3075	2.478022
2040	3083	2.484469
2041	3082	2.483663
2042	3104	2.501392
2043	3087	2.487692
2044	3104	2.501392
2045	3104	2.501392
2046	3106	2.503004
2047	3104	2.501392
2048	3087	2.487692
2049	3083	2.484469
2050	3072	2.475604
2051	3074	2.477216
2052	3080	2.482051
2053	3083	2.484469
2054	3104	2.501392
2055	3104	2.501392
2056	3104	2.501392
2057	3080	2.482051
2058	3083	2.484469
2059	3083	2.484469
2060	3083	2.484469
2061	3083	2.484469
2062	3104	2.501392
2063	3087	2.487692
2064	3083	2.484469
2065	3075	2.478022
2066	3080	2.482051
2067	3080	2.482051
2068	3096	2.494945
2069	3106	2.503004
2070	3107	2.503810
2071	3106	2.503004
2072	3087	2.487692
2073	3083	2.484469
2074	3107	2.503810
2075	3083	2.484469
2076	3080	2.482051
2077	3080	2.482051
2078	3072	2.475604
2079	3083	2.484469
2080	3082	2.483663
2081	3087	2.487692
2082	3104	2.501392
2083	3106	2.503004
2084	3104	2.501392
2085	3104	2.501392
2086	3087	2.487692
2087	3091	2.490916
2088	3104	2.501392
2089	3083	2.484469
2090	3087	2.487692
2091	3082	2.483663
2092	3082	2.483663
2093	3080	2.482051
2094	3072	2.475604
2095	3075	2.478022
2096	3080	2.482051
2097	3080	2.482051
2098	3083	2.484469
2099	3083	2.484469
2100	3072	2.475604
2101	3072	2.475604
2102	3072	2.475604
2103	3072	2.475604
2104	3075	2.478022
2105	3083	2.484469
2106	3104	2.501392
2107	3104	2.501392
2108	3104	2.501392
2109	3082	2.483663
2110	3087	2.487692
2111	3083	2.484469
2112	3080	2.482051
2113	3080	2.482051
2114	3083	2.484469
2115	3083	2.484469
2116	3082	2.483663
2117	3074	2.477216
2118	3080	2.482051
2119	3104	2.501392
2120	3080	2.482051
2121	3072	2.475604
2122	3072	2.475604
2123	3072	2.475604
2124	3072	2.475604
2125	3074	2.477216
2126	3074	2.477216
2127	3072	2.475604
2128	3074	2.477216
2129	3074	2.477216
2130	3072	2.475604
2131	3072	2.475604
2132	3072	2.475604
2133	3072	2.475604
2134	3072	2.475604
2135	3082	2.483663
2136	3080	2.482051
2137	3083	2.484469
2138	3083	2.484469
2139	3075	2.478022
2140	3087	2.487692
2141	3104	2.501392
2142	3104	2.501392
2143	3087	2.487692
2144	3104	2.501392
2145	3083	2.484469
2146	3083	2.484469
2147	3082	2.483663
2148	3083	2.484469
2149	3096	2.494945
2150	3080	2.482051
2151	3083	2.484469
2152	3080	2.482051
2153	3082	2.483663
2154	3083	2.484469
2155	3075	2.478022
2156	3074	2.477216
2157	3083	2.484469
2158	3083	2.484469
2159	3083	2.484469
2160	3083	2.484469
2161	3072	2.475604
2162	3080	2.482051
2163	3072	2.475604
2164	3082	2.483663
2165	3074	2.477216
2166	3072	2.475604
2167	3075	2.478022
2168	3082	2.483663
2169	3104	2.501392
2170	3083	2.484469
2171	3096	2.494945
2172	3104	2.501392
2173	3106	2.503004
2174	3087	2.487692
2175	3080	2.482051
2176	3083	2.484469
2177	3083	2.484469
2178	3082	2.483663
2179	3072	2.475604
2180	3072	2.475604
2181	3072	2.475604
2182	3042	2.451429
2183	3072	2.475604
2184	3072	2.475604
2185	3072	2.475604
2186	3072	2.475604
2187	3072	2.475604
2188	3074	2.477216
2189	3104	2.501392
2190	3104	2.501392
2191	3104	2.501392
2192	3104	2.501392
2193	3114	2.509451
2194	3106	2.503004
2195	3104	2.501392
2196	3091	2.490916
2197	3104	2.501392
2198	3104	2.501392
2199	3106	2.503004
2200	3106	2.503004
2201	3104	2.501392
2202	3104	2.501392
2203	3083	2.484469
2204	3104	2.501392
2205	3087	2.487692
2206	3083	2.484469
2207	3104	2.501392
2208	3104	2.501392
2209	3112	2.507839
2210	3104	2.501392
2211	3091	2.490916
2212	3083	2.484469
2213	3074	2.477216
2214	3082	2.483663
2215	3075	2.478022
2216	3080	2.482051
2217	3080	2.482051
2218	3075	2.478022
2219	3072	2.475604
2220	3072	2.475604
2221	3072	2.475604
2222	3072	2.475604
2223	3082	2.483663
2224	3083	2.484469
2225	3083	2.484469
2226	3091	2.490916
2227	3106	2.503004
2228	3104	2.501392
2229	3087	2.487692
2230	3083	2.484469
2231	3104	2.501392
2232	3106	2.503004
2233	3112	2.507839
2234	3107	2.503810
2235	3104	2.501392
2236	3106	2.503004
2237	3096	2.494945
2238	3104	2.501392
2239	3104	2.501392
2240	3104	2.501392
2241	3106	2.503004
2242	3104	2.501392
2243	3087	2.487692
2244	3096	2.494945
2245	3104	2.501392
2246	3087	2.487692
2247	3083	2.484469
2248	3082	2.483663
2249	3075	2.478022
2250	3083	2.484469
2251	3083	2.484469
2252	3072	2.475604
2253	3083	2.484469
2254	3080	2.482051
2255	3074	2.477216
2256	3080	2.482051
2257	3096	2.494945
2258	3104	2.501392
2259	3082	2.483663
2260	3083	2.484469
2261	3080	2.482051
2262	3075	2.478022
2263	3083	2.484469
2264	3082	2.483663
2265	3072	2.475604
2266	3074	2.477216
2267	3072	2.475604
2268	3072	2.475604
2269	3040	2.449817
2270	3042	2.451429
2271	3072	2.475604
2272	3083	2.484469
2273	3083	2.484469
2274	3072	2.475604
2275	3083	2.484469
2276	3072	2.475604
2277	3072	2.475604
2278	3080	2.482051
2279	3104	2.501392
2280	3104	2.501392
2281	3104	2.501392
2282	3083	2.484469
2283	3104	2.501392
2284	3080	2.482051
2285	3083	2.484469
2286	3082	2.483663
2287	3083	2.484469
2288	3104	2.501392
2289	3074	2.477216
2290	3082	2.483663
2291	3082	2.483663
2292	3087	2.487692
2293	3083	2.484469
2294	3104	2.501392
2295	3083	2.484469
2296	3104	2.501392
2297	3104	2.501392
2298	3083	2.484469
2299	3087	2.487692
2300	3083	2.484469
2301	3080	2.482051
2302	3087	2.487692
2303	3087	2.487692
2304	3083	2.484469
2305	3083	2.484469
2306	3082	2.483663
2307	3083	2.484469
2308	3082	2.483663
2309	3072	2.475604
2310	3075	2.478022
2311	3083	2.484469
2312	3080	2.482051
2313	3072	2.475604
2314	3072	2.475604
2315	3074	2.477216
2316	3104	2.501392
2317	3096	2.494945
2318	3083	2.484469
2319	3072	2.475604
2320	3072	2.475604
2321	3074	2.477216
2322	3082	2.483663
2323	3104	2.501392
2324	3104	2.501392
2325	3104	2.501392
2326	3104	2.501392
2327	3083	2.484469
2328	3083	2.484469
2329	3104	2.501392
2330	3083	2.484469
2331	3080	2.482051
2332	3080	2.482051
2333	3075	2.478022
2334	3074	2.477216
2335	3083	2.484469
2336	3091	2.490916
2337	3082	2.483663
2338	3080	2.482051
2339	3080	2.482051
2340	3087	2.487692
2341	3087	2.487692
2342	3082	2.483663
2343	3075	2.478022
2344	3072	2.475604
2345	3072	2.475604
2346	3072	2.475604
2347	3083	2.484469
2348	3072	2.475604
2349	3074	2.477216
2350	3082	2.483663
2351	3083	2.484469
2352	3080	2.482051
2353	3072	2.475604
2354	3072	2.475604
2355	3082	2.483663
2356	3083	2.484469
2357	3083	2.484469
2358	3083	2.484469
2359	3075	2.478022
2360	3082	2.483663
2361	3080	2.482051
2362	3083	2.484469
2363	3083	2.484469
2364	3082	2.483663
2365	3087	2.487692
2366	3087	2.487692
2367	3083	2.484469
2368	3082	2.483663
2369	3074	2.477216
2370	3072	2.475604
2371	3072	2.475604
2372	3072	2.475604
2373	3083	2.484469
2374	3104	2.501392
2375	3083	2.484469
2376	3087	2.487692
2377	3104	2.501392
2378	3104	2.501392
2379	3104	2.501392
2380	3104	2.501392
2381	3104	2.501392
2382	3104	2.501392
2383	3104	2.501392
2384	3104	2.501392
2385	3104	2.501392
2386	3083	2.484469
2387	3104	2.501392
2388	3104	2.501392
2389	3087	2.487692
2390	3083	2.484469
2391	3083	2.484469
2392	3104	2.501392
2393	3106	2.503004
2394	3087	2.487692
2395	3087	2.487692
2396	3080	2.482051
2397	3080	2.482051
2398	3082	2.483663
2399	3075	2.478022
2400	3083	2.484469
2401	3075	2.478022
2402	3087	2.487692
2403	3087	2.487692
2404	3083	2.484469
2405	3082	2.483663
2406	3083	2.484469
2407	3104	2.501392
2408	3082	2.483663
2409	3087	2.487692
2410	3083	2.484469
2411	3083	2.484469
2412	3083	2.484469
2413	3083	2.484469
2414	3075	2.478022
2415	3083	2.484469
2416	3087	2.487692
2417	3072	2.475604
2418	3075	2.478022
2419	3074	2.477216
2420	3072	2.475604
2421	3072	2.475604
2422	3083	2.484469
2423	3082	2.483663
2424	3083	2.484469
2425	3080	2.482051
2426	3087	2.487692
2427	3104	2.501392
2428	3083	2.484469
2429	3083	2.484469
2430	3083	2.484469
2431	3083	2.484469
2432	3083	2.484469
2433	3087	2.487692
2434	3104	2.501392
2435	3082	2.483663
2436	3083	2.484469
2437	3074	2.477216
2438	3082	2.483663
2439	3074	2.477216
2440	3083	2.484469
2441	3075	2.478022
2442	3083	2.484469
2443	3082	2.483663
2444	3104	2.501392
2445	3083	2.484469
2446	3104	2.501392
2447	3083	2.484469
2448	3104	2.501392
2449	3087	2.487692
2450	3087	2.487692
2451	3104	2.501392
2452	3083	2.484469
2453	3083	2.484469
2454	3104	2.501392
2455	3083	2.484469
2456	3087	2.487692
2457	3072	2.475604
2458	3080	2.482051
2459	3087	2.487692
2460	3082	2.483663
2461	3083	2.484469
2462	3083	2.484469
2463	3104	2.501392
2464	3104	2.501392
2465	3104	2.501392
2466	3104	2.501392
2467	3096	2.494945
2468	3083	2.484469
2469	3104	2.501392
2470	3082	2.483663
2471	3087	2.487692
2472	3106	2.503004
2473	3104	2.501392
2474	3080	2.482051
2475	3082	2.483663
2476	3080	2.482051
2477	3082	2.483663
2478	3082	2.483663
2479	3080	2.482051
2480	3104	2.501392
2481	3104	2.501392
2482	3104	2.501392
2483	3083	2.484469
2484	3087	2.487692
2485	3082	2.483663
2486	3091	2.490916
2487	3083	2.484469
2488	3104	2.501392
2489	3082	2.483663
2490	3083	2.484469
2491	3104	2.501392
2492	3104	2.501392
2493	3107	2.503810
2494	3104	2.501392
2495	3107	2.503810
2496	3091	2.490916
2497	3104	2.501392
2498	3104	2.501392
2499	3104	2.501392
2500	3104	2.501392
2501	3083	2.484469
2502	3080	2.482051
2503	3080	2.482051
2504	3083	2.484469
2505	3083	2.484469
2506	3104	2.501392
2507	3104	2.501392
2508	3104	2.501392
2509	3104	2.501392
2510	3104	2.501392
2511	3106	2.503004
2512	3104	2.501392
2513	3104	2.501392
2514	3104	2.501392
2515	3112	2.507839
2516	3104	2.501392
2517	3107	2.503810
2518	3096	2.494945
2519	3087	2.487692
2520	3083	2.484469
2521	3083	2.484469
2522	3104	2.501392
2523	3082	2.483663
2524	3087	2.487692
2525	3106	2.503004
2526	3096	2.494945
2527	3107	2.503810
2528	3104	2.501392
2529	3104	2.501392
2530	3104	2.501392
2531	3087	2.487692
2532	3091	2.490916
2533	3104	2.501392
2534	3104	2.501392
2535	3087	2.487692
2536	3104	2.501392
2537	3104	2.501392
2538	3104	2.501392
2539	3104	2.501392
2540	3104	2.501392
2541	3091	2.490916
2542	3104	2.501392
2543	3104	2.501392
2544	3104	2.501392
2545	3087	2.487692
2546	3104	2.501392
2547	3104	2.501392
2548	3104	2.501392
2549	3083	2.484469
2550	3087	2.487692
2551	3091	2.490916
2552	3083	2.484469
2553	3087	2.487692
2554	3083	2.484469
2555	3104	2.501392
2556	3104	2.501392
2557	3104	2.501392
2558	3104	2.501392
2559	3104	2.501392
2560	3106	2.503004
2561	3107	2.503810
2562	3106	2.503004
2563	3083	2.484469
2564	3104	2.501392
2565	3104	2.501392
2566	3107	2.503810
2567	3104	2.501392
2568	3106	2.503004
2569	3112	2.507839
2570	3112	2.507839
2571	3106	2.503004
2572	3114	2.509451
2573	3104	2.501392
2574	3104	2.501392
2575	3106	2.503004
2576	3104	2.501392
2577	3087	2.487692
2578	3104	2.501392
2579	3083	2.484469
2580	3104	2.501392
2581	3104	2.501392
2582	3104	2.501392
2583	3106	2.503004
2584	3082	2.483663
2585	3104	2.501392
2586	3106	2.503004
2587	3104	2.501392
2588	3114	2.509451
2589	3104	2.501392
2590	3104	2.501392
2591	3104	2.501392
2592	3087	2.487692
2593	3082	2.483663
2594	3083	2.484469
2595	3082	2.483663
2596	3087	2.487692
2597	3083	2.484469
2598	3082	2.483663
2599	3104	2.501392
2600	3082	2.483663
2601	3083	2.484469
2602	3091	2.490916
2603	3082	2.483663
2604	3083	2.484469
2605	3082	2.483663
2606	3083	2.484469
2607	3083	2.484469
2608	3083	2.484469
2609	3087	2.487692
2610	3087	2.487692
2611	3104	2.501392
2612	3080	2.482051
2613	3075	2.478022
2614	3075	2.478022
2615	3083	2.484469
2616	3083	2.484469
2617	3080	2.482051
2618	3083	2.484469
2619	3080	2.482051
2620	3096	2.494945
2621	3104	2.501392
2622	3104	2.501392
2623	3104	2.501392
2624	3104	2.501392
2625	3091	2.490916
2626	3106	2.503004
2627	3106	2.503004
2628	3107	2.503810
2629	3104	2.501392
2630	3104	2.501392
2631	3104	2.501392
2632	3104	2.501392
2633	3104	2.501392
2634	3106	2.503004
2635	3104	2.501392
2636	3104	2.501392
2637	3104	2.501392
2638	3106	2.503004
2639	3083	2.484469
2640	3104	2.501392
2641	3091	2.490916
2642	3096	2.494945
2643	3083	2.484469
2644	3083	2.484469
2645	3074	2.477216
2646	3083	2.484469
2647	3074	2.477216
2648	3082	2.483663
2649	3087	2.487692
2650	3082	2.483663
2651	3083	2.484469
2652	3091	2.490916
2653	3104	2.501392
2654	3104	2.501392
2655	3083	2.484469
2656	3083	2.484469
2657	3072	2.475604
2658	3075	2.478022
2659	3072	2.475604
2660	3080	2.482051
2661	3075	2.478022
2662	3082	2.483663
2663	3083	2.484469
2664	3082	2.483663
2665	3075	2.478022
2666	3082	2.483663
2667	3075	2.478022
2668	3082	2.483663
2669	3083	2.484469
2670	3087	2.487692
2671	3083	2.484469
2672	3104	2.501392
2673	3104	2.501392
2674	3104	2.501392
2675	3104	2.501392
2676	3106	2.503004
2677	3104	2.501392
2678	3104	2.501392
2679	3107	2.503810
2680	3104	2.501392
2681	3115	2.510256
2682	3104	2.501392
2683	3106	2.503004
2684	3115	2.510256
2685	3087	2.487692
2686	3104	2.501392
2687	3087	2.487692
2688	3104	2.501392
2689	3096	2.494945
2690	3104	2.501392
2691	3087	2.487692
2692	3107	2.503810
2693	3106	2.503004
2694	3096	2.494945
2695	3106	2.503004
2696	3104	2.501392
2697	3104	2.501392
2698	3104	2.501392
2699	3083	2.484469
2700	3087	2.487692
2701	3104	2.501392
2702	3115	2.510256
2703	3104	2.501392
2704	3083	2.484469
2705	3087	2.487692
2706	3104	2.501392
2707	3104	2.501392
2708	3104	2.501392
2709	3104	2.501392
2710	3104	2.501392
2711	3104	2.501392
2712	3114	2.509451
2713	3106	2.503004
2714	3106	2.503004
2715	3106	2.503004
2716	3112	2.507839
2717	3107	2.503810
2718	3106	2.503004
2719	3112	2.507839
2720	3104	2.501392
2721	3087	2.487692
2722	3104	2.501392
2723	3104	2.501392
2724	3114	2.509451
2725	3104	2.501392
2726	3107	2.503810
2727	3106	2.503004
2728	3115	2.510256
2729	3104	2.501392
2730	3107	2.503810
2731	3106	2.503004
2732	3112	2.507839
2733	3112	2.507839
2734	3112	2.507839
2735	3115	2.510256
2736	3114	2.509451
2737	3104	2.501392
2738	3104	2.501392
2739	3107	2.503810
2740	3104	2.501392
2741	3083	2.484469
2742	3104	2.501392
2743	3107	2.503810
2744	3104	2.501392
2745	3114	2.509451
2746	3107	2.503810
2747	3114	2.509451
2748	3115	2.510256
2749	3115	2.510256
2750	3115	2.510256
2751	3119	2.513480
2752	3115	2.510256
2753	3115	2.510256
2754	3119	2.513480
2755	3119	2.513480
2756	3119	2.513480
2757	3115	2.510256
2758	3130	2.522344
2759	3115	2.510256
2760	3136	2.527179
2761	3119	2.513480
2762	3114	2.509451
2763	3119	2.513480
2764	3123	2.516703
2765	3128	2.520733
2766	3128	2.520733
2767	3128	2.520733
2768	3136	2.527179
2769	3115	2.510256
2770	3115	2.510256
2771	3115	2.510256
2772	3115	2.510256
2773	3119	2.513480
2774	3115	2.510256
2775	3115	2.510256
2776	3115	2.510256
2777	3114	2.509451
2778	3114	2.509451
2779	3115	2.510256
2780	3115	2.510256
2781	3115	2.510256
2782	3115	2.510256
2783	3115	2.510256
2784	3114	2.509451
2785	3104	2.501392
2786	3112	2.507839
2787	3115	2.510256
2788	3128	2.520733
2789	3119	2.513480
2790	3115	2.510256
2791	3119	2.513480
2792	3123	2.516703
2793	3131	2.523150
2794	3119	2.513480
2795	3128	2.520733
2796	3139	2.529597
2797	3115	2.510256
2798	3136	2.527179
2799	3128	2.520733
2800	3130	2.522344
2801	3130	2.522344
2802	3138	2.528791
2803	3131	2.523150
2804	3119	2.513480
2805	3131	2.523150
2806	3138	2.528791
2807	3128	2.520733
2808	3119	2.513480
2809	3130	2.522344
2810	3128	2.520733
2811	3130	2.522344
2812	3144	2.533626
2813	3138	2.528791
2814	3138	2.528791
2815	3130	2.522344
2816	3131	2.523150
2817	3131	2.523150
2818	3130	2.522344
2819	3128	2.520733
2820	3130	2.522344
2821	3128	2.520733
2822	3115	2.510256
2823	3136	2.527179
2824	3138	2.528791
2825	3119	2.513480
2826	3119	2.513480
2827	3131	2.523150
2828	3139	2.529597
2829	3138	2.528791
2830	3136	2.527179
2831	3136	2.527179
2832	3136	2.527179
2833	3128	2.520733
2834	3128	2.520733
2835	3138	2.528791
2836	3138	2.528791
2837	3144	2.533626
2838	3131	2.523150
2839	3130	2.522344
2840	3139	2.529597
2841	3144	2.533626
2842	3139	2.529597
2843	3144	2.533626
2844	3147	2.536044
2845	3136	2.527179
2846	3138	2.528791
2847	3146	2.535238
2848	3151	2.539267
2849	3144	2.533626
2850	3130	2.522344
2851	3130	2.522344
2852	3138	2.528791
2853	3130	2.522344
2854	3131	2.523150
2855	3138	2.528791
2856	3138	2.528791
2857	3128	2.520733
2858	3138	2.528791
2859	3144	2.533626
2860	3147	2.536044
2861	3139	2.529597
2862	3138	2.528791
2863	3136	2.527179
2864	3128	2.520733
2865	3130	2.522344
2866	3138	2.528791
2867	3119	2.513480
2868	3115	2.510256
2869	3115	2.510256
2870	3115	2.510256
2871	3123	2.516703
2872	3130	2.522344
2873	3131	2.523150
2874	3136	2.527179
2875	3139	2.529597
2876	3138	2.528791
2877	3139	2.529597
2878	3130	2.522344
2879	3138	2.528791
2880	3138	2.528791
2881	3139	2.529597
2882	3144	2.533626
2883	3146	2.535238
2884	3144	2.533626
2885	3131	2.523150
2886	3146	2.535238
2887	3144	2.533626
2888	3138	2.528791
2889	3144	2.533626
2890	3146	2.535238
2891	3139	2.529597
2892	3147	2.536044
2893	3146	2.535238
2894	3147	2.536044
2895	3144	2.533626
2896	3168	2.552967
2897	3147	2.536044
2898	3146	2.535238
2899	3151	2.539267
2900	3168	2.552967
2901	3147	2.536044
2902	3168	2.552967
2903	3147	2.536044
2904	3147	2.536044
2905	3151	2.539267
2906	3151	2.539267
2907	3147	2.536044
2908	3147	2.536044
2909	3147	2.536044
2910	3146	2.535238
2911	3147	2.536044
2912	3147	2.536044
2913	3131	2.523150
2914	3147	2.536044
2915	3151	2.539267
2916	3139	2.529597
2917	3139	2.529597
2918	3138	2.528791
2919	3151	2.539267
2920	3160	2.546520
2921	3151	2.539267
2922	3147	2.536044
2923	3146	2.535238
2924	3168	2.552967
2925	3144	2.533626
2926	3144	2.533626
2927	3147	2.536044
2928	3138	2.528791
2929	3147	2.536044
2930	3138	2.528791
2931	3147	2.536044
2932	3144	2.533626
2933	3147	2.536044
2934	3147	2.536044
2935	3147	2.536044
2936	3168	2.552967
2937	3146	2.535238
2938	3146	2.535238
2939	3160	2.546520
2940	3168	2.552967
2941	3155	2.542491
2942	3146	2.535238
2943	3147	2.536044
2944	3151	2.539267
2945	3151	2.539267
2946	3146	2.535238
2947	3147	2.536044
2948	3147	2.536044
2949	3155	2.542491
2950	3168	2.552967
2951	3147	2.536044
2952	3151	2.539267
2953	3168	2.552967
2954	3168	2.552967
2955	3168	2.552967
2956	3151	2.539267
2957	3146	2.535238
2958	3147	2.536044
2959	3147	2.536044
2960	3160	2.546520
2961	3147	2.536044
2962	3146	2.535238
2963	3151	2.539267
2964	3146	2.535238
2965	3136	2.527179
2966	3130	2.522344
2967	3138	2.528791
2968	3136	2.527179
2969	3136	2.527179
2970	3136	2.527179
2971	3147	2.536044
2972	3147	2.536044
2973	3147	2.536044
2974	3144	2.533626
2975	3147	2.536044
2976	3147	2.536044
2977	3147	2.536044
2978	3144	2.533626
2979	3147	2.536044
2980	3168	2.552967
2981	3139	2.529597
2982	3147	2.536044
2983	3146	2.535238
2984	3147	2.536044
2985	3147	2.536044
2986	3138	2.528791
2987	3144	2.533626
2988	3146	2.535238
2989	3147	2.536044
2990	3147	2.536044
2991	3147	2.536044
2992	3119	2.513480
2993	3139	2.529597
2994	3146	2.535238
2995	3147	2.536044
2996	3147	2.536044
2997	3147	2.536044
2998	3146	2.535238
2999	3151	2.539267
3000	3168	2.552967
3001	3151	2.539267
3002	3168	2.552967
3003	3168	2.552967
3004	3168	2.552967
3005	3168	2.552967
3006	3170	2.554579
3007	3160	2.546520
3008	3168	2.552967
3009	3168	2.552967
3010	3168	2.552967
3011	3151	2.539267
3012	3151	2.539267
3013	3147	2.536044
3014	3168	2.552967
3015	3160	2.546520
3016	3160	2.546520
3017	3146	2.535238
3018	3146	2.535238
3019	3147	2.536044
3020	3160	2.546520
3021	3147	2.536044
3022	3160	2.546520
3023	3151	2.539267
3024	3168	2.552967
3025	3147	2.536044
3026	3147	2.536044
3027	3147	2.536044
3028	3151	2.539267
3029	3147	2.536044
3030	3147	2.536044
3031	3168	2.552967
3032	3151	2.539267
3033	3155	2.542491
3034	3151	2.539267
3035	3147	2.536044
3036	3168	2.552967
3037	3155	2.542491
3038	3168	2.552967
3039	3147	2.536044
3040	3151	2.539267
3041	3151	2.539267
3042	3168	2.552967
3043	3168	2.552967
3044	3168	2.552967
3045	3147	2.536044
3046	3168	2.552967
3047	3147	2.536044
3048	3147	2.536044
3049	3168	2.552967
3050	3151	2.539267
3051	3151	2.539267
3052	3147	2.536044
3053	3151	2.539267
3054	3147	2.536044
3055	3147	2.536044
3056	3147	2.536044
3057	3151	2.539267
3058	3147	2.536044
3059	3168	2.552967
3060	3151	2.539267
3061	3147	2.536044
3062	3146	2.535238
3063	3147	2.536044
3064	3160	2.546520
3065	3147	2.536044
3066	3146	2.535238
3067	3147	2.536044
3068	3147	2.536044
3069	3147	2.536044
3070	3146	2.535238
3071	3160	2.546520
3072	3168	2.552967
3073	3147	2.536044
3074	3151	2.539267
3075	3168	2.552967
3076	3170	2.554579
3077	3151	2.539267
3078	3151	2.539267
3079	3151	2.539267
3080	3151	2.539267
3081	3147	2.536044
3082	3151	2.539267
3083	3168	2.552967
3084	3168	2.552967
3085	3168	2.552967
3086	3151	2.539267
3087	3147	2.536044
3088	3168	2.552967
3089	3147	2.536044
3090	3147	2.536044
3091	3151	2.539267
3092	3168	2.552967
3093	3170	2.554579
3094	3151	2.539267
3095	3168	2.552967
3096	3168	2.552967
3097	3168	2.552967
3098	3147	2.536044
3099	3168	2.552967
3100	3168	2.552967
3101	3168	2.552967
3102	3168	2.552967
3103	3160	2.546520
3104	3168	2.552967
3105	3168	2.552967
3106	3178	2.561026
3107	3168	2.552967
3108	3168	2.552967
3109	3168	2.552967
3110	3168	2.552967
3111	3147	2.536044
3112	3168	2.552967
3113	3151	2.539267
3114	3147	2.536044
3115	3146	2.535238
3116	3146	2.535238
3117	3155	2.542491
3118	3168	2.552967
3119	3147	2.536044
3120	3168	2.552967
3121	3147	2.536044
3122	3151	2.539267
3123	3147	2.536044
3124	3168	2.552967
3125	3151	2.539267
3126	3151	2.539267
3127	3138	2.528791
3128	3147	2.536044
3129	3146	2.535238
3130	3146	2.535238
3131	3147	2.536044
3132	3147	2.536044
3133	3168	2.552967
3134	3146	2.535238
3135	3151	2.539267
3136	3147	2.536044
3137	3168	2.552967
3138	3146	2.535238
3139	3147	2.536044
3140	3155	2.542491
3141	3139	2.529597
3142	3138	2.528791
3143	3147	2.536044
3144	3136	2.527179
3145	3144	2.533626
3146	3147	2.536044
3147	3146	2.535238
3148	3147	2.536044
3149	3146	2.535238
3150	3144	2.533626
3151	3168	2.552967
3152	3155	2.542491
3153	3160	2.546520
3154	3168	2.552967
3155	3151	2.539267
3156	3151	2.539267
3157	3151	2.539267
3158	3168	2.552967
3159	3151	2.539267
3160	3170	2.554579
3161	3168	2.552967
3162	3160	2.546520
3163	3170	2.554579
3164	3168	2.552967
3165	3155	2.542491
3166	3168	2.552967
3167	3168	2.552967
3168	3151	2.539267
3169	3170	2.554579
3170	3168	2.552967
3171	3168	2.552967
3172	3155	2.542491
3173	3168	2.552967
3174	3147	2.536044
3175	3168	2.552967
3176	3168	2.552967
3177	3168	2.552967
3178	3168	2.552967
3179	3170	2.554579
3180	3168	2.552967
3181	3147	2.536044
3182	3168	2.552967
3183	3151	2.539267
3184	3168	2.552967
3185	3151	2.539267
3186	3147	2.536044
3187	3168	2.552967
3188	3147	2.536044
3189	3147	2.536044
3190	3147	2.536044
3191	3147	2.536044
3192	3146	2.535238
3193	3151	2.539267
3194	3146	2.535238
3195	3147	2.536044
3196	3144	2.533626
3197	3147	2.536044
3198	3151	2.539267
3199	3168	2.552967
3200	3160	2.546520
3201	3168	2.552967
3202	3170	2.554579
3203	3170	2.554579
3204	3168	2.552967
3205	3170	2.554579
3206	3176	2.559414
3207	3171	2.555385
3208	3168	2.552967
3209	3168	2.552967
3210	3151	2.539267
3211	3168	2.552967
3212	3168	2.552967
3213	3168	2.552967
3214	3168	2.552967
3215	3168	2.552967
3216	3171	2.555385
3217	3151	2.539267
3218	3151	2.539267
3219	3147	2.536044
3220	3151	2.539267
3221	3151	2.539267
3222	3170	2.554579
3223	3151	2.539267
3224	3168	2.552967
3225	3170	2.554579
3226	3170	2.554579
3227	3168	2.552967
3228	3171	2.555385
3229	3168	2.552967
3230	3168	2.552967
3231	3147	2.536044
3232	3168	2.552967
3233	3168	2.552967
3234	3151	2.539267
3235	3146	2.535238
3236	3168	2.552967
3237	3151	2.539267
3238	3147	2.536044
3239	3151	2.539267
3240	3146	2.535238
3241	3147	2.536044
3242	3147	2.536044
3243	3147	2.536044
3244	3147	2.536044
3245	3147	2.536044
3246	3147	2.536044
3247	3146	2.535238
3248	3160	2.546520
3249	3151	2.539267
3250	3168	2.552967
3251	3151	2.539267
3252	3151	2.539267
3253	3168	2.552967
3254	3155	2.542491
3255	3168	2.552967
3256	3168	2.552967
3257	3160	2.546520
3258	3168	2.552967
3259	3151	2.539267
3260	3151	2.539267
3261	3168	2.552967
3262	3168	2.552967
3263	3168	2.552967
3264	3168	2.552967
3265	3168	2.552967
3266	3151	2.539267
3267	3147	2.536044
3268	3151	2.539267
3269	3147	2.536044
3270	3147	2.536044
3271	3147	2.536044
3272	3151	2.539267
3273	3147	2.536044
3274	3168	2.552967
3275	3168	2.552967
3276	3171	2.555385
3277	3178	2.561026
3278	3171	2.555385
3279	3170	2.554579
3280	3171	2.555385
3281	3168	2.552967
3282	3171	2.555385
3283	3168	2.552967
3284	3170	2.554579
3285	3170	2.554579
3286	3176	2.559414
3287	3168	2.552967
3288	3170	2.554579
3289	3176	2.559414
3290	3168	2.552967
3291	3168	2.552967
3292	3168	2.552967
3293	3147	2.536044
3294	3168	2.552967
3295	3168	2.552967
3296	3168	2.552967
3297	3147	2.536044
3298	3147	2.536044
3299	3146	2.535238
3300	3151	2.539267
3301	3168	2.552967
3302	3147	2.536044
3303	3146	2.535238
3304	3146	2.535238
3305	3147	2.536044
3306	3168	2.552967
3307	3168	2.552967
3308	3168	2.552967
3309	3168	2.552967
3310	3168	2.552967
3311	3168	2.552967
3312	3178	2.561026
3313	3171	2.555385
3314	3168	2.552967
3315	3147	2.536044
3316	3170	2.554579
3317	3171	2.555385
3318	3168	2.552967
3319	3170	2.554579
3320	3170	2.554579
3321	3168	2.552967
3322	3147	2.536044
3323	3168	2.552967
3324	3168	2.552967
3325	3168	2.552967
3326	3168	2.552967
3327	3168	2.552967
3328	3170	2.554579
3329	3160	2.546520
3330	3168	2.552967
3331	3168	2.552967
3332	3168	2.552967
3333	3171	2.555385
3334	3171	2.555385
3335	3170	2.554579
3336	3151	2.539267
3337	3176	2.559414
3338	3170	2.554579
3339	3168	2.552967
3340	3168	2.552967
3341	3151	2.539267
3342	3168	2.552967
3343	3168	2.552967
3344	3168	2.552967
3345	3151	2.539267
3346	3171	2.555385
3347	3151	2.539267
3348	3151	2.539267
3349	3168	2.552967
3350	3168	2.552967
3351	3168	2.552967
3352	3151	2.539267
3353	3168	2.552967
3354	3168	2.552967
3355	3170	2.554579
3356	3178	2.561026
3357	3170	2.554579
3358	3168	2.552967
3359	3171	2.555385
3360	3170	2.554579
3361	3168	2.552967
3362	3170	2.554579
3363	3170	2.554579
3364	3176	2.559414
3365	3168	2.552967
3366	3168	2.552967
3367	3170	2.554579
3368	3168	2.552967
3369	3178	2.561026
3370	3168	2.552967
3371	3170	2.554579
3372	3170	2.554579
3373	3178	2.561026
3374	3168	2.552967
3375	3168	2.552967
3376	3170	2.554579
3377	3168	2.552967
3378	3151	2.539267
3379	3178	2.561026
3380	3171	2.555385
3381	3170	2.554579
3382	3170	2.554579
3383	3179	2.561832
3384	3176	2.559414
3385	3168	2.552967
3386	3179	2.561832
3387	3178	2.561026
3388	3168	2.552967
3389	3168	2.552967
3390	3176	2.559414
3391	3179	2.561832
3392	3171	2.555385
3393	3168	2.552967
3394	3160	2.546520
3395	3168	2.552967
3396	3176	2.559414
3397	3147	2.536044
3398	3168	2.552967
3399	3170	2.554579
3400	3168	2.552967
3401	3168	2.552967
3402	3151	2.539267
3403	3147	2.536044
3404	3168	2.552967
3405	3168	2.552967
3406	3171	2.555385
3407	3168	2.552967
3408	3171	2.555385
3409	3168	2.552967
3410	3179	2.561832
3411	3178	2.561026
3412	3168	2.552967
3413	3171	2.555385
3414	3171	2.555385
3415	3176	2.559414
3416	3168	2.552967
3417	3176	2.559414
3418	3171	2.555385
3419	3170	2.554579
3420	3170	2.554579
3421	3171	2.555385
3422	3178	2.561026
3423	3170	2.554579
3424	3168	2.552967
3425	3176	2.559414
3426	3170	2.554579
3427	3171	2.555385
3428	3168	2.552967
3429	3168	2.552967
3430	3168	2.552967
3431	3179	2.561832
3432	3168	2.552967
3433	3147	2.536044
3434	3170	2.554579
3435	3168	2.552967
3436	3171	2.555385
3437	3168	2.552967
3438	3170	2.554579
3439	3168	2.552967
3440	3170	2.554579
3441	3160	2.546520
3442	3168	2.552967
3443	3151	2.539267
3444	3168	2.552967
3445	3170	2.554579
3446	3168	2.552967
3447	3147	2.536044
3448	3147	2.536044
3449	3151	2.539267
3450	3168	2.552967
3451	3168	2.552967
3452	3168	2.552967
3453	3168	2.552967
3454	3168	2.552967
3455	3168	2.552967
3456	3171	2.555385
3457	3168	2.552967
3458	3176	2.559414
3459	3170	2.554579
3460	3168	2.552967
3461	3168	2.552967
3462	3171	2.555385
3463	3168	2.552967
3464	3168	2.552967
3465	3168	2.552967
3466	3168	2.552967
3467	3168	2.552967
3468	3168	2.552967
3469	3168	2.552967
3470	3171	2.555385
3471	3168	2.552967
3472	3168	2.552967
3473	3168	2.552967
3474	3170	2.554579
3475	3151	2.539267
3476	3168	2.552967
3477	3168	2.552967
3478	3160	2.546520
3479	3155	2.542491
3480	3168	2.552967
3481	3147	2.536044
3482	3168	2.552967
3483	3168	2.552967
3484	3168	2.552967
3485	3170	2.554579
3486	3147	2.536044
3487	3147	2.536044
3488	3168	2.552967
3489	3168	2.552967
3490	3151	2.539267
3491	3147	2.536044
3492	3146	2.535238
3493	3138	2.528791
3494	3147	2.536044
3495	3146	2.535238
3496	3147	2.536044
3497	3146	2.535238
3498	3139	2.529597
3499	3147	2.536044
3500	3168	2.552967
3501	3151	2.539267
3502	3168	2.552967
3503	3147	2.536044
3504	3171	2.555385
3505	3168	2.552967
3506	3168	2.552967
3507	3170	2.554579
3508	3168	2.552967
3509	3151	2.539267
3510	3151	2.539267
3511	3168	2.552967
3512	3168	2.552967
3513	3168	2.552967
3514	3151	2.539267
3515	3151	2.539267
3516	3168	2.552967
3517	3151	2.539267
3518	3168	2.552967
3519	3151	2.539267
3520	3168	2.552967
3521	3160	2.546520
3522	3168	2.552967
3523	3168	2.552967
3524	3151	2.539267
3525	3168	2.552967
3526	3168	2.552967
3527	3168	2.552967
3528	3170	2.554579
3529	3151	2.539267
3530	3168	2.552967
3531	3171	2.555385
3532	3160	2.546520
3533	3151	2.539267
3534	3147	2.536044
3535	3147	2.536044
3536	3147	2.536044
3537	3151	2.539267
3538	3144	2.533626
3539	3147	2.536044
3540	3146	2.535238
3541	3147	2.536044
3542	3147	2.536044
3543	3139	2.529597
3544	3147	2.536044
3545	3139	2.529597
3546	3146	2.535238
3547	3168	2.552967
3548	3144	2.533626
3549	3136	2.527179
3550	3139	2.529597
3551	3144	2.533626
3552	3147	2.536044
3553	3146	2.535238
3554	3147	2.536044
3555	3138	2.528791
3556	3147	2.536044
3557	3147	2.536044
3558	3168	2.552967
3559	3170	2.554579
3560	3171	2.555385
3561	3168	2.552967
3562	3168	2.552967
3563	3155	2.542491
3564	3168	2.552967
3565	3168	2.552967
3566	3168	2.552967
3567	3168	2.552967
3568	3168	2.552967
3569	3147	2.536044
3570	3147	2.536044
3571	3147	2.536044
3572	3147	2.536044
3573	3138	2.528791
3574	3147	2.536044
3575	3147	2.536044
3576	3147	2.536044
3577	3147	2.536044
3578	3146	2.535238
3579	3147	2.536044
3580	3147	2.536044
3581	3147	2.536044
3582	3147	2.536044
3583	3139	2.529597
3584	3147	2.536044
3585	3146	2.535238
3586	3144	2.533626
3587	3138	2.528791
3588	3146	2.535238
3589	3139	2.529597
3590	3139	2.529597
3591	3136	2.527179
3592	3138	2.528791
3593	3147	2.536044
3594	3139	2.529597
3595	3139	2.529597
3596	3139	2.529597
3597	3131	2.523150
3598	3146	2.535238
3599	3144	2.533626
3600	3144	2.533626
3601	3138	2.528791
3602	3131	2.523150
3603	3144	2.533626
3604	3131	2.523150
3605	3138	2.528791
3606	3138	2.528791
3607	3146	2.535238
3608	3139	2.529597
3609	3146	2.535238
3610	3139	2.529597
3611	3139	2.529597
3612	3146	2.535238
3613	3144	2.533626
3614	3147	2.536044
3615	3146	2.535238
3616	3147	2.536044
3617	3146	2.535238
3618	3144	2.533626
3619	3144	2.533626
3620	3168	2.552967
3621	3146	2.535238
3622	3147	2.536044
3623	3151	2.539267
3624	3147	2.536044
3625	3151	2.539267
3626	3138	2.528791
3627	3151	2.539267
3628	3146	2.535238
3629	3147	2.536044
3630	3147	2.536044
3631	3147	2.536044
3632	3147	2.536044
3633	3168	2.552967
3634	3147	2.536044
3635	3151	2.539267
3636	3144	2.533626
3637	3151	2.539267
3638	3168	2.552967
3639	3168	2.552967
3640	3144	2.533626
3641	3147	2.536044
3642	3151	2.539267
3643	3146	2.535238
3644	3147	2.536044
3645	3171	2.555385
3646	3168	2.552967
3647	3178	2.561026
