Pixel	ADC	VoltageV
1	3958	3.189597
2	3958	3.189597
3	3958	3.189597
4	3958	3.189597
5	3958	3.189597
6	3958	3.189597
7	3958	3.189597
8	3958	3.189597
9	3958	3.189597
10	3958	3.189597
11	3958	3.189597
12	3958	3.189597
13	3958	3.189597
14	3958	3.189597
15	3958	3.189597
16	3958	3.189597
17	3510	2.828571
18	3138	2.528791
19	3142	2.532015
20	3158	2.544908
21	3158	2.544908
22	3142	2.532015
23	3142	2.532015
24	3142	2.532015
25	3142	2.532015
26	3142	2.532015
27	3143	2.532821
28	3142	2.532015
29	3142	2.532015
30	3150	2.538462
31	3142	2.532015
32	3142	2.532015
33	3150	2.538462
34	3158	2.544908
35	3158	2.544908
36	3154	2.541685
37	3154	2.541685
38	3142	2.532015
39	3158	2.544908
40	3142	2.532015
41	3126	2.519121
42	3154	2.541685
43	3142	2.532015
44	3142	2.532015
45	3158	2.544908
46	3154	2.541685
47	3142	2.532015
48	3142	2.532015
49	3142	2.532015
50	3138	2.528791
51	3142	2.532015
52	3142	2.532015
53	3142	2.532015
54	3138	2.528791
55	3142	2.532015
56	3138	2.528791
57	3154	2.541685
58	3142	2.532015
59	3138	2.528791
60	3138	2.528791
61	3142	2.532015
62	3126	2.519121
63	3142	2.532015
64	3142	2.532015
65	3138	2.528791
66	3138	2.528791
67	3126	2.519121
68	3126	2.519121
69	3126	2.519121
70	3138	2.528791
71	3142	2.532015
72	3142	2.532015
73	3138	2.528791
74	3138	2.528791
75	3126	2.519121
76	3126	2.519121
77	3154	2.541685
78	3142	2.532015
79	3126	2.519121
80	3138	2.528791
81	3142	2.532015
82	3126	2.519121
83	3126	2.519121
84	3126	2.519121
85	3126	2.519121
86	3142	2.532015
87	3126	2.519121
88	3126	2.519121
89	3126	2.519121
90	3126	2.519121
91	3126	2.519121
92	3126	2.519121
93	3126	2.519121
94	3142	2.532015
95	3138	2.528791
96	3126	2.519121
97	3126	2.519121
98	3138	2.528791
99	3138	2.528791
100	3126	2.519121
101	3126	2.519121
102	3122	2.515897
103	3126	2.519121
104	3138	2.528791
105	3126	2.519121
106	3122	2.515897
107	3126	2.519121
108	3126	2.519121
109	3122	2.515897
110	3118	2.512674
111	3138	2.528791
112	3126	2.519121
113	3122	2.515897
114	3122	2.515897
115	3126	2.519121
116	3138	2.528791
117	3126	2.519121
118	3126	2.519121
119	3126	2.519121
120	3122	2.515897
121	3142	2.532015
122	3150	2.538462
123	3138	2.528791
124	3126	2.519121
125	3142	2.532015
126	3142	2.532015
127	3138	2.528791
128	3142	2.532015
129	3138	2.528791
130	3142	2.532015
131	3126	2.519121
132	3142	2.532015
133	3138	2.528791
134	3142	2.532015
135	3126	2.519121
136	3126	2.519121
137	3138	2.528791
138	3138	2.528791
139	3126	2.519121
140	3138	2.528791
141	3126	2.519121
142	3126	2.519121
143	3126	2.519121
144	3110	2.506227
145	3110	2.506227
146	3138	2.528791
147	3126	2.519121
148	3126	2.519121
149	3126	2.519121
150	3110	2.506227
151	3126	2.519121
152	3126	2.519121
153	3126	2.519121
154	3126	2.519121
155	3126	2.519121
156	3142	2.532015
157	3138	2.528791
158	3122	2.515897
159	3126	2.519121
160	3126	2.519121
161	3126	2.519121
162	3122	2.515897
163	3142	2.532015
164	3126	2.519121
165	3126	2.519121
166	3126	2.519121
167	3110	2.506227
168	3126	2.519121
169	3126	2.519121
170	3126	2.519121
171	3110	2.506227
172	3110	2.506227
173	3122	2.515897
174	3126	2.519121
175	3122	2.515897
176	3110	2.506227
177	3110	2.506227
178	3110	2.506227
179	3110	2.506227
180	3110	2.506227
181	3122	2.515897
182	3110	2.506227
183	3118	2.512674
184	3110	2.506227
185	3126	2.519121
186	3106	2.503004
187	3122	2.515897
188	3110	2.506227
189	3110	2.506227
190	3106	2.503004
191	3110	2.506227
192	3110	2.506227
193	3110	2.506227
194	3110	2.506227
195	3110	2.506227
196	3122	2.515897
197	3110	2.506227
198	3118	2.512674
199	3126	2.519121
200	3110	2.506227
201	3110	2.506227
202	3110	2.506227
203	3122	2.515897
204	3110	2.506227
205	3122	2.515897
206	3110	2.506227
207	3110	2.506227
208	3122	2.515897
209	3126	2.519121
210	3110	2.506227
211	3110	2.506227
212	3122	2.515897
213	3110	2.506227
214	3106	2.503004
215	3110	2.506227
216	3122	2.515897
217	3110	2.506227
218	3110	2.506227
219	3110	2.506227
220	3110	2.506227
221	3110	2.506227
222	3106	2.503004
223	3106	2.503004
224	3126	2.519121
225	3122	2.515897
226	3122	2.515897
227	3111	2.507033
228	3118	2.512674
229	3110	2.506227
230	3110	2.506227
231	3110	2.506227
232	3110	2.506227
233	3126	2.519121
234	3126	2.519121
235	3110	2.506227
236	3110	2.506227
237	3126	2.519121
238	3110	2.506227
239	3118	2.512674
240	3126	2.519121
241	3138	2.528791
242	3110	2.506227
243	3126	2.519121
244	3118	2.512674
245	3118	2.512674
246	3126	2.519121
247	3122	2.515897
248	3110	2.506227
249	3110	2.506227
250	3126	2.519121
251	3110	2.506227
252	3118	2.512674
253	3110	2.506227
254	3110	2.506227
255	3110	2.506227
256	3111	2.507033
257	3122	2.515897
258	3126	2.519121
259	3126	2.519121
260	3126	2.519121
261	3126	2.519121
262	3126	2.519121
263	3126	2.519121
264	3110	2.506227
265	3122	2.515897
266	3138	2.528791
267	3126	2.519121
268	3126	2.519121
269	3126	2.519121
270	3126	2.519121
271	3126	2.519121
272	3110	2.506227
273	3126	2.519121
274	3122	2.515897
275	3110	2.506227
276	3110	2.506227
277	3126	2.519121
278	3106	2.503004
279	3110	2.506227
280	3110	2.506227
281	3110	2.506227
282	3110	2.506227
283	3106	2.503004
284	3106	2.503004
285	3110	2.506227
286	3110	2.506227
287	3110	2.506227
288	3110	2.506227
289	3110	2.506227
290	3122	2.515897
291	3126	2.519121
292	3110	2.506227
293	3110	2.506227
294	3110	2.506227
295	3110	2.506227
296	3106	2.503004
297	3122	2.515897
298	3110	2.506227
299	3111	2.507033
300	3126	2.519121
301	3111	2.507033
302	3110	2.506227
303	3110	2.506227
304	3126	2.519121
305	3126	2.519121
306	3138	2.528791
307	3126	2.519121
308	3126	2.519121
309	3126	2.519121
310	3142	2.532015
311	3126	2.519121
312	3126	2.519121
313	3122	2.515897
314	3126	2.519121
315	3126	2.519121
316	3126	2.519121
317	3126	2.519121
318	3126	2.519121
319	3126	2.519121
320	3138	2.528791
321	3142	2.532015
322	3142	2.532015
323	3138	2.528791
324	3142	2.532015
325	3142	2.532015
326	3143	2.532821
327	3142	2.532015
328	3142	2.532015
329	3142	2.532015
330	3143	2.532821
331	3142	2.532015
332	3142	2.532015
333	3126	2.519121
334	3142	2.532015
335	3142	2.532015
336	3142	2.532015
337	3142	2.532015
338	3126	2.519121
339	3126	2.519121
340	3142	2.532015
341	3142	2.532015
342	3143	2.532821
343	3138	2.528791
344	3154	2.541685
345	3142	2.532015
346	3138	2.528791
347	3142	2.532015
348	3142	2.532015
349	3138	2.528791
350	3158	2.544908
351	3142	2.532015
352	3142	2.532015
353	3143	2.532821
354	3154	2.541685
355	3138	2.528791
356	3142	2.532015
357	3142	2.532015
358	3143	2.532821
359	3138	2.528791
360	3127	2.519927
361	3142	2.532015
362	3158	2.544908
363	3138	2.528791
364	3142	2.532015
365	3143	2.532821
366	3126	2.519121
367	3142	2.532015
368	3142	2.532015
369	3142	2.532015
370	3142	2.532015
371	3142	2.532015
372	3142	2.532015
373	3142	2.532015
374	3142	2.532015
375	3126	2.519121
376	3126	2.519121
377	3142	2.532015
378	3158	2.544908
379	3142	2.532015
380	3142	2.532015
381	3138	2.528791
382	3142	2.532015
383	3138	2.528791
384	3138	2.528791
385	3142	2.532015
386	3126	2.519121
387	3138	2.528791
388	3142	2.532015
389	3138	2.528791
390	3142	2.532015
391	3126	2.519121
392	3138	2.528791
393	3126	2.519121
394	3126	2.519121
395	3138	2.528791
396	3126	2.519121
397	3142	2.532015
398	3142	2.532015
399	3142	2.532015
400	3118	2.512674
401	3138	2.528791
402	3126	2.519121
403	3138	2.528791
404	3138	2.528791
405	3138	2.528791
406	3142	2.532015
407	3142	2.532015
408	3143	2.532821
409	3142	2.532015
410	3142	2.532015
411	3126	2.519121
412	3158	2.544908
413	3154	2.541685
414	3126	2.519121
415	3142	2.532015
416	3142	2.532015
417	3138	2.528791
418	3142	2.532015
419	3142	2.532015
420	3158	2.544908
421	3126	2.519121
422	3142	2.532015
423	3142	2.532015
424	3142	2.532015
425	3142	2.532015
426	3150	2.538462
427	3142	2.532015
428	3158	2.544908
429	3138	2.528791
430	3142	2.532015
431	3142	2.532015
432	3158	2.544908
433	3150	2.538462
434	3142	2.532015
435	3154	2.541685
436	3142	2.532015
437	3142	2.532015
438	3143	2.532821
439	3158	2.544908
440	3154	2.541685
441	3158	2.544908
442	3142	2.532015
443	3158	2.544908
444	3154	2.541685
445	3142	2.532015
446	3143	2.532821
447	3142	2.532015
448	3142	2.532015
449	3150	2.538462
450	3142	2.532015
451	3142	2.532015
452	3142	2.532015
453	3142	2.532015
454	3154	2.541685
455	3138	2.528791
456	3142	2.532015
457	3142	2.532015
458	3142	2.532015
459	3142	2.532015
460	3142	2.532015
461	3142	2.532015
462	3142	2.532015
463	3126	2.519121
464	3126	2.519121
465	3126	2.519121
466	3142	2.532015
467	3142	2.532015
468	3142	2.532015
469	3138	2.528791
470	3142	2.532015
471	3142	2.532015
472	3126	2.519121
473	3142	2.532015
474	3142	2.532015
475	3138	2.528791
476	3138	2.528791
477	3142	2.532015
478	3138	2.528791
479	3138	2.528791
480	3142	2.532015
481	3126	2.519121
482	3142	2.532015
483	3138	2.528791
484	3142	2.532015
485	3122	2.515897
486	3138	2.528791
487	3138	2.528791
488	3138	2.528791
489	3126	2.519121
490	3126	2.519121
491	3138	2.528791
492	3126	2.519121
493	3138	2.528791
494	3126	2.519121
495	3142	2.532015
496	3126	2.519121
497	3126	2.519121
498	3126	2.519121
499	3126	2.519121
500	3142	2.532015
501	3142	2.532015
502	3138	2.528791
503	3142	2.532015
504	3138	2.528791
505	3126	2.519121
506	3138	2.528791
507	3138	2.528791
508	3138	2.528791
509	3142	2.532015
510	3122	2.515897
511	3126	2.519121
512	3126	2.519121
513	3138	2.528791
514	3126	2.519121
515	3142	2.532015
516	3126	2.519121
517	3126	2.519121
518	3138	2.528791
519	3138	2.528791
520	3126	2.519121
521	3126	2.519121
522	3138	2.528791
523	3126	2.519121
524	3142	2.532015
525	3126	2.519121
526	3126	2.519121
527	3138	2.528791
528	3126	2.519121
529	3138	2.528791
530	3138	2.528791
531	3126	2.519121
532	3138	2.528791
533	3142	2.532015
534	3142	2.532015
535	3126	2.519121
536	3138	2.528791
537	3138	2.528791
538	3138	2.528791
539	3126	2.519121
540	3138	2.528791
541	3126	2.519121
542	3142	2.532015
543	3126	2.519121
544	3126	2.519121
545	3142	2.532015
546	3126	2.519121
547	3126	2.519121
548	3126	2.519121
549	3118	2.512674
550	3126	2.519121
551	3126	2.519121
552	3126	2.519121
553	3142	2.532015
554	3138	2.528791
555	3126	2.519121
556	3142	2.532015
557	3138	2.528791
558	3142	2.532015
559	3126	2.519121
560	3126	2.519121
561	3126	2.519121
562	3126	2.519121
563	3138	2.528791
564	3126	2.519121
565	3138	2.528791
566	3142	2.532015
567	3126	2.519121
568	3142	2.532015
569	3126	2.519121
570	3126	2.519121
571	3110	2.506227
572	3138	2.528791
573	3126	2.519121
574	3138	2.528791
575	3126	2.519121
576	3138	2.528791
577	3138	2.528791
578	3126	2.519121
579	3126	2.519121
580	3126	2.519121
581	3126	2.519121
582	3142	2.532015
583	3126	2.519121
584	3138	2.528791
585	3118	2.512674
586	3126	2.519121
587	3142	2.532015
588	3142	2.532015
589	3126	2.519121
590	3126	2.519121
591	3126	2.519121
592	3142	2.532015
593	3138	2.528791
594	3142	2.532015
595	3142	2.532015
596	3142	2.532015
597	3126	2.519121
598	3142	2.532015
599	3126	2.519121
600	3138	2.528791
601	3126	2.519121
602	3126	2.519121
603	3142	2.532015
604	3122	2.515897
605	3122	2.515897
606	3126	2.519121
607	3126	2.519121
608	3126	2.519121
609	3126	2.519121
610	3110	2.506227
611	3126	2.519121
612	3111	2.507033
613	3126	2.519121
614	3126	2.519121
615	3110	2.506227
616	3126	2.519121
617	3122	2.515897
618	3126	2.519121
619	3110	2.506227
620	3122	2.515897
621	3110	2.506227
622	3110	2.506227
623	3122	2.515897
624	3106	2.503004
625	3106	2.503004
626	3110	2.506227
627	3110	2.506227
628	3094	2.493333
629	3106	2.503004
630	3110	2.506227
631	3110	2.506227
632	3094	2.493333
633	3094	2.493333
634	3094	2.493333
635	3094	2.493333
636	3110	2.506227
637	3110	2.506227
638	3090	2.490110
639	3094	2.493333
640	3094	2.493333
641	3110	2.506227
642	3110	2.506227
643	3122	2.515897
644	3110	2.506227
645	3118	2.512674
646	3138	2.528791
647	3138	2.528791
648	3138	2.528791
649	3122	2.515897
650	3126	2.519121
651	3138	2.528791
652	3126	2.519121
653	3118	2.512674
654	3126	2.519121
655	3126	2.519121
656	3126	2.519121
657	3126	2.519121
658	3126	2.519121
659	3110	2.506227
660	3126	2.519121
661	3126	2.519121
662	3138	2.528791
663	3126	2.519121
664	3142	2.532015
665	3138	2.528791
666	3142	2.532015
667	3126	2.519121
668	3138	2.528791
669	3138	2.528791
670	3142	2.532015
671	3142	2.532015
672	3138	2.528791
673	3138	2.528791
674	3138	2.528791
675	3142	2.532015
676	3142	2.532015
677	3154	2.541685
678	3138	2.528791
679	3138	2.528791
680	3138	2.528791
681	3126	2.519121
682	3138	2.528791
683	3126	2.519121
684	3138	2.528791
685	3142	2.532015
686	3126	2.519121
687	3126	2.519121
688	3126	2.519121
689	3142	2.532015
690	3126	2.519121
691	3126	2.519121
692	3126	2.519121
693	3126	2.519121
694	3126	2.519121
695	3126	2.519121
696	3126	2.519121
697	3138	2.528791
698	3142	2.532015
699	3110	2.506227
700	3126	2.519121
701	3126	2.519121
702	3138	2.528791
703	3126	2.519121
704	3126	2.519121
705	3110	2.506227
706	3110	2.506227
707	3126	2.519121
708	3138	2.528791
709	3126	2.519121
710	3126	2.519121
711	3110	2.506227
712	3110	2.506227
713	3126	2.519121
714	3122	2.515897
715	3122	2.515897
716	3122	2.515897
717	3126	2.519121
718	3118	2.512674
719	3122	2.515897
720	3126	2.519121
721	3138	2.528791
722	3126	2.519121
723	3126	2.519121
724	3122	2.515897
725	3122	2.515897
726	3110	2.506227
727	3126	2.519121
728	3126	2.519121
729	3126	2.519121
730	3126	2.519121
731	3126	2.519121
732	3126	2.519121
733	3110	2.506227
734	3110	2.506227
735	3110	2.506227
736	3110	2.506227
737	3110	2.506227
738	3094	2.493333
739	3110	2.506227
740	3090	2.490110
741	3094	2.493333
742	3094	2.493333
743	3079	2.481245
744	3094	2.493333
745	3094	2.493333
746	3090	2.490110
747	3094	2.493333
748	3110	2.506227
749	3106	2.503004
750	3110	2.506227
751	3094	2.493333
752	3094	2.493333
753	3110	2.506227
754	3110	2.506227
755	3126	2.519121
756	3110	2.506227
757	3110	2.506227
758	3122	2.515897
759	3111	2.507033
760	3110	2.506227
761	3111	2.507033
762	3122	2.515897
763	3110	2.506227
764	3122	2.515897
765	3126	2.519121
766	3122	2.515897
767	3126	2.519121
768	3126	2.519121
769	3126	2.519121
770	3138	2.528791
771	3138	2.528791
772	3126	2.519121
773	3126	2.519121
774	3122	2.515897
775	3126	2.519121
776	3126	2.519121
777	3142	2.532015
778	3138	2.528791
779	3142	2.532015
780	3138	2.528791
781	3142	2.532015
782	3138	2.528791
783	3142	2.532015
784	3142	2.532015
785	3142	2.532015
786	3138	2.528791
787	3142	2.532015
788	3142	2.532015
789	3143	2.532821
790	3142	2.532015
791	3138	2.528791
792	3158	2.544908
793	3142	2.532015
794	3142	2.532015
795	3142	2.532015
796	3150	2.538462
797	3158	2.544908
798	3142	2.532015
799	3154	2.541685
800	3154	2.541685
801	3170	2.554579
802	3154	2.541685
803	3158	2.544908
804	3158	2.544908
805	3170	2.554579
806	3158	2.544908
807	3158	2.544908
808	3174	2.557802
809	3170	2.554579
810	3174	2.557802
811	3170	2.554579
812	3158	2.544908
813	3158	2.544908
814	3174	2.557802
815	3158	2.544908
816	3170	2.554579
817	3158	2.544908
818	3158	2.544908
819	3170	2.554579
820	3158	2.544908
821	3158	2.544908
822	3154	2.541685
823	3158	2.544908
824	3154	2.541685
825	3158	2.544908
826	3158	2.544908
827	3158	2.544908
828	3158	2.544908
829	3158	2.544908
830	3158	2.544908
831	3170	2.554579
832	3158	2.544908
833	3170	2.554579
834	3170	2.554579
835	3158	2.544908
836	3158	2.544908
837	3170	2.554579
838	3158	2.544908
839	3158	2.544908
840	3158	2.544908
841	3142	2.532015
842	3158	2.544908
843	3158	2.544908
844	3158	2.544908
845	3170	2.554579
846	3158	2.544908
847	3158	2.544908
848	3158	2.544908
849	3170	2.554579
850	3158	2.544908
851	3170	2.554579
852	3170	2.554579
853	3170	2.554579
854	3158	2.544908
855	3154	2.541685
856	3142	2.532015
857	3154	2.541685
858	3158	2.544908
859	3158	2.544908
860	3158	2.544908
861	3170	2.554579
862	3170	2.554579
863	3170	2.554579
864	3170	2.554579
865	3170	2.554579
866	3158	2.544908
867	3154	2.541685
868	3158	2.544908
869	3158	2.544908
870	3154	2.541685
871	3158	2.544908
872	3158	2.544908
873	3158	2.544908
874	3158	2.544908
875	3138	2.528791
876	3142	2.532015
877	3150	2.538462
878	3142	2.532015
879	3142	2.532015
880	3142	2.532015
881	3138	2.528791
882	3142	2.532015
883	3142	2.532015
884	3150	2.538462
885	3142	2.532015
886	3158	2.544908
887	3142	2.532015
888	3154	2.541685
889	3158	2.544908
890	3154	2.541685
891	3150	2.538462
892	3154	2.541685
893	3154	2.541685
894	3142	2.532015
895	3158	2.544908
896	3158	2.544908
897	3154	2.541685
898	3142	2.532015
899	3142	2.532015
900	3154	2.541685
901	3158	2.544908
902	3142	2.532015
903	3158	2.544908
904	3154	2.541685
905	3158	2.544908
906	3170	2.554579
907	3170	2.554579
908	3154	2.541685
909	3158	2.544908
910	3142	2.532015
911	3154	2.541685
912	3158	2.544908
913	3158	2.544908
914	3158	2.544908
915	3158	2.544908
916	3170	2.554579
917	3158	2.544908
918	3170	2.554579
919	3154	2.541685
920	3158	2.544908
921	3170	2.554579
922	3158	2.544908
923	3158	2.544908
924	3154	2.541685
925	3158	2.544908
926	3158	2.544908
927	3170	2.554579
928	3170	2.554579
929	3158	2.544908
930	3158	2.544908
931	3158	2.544908
932	3170	2.554579
933	3158	2.544908
934	3158	2.544908
935	3158	2.544908
936	3158	2.544908
937	3158	2.544908
938	3158	2.544908
939	3158	2.544908
940	3150	2.538462
941	3154	2.541685
942	3154	2.541685
943	3158	2.544908
944	3158	2.544908
945	3142	2.532015
946	3142	2.532015
947	3142	2.532015
948	3158	2.544908
949	3142	2.532015
950	3158	2.544908
951	3158	2.544908
952	3150	2.538462
953	3158	2.544908
954	3158	2.544908
955	3158	2.544908
956	3142	2.532015
957	3154	2.541685
958	3170	2.554579
959	3170	2.554579
960	3170	2.554579
961	3170	2.554579
962	3158	2.544908
963	3158	2.544908
964	3154	2.541685
965	3158	2.544908
966	3158	2.544908
967	3150	2.538462
968	3158	2.544908
969	3154	2.541685
970	3158	2.544908
971	3150	2.538462
972	3158	2.544908
973	3158	2.544908
974	3158	2.544908
975	3154	2.541685
976	3170	2.554579
977	3142	2.532015
978	3158	2.544908
979	3154	2.541685
980	3158	2.544908
981	3142	2.532015
982	3143	2.532821
983	3154	2.541685
984	3158	2.544908
985	3142	2.532015
986	3158	2.544908
987	3158	2.544908
988	3142	2.532015
989	3142	2.532015
990	3142	2.532015
991	3142	2.532015
992	3142	2.532015
993	3142	2.532015
994	3126	2.519121
995	3142	2.532015
996	3142	2.532015
997	3142	2.532015
998	3126	2.519121
999	3150	2.538462
1000	3142	2.532015
1001	3142	2.532015
1002	3170	2.554579
1003	3142	2.532015
1004	3154	2.541685
1005	3158	2.544908
1006	3142	2.532015
1007	3154	2.541685
1008	3158	2.544908
1009	3142	2.532015
1010	3142	2.532015
1011	3142	2.532015
1012	3142	2.532015
1013	3142	2.532015
1014	3150	2.538462
1015	3142	2.532015
1016	3142	2.532015
1017	3142	2.532015
1018	3142	2.532015
1019	3142	2.532015
1020	3138	2.528791
1021	3154	2.541685
1022	3142	2.532015
1023	3142	2.532015
1024	3142	2.532015
1025	3126	2.519121
1026	3126	2.519121
1027	3122	2.515897
1028	3126	2.519121
1029	3122	2.515897
1030	3126	2.519121
1031	3110	2.506227
1032	3110	2.506227
1033	3106	2.503004
1034	3106	2.503004
1035	3086	2.486886
1036	3078	2.480440
1037	3078	2.480440
1038	3090	2.490110
1039	3086	2.486886
1040	3078	2.480440
1041	3078	2.480440
1042	3072	2.475604
1043	3074	2.477216
1044	3072	2.475604
1045	3072	2.475604
1046	3046	2.454652
1047	3072	2.475604
1048	3072	2.475604
1049	3072	2.475604
1050	3072	2.475604
1051	3030	2.441758
1052	3026	2.438535
1053	3014	2.428864
1054	3026	2.438535
1055	3026	2.438535
1056	3030	2.441758
1057	3014	2.428864
1058	3014	2.428864
1059	3014	2.428864
1060	3014	2.428864
1061	3030	2.441758
1062	3014	2.428864
1063	3026	2.438535
1064	3026	2.438535
1065	3014	2.428864
1066	3030	2.441758
1067	3030	2.441758
1068	3014	2.428864
1069	3015	2.429670
1070	3015	2.429670
1071	3042	2.451429
1072	3014	2.428864
1073	3014	2.428864
1074	3014	2.428864
1075	3014	2.428864
1076	3010	2.425641
1077	2998	2.415971
1078	3010	2.425641
1079	3014	2.428864
1080	2994	2.412747
1081	2998	2.415971
1082	3010	2.425641
1083	2998	2.415971
1084	2990	2.409524
1085	2994	2.412747
1086	2998	2.415971
1087	3030	2.441758
1088	3014	2.428864
1089	3030	2.441758
1090	3030	2.441758
1091	3014	2.428864
1092	3014	2.428864
1093	3042	2.451429
1094	3030	2.441758
1095	3046	2.454652
1096	3030	2.441758
1097	3030	2.441758
1098	3042	2.451429
1099	3030	2.441758
1100	3030	2.441758
1101	3026	2.438535
1102	3014	2.428864
1103	3030	2.441758
1104	3014	2.428864
1105	3010	2.425641
1106	3022	2.435311
1107	3014	2.428864
1108	3010	2.425641
1109	3014	2.428864
1110	2982	2.403077
1111	2994	2.412747
1112	2982	2.403077
1113	2998	2.415971
1114	2994	2.412747
1115	2982	2.403077
1116	2982	2.403077
1117	2982	2.403077
1118	2982	2.403077
1119	2950	2.377289
1120	2934	2.364396
1121	2966	2.390183
1122	2998	2.415971
1123	2966	2.390183
1124	2966	2.390183
1125	2942	2.370842
1126	2950	2.377289
1127	2966	2.390183
1128	2978	2.399853
1129	2950	2.377289
1130	2962	2.386960
1131	2950	2.377289
1132	2962	2.386960
1133	2978	2.399853
1134	2942	2.370842
1135	2930	2.361172
1136	2942	2.370842
1137	2934	2.364396
1138	2950	2.377289
1139	2950	2.377289
1140	2934	2.364396
1141	2950	2.377289
1142	2962	2.386960
1143	2934	2.364396
1144	2918	2.351502
1145	2886	2.325714
1146	2870	2.312821
1147	2854	2.299927
1148	2838	2.287033
1149	2834	2.283810
1150	2854	2.299927
1151	2886	2.325714
1152	2914	2.348278
1153	2934	2.364396
1154	2966	2.390183
1155	2982	2.403077
1156	3014	2.428864
1157	3022	2.435311
1158	3072	2.475604
1159	3074	2.477216
1160	3086	2.486886
1161	3090	2.490110
1162	3106	2.503004
1163	3110	2.506227
1164	3110	2.506227
1165	3110	2.506227
1166	3126	2.519121
1167	3110	2.506227
1168	3126	2.519121
1169	3138	2.528791
1170	3126	2.519121
1171	3110	2.506227
1172	3126	2.519121
1173	3142	2.532015
1174	3126	2.519121
1175	3118	2.512674
1176	3126	2.519121
1177	3138	2.528791
1178	3138	2.528791
1179	3126	2.519121
1180	3126	2.519121
1181	3126	2.519121
1182	3126	2.519121
1183	3142	2.532015
1184	3142	2.532015
1185	3126	2.519121
1186	3142	2.532015
1187	3142	2.532015
1188	3126	2.519121
1189	3142	2.532015
1190	3142	2.532015
1191	3142	2.532015
1192	3142	2.532015
1193	3138	2.528791
1194	3143	2.532821
1195	3138	2.528791
1196	3138	2.528791
1197	3126	2.519121
1198	3138	2.528791
1199	3126	2.519121
1200	3118	2.512674
1201	3126	2.519121
1202	3142	2.532015
1203	3126	2.519121
1204	3142	2.532015
1205	3138	2.528791
1206	3138	2.528791
1207	3142	2.532015
1208	3142	2.532015
1209	3138	2.528791
1210	3126	2.519121
1211	3142	2.532015
1212	3138	2.528791
1213	3142	2.532015
1214	3142	2.532015
1215	3126	2.519121
1216	3138	2.528791
1217	3138	2.528791
1218	3138	2.528791
1219	3138	2.528791
1220	3126	2.519121
1221	3110	2.506227
1222	3142	2.532015
1223	3138	2.528791
1224	3126	2.519121
1225	3142	2.532015
1226	3122	2.515897
1227	3126	2.519121
1228	3142	2.532015
1229	3126	2.519121
1230	3142	2.532015
1231	3142	2.532015
1232	3138	2.528791
1233	3138	2.528791
1234	3142	2.532015
1235	3143	2.532821
1236	3142	2.532015
1237	3158	2.544908
1238	3142	2.532015
1239	3138	2.528791
1240	3138	2.528791
1241	3142	2.532015
1242	3142	2.532015
1243	3138	2.528791
1244	3143	2.532821
1245	3142	2.532015
1246	3142	2.532015
1247	3126	2.519121
1248	3142	2.532015
1249	3142	2.532015
1250	3142	2.532015
1251	3126	2.519121
1252	3142	2.532015
1253	3126	2.519121
1254	3126	2.519121
1255	3126	2.519121
1256	3138	2.528791
1257	3138	2.528791
1258	3142	2.532015
1259	3142	2.532015
1260	3142	2.532015
1261	3126	2.519121
1262	3126	2.519121
1263	3126	2.519121
1264	3138	2.528791
1265	3138	2.528791
1266	3142	2.532015
1267	3138	2.528791
1268	3138	2.528791
1269	3138	2.528791
1270	3138	2.528791
1271	3126	2.519121
1272	3126	2.519121
1273	3122	2.515897
1274	3118	2.512674
1275	3126	2.519121
1276	3110	2.506227
1277	3110	2.506227
1278	3126	2.519121
1279	3126	2.519121
1280	3110	2.506227
1281	3110	2.506227
1282	3110	2.506227
1283	3110	2.506227
1284	3126	2.519121
1285	3110	2.506227
1286	3126	2.519121
1287	3126	2.519121
1288	3126	2.519121
1289	3126	2.519121
1290	3138	2.528791
1291	3142	2.532015
1292	3126	2.519121
1293	3142	2.532015
1294	3126	2.519121
1295	3126	2.519121
1296	3126	2.519121
1297	3143	2.532821
1298	3142	2.532015
1299	3138	2.528791
1300	3138	2.528791
1301	3142	2.532015
1302	3142	2.532015
1303	3143	2.532821
1304	3142	2.532015
1305	3154	2.541685
1306	3142	2.532015
1307	3142	2.532015
1308	3138	2.528791
1309	3126	2.519121
1310	3138	2.528791
1311	3126	2.519121
1312	3126	2.519121
1313	3138	2.528791
1314	3142	2.532015
1315	3138	2.528791
1316	3126	2.519121
1317	3126	2.519121
1318	3142	2.532015
1319	3138	2.528791
1320	3138	2.528791
1321	3142	2.532015
1322	3154	2.541685
1323	3142	2.532015
1324	3142	2.532015
1325	3142	2.532015
1326	3142	2.532015
1327	3126	2.519121
1328	3142	2.532015
1329	3138	2.528791
1330	3142	2.532015
1331	3126	2.519121
1332	3138	2.528791
1333	3138	2.528791
1334	3142	2.532015
1335	3138	2.528791
1336	3138	2.528791
1337	3142	2.532015
1338	3142	2.532015
1339	3142	2.532015
1340	3138	2.528791
1341	3142	2.532015
1342	3138	2.528791
1343	3138	2.528791
1344	3126	2.519121
1345	3138	2.528791
1346	3126	2.519121
1347	3142	2.532015
1348	3138	2.528791
1349	3126	2.519121
1350	3138	2.528791
1351	3138	2.528791
1352	3126	2.519121
1353	3142	2.532015
1354	3138	2.528791
1355	3138	2.528791
1356	3158	2.544908
1357	3143	2.532821
1358	3142	2.532015
1359	3138	2.528791
1360	3142	2.532015
1361	3154	2.541685
1362	3142	2.532015
1363	3142	2.532015
1364	3142	2.532015
1365	3158	2.544908
1366	3142	2.532015
1367	3142	2.532015
1368	3143	2.532821
1369	3142	2.532015
1370	3142	2.532015
1371	3138	2.528791
1372	3142	2.532015
1373	3126	2.519121
1374	3126	2.519121
1375	3138	2.528791
1376	3138	2.528791
1377	3142	2.532015
1378	3126	2.519121
1379	3126	2.519121
1380	3126	2.519121
1381	3138	2.528791
1382	3142	2.532015
1383	3142	2.532015
1384	3126	2.519121
1385	3142	2.532015
1386	3138	2.528791
1387	3138	2.528791
1388	3142	2.532015
1389	3126	2.519121
1390	3142	2.532015
1391	3126	2.519121
1392	3138	2.528791
1393	3142	2.532015
1394	3142	2.532015
1395	3138	2.528791
1396	3142	2.532015
1397	3142	2.532015
1398	3126	2.519121
1399	3138	2.528791
1400	3142	2.532015
1401	3126	2.519121
1402	3138	2.528791
1403	3142	2.532015
1404	3142	2.532015
1405	3142	2.532015
1406	3138	2.528791
1407	3142	2.532015
1408	3126	2.519121
1409	3142	2.532015
1410	3142	2.532015
1411	3138	2.528791
1412	3142	2.532015
1413	3142	2.532015
1414	3150	2.538462
1415	3142	2.532015
1416	3142	2.532015
1417	3142	2.532015
1418	3126	2.519121
1419	3142	2.532015
1420	3142	2.532015
1421	3142	2.532015
1422	3138	2.528791
1423	3142	2.532015
1424	3142	2.532015
1425	3138	2.528791
1426	3126	2.519121
1427	3126	2.519121
1428	3126	2.519121
1429	3126	2.519121
1430	3138	2.528791
1431	3126	2.519121
1432	3126	2.519121
1433	3138	2.528791
1434	3126	2.519121
1435	3126	2.519121
1436	3138	2.528791
1437	3126	2.519121
1438	3138	2.528791
1439	3126	2.519121
1440	3142	2.532015
1441	3142	2.532015
1442	3142	2.532015
1443	3126	2.519121
1444	3142	2.532015
1445	3142	2.532015
1446	3142	2.532015
1447	3142	2.532015
1448	3142	2.532015
1449	3138	2.528791
1450	3142	2.532015
1451	3138	2.528791
1452	3142	2.532015
1453	3142	2.532015
1454	3142	2.532015
1455	3158	2.544908
1456	3142	2.532015
1457	3154	2.541685
1458	3154	2.541685
1459	3142	2.532015
1460	3158	2.544908
1461	3142	2.532015
1462	3170	2.554579
1463	3154	2.541685
1464	3154	2.541685
1465	3142	2.532015
1466	3154	2.541685
1467	3142	2.532015
1468	3126	2.519121
1469	3138	2.528791
1470	3126	2.519121
1471	3126	2.519121
1472	3126	2.519121
1473	3110	2.506227
1474	3138	2.528791
1475	3122	2.515897
1476	3126	2.519121
1477	3122	2.515897
1478	3126	2.519121
1479	3138	2.528791
1480	3142	2.532015
1481	3126	2.519121
1482	3126	2.519121
1483	3126	2.519121
1484	3126	2.519121
1485	3138	2.528791
1486	3126	2.519121
1487	3126	2.519121
1488	3142	2.532015
1489	3142	2.532015
1490	3142	2.532015
1491	3138	2.528791
1492	3142	2.532015
1493	3142	2.532015
1494	3126	2.519121
1495	3138	2.528791
1496	3138	2.528791
1497	3142	2.532015
1498	3126	2.519121
1499	3126	2.519121
1500	3126	2.519121
1501	3126	2.519121
1502	3126	2.519121
1503	3126	2.519121
1504	3126	2.519121
1505	3126	2.519121
1506	3122	2.515897
1507	3126	2.519121
1508	3142	2.532015
1509	3126	2.519121
1510	3126	2.519121
1511	3142	2.532015
1512	3138	2.528791
1513	3126	2.519121
1514	3126	2.519121
1515	3142	2.532015
1516	3142	2.532015
1517	3142	2.532015
1518	3142	2.532015
1519	3126	2.519121
1520	3126	2.519121
1521	3118	2.512674
1522	3126	2.519121
1523	3138	2.528791
1524	3138	2.528791
1525	3126	2.519121
1526	3126	2.519121
1527	3126	2.519121
1528	3138	2.528791
1529	3138	2.528791
1530	3126	2.519121
1531	3126	2.519121
1532	3138	2.528791
1533	3126	2.519121
1534	3142	2.532015
1535	3138	2.528791
1536	3138	2.528791
1537	3154	2.541685
1538	3142	2.532015
1539	3126	2.519121
1540	3142	2.532015
1541	3138	2.528791
1542	3142	2.532015
1543	3154	2.541685
1544	3126	2.519121
1545	3142	2.532015
1546	3142	2.532015
1547	3138	2.528791
1548	3142	2.532015
1549	3126	2.519121
1550	3142	2.532015
1551	3126	2.519121
1552	3138	2.528791
1553	3142	2.532015
1554	3138	2.528791
1555	3142	2.532015
1556	3142	2.532015
1557	3142	2.532015
1558	3142	2.532015
1559	3142	2.532015
1560	3142	2.532015
1561	3142	2.532015
1562	3126	2.519121
1563	3138	2.528791
1564	3138	2.528791
1565	3142	2.532015
1566	3150	2.538462
1567	3142	2.532015
1568	3142	2.532015
1569	3142	2.532015
1570	3142	2.532015
1571	3142	2.532015
1572	3138	2.528791
1573	3138	2.528791
1574	3138	2.528791
1575	3142	2.532015
1576	3142	2.532015
1577	3138	2.528791
1578	3126	2.519121
1579	3138	2.528791
1580	3126	2.519121
1581	3138	2.528791
1582	3126	2.519121
1583	3126	2.519121
1584	3126	2.519121
1585	3142	2.532015
1586	3126	2.519121
1587	3118	2.512674
1588	3122	2.515897
1589	3106	2.503004
1590	3122	2.515897
1591	3126	2.519121
1592	3110	2.506227
1593	3122	2.515897
1594	3110	2.506227
1595	3106	2.503004
1596	3122	2.515897
1597	3110	2.506227
1598	3110	2.506227
1599	3111	2.507033
1600	3110	2.506227
1601	3126	2.519121
1602	3094	2.493333
1603	3094	2.493333
1604	3110	2.506227
1605	3110	2.506227
1606	3110	2.506227
1607	3110	2.506227
1608	3126	2.519121
1609	3110	2.506227
1610	3110	2.506227
1611	3126	2.519121
1612	3126	2.519121
1613	3126	2.519121
1614	3138	2.528791
1615	3126	2.519121
1616	3122	2.515897
1617	3126	2.519121
1618	3138	2.528791
1619	3126	2.519121
1620	3126	2.519121
1621	3126	2.519121
1622	3126	2.519121
1623	3111	2.507033
1624	3110	2.506227
1625	3126	2.519121
1626	3126	2.519121
1627	3126	2.519121
1628	3126	2.519121
1629	3126	2.519121
1630	3142	2.532015
1631	3138	2.528791
1632	3142	2.532015
1633	3142	2.532015
1634	3142	2.532015
1635	3142	2.532015
1636	3142	2.532015
1637	3154	2.541685
1638	3142	2.532015
1639	3142	2.532015
1640	3142	2.532015
1641	3142	2.532015
1642	3142	2.532015
1643	3142	2.532015
1644	3142	2.532015
1645	3138	2.528791
1646	3142	2.532015
1647	3142	2.532015
1648	3142	2.532015
1649	3138	2.528791
1650	3142	2.532015
1651	3142	2.532015
1652	3142	2.532015
1653	3142	2.532015
1654	3138	2.528791
1655	3142	2.532015
1656	3142	2.532015
1657	3142	2.532015
1658	3158	2.544908
1659	3138	2.528791
1660	3158	2.544908
1661	3138	2.528791
1662	3142	2.532015
1663	3142	2.532015
1664	3142	2.532015
1665	3142	2.532015
1666	3142	2.532015
1667	3142	2.532015
1668	3142	2.532015
1669	3142	2.532015
1670	3142	2.532015
1671	3142	2.532015
1672	3158	2.544908
1673	3142	2.532015
1674	3142	2.532015
1675	3142	2.532015
1676	3142	2.532015
1677	3142	2.532015
1678	3142	2.532015
1679	3142	2.532015
1680	3142	2.532015
1681	3142	2.532015
1682	3142	2.532015
1683	3138	2.528791
1684	3142	2.532015
1685	3142	2.532015
1686	3126	2.519121
1687	3126	2.519121
1688	3126	2.519121
1689	3142	2.532015
1690	3138	2.528791
1691	3126	2.519121
1692	3126	2.519121
1693	3126	2.519121
1694	3126	2.519121
1695	3126	2.519121
1696	3126	2.519121
1697	3126	2.519121
1698	3126	2.519121
1699	3126	2.519121
1700	3126	2.519121
1701	3138	2.528791
1702	3126	2.519121
1703	3142	2.532015
1704	3110	2.506227
1705	3122	2.515897
1706	3126	2.519121
1707	3110	2.506227
1708	3122	2.515897
1709	3110	2.506227
1710	3126	2.519121
1711	3126	2.519121
1712	3122	2.515897
1713	3126	2.519121
1714	3110	2.506227
1715	3110	2.506227
1716	3110	2.506227
1717	3110	2.506227
1718	3122	2.515897
1719	3126	2.519121
1720	3110	2.506227
1721	3122	2.515897
1722	3111	2.507033
1723	3110	2.506227
1724	3110	2.506227
1725	3110	2.506227
1726	3110	2.506227
1727	3126	2.519121
1728	3110	2.506227
1729	3110	2.506227
1730	3122	2.515897
1731	3126	2.519121
1732	3122	2.515897
1733	3138	2.528791
1734	3126	2.519121
1735	3138	2.528791
1736	3126	2.519121
1737	3126	2.519121
1738	3126	2.519121
1739	3138	2.528791
1740	3138	2.528791
1741	3126	2.519121
1742	3126	2.519121
1743	3118	2.512674
1744	3110	2.506227
1745	3126	2.519121
1746	3110	2.506227
1747	3110	2.506227
1748	3126	2.519121
1749	3106	2.503004
1750	3110	2.506227
1751	3106	2.503004
1752	3118	2.512674
1753	3110	2.506227
1754	3110	2.506227
1755	3110	2.506227
1756	3110	2.506227
1757	3122	2.515897
1758	3126	2.519121
1759	3110	2.506227
1760	3126	2.519121
1761	3118	2.512674
1762	3138	2.528791
1763	3122	2.515897
1764	3126	2.519121
1765	3110	2.506227
1766	3111	2.507033
1767	3106	2.503004
1768	3111	2.507033
1769	3122	2.515897
1770	3110	2.506227
1771	3111	2.507033
1772	3110	2.506227
1773	3111	2.507033
1774	3110	2.506227
1775	3110	2.506227
1776	3122	2.515897
1777	3111	2.507033
1778	3094	2.493333
1779	3110	2.506227
1780	3110	2.506227
1781	3110	2.506227
1782	3110	2.506227
1783	3110	2.506227
1784	3126	2.519121
1785	3110	2.506227
1786	3126	2.519121
1787	3110	2.506227
1788	3111	2.507033
1789	3110	2.506227
1790	3110	2.506227
1791	3110	2.506227
1792	3110	2.506227
1793	3106	2.503004
1794	3106	2.503004
1795	3106	2.503004
1796	3106	2.503004
1797	3110	2.506227
1798	3110	2.506227
1799	3110	2.506227
1800	3122	2.515897
1801	3106	2.503004
1802	3110	2.506227
1803	3110	2.506227
1804	3110	2.506227
1805	3110	2.506227
1806	3094	2.493333
1807	3094	2.493333
1808	3094	2.493333
1809	3090	2.490110
1810	3079	2.481245
1811	3078	2.480440
1812	3078	2.480440
1813	3078	2.480440
1814	3094	2.493333
1815	3078	2.480440
1816	3094	2.493333
1817	3079	2.481245
1818	3078	2.480440
1819	3078	2.480440
1820	3078	2.480440
1821	3078	2.480440
1822	3094	2.493333
1823	3090	2.490110
1824	3078	2.480440
1825	3086	2.486886
1826	3094	2.493333
1827	3094	2.493333
1828	3094	2.493333
1829	3090	2.490110
1830	3078	2.480440
1831	3078	2.480440
1832	3078	2.480440
1833	3078	2.480440
1834	3079	2.481245
1835	3074	2.477216
1836	3094	2.493333
1837	3078	2.480440
1838	3090	2.490110
1839	3078	2.480440
1840	3078	2.480440
1841	3074	2.477216
1842	3086	2.486886
1843	3094	2.493333
1844	3078	2.480440
1845	3078	2.480440
1846	3074	2.477216
1847	3074	2.477216
1848	3078	2.480440
1849	3074	2.477216
1850	3078	2.480440
1851	3074	2.477216
1852	3072	2.475604
1853	3072	2.475604
1854	3072	2.475604
1855	3072	2.475604
1856	3072	2.475604
1857	3074	2.477216
1858	3074	2.477216
1859	3074	2.477216
1860	3078	2.480440
1861	3090	2.490110
1862	3079	2.481245
1863	3078	2.480440
1864	3078	2.480440
1865	3078	2.480440
1866	3078	2.480440
1867	3078	2.480440
1868	3078	2.480440
1869	3090	2.490110
1870	3094	2.493333
1871	3090	2.490110
1872	3094	2.493333
1873	3078	2.480440
1874	3078	2.480440
1875	3086	2.486886
1876	3078	2.480440
1877	3078	2.480440
1878	3078	2.480440
1879	3094	2.493333
1880	3079	2.481245
1881	3090	2.490110
1882	3074	2.477216
1883	3074	2.477216
1884	3078	2.480440
1885	3072	2.475604
1886	3072	2.475604
1887	3074	2.477216
1888	3072	2.475604
1889	3072	2.475604
1890	3074	2.477216
1891	3074	2.477216
1892	3074	2.477216
1893	3074	2.477216
1894	3074	2.477216
1895	3072	2.475604
1896	3072	2.475604
1897	3072	2.475604
1898	3072	2.475604
1899	3072	2.475604
1900	3046	2.454652
1901	3072	2.475604
1902	3072	2.475604
1903	3072	2.475604
1904	3078	2.480440
1905	3072	2.475604
1906	3072	2.475604
1907	3072	2.475604
1908	3074	2.477216
1909	3074	2.477216
1910	3074	2.477216
1911	3078	2.480440
1912	3094	2.493333
1913	3094	2.493333
1914	3094	2.493333
1915	3090	2.490110
1916	3094	2.493333
1917	3106	2.503004
1918	3078	2.480440
1919	3078	2.480440
1920	3106	2.503004
1921	3094	2.493333
1922	3090	2.490110
1923	3094	2.493333
1924	3078	2.480440
1925	3078	2.480440
1926	3078	2.480440
1927	3094	2.493333
1928	3094	2.493333
1929	3078	2.480440
1930	3078	2.480440
1931	3078	2.480440
1932	3090	2.490110
1933	3078	2.480440
1934	3078	2.480440
1935	3078	2.480440
1936	3078	2.480440
1937	3074	2.477216
1938	3072	2.475604
1939	3090	2.490110
1940	3078	2.480440
1941	3078	2.480440
1942	3072	2.475604
1943	3072	2.475604
1944	3072	2.475604
1945	3042	2.451429
1946	3030	2.441758
1947	3026	2.438535
1948	3026	2.438535
1949	3015	2.429670
1950	3030	2.441758
1951	3042	2.451429
1952	3022	2.435311
1953	3030	2.441758
1954	3072	2.475604
1955	3042	2.451429
1956	3072	2.475604
1957	3046	2.454652
1958	3072	2.475604
1959	3072	2.475604
1960	3072	2.475604
1961	3072	2.475604
1962	3072	2.475604
1963	3072	2.475604
1964	3072	2.475604
1965	3072	2.475604
1966	3074	2.477216
1967	3072	2.475604
1968	3072	2.475604
1969	3072	2.475604
1970	3072	2.475604
1971	3074	2.477216
1972	3079	2.481245
1973	3074	2.477216
1974	3078	2.480440
1975	3072	2.475604
1976	3074	2.477216
1977	3072	2.475604
1978	3074	2.477216
1979	3074	2.477216
1980	3074	2.477216
1981	3078	2.480440
1982	3074	2.477216
1983	3090	2.490110
1984	3078	2.480440
1985	3078	2.480440
1986	3078	2.480440
1987	3072	2.475604
1988	3072	2.475604
1989	3072	2.475604
1990	3072	2.475604
1991	3072	2.475604
1992	3072	2.475604
1993	3072	2.475604
1994	3078	2.480440
1995	3078	2.480440
1996	3078	2.480440
1997	3106	2.503004
1998	3110	2.506227
1999	3094	2.493333
2000	3094	2.493333
2001	3094	2.493333
2002	3094	2.493333
2003	3094	2.493333
2004	3078	2.480440
2005	3090	2.490110
2006	3094	2.493333
2007	3078	2.480440
2008	3094	2.493333
2009	3094	2.493333
2010	3090	2.490110
2011	3078	2.480440
2012	3078	2.480440
2013	3086	2.486886
2014	3078	2.480440
2015	3078	2.480440
2016	3094	2.493333
2017	3086	2.486886
2018	3074	2.477216
2019	3090	2.490110
2020	3078	2.480440
2021	3078	2.480440
2022	3078	2.480440
2023	3078	2.480440
2024	3078	2.480440
2025	3078	2.480440
2026	3078	2.480440
2027	3074	2.477216
2028	3078	2.480440
2029	3079	2.481245
2030	3078	2.480440
2031	3086	2.486886
2032	3078	2.480440
2033	3094	2.493333
2034	3079	2.481245
2035	3078	2.480440
2036	3078	2.480440
2037	3074	2.477216
2038	3074	2.477216
2039	3072	2.475604
2040	3078	2.480440
2041	3074	2.477216
2042	3072	2.475604
2043	3074	2.477216
2044	3078	2.480440
2045	3078	2.480440
2046	3078	2.480440
2047	3078	2.480440
2048	3078	2.480440
2049	3078	2.480440
2050	3078	2.480440
2051	3079	2.481245
2052	3078	2.480440
2053	3090	2.490110
2054	3078	2.480440
2055	3078	2.480440
2056	3078	2.480440
2057	3078	2.480440
2058	3090	2.490110
2059	3078	2.480440
2060	3078	2.480440
2061	3086	2.486886
2062	3078	2.480440
2063	3078	2.480440
2064	3074	2.477216
2065	3074	2.477216
2066	3078	2.480440
2067	3078	2.480440
2068	3094	2.493333
2069	3090	2.490110
2070	3106	2.503004
2071	3106	2.503004
2072	3094	2.493333
2073	3090	2.490110
2074	3078	2.480440
2075	3074	2.477216
2076	3074	2.477216
2077	3072	2.475604
2078	3074	2.477216
2079	3078	2.480440
2080	3078	2.480440
2081	3078	2.480440
2082	3094	2.493333
2083	3086	2.486886
2084	3078	2.480440
2085	3078	2.480440
2086	3078	2.480440
2087	3078	2.480440
2088	3090	2.490110
2089	3078	2.480440
2090	3094	2.493333
2091	3078	2.480440
2092	3086	2.486886
2093	3074	2.477216
2094	3072	2.475604
2095	3074	2.477216
2096	3072	2.475604
2097	3074	2.477216
2098	3072	2.475604
2099	3074	2.477216
2100	3072	2.475604
2101	3072	2.475604
2102	3072	2.475604
2103	3072	2.475604
2104	3072	2.475604
2105	3072	2.475604
2106	3078	2.480440
2107	3078	2.480440
2108	3094	2.493333
2109	3078	2.480440
2110	3072	2.475604
2111	3072	2.475604
2112	3046	2.454652
2113	3072	2.475604
2114	3072	2.475604
2115	3072	2.475604
2116	3072	2.475604
2117	3072	2.475604
2118	3074	2.477216
2119	3074	2.477216
2120	3072	2.475604
2121	3072	2.475604
2122	3072	2.475604
2123	3072	2.475604
2124	3072	2.475604
2125	3072	2.475604
2126	3074	2.477216
2127	3072	2.475604
2128	3074	2.477216
2129	3074	2.477216
2130	3074	2.477216
2131	3072	2.475604
2132	3072	2.475604
2133	3072	2.475604
2134	3074	2.477216
2135	3074	2.477216
2136	3074	2.477216
2137	3078	2.480440
2138	3078	2.480440
2139	3078	2.480440
2140	3078	2.480440
2141	3078	2.480440
2142	3078	2.480440
2143	3094	2.493333
2144	3094	2.493333
2145	3094	2.493333
2146	3078	2.480440
2147	3086	2.486886
2148	3078	2.480440
2149	3090	2.490110
2150	3086	2.486886
2151	3074	2.477216
2152	3078	2.480440
2153	3078	2.480440
2154	3072	2.475604
2155	3078	2.480440
2156	3078	2.480440
2157	3094	2.493333
2158	3090	2.490110
2159	3090	2.490110
2160	3078	2.480440
2161	3072	2.475604
2162	3074	2.477216
2163	3078	2.480440
2164	3078	2.480440
2165	3074	2.477216
2166	3074	2.477216
2167	3074	2.477216
2168	3078	2.480440
2169	3078	2.480440
2170	3078	2.480440
2171	3074	2.477216
2172	3074	2.477216
2173	3074	2.477216
2174	3072	2.475604
2175	3072	2.475604
2176	3072	2.475604
2177	3072	2.475604
2178	3074	2.477216
2179	3046	2.454652
2180	3072	2.475604
2181	3072	2.475604
2182	3030	2.441758
2183	3042	2.451429
2184	3042	2.451429
2185	3072	2.475604
2186	3072	2.475604
2187	3072	2.475604
2188	3074	2.477216
2189	3074	2.477216
2190	3078	2.480440
2191	3074	2.477216
2192	3094	2.493333
2193	3078	2.480440
2194	3074	2.477216
2195	3074	2.477216
2196	3078	2.480440
2197	3078	2.480440
2198	3090	2.490110
2199	3074	2.477216
2200	3079	2.481245
2201	3094	2.493333
2202	3094	2.493333
2203	3078	2.480440
2204	3078	2.480440
2205	3094	2.493333
2206	3090	2.490110
2207	3094	2.493333
2208	3086	2.486886
2209	3094	2.493333
2210	3078	2.480440
2211	3094	2.493333
2212	3094	2.493333
2213	3074	2.477216
2214	3086	2.486886
2215	3078	2.480440
2216	3078	2.480440
2217	3074	2.477216
2218	3072	2.475604
2219	3072	2.475604
2220	3072	2.475604
2221	3072	2.475604
2222	3074	2.477216
2223	3074	2.477216
2224	3074	2.477216
2225	3078	2.480440
2226	3078	2.480440
2227	3074	2.477216
2228	3074	2.477216
2229	3078	2.480440
2230	3074	2.477216
2231	3074	2.477216
2232	3078	2.480440
2233	3094	2.493333
2234	3094	2.493333
2235	3078	2.480440
2236	3094	2.493333
2237	3078	2.480440
2238	3078	2.480440
2239	3086	2.486886
2240	3094	2.493333
2241	3074	2.477216
2242	3094	2.493333
2243	3078	2.480440
2244	3094	2.493333
2245	3094	2.493333
2246	3090	2.490110
2247	3078	2.480440
2248	3078	2.480440
2249	3078	2.480440
2250	3072	2.475604
2251	3072	2.475604
2252	3072	2.475604
2253	3072	2.475604
2254	3078	2.480440
2255	3072	2.475604
2256	3074	2.477216
2257	3074	2.477216
2258	3074	2.477216
2259	3072	2.475604
2260	3074	2.477216
2261	3072	2.475604
2262	3072	2.475604
2263	3074	2.477216
2264	3074	2.477216
2265	3072	2.475604
2266	3072	2.475604
2267	3072	2.475604
2268	3046	2.454652
2269	3026	2.438535
2270	3030	2.441758
2271	3072	2.475604
2272	3074	2.477216
2273	3074	2.477216
2274	3074	2.477216
2275	3072	2.475604
2276	3074	2.477216
2277	3072	2.475604
2278	3078	2.480440
2279	3074	2.477216
2280	3078	2.480440
2281	3078	2.480440
2282	3079	2.481245
2283	3074	2.477216
2284	3078	2.480440
2285	3078	2.480440
2286	3074	2.477216
2287	3078	2.480440
2288	3079	2.481245
2289	3090	2.490110
2290	3078	2.480440
2291	3078	2.480440
2292	3078	2.480440
2293	3078	2.480440
2294	3078	2.480440
2295	3090	2.490110
2296	3094	2.493333
2297	3078	2.480440
2298	3094	2.493333
2299	3078	2.480440
2300	3078	2.480440
2301	3090	2.490110
2302	3078	2.480440
2303	3078	2.480440
2304	3078	2.480440
2305	3074	2.477216
2306	3072	2.475604
2307	3079	2.481245
2308	3078	2.480440
2309	3078	2.480440
2310	3090	2.490110
2311	3094	2.493333
2312	3078	2.480440
2313	3074	2.477216
2314	3078	2.480440
2315	3074	2.477216
2316	3074	2.477216
2317	3078	2.480440
2318	3074	2.477216
2319	3072	2.475604
2320	3072	2.475604
2321	3072	2.475604
2322	3072	2.475604
2323	3074	2.477216
2324	3078	2.480440
2325	3078	2.480440
2326	3074	2.477216
2327	3074	2.477216
2328	3074	2.477216
2329	3078	2.480440
2330	3078	2.480440
2331	3078	2.480440
2332	3078	2.480440
2333	3072	2.475604
2334	3074	2.477216
2335	3078	2.480440
2336	3074	2.477216
2337	3072	2.475604
2338	3074	2.477216
2339	3072	2.475604
2340	3078	2.480440
2341	3074	2.477216
2342	3072	2.475604
2343	3072	2.475604
2344	3046	2.454652
2345	3046	2.454652
2346	3072	2.475604
2347	3072	2.475604
2348	3074	2.477216
2349	3072	2.475604
2350	3078	2.480440
2351	3079	2.481245
2352	3078	2.480440
2353	3078	2.480440
2354	3072	2.475604
2355	3074	2.477216
2356	3090	2.490110
2357	3086	2.486886
2358	3078	2.480440
2359	3078	2.480440
2360	3072	2.475604
2361	3074	2.477216
2362	3074	2.477216
2363	3078	2.480440
2364	3078	2.480440
2365	3078	2.480440
2366	3078	2.480440
2367	3074	2.477216
2368	3072	2.475604
2369	3072	2.475604
2370	3030	2.441758
2371	3042	2.451429
2372	3072	2.475604
2373	3072	2.475604
2374	3072	2.475604
2375	3072	2.475604
2376	3042	2.451429
2377	3072	2.475604
2378	3072	2.475604
2379	3072	2.475604
2380	3078	2.480440
2381	3078	2.480440
2382	3078	2.480440
2383	3074	2.477216
2384	3072	2.475604
2385	3074	2.477216
2386	3074	2.477216
2387	3078	2.480440
2388	3078	2.480440
2389	3078	2.480440
2390	3072	2.475604
2391	3078	2.480440
2392	3078	2.480440
2393	3078	2.480440
2394	3094	2.493333
2395	3074	2.477216
2396	3074	2.477216
2397	3078	2.480440
2398	3074	2.477216
2399	3072	2.475604
2400	3072	2.475604
2401	3072	2.475604
2402	3072	2.475604
2403	3074	2.477216
2404	3074	2.477216
2405	3072	2.475604
2406	3072	2.475604
2407	3074	2.477216
2408	3078	2.480440
2409	3072	2.475604
2410	3074	2.477216
2411	3074	2.477216
2412	3078	2.480440
2413	3078	2.480440
2414	3074	2.477216
2415	3074	2.477216
2416	3078	2.480440
2417	3078	2.480440
2418	3072	2.475604
2419	3078	2.480440
2420	3072	2.475604
2421	3074	2.477216
2422	3072	2.475604
2423	3072	2.475604
2424	3078	2.480440
2425	3078	2.480440
2426	3078	2.480440
2427	3074	2.477216
2428	3078	2.480440
2429	3078	2.480440
2430	3078	2.480440
2431	3078	2.480440
2432	3078	2.480440
2433	3078	2.480440
2434	3078	2.480440
2435	3078	2.480440
2436	3074	2.477216
2437	3072	2.475604
2438	3074	2.477216
2439	3074	2.477216
2440	3072	2.475604
2441	3078	2.480440
2442	3078	2.480440
2443	3078	2.480440
2444	3078	2.480440
2445	3074	2.477216
2446	3078	2.480440
2447	3078	2.480440
2448	3079	2.481245
2449	3078	2.480440
2450	3078	2.480440
2451	3078	2.480440
2452	3078	2.480440
2453	3074	2.477216
2454	3072	2.475604
2455	3074	2.477216
2456	3090	2.490110
2457	3078	2.480440
2458	3078	2.480440
2459	3074	2.477216
2460	3078	2.480440
2461	3078	2.480440
2462	3072	2.475604
2463	3086	2.486886
2464	3078	2.480440
2465	3078	2.480440
2466	3079	2.481245
2467	3090	2.490110
2468	3086	2.486886
2469	3074	2.477216
2470	3078	2.480440
2471	3078	2.480440
2472	3074	2.477216
2473	3078	2.480440
2474	3074	2.477216
2475	3074	2.477216
2476	3072	2.475604
2477	3074	2.477216
2478	3074	2.477216
2479	3078	2.480440
2480	3078	2.480440
2481	3074	2.477216
2482	3090	2.490110
2483	3078	2.480440
2484	3078	2.480440
2485	3078	2.480440
2486	3090	2.490110
2487	3074	2.477216
2488	3078	2.480440
2489	3078	2.480440
2490	3078	2.480440
2491	3078	2.480440
2492	3078	2.480440
2493	3090	2.490110
2494	3106	2.503004
2495	3094	2.493333
2496	3078	2.480440
2497	3086	2.486886
2498	3078	2.480440
2499	3078	2.480440
2500	3094	2.493333
2501	3078	2.480440
2502	3078	2.480440
2503	3078	2.480440
2504	3094	2.493333
2505	3094	2.493333
2506	3079	2.481245
2507	3078	2.480440
2508	3106	2.503004
2509	3090	2.490110
2510	3090	2.490110
2511	3094	2.493333
2512	3090	2.490110
2513	3094	2.493333
2514	3094	2.493333
2515	3106	2.503004
2516	3106	2.503004
2517	3106	2.503004
2518	3094	2.493333
2519	3094	2.493333
2520	3094	2.493333
2521	3094	2.493333
2522	3090	2.490110
2523	3094	2.493333
2524	3078	2.480440
2525	3090	2.490110
2526	3078	2.480440
2527	3090	2.490110
2528	3094	2.493333
2529	3078	2.480440
2530	3078	2.480440
2531	3078	2.480440
2532	3078	2.480440
2533	3078	2.480440
2534	3074	2.477216
2535	3078	2.480440
2536	3094	2.493333
2537	3094	2.493333
2538	3078	2.480440
2539	3078	2.480440
2540	3078	2.480440
2541	3090	2.490110
2542	3078	2.480440
2543	3078	2.480440
2544	3078	2.480440
2545	3090	2.490110
2546	3086	2.486886
2547	3078	2.480440
2548	3094	2.493333
2549	3078	2.480440
2550	3078	2.480440
2551	3090	2.490110
2552	3078	2.480440
2553	3078	2.480440
2554	3074	2.477216
2555	3078	2.480440
2556	3078	2.480440
2557	3094	2.493333
2558	3106	2.503004
2559	3094	2.493333
2560	3094	2.493333
2561	3094	2.493333
2562	3090	2.490110
2563	3094	2.493333
2564	3090	2.490110
2565	3078	2.480440
2566	3094	2.493333
2567	3078	2.480440
2568	3079	2.481245
2569	3078	2.480440
2570	3094	2.493333
2571	3078	2.480440
2572	3074	2.477216
2573	3106	2.503004
2574	3078	2.480440
2575	3078	2.480440
2576	3078	2.480440
2577	3078	2.480440
2578	3078	2.480440
2579	3078	2.480440
2580	3090	2.490110
2581	3078	2.480440
2582	3078	2.480440
2583	3086	2.486886
2584	3074	2.477216
2585	3090	2.490110
2586	3094	2.493333
2587	3094	2.493333
2588	3094	2.493333
2589	3090	2.490110
2590	3094	2.493333
2591	3078	2.480440
2592	3094	2.493333
2593	3106	2.503004
2594	3094	2.493333
2595	3078	2.480440
2596	3094	2.493333
2597	3078	2.480440
2598	3078	2.480440
2599	3074	2.477216
2600	3074	2.477216
2601	3074	2.477216
2602	3078	2.480440
2603	3074	2.477216
2604	3074	2.477216
2605	3078	2.480440
2606	3078	2.480440
2607	3078	2.480440
2608	3078	2.480440
2609	3074	2.477216
2610	3074	2.477216
2611	3072	2.475604
2612	3072	2.475604
2613	3072	2.475604
2614	3078	2.480440
2615	3090	2.490110
2616	3078	2.480440
2617	3072	2.475604
2618	3072	2.475604
2619	3074	2.477216
2620	3078	2.480440
2621	3074	2.477216
2622	3074	2.477216
2623	3078	2.480440
2624	3074	2.477216
2625	3072	2.475604
2626	3078	2.480440
2627	3078	2.480440
2628	3078	2.480440
2629	3074	2.477216
2630	3074	2.477216
2631	3094	2.493333
2632	3090	2.490110
2633	3090	2.490110
2634	3078	2.480440
2635	3086	2.486886
2636	3074	2.477216
2637	3078	2.480440
2638	3074	2.477216
2639	3078	2.480440
2640	3072	2.475604
2641	3074	2.477216
2642	3078	2.480440
2643	3090	2.490110
2644	3078	2.480440
2645	3078	2.480440
2646	3094	2.493333
2647	3094	2.493333
2648	3094	2.493333
2649	3094	2.493333
2650	3094	2.493333
2651	3094	2.493333
2652	3094	2.493333
2653	3106	2.503004
2654	3110	2.506227
2655	3094	2.493333
2656	3094	2.493333
2657	3078	2.480440
2658	3078	2.480440
2659	3078	2.480440
2660	3078	2.480440
2661	3078	2.480440
2662	3078	2.480440
2663	3090	2.490110
2664	3078	2.480440
2665	3078	2.480440
2666	3074	2.477216
2667	3094	2.493333
2668	3090	2.490110
2669	3094	2.493333
2670	3078	2.480440
2671	3078	2.480440
2672	3106	2.503004
2673	3094	2.493333
2674	3086	2.486886
2675	3090	2.490110
2676	3110	2.506227
2677	3094	2.493333
2678	3094	2.493333
2679	3090	2.490110
2680	3078	2.480440
2681	3090	2.490110
2682	3090	2.490110
2683	3090	2.490110
2684	3094	2.493333
2685	3074	2.477216
2686	3078	2.480440
2687	3074	2.477216
2688	3072	2.475604
2689	3074	2.477216
2690	3078	2.480440
2691	3078	2.480440
2692	3090	2.490110
2693	3110	2.506227
2694	3078	2.480440
2695	3094	2.493333
2696	3094	2.493333
2697	3078	2.480440
2698	3086	2.486886
2699	3078	2.480440
2700	3086	2.486886
2701	3094	2.493333
2702	3110	2.506227
2703	3094	2.493333
2704	3106	2.503004
2705	3094	2.493333
2706	3106	2.503004
2707	3106	2.503004
2708	3106	2.503004
2709	3094	2.493333
2710	3094	2.493333
2711	3079	2.481245
2712	3094	2.493333
2713	3110	2.506227
2714	3094	2.493333
2715	3110	2.506227
2716	3106	2.503004
2717	3094	2.493333
2718	3094	2.493333
2719	3106	2.503004
2720	3094	2.493333
2721	3094	2.493333
2722	3106	2.503004
2723	3094	2.493333
2724	3106	2.503004
2725	3110	2.506227
2726	3110	2.506227
2727	3110	2.506227
2728	3094	2.493333
2729	3110	2.506227
2730	3106	2.503004
2731	3110	2.506227
2732	3094	2.493333
2733	3106	2.503004
2734	3110	2.506227
2735	3094	2.493333
2736	3094	2.493333
2737	3078	2.480440
2738	3086	2.486886
2739	3094	2.493333
2740	3074	2.477216
2741	3090	2.490110
2742	3094	2.493333
2743	3094	2.493333
2744	3106	2.503004
2745	3094	2.493333
2746	3094	2.493333
2747	3106	2.503004
2748	3106	2.503004
2749	3118	2.512674
2750	3110	2.506227
2751	3122	2.515897
2752	3110	2.506227
2753	3094	2.493333
2754	3110	2.506227
2755	3106	2.503004
2756	3110	2.506227
2757	3110	2.506227
2758	3106	2.503004
2759	3094	2.493333
2760	3110	2.506227
2761	3110	2.506227
2762	3106	2.503004
2763	3094	2.493333
2764	3110	2.506227
2765	3110	2.506227
2766	3110	2.506227
2767	3110	2.506227
2768	3110	2.506227
2769	3110	2.506227
2770	3110	2.506227
2771	3106	2.503004
2772	3110	2.506227
2773	3110	2.506227
2774	3110	2.506227
2775	3106	2.503004
2776	3122	2.515897
2777	3110	2.506227
2778	3118	2.512674
2779	3110	2.506227
2780	3110	2.506227
2781	3110	2.506227
2782	3110	2.506227
2783	3126	2.519121
2784	3126	2.519121
2785	3122	2.515897
2786	3122	2.515897
2787	3110	2.506227
2788	3110	2.506227
2789	3110	2.506227
2790	3126	2.519121
2791	3111	2.507033
2792	3126	2.519121
2793	3126	2.519121
2794	3126	2.519121
2795	3126	2.519121
2796	3110	2.506227
2797	3110	2.506227
2798	3118	2.512674
2799	3106	2.503004
2800	3126	2.519121
2801	3110	2.506227
2802	3122	2.515897
2803	3126	2.519121
2804	3122	2.515897
2805	3126	2.519121
2806	3126	2.519121
2807	3110	2.506227
2808	3126	2.519121
2809	3110	2.506227
2810	3122	2.515897
2811	3110	2.506227
2812	3126	2.519121
2813	3126	2.519121
2814	3111	2.507033
2815	3138	2.528791
2816	3110	2.506227
2817	3110	2.506227
2818	3126	2.519121
2819	3126	2.519121
2820	3110	2.506227
2821	3110	2.506227
2822	3110	2.506227
2823	3110	2.506227
2824	3122	2.515897
2825	3110	2.506227
2826	3122	2.515897
2827	3122	2.515897
2828	3126	2.519121
2829	3142	2.532015
2830	3126	2.519121
2831	3122	2.515897
2832	3126	2.519121
2833	3138	2.528791
2834	3126	2.519121
2835	3138	2.528791
2836	3142	2.532015
2837	3126	2.519121
2838	3126	2.519121
2839	3122	2.515897
2840	3126	2.519121
2841	3126	2.519121
2842	3126	2.519121
2843	3126	2.519121
2844	3122	2.515897
2845	3110	2.506227
2846	3110	2.506227
2847	3122	2.515897
2848	3126	2.519121
2849	3126	2.519121
2850	3126	2.519121
2851	3126	2.519121
2852	3126	2.519121
2853	3122	2.515897
2854	3126	2.519121
2855	3126	2.519121
2856	3126	2.519121
2857	3126	2.519121
2858	3126	2.519121
2859	3142	2.532015
2860	3142	2.532015
2861	3122	2.515897
2862	3126	2.519121
2863	3111	2.507033
2864	3110	2.506227
2865	3110	2.506227
2866	3110	2.506227
2867	3122	2.515897
2868	3118	2.512674
2869	3122	2.515897
2870	3122	2.515897
2871	3110	2.506227
2872	3126	2.519121
2873	3110	2.506227
2874	3106	2.503004
2875	3126	2.519121
2876	3110	2.506227
2877	3122	2.515897
2878	3126	2.519121
2879	3126	2.519121
2880	3126	2.519121
2881	3126	2.519121
2882	3126	2.519121
2883	3138	2.528791
2884	3138	2.528791
2885	3126	2.519121
2886	3126	2.519121
2887	3126	2.519121
2888	3142	2.532015
2889	3138	2.528791
2890	3154	2.541685
2891	3142	2.532015
2892	3154	2.541685
2893	3138	2.528791
2894	3142	2.532015
2895	3142	2.532015
2896	3142	2.532015
2897	3126	2.519121
2898	3126	2.519121
2899	3158	2.544908
2900	3138	2.528791
2901	3138	2.528791
2902	3142	2.532015
2903	3143	2.532821
2904	3142	2.532015
2905	3143	2.532821
2906	3142	2.532015
2907	3158	2.544908
2908	3142	2.532015
2909	3142	2.532015
2910	3142	2.532015
2911	3142	2.532015
2912	3150	2.538462
2913	3142	2.532015
2914	3154	2.541685
2915	3158	2.544908
2916	3143	2.532821
2917	3142	2.532015
2918	3142	2.532015
2919	3154	2.541685
2920	3142	2.532015
2921	3154	2.541685
2922	3142	2.532015
2923	3142	2.532015
2924	3142	2.532015
2925	3138	2.528791
2926	3142	2.532015
2927	3142	2.532015
2928	3142	2.532015
2929	3142	2.532015
2930	3158	2.544908
2931	3154	2.541685
2932	3142	2.532015
2933	3158	2.544908
2934	3158	2.544908
2935	3154	2.541685
2936	3154	2.541685
2937	3154	2.541685
2938	3154	2.541685
2939	3158	2.544908
2940	3158	2.544908
2941	3158	2.544908
2942	3142	2.532015
2943	3158	2.544908
2944	3142	2.532015
2945	3142	2.532015
2946	3142	2.532015
2947	3154	2.541685
2948	3158	2.544908
2949	3158	2.544908
2950	3158	2.544908
2951	3142	2.532015
2952	3138	2.528791
2953	3158	2.544908
2954	3158	2.544908
2955	3142	2.532015
2956	3158	2.544908
2957	3150	2.538462
2958	3138	2.528791
2959	3138	2.528791
2960	3142	2.532015
2961	3142	2.532015
2962	3142	2.532015
2963	3158	2.544908
2964	3138	2.528791
2965	3142	2.532015
2966	3142	2.532015
2967	3142	2.532015
2968	3138	2.528791
2969	3154	2.541685
2970	3142	2.532015
2971	3138	2.528791
2972	3142	2.532015
2973	3126	2.519121
2974	3142	2.532015
2975	3142	2.532015
2976	3142	2.532015
2977	3142	2.532015
2978	3138	2.528791
2979	3142	2.532015
2980	3138	2.528791
2981	3142	2.532015
2982	3142	2.532015
2983	3126	2.519121
2984	3126	2.519121
2985	3126	2.519121
2986	3126	2.519121
2987	3142	2.532015
2988	3142	2.532015
2989	3126	2.519121
2990	3142	2.532015
2991	3138	2.528791
2992	3138	2.528791
2993	3126	2.519121
2994	3142	2.532015
2995	3142	2.532015
2996	3142	2.532015
2997	3142	2.532015
2998	3142	2.532015
2999	3126	2.519121
3000	3142	2.532015
3001	3142	2.532015
3002	3142	2.532015
3003	3154	2.541685
3004	3154	2.541685
3005	3154	2.541685
3006	3143	2.532821
3007	3142	2.532015
3008	3150	2.538462
3009	3154	2.541685
3010	3154	2.541685
3011	3142	2.532015
3012	3142	2.532015
3013	3142	2.532015
3014	3142	2.532015
3015	3142	2.532015
3016	3142	2.532015
3017	3142	2.532015
3018	3142	2.532015
3019	3138	2.528791
3020	3142	2.532015
3021	3138	2.528791
3022	3126	2.519121
3023	3142	2.532015
3024	3126	2.519121
3025	3126	2.519121
3026	3126	2.519121
3027	3138	2.528791
3028	3126	2.519121
3029	3126	2.519121
3030	3138	2.528791
3031	3126	2.519121
3032	3126	2.519121
3033	3126	2.519121
3034	3142	2.532015
3035	3154	2.541685
3036	3142	2.532015
3037	3138	2.528791
3038	3154	2.541685
3039	3142	2.532015
3040	3158	2.544908
3041	3150	2.538462
3042	3170	2.554579
3043	3158	2.544908
3044	3154	2.541685
3045	3154	2.541685
3046	3158	2.544908
3047	3154	2.541685
3048	3142	2.532015
3049	3154	2.541685
3050	3142	2.532015
3051	3150	2.538462
3052	3142	2.532015
3053	3158	2.544908
3054	3138	2.528791
3055	3142	2.532015
3056	3158	2.544908
3057	3138	2.528791
3058	3158	2.544908
3059	3158	2.544908
3060	3142	2.532015
3061	3150	2.538462
3062	3142	2.532015
3063	3142	2.532015
3064	3150	2.538462
3065	3142	2.532015
3066	3142	2.532015
3067	3142	2.532015
3068	3142	2.532015
3069	3142	2.532015
3070	3126	2.519121
3071	3154	2.541685
3072	3142	2.532015
3073	3150	2.538462
3074	3158	2.544908
3075	3142	2.532015
3076	3142	2.532015
3077	3142	2.532015
3078	3158	2.544908
3079	3154	2.541685
3080	3154	2.541685
3081	3154	2.541685
3082	3158	2.544908
3083	3158	2.544908
3084	3142	2.532015
3085	3142	2.532015
3086	3158	2.544908
3087	3158	2.544908
3088	3170	2.554579
3089	3170	2.554579
3090	3158	2.544908
3091	3158	2.544908
3092	3142	2.532015
3093	3158	2.544908
3094	3158	2.544908
3095	3158	2.544908
3096	3174	2.557802
3097	3158	2.544908
3098	3170	2.554579
3099	3158	2.544908
3100	3154	2.541685
3101	3154	2.541685
3102	3158	2.544908
3103	3170	2.554579
3104	3154	2.541685
3105	3158	2.544908
3106	3158	2.544908
3107	3158	2.544908
3108	3158	2.544908
3109	3158	2.544908
3110	3158	2.544908
3111	3154	2.541685
3112	3142	2.532015
3113	3142	2.532015
3114	3154	2.541685
3115	3158	2.544908
3116	3143	2.532821
3117	3154	2.541685
3118	3154	2.541685
3119	3142	2.532015
3120	3142	2.532015
3121	3142	2.532015
3122	3170	2.554579
3123	3150	2.538462
3124	3142	2.532015
3125	3142	2.532015
3126	3142	2.532015
3127	3142	2.532015
3128	3138	2.528791
3129	3154	2.541685
3130	3142	2.532015
3131	3142	2.532015
3132	3142	2.532015
3133	3138	2.528791
3134	3138	2.528791
3135	3142	2.532015
3136	3142	2.532015
3137	3142	2.532015
3138	3126	2.519121
3139	3126	2.519121
3140	3142	2.532015
3141	3126	2.519121
3142	3138	2.528791
3143	3142	2.532015
3144	3143	2.532821
3145	3142	2.532015
3146	3142	2.532015
3147	3142	2.532015
3148	3158	2.544908
3149	3142	2.532015
3150	3154	2.541685
3151	3158	2.544908
3152	3154	2.541685
3153	3150	2.538462
3154	3158	2.544908
3155	3158	2.544908
3156	3158	2.544908
3157	3158	2.544908
3158	3158	2.544908
3159	3142	2.532015
3160	3158	2.544908
3161	3158	2.544908
3162	3158	2.544908
3163	3142	2.532015
3164	3142	2.532015
3165	3154	2.541685
3166	3154	2.541685
3167	3158	2.544908
3168	3174	2.557802
3169	3142	2.532015
3170	3154	2.541685
3171	3158	2.544908
3172	3142	2.532015
3173	3158	2.544908
3174	3158	2.544908
3175	3158	2.544908
3176	3158	2.544908
3177	3158	2.544908
3178	3158	2.544908
3179	3154	2.541685
3180	3158	2.544908
3181	3158	2.544908
3182	3150	2.538462
3183	3142	2.532015
3184	3150	2.538462
3185	3150	2.538462
3186	3142	2.532015
3187	3154	2.541685
3188	3158	2.544908
3189	3154	2.541685
3190	3142	2.532015
3191	3158	2.544908
3192	3142	2.532015
3193	3142	2.532015
3194	3158	2.544908
3195	3154	2.541685
3196	3154	2.541685
3197	3158	2.544908
3198	3142	2.532015
3199	3158	2.544908
3200	3142	2.532015
3201	3158	2.544908
3202	3170	2.554579
3203	3158	2.544908
3204	3158	2.544908
3205	3142	2.532015
3206	3158	2.544908
3207	3142	2.532015
3208	3158	2.544908
3209	3154	2.541685
3210	3142	2.532015
3211	3158	2.544908
3212	3143	2.532821
3213	3154	2.541685
3214	3158	2.544908
3215	3158	2.544908
3216	3143	2.532821
3217	3143	2.532821
3218	3142	2.532015
3219	3158	2.544908
3220	3150	2.538462
3221	3150	2.538462
3222	3154	2.541685
3223	3142	2.532015
3224	3142	2.532015
3225	3142	2.532015
3226	3142	2.532015
3227	3142	2.532015
3228	3158	2.544908
3229	3158	2.544908
3230	3143	2.532821
3231	3154	2.541685
3232	3158	2.544908
3233	3158	2.544908
3234	3158	2.544908
3235	3154	2.541685
3236	3158	2.544908
3237	3142	2.532015
3238	3142	2.532015
3239	3158	2.544908
3240	3138	2.528791
3241	3138	2.528791
3242	3142	2.532015
3243	3150	2.538462
3244	3150	2.538462
3245	3154	2.541685
3246	3158	2.544908
3247	3158	2.544908
3248	3170	2.554579
3249	3154	2.541685
3250	3170	2.554579
3251	3158	2.544908
3252	3158	2.544908
3253	3158	2.544908
3254	3158	2.544908
3255	3158	2.544908
3256	3170	2.554579
3257	3154	2.541685
3258	3170	2.554579
3259	3158	2.544908
3260	3158	2.544908
3261	3158	2.544908
3262	3142	2.532015
3263	3158	2.544908
3264	3154	2.541685
3265	3142	2.532015
3266	3158	2.544908
3267	3158	2.544908
3268	3142	2.532015
3269	3143	2.532821
3270	3158	2.544908
3271	3158	2.544908
3272	3158	2.544908
3273	3154	2.541685
3274	3154	2.541685
3275	3158	2.544908
3276	3170	2.554579
3277	3158	2.544908
3278	3158	2.544908
3279	3142	2.532015
3280	3158	2.544908
3281	3150	2.538462
3282	3142	2.532015
3283	3158	2.544908
3284	3154	2.541685
3285	3143	2.532821
3286	3143	2.532821
3287	3142	2.532015
3288	3158	2.544908
3289	3158	2.544908
3290	3154	2.541685
3291	3154	2.541685
3292	3158	2.544908
3293	3158	2.544908
3294	3158	2.544908
3295	3158	2.544908
3296	3143	2.532821
3297	3158	2.544908
3298	3174	2.557802
3299	3158	2.544908
3300	3150	2.538462
3301	3154	2.541685
3302	3154	2.541685
3303	3154	2.541685
3304	3150	2.538462
3305	3154	2.541685
3306	3158	2.544908
3307	3142	2.532015
3308	3142	2.532015
3309	3154	2.541685
3310	3158	2.544908
3311	3154	2.541685
3312	3158	2.544908
3313	3142	2.532015
3314	3158	2.544908
3315	3142	2.532015
3316	3154	2.541685
3317	3158	2.544908
3318	3170	2.554579
3319	3158	2.544908
3320	3170	2.554579
3321	3154	2.541685
3322	3158	2.544908
3323	3143	2.532821
3324	3154	2.541685
3325	3154	2.541685
3326	3158	2.544908
3327	3143	2.532821
3328	3158	2.544908
3329	3154	2.541685
3330	3158	2.544908
3331	3142	2.532015
3332	3158	2.544908
3333	3158	2.544908
3334	3158	2.544908
3335	3158	2.544908
3336	3158	2.544908
3337	3142	2.532015
3338	3142	2.532015
3339	3142	2.532015
3340	3142	2.532015
3341	3142	2.532015
3342	3142	2.532015
3343	3142	2.532015
3344	3138	2.528791
3345	3142	2.532015
3346	3142	2.532015
3347	3126	2.519121
3348	3142	2.532015
3349	3143	2.532821
3350	3142	2.532015
3351	3142	2.532015
3352	3142	2.532015
3353	3142	2.532015
3354	3142	2.532015
3355	3142	2.532015
3356	3158	2.544908
3357	3142	2.532015
3358	3142	2.532015
3359	3158	2.544908
3360	3143	2.532821
3361	3142	2.532015
3362	3154	2.541685
3363	3150	2.538462
3364	3158	2.544908
3365	3142	2.532015
3366	3143	2.532821
3367	3158	2.544908
3368	3158	2.544908
3369	3142	2.532015
3370	3142	2.532015
3371	3158	2.544908
3372	3158	2.544908
3373	3158	2.544908
3374	3154	2.541685
3375	3158	2.544908
3376	3154	2.541685
3377	3158	2.544908
3378	3158	2.544908
3379	3170	2.554579
3380	3170	2.554579
3381	3158	2.544908
3382	3174	2.557802
3383	3158	2.544908
3384	3170	2.554579
3385	3170	2.554579
3386	3174	2.557802
3387	3158	2.544908
3388	3174	2.557802
3389	3158	2.544908
3390	3158	2.544908
3391	3170	2.554579
3392	3170	2.554579
3393	3170	2.554579
3394	3158	2.544908
3395	3158	2.544908
3396	3158	2.544908
3397	3142	2.532015
3398	3158	2.544908
3399	3154	2.541685
3400	3158	2.544908
3401	3158	2.544908
3402	3158	2.544908
3403	3158	2.544908
3404	3158	2.544908
3405	3142	2.532015
3406	3154	2.541685
3407	3154	2.541685
3408	3158	2.544908
3409	3142	2.532015
3410	3142	2.532015
3411	3143	2.532821
3412	3142	2.532015
3413	3142	2.532015
3414	3154	2.541685
3415	3150	2.538462
3416	3154	2.541685
3417	3158	2.544908
3418	3170	2.554579
3419	3158	2.544908
3420	3170	2.554579
3421	3158	2.544908
3422	3158	2.544908
3423	3170	2.554579
3424	3174	2.557802
3425	3170	2.554579
3426	3158	2.544908
3427	3158	2.544908
3428	3154	2.541685
3429	3158	2.544908
3430	3158	2.544908
3431	3158	2.544908
3432	3154	2.541685
3433	3170	2.554579
3434	3158	2.544908
3435	3143	2.532821
3436	3158	2.544908
3437	3158	2.544908
3438	3158	2.544908
3439	3174	2.557802
3440	3158	2.544908
3441	3158	2.544908
3442	3158	2.544908
3443	3158	2.544908
3444	3158	2.544908
3445	3158	2.544908
3446	3158	2.544908
3447	3170	2.554579
3448	3142	2.532015
3449	3158	2.544908
3450	3158	2.544908
3451	3154	2.541685
3452	3158	2.544908
3453	3170	2.554579
3454	3158	2.544908
3455	3158	2.544908
3456	3170	2.554579
3457	3158	2.544908
3458	3158	2.544908
3459	3158	2.544908
3460	3158	2.544908
3461	3158	2.544908
3462	3158	2.544908
3463	3158	2.544908
3464	3158	2.544908
3465	3142	2.532015
3466	3158	2.544908
3467	3142	2.532015
3468	3142	2.532015
3469	3138	2.528791
3470	3138	2.528791
3471	3142	2.532015
3472	3142	2.532015
3473	3138	2.528791
3474	3142	2.532015
3475	3138	2.528791
3476	3138	2.528791
3477	3126	2.519121
3478	3142	2.532015
3479	3122	2.515897
3480	3142	2.532015
3481	3142	2.532015
3482	3142	2.532015
3483	3142	2.532015
3484	3142	2.532015
3485	3142	2.532015
3486	3142	2.532015
3487	3138	2.528791
3488	3143	2.532821
3489	3143	2.532821
3490	3142	2.532015
3491	3142	2.532015
3492	3142	2.532015
3493	3142	2.532015
3494	3158	2.544908
3495	3142	2.532015
3496	3142	2.532015
3497	3158	2.544908
3498	3158	2.544908
3499	3158	2.544908
3500	3158	2.544908
3501	3154	2.541685
3502	3154	2.541685
3503	3158	2.544908
3504	3158	2.544908
3505	3158	2.544908
3506	3158	2.544908
3507	3154	2.541685
3508	3158	2.544908
3509	3158	2.544908
3510	3158	2.544908
3511	3158	2.544908
3512	3158	2.544908
3513	3158	2.544908
3514	3158	2.544908
3515	3158	2.544908
3516	3154	2.541685
3517	3158	2.544908
3518	3154	2.541685
3519	3142	2.532015
3520	3143	2.532821
3521	3142	2.532015
3522	3142	2.532015
3523	3143	2.532821
3524	3150	2.538462
3525	3158	2.544908
3526	3158	2.544908
3527	3158	2.544908
3528	3154	2.541685
3529	3158	2.544908
3530	3158	2.544908
3531	3158	2.544908
3532	3142	2.532015
3533	3142	2.532015
3534	3154	2.541685
3535	3142	2.532015
3536	3158	2.544908
3537	3142	2.532015
3538	3142	2.532015
3539	3142	2.532015
3540	3154	2.541685
3541	3158	2.544908
3542	3142	2.532015
3543	3154	2.541685
3544	3142	2.532015
3545	3142	2.532015
3546	3154	2.541685
3547	3142	2.532015
3548	3142	2.532015
3549	3138	2.528791
3550	3142	2.532015
3551	3138	2.528791
3552	3142	2.532015
3553	3138	2.528791
3554	3138	2.528791
3555	3126	2.519121
3556	3126	2.519121
3557	3142	2.532015
3558	3142	2.532015
3559	3142	2.532015
3560	3142	2.532015
3561	3142	2.532015
3562	3142	2.532015
3563	3142	2.532015
3564	3142	2.532015
3565	3138	2.528791
3566	3142	2.532015
3567	3142	2.532015
3568	3138	2.528791
3569	3138	2.528791
3570	3138	2.528791
3571	3126	2.519121
3572	3126	2.519121
3573	3126	2.519121
3574	3126	2.519121
3575	3110	2.506227
3576	3122	2.515897
3577	3126	2.519121
3578	3138	2.528791
3579	3126	2.519121
3580	3122	2.515897
3581	3126	2.519121
3582	3138	2.528791
3583	3138	2.528791
3584	3138	2.528791
3585	3143	2.532821
3586	3126	2.519121
3587	3126	2.519121
3588	3138	2.528791
3589	3142	2.532015
3590	3138	2.528791
3591	3126	2.519121
3592	3142	2.532015
3593	3142	2.532015
3594	3142	2.532015
3595	3138	2.528791
3596	3142	2.532015
3597	3158	2.544908
3598	3142	2.532015
3599	3170	2.554579
3600	3158	2.544908
3601	3150	2.538462
3602	3154	2.541685
3603	3142	2.532015
3604	3154	2.541685
3605	3143	2.532821
3606	3158	2.544908
3607	3158	2.544908
3608	3158	2.544908
3609	3143	2.532821
3610	3150	2.538462
3611	3142	2.532015
3612	3158	2.544908
3613	3158	2.544908
3614	3142	2.532015
3615	3126	2.519121
3616	3154	2.541685
3617	3138	2.528791
3618	3138	2.528791
3619	3138	2.528791
3620	3126	2.519121
3621	3138	2.528791
3622	3142	2.532015
3623	3126	2.519121
3624	3142	2.532015
3625	3138	2.528791
3626	3142	2.532015
3627	3142	2.532015
3628	3126	2.519121
3629	3126	2.519121
3630	3126	2.519121
3631	3126	2.519121
3632	3126	2.519121
3633	3142	2.532015
3634	3126	2.519121
3635	3138	2.528791
3636	3142	2.532015
3637	3142	2.532015
3638	3142	2.532015
3639	3142	2.532015
3640	3142	2.532015
3641	3158	2.544908
3642	3158	2.544908
3643	3158	2.544908
3644	3158	2.544908
3645	3158	2.544908
3646	3174	2.557802
3647	3158	2.544908
