Pixel	ADC	VoltageV
1	3961	3.192015
2	3965	3.195238
3	3961	3.192015
4	3961	3.192015
5	3957	3.188791
6	3961	3.192015
7	3961	3.192015
8	3957	3.188791
9	3953	3.185568
10	3961	3.192015
11	3953	3.185568
12	3961	3.192015
13	3957	3.188791
14	3961	3.192015
15	3957	3.188791
16	3953	3.185568
17	3513	2.830989
18	3136	2.527179
19	3145	2.534432
20	3145	2.534432
21	3152	2.540073
22	3129	2.521538
23	3152	2.540073
24	3145	2.534432
25	3153	2.540879
26	3145	2.534432
27	3153	2.540879
28	3157	2.544103
29	3161	2.547326
30	3145	2.534432
31	3145	2.534432
32	3137	2.527985
33	3153	2.540879
34	3153	2.540879
35	3145	2.534432
36	3145	2.534432
37	3137	2.527985
38	3145	2.534432
39	3152	2.540073
40	3157	2.544103
41	3153	2.540879
42	3153	2.540879
43	3137	2.527985
44	3152	2.540073
45	3137	2.527985
46	3153	2.540879
47	3145	2.534432
48	3141	2.531209
49	3137	2.527985
50	3141	2.531209
51	3137	2.527985
52	3141	2.531209
53	3145	2.534432
54	3136	2.527179
55	3145	2.534432
56	3137	2.527985
57	3141	2.531209
58	3137	2.527985
59	3137	2.527985
60	3137	2.527985
61	3141	2.531209
62	3145	2.534432
63	3129	2.521538
64	3137	2.527985
65	3145	2.534432
66	3129	2.521538
67	3137	2.527985
68	3129	2.521538
69	3129	2.521538
70	3129	2.521538
71	3141	2.531209
72	3153	2.540879
73	3137	2.527985
74	3145	2.534432
75	3153	2.540879
76	3145	2.534432
77	3145	2.534432
78	3153	2.540879
79	3145	2.534432
80	3141	2.531209
81	3152	2.540073
82	3137	2.527985
83	3137	2.527985
84	3129	2.521538
85	3133	2.524762
86	3145	2.534432
87	3141	2.531209
88	3137	2.527985
89	3137	2.527985
90	3129	2.521538
91	3121	2.515092
92	3125	2.518315
93	3129	2.521538
94	3145	2.534432
95	3129	2.521538
96	3129	2.521538
97	3137	2.527985
98	3121	2.515092
99	3141	2.531209
100	3129	2.521538
101	3121	2.515092
102	3137	2.527985
103	3121	2.515092
104	3129	2.521538
105	3121	2.515092
106	3121	2.515092
107	3121	2.515092
108	3109	2.505421
109	3121	2.515092
110	3113	2.508645
111	3129	2.521538
112	3113	2.508645
113	3113	2.508645
114	3121	2.515092
115	3113	2.508645
116	3121	2.515092
117	3137	2.527985
118	3129	2.521538
119	3121	2.515092
120	3121	2.515092
121	3113	2.508645
122	3129	2.521538
123	3137	2.527985
124	3129	2.521538
125	3137	2.527985
126	3137	2.527985
127	3129	2.521538
128	3121	2.515092
129	3145	2.534432
130	3137	2.527985
131	3125	2.518315
132	3129	2.521538
133	3129	2.521538
134	3137	2.527985
135	3121	2.515092
136	3137	2.527985
137	3113	2.508645
138	3129	2.521538
139	3129	2.521538
140	3125	2.518315
141	3121	2.515092
142	3137	2.527985
143	3125	2.518315
144	3113	2.508645
145	3109	2.505421
146	3129	2.521538
147	3129	2.521538
148	3121	2.515092
149	3109	2.505421
150	3109	2.505421
151	3113	2.508645
152	3120	2.514286
153	3121	2.515092
154	3121	2.515092
155	3125	2.518315
156	3129	2.521538
157	3120	2.514286
158	3121	2.515092
159	3121	2.515092
160	3113	2.508645
161	3113	2.508645
162	3101	2.498974
163	3113	2.508645
164	3109	2.505421
165	3120	2.514286
166	3121	2.515092
167	3113	2.508645
168	3113	2.508645
169	3113	2.508645
170	3101	2.498974
171	3113	2.508645
172	3113	2.508645
173	3113	2.508645
174	3121	2.515092
175	3113	2.508645
176	3113	2.508645
177	3121	2.515092
178	3113	2.508645
179	3113	2.508645
180	3121	2.515092
181	3125	2.518315
182	3113	2.508645
183	3120	2.514286
184	3113	2.508645
185	3121	2.515092
186	3109	2.505421
187	3101	2.498974
188	3097	2.495751
189	3101	2.498974
190	3101	2.498974
191	3103	2.500586
192	3121	2.515092
193	3121	2.515092
194	3105	2.502198
195	3101	2.498974
196	3113	2.508645
197	3101	2.498974
198	3109	2.505421
199	3105	2.502198
200	3103	2.500586
201	3101	2.498974
202	3097	2.495751
203	3109	2.505421
204	3113	2.508645
205	3097	2.495751
206	3101	2.498974
207	3097	2.495751
208	3101	2.498974
209	3101	2.498974
210	3113	2.508645
211	3113	2.508645
212	3101	2.498974
213	3097	2.495751
214	3089	2.489304
215	3097	2.495751
216	3103	2.500586
217	3121	2.515092
218	3101	2.498974
219	3097	2.495751
220	3101	2.498974
221	3120	2.514286
222	3109	2.505421
223	3113	2.508645
224	3121	2.515092
225	3113	2.508645
226	3121	2.515092
227	3121	2.515092
228	3121	2.515092
229	3113	2.508645
230	3097	2.495751
231	3101	2.498974
232	3097	2.495751
233	3101	2.498974
234	3113	2.508645
235	3101	2.498974
236	3105	2.502198
237	3113	2.508645
238	3109	2.505421
239	3089	2.489304
240	3113	2.508645
241	3097	2.495751
242	3101	2.498974
243	3120	2.514286
244	3101	2.498974
245	3097	2.495751
246	3101	2.498974
247	3101	2.498974
248	3105	2.502198
249	3101	2.498974
250	3105	2.502198
251	3097	2.495751
252	3097	2.495751
253	3097	2.495751
254	3101	2.498974
255	3101	2.498974
256	3097	2.495751
257	3120	2.514286
258	3109	2.505421
259	3113	2.508645
260	3120	2.514286
261	3113	2.508645
262	3113	2.508645
263	3113	2.508645
264	3113	2.508645
265	3101	2.498974
266	3097	2.495751
267	3113	2.508645
268	3113	2.508645
269	3113	2.508645
270	3113	2.508645
271	3103	2.500586
272	3113	2.508645
273	3109	2.505421
274	3109	2.505421
275	3113	2.508645
276	3113	2.508645
277	3113	2.508645
278	3113	2.508645
279	3105	2.502198
280	3101	2.498974
281	3097	2.495751
282	3101	2.498974
283	3105	2.502198
284	3113	2.508645
285	3109	2.505421
286	3097	2.495751
287	3097	2.495751
288	3103	2.500586
289	3101	2.498974
290	3109	2.505421
291	3109	2.505421
292	3101	2.498974
293	3101	2.498974
294	3089	2.489304
295	3101	2.498974
296	3101	2.498974
297	3097	2.495751
298	3093	2.492527
299	3097	2.495751
300	3113	2.508645
301	3120	2.514286
302	3113	2.508645
303	3113	2.508645
304	3121	2.515092
305	3113	2.508645
306	3137	2.527985
307	3120	2.514286
308	3129	2.521538
309	3129	2.521538
310	3137	2.527985
311	3121	2.515092
312	3105	2.502198
313	3121	2.515092
314	3121	2.515092
315	3105	2.502198
316	3137	2.527985
317	3121	2.515092
318	3120	2.514286
319	3121	2.515092
320	3129	2.521538
321	3129	2.521538
322	3121	2.515092
323	3121	2.515092
324	3120	2.514286
325	3125	2.518315
326	3120	2.514286
327	3129	2.521538
328	3129	2.521538
329	3125	2.518315
330	3121	2.515092
331	3121	2.515092
332	3129	2.521538
333	3125	2.518315
334	3109	2.505421
335	3109	2.505421
336	3121	2.515092
337	3129	2.521538
338	3121	2.515092
339	3137	2.527985
340	3113	2.508645
341	3121	2.515092
342	3121	2.515092
343	3129	2.521538
344	3121	2.515092
345	3129	2.521538
346	3121	2.515092
347	3120	2.514286
348	3121	2.515092
349	3113	2.508645
350	3121	2.515092
351	3129	2.521538
352	3129	2.521538
353	3137	2.527985
354	3145	2.534432
355	3129	2.521538
356	3125	2.518315
357	3121	2.515092
358	3137	2.527985
359	3137	2.527985
360	3129	2.521538
361	3129	2.521538
362	3129	2.521538
363	3121	2.515092
364	3145	2.534432
365	3129	2.521538
366	3128	2.520733
367	3129	2.521538
368	3145	2.534432
369	3129	2.521538
370	3121	2.515092
371	3129	2.521538
372	3129	2.521538
373	3129	2.521538
374	3121	2.515092
375	3113	2.508645
376	3113	2.508645
377	3125	2.518315
378	3129	2.521538
379	3137	2.527985
380	3137	2.527985
381	3129	2.521538
382	3121	2.515092
383	3129	2.521538
384	3121	2.515092
385	3120	2.514286
386	3121	2.515092
387	3121	2.515092
388	3121	2.515092
389	3129	2.521538
390	3113	2.508645
391	3121	2.515092
392	3121	2.515092
393	3121	2.515092
394	3109	2.505421
395	3121	2.515092
396	3121	2.515092
397	3121	2.515092
398	3137	2.527985
399	3113	2.508645
400	3121	2.515092
401	3113	2.508645
402	3125	2.518315
403	3113	2.508645
404	3121	2.515092
405	3121	2.515092
406	3120	2.514286
407	3121	2.515092
408	3129	2.521538
409	3125	2.518315
410	3121	2.515092
411	3129	2.521538
412	3129	2.521538
413	3137	2.527985
414	3129	2.521538
415	3121	2.515092
416	3129	2.521538
417	3129	2.521538
418	3121	2.515092
419	3121	2.515092
420	3129	2.521538
421	3129	2.521538
422	3121	2.515092
423	3141	2.531209
424	3129	2.521538
425	3129	2.521538
426	3129	2.521538
427	3125	2.518315
428	3129	2.521538
429	3129	2.521538
430	3125	2.518315
431	3136	2.527179
432	3137	2.527985
433	3137	2.527985
434	3137	2.527985
435	3145	2.534432
436	3137	2.527985
437	3137	2.527985
438	3145	2.534432
439	3129	2.521538
440	3137	2.527985
441	3145	2.534432
442	3141	2.531209
443	3125	2.518315
444	3129	2.521538
445	3129	2.521538
446	3129	2.521538
447	3137	2.527985
448	3129	2.521538
449	3145	2.534432
450	3137	2.527985
451	3141	2.531209
452	3145	2.534432
453	3137	2.527985
454	3141	2.531209
455	3137	2.527985
456	3129	2.521538
457	3136	2.527179
458	3137	2.527985
459	3137	2.527985
460	3137	2.527985
461	3137	2.527985
462	3137	2.527985
463	3136	2.527179
464	3136	2.527179
465	3129	2.521538
466	3121	2.515092
467	3129	2.521538
468	3137	2.527985
469	3129	2.521538
470	3129	2.521538
471	3121	2.515092
472	3120	2.514286
473	3125	2.518315
474	3136	2.527179
475	3129	2.521538
476	3113	2.508645
477	3129	2.521538
478	3121	2.515092
479	3129	2.521538
480	3137	2.527985
481	3137	2.527985
482	3137	2.527985
483	3137	2.527985
484	3137	2.527985
485	3129	2.521538
486	3145	2.534432
487	3145	2.534432
488	3141	2.531209
489	3129	2.521538
490	3121	2.515092
491	3129	2.521538
492	3121	2.515092
493	3137	2.527985
494	3137	2.527985
495	3125	2.518315
496	3109	2.505421
497	3121	2.515092
498	3129	2.521538
499	3121	2.515092
500	3121	2.515092
501	3113	2.508645
502	3137	2.527985
503	3109	2.505421
504	3113	2.508645
505	3120	2.514286
506	3125	2.518315
507	3121	2.515092
508	3125	2.518315
509	3121	2.515092
510	3109	2.505421
511	3121	2.515092
512	3109	2.505421
513	3137	2.527985
514	3129	2.521538
515	3125	2.518315
516	3121	2.515092
517	3113	2.508645
518	3121	2.515092
519	3121	2.515092
520	3113	2.508645
521	3121	2.515092
522	3121	2.515092
523	3125	2.518315
524	3129	2.521538
525	3129	2.521538
526	3129	2.521538
527	3121	2.515092
528	3120	2.514286
529	3125	2.518315
530	3125	2.518315
531	3129	2.521538
532	3125	2.518315
533	3137	2.527985
534	3129	2.521538
535	3136	2.527179
536	3137	2.527985
537	3129	2.521538
538	3137	2.527985
539	3137	2.527985
540	3129	2.521538
541	3137	2.527985
542	3129	2.521538
543	3129	2.521538
544	3129	2.521538
545	3133	2.524762
546	3136	2.527179
547	3129	2.521538
548	3137	2.527985
549	3121	2.515092
550	3120	2.514286
551	3121	2.515092
552	3121	2.515092
553	3129	2.521538
554	3121	2.515092
555	3113	2.508645
556	3129	2.521538
557	3137	2.527985
558	3129	2.521538
559	3129	2.521538
560	3121	2.515092
561	3113	2.508645
562	3120	2.514286
563	3129	2.521538
564	3120	2.514286
565	3121	2.515092
566	3121	2.515092
567	3109	2.505421
568	3121	2.515092
569	3121	2.515092
570	3101	2.498974
571	3097	2.495751
572	3109	2.505421
573	3120	2.514286
574	3129	2.521538
575	3120	2.514286
576	3113	2.508645
577	3121	2.515092
578	3129	2.521538
579	3113	2.508645
580	3137	2.527985
581	3129	2.521538
582	3133	2.524762
583	3129	2.521538
584	3137	2.527985
585	3129	2.521538
586	3125	2.518315
587	3137	2.527985
588	3121	2.515092
589	3125	2.518315
590	3120	2.514286
591	3129	2.521538
592	3137	2.527985
593	3133	2.524762
594	3121	2.515092
595	3121	2.515092
596	3129	2.521538
597	3121	2.515092
598	3129	2.521538
599	3121	2.515092
600	3121	2.515092
601	3121	2.515092
602	3121	2.515092
603	3121	2.515092
604	3121	2.515092
605	3129	2.521538
606	3121	2.515092
607	3125	2.518315
608	3129	2.521538
609	3121	2.515092
610	3121	2.515092
611	3125	2.518315
612	3121	2.515092
613	3121	2.515092
614	3133	2.524762
615	3121	2.515092
616	3125	2.518315
617	3121	2.515092
618	3129	2.521538
619	3113	2.508645
620	3121	2.515092
621	3121	2.515092
622	3113	2.508645
623	3109	2.505421
624	3113	2.508645
625	3101	2.498974
626	3101	2.498974
627	3113	2.508645
628	3109	2.505421
629	3101	2.498974
630	3120	2.514286
631	3120	2.514286
632	3113	2.508645
633	3101	2.498974
634	3101	2.498974
635	3097	2.495751
636	3101	2.498974
637	3113	2.508645
638	3101	2.498974
639	3097	2.495751
640	3113	2.508645
641	3113	2.508645
642	3129	2.521538
643	3113	2.508645
644	3113	2.508645
645	3121	2.515092
646	3121	2.515092
647	3121	2.515092
648	3121	2.515092
649	3109	2.505421
650	3137	2.527985
651	3125	2.518315
652	3125	2.518315
653	3113	2.508645
654	3121	2.515092
655	3121	2.515092
656	3129	2.521538
657	3125	2.518315
658	3120	2.514286
659	3113	2.508645
660	3121	2.515092
661	3125	2.518315
662	3136	2.527179
663	3137	2.527985
664	3121	2.515092
665	3129	2.521538
666	3137	2.527985
667	3113	2.508645
668	3113	2.508645
669	3113	2.508645
670	3137	2.527985
671	3121	2.515092
672	3121	2.515092
673	3120	2.514286
674	3121	2.515092
675	3125	2.518315
676	3101	2.498974
677	3120	2.514286
678	3121	2.515092
679	3121	2.515092
680	3120	2.514286
681	3121	2.515092
682	3113	2.508645
683	3113	2.508645
684	3113	2.508645
685	3113	2.508645
686	3105	2.502198
687	3113	2.508645
688	3113	2.508645
689	3101	2.498974
690	3105	2.502198
691	3105	2.502198
692	3113	2.508645
693	3113	2.508645
694	3113	2.508645
695	3101	2.498974
696	3125	2.518315
697	3113	2.508645
698	3129	2.521538
699	3125	2.518315
700	3121	2.515092
701	3125	2.518315
702	3120	2.514286
703	3113	2.508645
704	3113	2.508645
705	3113	2.508645
706	3101	2.498974
707	3113	2.508645
708	3113	2.508645
709	3113	2.508645
710	3097	2.495751
711	3093	2.492527
712	3089	2.489304
713	3097	2.495751
714	3109	2.505421
715	3109	2.505421
716	3109	2.505421
717	3101	2.498974
718	3113	2.508645
719	3121	2.515092
720	3101	2.498974
721	3109	2.505421
722	3121	2.515092
723	3101	2.498974
724	3125	2.518315
725	3113	2.508645
726	3120	2.514286
727	3113	2.508645
728	3120	2.514286
729	3129	2.521538
730	3137	2.527985
731	3129	2.521538
732	3120	2.514286
733	3120	2.514286
734	3109	2.505421
735	3117	2.511868
736	3109	2.505421
737	3120	2.514286
738	3105	2.502198
739	3097	2.495751
740	3097	2.495751
741	3089	2.489304
742	3089	2.489304
743	3088	2.488498
744	3093	2.492527
745	3089	2.489304
746	3073	2.476410
747	3081	2.482857
748	3097	2.495751
749	3097	2.495751
750	3097	2.495751
751	3097	2.495751
752	3101	2.498974
753	3105	2.502198
754	3101	2.498974
755	3109	2.505421
756	3113	2.508645
757	3097	2.495751
758	3097	2.495751
759	3101	2.498974
760	3109	2.505421
761	3097	2.495751
762	3113	2.508645
763	3089	2.489304
764	3101	2.498974
765	3120	2.514286
766	3113	2.508645
767	3101	2.498974
768	3113	2.508645
769	3113	2.508645
770	3136	2.527179
771	3129	2.521538
772	3129	2.521538
773	3121	2.515092
774	3125	2.518315
775	3129	2.521538
776	3129	2.521538
777	3129	2.521538
778	3137	2.527985
779	3137	2.527985
780	3137	2.527985
781	3129	2.521538
782	3137	2.527985
783	3137	2.527985
784	3137	2.527985
785	3129	2.521538
786	3121	2.515092
787	3145	2.534432
788	3145	2.534432
789	3129	2.521538
790	3129	2.521538
791	3137	2.527985
792	3137	2.527985
793	3129	2.521538
794	3141	2.531209
795	3145	2.534432
796	3161	2.547326
797	3153	2.540879
798	3153	2.540879
799	3161	2.547326
800	3153	2.540879
801	3161	2.547326
802	3157	2.544103
803	3157	2.544103
804	3153	2.540879
805	3161	2.547326
806	3161	2.547326
807	3157	2.544103
808	3161	2.547326
809	3161	2.547326
810	3165	2.550549
811	3165	2.550549
812	3157	2.544103
813	3165	2.550549
814	3161	2.547326
815	3161	2.547326
816	3161	2.547326
817	3153	2.540879
818	3165	2.550549
819	3161	2.547326
820	3161	2.547326
821	3153	2.540879
822	3153	2.540879
823	3157	2.544103
824	3153	2.540879
825	3153	2.540879
826	3161	2.547326
827	3157	2.544103
828	3161	2.547326
829	3153	2.540879
830	3153	2.540879
831	3145	2.534432
832	3153	2.540879
833	3141	2.531209
834	3157	2.544103
835	3165	2.550549
836	3153	2.540879
837	3145	2.534432
838	3153	2.540879
839	3153	2.540879
840	3153	2.540879
841	3153	2.540879
842	3161	2.547326
843	3161	2.547326
844	3153	2.540879
845	3161	2.547326
846	3161	2.547326
847	3153	2.540879
848	3161	2.547326
849	3165	2.550549
850	3157	2.544103
851	3161	2.547326
852	3165	2.550549
853	3165	2.550549
854	3157	2.544103
855	3152	2.540073
856	3145	2.534432
857	3153	2.540879
858	3153	2.540879
859	3165	2.550549
860	3161	2.547326
861	3161	2.547326
862	3161	2.547326
863	3153	2.540879
864	3165	2.550549
865	3161	2.547326
866	3161	2.547326
867	3145	2.534432
868	3165	2.550549
869	3153	2.540879
870	3165	2.550549
871	3137	2.527985
872	3145	2.534432
873	3145	2.534432
874	3145	2.534432
875	3145	2.534432
876	3129	2.521538
877	3145	2.534432
878	3153	2.540879
879	3145	2.534432
880	3145	2.534432
881	3137	2.527985
882	3137	2.527985
883	3141	2.531209
884	3145	2.534432
885	3161	2.547326
886	3153	2.540879
887	3145	2.534432
888	3157	2.544103
889	3145	2.534432
890	3152	2.540073
891	3145	2.534432
892	3145	2.534432
893	3153	2.540879
894	3137	2.527985
895	3145	2.534432
896	3153	2.540879
897	3137	2.527985
898	3153	2.540879
899	3157	2.544103
900	3153	2.540879
901	3145	2.534432
902	3145	2.534432
903	3152	2.540073
904	3145	2.534432
905	3153	2.540879
906	3153	2.540879
907	3157	2.544103
908	3137	2.527985
909	3153	2.540879
910	3145	2.534432
911	3153	2.540879
912	3153	2.540879
913	3145	2.534432
914	3145	2.534432
915	3137	2.527985
916	3152	2.540073
917	3153	2.540879
918	3153	2.540879
919	3137	2.527985
920	3145	2.534432
921	3153	2.540879
922	3161	2.547326
923	3153	2.540879
924	3145	2.534432
925	3157	2.544103
926	3165	2.550549
927	3157	2.544103
928	3161	2.547326
929	3157	2.544103
930	3153	2.540879
931	3152	2.540073
932	3161	2.547326
933	3165	2.550549
934	3153	2.540879
935	3152	2.540073
936	3153	2.540879
937	3161	2.547326
938	3161	2.547326
939	3161	2.547326
940	3153	2.540879
941	3153	2.540879
942	3153	2.540879
943	3161	2.547326
944	3161	2.547326
945	3153	2.540879
946	3153	2.540879
947	3153	2.540879
948	3161	2.547326
949	3145	2.534432
950	3145	2.534432
951	3145	2.534432
952	3153	2.540879
953	3153	2.540879
954	3157	2.544103
955	3145	2.534432
956	3153	2.540879
957	3157	2.544103
958	3161	2.547326
959	3153	2.540879
960	3153	2.540879
961	3161	2.547326
962	3153	2.540879
963	3145	2.534432
964	3153	2.540879
965	3153	2.540879
966	3157	2.544103
967	3161	2.547326
968	3153	2.540879
969	3161	2.547326
970	3153	2.540879
971	3141	2.531209
972	3153	2.540879
973	3153	2.540879
974	3153	2.540879
975	3161	2.547326
976	3153	2.540879
977	3137	2.527985
978	3152	2.540073
979	3153	2.540879
980	3153	2.540879
981	3145	2.534432
982	3145	2.534432
983	3145	2.534432
984	3145	2.534432
985	3137	2.527985
986	3145	2.534432
987	3145	2.534432
988	3145	2.534432
989	3145	2.534432
990	3137	2.527985
991	3137	2.527985
992	3145	2.534432
993	3145	2.534432
994	3136	2.527179
995	3136	2.527179
996	3153	2.540879
997	3141	2.531209
998	3145	2.534432
999	3145	2.534432
1000	3153	2.540879
1001	3153	2.540879
1002	3152	2.540073
1003	3145	2.534432
1004	3152	2.540073
1005	3145	2.534432
1006	3145	2.534432
1007	3152	2.540073
1008	3145	2.534432
1009	3145	2.534432
1010	3145	2.534432
1011	3129	2.521538
1012	3137	2.527985
1013	3157	2.544103
1014	3145	2.534432
1015	3145	2.534432
1016	3152	2.540073
1017	3137	2.527985
1018	3152	2.540073
1019	3137	2.527985
1020	3152	2.540073
1021	3145	2.534432
1022	3145	2.534432
1023	3137	2.527985
1024	3145	2.534432
1025	3121	2.515092
1026	3121	2.515092
1027	3133	2.524762
1028	3125	2.518315
1029	3101	2.498974
1030	3120	2.514286
1031	3097	2.495751
1032	3097	2.495751
1033	3097	2.495751
1034	3097	2.495751
1035	3081	2.482857
1036	3081	2.482857
1037	3077	2.479634
1038	3081	2.482857
1039	3093	2.492527
1040	3073	2.476410
1041	3089	2.489304
1042	3073	2.476410
1043	3073	2.476410
1044	3072	2.475604
1045	3072	2.475604
1046	3057	2.463516
1047	3045	2.453846
1048	3049	2.457070
1049	3033	2.444176
1050	3049	2.457070
1051	3033	2.444176
1052	3033	2.444176
1053	3017	2.431282
1054	3017	2.431282
1055	3017	2.431282
1056	3013	2.428059
1057	3009	2.424835
1058	3024	2.436923
1059	3013	2.428059
1060	3009	2.424835
1061	3001	2.418388
1062	3025	2.437729
1063	3013	2.428059
1064	3009	2.424835
1065	3017	2.431282
1066	3017	2.431282
1067	3025	2.437729
1068	3025	2.437729
1069	3025	2.437729
1070	3025	2.437729
1071	3013	2.428059
1072	3024	2.436923
1073	3001	2.418388
1074	3008	2.424029
1075	3009	2.424835
1076	3009	2.424835
1077	3001	2.418388
1078	3001	2.418388
1079	3009	2.424835
1080	3024	2.436923
1081	3017	2.431282
1082	3013	2.428059
1083	3008	2.424029
1084	3001	2.418388
1085	2993	2.411941
1086	3001	2.418388
1087	3009	2.424835
1088	3009	2.424835
1089	3013	2.428059
1090	3009	2.424835
1091	3009	2.424835
1092	3008	2.424029
1093	3033	2.444176
1094	3037	2.447399
1095	3033	2.444176
1096	3025	2.437729
1097	3033	2.444176
1098	3029	2.440952
1099	3029	2.440952
1100	3025	2.437729
1101	3025	2.437729
1102	3025	2.437729
1103	3008	2.424029
1104	3017	2.431282
1105	2993	2.411941
1106	3001	2.418388
1107	2993	2.411941
1108	3013	2.428059
1109	2993	2.411941
1110	2993	2.411941
1111	2993	2.411941
1112	2985	2.405495
1113	2985	2.405495
1114	2973	2.395824
1115	2953	2.379707
1116	2977	2.399048
1117	2977	2.399048
1118	2961	2.386154
1119	2929	2.360366
1120	2929	2.360366
1121	2953	2.379707
1122	2985	2.405495
1123	2941	2.370037
1124	2937	2.366813
1125	2929	2.360366
1126	2941	2.370037
1127	2928	2.359560
1128	2933	2.363590
1129	2929	2.360366
1130	2921	2.353919
1131	2929	2.360366
1132	2949	2.376484
1133	2941	2.370037
1134	2921	2.353919
1135	2905	2.341026
1136	2921	2.353919
1137	2928	2.359560
1138	2945	2.373260
1139	2929	2.360366
1140	2929	2.360366
1141	2929	2.360366
1142	2937	2.366813
1143	2929	2.360366
1144	2905	2.341026
1145	2897	2.334579
1146	2865	2.308791
1147	2873	2.315238
1148	2857	2.302344
1149	2817	2.270110
1150	2841	2.289451
1151	2841	2.289451
1152	2881	2.321685
1153	2901	2.337802
1154	2929	2.360366
1155	2953	2.379707
1156	2973	2.395824
1157	2997	2.415165
1158	3008	2.424029
1159	3041	2.450623
1160	3049	2.457070
1161	3072	2.475604
1162	3072	2.475604
1163	3073	2.476410
1164	3081	2.482857
1165	3081	2.482857
1166	3089	2.489304
1167	3093	2.492527
1168	3089	2.489304
1169	3097	2.495751
1170	3101	2.498974
1171	3093	2.492527
1172	3101	2.498974
1173	3101	2.498974
1174	3089	2.489304
1175	3097	2.495751
1176	3097	2.495751
1177	3101	2.498974
1178	3097	2.495751
1179	3101	2.498974
1180	3097	2.495751
1181	3101	2.498974
1182	3101	2.498974
1183	3113	2.508645
1184	3121	2.515092
1185	3101	2.498974
1186	3121	2.515092
1187	3113	2.508645
1188	3121	2.515092
1189	3129	2.521538
1190	3129	2.521538
1191	3129	2.521538
1192	3129	2.521538
1193	3113	2.508645
1194	3129	2.521538
1195	3129	2.521538
1196	3129	2.521538
1197	3121	2.515092
1198	3136	2.527179
1199	3141	2.531209
1200	3137	2.527985
1201	3129	2.521538
1202	3137	2.527985
1203	3129	2.521538
1204	3145	2.534432
1205	3145	2.534432
1206	3137	2.527985
1207	3137	2.527985
1208	3145	2.534432
1209	3137	2.527985
1210	3137	2.527985
1211	3137	2.527985
1212	3137	2.527985
1213	3129	2.521538
1214	3137	2.527985
1215	3129	2.521538
1216	3137	2.527985
1217	3153	2.540879
1218	3137	2.527985
1219	3153	2.540879
1220	3141	2.531209
1221	3137	2.527985
1222	3137	2.527985
1223	3136	2.527179
1224	3141	2.531209
1225	3129	2.521538
1226	3137	2.527985
1227	3137	2.527985
1228	3141	2.531209
1229	3129	2.521538
1230	3137	2.527985
1231	3129	2.521538
1232	3136	2.527179
1233	3133	2.524762
1234	3141	2.531209
1235	3145	2.534432
1236	3137	2.527985
1237	3136	2.527179
1238	3136	2.527179
1239	3129	2.521538
1240	3137	2.527985
1241	3137	2.527985
1242	3129	2.521538
1243	3129	2.521538
1244	3145	2.534432
1245	3129	2.521538
1246	3137	2.527985
1247	3145	2.534432
1248	3129	2.521538
1249	3141	2.531209
1250	3136	2.527179
1251	3141	2.531209
1252	3121	2.515092
1253	3125	2.518315
1254	3137	2.527985
1255	3129	2.521538
1256	3121	2.515092
1257	3129	2.521538
1258	3121	2.515092
1259	3121	2.515092
1260	3121	2.515092
1261	3113	2.508645
1262	3121	2.515092
1263	3113	2.508645
1264	3121	2.515092
1265	3121	2.515092
1266	3129	2.521538
1267	3113	2.508645
1268	3125	2.518315
1269	3113	2.508645
1270	3121	2.515092
1271	3121	2.515092
1272	3120	2.514286
1273	3121	2.515092
1274	3121	2.515092
1275	3129	2.521538
1276	3125	2.518315
1277	3121	2.515092
1278	3121	2.515092
1279	3121	2.515092
1280	3120	2.514286
1281	3125	2.518315
1282	3121	2.515092
1283	3125	2.518315
1284	3121	2.515092
1285	3113	2.508645
1286	3121	2.515092
1287	3113	2.508645
1288	3121	2.515092
1289	3113	2.508645
1290	3121	2.515092
1291	3121	2.515092
1292	3129	2.521538
1293	3121	2.515092
1294	3121	2.515092
1295	3113	2.508645
1296	3129	2.521538
1297	3145	2.534432
1298	3137	2.527985
1299	3137	2.527985
1300	3137	2.527985
1301	3129	2.521538
1302	3129	2.521538
1303	3153	2.540879
1304	3141	2.531209
1305	3145	2.534432
1306	3137	2.527985
1307	3137	2.527985
1308	3145	2.534432
1309	3129	2.521538
1310	3137	2.527985
1311	3121	2.515092
1312	3137	2.527985
1313	3137	2.527985
1314	3129	2.521538
1315	3141	2.531209
1316	3125	2.518315
1317	3137	2.527985
1318	3141	2.531209
1319	3137	2.527985
1320	3137	2.527985
1321	3120	2.514286
1322	3137	2.527985
1323	3137	2.527985
1324	3133	2.524762
1325	3133	2.524762
1326	3129	2.521538
1327	3129	2.521538
1328	3121	2.515092
1329	3121	2.515092
1330	3121	2.515092
1331	3121	2.515092
1332	3121	2.515092
1333	3129	2.521538
1334	3129	2.521538
1335	3137	2.527985
1336	3121	2.515092
1337	3129	2.521538
1338	3136	2.527179
1339	3137	2.527985
1340	3141	2.531209
1341	3137	2.527985
1342	3125	2.518315
1343	3137	2.527985
1344	3137	2.527985
1345	3137	2.527985
1346	3145	2.534432
1347	3145	2.534432
1348	3145	2.534432
1349	3137	2.527985
1350	3137	2.527985
1351	3129	2.521538
1352	3136	2.527179
1353	3129	2.521538
1354	3137	2.527985
1355	3129	2.521538
1356	3137	2.527985
1357	3137	2.527985
1358	3145	2.534432
1359	3145	2.534432
1360	3145	2.534432
1361	3129	2.521538
1362	3137	2.527985
1363	3137	2.527985
1364	3137	2.527985
1365	3137	2.527985
1366	3145	2.534432
1367	3141	2.531209
1368	3145	2.534432
1369	3136	2.527179
1370	3145	2.534432
1371	3121	2.515092
1372	3129	2.521538
1373	3137	2.527985
1374	3129	2.521538
1375	3129	2.521538
1376	3145	2.534432
1377	3137	2.527985
1378	3137	2.527985
1379	3129	2.521538
1380	3129	2.521538
1381	3129	2.521538
1382	3137	2.527985
1383	3137	2.527985
1384	3129	2.521538
1385	3137	2.527985
1386	3137	2.527985
1387	3129	2.521538
1388	3129	2.521538
1389	3129	2.521538
1390	3141	2.531209
1391	3129	2.521538
1392	3145	2.534432
1393	3129	2.521538
1394	3136	2.527179
1395	3145	2.534432
1396	3137	2.527985
1397	3137	2.527985
1398	3137	2.527985
1399	3153	2.540879
1400	3137	2.527985
1401	3137	2.527985
1402	3141	2.531209
1403	3141	2.531209
1404	3137	2.527985
1405	3137	2.527985
1406	3141	2.531209
1407	3137	2.527985
1408	3145	2.534432
1409	3129	2.521538
1410	3153	2.540879
1411	3141	2.531209
1412	3145	2.534432
1413	3137	2.527985
1414	3141	2.531209
1415	3137	2.527985
1416	3161	2.547326
1417	3152	2.540073
1418	3152	2.540073
1419	3153	2.540879
1420	3137	2.527985
1421	3137	2.527985
1422	3125	2.518315
1423	3153	2.540879
1424	3152	2.540073
1425	3141	2.531209
1426	3137	2.527985
1427	3145	2.534432
1428	3145	2.534432
1429	3137	2.527985
1430	3129	2.521538
1431	3129	2.521538
1432	3137	2.527985
1433	3145	2.534432
1434	3137	2.527985
1435	3145	2.534432
1436	3152	2.540073
1437	3137	2.527985
1438	3141	2.531209
1439	3125	2.518315
1440	3141	2.531209
1441	3137	2.527985
1442	3129	2.521538
1443	3141	2.531209
1444	3137	2.527985
1445	3153	2.540879
1446	3152	2.540073
1447	3153	2.540879
1448	3153	2.540879
1449	3136	2.527179
1450	3153	2.540879
1451	3145	2.534432
1452	3145	2.534432
1453	3141	2.531209
1454	3153	2.540879
1455	3145	2.534432
1456	3145	2.534432
1457	3137	2.527985
1458	3145	2.534432
1459	3137	2.527985
1460	3145	2.534432
1461	3145	2.534432
1462	3145	2.534432
1463	3153	2.540879
1464	3153	2.540879
1465	3145	2.534432
1466	3152	2.540073
1467	3141	2.531209
1468	3121	2.515092
1469	3125	2.518315
1470	3129	2.521538
1471	3125	2.518315
1472	3121	2.515092
1473	3121	2.515092
1474	3121	2.515092
1475	3121	2.515092
1476	3113	2.508645
1477	3109	2.505421
1478	3136	2.527179
1479	3120	2.514286
1480	3121	2.515092
1481	3120	2.514286
1482	3136	2.527179
1483	3113	2.508645
1484	3121	2.515092
1485	3129	2.521538
1486	3121	2.515092
1487	3121	2.515092
1488	3121	2.515092
1489	3129	2.521538
1490	3129	2.521538
1491	3129	2.521538
1492	3121	2.515092
1493	3129	2.521538
1494	3129	2.521538
1495	3137	2.527985
1496	3129	2.521538
1497	3129	2.521538
1498	3129	2.521538
1499	3125	2.518315
1500	3125	2.518315
1501	3137	2.527985
1502	3129	2.521538
1503	3129	2.521538
1504	3145	2.534432
1505	3129	2.521538
1506	3129	2.521538
1507	3141	2.531209
1508	3129	2.521538
1509	3125	2.518315
1510	3129	2.521538
1511	3129	2.521538
1512	3129	2.521538
1513	3137	2.527985
1514	3136	2.527179
1515	3137	2.527985
1516	3129	2.521538
1517	3129	2.521538
1518	3125	2.518315
1519	3129	2.521538
1520	3129	2.521538
1521	3129	2.521538
1522	3113	2.508645
1523	3121	2.515092
1524	3129	2.521538
1525	3121	2.515092
1526	3137	2.527985
1527	3129	2.521538
1528	3129	2.521538
1529	3125	2.518315
1530	3137	2.527985
1531	3121	2.515092
1532	3129	2.521538
1533	3120	2.514286
1534	3129	2.521538
1535	3113	2.508645
1536	3125	2.518315
1537	3121	2.515092
1538	3120	2.514286
1539	3136	2.527179
1540	3137	2.527985
1541	3129	2.521538
1542	3136	2.527179
1543	3141	2.531209
1544	3121	2.515092
1545	3120	2.514286
1546	3137	2.527985
1547	3129	2.521538
1548	3120	2.514286
1549	3125	2.518315
1550	3121	2.515092
1551	3121	2.515092
1552	3121	2.515092
1553	3113	2.508645
1554	3113	2.508645
1555	3125	2.518315
1556	3129	2.521538
1557	3121	2.515092
1558	3125	2.518315
1559	3113	2.508645
1560	3129	2.521538
1561	3129	2.521538
1562	3129	2.521538
1563	3121	2.515092
1564	3129	2.521538
1565	3129	2.521538
1566	3137	2.527985
1567	3136	2.527179
1568	3137	2.527985
1569	3137	2.527985
1570	3137	2.527985
1571	3129	2.521538
1572	3121	2.515092
1573	3137	2.527985
1574	3145	2.534432
1575	3137	2.527985
1576	3145	2.534432
1577	3129	2.521538
1578	3129	2.521538
1579	3125	2.518315
1580	3137	2.527985
1581	3145	2.534432
1582	3145	2.534432
1583	3137	2.527985
1584	3129	2.521538
1585	3137	2.527985
1586	3137	2.527985
1587	3137	2.527985
1588	3129	2.521538
1589	3136	2.527179
1590	3137	2.527985
1591	3120	2.514286
1592	3113	2.508645
1593	3125	2.518315
1594	3109	2.505421
1595	3121	2.515092
1596	3113	2.508645
1597	3097	2.495751
1598	3105	2.502198
1599	3120	2.514286
1600	3109	2.505421
1601	3101	2.498974
1602	3125	2.518315
1603	3105	2.502198
1604	3125	2.518315
1605	3129	2.521538
1606	3125	2.518315
1607	3125	2.518315
1608	3121	2.515092
1609	3129	2.521538
1610	3129	2.521538
1611	3129	2.521538
1612	3125	2.518315
1613	3129	2.521538
1614	3121	2.515092
1615	3113	2.508645
1616	3121	2.515092
1617	3097	2.495751
1618	3113	2.508645
1619	3097	2.495751
1620	3101	2.498974
1621	3101	2.498974
1622	3097	2.495751
1623	3120	2.514286
1624	3105	2.502198
1625	3113	2.508645
1626	3136	2.527179
1627	3121	2.515092
1628	3129	2.521538
1629	3137	2.527985
1630	3137	2.527985
1631	3129	2.521538
1632	3129	2.521538
1633	3136	2.527179
1634	3145	2.534432
1635	3129	2.521538
1636	3137	2.527985
1637	3136	2.527179
1638	3145	2.534432
1639	3137	2.527985
1640	3145	2.534432
1641	3125	2.518315
1642	3137	2.527985
1643	3145	2.534432
1644	3137	2.527985
1645	3137	2.527985
1646	3137	2.527985
1647	3137	2.527985
1648	3145	2.534432
1649	3137	2.527985
1650	3145	2.534432
1651	3137	2.527985
1652	3129	2.521538
1653	3137	2.527985
1654	3145	2.534432
1655	3137	2.527985
1656	3133	2.524762
1657	3129	2.521538
1658	3137	2.527985
1659	3129	2.521538
1660	3137	2.527985
1661	3121	2.515092
1662	3129	2.521538
1663	3137	2.527985
1664	3137	2.527985
1665	3137	2.527985
1666	3137	2.527985
1667	3129	2.521538
1668	3137	2.527985
1669	3137	2.527985
1670	3137	2.527985
1671	3136	2.527179
1672	3137	2.527985
1673	3137	2.527985
1674	3129	2.521538
1675	3141	2.531209
1676	3129	2.521538
1677	3136	2.527179
1678	3137	2.527985
1679	3137	2.527985
1680	3137	2.527985
1681	3129	2.521538
1682	3129	2.521538
1683	3129	2.521538
1684	3125	2.518315
1685	3137	2.527985
1686	3137	2.527985
1687	3137	2.527985
1688	3137	2.527985
1689	3141	2.531209
1690	3137	2.527985
1691	3137	2.527985
1692	3129	2.521538
1693	3137	2.527985
1694	3137	2.527985
1695	3152	2.540073
1696	3141	2.531209
1697	3129	2.521538
1698	3137	2.527985
1699	3129	2.521538
1700	3125	2.518315
1701	3113	2.508645
1702	3137	2.527985
1703	3129	2.521538
1704	3129	2.521538
1705	3113	2.508645
1706	3121	2.515092
1707	3136	2.527179
1708	3137	2.527985
1709	3136	2.527179
1710	3137	2.527985
1711	3129	2.521538
1712	3113	2.508645
1713	3121	2.515092
1714	3125	2.518315
1715	3121	2.515092
1716	3120	2.514286
1717	3121	2.515092
1718	3121	2.515092
1719	3121	2.515092
1720	3121	2.515092
1721	3121	2.515092
1722	3121	2.515092
1723	3113	2.508645
1724	3113	2.508645
1725	3113	2.508645
1726	3121	2.515092
1727	3121	2.515092
1728	3113	2.508645
1729	3121	2.515092
1730	3125	2.518315
1731	3137	2.527985
1732	3113	2.508645
1733	3125	2.518315
1734	3129	2.521538
1735	3129	2.521538
1736	3129	2.521538
1737	3145	2.534432
1738	3129	2.521538
1739	3129	2.521538
1740	3137	2.527985
1741	3121	2.515092
1742	3121	2.515092
1743	3120	2.514286
1744	3113	2.508645
1745	3125	2.518315
1746	3113	2.508645
1747	3113	2.508645
1748	3113	2.508645
1749	3097	2.495751
1750	3101	2.498974
1751	3101	2.498974
1752	3097	2.495751
1753	3101	2.498974
1754	3097	2.495751
1755	3101	2.498974
1756	3101	2.498974
1757	3101	2.498974
1758	3101	2.498974
1759	3101	2.498974
1760	3101	2.498974
1761	3113	2.508645
1762	3101	2.498974
1763	3101	2.498974
1764	3113	2.508645
1765	3109	2.505421
1766	3113	2.508645
1767	3113	2.508645
1768	3105	2.502198
1769	3101	2.498974
1770	3113	2.508645
1771	3097	2.495751
1772	3109	2.505421
1773	3105	2.502198
1774	3101	2.498974
1775	3105	2.502198
1776	3109	2.505421
1777	3101	2.498974
1778	3097	2.495751
1779	3097	2.495751
1780	3101	2.498974
1781	3101	2.498974
1782	3097	2.495751
1783	3101	2.498974
1784	3097	2.495751
1785	3101	2.498974
1786	3101	2.498974
1787	3097	2.495751
1788	3103	2.500586
1789	3097	2.495751
1790	3089	2.489304
1791	3109	2.505421
1792	3097	2.495751
1793	3097	2.495751
1794	3097	2.495751
1795	3089	2.489304
1796	3089	2.489304
1797	3097	2.495751
1798	3097	2.495751
1799	3097	2.495751
1800	3101	2.498974
1801	3089	2.489304
1802	3089	2.489304
1803	3089	2.489304
1804	3097	2.495751
1805	3101	2.498974
1806	3088	2.488498
1807	3093	2.492527
1808	3073	2.476410
1809	3072	2.475604
1810	3077	2.479634
1811	3081	2.482857
1812	3073	2.476410
1813	3088	2.488498
1814	3088	2.488498
1815	3081	2.482857
1816	3081	2.482857
1817	3081	2.482857
1818	3073	2.476410
1819	3073	2.476410
1820	3073	2.476410
1821	3073	2.476410
1822	3073	2.476410
1823	3081	2.482857
1824	3073	2.476410
1825	3073	2.476410
1826	3088	2.488498
1827	3077	2.479634
1828	3081	2.482857
1829	3072	2.475604
1830	3072	2.475604
1831	3073	2.476410
1832	3072	2.475604
1833	3072	2.475604
1834	3073	2.476410
1835	3072	2.475604
1836	3077	2.479634
1837	3081	2.482857
1838	3081	2.482857
1839	3072	2.475604
1840	3072	2.475604
1841	3072	2.475604
1842	3072	2.475604
1843	3073	2.476410
1844	3072	2.475604
1845	3072	2.475604
1846	3072	2.475604
1847	3072	2.475604
1848	3072	2.475604
1849	3072	2.475604
1850	3072	2.475604
1851	3072	2.475604
1852	3072	2.475604
1853	3049	2.457070
1854	3056	2.462711
1855	3056	2.462711
1856	3072	2.475604
1857	3049	2.457070
1858	3072	2.475604
1859	3072	2.475604
1860	3073	2.476410
1861	3072	2.475604
1862	3072	2.475604
1863	3072	2.475604
1864	3073	2.476410
1865	3072	2.475604
1866	3073	2.476410
1867	3073	2.476410
1868	3081	2.482857
1869	3081	2.482857
1870	3089	2.489304
1871	3089	2.489304
1872	3088	2.488498
1873	3089	2.489304
1874	3077	2.479634
1875	3081	2.482857
1876	3057	2.463516
1877	3057	2.463516
1878	3073	2.476410
1879	3073	2.476410
1880	3072	2.475604
1881	3072	2.475604
1882	3072	2.475604
1883	3072	2.475604
1884	3081	2.482857
1885	3049	2.457070
1886	3072	2.475604
1887	3072	2.475604
1888	3049	2.457070
1889	3049	2.457070
1890	3045	2.453846
1891	3037	2.447399
1892	3037	2.447399
1893	3037	2.447399
1894	3033	2.444176
1895	3033	2.444176
1896	3037	2.447399
1897	3029	2.440952
1898	3033	2.444176
1899	3037	2.447399
1900	3049	2.457070
1901	3037	2.447399
1902	3037	2.447399
1903	3072	2.475604
1904	3072	2.475604
1905	3081	2.482857
1906	3072	2.475604
1907	3072	2.475604
1908	3072	2.475604
1909	3072	2.475604
1910	3057	2.463516
1911	3072	2.475604
1912	3088	2.488498
1913	3089	2.489304
1914	3088	2.488498
1915	3081	2.482857
1916	3089	2.489304
1917	3089	2.489304
1918	3081	2.482857
1919	3081	2.482857
1920	3081	2.482857
1921	3089	2.489304
1922	3081	2.482857
1923	3097	2.495751
1924	3089	2.489304
1925	3089	2.489304
1926	3081	2.482857
1927	3089	2.489304
1928	3097	2.495751
1929	3097	2.495751
1930	3101	2.498974
1931	3101	2.498974
1932	3093	2.492527
1933	3081	2.482857
1934	3073	2.476410
1935	3072	2.475604
1936	3072	2.475604
1937	3073	2.476410
1938	3073	2.476410
1939	3081	2.482857
1940	3081	2.482857
1941	3072	2.475604
1942	3072	2.475604
1943	3072	2.475604
1944	3037	2.447399
1945	3025	2.437729
1946	3025	2.437729
1947	3024	2.436923
1948	3017	2.431282
1949	3017	2.431282
1950	3025	2.437729
1951	3025	2.437729
1952	3025	2.437729
1953	3025	2.437729
1954	3049	2.457070
1955	3072	2.475604
1956	3072	2.475604
1957	3072	2.475604
1958	3072	2.475604
1959	3072	2.475604
1960	3072	2.475604
1961	3049	2.457070
1962	3072	2.475604
1963	3072	2.475604
1964	3072	2.475604
1965	3072	2.475604
1966	3072	2.475604
1967	3077	2.479634
1968	3056	2.462711
1969	3072	2.475604
1970	3057	2.463516
1971	3072	2.475604
1972	3072	2.475604
1973	3072	2.475604
1974	3072	2.475604
1975	3072	2.475604
1976	3072	2.475604
1977	3072	2.475604
1978	3072	2.475604
1979	3072	2.475604
1980	3072	2.475604
1981	3081	2.482857
1982	3077	2.479634
1983	3077	2.479634
1984	3081	2.482857
1985	3088	2.488498
1986	3089	2.489304
1987	3072	2.475604
1988	3072	2.475604
1989	3072	2.475604
1990	3049	2.457070
1991	3037	2.447399
1992	3049	2.457070
1993	3041	2.450623
1994	3056	2.462711
1995	3073	2.476410
1996	3089	2.489304
1997	3097	2.495751
1998	3093	2.492527
1999	3077	2.479634
2000	3088	2.488498
2001	3077	2.479634
2002	3073	2.476410
2003	3073	2.476410
2004	3081	2.482857
2005	3073	2.476410
2006	3093	2.492527
2007	3088	2.488498
2008	3081	2.482857
2009	3073	2.476410
2010	3081	2.482857
2011	3089	2.489304
2012	3089	2.489304
2013	3088	2.488498
2014	3089	2.489304
2015	3081	2.482857
2016	3089	2.489304
2017	3089	2.489304
2018	3097	2.495751
2019	3081	2.482857
2020	3097	2.495751
2021	3089	2.489304
2022	3089	2.489304
2023	3089	2.489304
2024	3081	2.482857
2025	3081	2.482857
2026	3081	2.482857
2027	3077	2.479634
2028	3088	2.488498
2029	3088	2.488498
2030	3089	2.489304
2031	3101	2.498974
2032	3089	2.489304
2033	3088	2.488498
2034	3081	2.482857
2035	3088	2.488498
2036	3081	2.482857
2037	3081	2.482857
2038	3072	2.475604
2039	3072	2.475604
2040	3073	2.476410
2041	3073	2.476410
2042	3073	2.476410
2043	3073	2.476410
2044	3073	2.476410
2045	3073	2.476410
2046	3077	2.479634
2047	3072	2.475604
2048	3073	2.476410
2049	3072	2.475604
2050	3072	2.475604
2051	3077	2.479634
2052	3073	2.476410
2053	3073	2.476410
2054	3081	2.482857
2055	3073	2.476410
2056	3081	2.482857
2057	3089	2.489304
2058	3077	2.479634
2059	3081	2.482857
2060	3088	2.488498
2061	3088	2.488498
2062	3089	2.489304
2063	3081	2.482857
2064	3081	2.482857
2065	3081	2.482857
2066	3088	2.488498
2067	3081	2.482857
2068	3089	2.489304
2069	3109	2.505421
2070	3093	2.492527
2071	3097	2.495751
2072	3089	2.489304
2073	3073	2.476410
2074	3073	2.476410
2075	3073	2.476410
2076	3073	2.476410
2077	3072	2.475604
2078	3072	2.475604
2079	3049	2.457070
2080	3057	2.463516
2081	3073	2.476410
2082	3081	2.482857
2083	3089	2.489304
2084	3081	2.482857
2085	3081	2.482857
2086	3081	2.482857
2087	3081	2.482857
2088	3077	2.479634
2089	3077	2.479634
2090	3073	2.476410
2091	3072	2.475604
2092	3081	2.482857
2093	3072	2.475604
2094	3049	2.457070
2095	3057	2.463516
2096	3041	2.450623
2097	3037	2.447399
2098	3049	2.457070
2099	3049	2.457070
2100	3072	2.475604
2101	3057	2.463516
2102	3056	2.462711
2103	3056	2.462711
2104	3072	2.475604
2105	3072	2.475604
2106	3072	2.475604
2107	3072	2.475604
2108	3077	2.479634
2109	3072	2.475604
2110	3073	2.476410
2111	3056	2.462711
2112	3045	2.453846
2113	3017	2.431282
2114	3013	2.428059
2115	3033	2.444176
2116	3033	2.444176
2117	3037	2.447399
2118	3056	2.462711
2119	3057	2.463516
2120	3056	2.462711
2121	3049	2.457070
2122	3033	2.444176
2123	3041	2.450623
2124	3045	2.453846
2125	3049	2.457070
2126	3072	2.475604
2127	3072	2.475604
2128	3072	2.475604
2129	3072	2.475604
2130	3072	2.475604
2131	3072	2.475604
2132	3056	2.462711
2133	3072	2.475604
2134	3072	2.475604
2135	3073	2.476410
2136	3073	2.476410
2137	3073	2.476410
2138	3081	2.482857
2139	3089	2.489304
2140	3073	2.476410
2141	3081	2.482857
2142	3097	2.495751
2143	3088	2.488498
2144	3089	2.489304
2145	3081	2.482857
2146	3081	2.482857
2147	3081	2.482857
2148	3073	2.476410
2149	3081	2.482857
2150	3089	2.489304
2151	3073	2.476410
2152	3072	2.475604
2153	3072	2.475604
2154	3049	2.457070
2155	3072	2.475604
2156	3072	2.475604
2157	3077	2.479634
2158	3073	2.476410
2159	3081	2.482857
2160	3081	2.482857
2161	3072	2.475604
2162	3072	2.475604
2163	3072	2.475604
2164	3056	2.462711
2165	3049	2.457070
2166	3072	2.475604
2167	3073	2.476410
2168	3072	2.475604
2169	3089	2.489304
2170	3077	2.479634
2171	3081	2.482857
2172	3072	2.475604
2173	3072	2.475604
2174	3057	2.463516
2175	3017	2.431282
2176	3017	2.431282
2177	3037	2.447399
2178	3041	2.450623
2179	3049	2.457070
2180	3049	2.457070
2181	3049	2.457070
2182	3037	2.447399
2183	3037	2.447399
2184	3037	2.447399
2185	3033	2.444176
2186	3033	2.444176
2187	3049	2.457070
2188	3072	2.475604
2189	3089	2.489304
2190	3077	2.479634
2191	3073	2.476410
2192	3073	2.476410
2193	3072	2.475604
2194	3072	2.475604
2195	3073	2.476410
2196	3072	2.475604
2197	3072	2.475604
2198	3081	2.482857
2199	3081	2.482857
2200	3081	2.482857
2201	3077	2.479634
2202	3081	2.482857
2203	3089	2.489304
2204	3081	2.482857
2205	3089	2.489304
2206	3097	2.495751
2207	3089	2.489304
2208	3093	2.492527
2209	3081	2.482857
2210	3089	2.489304
2211	3093	2.492527
2212	3081	2.482857
2213	3089	2.489304
2214	3089	2.489304
2215	3073	2.476410
2216	3073	2.476410
2217	3081	2.482857
2218	3073	2.476410
2219	3072	2.475604
2220	3072	2.475604
2221	3049	2.457070
2222	3057	2.463516
2223	3049	2.457070
2224	3049	2.457070
2225	3072	2.475604
2226	3073	2.476410
2227	3081	2.482857
2228	3056	2.462711
2229	3056	2.462711
2230	3049	2.457070
2231	3037	2.447399
2232	3072	2.475604
2233	3077	2.479634
2234	3073	2.476410
2235	3089	2.489304
2236	3072	2.475604
2237	3072	2.475604
2238	3088	2.488498
2239	3089	2.489304
2240	3081	2.482857
2241	3088	2.488498
2242	3089	2.489304
2243	3081	2.482857
2244	3089	2.489304
2245	3081	2.482857
2246	3072	2.475604
2247	3073	2.476410
2248	3077	2.479634
2249	3072	2.475604
2250	3072	2.475604
2251	3072	2.475604
2252	3072	2.475604
2253	3072	2.475604
2254	3081	2.482857
2255	3072	2.475604
2256	3072	2.475604
2257	3072	2.475604
2258	3073	2.476410
2259	3073	2.476410
2260	3073	2.476410
2261	3072	2.475604
2262	3072	2.475604
2263	3073	2.476410
2264	3072	2.475604
2265	3072	2.475604
2266	3056	2.462711
2267	3049	2.457070
2268	3033	2.444176
2269	3037	2.447399
2270	3049	2.457070
2271	3049	2.457070
2272	3073	2.476410
2273	3072	2.475604
2274	3073	2.476410
2275	3072	2.475604
2276	3072	2.475604
2277	3072	2.475604
2278	3072	2.475604
2279	3073	2.476410
2280	3073	2.476410
2281	3077	2.479634
2282	3088	2.488498
2283	3073	2.476410
2284	3072	2.475604
2285	3057	2.463516
2286	3072	2.475604
2287	3077	2.479634
2288	3073	2.476410
2289	3081	2.482857
2290	3089	2.489304
2291	3073	2.476410
2292	3077	2.479634
2293	3072	2.475604
2294	3072	2.475604
2295	3081	2.482857
2296	3081	2.482857
2297	3089	2.489304
2298	3081	2.482857
2299	3072	2.475604
2300	3077	2.479634
2301	3073	2.476410
2302	3073	2.476410
2303	3073	2.476410
2304	3072	2.475604
2305	3072	2.475604
2306	3077	2.479634
2307	3072	2.475604
2308	3073	2.476410
2309	3072	2.475604
2310	3081	2.482857
2311	3088	2.488498
2312	3089	2.489304
2313	3077	2.479634
2314	3073	2.476410
2315	3077	2.479634
2316	3072	2.475604
2317	3072	2.475604
2318	3072	2.475604
2319	3072	2.475604
2320	3057	2.463516
2321	3072	2.475604
2322	3072	2.475604
2323	3081	2.482857
2324	3073	2.476410
2325	3077	2.479634
2326	3073	2.476410
2327	3072	2.475604
2328	3049	2.457070
2329	3072	2.475604
2330	3072	2.475604
2331	3081	2.482857
2332	3077	2.479634
2333	3081	2.482857
2334	3073	2.476410
2335	3072	2.475604
2336	3073	2.476410
2337	3072	2.475604
2338	3049	2.457070
2339	3037	2.447399
2340	3072	2.475604
2341	3073	2.476410
2342	3072	2.475604
2343	3037	2.447399
2344	3024	2.436923
2345	3009	2.424835
2346	3017	2.431282
2347	3041	2.450623
2348	3072	2.475604
2349	3072	2.475604
2350	3072	2.475604
2351	3073	2.476410
2352	3073	2.476410
2353	3081	2.482857
2354	3072	2.475604
2355	3072	2.475604
2356	3072	2.475604
2357	3081	2.482857
2358	3081	2.482857
2359	3072	2.475604
2360	3073	2.476410
2361	3072	2.475604
2362	3072	2.475604
2363	3072	2.475604
2364	3049	2.457070
2365	3049	2.457070
2366	3072	2.475604
2367	3072	2.475604
2368	3056	2.462711
2369	3037	2.447399
2370	3025	2.437729
2371	3017	2.431282
2372	3033	2.444176
2373	3057	2.463516
2374	3081	2.482857
2375	3072	2.475604
2376	3072	2.475604
2377	3057	2.463516
2378	3072	2.475604
2379	3073	2.476410
2380	3073	2.476410
2381	3073	2.476410
2382	3088	2.488498
2383	3073	2.476410
2384	3073	2.476410
2385	3072	2.475604
2386	3073	2.476410
2387	3073	2.476410
2388	3072	2.475604
2389	3072	2.475604
2390	3073	2.476410
2391	3072	2.475604
2392	3073	2.476410
2393	3073	2.476410
2394	3077	2.479634
2395	3072	2.475604
2396	3072	2.475604
2397	3056	2.462711
2398	3049	2.457070
2399	3057	2.463516
2400	3045	2.453846
2401	3072	2.475604
2402	3072	2.475604
2403	3056	2.462711
2404	3073	2.476410
2405	3045	2.453846
2406	3056	2.462711
2407	3072	2.475604
2408	3073	2.476410
2409	3072	2.475604
2410	3072	2.475604
2411	3072	2.475604
2412	3072	2.475604
2413	3073	2.476410
2414	3073	2.476410
2415	3072	2.475604
2416	3072	2.475604
2417	3072	2.475604
2418	3072	2.475604
2419	3072	2.475604
2420	3080	2.482051
2421	3077	2.479634
2422	3072	2.475604
2423	3077	2.479634
2424	3073	2.476410
2425	3072	2.475604
2426	3073	2.476410
2427	3072	2.475604
2428	3072	2.475604
2429	3072	2.475604
2430	3073	2.476410
2431	3077	2.479634
2432	3073	2.476410
2433	3073	2.476410
2434	3072	2.475604
2435	3072	2.475604
2436	3073	2.476410
2437	3072	2.475604
2438	3073	2.476410
2439	3073	2.476410
2440	3081	2.482857
2441	3072	2.475604
2442	3077	2.479634
2443	3073	2.476410
2444	3089	2.489304
2445	3081	2.482857
2446	3073	2.476410
2447	3081	2.482857
2448	3089	2.489304
2449	3089	2.489304
2450	3080	2.482051
2451	3072	2.475604
2452	3072	2.475604
2453	3077	2.479634
2454	3073	2.476410
2455	3081	2.482857
2456	3073	2.476410
2457	3077	2.479634
2458	3077	2.479634
2459	3072	2.475604
2460	3073	2.476410
2461	3072	2.475604
2462	3088	2.488498
2463	3081	2.482857
2464	3073	2.476410
2465	3081	2.482857
2466	3089	2.489304
2467	3089	2.489304
2468	3088	2.488498
2469	3072	2.475604
2470	3081	2.482857
2471	3072	2.475604
2472	3077	2.479634
2473	3073	2.476410
2474	3077	2.479634
2475	3073	2.476410
2476	3072	2.475604
2477	3072	2.475604
2478	3073	2.476410
2479	3073	2.476410
2480	3072	2.475604
2481	3072	2.475604
2482	3072	2.475604
2483	3072	2.475604
2484	3073	2.476410
2485	3073	2.476410
2486	3073	2.476410
2487	3073	2.476410
2488	3081	2.482857
2489	3081	2.482857
2490	3089	2.489304
2491	3081	2.482857
2492	3081	2.482857
2493	3089	2.489304
2494	3089	2.489304
2495	3081	2.482857
2496	3097	2.495751
2497	3093	2.492527
2498	3089	2.489304
2499	3089	2.489304
2500	3088	2.488498
2501	3088	2.488498
2502	3089	2.489304
2503	3073	2.476410
2504	3093	2.492527
2505	3093	2.492527
2506	3089	2.489304
2507	3081	2.482857
2508	3081	2.482857
2509	3089	2.489304
2510	3089	2.489304
2511	3101	2.498974
2512	3089	2.489304
2513	3093	2.492527
2514	3089	2.489304
2515	3089	2.489304
2516	3093	2.492527
2517	3089	2.489304
2518	3081	2.482857
2519	3088	2.488498
2520	3077	2.479634
2521	3088	2.488498
2522	3081	2.482857
2523	3081	2.482857
2524	3081	2.482857
2525	3081	2.482857
2526	3073	2.476410
2527	3073	2.476410
2528	3081	2.482857
2529	3089	2.489304
2530	3081	2.482857
2531	3077	2.479634
2532	3089	2.489304
2533	3081	2.482857
2534	3081	2.482857
2535	3088	2.488498
2536	3089	2.489304
2537	3089	2.489304
2538	3081	2.482857
2539	3081	2.482857
2540	3089	2.489304
2541	3081	2.482857
2542	3089	2.489304
2543	3089	2.489304
2544	3089	2.489304
2545	3077	2.479634
2546	3077	2.479634
2547	3077	2.479634
2548	3081	2.482857
2549	3089	2.489304
2550	3081	2.482857
2551	3073	2.476410
2552	3073	2.476410
2553	3072	2.475604
2554	3072	2.475604
2555	3073	2.476410
2556	3088	2.488498
2557	3072	2.475604
2558	3089	2.489304
2559	3081	2.482857
2560	3073	2.476410
2561	3073	2.476410
2562	3072	2.475604
2563	3081	2.482857
2564	3089	2.489304
2565	3081	2.482857
2566	3089	2.489304
2567	3073	2.476410
2568	3072	2.475604
2569	3073	2.476410
2570	3089	2.489304
2571	3081	2.482857
2572	3073	2.476410
2573	3077	2.479634
2574	3081	2.482857
2575	3081	2.482857
2576	3081	2.482857
2577	3093	2.492527
2578	3081	2.482857
2579	3081	2.482857
2580	3089	2.489304
2581	3077	2.479634
2582	3081	2.482857
2583	3088	2.488498
2584	3081	2.482857
2585	3097	2.495751
2586	3088	2.488498
2587	3081	2.482857
2588	3081	2.482857
2589	3089	2.489304
2590	3088	2.488498
2591	3089	2.489304
2592	3089	2.489304
2593	3101	2.498974
2594	3097	2.495751
2595	3089	2.489304
2596	3093	2.492527
2597	3088	2.488498
2598	3093	2.492527
2599	3073	2.476410
2600	3081	2.482857
2601	3081	2.482857
2602	3081	2.482857
2603	3089	2.489304
2604	3073	2.476410
2605	3073	2.476410
2606	3081	2.482857
2607	3081	2.482857
2608	3073	2.476410
2609	3073	2.476410
2610	3072	2.475604
2611	3057	2.463516
2612	3072	2.475604
2613	3072	2.475604
2614	3072	2.475604
2615	3072	2.475604
2616	3056	2.462711
2617	3072	2.475604
2618	3072	2.475604
2619	3073	2.476410
2620	3072	2.475604
2621	3072	2.475604
2622	3073	2.476410
2623	3077	2.479634
2624	3073	2.476410
2625	3073	2.476410
2626	3077	2.479634
2627	3088	2.488498
2628	3081	2.482857
2629	3072	2.475604
2630	3077	2.479634
2631	3077	2.479634
2632	3081	2.482857
2633	3081	2.482857
2634	3088	2.488498
2635	3081	2.482857
2636	3073	2.476410
2637	3072	2.475604
2638	3081	2.482857
2639	3072	2.475604
2640	3072	2.475604
2641	3073	2.476410
2642	3081	2.482857
2643	3089	2.489304
2644	3077	2.479634
2645	3073	2.476410
2646	3089	2.489304
2647	3089	2.489304
2648	3089	2.489304
2649	3089	2.489304
2650	3089	2.489304
2651	3081	2.482857
2652	3097	2.495751
2653	3089	2.489304
2654	3093	2.492527
2655	3077	2.479634
2656	3073	2.476410
2657	3073	2.476410
2658	3072	2.475604
2659	3056	2.462711
2660	3072	2.475604
2661	3072	2.475604
2662	3072	2.475604
2663	3072	2.475604
2664	3072	2.475604
2665	3072	2.475604
2666	3073	2.476410
2667	3073	2.476410
2668	3072	2.475604
2669	3072	2.475604
2670	3053	2.460293
2671	3072	2.475604
2672	3073	2.476410
2673	3073	2.476410
2674	3072	2.475604
2675	3089	2.489304
2676	3077	2.479634
2677	3089	2.489304
2678	3089	2.489304
2679	3089	2.489304
2680	3073	2.476410
2681	3101	2.498974
2682	3089	2.489304
2683	3089	2.489304
2684	3081	2.482857
2685	3089	2.489304
2686	3088	2.488498
2687	3088	2.488498
2688	3081	2.482857
2689	3081	2.482857
2690	3097	2.495751
2691	3089	2.489304
2692	3093	2.492527
2693	3097	2.495751
2694	3101	2.498974
2695	3101	2.498974
2696	3097	2.495751
2697	3097	2.495751
2698	3089	2.489304
2699	3081	2.482857
2700	3097	2.495751
2701	3089	2.489304
2702	3101	2.498974
2703	3101	2.498974
2704	3097	2.495751
2705	3101	2.498974
2706	3109	2.505421
2707	3101	2.498974
2708	3101	2.498974
2709	3097	2.495751
2710	3093	2.492527
2711	3097	2.495751
2712	3097	2.495751
2713	3105	2.502198
2714	3097	2.495751
2715	3093	2.492527
2716	3097	2.495751
2717	3101	2.498974
2718	3097	2.495751
2719	3101	2.498974
2720	3101	2.498974
2721	3089	2.489304
2722	3109	2.505421
2723	3093	2.492527
2724	3088	2.488498
2725	3101	2.498974
2726	3101	2.498974
2727	3101	2.498974
2728	3105	2.502198
2729	3097	2.495751
2730	3105	2.502198
2731	3101	2.498974
2732	3103	2.500586
2733	3097	2.495751
2734	3097	2.495751
2735	3081	2.482857
2736	3089	2.489304
2737	3097	2.495751
2738	3081	2.482857
2739	3073	2.476410
2740	3073	2.476410
2741	3072	2.475604
2742	3089	2.489304
2743	3081	2.482857
2744	3089	2.489304
2745	3097	2.495751
2746	3088	2.488498
2747	3101	2.498974
2748	3101	2.498974
2749	3089	2.489304
2750	3113	2.508645
2751	3113	2.508645
2752	3113	2.508645
2753	3101	2.498974
2754	3101	2.498974
2755	3105	2.502198
2756	3113	2.508645
2757	3097	2.495751
2758	3097	2.495751
2759	3101	2.498974
2760	3101	2.498974
2761	3109	2.505421
2762	3101	2.498974
2763	3097	2.495751
2764	3101	2.498974
2765	3125	2.518315
2766	3109	2.505421
2767	3097	2.495751
2768	3097	2.495751
2769	3101	2.498974
2770	3101	2.498974
2771	3101	2.498974
2772	3113	2.508645
2773	3113	2.508645
2774	3101	2.498974
2775	3101	2.498974
2776	3109	2.505421
2777	3113	2.508645
2778	3101	2.498974
2779	3121	2.515092
2780	3113	2.508645
2781	3097	2.495751
2782	3120	2.514286
2783	3125	2.518315
2784	3113	2.508645
2785	3113	2.508645
2786	3113	2.508645
2787	3120	2.514286
2788	3125	2.518315
2789	3129	2.521538
2790	3121	2.515092
2791	3121	2.515092
2792	3121	2.515092
2793	3121	2.515092
2794	3121	2.515092
2795	3113	2.508645
2796	3101	2.498974
2797	3120	2.514286
2798	3121	2.515092
2799	3105	2.502198
2800	3109	2.505421
2801	3113	2.508645
2802	3120	2.514286
2803	3121	2.515092
2804	3125	2.518315
2805	3113	2.508645
2806	3113	2.508645
2807	3113	2.508645
2808	3121	2.515092
2809	3113	2.508645
2810	3120	2.514286
2811	3113	2.508645
2812	3113	2.508645
2813	3129	2.521538
2814	3113	2.508645
2815	3121	2.515092
2816	3105	2.502198
2817	3101	2.498974
2818	3097	2.495751
2819	3109	2.505421
2820	3105	2.502198
2821	3101	2.498974
2822	3089	2.489304
2823	3097	2.495751
2824	3113	2.508645
2825	3113	2.508645
2826	3125	2.518315
2827	3113	2.508645
2828	3129	2.521538
2829	3129	2.521538
2830	3129	2.521538
2831	3121	2.515092
2832	3137	2.527985
2833	3121	2.515092
2834	3129	2.521538
2835	3136	2.527179
2836	3129	2.521538
2837	3129	2.521538
2838	3129	2.521538
2839	3120	2.514286
2840	3125	2.518315
2841	3121	2.515092
2842	3120	2.514286
2843	3101	2.498974
2844	3101	2.498974
2845	3109	2.505421
2846	3105	2.502198
2847	3109	2.505421
2848	3113	2.508645
2849	3113	2.508645
2850	3113	2.508645
2851	3121	2.515092
2852	3113	2.508645
2853	3120	2.514286
2854	3113	2.508645
2855	3121	2.515092
2856	3121	2.515092
2857	3113	2.508645
2858	3121	2.515092
2859	3113	2.508645
2860	3120	2.514286
2861	3117	2.511868
2862	3120	2.514286
2863	3121	2.515092
2864	3113	2.508645
2865	3121	2.515092
2866	3120	2.514286
2867	3120	2.514286
2868	3125	2.518315
2869	3105	2.502198
2870	3113	2.508645
2871	3121	2.515092
2872	3121	2.515092
2873	3121	2.515092
2874	3120	2.514286
2875	3120	2.514286
2876	3121	2.515092
2877	3113	2.508645
2878	3121	2.515092
2879	3129	2.521538
2880	3129	2.521538
2881	3137	2.527985
2882	3141	2.531209
2883	3121	2.515092
2884	3145	2.534432
2885	3129	2.521538
2886	3137	2.527985
2887	3137	2.527985
2888	3137	2.527985
2889	3129	2.521538
2890	3137	2.527985
2891	3129	2.521538
2892	3137	2.527985
2893	3121	2.515092
2894	3121	2.515092
2895	3113	2.508645
2896	3137	2.527985
2897	3121	2.515092
2898	3129	2.521538
2899	3137	2.527985
2900	3129	2.521538
2901	3121	2.515092
2902	3137	2.527985
2903	3137	2.527985
2904	3137	2.527985
2905	3129	2.521538
2906	3137	2.527985
2907	3129	2.521538
2908	3137	2.527985
2909	3136	2.527179
2910	3129	2.521538
2911	3137	2.527985
2912	3145	2.534432
2913	3137	2.527985
2914	3145	2.534432
2915	3141	2.531209
2916	3141	2.531209
2917	3152	2.540073
2918	3145	2.534432
2919	3145	2.534432
2920	3145	2.534432
2921	3136	2.527179
2922	3153	2.540879
2923	3145	2.534432
2924	3145	2.534432
2925	3145	2.534432
2926	3145	2.534432
2927	3141	2.531209
2928	3153	2.540879
2929	3145	2.534432
2930	3145	2.534432
2931	3145	2.534432
2932	3157	2.544103
2933	3153	2.540879
2934	3153	2.540879
2935	3137	2.527985
2936	3145	2.534432
2937	3145	2.534432
2938	3137	2.527985
2939	3145	2.534432
2940	3137	2.527985
2941	3137	2.527985
2942	3137	2.527985
2943	3145	2.534432
2944	3137	2.527985
2945	3137	2.527985
2946	3125	2.518315
2947	3129	2.521538
2948	3145	2.534432
2949	3129	2.521538
2950	3144	2.533626
2951	3137	2.527985
2952	3141	2.531209
2953	3137	2.527985
2954	3145	2.534432
2955	3145	2.534432
2956	3137	2.527985
2957	3137	2.527985
2958	3145	2.534432
2959	3145	2.534432
2960	3137	2.527985
2961	3129	2.521538
2962	3137	2.527985
2963	3152	2.540073
2964	3145	2.534432
2965	3137	2.527985
2966	3145	2.534432
2967	3137	2.527985
2968	3145	2.534432
2969	3145	2.534432
2970	3129	2.521538
2971	3137	2.527985
2972	3145	2.534432
2973	3137	2.527985
2974	3137	2.527985
2975	3137	2.527985
2976	3129	2.521538
2977	3137	2.527985
2978	3137	2.527985
2979	3145	2.534432
2980	3145	2.534432
2981	3137	2.527985
2982	3141	2.531209
2983	3141	2.531209
2984	3125	2.518315
2985	3129	2.521538
2986	3137	2.527985
2987	3145	2.534432
2988	3141	2.531209
2989	3141	2.531209
2990	3137	2.527985
2991	3137	2.527985
2992	3145	2.534432
2993	3129	2.521538
2994	3129	2.521538
2995	3152	2.540073
2996	3152	2.540073
2997	3145	2.534432
2998	3136	2.527179
2999	3141	2.531209
3000	3137	2.527985
3001	3145	2.534432
3002	3153	2.540879
3003	3145	2.534432
3004	3137	2.527985
3005	3152	2.540073
3006	3145	2.534432
3007	3145	2.534432
3008	3153	2.540879
3009	3145	2.534432
3010	3161	2.547326
3011	3157	2.544103
3012	3152	2.540073
3013	3153	2.540879
3014	3145	2.534432
3015	3145	2.534432
3016	3153	2.540879
3017	3141	2.531209
3018	3153	2.540879
3019	3137	2.527985
3020	3145	2.534432
3021	3153	2.540879
3022	3145	2.534432
3023	3141	2.531209
3024	3145	2.534432
3025	3145	2.534432
3026	3129	2.521538
3027	3137	2.527985
3028	3141	2.531209
3029	3129	2.521538
3030	3136	2.527179
3031	3137	2.527985
3032	3121	2.515092
3033	3141	2.531209
3034	3137	2.527985
3035	3129	2.521538
3036	3145	2.534432
3037	3145	2.534432
3038	3161	2.547326
3039	3153	2.540879
3040	3153	2.540879
3041	3145	2.534432
3042	3153	2.540879
3043	3157	2.544103
3044	3153	2.540879
3045	3153	2.540879
3046	3153	2.540879
3047	3145	2.534432
3048	3153	2.540879
3049	3152	2.540073
3050	3137	2.527985
3051	3121	2.515092
3052	3141	2.531209
3053	3141	2.531209
3054	3137	2.527985
3055	3141	2.531209
3056	3121	2.515092
3057	3137	2.527985
3058	3137	2.527985
3059	3137	2.527985
3060	3129	2.521538
3061	3137	2.527985
3062	3121	2.515092
3063	3137	2.527985
3064	3137	2.527985
3065	3129	2.521538
3066	3137	2.527985
3067	3137	2.527985
3068	3137	2.527985
3069	3137	2.527985
3070	3129	2.521538
3071	3137	2.527985
3072	3141	2.531209
3073	3145	2.534432
3074	3137	2.527985
3075	3145	2.534432
3076	3145	2.534432
3077	3145	2.534432
3078	3153	2.540879
3079	3145	2.534432
3080	3145	2.534432
3081	3145	2.534432
3082	3153	2.540879
3083	3153	2.540879
3084	3145	2.534432
3085	3153	2.540879
3086	3153	2.540879
3087	3152	2.540073
3088	3153	2.540879
3089	3161	2.547326
3090	3153	2.540879
3091	3153	2.540879
3092	3153	2.540879
3093	3153	2.540879
3094	3153	2.540879
3095	3145	2.534432
3096	3161	2.547326
3097	3153	2.540879
3098	3152	2.540073
3099	3152	2.540073
3100	3153	2.540879
3101	3145	2.534432
3102	3165	2.550549
3103	3161	2.547326
3104	3153	2.540879
3105	3165	2.550549
3106	3161	2.547326
3107	3153	2.540879
3108	3161	2.547326
3109	3157	2.544103
3110	3165	2.550549
3111	3153	2.540879
3112	3141	2.531209
3113	3145	2.534432
3114	3157	2.544103
3115	3165	2.550549
3116	3145	2.534432
3117	3153	2.540879
3118	3153	2.540879
3119	3152	2.540073
3120	3145	2.534432
3121	3153	2.540879
3122	3153	2.540879
3123	3141	2.531209
3124	3145	2.534432
3125	3152	2.540073
3126	3145	2.534432
3127	3137	2.527985
3128	3153	2.540879
3129	3141	2.531209
3130	3145	2.534432
3131	3137	2.527985
3132	3141	2.531209
3133	3137	2.527985
3134	3137	2.527985
3135	3129	2.521538
3136	3145	2.534432
3137	3137	2.527985
3138	3137	2.527985
3139	3129	2.521538
3140	3141	2.531209
3141	3137	2.527985
3142	3121	2.515092
3143	3137	2.527985
3144	3153	2.540879
3145	3145	2.534432
3146	3141	2.531209
3147	3145	2.534432
3148	3145	2.534432
3149	3137	2.527985
3150	3153	2.540879
3151	3153	2.540879
3152	3161	2.547326
3153	3153	2.540879
3154	3152	2.540073
3155	3145	2.534432
3156	3153	2.540879
3157	3145	2.534432
3158	3153	2.540879
3159	3153	2.540879
3160	3153	2.540879
3161	3153	2.540879
3162	3145	2.534432
3163	3152	2.540073
3164	3145	2.534432
3165	3153	2.540879
3166	3145	2.534432
3167	3141	2.531209
3168	3157	2.544103
3169	3153	2.540879
3170	3153	2.540879
3171	3152	2.540073
3172	3153	2.540879
3173	3153	2.540879
3174	3153	2.540879
3175	3145	2.534432
3176	3153	2.540879
3177	3161	2.547326
3178	3141	2.531209
3179	3145	2.534432
3180	3141	2.531209
3181	3129	2.521538
3182	3141	2.531209
3183	3145	2.534432
3184	3129	2.521538
3185	3141	2.531209
3186	3145	2.534432
3187	3141	2.531209
3188	3137	2.527985
3189	3145	2.534432
3190	3145	2.534432
3191	3137	2.527985
3192	3153	2.540879
3193	3153	2.540879
3194	3145	2.534432
3195	3153	2.540879
3196	3145	2.534432
3197	3161	2.547326
3198	3152	2.540073
3199	3145	2.534432
3200	3157	2.544103
3201	3145	2.534432
3202	3145	2.534432
3203	3152	2.540073
3204	3145	2.534432
3205	3129	2.521538
3206	3129	2.521538
3207	3145	2.534432
3208	3137	2.527985
3209	3153	2.540879
3210	3137	2.527985
3211	3145	2.534432
3212	3145	2.534432
3213	3145	2.534432
3214	3153	2.540879
3215	3153	2.540879
3216	3153	2.540879
3217	3152	2.540073
3218	3152	2.540073
3219	3145	2.534432
3220	3152	2.540073
3221	3153	2.540879
3222	3145	2.534432
3223	3145	2.534432
3224	3153	2.540879
3225	3152	2.540073
3226	3145	2.534432
3227	3145	2.534432
3228	3152	2.540073
3229	3145	2.534432
3230	3153	2.540879
3231	3145	2.534432
3232	3153	2.540879
3233	3145	2.534432
3234	3145	2.534432
3235	3145	2.534432
3236	3137	2.527985
3237	3137	2.527985
3238	3137	2.527985
3239	3129	2.521538
3240	3141	2.531209
3241	3129	2.521538
3242	3145	2.534432
3243	3145	2.534432
3244	3137	2.527985
3245	3137	2.527985
3246	3153	2.540879
3247	3152	2.540073
3248	3145	2.534432
3249	3153	2.540879
3250	3161	2.547326
3251	3153	2.540879
3252	3161	2.547326
3253	3165	2.550549
3254	3161	2.547326
3255	3152	2.540073
3256	3165	2.550549
3257	3161	2.547326
3258	3161	2.547326
3259	3157	2.544103
3260	3157	2.544103
3261	3153	2.540879
3262	3145	2.534432
3263	3153	2.540879
3264	3152	2.540073
3265	3153	2.540879
3266	3161	2.547326
3267	3152	2.540073
3268	3161	2.547326
3269	3153	2.540879
3270	3152	2.540073
3271	3152	2.540073
3272	3157	2.544103
3273	3145	2.534432
3274	3153	2.540879
3275	3152	2.540073
3276	3157	2.544103
3277	3153	2.540879
3278	3145	2.534432
3279	3152	2.540073
3280	3145	2.534432
3281	3161	2.547326
3282	3153	2.540879
3283	3161	2.547326
3284	3153	2.540879
3285	3161	2.547326
3286	3152	2.540073
3287	3161	2.547326
3288	3161	2.547326
3289	3161	2.547326
3290	3161	2.547326
3291	3161	2.547326
3292	3161	2.547326
3293	3153	2.540879
3294	3161	2.547326
3295	3152	2.540073
3296	3153	2.540879
3297	3152	2.540073
3298	3157	2.544103
3299	3152	2.540073
3300	3153	2.540879
3301	3165	2.550549
3302	3137	2.527985
3303	3152	2.540073
3304	3145	2.534432
3305	3152	2.540073
3306	3145	2.534432
3307	3141	2.531209
3308	3145	2.534432
3309	3145	2.534432
3310	3137	2.527985
3311	3137	2.527985
3312	3145	2.534432
3313	3152	2.540073
3314	3153	2.540879
3315	3152	2.540073
3316	3153	2.540879
3317	3153	2.540879
3318	3137	2.527985
3319	3152	2.540073
3320	3153	2.540879
3321	3145	2.534432
3322	3137	2.527985
3323	3141	2.531209
3324	3145	2.534432
3325	3137	2.527985
3326	3137	2.527985
3327	3136	2.527179
3328	3141	2.531209
3329	3137	2.527985
3330	3137	2.527985
3331	3145	2.534432
3332	3145	2.534432
3333	3153	2.540879
3334	3141	2.531209
3335	3145	2.534432
3336	3152	2.540073
3337	3152	2.540073
3338	3145	2.534432
3339	3152	2.540073
3340	3145	2.534432
3341	3129	2.521538
3342	3157	2.544103
3343	3137	2.527985
3344	3145	2.534432
3345	3129	2.521538
3346	3137	2.527985
3347	3141	2.531209
3348	3129	2.521538
3349	3141	2.531209
3350	3137	2.527985
3351	3145	2.534432
3352	3145	2.534432
3353	3145	2.534432
3354	3145	2.534432
3355	3153	2.540879
3356	3157	2.544103
3357	3153	2.540879
3358	3145	2.534432
3359	3152	2.540073
3360	3153	2.540879
3361	3145	2.534432
3362	3153	2.540879
3363	3145	2.534432
3364	3145	2.534432
3365	3145	2.534432
3366	3152	2.540073
3367	3145	2.534432
3368	3145	2.534432
3369	3145	2.534432
3370	3145	2.534432
3371	3152	2.540073
3372	3153	2.540879
3373	3165	2.550549
3374	3161	2.547326
3375	3161	2.547326
3376	3153	2.540879
3377	3157	2.544103
3378	3161	2.547326
3379	3161	2.547326
3380	3157	2.544103
3381	3161	2.547326
3382	3161	2.547326
3383	3161	2.547326
3384	3165	2.550549
3385	3165	2.550549
3386	3145	2.534432
3387	3153	2.540879
3388	3153	2.540879
3389	3153	2.540879
3390	3165	2.550549
3391	3161	2.547326
3392	3153	2.540879
3393	3153	2.540879
3394	3153	2.540879
3395	3137	2.527985
3396	3153	2.540879
3397	3161	2.547326
3398	3161	2.547326
3399	3145	2.534432
3400	3153	2.540879
3401	3145	2.534432
3402	3153	2.540879
3403	3145	2.534432
3404	3161	2.547326
3405	3153	2.540879
3406	3152	2.540073
3407	3153	2.540879
3408	3145	2.534432
3409	3153	2.540879
3410	3137	2.527985
3411	3137	2.527985
3412	3137	2.527985
3413	3153	2.540879
3414	3145	2.534432
3415	3145	2.534432
3416	3145	2.534432
3417	3153	2.540879
3418	3153	2.540879
3419	3145	2.534432
3420	3145	2.534432
3421	3153	2.540879
3422	3157	2.544103
3423	3161	2.547326
3424	3161	2.547326
3425	3153	2.540879
3426	3153	2.540879
3427	3153	2.540879
3428	3157	2.544103
3429	3161	2.547326
3430	3157	2.544103
3431	3145	2.534432
3432	3152	2.540073
3433	3152	2.540073
3434	3153	2.540879
3435	3137	2.527985
3436	3145	2.534432
3437	3145	2.534432
3438	3157	2.544103
3439	3165	2.550549
3440	3153	2.540879
3441	3145	2.534432
3442	3161	2.547326
3443	3153	2.540879
3444	3153	2.540879
3445	3153	2.540879
3446	3153	2.540879
3447	3153	2.540879
3448	3153	2.540879
3449	3153	2.540879
3450	3153	2.540879
3451	3152	2.540073
3452	3161	2.547326
3453	3153	2.540879
3454	3157	2.544103
3455	3153	2.540879
3456	3153	2.540879
3457	3153	2.540879
3458	3153	2.540879
3459	3157	2.544103
3460	3153	2.540879
3461	3153	2.540879
3462	3152	2.540073
3463	3153	2.540879
3464	3153	2.540879
3465	3153	2.540879
3466	3145	2.534432
3467	3141	2.531209
3468	3152	2.540073
3469	3129	2.521538
3470	3125	2.518315
3471	3121	2.515092
3472	3129	2.521538
3473	3136	2.527179
3474	3129	2.521538
3475	3121	2.515092
3476	3137	2.527985
3477	3129	2.521538
3478	3137	2.527985
3479	3129	2.521538
3480	3129	2.521538
3481	3129	2.521538
3482	3137	2.527985
3483	3141	2.531209
3484	3137	2.527985
3485	3129	2.521538
3486	3125	2.518315
3487	3121	2.515092
3488	3125	2.518315
3489	3121	2.515092
3490	3121	2.515092
3491	3129	2.521538
3492	3129	2.521538
3493	3137	2.527985
3494	3121	2.515092
3495	3121	2.515092
3496	3121	2.515092
3497	3125	2.518315
3498	3129	2.521538
3499	3137	2.527985
3500	3137	2.527985
3501	3141	2.531209
3502	3145	2.534432
3503	3141	2.531209
3504	3153	2.540879
3505	3145	2.534432
3506	3137	2.527985
3507	3145	2.534432
3508	3137	2.527985
3509	3145	2.534432
3510	3145	2.534432
3511	3152	2.540073
3512	3153	2.540879
3513	3153	2.540879
3514	3153	2.540879
3515	3145	2.534432
3516	3153	2.540879
3517	3161	2.547326
3518	3153	2.540879
3519	3153	2.540879
3520	3137	2.527985
3521	3153	2.540879
3522	3153	2.540879
3523	3152	2.540073
3524	3153	2.540879
3525	3137	2.527985
3526	3153	2.540879
3527	3145	2.534432
3528	3153	2.540879
3529	3152	2.540073
3530	3137	2.527985
3531	3141	2.531209
3532	3145	2.534432
3533	3137	2.527985
3534	3141	2.531209
3535	3153	2.540879
3536	3137	2.527985
3537	3153	2.540879
3538	3137	2.527985
3539	3125	2.518315
3540	3136	2.527179
3541	3136	2.527179
3542	3137	2.527985
3543	3129	2.521538
3544	3137	2.527985
3545	3145	2.534432
3546	3137	2.527985
3547	3137	2.527985
3548	3129	2.521538
3549	3125	2.518315
3550	3129	2.521538
3551	3121	2.515092
3552	3129	2.521538
3553	3129	2.521538
3554	3121	2.515092
3555	3121	2.515092
3556	3129	2.521538
3557	3136	2.527179
3558	3137	2.527985
3559	3137	2.527985
3560	3137	2.527985
3561	3137	2.527985
3562	3137	2.527985
3563	3145	2.534432
3564	3145	2.534432
3565	3136	2.527179
3566	3136	2.527179
3567	3137	2.527985
3568	3141	2.531209
3569	3129	2.521538
3570	3136	2.527179
3571	3129	2.521538
3572	3125	2.518315
3573	3113	2.508645
3574	3121	2.515092
3575	3121	2.515092
3576	3136	2.527179
3577	3121	2.515092
3578	3129	2.521538
3579	3121	2.515092
3580	3121	2.515092
3581	3136	2.527179
3582	3129	2.521538
3583	3129	2.521538
3584	3129	2.521538
3585	3129	2.521538
3586	3129	2.521538
3587	3129	2.521538
3588	3129	2.521538
3589	3121	2.515092
3590	3129	2.521538
3591	3129	2.521538
3592	3121	2.515092
3593	3121	2.515092
3594	3129	2.521538
3595	3129	2.521538
3596	3121	2.515092
3597	3136	2.527179
3598	3137	2.527985
3599	3152	2.540073
3600	3129	2.521538
3601	3145	2.534432
3602	3137	2.527985
3603	3129	2.521538
3604	3145	2.534432
3605	3153	2.540879
3606	3153	2.540879
3607	3157	2.544103
3608	3153	2.540879
3609	3145	2.534432
3610	3153	2.540879
3611	3153	2.540879
3612	3145	2.534432
3613	3145	2.534432
3614	3137	2.527985
3615	3137	2.527985
3616	3137	2.527985
3617	3141	2.531209
3618	3129	2.521538
3619	3129	2.521538
3620	3129	2.521538
3621	3137	2.527985
3622	3137	2.527985
3623	3129	2.521538
3624	3136	2.527179
3625	3145	2.534432
3626	3137	2.527985
3627	3141	2.531209
3628	3121	2.515092
3629	3136	2.527179
3630	3125	2.518315
3631	3129	2.521538
3632	3121	2.515092
3633	3129	2.521538
3634	3129	2.521538
3635	3121	2.515092
3636	3137	2.527985
3637	3137	2.527985
3638	3141	2.531209
3639	3145	2.534432
3640	3153	2.540879
3641	3153	2.540879
3642	3145	2.534432
3643	3153	2.540879
3644	3165	2.550549
3645	3153	2.540879
3646	3185	2.566667
3647	3165	2.550549
