Pixel	ADC	VoltageV
1	3959	3.190403
2	3959	3.190403
3	3966	3.196044
4	3958	3.189597
5	3958	3.189597
6	3958	3.189597
7	3958	3.189597
8	3958	3.189597
9	3958	3.189597
10	3958	3.189597
11	3958	3.189597
12	3958	3.189597
13	3958	3.189597
14	3959	3.190403
15	3958	3.189597
16	3958	3.189597
17	3522	2.838242
18	3150	2.538462
19	3158	2.544908
20	3158	2.544908
21	3170	2.554579
22	3154	2.541685
23	3170	2.554579
24	3158	2.544908
25	3174	2.557802
26	3158	2.544908
27	3170	2.554579
28	3170	2.554579
29	3168	2.552967
30	3158	2.544908
31	3168	2.552967
32	3158	2.544908
33	3170	2.554579
34	3170	2.554579
35	3174	2.557802
36	3170	2.554579
37	3174	2.557802
38	3174	2.557802
39	3174	2.557802
40	3158	2.544908
41	3170	2.554579
42	3170	2.554579
43	3150	2.538462
44	3170	2.554579
45	3158	2.544908
46	3142	2.532015
47	3170	2.554579
48	3158	2.544908
49	3170	2.554579
50	3158	2.544908
51	3154	2.541685
52	3142	2.532015
53	3150	2.538462
54	3154	2.541685
55	3154	2.541685
56	3142	2.532015
57	3158	2.544908
58	3170	2.554579
59	3158	2.544908
60	3158	2.544908
61	3142	2.532015
62	3158	2.544908
63	3158	2.544908
64	3158	2.544908
65	3174	2.557802
66	3158	2.544908
67	3142	2.532015
68	3158	2.544908
69	3170	2.554579
70	3158	2.544908
71	3170	2.554579
72	3158	2.544908
73	3174	2.557802
74	3170	2.554579
75	3170	2.554579
76	3174	2.557802
77	3158	2.544908
78	3174	2.557802
79	3158	2.544908
80	3170	2.554579
81	3170	2.554579
82	3174	2.557802
83	3170	2.554579
84	3158	2.544908
85	3158	2.544908
86	3168	2.552967
87	3170	2.554579
88	3170	2.554579
89	3158	2.544908
90	3170	2.554579
91	3170	2.554579
92	3174	2.557802
93	3170	2.554579
94	3174	2.557802
95	3158	2.544908
96	3170	2.554579
97	3170	2.554579
98	3158	2.544908
99	3170	2.554579
100	3170	2.554579
101	3158	2.544908
102	3158	2.544908
103	3158	2.544908
104	3154	2.541685
105	3158	2.544908
106	3158	2.544908
107	3158	2.544908
108	3142	2.532015
109	3143	2.532821
110	3158	2.544908
111	3142	2.532015
112	3158	2.544908
113	3142	2.532015
114	3150	2.538462
115	3170	2.554579
116	3170	2.554579
117	3158	2.544908
118	3150	2.538462
119	3158	2.544908
120	3170	2.554579
121	3170	2.554579
122	3158	2.544908
123	3158	2.544908
124	3168	2.552967
125	3158	2.544908
126	3170	2.554579
127	3154	2.541685
128	3154	2.541685
129	3158	2.544908
130	3170	2.554579
131	3158	2.544908
132	3170	2.554579
133	3142	2.532015
134	3158	2.544908
135	3158	2.544908
136	3158	2.544908
137	3158	2.544908
138	3174	2.557802
139	3170	2.554579
140	3158	2.544908
141	3158	2.544908
142	3174	2.557802
143	3170	2.554579
144	3170	2.554579
145	3158	2.544908
146	3154	2.541685
147	3158	2.544908
148	3170	2.554579
149	3170	2.554579
150	3158	2.544908
151	3158	2.544908
152	3150	2.538462
153	3150	2.538462
154	3170	2.554579
155	3158	2.544908
156	3170	2.554579
157	3158	2.544908
158	3158	2.544908
159	3170	2.554579
160	3158	2.544908
161	3158	2.544908
162	3158	2.544908
163	3170	2.554579
164	3170	2.554579
165	3158	2.544908
166	3174	2.557802
167	3158	2.544908
168	3158	2.544908
169	3150	2.538462
170	3170	2.554579
171	3158	2.544908
172	3158	2.544908
173	3142	2.532015
174	3158	2.544908
175	3158	2.544908
176	3174	2.557802
177	3158	2.544908
178	3158	2.544908
179	3158	2.544908
180	3170	2.554579
181	3158	2.544908
182	3158	2.544908
183	3158	2.544908
184	3158	2.544908
185	3158	2.544908
186	3142	2.532015
187	3158	2.544908
188	3158	2.544908
189	3170	2.554579
190	3158	2.544908
191	3168	2.552967
192	3174	2.557802
193	3170	2.554579
194	3158	2.544908
195	3170	2.554579
196	3170	2.554579
197	3143	2.532821
198	3158	2.544908
199	3158	2.544908
200	3142	2.532015
201	3158	2.544908
202	3150	2.538462
203	3158	2.544908
204	3158	2.544908
205	3158	2.544908
206	3150	2.538462
207	3150	2.538462
208	3142	2.532015
209	3174	2.557802
210	3174	2.557802
211	3158	2.544908
212	3150	2.538462
213	3158	2.544908
214	3142	2.532015
215	3158	2.544908
216	3158	2.544908
217	3158	2.544908
218	3158	2.544908
219	3150	2.538462
220	3170	2.554579
221	3158	2.544908
222	3150	2.538462
223	3158	2.544908
224	3158	2.544908
225	3168	2.552967
226	3158	2.544908
227	3158	2.544908
228	3158	2.544908
229	3158	2.544908
230	3142	2.532015
231	3158	2.544908
232	3158	2.544908
233	3170	2.554579
234	3138	2.528791
235	3158	2.544908
236	3150	2.538462
237	3158	2.544908
238	3142	2.532015
239	3150	2.538462
240	3158	2.544908
241	3158	2.544908
242	3158	2.544908
243	3143	2.532821
244	3142	2.532015
245	3142	2.532015
246	3158	2.544908
247	3158	2.544908
248	3158	2.544908
249	3150	2.538462
250	3174	2.557802
251	3142	2.532015
252	3170	2.554579
253	3142	2.532015
254	3150	2.538462
255	3158	2.544908
256	3158	2.544908
257	3158	2.544908
258	3158	2.544908
259	3142	2.532015
260	3158	2.544908
261	3158	2.544908
262	3154	2.541685
263	3170	2.554579
264	3142	2.532015
265	3142	2.532015
266	3158	2.544908
267	3142	2.532015
268	3142	2.532015
269	3150	2.538462
270	3154	2.541685
271	3142	2.532015
272	3142	2.532015
273	3143	2.532821
274	3154	2.541685
275	3158	2.544908
276	3168	2.552967
277	3150	2.538462
278	3168	2.552967
279	3142	2.532015
280	3158	2.544908
281	3158	2.544908
282	3158	2.544908
283	3158	2.544908
284	3143	2.532821
285	3158	2.544908
286	3158	2.544908
287	3158	2.544908
288	3170	2.554579
289	3158	2.544908
290	3174	2.557802
291	3158	2.544908
292	3170	2.554579
293	3168	2.552967
294	3174	2.557802
295	3158	2.544908
296	3174	2.557802
297	3170	2.554579
298	3170	2.554579
299	3170	2.554579
300	3158	2.544908
301	3170	2.554579
302	3170	2.554579
303	3158	2.544908
304	3158	2.544908
305	3170	2.554579
306	3174	2.557802
307	3158	2.544908
308	3174	2.557802
309	3158	2.544908
310	3158	2.544908
311	3158	2.544908
312	3170	2.554579
313	3174	2.557802
314	3158	2.544908
315	3158	2.544908
316	3158	2.544908
317	3158	2.544908
318	3154	2.541685
319	3158	2.544908
320	3158	2.544908
321	3174	2.557802
322	3170	2.554579
323	3158	2.544908
324	3170	2.554579
325	3158	2.544908
326	3170	2.554579
327	3158	2.544908
328	3158	2.544908
329	3170	2.554579
330	3174	2.557802
331	3158	2.544908
332	3158	2.544908
333	3170	2.554579
334	3170	2.554579
335	3158	2.544908
336	3170	2.554579
337	3168	2.552967
338	3170	2.554579
339	3170	2.554579
340	3158	2.544908
341	3158	2.544908
342	3174	2.557802
343	3174	2.557802
344	3158	2.544908
345	3170	2.554579
346	3158	2.544908
347	3158	2.544908
348	3158	2.544908
349	3158	2.544908
350	3158	2.544908
351	3158	2.544908
352	3158	2.544908
353	3170	2.554579
354	3170	2.554579
355	3158	2.544908
356	3158	2.544908
357	3158	2.544908
358	3170	2.554579
359	3150	2.538462
360	3170	2.554579
361	3158	2.544908
362	3158	2.544908
363	3150	2.538462
364	3158	2.544908
365	3158	2.544908
366	3158	2.544908
367	3154	2.541685
368	3158	2.544908
369	3158	2.544908
370	3154	2.541685
371	3158	2.544908
372	3174	2.557802
373	3158	2.544908
374	3158	2.544908
375	3158	2.544908
376	3142	2.532015
377	3158	2.544908
378	3158	2.544908
379	3154	2.541685
380	3142	2.532015
381	3158	2.544908
382	3158	2.544908
383	3174	2.557802
384	3158	2.544908
385	3170	2.554579
386	3158	2.544908
387	3170	2.554579
388	3170	2.554579
389	3150	2.538462
390	3158	2.544908
391	3150	2.538462
392	3158	2.544908
393	3158	2.544908
394	3158	2.544908
395	3158	2.544908
396	3143	2.532821
397	3158	2.544908
398	3158	2.544908
399	3158	2.544908
400	3158	2.544908
401	3154	2.541685
402	3174	2.557802
403	3158	2.544908
404	3158	2.544908
405	3158	2.544908
406	3142	2.532015
407	3158	2.544908
408	3170	2.554579
409	3158	2.544908
410	3158	2.544908
411	3150	2.538462
412	3142	2.532015
413	3142	2.532015
414	3142	2.532015
415	3158	2.544908
416	3158	2.544908
417	3143	2.532821
418	3158	2.544908
419	3158	2.544908
420	3143	2.532821
421	3142	2.532015
422	3158	2.544908
423	3170	2.554579
424	3158	2.544908
425	3158	2.544908
426	3158	2.544908
427	3158	2.544908
428	3158	2.544908
429	3142	2.532015
430	3142	2.532015
431	3154	2.541685
432	3142	2.532015
433	3154	2.541685
434	3154	2.541685
435	3158	2.544908
436	3158	2.544908
437	3150	2.538462
438	3158	2.544908
439	3142	2.532015
440	3142	2.532015
441	3142	2.532015
442	3150	2.538462
443	3142	2.532015
444	3142	2.532015
445	3142	2.532015
446	3142	2.532015
447	3142	2.532015
448	3158	2.544908
449	3142	2.532015
450	3142	2.532015
451	3142	2.532015
452	3150	2.538462
453	3150	2.538462
454	3158	2.544908
455	3142	2.532015
456	3142	2.532015
457	3142	2.532015
458	3126	2.519121
459	3142	2.532015
460	3150	2.538462
461	3126	2.519121
462	3127	2.519927
463	3138	2.528791
464	3142	2.532015
465	3143	2.532821
466	3142	2.532015
467	3150	2.538462
468	3142	2.532015
469	3142	2.532015
470	3142	2.532015
471	3142	2.532015
472	3142	2.532015
473	3142	2.532015
474	3158	2.544908
475	3142	2.532015
476	3150	2.538462
477	3142	2.532015
478	3150	2.538462
479	3142	2.532015
480	3142	2.532015
481	3142	2.532015
482	3143	2.532821
483	3138	2.528791
484	3142	2.532015
485	3138	2.528791
486	3150	2.538462
487	3142	2.532015
488	3142	2.532015
489	3142	2.532015
490	3142	2.532015
491	3143	2.532821
492	3142	2.532015
493	3142	2.532015
494	3142	2.532015
495	3126	2.519121
496	3143	2.532821
497	3142	2.532015
498	3143	2.532821
499	3154	2.541685
500	3142	2.532015
501	3126	2.519121
502	3138	2.528791
503	3142	2.532015
504	3154	2.541685
505	3150	2.538462
506	3142	2.532015
507	3142	2.532015
508	3150	2.538462
509	3142	2.532015
510	3142	2.532015
511	3142	2.532015
512	3142	2.532015
513	3142	2.532015
514	3142	2.532015
515	3126	2.519121
516	3142	2.532015
517	3142	2.532015
518	3142	2.532015
519	3142	2.532015
520	3142	2.532015
521	3142	2.532015
522	3127	2.519927
523	3127	2.519927
524	3138	2.528791
525	3138	2.528791
526	3126	2.519121
527	3142	2.532015
528	3138	2.528791
529	3142	2.532015
530	3138	2.528791
531	3142	2.532015
532	3127	2.519927
533	3142	2.532015
534	3138	2.528791
535	3142	2.532015
536	3127	2.519927
537	3126	2.519121
538	3142	2.532015
539	3126	2.519121
540	3142	2.532015
541	3142	2.532015
542	3126	2.519121
543	3138	2.528791
544	3126	2.519121
545	3126	2.519121
546	3110	2.506227
547	3126	2.519121
548	3142	2.532015
549	3138	2.528791
550	3126	2.519121
551	3142	2.532015
552	3138	2.528791
553	3142	2.532015
554	3142	2.532015
555	3142	2.532015
556	3138	2.528791
557	3126	2.519121
558	3142	2.532015
559	3138	2.528791
560	3142	2.532015
561	3138	2.528791
562	3110	2.506227
563	3111	2.507033
564	3142	2.532015
565	3126	2.519121
566	3126	2.519121
567	3126	2.519121
568	3126	2.519121
569	3111	2.507033
570	3122	2.515897
571	3126	2.519121
572	3126	2.519121
573	3142	2.532015
574	3142	2.532015
575	3138	2.528791
576	3142	2.532015
577	3138	2.528791
578	3138	2.528791
579	3138	2.528791
580	3142	2.532015
581	3142	2.532015
582	3142	2.532015
583	3126	2.519121
584	3138	2.528791
585	3126	2.519121
586	3111	2.507033
587	3126	2.519121
588	3126	2.519121
589	3126	2.519121
590	3122	2.515897
591	3110	2.506227
592	3126	2.519121
593	3118	2.512674
594	3126	2.519121
595	3126	2.519121
596	3126	2.519121
597	3110	2.506227
598	3118	2.512674
599	3110	2.506227
600	3111	2.507033
601	3126	2.519121
602	3118	2.512674
603	3110	2.506227
604	3110	2.506227
605	3122	2.515897
606	3122	2.515897
607	3110	2.506227
608	3122	2.515897
609	3110	2.506227
610	3126	2.519121
611	3126	2.519121
612	3122	2.515897
613	3126	2.519121
614	3126	2.519121
615	3138	2.528791
616	3126	2.519121
617	3122	2.515897
618	3118	2.512674
619	3118	2.512674
620	3118	2.512674
621	3110	2.506227
622	3110	2.506227
623	3126	2.519121
624	3118	2.512674
625	3110	2.506227
626	3106	2.503004
627	3118	2.512674
628	3118	2.512674
629	3118	2.512674
630	3118	2.512674
631	3122	2.515897
632	3126	2.519121
633	3118	2.512674
634	3126	2.519121
635	3138	2.528791
636	3126	2.519121
637	3122	2.515897
638	3110	2.506227
639	3110	2.506227
640	3110	2.506227
641	3110	2.506227
642	3126	2.519121
643	3127	2.519927
644	3110	2.506227
645	3110	2.506227
646	3118	2.512674
647	3110	2.506227
648	3118	2.512674
649	3118	2.512674
650	3126	2.519121
651	3126	2.519121
652	3126	2.519121
653	3126	2.519121
654	3126	2.519121
655	3118	2.512674
656	3126	2.519121
657	3118	2.512674
658	3126	2.519121
659	3111	2.507033
660	3126	2.519121
661	3126	2.519121
662	3126	2.519121
663	3110	2.506227
664	3126	2.519121
665	3118	2.512674
666	3126	2.519121
667	3126	2.519121
668	3118	2.512674
669	3110	2.506227
670	3126	2.519121
671	3126	2.519121
672	3118	2.512674
673	3118	2.512674
674	3111	2.507033
675	3126	2.519121
676	3110	2.506227
677	3110	2.506227
678	3110	2.506227
679	3126	2.519121
680	3110	2.506227
681	3118	2.512674
682	3122	2.515897
683	3126	2.519121
684	3118	2.512674
685	3110	2.506227
686	3110	2.506227
687	3122	2.515897
688	3126	2.519121
689	3127	2.519927
690	3126	2.519121
691	3110	2.506227
692	3118	2.512674
693	3110	2.506227
694	3126	2.519121
695	3110	2.506227
696	3110	2.506227
697	3110	2.506227
698	3126	2.519121
699	3126	2.519121
700	3138	2.528791
701	3126	2.519121
702	3138	2.528791
703	3126	2.519121
704	3110	2.506227
705	3110	2.506227
706	3110	2.506227
707	3126	2.519121
708	3111	2.507033
709	3110	2.506227
710	3110	2.506227
711	3118	2.512674
712	3110	2.506227
713	3110	2.506227
714	3126	2.519121
715	3142	2.532015
716	3126	2.519121
717	3126	2.519121
718	3126	2.519121
719	3122	2.515897
720	3126	2.519121
721	3106	2.503004
722	3122	2.515897
723	3126	2.519121
724	3118	2.512674
725	3110	2.506227
726	3110	2.506227
727	3106	2.503004
728	3110	2.506227
729	3110	2.506227
730	3138	2.528791
731	3126	2.519121
732	3126	2.519121
733	3106	2.503004
734	3110	2.506227
735	3126	2.519121
736	3110	2.506227
737	3126	2.519121
738	3126	2.519121
739	3126	2.519121
740	3126	2.519121
741	3110	2.506227
742	3122	2.515897
743	3126	2.519121
744	3126	2.519121
745	3126	2.519121
746	3126	2.519121
747	3138	2.528791
748	3126	2.519121
749	3138	2.528791
750	3142	2.532015
751	3126	2.519121
752	3126	2.519121
753	3126	2.519121
754	3126	2.519121
755	3110	2.506227
756	3126	2.519121
757	3126	2.519121
758	3122	2.515897
759	3138	2.528791
760	3126	2.519121
761	3126	2.519121
762	3126	2.519121
763	3126	2.519121
764	3126	2.519121
765	3126	2.519121
766	3142	2.532015
767	3142	2.532015
768	3150	2.538462
769	3138	2.528791
770	3138	2.528791
771	3150	2.538462
772	3158	2.544908
773	3142	2.532015
774	3150	2.538462
775	3158	2.544908
776	3142	2.532015
777	3150	2.538462
778	3142	2.532015
779	3142	2.532015
780	3142	2.532015
781	3150	2.538462
782	3154	2.541685
783	3158	2.544908
784	3142	2.532015
785	3158	2.544908
786	3158	2.544908
787	3158	2.544908
788	3170	2.554579
789	3158	2.544908
790	3170	2.554579
791	3158	2.544908
792	3158	2.544908
793	3170	2.554579
794	3170	2.554579
795	3170	2.554579
796	3158	2.544908
797	3170	2.554579
798	3174	2.557802
799	3170	2.554579
800	3170	2.554579
801	3170	2.554579
802	3174	2.557802
803	3170	2.554579
804	3170	2.554579
805	3158	2.544908
806	3158	2.544908
807	3158	2.544908
808	3170	2.554579
809	3174	2.557802
810	3174	2.557802
811	3170	2.554579
812	3158	2.544908
813	3174	2.557802
814	3170	2.554579
815	3174	2.557802
816	3170	2.554579
817	3174	2.557802
818	3170	2.554579
819	3158	2.544908
820	3154	2.541685
821	3158	2.544908
822	3170	2.554579
823	3170	2.554579
824	3158	2.544908
825	3150	2.538462
826	3143	2.532821
827	3170	2.554579
828	3158	2.544908
829	3174	2.557802
830	3174	2.557802
831	3174	2.557802
832	3170	2.554579
833	3170	2.554579
834	3182	2.564249
835	3174	2.557802
836	3170	2.554579
837	3174	2.557802
838	3175	2.558608
839	3174	2.557802
840	3158	2.544908
841	3174	2.557802
842	3158	2.544908
843	3174	2.557802
844	3174	2.557802
845	3170	2.554579
846	3174	2.557802
847	3174	2.557802
848	3174	2.557802
849	3174	2.557802
850	3174	2.557802
851	3170	2.554579
852	3174	2.557802
853	3174	2.557802
854	3174	2.557802
855	3170	2.554579
856	3158	2.544908
857	3158	2.544908
858	3158	2.544908
859	3174	2.557802
860	3170	2.554579
861	3170	2.554579
862	3174	2.557802
863	3174	2.557802
864	3158	2.544908
865	3158	2.544908
866	3170	2.554579
867	3174	2.557802
868	3170	2.554579
869	3158	2.544908
870	3158	2.544908
871	3158	2.544908
872	3170	2.554579
873	3170	2.554579
874	3170	2.554579
875	3158	2.544908
876	3150	2.538462
877	3158	2.544908
878	3158	2.544908
879	3150	2.538462
880	3170	2.554579
881	3154	2.541685
882	3158	2.544908
883	3158	2.544908
884	3158	2.544908
885	3150	2.538462
886	3158	2.544908
887	3158	2.544908
888	3158	2.544908
889	3174	2.557802
890	3158	2.544908
891	3158	2.544908
892	3170	2.554579
893	3158	2.544908
894	3170	2.554579
895	3158	2.544908
896	3158	2.544908
897	3158	2.544908
898	3174	2.557802
899	3170	2.554579
900	3170	2.554579
901	3170	2.554579
902	3158	2.544908
903	3170	2.554579
904	3174	2.557802
905	3170	2.554579
906	3158	2.544908
907	3158	2.544908
908	3170	2.554579
909	3170	2.554579
910	3174	2.557802
911	3174	2.557802
912	3174	2.557802
913	3174	2.557802
914	3170	2.554579
915	3158	2.544908
916	3170	2.554579
917	3174	2.557802
918	3174	2.557802
919	3174	2.557802
920	3174	2.557802
921	3174	2.557802
922	3174	2.557802
923	3174	2.557802
924	3158	2.544908
925	3174	2.557802
926	3170	2.554579
927	3174	2.557802
928	3174	2.557802
929	3174	2.557802
930	3170	2.554579
931	3174	2.557802
932	3174	2.557802
933	3170	2.554579
934	3158	2.544908
935	3170	2.554579
936	3158	2.544908
937	3158	2.544908
938	3170	2.554579
939	3158	2.544908
940	3170	2.554579
941	3158	2.544908
942	3170	2.554579
943	3174	2.557802
944	3174	2.557802
945	3170	2.554579
946	3174	2.557802
947	3174	2.557802
948	3170	2.554579
949	3174	2.557802
950	3174	2.557802
951	3158	2.544908
952	3170	2.554579
953	3174	2.557802
954	3182	2.564249
955	3170	2.554579
956	3158	2.544908
957	3174	2.557802
958	3158	2.544908
959	3158	2.544908
960	3174	2.557802
961	3158	2.544908
962	3158	2.544908
963	3158	2.544908
964	3170	2.554579
965	3158	2.544908
966	3158	2.544908
967	3158	2.544908
968	3158	2.544908
969	3158	2.544908
970	3158	2.544908
971	3150	2.538462
972	3154	2.541685
973	3158	2.544908
974	3158	2.544908
975	3158	2.544908
976	3142	2.532015
977	3142	2.532015
978	3150	2.538462
979	3170	2.554579
980	3158	2.544908
981	3170	2.554579
982	3158	2.544908
983	3158	2.544908
984	3158	2.544908
985	3158	2.544908
986	3174	2.557802
987	3158	2.544908
988	3158	2.544908
989	3158	2.544908
990	3158	2.544908
991	3158	2.544908
992	3158	2.544908
993	3154	2.541685
994	3158	2.544908
995	3170	2.554579
996	3158	2.544908
997	3158	2.544908
998	3158	2.544908
999	3174	2.557802
1000	3170	2.554579
1001	3158	2.544908
1002	3170	2.554579
1003	3158	2.544908
1004	3143	2.532821
1005	3142	2.532015
1006	3158	2.544908
1007	3170	2.554579
1008	3170	2.554579
1009	3158	2.544908
1010	3158	2.544908
1011	3158	2.544908
1012	3158	2.544908
1013	3150	2.538462
1014	3158	2.544908
1015	3150	2.538462
1016	3158	2.544908
1017	3158	2.544908
1018	3158	2.544908
1019	3158	2.544908
1020	3158	2.544908
1021	3154	2.541685
1022	3142	2.532015
1023	3142	2.532015
1024	3142	2.532015
1025	3126	2.519121
1026	3126	2.519121
1027	3110	2.506227
1028	3110	2.506227
1029	3106	2.503004
1030	3086	2.486886
1031	3078	2.480440
1032	3074	2.477216
1033	3072	2.475604
1034	3072	2.475604
1035	3072	2.475604
1036	3042	2.451429
1037	3030	2.441758
1038	3030	2.441758
1039	3030	2.441758
1040	3030	2.441758
1041	3042	2.451429
1042	3026	2.438535
1043	3030	2.441758
1044	3022	2.435311
1045	3030	2.441758
1046	3014	2.428864
1047	3022	2.435311
1048	3014	2.428864
1049	3042	2.451429
1050	3030	2.441758
1051	3042	2.451429
1052	3015	2.429670
1053	3014	2.428864
1054	3030	2.441758
1055	3022	2.435311
1056	3030	2.441758
1057	3030	2.441758
1058	3072	2.475604
1059	3042	2.451429
1060	3030	2.441758
1061	3042	2.451429
1062	3042	2.451429
1063	3022	2.435311
1064	3022	2.435311
1065	2998	2.415971
1066	3010	2.425641
1067	3014	2.428864
1068	2998	2.415971
1069	2994	2.412747
1070	2982	2.403077
1071	2966	2.390183
1072	2966	2.390183
1073	2966	2.390183
1074	2966	2.390183
1075	2978	2.399853
1076	2978	2.399853
1077	2978	2.399853
1078	2950	2.377289
1079	2978	2.399853
1080	2982	2.403077
1081	2978	2.399853
1082	2978	2.399853
1083	2966	2.390183
1084	2998	2.415971
1085	2982	2.403077
1086	2982	2.403077
1087	2998	2.415971
1088	3010	2.425641
1089	3010	2.425641
1090	2982	2.403077
1091	2998	2.415971
1092	3010	2.425641
1093	3022	2.435311
1094	3026	2.438535
1095	3030	2.441758
1096	3014	2.428864
1097	3014	2.428864
1098	3026	2.438535
1099	3022	2.435311
1100	3015	2.429670
1101	3030	2.441758
1102	3042	2.451429
1103	3014	2.428864
1104	3030	2.441758
1105	3030	2.441758
1106	3014	2.428864
1107	3010	2.425641
1108	3014	2.428864
1109	3014	2.428864
1110	2998	2.415971
1111	3014	2.428864
1112	3010	2.425641
1113	3010	2.425641
1114	2998	2.415971
1115	2982	2.403077
1116	2998	2.415971
1117	3010	2.425641
1118	2982	2.403077
1119	2998	2.415971
1120	2978	2.399853
1121	2998	2.415971
1122	2998	2.415971
1123	2998	2.415971
1124	2978	2.399853
1125	2982	2.403077
1126	2982	2.403077
1127	2982	2.403077
1128	2998	2.415971
1129	2982	2.403077
1130	2998	2.415971
1131	3010	2.425641
1132	3014	2.428864
1133	3014	2.428864
1134	2982	2.403077
1135	2998	2.415971
1136	2990	2.409524
1137	3010	2.425641
1138	3010	2.425641
1139	3014	2.428864
1140	2998	2.415971
1141	2998	2.415971
1142	2982	2.403077
1143	2982	2.403077
1144	2966	2.390183
1145	2919	2.352308
1146	2934	2.364396
1147	2902	2.338608
1148	2918	2.351502
1149	2926	2.357949
1150	2950	2.377289
1151	2966	2.390183
1152	2982	2.403077
1153	2998	2.415971
1154	3030	2.441758
1155	3030	2.441758
1156	3072	2.475604
1157	3074	2.477216
1158	3094	2.493333
1159	3094	2.493333
1160	3110	2.506227
1161	3110	2.506227
1162	3110	2.506227
1163	3110	2.506227
1164	3118	2.512674
1165	3126	2.519121
1166	3126	2.519121
1167	3118	2.512674
1168	3126	2.519121
1169	3118	2.512674
1170	3110	2.506227
1171	3126	2.519121
1172	3122	2.515897
1173	3126	2.519121
1174	3142	2.532015
1175	3142	2.532015
1176	3142	2.532015
1177	3142	2.532015
1178	3138	2.528791
1179	3150	2.538462
1180	3158	2.544908
1181	3142	2.532015
1182	3158	2.544908
1183	3150	2.538462
1184	3143	2.532821
1185	3142	2.532015
1186	3158	2.544908
1187	3142	2.532015
1188	3158	2.544908
1189	3158	2.544908
1190	3158	2.544908
1191	3142	2.532015
1192	3154	2.541685
1193	3170	2.554579
1194	3158	2.544908
1195	3170	2.554579
1196	3158	2.544908
1197	3170	2.554579
1198	3158	2.544908
1199	3158	2.544908
1200	3170	2.554579
1201	3158	2.544908
1202	3158	2.544908
1203	3170	2.554579
1204	3170	2.554579
1205	3158	2.544908
1206	3158	2.544908
1207	3158	2.544908
1208	3158	2.544908
1209	3158	2.544908
1210	3158	2.544908
1211	3158	2.544908
1212	3150	2.538462
1213	3154	2.541685
1214	3150	2.538462
1215	3142	2.532015
1216	3142	2.532015
1217	3142	2.532015
1218	3158	2.544908
1219	3170	2.554579
1220	3158	2.544908
1221	3154	2.541685
1222	3158	2.544908
1223	3170	2.554579
1224	3154	2.541685
1225	3154	2.541685
1226	3158	2.544908
1227	3154	2.541685
1228	3154	2.541685
1229	3154	2.541685
1230	3158	2.544908
1231	3158	2.544908
1232	3170	2.554579
1233	3158	2.544908
1234	3150	2.538462
1235	3158	2.544908
1236	3158	2.544908
1237	3158	2.544908
1238	3158	2.544908
1239	3170	2.554579
1240	3150	2.538462
1241	3150	2.538462
1242	3158	2.544908
1243	3158	2.544908
1244	3142	2.532015
1245	3154	2.541685
1246	3158	2.544908
1247	3158	2.544908
1248	3158	2.544908
1249	3150	2.538462
1250	3170	2.554579
1251	3158	2.544908
1252	3142	2.532015
1253	3154	2.541685
1254	3150	2.538462
1255	3150	2.538462
1256	3150	2.538462
1257	3142	2.532015
1258	3158	2.544908
1259	3150	2.538462
1260	3142	2.532015
1261	3158	2.544908
1262	3158	2.544908
1263	3142	2.532015
1264	3154	2.541685
1265	3142	2.532015
1266	3142	2.532015
1267	3150	2.538462
1268	3158	2.544908
1269	3143	2.532821
1270	3142	2.532015
1271	3154	2.541685
1272	3150	2.538462
1273	3142	2.532015
1274	3150	2.538462
1275	3142	2.532015
1276	3158	2.544908
1277	3142	2.532015
1278	3158	2.544908
1279	3158	2.544908
1280	3158	2.544908
1281	3150	2.538462
1282	3158	2.544908
1283	3142	2.532015
1284	3158	2.544908
1285	3142	2.532015
1286	3150	2.538462
1287	3150	2.538462
1288	3142	2.532015
1289	3158	2.544908
1290	3158	2.544908
1291	3150	2.538462
1292	3142	2.532015
1293	3142	2.532015
1294	3126	2.519121
1295	3154	2.541685
1296	3158	2.544908
1297	3158	2.544908
1298	3170	2.554579
1299	3142	2.532015
1300	3158	2.544908
1301	3158	2.544908
1302	3170	2.554579
1303	3158	2.544908
1304	3158	2.544908
1305	3158	2.544908
1306	3150	2.538462
1307	3158	2.544908
1308	3170	2.554579
1309	3150	2.538462
1310	3158	2.544908
1311	3150	2.538462
1312	3158	2.544908
1313	3158	2.544908
1314	3158	2.544908
1315	3158	2.544908
1316	3158	2.544908
1317	3158	2.544908
1318	3158	2.544908
1319	3158	2.544908
1320	3150	2.538462
1321	3158	2.544908
1322	3158	2.544908
1323	3142	2.532015
1324	3158	2.544908
1325	3170	2.554579
1326	3158	2.544908
1327	3158	2.544908
1328	3150	2.538462
1329	3158	2.544908
1330	3158	2.544908
1331	3158	2.544908
1332	3142	2.532015
1333	3158	2.544908
1334	3170	2.554579
1335	3150	2.538462
1336	3158	2.544908
1337	3158	2.544908
1338	3170	2.554579
1339	3158	2.544908
1340	3158	2.544908
1341	3158	2.544908
1342	3150	2.538462
1343	3143	2.532821
1344	3142	2.532015
1345	3154	2.541685
1346	3150	2.538462
1347	3154	2.541685
1348	3158	2.544908
1349	3158	2.544908
1350	3158	2.544908
1351	3150	2.538462
1352	3158	2.544908
1353	3150	2.538462
1354	3143	2.532821
1355	3150	2.538462
1356	3142	2.532015
1357	3158	2.544908
1358	3158	2.544908
1359	3150	2.538462
1360	3170	2.554579
1361	3158	2.544908
1362	3158	2.544908
1363	3158	2.544908
1364	3158	2.544908
1365	3158	2.544908
1366	3158	2.544908
1367	3158	2.544908
1368	3170	2.554579
1369	3142	2.532015
1370	3158	2.544908
1371	3158	2.544908
1372	3170	2.554579
1373	3158	2.544908
1374	3158	2.544908
1375	3142	2.532015
1376	3142	2.532015
1377	3158	2.544908
1378	3158	2.544908
1379	3142	2.532015
1380	3158	2.544908
1381	3150	2.538462
1382	3142	2.532015
1383	3142	2.532015
1384	3154	2.541685
1385	3150	2.538462
1386	3158	2.544908
1387	3150	2.538462
1388	3142	2.532015
1389	3143	2.532821
1390	3158	2.544908
1391	3142	2.532015
1392	3143	2.532821
1393	3158	2.544908
1394	3142	2.532015
1395	3150	2.538462
1396	3158	2.544908
1397	3158	2.544908
1398	3158	2.544908
1399	3170	2.554579
1400	3170	2.554579
1401	3170	2.554579
1402	3158	2.544908
1403	3170	2.554579
1404	3158	2.544908
1405	3174	2.557802
1406	3170	2.554579
1407	3170	2.554579
1408	3158	2.544908
1409	3158	2.544908
1410	3142	2.532015
1411	3158	2.544908
1412	3158	2.544908
1413	3150	2.538462
1414	3158	2.544908
1415	3154	2.541685
1416	3158	2.544908
1417	3158	2.544908
1418	3158	2.544908
1419	3158	2.544908
1420	3158	2.544908
1421	3158	2.544908
1422	3150	2.538462
1423	3154	2.541685
1424	3170	2.554579
1425	3150	2.538462
1426	3142	2.532015
1427	3158	2.544908
1428	3158	2.544908
1429	3158	2.544908
1430	3143	2.532821
1431	3142	2.532015
1432	3138	2.528791
1433	3154	2.541685
1434	3142	2.532015
1435	3150	2.538462
1436	3158	2.544908
1437	3142	2.532015
1438	3142	2.532015
1439	3126	2.519121
1440	3158	2.544908
1441	3142	2.532015
1442	3154	2.541685
1443	3143	2.532821
1444	3142	2.532015
1445	3154	2.541685
1446	3158	2.544908
1447	3158	2.544908
1448	3158	2.544908
1449	3170	2.554579
1450	3158	2.544908
1451	3170	2.554579
1452	3158	2.544908
1453	3158	2.544908
1454	3158	2.544908
1455	3174	2.557802
1456	3170	2.554579
1457	3158	2.544908
1458	3170	2.554579
1459	3142	2.532015
1460	3158	2.544908
1461	3143	2.532821
1462	3158	2.544908
1463	3158	2.544908
1464	3143	2.532821
1465	3150	2.538462
1466	3150	2.538462
1467	3158	2.544908
1468	3142	2.532015
1469	3142	2.532015
1470	3158	2.544908
1471	3142	2.532015
1472	3150	2.538462
1473	3158	2.544908
1474	3158	2.544908
1475	3143	2.532821
1476	3150	2.538462
1477	3142	2.532015
1478	3142	2.532015
1479	3154	2.541685
1480	3170	2.554579
1481	3158	2.544908
1482	3142	2.532015
1483	3158	2.544908
1484	3142	2.532015
1485	3150	2.538462
1486	3150	2.538462
1487	3158	2.544908
1488	3142	2.532015
1489	3158	2.544908
1490	3158	2.544908
1491	3170	2.554579
1492	3150	2.538462
1493	3158	2.544908
1494	3158	2.544908
1495	3154	2.541685
1496	3158	2.544908
1497	3158	2.544908
1498	3158	2.544908
1499	3142	2.532015
1500	3142	2.532015
1501	3150	2.538462
1502	3142	2.532015
1503	3143	2.532821
1504	3158	2.544908
1505	3142	2.532015
1506	3154	2.541685
1507	3142	2.532015
1508	3143	2.532821
1509	3142	2.532015
1510	3158	2.544908
1511	3150	2.538462
1512	3150	2.538462
1513	3143	2.532821
1514	3142	2.532015
1515	3142	2.532015
1516	3150	2.538462
1517	3142	2.532015
1518	3142	2.532015
1519	3143	2.532821
1520	3158	2.544908
1521	3150	2.538462
1522	3158	2.544908
1523	3142	2.532015
1524	3142	2.532015
1525	3142	2.532015
1526	3142	2.532015
1527	3142	2.532015
1528	3150	2.538462
1529	3142	2.532015
1530	3150	2.538462
1531	3150	2.538462
1532	3142	2.532015
1533	3142	2.532015
1534	3154	2.541685
1535	3158	2.544908
1536	3142	2.532015
1537	3150	2.538462
1538	3150	2.538462
1539	3150	2.538462
1540	3158	2.544908
1541	3154	2.541685
1542	3158	2.544908
1543	3158	2.544908
1544	3150	2.538462
1545	3158	2.544908
1546	3170	2.554579
1547	3154	2.541685
1548	3158	2.544908
1549	3158	2.544908
1550	3158	2.544908
1551	3158	2.544908
1552	3142	2.532015
1553	3150	2.538462
1554	3158	2.544908
1555	3142	2.532015
1556	3142	2.532015
1557	3142	2.532015
1558	3168	2.552967
1559	3158	2.544908
1560	3142	2.532015
1561	3150	2.538462
1562	3158	2.544908
1563	3150	2.538462
1564	3158	2.544908
1565	3158	2.544908
1566	3158	2.544908
1567	3158	2.544908
1568	3158	2.544908
1569	3142	2.532015
1570	3158	2.544908
1571	3142	2.532015
1572	3174	2.557802
1573	3150	2.538462
1574	3143	2.532821
1575	3150	2.538462
1576	3142	2.532015
1577	3142	2.532015
1578	3154	2.541685
1579	3142	2.532015
1580	3142	2.532015
1581	3158	2.544908
1582	3158	2.544908
1583	3150	2.538462
1584	3142	2.532015
1585	3158	2.544908
1586	3142	2.532015
1587	3158	2.544908
1588	3158	2.544908
1589	3158	2.544908
1590	3150	2.538462
1591	3170	2.554579
1592	3154	2.541685
1593	3174	2.557802
1594	3158	2.544908
1595	3150	2.538462
1596	3158	2.544908
1597	3142	2.532015
1598	3154	2.541685
1599	3150	2.538462
1600	3142	2.532015
1601	3142	2.532015
1602	3158	2.544908
1603	3158	2.544908
1604	3158	2.544908
1605	3154	2.541685
1606	3142	2.532015
1607	3142	2.532015
1608	3142	2.532015
1609	3142	2.532015
1610	3142	2.532015
1611	3154	2.541685
1612	3154	2.541685
1613	3142	2.532015
1614	3150	2.538462
1615	3150	2.538462
1616	3158	2.544908
1617	3158	2.544908
1618	3142	2.532015
1619	3158	2.544908
1620	3154	2.541685
1621	3158	2.544908
1622	3158	2.544908
1623	3158	2.544908
1624	3127	2.519927
1625	3158	2.544908
1626	3170	2.554579
1627	3170	2.554579
1628	3158	2.544908
1629	3150	2.538462
1630	3142	2.532015
1631	3142	2.532015
1632	3142	2.532015
1633	3150	2.538462
1634	3142	2.532015
1635	3142	2.532015
1636	3142	2.532015
1637	3142	2.532015
1638	3150	2.538462
1639	3143	2.532821
1640	3142	2.532015
1641	3142	2.532015
1642	3142	2.532015
1643	3142	2.532015
1644	3142	2.532015
1645	3158	2.544908
1646	3150	2.538462
1647	3142	2.532015
1648	3142	2.532015
1649	3142	2.532015
1650	3142	2.532015
1651	3138	2.528791
1652	3142	2.532015
1653	3126	2.519121
1654	3142	2.532015
1655	3142	2.532015
1656	3142	2.532015
1657	3142	2.532015
1658	3142	2.532015
1659	3150	2.538462
1660	3142	2.532015
1661	3138	2.528791
1662	3142	2.532015
1663	3142	2.532015
1664	3150	2.538462
1665	3142	2.532015
1666	3142	2.532015
1667	3158	2.544908
1668	3142	2.532015
1669	3154	2.541685
1670	3143	2.532821
1671	3158	2.544908
1672	3158	2.544908
1673	3154	2.541685
1674	3158	2.544908
1675	3142	2.532015
1676	3170	2.554579
1677	3154	2.541685
1678	3154	2.541685
1679	3142	2.532015
1680	3158	2.544908
1681	3142	2.532015
1682	3150	2.538462
1683	3158	2.544908
1684	3158	2.544908
1685	3158	2.544908
1686	3158	2.544908
1687	3158	2.544908
1688	3158	2.544908
1689	3158	2.544908
1690	3158	2.544908
1691	3158	2.544908
1692	3158	2.544908
1693	3158	2.544908
1694	3150	2.538462
1695	3142	2.532015
1696	3142	2.532015
1697	3126	2.519121
1698	3138	2.528791
1699	3142	2.532015
1700	3150	2.538462
1701	3138	2.528791
1702	3142	2.532015
1703	3158	2.544908
1704	3150	2.538462
1705	3142	2.532015
1706	3154	2.541685
1707	3158	2.544908
1708	3142	2.532015
1709	3150	2.538462
1710	3142	2.532015
1711	3142	2.532015
1712	3143	2.532821
1713	3150	2.538462
1714	3158	2.544908
1715	3142	2.532015
1716	3138	2.528791
1717	3158	2.544908
1718	3142	2.532015
1719	3158	2.544908
1720	3142	2.532015
1721	3158	2.544908
1722	3158	2.544908
1723	3150	2.538462
1724	3158	2.544908
1725	3138	2.528791
1726	3142	2.532015
1727	3150	2.538462
1728	3143	2.532821
1729	3142	2.532015
1730	3143	2.532821
1731	3142	2.532015
1732	3142	2.532015
1733	3142	2.532015
1734	3142	2.532015
1735	3126	2.519121
1736	3138	2.528791
1737	3142	2.532015
1738	3142	2.532015
1739	3142	2.532015
1740	3126	2.519121
1741	3142	2.532015
1742	3126	2.519121
1743	3126	2.519121
1744	3126	2.519121
1745	3138	2.528791
1746	3142	2.532015
1747	3138	2.528791
1748	3126	2.519121
1749	3126	2.519121
1750	3127	2.519927
1751	3138	2.528791
1752	3126	2.519121
1753	3110	2.506227
1754	3126	2.519121
1755	3138	2.528791
1756	3126	2.519121
1757	3118	2.512674
1758	3126	2.519121
1759	3126	2.519121
1760	3138	2.528791
1761	3138	2.528791
1762	3142	2.532015
1763	3142	2.532015
1764	3138	2.528791
1765	3142	2.532015
1766	3142	2.532015
1767	3126	2.519121
1768	3142	2.532015
1769	3138	2.528791
1770	3142	2.532015
1771	3142	2.532015
1772	3126	2.519121
1773	3142	2.532015
1774	3142	2.532015
1775	3142	2.532015
1776	3142	2.532015
1777	3154	2.541685
1778	3138	2.528791
1779	3126	2.519121
1780	3150	2.538462
1781	3142	2.532015
1782	3126	2.519121
1783	3126	2.519121
1784	3126	2.519121
1785	3126	2.519121
1786	3110	2.506227
1787	3110	2.506227
1788	3110	2.506227
1789	3110	2.506227
1790	3110	2.506227
1791	3110	2.506227
1792	3094	2.493333
1793	3110	2.506227
1794	3110	2.506227
1795	3110	2.506227
1796	3110	2.506227
1797	3106	2.503004
1798	3110	2.506227
1799	3106	2.503004
1800	3094	2.493333
1801	3110	2.506227
1802	3094	2.493333
1803	3106	2.503004
1804	3094	2.493333
1805	3106	2.503004
1806	3094	2.493333
1807	3094	2.493333
1808	3086	2.486886
1809	3078	2.480440
1810	3094	2.493333
1811	3094	2.493333
1812	3086	2.486886
1813	3078	2.480440
1814	3074	2.477216
1815	3086	2.486886
1816	3078	2.480440
1817	3078	2.480440
1818	3078	2.480440
1819	3094	2.493333
1820	3078	2.480440
1821	3094	2.493333
1822	3086	2.486886
1823	3078	2.480440
1824	3078	2.480440
1825	3078	2.480440
1826	3094	2.493333
1827	3094	2.493333
1828	3094	2.493333
1829	3106	2.503004
1830	3110	2.506227
1831	3110	2.506227
1832	3106	2.503004
1833	3111	2.507033
1834	3118	2.512674
1835	3110	2.506227
1836	3106	2.503004
1837	3094	2.493333
1838	3094	2.493333
1839	3090	2.490110
1840	3086	2.486886
1841	3090	2.490110
1842	3090	2.490110
1843	3086	2.486886
1844	3094	2.493333
1845	3094	2.493333
1846	3110	2.506227
1847	3106	2.503004
1848	3106	2.503004
1849	3094	2.493333
1850	3110	2.506227
1851	3094	2.493333
1852	3094	2.493333
1853	3078	2.480440
1854	3078	2.480440
1855	3078	2.480440
1856	3094	2.493333
1857	3094	2.493333
1858	3094	2.493333
1859	3094	2.493333
1860	3094	2.493333
1861	3078	2.480440
1862	3078	2.480440
1863	3078	2.480440
1864	3074	2.477216
1865	3078	2.480440
1866	3078	2.480440
1867	3078	2.480440
1868	3078	2.480440
1869	3094	2.493333
1870	3106	2.503004
1871	3090	2.490110
1872	3106	2.503004
1873	3079	2.481245
1874	3094	2.493333
1875	3094	2.493333
1876	3094	2.493333
1877	3094	2.493333
1878	3094	2.493333
1879	3110	2.506227
1880	3106	2.503004
1881	3106	2.503004
1882	3094	2.493333
1883	3106	2.503004
1884	3094	2.493333
1885	3086	2.486886
1886	3094	2.493333
1887	3078	2.480440
1888	3074	2.477216
1889	3078	2.480440
1890	3078	2.480440
1891	3086	2.486886
1892	3090	2.490110
1893	3086	2.486886
1894	3110	2.506227
1895	3110	2.506227
1896	3110	2.506227
1897	3106	2.503004
1898	3094	2.493333
1899	3094	2.493333
1900	3110	2.506227
1901	3094	2.493333
1902	3094	2.493333
1903	3078	2.480440
1904	3086	2.486886
1905	3094	2.493333
1906	3078	2.480440
1907	3086	2.486886
1908	3078	2.480440
1909	3094	2.493333
1910	3094	2.493333
1911	3094	2.493333
1912	3106	2.503004
1913	3106	2.503004
1914	3110	2.506227
1915	3106	2.503004
1916	3094	2.493333
1917	3110	2.506227
1918	3106	2.503004
1919	3094	2.493333
1920	3094	2.493333
1921	3094	2.493333
1922	3106	2.503004
1923	3094	2.493333
1924	3094	2.493333
1925	3094	2.493333
1926	3106	2.503004
1927	3094	2.493333
1928	3094	2.493333
1929	3094	2.493333
1930	3094	2.493333
1931	3110	2.506227
1932	3094	2.493333
1933	3090	2.490110
1934	3074	2.477216
1935	3074	2.477216
1936	3086	2.486886
1937	3078	2.480440
1938	3072	2.475604
1939	3090	2.490110
1940	3078	2.480440
1941	3078	2.480440
1942	3094	2.493333
1943	3078	2.480440
1944	3094	2.493333
1945	3078	2.480440
1946	3078	2.480440
1947	3072	2.475604
1948	3074	2.477216
1949	3072	2.475604
1950	3074	2.477216
1951	3072	2.475604
1952	3072	2.475604
1953	3074	2.477216
1954	3072	2.475604
1955	3078	2.480440
1956	3079	2.481245
1957	3078	2.480440
1958	3094	2.493333
1959	3094	2.493333
1960	3094	2.493333
1961	3078	2.480440
1962	3106	2.503004
1963	3094	2.493333
1964	3106	2.503004
1965	3086	2.486886
1966	3094	2.493333
1967	3094	2.493333
1968	3094	2.493333
1969	3094	2.493333
1970	3094	2.493333
1971	3094	2.493333
1972	3106	2.503004
1973	3078	2.480440
1974	3094	2.493333
1975	3094	2.493333
1976	3086	2.486886
1977	3086	2.486886
1978	3094	2.493333
1979	3094	2.493333
1980	3094	2.493333
1981	3106	2.503004
1982	3094	2.493333
1983	3094	2.493333
1984	3094	2.493333
1985	3094	2.493333
1986	3078	2.480440
1987	3090	2.490110
1988	3072	2.475604
1989	3072	2.475604
1990	3078	2.480440
1991	3078	2.480440
1992	3074	2.477216
1993	3072	2.475604
1994	3078	2.480440
1995	3078	2.480440
1996	3094	2.493333
1997	3078	2.480440
1998	3094	2.493333
1999	3110	2.506227
2000	3078	2.480440
2001	3094	2.493333
2002	3094	2.493333
2003	3086	2.486886
2004	3094	2.493333
2005	3078	2.480440
2006	3094	2.493333
2007	3094	2.493333
2008	3094	2.493333
2009	3086	2.486886
2010	3094	2.493333
2011	3106	2.503004
2012	3106	2.503004
2013	3106	2.503004
2014	3110	2.506227
2015	3106	2.503004
2016	3110	2.506227
2017	3094	2.493333
2018	3078	2.480440
2019	3074	2.477216
2020	3074	2.477216
2021	3078	2.480440
2022	3078	2.480440
2023	3094	2.493333
2024	3094	2.493333
2025	3094	2.493333
2026	3094	2.493333
2027	3078	2.480440
2028	3074	2.477216
2029	3078	2.480440
2030	3078	2.480440
2031	3078	2.480440
2032	3094	2.493333
2033	3094	2.493333
2034	3094	2.493333
2035	3086	2.486886
2036	3110	2.506227
2037	3094	2.493333
2038	3094	2.493333
2039	3086	2.486886
2040	3078	2.480440
2041	3078	2.480440
2042	3078	2.480440
2043	3094	2.493333
2044	3094	2.493333
2045	3094	2.493333
2046	3110	2.506227
2047	3094	2.493333
2048	3094	2.493333
2049	3094	2.493333
2050	3078	2.480440
2051	3078	2.480440
2052	3106	2.503004
2053	3094	2.493333
2054	3094	2.493333
2055	3090	2.490110
2056	3094	2.493333
2057	3086	2.486886
2058	3106	2.503004
2059	3094	2.493333
2060	3086	2.486886
2061	3078	2.480440
2062	3079	2.481245
2063	3110	2.506227
2064	3094	2.493333
2065	3094	2.493333
2066	3110	2.506227
2067	3110	2.506227
2068	3094	2.493333
2069	3094	2.493333
2070	3106	2.503004
2071	3094	2.493333
2072	3086	2.486886
2073	3086	2.486886
2074	3090	2.490110
2075	3106	2.503004
2076	3078	2.480440
2077	3090	2.490110
2078	3078	2.480440
2079	3072	2.475604
2080	3074	2.477216
2081	3078	2.480440
2082	3094	2.493333
2083	3090	2.490110
2084	3078	2.480440
2085	3078	2.480440
2086	3086	2.486886
2087	3078	2.480440
2088	3078	2.480440
2089	3078	2.480440
2090	3078	2.480440
2091	3074	2.477216
2092	3074	2.477216
2093	3072	2.475604
2094	3072	2.475604
2095	3072	2.475604
2096	3078	2.480440
2097	3072	2.475604
2098	3072	2.475604
2099	3074	2.477216
2100	3074	2.477216
2101	3072	2.475604
2102	3072	2.475604
2103	3078	2.480440
2104	3078	2.480440
2105	3078	2.480440
2106	3106	2.503004
2107	3094	2.493333
2108	3090	2.490110
2109	3106	2.503004
2110	3094	2.493333
2111	3094	2.493333
2112	3094	2.493333
2113	3090	2.490110
2114	3110	2.506227
2115	3094	2.493333
2116	3110	2.506227
2117	3106	2.503004
2118	3106	2.503004
2119	3106	2.503004
2120	3078	2.480440
2121	3078	2.480440
2122	3078	2.480440
2123	3078	2.480440
2124	3094	2.493333
2125	3078	2.480440
2126	3074	2.477216
2127	3078	2.480440
2128	3074	2.477216
2129	3078	2.480440
2130	3072	2.475604
2131	3072	2.475604
2132	3072	2.475604
2133	3072	2.475604
2134	3078	2.480440
2135	3079	2.481245
2136	3078	2.480440
2137	3094	2.493333
2138	3094	2.493333
2139	3094	2.493333
2140	3106	2.503004
2141	3106	2.503004
2142	3110	2.506227
2143	3106	2.503004
2144	3110	2.506227
2145	3094	2.493333
2146	3094	2.493333
2147	3106	2.503004
2148	3106	2.503004
2149	3106	2.503004
2150	3094	2.493333
2151	3094	2.493333
2152	3078	2.480440
2153	3078	2.480440
2154	3078	2.480440
2155	3078	2.480440
2156	3078	2.480440
2157	3078	2.480440
2158	3078	2.480440
2159	3078	2.480440
2160	3078	2.480440
2161	3090	2.490110
2162	3079	2.481245
2163	3094	2.493333
2164	3106	2.503004
2165	3106	2.503004
2166	3094	2.493333
2167	3094	2.493333
2168	3079	2.481245
2169	3078	2.480440
2170	3094	2.493333
2171	3078	2.480440
2172	3078	2.480440
2173	3078	2.480440
2174	3094	2.493333
2175	3078	2.480440
2176	3086	2.486886
2177	3072	2.475604
2178	3078	2.480440
2179	3074	2.477216
2180	3074	2.477216
2181	3072	2.475604
2182	3072	2.475604
2183	3072	2.475604
2184	3072	2.475604
2185	3074	2.477216
2186	3072	2.475604
2187	3078	2.480440
2188	3078	2.480440
2189	3078	2.480440
2190	3094	2.493333
2191	3090	2.490110
2192	3094	2.493333
2193	3106	2.503004
2194	3094	2.493333
2195	3094	2.493333
2196	3086	2.486886
2197	3094	2.493333
2198	3078	2.480440
2199	3074	2.477216
2200	3086	2.486886
2201	3090	2.490110
2202	3090	2.490110
2203	3086	2.486886
2204	3078	2.480440
2205	3078	2.480440
2206	3094	2.493333
2207	3106	2.503004
2208	3106	2.503004
2209	3090	2.490110
2210	3106	2.503004
2211	3090	2.490110
2212	3079	2.481245
2213	3078	2.480440
2214	3078	2.480440
2215	3074	2.477216
2216	3072	2.475604
2217	3072	2.475604
2218	3072	2.475604
2219	3072	2.475604
2220	3078	2.480440
2221	3078	2.480440
2222	3086	2.486886
2223	3090	2.490110
2224	3078	2.480440
2225	3078	2.480440
2226	3094	2.493333
2227	3090	2.490110
2228	3094	2.493333
2229	3090	2.490110
2230	3094	2.493333
2231	3078	2.480440
2232	3094	2.493333
2233	3110	2.506227
2234	3110	2.506227
2235	3106	2.503004
2236	3094	2.493333
2237	3106	2.503004
2238	3110	2.506227
2239	3106	2.503004
2240	3094	2.493333
2241	3094	2.493333
2242	3090	2.490110
2243	3094	2.493333
2244	3106	2.503004
2245	3106	2.503004
2246	3094	2.493333
2247	3086	2.486886
2248	3094	2.493333
2249	3078	2.480440
2250	3078	2.480440
2251	3094	2.493333
2252	3094	2.493333
2253	3078	2.480440
2254	3086	2.486886
2255	3074	2.477216
2256	3078	2.480440
2257	3094	2.493333
2258	3079	2.481245
2259	3078	2.480440
2260	3078	2.480440
2261	3074	2.477216
2262	3078	2.480440
2263	3074	2.477216
2264	3074	2.477216
2265	3072	2.475604
2266	3074	2.477216
2267	3074	2.477216
2268	3074	2.477216
2269	3074	2.477216
2270	3074	2.477216
2271	3072	2.475604
2272	3094	2.493333
2273	3078	2.480440
2274	3078	2.480440
2275	3074	2.477216
2276	3072	2.475604
2277	3072	2.475604
2278	3072	2.475604
2279	3078	2.480440
2280	3094	2.493333
2281	3086	2.486886
2282	3094	2.493333
2283	3078	2.480440
2284	3074	2.477216
2285	3074	2.477216
2286	3078	2.480440
2287	3078	2.480440
2288	3094	2.493333
2289	3094	2.493333
2290	3094	2.493333
2291	3086	2.486886
2292	3094	2.493333
2293	3094	2.493333
2294	3106	2.503004
2295	3110	2.506227
2296	3110	2.506227
2297	3106	2.503004
2298	3110	2.506227
2299	3094	2.493333
2300	3106	2.503004
2301	3078	2.480440
2302	3078	2.480440
2303	3074	2.477216
2304	3074	2.477216
2305	3078	2.480440
2306	3086	2.486886
2307	3078	2.480440
2308	3078	2.480440
2309	3078	2.480440
2310	3074	2.477216
2311	3078	2.480440
2312	3078	2.480440
2313	3074	2.477216
2314	3072	2.475604
2315	3072	2.475604
2316	3094	2.493333
2317	3086	2.486886
2318	3078	2.480440
2319	3094	2.493333
2320	3078	2.480440
2321	3094	2.493333
2322	3078	2.480440
2323	3094	2.493333
2324	3110	2.506227
2325	3110	2.506227
2326	3110	2.506227
2327	3106	2.503004
2328	3110	2.506227
2329	3110	2.506227
2330	3110	2.506227
2331	3110	2.506227
2332	3094	2.493333
2333	3094	2.493333
2334	3094	2.493333
2335	3106	2.503004
2336	3086	2.486886
2337	3090	2.490110
2338	3078	2.480440
2339	3094	2.493333
2340	3094	2.493333
2341	3074	2.477216
2342	3078	2.480440
2343	3074	2.477216
2344	3078	2.480440
2345	3078	2.480440
2346	3094	2.493333
2347	3078	2.480440
2348	3094	2.493333
2349	3106	2.503004
2350	3079	2.481245
2351	3078	2.480440
2352	3079	2.481245
2353	3078	2.480440
2354	3078	2.480440
2355	3094	2.493333
2356	3106	2.503004
2357	3094	2.493333
2358	3078	2.480440
2359	3086	2.486886
2360	3094	2.493333
2361	3094	2.493333
2362	3106	2.503004
2363	3106	2.503004
2364	3094	2.493333
2365	3090	2.490110
2366	3094	2.493333
2367	3094	2.493333
2368	3090	2.490110
2369	3074	2.477216
2370	3072	2.475604
2371	3014	2.428864
2372	3072	2.475604
2373	3074	2.477216
2374	3086	2.486886
2375	3094	2.493333
2376	3094	2.493333
2377	3094	2.493333
2378	3094	2.493333
2379	3078	2.480440
2380	3078	2.480440
2381	3078	2.480440
2382	3094	2.493333
2383	3094	2.493333
2384	3090	2.490110
2385	3086	2.486886
2386	3078	2.480440
2387	3078	2.480440
2388	3079	2.481245
2389	3094	2.493333
2390	3090	2.490110
2391	3094	2.493333
2392	3094	2.493333
2393	3094	2.493333
2394	3094	2.493333
2395	3094	2.493333
2396	3094	2.493333
2397	3090	2.490110
2398	3094	2.493333
2399	3094	2.493333
2400	3106	2.503004
2401	3090	2.490110
2402	3078	2.480440
2403	3074	2.477216
2404	3094	2.493333
2405	3094	2.493333
2406	3094	2.493333
2407	3094	2.493333
2408	3086	2.486886
2409	3094	2.493333
2410	3094	2.493333
2411	3094	2.493333
2412	3078	2.480440
2413	3078	2.480440
2414	3078	2.480440
2415	3094	2.493333
2416	3086	2.486886
2417	3094	2.493333
2418	3078	2.480440
2419	3078	2.480440
2420	3086	2.486886
2421	3079	2.481245
2422	3078	2.480440
2423	3078	2.480440
2424	3090	2.490110
2425	3090	2.490110
2426	3094	2.493333
2427	3094	2.493333
2428	3079	2.481245
2429	3094	2.493333
2430	3094	2.493333
2431	3090	2.490110
2432	3090	2.490110
2433	3090	2.490110
2434	3110	2.506227
2435	3110	2.506227
2436	3094	2.493333
2437	3078	2.480440
2438	3078	2.480440
2439	3086	2.486886
2440	3094	2.493333
2441	3090	2.490110
2442	3094	2.493333
2443	3094	2.493333
2444	3094	2.493333
2445	3106	2.503004
2446	3086	2.486886
2447	3094	2.493333
2448	3106	2.503004
2449	3106	2.503004
2450	3094	2.493333
2451	3106	2.503004
2452	3086	2.486886
2453	3094	2.493333
2454	3090	2.490110
2455	3079	2.481245
2456	3090	2.490110
2457	3079	2.481245
2458	3078	2.480440
2459	3094	2.493333
2460	3094	2.493333
2461	3094	2.493333
2462	3086	2.486886
2463	3094	2.493333
2464	3094	2.493333
2465	3094	2.493333
2466	3094	2.493333
2467	3094	2.493333
2468	3094	2.493333
2469	3094	2.493333
2470	3078	2.480440
2471	3086	2.486886
2472	3094	2.493333
2473	3094	2.493333
2474	3094	2.493333
2475	3094	2.493333
2476	3094	2.493333
2477	3094	2.493333
2478	3094	2.493333
2479	3094	2.493333
2480	3106	2.503004
2481	3106	2.503004
2482	3094	2.493333
2483	3110	2.506227
2484	3106	2.503004
2485	3094	2.493333
2486	3094	2.493333
2487	3094	2.493333
2488	3094	2.493333
2489	3094	2.493333
2490	3094	2.493333
2491	3110	2.506227
2492	3090	2.490110
2493	3106	2.503004
2494	3106	2.503004
2495	3106	2.503004
2496	3094	2.493333
2497	3094	2.493333
2498	3094	2.493333
2499	3110	2.506227
2500	3110	2.506227
2501	3094	2.493333
2502	3106	2.503004
2503	3094	2.493333
2504	3106	2.503004
2505	3094	2.493333
2506	3110	2.506227
2507	3094	2.493333
2508	3110	2.506227
2509	3094	2.493333
2510	3094	2.493333
2511	3110	2.506227
2512	3094	2.493333
2513	3094	2.493333
2514	3106	2.503004
2515	3094	2.493333
2516	3106	2.503004
2517	3110	2.506227
2518	3110	2.506227
2519	3094	2.493333
2520	3106	2.503004
2521	3106	2.503004
2522	3110	2.506227
2523	3106	2.503004
2524	3110	2.506227
2525	3110	2.506227
2526	3106	2.503004
2527	3086	2.486886
2528	3106	2.503004
2529	3122	2.515897
2530	3106	2.503004
2531	3106	2.503004
2532	3110	2.506227
2533	3094	2.493333
2534	3106	2.503004
2535	3106	2.503004
2536	3110	2.506227
2537	3106	2.503004
2538	3106	2.503004
2539	3106	2.503004
2540	3110	2.506227
2541	3110	2.506227
2542	3110	2.506227
2543	3106	2.503004
2544	3110	2.506227
2545	3110	2.506227
2546	3094	2.493333
2547	3079	2.481245
2548	3094	2.493333
2549	3106	2.503004
2550	3106	2.503004
2551	3094	2.493333
2552	3094	2.493333
2553	3106	2.503004
2554	3110	2.506227
2555	3110	2.506227
2556	3094	2.493333
2557	3110	2.506227
2558	3110	2.506227
2559	3110	2.506227
2560	3110	2.506227
2561	3094	2.493333
2562	3110	2.506227
2563	3106	2.503004
2564	3094	2.493333
2565	3110	2.506227
2566	3110	2.506227
2567	3106	2.503004
2568	3110	2.506227
2569	3106	2.503004
2570	3094	2.493333
2571	3106	2.503004
2572	3086	2.486886
2573	3094	2.493333
2574	3078	2.480440
2575	3094	2.493333
2576	3094	2.493333
2577	3094	2.493333
2578	3094	2.493333
2579	3094	2.493333
2580	3094	2.493333
2581	3094	2.493333
2582	3094	2.493333
2583	3094	2.493333
2584	3094	2.493333
2585	3106	2.503004
2586	3110	2.506227
2587	3106	2.503004
2588	3110	2.506227
2589	3110	2.506227
2590	3110	2.506227
2591	3110	2.506227
2592	3122	2.515897
2593	3106	2.503004
2594	3106	2.503004
2595	3106	2.503004
2596	3110	2.506227
2597	3106	2.503004
2598	3106	2.503004
2599	3094	2.493333
2600	3094	2.493333
2601	3078	2.480440
2602	3086	2.486886
2603	3079	2.481245
2604	3078	2.480440
2605	3094	2.493333
2606	3094	2.493333
2607	3094	2.493333
2608	3090	2.490110
2609	3090	2.490110
2610	3094	2.493333
2611	3094	2.493333
2612	3094	2.493333
2613	3078	2.480440
2614	3106	2.503004
2615	3094	2.493333
2616	3094	2.493333
2617	3110	2.506227
2618	3090	2.490110
2619	3079	2.481245
2620	3094	2.493333
2621	3094	2.493333
2622	3094	2.493333
2623	3078	2.480440
2624	3086	2.486886
2625	3078	2.480440
2626	3086	2.486886
2627	3094	2.493333
2628	3090	2.490110
2629	3094	2.493333
2630	3094	2.493333
2631	3094	2.493333
2632	3106	2.503004
2633	3094	2.493333
2634	3094	2.493333
2635	3106	2.503004
2636	3106	2.503004
2637	3106	2.503004
2638	3094	2.493333
2639	3094	2.493333
2640	3090	2.490110
2641	3078	2.480440
2642	3086	2.486886
2643	3094	2.493333
2644	3094	2.493333
2645	3094	2.493333
2646	3094	2.493333
2647	3086	2.486886
2648	3094	2.493333
2649	3078	2.480440
2650	3094	2.493333
2651	3094	2.493333
2652	3094	2.493333
2653	3106	2.503004
2654	3110	2.506227
2655	3106	2.503004
2656	3110	2.506227
2657	3094	2.493333
2658	3094	2.493333
2659	3094	2.493333
2660	3094	2.493333
2661	3094	2.493333
2662	3090	2.490110
2663	3094	2.493333
2664	3094	2.493333
2665	3110	2.506227
2666	3106	2.503004
2667	3106	2.503004
2668	3110	2.506227
2669	3118	2.512674
2670	3110	2.506227
2671	3110	2.506227
2672	3122	2.515897
2673	3110	2.506227
2674	3110	2.506227
2675	3106	2.503004
2676	3094	2.493333
2677	3094	2.493333
2678	3094	2.493333
2679	3106	2.503004
2680	3106	2.503004
2681	3094	2.493333
2682	3086	2.486886
2683	3078	2.480440
2684	3094	2.493333
2685	3094	2.493333
2686	3094	2.493333
2687	3090	2.490110
2688	3094	2.493333
2689	3078	2.480440
2690	3094	2.493333
2691	3106	2.503004
2692	3094	2.493333
2693	3078	2.480440
2694	3086	2.486886
2695	3078	2.480440
2696	3106	2.503004
2697	3078	2.480440
2698	3086	2.486886
2699	3078	2.480440
2700	3094	2.493333
2701	3094	2.493333
2702	3094	2.493333
2703	3110	2.506227
2704	3106	2.503004
2705	3106	2.503004
2706	3110	2.506227
2707	3106	2.503004
2708	3094	2.493333
2709	3094	2.493333
2710	3090	2.490110
2711	3094	2.493333
2712	3106	2.503004
2713	3094	2.493333
2714	3094	2.493333
2715	3094	2.493333
2716	3106	2.503004
2717	3090	2.490110
2718	3094	2.493333
2719	3078	2.480440
2720	3086	2.486886
2721	3079	2.481245
2722	3078	2.480440
2723	3090	2.490110
2724	3094	2.493333
2725	3094	2.493333
2726	3094	2.493333
2727	3106	2.503004
2728	3110	2.506227
2729	3110	2.506227
2730	3110	2.506227
2731	3110	2.506227
2732	3111	2.507033
2733	3126	2.519121
2734	3110	2.506227
2735	3110	2.506227
2736	3122	2.515897
2737	3110	2.506227
2738	3118	2.512674
2739	3126	2.519121
2740	3110	2.506227
2741	3126	2.519121
2742	3126	2.519121
2743	3111	2.507033
2744	3110	2.506227
2745	3118	2.512674
2746	3110	2.506227
2747	3110	2.506227
2748	3111	2.507033
2749	3110	2.506227
2750	3110	2.506227
2751	3110	2.506227
2752	3126	2.519121
2753	3106	2.503004
2754	3110	2.506227
2755	3110	2.506227
2756	3110	2.506227
2757	3106	2.503004
2758	3110	2.506227
2759	3110	2.506227
2760	3118	2.512674
2761	3118	2.512674
2762	3126	2.519121
2763	3126	2.519121
2764	3126	2.519121
2765	3126	2.519121
2766	3126	2.519121
2767	3110	2.506227
2768	3126	2.519121
2769	3110	2.506227
2770	3126	2.519121
2771	3126	2.519121
2772	3126	2.519121
2773	3126	2.519121
2774	3122	2.515897
2775	3126	2.519121
2776	3118	2.512674
2777	3138	2.528791
2778	3126	2.519121
2779	3118	2.512674
2780	3142	2.532015
2781	3126	2.519121
2782	3138	2.528791
2783	3142	2.532015
2784	3138	2.528791
2785	3142	2.532015
2786	3138	2.528791
2787	3142	2.532015
2788	3138	2.528791
2789	3126	2.519121
2790	3118	2.512674
2791	3126	2.519121
2792	3138	2.528791
2793	3138	2.528791
2794	3138	2.528791
2795	3142	2.532015
2796	3127	2.519927
2797	3126	2.519121
2798	3142	2.532015
2799	3142	2.532015
2800	3142	2.532015
2801	3138	2.528791
2802	3138	2.528791
2803	3142	2.532015
2804	3142	2.532015
2805	3138	2.528791
2806	3126	2.519121
2807	3138	2.528791
2808	3142	2.532015
2809	3126	2.519121
2810	3142	2.532015
2811	3142	2.532015
2812	3138	2.528791
2813	3138	2.528791
2814	3142	2.532015
2815	3138	2.528791
2816	3142	2.532015
2817	3142	2.532015
2818	3142	2.532015
2819	3142	2.532015
2820	3138	2.528791
2821	3142	2.532015
2822	3138	2.528791
2823	3142	2.532015
2824	3138	2.528791
2825	3142	2.532015
2826	3126	2.519121
2827	3138	2.528791
2828	3142	2.532015
2829	3142	2.532015
2830	3154	2.541685
2831	3142	2.532015
2832	3142	2.532015
2833	3142	2.532015
2834	3126	2.519121
2835	3126	2.519121
2836	3138	2.528791
2837	3142	2.532015
2838	3142	2.532015
2839	3138	2.528791
2840	3142	2.532015
2841	3142	2.532015
2842	3150	2.538462
2843	3138	2.528791
2844	3138	2.528791
2845	3142	2.532015
2846	3142	2.532015
2847	3150	2.538462
2848	3142	2.532015
2849	3142	2.532015
2850	3142	2.532015
2851	3142	2.532015
2852	3142	2.532015
2853	3154	2.541685
2854	3142	2.532015
2855	3138	2.528791
2856	3138	2.528791
2857	3154	2.541685
2858	3158	2.544908
2859	3142	2.532015
2860	3154	2.541685
2861	3142	2.532015
2862	3158	2.544908
2863	3154	2.541685
2864	3142	2.532015
2865	3142	2.532015
2866	3158	2.544908
2867	3150	2.538462
2868	3142	2.532015
2869	3158	2.544908
2870	3158	2.544908
2871	3154	2.541685
2872	3158	2.544908
2873	3170	2.554579
2874	3158	2.544908
2875	3142	2.532015
2876	3154	2.541685
2877	3154	2.541685
2878	3154	2.541685
2879	3158	2.544908
2880	3142	2.532015
2881	3154	2.541685
2882	3158	2.544908
2883	3150	2.538462
2884	3154	2.541685
2885	3158	2.544908
2886	3158	2.544908
2887	3158	2.544908
2888	3142	2.532015
2889	3158	2.544908
2890	3154	2.541685
2891	3150	2.538462
2892	3150	2.538462
2893	3138	2.528791
2894	3154	2.541685
2895	3154	2.541685
2896	3158	2.544908
2897	3142	2.532015
2898	3143	2.532821
2899	3158	2.544908
2900	3158	2.544908
2901	3142	2.532015
2902	3142	2.532015
2903	3158	2.544908
2904	3142	2.532015
2905	3142	2.532015
2906	3142	2.532015
2907	3158	2.544908
2908	3158	2.544908
2909	3150	2.538462
2910	3150	2.538462
2911	3158	2.544908
2912	3158	2.544908
2913	3158	2.544908
2914	3158	2.544908
2915	3158	2.544908
2916	3143	2.532821
2917	3158	2.544908
2918	3158	2.544908
2919	3154	2.541685
2920	3170	2.554579
2921	3170	2.554579
2922	3158	2.544908
2923	3158	2.544908
2924	3158	2.544908
2925	3158	2.544908
2926	3150	2.538462
2927	3158	2.544908
2928	3158	2.544908
2929	3150	2.538462
2930	3154	2.541685
2931	3142	2.532015
2932	3158	2.544908
2933	3154	2.541685
2934	3158	2.544908
2935	3158	2.544908
2936	3158	2.544908
2937	3142	2.532015
2938	3142	2.532015
2939	3158	2.544908
2940	3158	2.544908
2941	3158	2.544908
2942	3170	2.554579
2943	3170	2.554579
2944	3158	2.544908
2945	3158	2.544908
2946	3158	2.544908
2947	3154	2.541685
2948	3158	2.544908
2949	3158	2.544908
2950	3158	2.544908
2951	3158	2.544908
2952	3158	2.544908
2953	3158	2.544908
2954	3154	2.541685
2955	3158	2.544908
2956	3158	2.544908
2957	3158	2.544908
2958	3158	2.544908
2959	3158	2.544908
2960	3158	2.544908
2961	3158	2.544908
2962	3170	2.554579
2963	3150	2.538462
2964	3158	2.544908
2965	3170	2.554579
2966	3170	2.554579
2967	3154	2.541685
2968	3170	2.554579
2969	3143	2.532821
2970	3154	2.541685
2971	3158	2.544908
2972	3158	2.544908
2973	3143	2.532821
2974	3154	2.541685
2975	3154	2.541685
2976	3158	2.544908
2977	3154	2.541685
2978	3142	2.532015
2979	3142	2.532015
2980	3150	2.538462
2981	3142	2.532015
2982	3158	2.544908
2983	3158	2.544908
2984	3154	2.541685
2985	3142	2.532015
2986	3143	2.532821
2987	3158	2.544908
2988	3170	2.554579
2989	3143	2.532821
2990	3142	2.532015
2991	3170	2.554579
2992	3158	2.544908
2993	3158	2.544908
2994	3158	2.544908
2995	3150	2.538462
2996	3158	2.544908
2997	3158	2.544908
2998	3158	2.544908
2999	3158	2.544908
3000	3158	2.544908
3001	3158	2.544908
3002	3158	2.544908
3003	3158	2.544908
3004	3154	2.541685
3005	3143	2.532821
3006	3150	2.538462
3007	3154	2.541685
3008	3158	2.544908
3009	3158	2.544908
3010	3158	2.544908
3011	3142	2.532015
3012	3142	2.532015
3013	3158	2.544908
3014	3142	2.532015
3015	3142	2.532015
3016	3142	2.532015
3017	3142	2.532015
3018	3142	2.532015
3019	3142	2.532015
3020	3142	2.532015
3021	3142	2.532015
3022	3142	2.532015
3023	3142	2.532015
3024	3143	2.532821
3025	3142	2.532015
3026	3150	2.538462
3027	3154	2.541685
3028	3170	2.554579
3029	3158	2.544908
3030	3150	2.538462
3031	3158	2.544908
3032	3158	2.544908
3033	3170	2.554579
3034	3154	2.541685
3035	3170	2.554579
3036	3170	2.554579
3037	3174	2.557802
3038	3158	2.544908
3039	3158	2.544908
3040	3158	2.544908
3041	3158	2.544908
3042	3174	2.557802
3043	3170	2.554579
3044	3170	2.554579
3045	3158	2.544908
3046	3174	2.557802
3047	3174	2.557802
3048	3170	2.554579
3049	3170	2.554579
3050	3174	2.557802
3051	3170	2.554579
3052	3158	2.544908
3053	3174	2.557802
3054	3158	2.544908
3055	3158	2.544908
3056	3174	2.557802
3057	3158	2.544908
3058	3170	2.554579
3059	3158	2.544908
3060	3158	2.544908
3061	3158	2.544908
3062	3154	2.541685
3063	3158	2.544908
3064	3158	2.544908
3065	3150	2.538462
3066	3158	2.544908
3067	3158	2.544908
3068	3158	2.544908
3069	3150	2.538462
3070	3150	2.538462
3071	3154	2.541685
3072	3158	2.544908
3073	3158	2.544908
3074	3142	2.532015
3075	3158	2.544908
3076	3158	2.544908
3077	3158	2.544908
3078	3158	2.544908
3079	3170	2.554579
3080	3170	2.554579
3081	3174	2.557802
3082	3174	2.557802
3083	3170	2.554579
3084	3158	2.544908
3085	3158	2.544908
3086	3174	2.557802
3087	3170	2.554579
3088	3170	2.554579
3089	3174	2.557802
3090	3170	2.554579
3091	3170	2.554579
3092	3170	2.554579
3093	3154	2.541685
3094	3158	2.544908
3095	3158	2.544908
3096	3158	2.544908
3097	3170	2.554579
3098	3158	2.544908
3099	3154	2.541685
3100	3158	2.544908
3101	3158	2.544908
3102	3170	2.554579
3103	3174	2.557802
3104	3158	2.544908
3105	3170	2.554579
3106	3170	2.554579
3107	3174	2.557802
3108	3174	2.557802
3109	3158	2.544908
3110	3174	2.557802
3111	3158	2.544908
3112	3158	2.544908
3113	3158	2.544908
3114	3158	2.544908
3115	3174	2.557802
3116	3150	2.538462
3117	3170	2.554579
3118	3174	2.557802
3119	3150	2.538462
3120	3170	2.554579
3121	3158	2.544908
3122	3170	2.554579
3123	3170	2.554579
3124	3170	2.554579
3125	3174	2.557802
3126	3170	2.554579
3127	3170	2.554579
3128	3158	2.544908
3129	3170	2.554579
3130	3170	2.554579
3131	3170	2.554579
3132	3170	2.554579
3133	3158	2.544908
3134	3158	2.544908
3135	3158	2.544908
3136	3170	2.554579
3137	3158	2.544908
3138	3143	2.532821
3139	3174	2.557802
3140	3170	2.554579
3141	3170	2.554579
3142	3158	2.544908
3143	3170	2.554579
3144	3158	2.544908
3145	3154	2.541685
3146	3158	2.544908
3147	3170	2.554579
3148	3170	2.554579
3149	3174	2.557802
3150	3158	2.544908
3151	3158	2.544908
3152	3170	2.554579
3153	3158	2.544908
3154	3158	2.544908
3155	3174	2.557802
3156	3174	2.557802
3157	3174	2.557802
3158	3170	2.554579
3159	3174	2.557802
3160	3170	2.554579
3161	3158	2.544908
3162	3158	2.544908
3163	3174	2.557802
3164	3170	2.554579
3165	3174	2.557802
3166	3170	2.554579
3167	3174	2.557802
3168	3174	2.557802
3169	3158	2.544908
3170	3174	2.557802
3171	3158	2.544908
3172	3158	2.544908
3173	3174	2.557802
3174	3170	2.554579
3175	3170	2.554579
3176	3158	2.544908
3177	3150	2.538462
3178	3158	2.544908
3179	3170	2.554579
3180	3158	2.544908
3181	3158	2.544908
3182	3170	2.554579
3183	3170	2.554579
3184	3158	2.544908
3185	3150	2.538462
3186	3174	2.557802
3187	3158	2.544908
3188	3158	2.544908
3189	3158	2.544908
3190	3158	2.544908
3191	3154	2.541685
3192	3142	2.532015
3193	3158	2.544908
3194	3158	2.544908
3195	3158	2.544908
3196	3170	2.554579
3197	3158	2.544908
3198	3170	2.554579
3199	3170	2.554579
3200	3158	2.544908
3201	3158	2.544908
3202	3158	2.544908
3203	3170	2.554579
3204	3158	2.544908
3205	3158	2.544908
3206	3158	2.544908
3207	3158	2.544908
3208	3154	2.541685
3209	3158	2.544908
3210	3170	2.554579
3211	3174	2.557802
3212	3174	2.557802
3213	3170	2.554579
3214	3170	2.554579
3215	3158	2.544908
3216	3170	2.554579
3217	3170	2.554579
3218	3170	2.554579
3219	3175	2.558608
3220	3170	2.554579
3221	3170	2.554579
3222	3174	2.557802
3223	3182	2.564249
3224	3170	2.554579
3225	3170	2.554579
3226	3170	2.554579
3227	3158	2.544908
3228	3174	2.557802
3229	3174	2.557802
3230	3174	2.557802
3231	3170	2.554579
3232	3174	2.557802
3233	3170	2.554579
3234	3170	2.554579
3235	3170	2.554579
3236	3158	2.544908
3237	3170	2.554579
3238	3158	2.544908
3239	3158	2.544908
3240	3154	2.541685
3241	3158	2.544908
3242	3158	2.544908
3243	3158	2.544908
3244	3158	2.544908
3245	3174	2.557802
3246	3174	2.557802
3247	3174	2.557802
3248	3158	2.544908
3249	3170	2.554579
3250	3174	2.557802
3251	3170	2.554579
3252	3174	2.557802
3253	3174	2.557802
3254	3158	2.544908
3255	3170	2.554579
3256	3170	2.554579
3257	3170	2.554579
3258	3174	2.557802
3259	3174	2.557802
3260	3170	2.554579
3261	3182	2.564249
3262	3170	2.554579
3263	3158	2.544908
3264	3170	2.554579
3265	3158	2.544908
3266	3170	2.554579
3267	3158	2.544908
3268	3158	2.544908
3269	3170	2.554579
3270	3174	2.557802
3271	3186	2.567473
3272	3174	2.557802
3273	3174	2.557802
3274	3174	2.557802
3275	3170	2.554579
3276	3182	2.564249
3277	3175	2.558608
3278	3174	2.557802
3279	3170	2.554579
3280	3174	2.557802
3281	3174	2.557802
3282	3174	2.557802
3283	3170	2.554579
3284	3170	2.554579
3285	3158	2.544908
3286	3174	2.557802
3287	3170	2.554579
3288	3175	2.558608
3289	3170	2.554579
3290	3175	2.558608
3291	3170	2.554579
3292	3174	2.557802
3293	3175	2.558608
3294	3182	2.564249
3295	3174	2.557802
3296	3174	2.557802
3297	3170	2.554579
3298	3174	2.557802
3299	3174	2.557802
3300	3174	2.557802
3301	3174	2.557802
3302	3174	2.557802
3303	3170	2.554579
3304	3170	2.554579
3305	3158	2.544908
3306	3158	2.544908
3307	3158	2.544908
3308	3170	2.554579
3309	3174	2.557802
3310	3170	2.554579
3311	3174	2.557802
3312	3182	2.564249
3313	3174	2.557802
3314	3158	2.544908
3315	3174	2.557802
3316	3170	2.554579
3317	3158	2.544908
3318	3158	2.544908
3319	3170	2.554579
3320	3170	2.554579
3321	3142	2.532015
3322	3158	2.544908
3323	3174	2.557802
3324	3170	2.554579
3325	3170	2.554579
3326	3158	2.544908
3327	3158	2.544908
3328	3170	2.554579
3329	3170	2.554579
3330	3174	2.557802
3331	3170	2.554579
3332	3170	2.554579
3333	3186	2.567473
3334	3174	2.557802
3335	3174	2.557802
3336	3174	2.557802
3337	3174	2.557802
3338	3174	2.557802
3339	3170	2.554579
3340	3174	2.557802
3341	3170	2.554579
3342	3174	2.557802
3343	3174	2.557802
3344	3175	2.558608
3345	3174	2.557802
3346	3186	2.567473
3347	3174	2.557802
3348	3174	2.557802
3349	3174	2.557802
3350	3174	2.557802
3351	3182	2.564249
3352	3170	2.554579
3353	3174	2.557802
3354	3174	2.557802
3355	3174	2.557802
3356	3174	2.557802
3357	3170	2.554579
3358	3174	2.557802
3359	3174	2.557802
3360	3170	2.554579
3361	3174	2.557802
3362	3174	2.557802
3363	3174	2.557802
3364	3174	2.557802
3365	3174	2.557802
3366	3174	2.557802
3367	3174	2.557802
3368	3174	2.557802
3369	3170	2.554579
3370	3174	2.557802
3371	3158	2.544908
3372	3170	2.554579
3373	3170	2.554579
3374	3158	2.544908
3375	3158	2.544908
3376	3158	2.544908
3377	3170	2.554579
3378	3158	2.544908
3379	3154	2.541685
3380	3158	2.544908
3381	3158	2.544908
3382	3170	2.554579
3383	3174	2.557802
3384	3170	2.554579
3385	3158	2.544908
3386	3186	2.567473
3387	3170	2.554579
3388	3174	2.557802
3389	3170	2.554579
3390	3158	2.544908
3391	3170	2.554579
3392	3158	2.544908
3393	3170	2.554579
3394	3170	2.554579
3395	3170	2.554579
3396	3175	2.558608
3397	3170	2.554579
3398	3174	2.557802
3399	3174	2.557802
3400	3174	2.557802
3401	3170	2.554579
3402	3170	2.554579
3403	3170	2.554579
3404	3170	2.554579
3405	3170	2.554579
3406	3158	2.544908
3407	3158	2.544908
3408	3158	2.544908
3409	3158	2.544908
3410	3154	2.541685
3411	3158	2.544908
3412	3158	2.544908
3413	3158	2.544908
3414	3150	2.538462
3415	3170	2.554579
3416	3143	2.532821
3417	3150	2.538462
3418	3150	2.538462
3419	3158	2.544908
3420	3170	2.554579
3421	3170	2.554579
3422	3158	2.544908
3423	3174	2.557802
3424	3174	2.557802
3425	3170	2.554579
3426	3174	2.557802
3427	3158	2.544908
3428	3174	2.557802
3429	3170	2.554579
3430	3174	2.557802
3431	3174	2.557802
3432	3174	2.557802
3433	3170	2.554579
3434	3158	2.544908
3435	3158	2.544908
3436	3174	2.557802
3437	3170	2.554579
3438	3170	2.554579
3439	3158	2.544908
3440	3170	2.554579
3441	3158	2.544908
3442	3158	2.544908
3443	3170	2.554579
3444	3170	2.554579
3445	3150	2.538462
3446	3158	2.544908
3447	3170	2.554579
3448	3170	2.554579
3449	3170	2.554579
3450	3174	2.557802
3451	3174	2.557802
3452	3174	2.557802
3453	3174	2.557802
3454	3158	2.544908
3455	3158	2.544908
3456	3175	2.558608
3457	3170	2.554579
3458	3174	2.557802
3459	3170	2.554579
3460	3174	2.557802
3461	3170	2.554579
3462	3174	2.557802
3463	3170	2.554579
3464	3170	2.554579
3465	3170	2.554579
3466	3158	2.544908
3467	3158	2.544908
3468	3174	2.557802
3469	3158	2.544908
3470	3170	2.554579
3471	3170	2.554579
3472	3170	2.554579
3473	3170	2.554579
3474	3170	2.554579
3475	3154	2.541685
3476	3170	2.554579
3477	3158	2.544908
3478	3170	2.554579
3479	3158	2.544908
3480	3170	2.554579
3481	3158	2.544908
3482	3170	2.554579
3483	3170	2.554579
3484	3158	2.544908
3485	3158	2.544908
3486	3174	2.557802
3487	3170	2.554579
3488	3154	2.541685
3489	3158	2.544908
3490	3170	2.554579
3491	3158	2.544908
3492	3158	2.544908
3493	3150	2.538462
3494	3158	2.544908
3495	3170	2.554579
3496	3158	2.544908
3497	3158	2.544908
3498	3158	2.544908
3499	3170	2.554579
3500	3158	2.544908
3501	3170	2.554579
3502	3170	2.554579
3503	3174	2.557802
3504	3170	2.554579
3505	3158	2.544908
3506	3170	2.554579
3507	3158	2.544908
3508	3170	2.554579
3509	3158	2.544908
3510	3158	2.544908
3511	3158	2.544908
3512	3158	2.544908
3513	3158	2.544908
3514	3154	2.541685
3515	3142	2.532015
3516	3158	2.544908
3517	3158	2.544908
3518	3158	2.544908
3519	3158	2.544908
3520	3158	2.544908
3521	3158	2.544908
3522	3158	2.544908
3523	3170	2.554579
3524	3174	2.557802
3525	3174	2.557802
3526	3174	2.557802
3527	3158	2.544908
3528	3170	2.554579
3529	3158	2.544908
3530	3158	2.544908
3531	3170	2.554579
3532	3158	2.544908
3533	3158	2.544908
3534	3158	2.544908
3535	3154	2.541685
3536	3150	2.538462
3537	3154	2.541685
3538	3142	2.532015
3539	3158	2.544908
3540	3150	2.538462
3541	3142	2.532015
3542	3158	2.544908
3543	3158	2.544908
3544	3158	2.544908
3545	3158	2.544908
3546	3170	2.554579
3547	3170	2.554579
3548	3158	2.544908
3549	3154	2.541685
3550	3170	2.554579
3551	3158	2.544908
3552	3170	2.554579
3553	3158	2.544908
3554	3158	2.544908
3555	3158	2.544908
3556	3158	2.544908
3557	3150	2.538462
3558	3158	2.544908
3559	3150	2.538462
3560	3150	2.538462
3561	3142	2.532015
3562	3142	2.532015
3563	3158	2.544908
3564	3142	2.532015
3565	3158	2.544908
3566	3142	2.532015
3567	3170	2.554579
3568	3158	2.544908
3569	3158	2.544908
3570	3158	2.544908
3571	3158	2.544908
3572	3158	2.544908
3573	3142	2.532015
3574	3142	2.532015
3575	3142	2.532015
3576	3142	2.532015
3577	3142	2.532015
3578	3170	2.554579
3579	3150	2.538462
3580	3142	2.532015
3581	3142	2.532015
3582	3142	2.532015
3583	3143	2.532821
3584	3158	2.544908
3585	3154	2.541685
3586	3142	2.532015
3587	3158	2.544908
3588	3158	2.544908
3589	3158	2.544908
3590	3158	2.544908
3591	3158	2.544908
3592	3158	2.544908
3593	3158	2.544908
3594	3142	2.532015
3595	3142	2.532015
3596	3142	2.532015
3597	3143	2.532821
3598	3142	2.532015
3599	3142	2.532015
3600	3158	2.544908
3601	3158	2.544908
3602	3158	2.544908
3603	3158	2.544908
3604	3150	2.538462
3605	3142	2.532015
3606	3158	2.544908
3607	3170	2.554579
3608	3170	2.554579
3609	3170	2.554579
3610	3158	2.544908
3611	3170	2.554579
3612	3174	2.557802
3613	3170	2.554579
3614	3174	2.557802
3615	3174	2.557802
3616	3174	2.557802
3617	3174	2.557802
3618	3174	2.557802
3619	3174	2.557802
3620	3174	2.557802
3621	3174	2.557802
3622	3170	2.554579
3623	3174	2.557802
3624	3175	2.558608
3625	3170	2.554579
3626	3170	2.554579
3627	3170	2.554579
3628	3158	2.544908
3629	3158	2.544908
3630	3170	2.554579
3631	3158	2.544908
3632	3158	2.544908
3633	3170	2.554579
3634	3174	2.557802
3635	3170	2.554579
3636	3174	2.557802
3637	3170	2.554579
3638	3170	2.554579
3639	3174	2.557802
3640	3170	2.554579
3641	3158	2.544908
3642	3158	2.544908
3643	3170	2.554579
3644	3158	2.544908
3645	3158	2.544908
3646	3170	2.554579
3647	3174	2.557802
