Pixel	ADC	VoltageV
1	3963	3.193626
2	3963	3.193626
3	3963	3.193626
4	3962	3.192821
5	3963	3.193626
6	3963	3.193626
7	3963	3.193626
8	3962	3.192821
9	3962	3.192821
10	3963	3.193626
11	3962	3.192821
12	3963	3.193626
13	3963	3.193626
14	3963	3.193626
15	3962	3.192821
16	3960	3.191209
17	3520	2.836630
18	3146	2.535238
19	3147	2.536044
20	3168	2.552967
21	3147	2.536044
22	3155	2.542491
23	3151	2.539267
24	3147	2.536044
25	3155	2.542491
26	3160	2.546520
27	3147	2.536044
28	3151	2.539267
29	3147	2.536044
30	3147	2.536044
31	3146	2.535238
32	3144	2.533626
33	3144	2.533626
34	3147	2.536044
35	3146	2.535238
36	3146	2.535238
37	3147	2.536044
38	3146	2.535238
39	3139	2.529597
40	3146	2.535238
41	3139	2.529597
42	3138	2.528791
43	3139	2.529597
44	3138	2.528791
45	3144	2.533626
46	3151	2.539267
47	3139	2.529597
48	3146	2.535238
49	3128	2.520733
50	3138	2.528791
51	3139	2.529597
52	3131	2.523150
53	3147	2.536044
54	3147	2.536044
55	3130	2.522344
56	3144	2.533626
57	3147	2.536044
58	3139	2.529597
59	3139	2.529597
60	3130	2.522344
61	3146	2.535238
62	3146	2.535238
63	3131	2.523150
64	3147	2.536044
65	3138	2.528791
66	3138	2.528791
67	3139	2.529597
68	3138	2.528791
69	3139	2.529597
70	3144	2.533626
71	3139	2.529597
72	3144	2.533626
73	3147	2.536044
74	3147	2.536044
75	3139	2.529597
76	3139	2.529597
77	3147	2.536044
78	3144	2.533626
79	3139	2.529597
80	3147	2.536044
81	3146	2.535238
82	3146	2.535238
83	3115	2.510256
84	3136	2.527179
85	3136	2.527179
86	3144	2.533626
87	3123	2.516703
88	3115	2.510256
89	3138	2.528791
90	3112	2.507839
91	3119	2.513480
92	3138	2.528791
93	3130	2.522344
94	3128	2.520733
95	3119	2.513480
96	3136	2.527179
97	3119	2.513480
98	3123	2.516703
99	3136	2.527179
100	3136	2.527179
101	3119	2.513480
102	3128	2.520733
103	3136	2.527179
104	3128	2.520733
105	3128	2.520733
106	3128	2.520733
107	3136	2.527179
108	3130	2.522344
109	3131	2.523150
110	3136	2.527179
111	3139	2.529597
112	3130	2.522344
113	3130	2.522344
114	3128	2.520733
115	3119	2.513480
116	3138	2.528791
117	3130	2.522344
118	3136	2.527179
119	3131	2.523150
120	3130	2.522344
121	3115	2.510256
122	3130	2.522344
123	3138	2.528791
124	3131	2.523150
125	3138	2.528791
126	3131	2.523150
127	3130	2.522344
128	3138	2.528791
129	3139	2.529597
130	3131	2.523150
131	3138	2.528791
132	3130	2.522344
133	3119	2.513480
134	3144	2.533626
135	3136	2.527179
136	3138	2.528791
137	3130	2.522344
138	3131	2.523150
139	3130	2.522344
140	3128	2.520733
141	3144	2.533626
142	3147	2.536044
143	3138	2.528791
144	3130	2.522344
145	3115	2.510256
146	3119	2.513480
147	3123	2.516703
148	3123	2.516703
149	3119	2.513480
150	3130	2.522344
151	3119	2.513480
152	3114	2.509451
153	3136	2.527179
154	3115	2.510256
155	3131	2.523150
156	3131	2.523150
157	3139	2.529597
158	3119	2.513480
159	3119	2.513480
160	3138	2.528791
161	3130	2.522344
162	3139	2.529597
163	3128	2.520733
164	3139	2.529597
165	3128	2.520733
166	3136	2.527179
167	3115	2.510256
168	3119	2.513480
169	3119	2.513480
170	3136	2.527179
171	3119	2.513480
172	3119	2.513480
173	3115	2.510256
174	3128	2.520733
175	3119	2.513480
176	3128	2.520733
177	3115	2.510256
178	3115	2.510256
179	3119	2.513480
180	3130	2.522344
181	3131	2.523150
182	3112	2.507839
183	3115	2.510256
184	3112	2.507839
185	3119	2.513480
186	3104	2.501392
187	3112	2.507839
188	3119	2.513480
189	3115	2.510256
190	3115	2.510256
191	3114	2.509451
192	3115	2.510256
193	3115	2.510256
194	3115	2.510256
195	3115	2.510256
196	3115	2.510256
197	3115	2.510256
198	3128	2.520733
199	3136	2.527179
200	3112	2.507839
201	3115	2.510256
202	3114	2.509451
203	3128	2.520733
204	3138	2.528791
205	3115	2.510256
206	3123	2.516703
207	3115	2.510256
208	3119	2.513480
209	3136	2.527179
210	3131	2.523150
211	3115	2.510256
212	3115	2.510256
213	3115	2.510256
214	3130	2.522344
215	3115	2.510256
216	3119	2.513480
217	3130	2.522344
218	3115	2.510256
219	3115	2.510256
220	3115	2.510256
221	3112	2.507839
222	3115	2.510256
223	3115	2.510256
224	3119	2.513480
225	3130	2.522344
226	3128	2.520733
227	3128	2.520733
228	3119	2.513480
229	3119	2.513480
230	3115	2.510256
231	3131	2.523150
232	3130	2.522344
233	3115	2.510256
234	3119	2.513480
235	3119	2.513480
236	3130	2.522344
237	3136	2.527179
238	3115	2.510256
239	3115	2.510256
240	3138	2.528791
241	3138	2.528791
242	3130	2.522344
243	3119	2.513480
244	3119	2.513480
245	3128	2.520733
246	3115	2.510256
247	3128	2.520733
248	3131	2.523150
249	3115	2.510256
250	3136	2.527179
251	3128	2.520733
252	3119	2.513480
253	3130	2.522344
254	3119	2.513480
255	3107	2.503810
256	3128	2.520733
257	3136	2.527179
258	3119	2.513480
259	3130	2.522344
260	3119	2.513480
261	3119	2.513480
262	3128	2.520733
263	3144	2.533626
264	3138	2.528791
265	3123	2.516703
266	3128	2.520733
267	3146	2.535238
268	3136	2.527179
269	3138	2.528791
270	3114	2.509451
271	3130	2.522344
272	3130	2.522344
273	3136	2.527179
274	3119	2.513480
275	3123	2.516703
276	3130	2.522344
277	3119	2.513480
278	3119	2.513480
279	3115	2.510256
280	3107	2.503810
281	3115	2.510256
282	3106	2.503004
283	3114	2.509451
284	3112	2.507839
285	3114	2.509451
286	3115	2.510256
287	3114	2.509451
288	3119	2.513480
289	3112	2.507839
290	3115	2.510256
291	3123	2.516703
292	3106	2.503004
293	3114	2.509451
294	3119	2.513480
295	3115	2.510256
296	3112	2.507839
297	3128	2.520733
298	3112	2.507839
299	3119	2.513480
300	3123	2.516703
301	3119	2.513480
302	3128	2.520733
303	3123	2.516703
304	3131	2.523150
305	3136	2.527179
306	3136	2.527179
307	3130	2.522344
308	3144	2.533626
309	3144	2.533626
310	3139	2.529597
311	3130	2.522344
312	3146	2.535238
313	3144	2.533626
314	3139	2.529597
315	3138	2.528791
316	3139	2.529597
317	3144	2.533626
318	3144	2.533626
319	3146	2.535238
320	3147	2.536044
321	3144	2.533626
322	3138	2.528791
323	3144	2.533626
324	3151	2.539267
325	3139	2.529597
326	3147	2.536044
327	3144	2.533626
328	3151	2.539267
329	3147	2.536044
330	3160	2.546520
331	3147	2.536044
332	3146	2.535238
333	3151	2.539267
334	3146	2.535238
335	3155	2.542491
336	3160	2.546520
337	3147	2.536044
338	3147	2.536044
339	3147	2.536044
340	3147	2.536044
341	3144	2.533626
342	3146	2.535238
343	3138	2.528791
344	3139	2.529597
345	3151	2.539267
346	3138	2.528791
347	3147	2.536044
348	3144	2.533626
349	3130	2.522344
350	3168	2.552967
351	3147	2.536044
352	3147	2.536044
353	3151	2.539267
354	3147	2.536044
355	3139	2.529597
356	3144	2.533626
357	3160	2.546520
358	3146	2.535238
359	3160	2.546520
360	3147	2.536044
361	3146	2.535238
362	3147	2.536044
363	3146	2.535238
364	3147	2.536044
365	3147	2.536044
366	3144	2.533626
367	3146	2.535238
368	3151	2.539267
369	3136	2.527179
370	3147	2.536044
371	3138	2.528791
372	3144	2.533626
373	3147	2.536044
374	3146	2.535238
375	3147	2.536044
376	3146	2.535238
377	3144	2.533626
378	3147	2.536044
379	3151	2.539267
380	3168	2.552967
381	3147	2.536044
382	3147	2.536044
383	3138	2.528791
384	3151	2.539267
385	3147	2.536044
386	3138	2.528791
387	3146	2.535238
388	3131	2.523150
389	3138	2.528791
390	3144	2.533626
391	3130	2.522344
392	3146	2.535238
393	3144	2.533626
394	3119	2.513480
395	3128	2.520733
396	3139	2.529597
397	3144	2.533626
398	3146	2.535238
399	3128	2.520733
400	3130	2.522344
401	3136	2.527179
402	3130	2.522344
403	3136	2.527179
404	3136	2.527179
405	3144	2.533626
406	3146	2.535238
407	3139	2.529597
408	3136	2.527179
409	3131	2.523150
410	3130	2.522344
411	3138	2.528791
412	3144	2.533626
413	3136	2.527179
414	3138	2.528791
415	3138	2.528791
416	3138	2.528791
417	3146	2.535238
418	3138	2.528791
419	3146	2.535238
420	3147	2.536044
421	3144	2.533626
422	3147	2.536044
423	3139	2.529597
424	3146	2.535238
425	3147	2.536044
426	3151	2.539267
427	3144	2.533626
428	3151	2.539267
429	3146	2.535238
430	3139	2.529597
431	3151	2.539267
432	3151	2.539267
433	3147	2.536044
434	3151	2.539267
435	3146	2.535238
436	3146	2.535238
437	3139	2.529597
438	3147	2.536044
439	3147	2.536044
440	3155	2.542491
441	3147	2.536044
442	3147	2.536044
443	3147	2.536044
444	3147	2.536044
445	3147	2.536044
446	3151	2.539267
447	3151	2.539267
448	3160	2.546520
449	3147	2.536044
450	3160	2.546520
451	3146	2.535238
452	3147	2.536044
453	3147	2.536044
454	3151	2.539267
455	3147	2.536044
456	3160	2.546520
457	3144	2.533626
458	3146	2.535238
459	3147	2.536044
460	3151	2.539267
461	3147	2.536044
462	3147	2.536044
463	3168	2.552967
464	3144	2.533626
465	3144	2.533626
466	3144	2.533626
467	3147	2.536044
468	3139	2.529597
469	3147	2.536044
470	3139	2.529597
471	3147	2.536044
472	3146	2.535238
473	3160	2.546520
474	3147	2.536044
475	3147	2.536044
476	3147	2.536044
477	3139	2.529597
478	3138	2.528791
479	3138	2.528791
480	3139	2.529597
481	3138	2.528791
482	3138	2.528791
483	3138	2.528791
484	3136	2.527179
485	3144	2.533626
486	3146	2.535238
487	3144	2.533626
488	3128	2.520733
489	3138	2.528791
490	3119	2.513480
491	3119	2.513480
492	3130	2.522344
493	3131	2.523150
494	3119	2.513480
495	3131	2.523150
496	3136	2.527179
497	3115	2.510256
498	3138	2.528791
499	3130	2.522344
500	3138	2.528791
501	3131	2.523150
502	3128	2.520733
503	3131	2.523150
504	3138	2.528791
505	3146	2.535238
506	3136	2.527179
507	3139	2.529597
508	3139	2.529597
509	3131	2.523150
510	3130	2.522344
511	3136	2.527179
512	3128	2.520733
513	3136	2.527179
514	3136	2.527179
515	3128	2.520733
516	3139	2.529597
517	3136	2.527179
518	3136	2.527179
519	3131	2.523150
520	3131	2.523150
521	3138	2.528791
522	3138	2.528791
523	3139	2.529597
524	3130	2.522344
525	3138	2.528791
526	3130	2.522344
527	3139	2.529597
528	3138	2.528791
529	3136	2.527179
530	3138	2.528791
531	3128	2.520733
532	3136	2.527179
533	3139	2.529597
534	3138	2.528791
535	3138	2.528791
536	3138	2.528791
537	3136	2.527179
538	3138	2.528791
539	3144	2.533626
540	3146	2.535238
541	3136	2.527179
542	3138	2.528791
543	3130	2.522344
544	3130	2.522344
545	3131	2.523150
546	3131	2.523150
547	3119	2.513480
548	3123	2.516703
549	3115	2.510256
550	3128	2.520733
551	3130	2.522344
552	3131	2.523150
553	3128	2.520733
554	3139	2.529597
555	3139	2.529597
556	3144	2.533626
557	3144	2.533626
558	3138	2.528791
559	3138	2.528791
560	3138	2.528791
561	3130	2.522344
562	3130	2.522344
563	3147	2.536044
564	3136	2.527179
565	3131	2.523150
566	3130	2.522344
567	3138	2.528791
568	3139	2.529597
569	3136	2.527179
570	3119	2.513480
571	3119	2.513480
572	3131	2.523150
573	3138	2.528791
574	3144	2.533626
575	3138	2.528791
576	3144	2.533626
577	3130	2.522344
578	3138	2.528791
579	3138	2.528791
580	3146	2.535238
581	3138	2.528791
582	3138	2.528791
583	3136	2.527179
584	3138	2.528791
585	3119	2.513480
586	3128	2.520733
587	3138	2.528791
588	3139	2.529597
589	3130	2.522344
590	3119	2.513480
591	3136	2.527179
592	3136	2.527179
593	3131	2.523150
594	3136	2.527179
595	3136	2.527179
596	3131	2.523150
597	3131	2.523150
598	3138	2.528791
599	3136	2.527179
600	3146	2.535238
601	3147	2.536044
602	3136	2.527179
603	3128	2.520733
604	3139	2.529597
605	3138	2.528791
606	3139	2.529597
607	3130	2.522344
608	3130	2.522344
609	3119	2.513480
610	3128	2.520733
611	3131	2.523150
612	3115	2.510256
613	3119	2.513480
614	3115	2.510256
615	3115	2.510256
616	3130	2.522344
617	3119	2.513480
618	3119	2.513480
619	3119	2.513480
620	3115	2.510256
621	3115	2.510256
622	3112	2.507839
623	3114	2.509451
624	3107	2.503810
625	3106	2.503004
626	3107	2.503810
627	3119	2.513480
628	3112	2.507839
629	3107	2.503810
630	3115	2.510256
631	3119	2.513480
632	3107	2.503810
633	3112	2.507839
634	3107	2.503810
635	3114	2.509451
636	3128	2.520733
637	3119	2.513480
638	3107	2.503810
639	3112	2.507839
640	3119	2.513480
641	3112	2.507839
642	3131	2.523150
643	3139	2.529597
644	3130	2.522344
645	3131	2.523150
646	3115	2.510256
647	3115	2.510256
648	3123	2.516703
649	3119	2.513480
650	3139	2.529597
651	3144	2.533626
652	3131	2.523150
653	3115	2.510256
654	3130	2.522344
655	3128	2.520733
656	3136	2.527179
657	3144	2.533626
658	3146	2.535238
659	3115	2.510256
660	3144	2.533626
661	3123	2.516703
662	3136	2.527179
663	3138	2.528791
664	3146	2.535238
665	3146	2.535238
666	3146	2.535238
667	3136	2.527179
668	3144	2.533626
669	3119	2.513480
670	3139	2.529597
671	3130	2.522344
672	3136	2.527179
673	3128	2.520733
674	3146	2.535238
675	3138	2.528791
676	3128	2.520733
677	3146	2.535238
678	3138	2.528791
679	3139	2.529597
680	3131	2.523150
681	3139	2.529597
682	3146	2.535238
683	3136	2.527179
684	3146	2.535238
685	3147	2.536044
686	3146	2.535238
687	3136	2.527179
688	3138	2.528791
689	3147	2.536044
690	3147	2.536044
691	3130	2.522344
692	3136	2.527179
693	3144	2.533626
694	3146	2.535238
695	3147	2.536044
696	3146	2.535238
697	3151	2.539267
698	3146	2.535238
699	3138	2.528791
700	3147	2.536044
701	3139	2.529597
702	3144	2.533626
703	3136	2.527179
704	3128	2.520733
705	3130	2.522344
706	3136	2.527179
707	3131	2.523150
708	3130	2.522344
709	3130	2.522344
710	3138	2.528791
711	3112	2.507839
712	3115	2.510256
713	3115	2.510256
714	3128	2.520733
715	3138	2.528791
716	3112	2.507839
717	3119	2.513480
718	3130	2.522344
719	3130	2.522344
720	3123	2.516703
721	3115	2.510256
722	3131	2.523150
723	3123	2.516703
724	3123	2.516703
725	3119	2.513480
726	3115	2.510256
727	3131	2.523150
728	3119	2.513480
729	3128	2.520733
730	3136	2.527179
731	3146	2.535238
732	3128	2.520733
733	3115	2.510256
734	3114	2.509451
735	3130	2.522344
736	3106	2.503004
737	3107	2.503810
738	3112	2.507839
739	3115	2.510256
740	3115	2.510256
741	3114	2.509451
742	3115	2.510256
743	3114	2.509451
744	3114	2.509451
745	3104	2.501392
746	3114	2.509451
747	3114	2.509451
748	3107	2.503810
749	3115	2.510256
750	3115	2.510256
751	3115	2.510256
752	3115	2.510256
753	3119	2.513480
754	3128	2.520733
755	3115	2.510256
756	3139	2.529597
757	3119	2.513480
758	3115	2.510256
759	3119	2.513480
760	3119	2.513480
761	3119	2.513480
762	3115	2.510256
763	3115	2.510256
764	3119	2.513480
765	3128	2.520733
766	3128	2.520733
767	3131	2.523150
768	3131	2.523150
769	3128	2.520733
770	3138	2.528791
771	3144	2.533626
772	3138	2.528791
773	3131	2.523150
774	3139	2.529597
775	3136	2.527179
776	3138	2.528791
777	3144	2.533626
778	3144	2.533626
779	3151	2.539267
780	3146	2.535238
781	3151	2.539267
782	3147	2.536044
783	3139	2.529597
784	3139	2.529597
785	3146	2.535238
786	3147	2.536044
787	3147	2.536044
788	3151	2.539267
789	3151	2.539267
790	3151	2.539267
791	3147	2.536044
792	3147	2.536044
793	3147	2.536044
794	3168	2.552967
795	3151	2.539267
796	3168	2.552967
797	3160	2.546520
798	3151	2.539267
799	3176	2.559414
800	3162	2.548132
801	3168	2.552967
802	3170	2.554579
803	3171	2.555385
804	3168	2.552967
805	3168	2.552967
806	3168	2.552967
807	3171	2.555385
808	3168	2.552967
809	3171	2.555385
810	3168	2.552967
811	3168	2.552967
812	3168	2.552967
813	3168	2.552967
814	3168	2.552967
815	3168	2.552967
816	3160	2.546520
817	3151	2.539267
818	3147	2.536044
819	3151	2.539267
820	3151	2.539267
821	3170	2.554579
822	3151	2.539267
823	3147	2.536044
824	3168	2.552967
825	3160	2.546520
826	3168	2.552967
827	3170	2.554579
828	3168	2.552967
829	3171	2.555385
830	3168	2.552967
831	3168	2.552967
832	3170	2.554579
833	3168	2.552967
834	3168	2.552967
835	3162	2.548132
836	3168	2.552967
837	3160	2.546520
838	3160	2.546520
839	3168	2.552967
840	3171	2.555385
841	3151	2.539267
842	3170	2.554579
843	3170	2.554579
844	3168	2.552967
845	3168	2.552967
846	3160	2.546520
847	3160	2.546520
848	3168	2.552967
849	3168	2.552967
850	3168	2.552967
851	3168	2.552967
852	3151	2.539267
853	3146	2.535238
854	3170	2.554579
855	3168	2.552967
856	3151	2.539267
857	3151	2.539267
858	3168	2.552967
859	3151	2.539267
860	3151	2.539267
861	3168	2.552967
862	3168	2.552967
863	3147	2.536044
864	3170	2.554579
865	3168	2.552967
866	3168	2.552967
867	3168	2.552967
868	3168	2.552967
869	3151	2.539267
870	3147	2.536044
871	3168	2.552967
872	3171	2.555385
873	3168	2.552967
874	3168	2.552967
875	3151	2.539267
876	3168	2.552967
877	3151	2.539267
878	3160	2.546520
879	3160	2.546520
880	3147	2.536044
881	3151	2.539267
882	3147	2.536044
883	3168	2.552967
884	3147	2.536044
885	3168	2.552967
886	3168	2.552967
887	3168	2.552967
888	3155	2.542491
889	3160	2.546520
890	3168	2.552967
891	3170	2.554579
892	3160	2.546520
893	3168	2.552967
894	3151	2.539267
895	3168	2.552967
896	3168	2.552967
897	3151	2.539267
898	3151	2.539267
899	3151	2.539267
900	3168	2.552967
901	3151	2.539267
902	3147	2.536044
903	3151	2.539267
904	3168	2.552967
905	3170	2.554579
906	3151	2.539267
907	3168	2.552967
908	3168	2.552967
909	3151	2.539267
910	3160	2.546520
911	3168	2.552967
912	3168	2.552967
913	3168	2.552967
914	3168	2.552967
915	3168	2.552967
916	3160	2.546520
917	3168	2.552967
918	3168	2.552967
919	3168	2.552967
920	3151	2.539267
921	3170	2.554579
922	3155	2.542491
923	3168	2.552967
924	3160	2.546520
925	3168	2.552967
926	3171	2.555385
927	3176	2.559414
928	3171	2.555385
929	3168	2.552967
930	3170	2.554579
931	3162	2.548132
932	3171	2.555385
933	3168	2.552967
934	3168	2.552967
935	3151	2.539267
936	3160	2.546520
937	3160	2.546520
938	3168	2.552967
939	3171	2.555385
940	3168	2.552967
941	3144	2.533626
942	3146	2.535238
943	3147	2.536044
944	3168	2.552967
945	3147	2.536044
946	3168	2.552967
947	3147	2.536044
948	3147	2.536044
949	3160	2.546520
950	3160	2.546520
951	3160	2.546520
952	3168	2.552967
953	3168	2.552967
954	3176	2.559414
955	3160	2.546520
956	3168	2.552967
957	3171	2.555385
958	3171	2.555385
959	3168	2.552967
960	3178	2.561026
961	3168	2.552967
962	3168	2.552967
963	3162	2.548132
964	3168	2.552967
965	3171	2.555385
966	3178	2.561026
967	3170	2.554579
968	3160	2.546520
969	3168	2.552967
970	3151	2.539267
971	3168	2.552967
972	3151	2.539267
973	3171	2.555385
974	3155	2.542491
975	3168	2.552967
976	3170	2.554579
977	3168	2.552967
978	3168	2.552967
979	3168	2.552967
980	3168	2.552967
981	3168	2.552967
982	3147	2.536044
983	3151	2.539267
984	3146	2.535238
985	3168	2.552967
986	3168	2.552967
987	3151	2.539267
988	3170	2.554579
989	3160	2.546520
990	3147	2.536044
991	3160	2.546520
992	3168	2.552967
993	3146	2.535238
994	3146	2.535238
995	3146	2.535238
996	3139	2.529597
997	3147	2.536044
998	3155	2.542491
999	3147	2.536044
1000	3147	2.536044
1001	3146	2.535238
1002	3146	2.535238
1003	3147	2.536044
1004	3144	2.533626
1005	3147	2.536044
1006	3151	2.539267
1007	3147	2.536044
1008	3160	2.546520
1009	3147	2.536044
1010	3151	2.539267
1011	3147	2.536044
1012	3146	2.535238
1013	3147	2.536044
1014	3168	2.552967
1015	3168	2.552967
1016	3155	2.542491
1017	3147	2.536044
1018	3151	2.539267
1019	3155	2.542491
1020	3151	2.539267
1021	3147	2.536044
1022	3147	2.536044
1023	3146	2.535238
1024	3144	2.533626
1025	3146	2.535238
1026	3138	2.528791
1027	3131	2.523150
1028	3130	2.522344
1029	3119	2.513480
1030	3115	2.510256
1031	3119	2.513480
1032	3106	2.503004
1033	3104	2.501392
1034	3104	2.501392
1035	3106	2.503004
1036	3087	2.487692
1037	3080	2.482051
1038	3083	2.484469
1039	3080	2.482051
1040	3080	2.482051
1041	3083	2.484469
1042	3072	2.475604
1043	3080	2.482051
1044	3072	2.475604
1045	3043	2.452234
1046	3040	2.449817
1047	3043	2.452234
1048	3072	2.475604
1049	3072	2.475604
1050	3072	2.475604
1051	3040	2.449817
1052	3010	2.425641
1053	3023	2.436117
1054	3010	2.425641
1055	3011	2.426447
1056	3016	2.430476
1057	3018	2.432088
1058	3010	2.425641
1059	3008	2.424029
1060	3011	2.426447
1061	3016	2.430476
1062	3018	2.432088
1063	3016	2.430476
1064	3008	2.424029
1065	2991	2.410330
1066	3008	2.424029
1067	3019	2.432894
1068	3011	2.426447
1069	2987	2.407106
1070	3010	2.425641
1071	3008	2.424029
1072	3011	2.426447
1073	3000	2.417582
1074	2987	2.407106
1075	2991	2.410330
1076	3002	2.419194
1077	2995	2.413553
1078	3008	2.424029
1079	3008	2.424029
1080	3008	2.424029
1081	3008	2.424029
1082	3010	2.425641
1083	2987	2.407106
1084	2991	2.410330
1085	3002	2.419194
1086	3008	2.424029
1087	3019	2.432894
1088	3011	2.426447
1089	3023	2.436117
1090	3019	2.432894
1091	3016	2.430476
1092	3019	2.432894
1093	3040	2.449817
1094	3040	2.449817
1095	3040	2.449817
1096	3040	2.449817
1097	3048	2.456264
1098	3040	2.449817
1099	3043	2.452234
1100	3042	2.451429
1101	3042	2.451429
1102	3048	2.456264
1103	3040	2.449817
1104	3043	2.452234
1105	3032	2.443370
1106	3040	2.449817
1107	3032	2.443370
1108	3019	2.432894
1109	3023	2.436117
1110	3016	2.430476
1111	3019	2.432894
1112	3019	2.432894
1113	3019	2.432894
1114	3010	2.425641
1115	3002	2.419194
1116	3008	2.424029
1117	3003	2.420000
1118	3011	2.426447
1119	2970	2.393407
1120	2955	2.381319
1121	2991	2.410330
1122	3008	2.424029
1123	2979	2.400659
1124	2979	2.400659
1125	2976	2.398242
1126	2970	2.393407
1127	2979	2.400659
1128	2991	2.410330
1129	2959	2.384542
1130	2959	2.384542
1131	2976	2.398242
1132	2991	2.410330
1133	2979	2.400659
1134	2976	2.398242
1135	2955	2.381319
1136	2970	2.393407
1137	2976	2.398242
1138	2987	2.407106
1139	2976	2.398242
1140	2959	2.384542
1141	2976	2.398242
1142	2968	2.391795
1143	2952	2.378901
1144	2938	2.367619
1145	2914	2.348278
1146	2882	2.322491
1147	2875	2.316850
1148	2863	2.307179
1149	2863	2.307179
1150	2875	2.316850
1151	2883	2.323297
1152	2915	2.349084
1153	2943	2.371648
1154	2978	2.399853
1155	2986	2.406300
1156	3018	2.432088
1157	3048	2.456264
1158	3072	2.475604
1159	3075	2.478022
1160	3083	2.484469
1161	3083	2.484469
1162	3096	2.494945
1163	3112	2.507839
1164	3115	2.510256
1165	3115	2.510256
1166	3119	2.513480
1167	3128	2.520733
1168	3128	2.520733
1169	3131	2.523150
1170	3131	2.523150
1171	3130	2.522344
1172	3130	2.522344
1173	3136	2.527179
1174	3138	2.528791
1175	3128	2.520733
1176	3128	2.520733
1177	3136	2.527179
1178	3146	2.535238
1179	3139	2.529597
1180	3136	2.527179
1181	3138	2.528791
1182	3144	2.533626
1183	3144	2.533626
1184	3139	2.529597
1185	3136	2.527179
1186	3139	2.529597
1187	3144	2.533626
1188	3146	2.535238
1189	3147	2.536044
1190	3144	2.533626
1191	3146	2.535238
1192	3144	2.533626
1193	3146	2.535238
1194	3144	2.533626
1195	3147	2.536044
1196	3147	2.536044
1197	3138	2.528791
1198	3146	2.535238
1199	3144	2.533626
1200	3131	2.523150
1201	3139	2.529597
1202	3147	2.536044
1203	3144	2.533626
1204	3147	2.536044
1205	3144	2.533626
1206	3146	2.535238
1207	3130	2.522344
1208	3146	2.535238
1209	3139	2.529597
1210	3139	2.529597
1211	3139	2.529597
1212	3146	2.535238
1213	3136	2.527179
1214	3139	2.529597
1215	3138	2.528791
1216	3139	2.529597
1217	3146	2.535238
1218	3138	2.528791
1219	3139	2.529597
1220	3138	2.528791
1221	3144	2.533626
1222	3138	2.528791
1223	3146	2.535238
1224	3144	2.533626
1225	3139	2.529597
1226	3146	2.535238
1227	3136	2.527179
1228	3151	2.539267
1229	3144	2.533626
1230	3151	2.539267
1231	3147	2.536044
1232	3139	2.529597
1233	3147	2.536044
1234	3160	2.546520
1235	3147	2.536044
1236	3147	2.536044
1237	3168	2.552967
1238	3146	2.535238
1239	3151	2.539267
1240	3144	2.533626
1241	3139	2.529597
1242	3144	2.533626
1243	3138	2.528791
1244	3144	2.533626
1245	3147	2.536044
1246	3144	2.533626
1247	3136	2.527179
1248	3146	2.535238
1249	3138	2.528791
1250	3147	2.536044
1251	3144	2.533626
1252	3151	2.539267
1253	3147	2.536044
1254	3136	2.527179
1255	3146	2.535238
1256	3139	2.529597
1257	3138	2.528791
1258	3151	2.539267
1259	3131	2.523150
1260	3136	2.527179
1261	3138	2.528791
1262	3147	2.536044
1263	3138	2.528791
1264	3139	2.529597
1265	3138	2.528791
1266	3136	2.527179
1267	3139	2.529597
1268	3146	2.535238
1269	3136	2.527179
1270	3128	2.520733
1271	3119	2.513480
1272	3119	2.513480
1273	3112	2.507839
1274	3115	2.510256
1275	3115	2.510256
1276	3112	2.507839
1277	3115	2.510256
1278	3119	2.513480
1279	3115	2.510256
1280	3128	2.520733
1281	3119	2.513480
1282	3115	2.510256
1283	3128	2.520733
1284	3139	2.529597
1285	3139	2.529597
1286	3119	2.513480
1287	3131	2.523150
1288	3138	2.528791
1289	3138	2.528791
1290	3147	2.536044
1291	3147	2.536044
1292	3144	2.533626
1293	3139	2.529597
1294	3136	2.527179
1295	3136	2.527179
1296	3147	2.536044
1297	3147	2.536044
1298	3151	2.539267
1299	3139	2.529597
1300	3151	2.539267
1301	3151	2.539267
1302	3147	2.536044
1303	3147	2.536044
1304	3151	2.539267
1305	3168	2.552967
1306	3146	2.535238
1307	3138	2.528791
1308	3147	2.536044
1309	3136	2.527179
1310	3144	2.533626
1311	3138	2.528791
1312	3138	2.528791
1313	3147	2.536044
1314	3130	2.522344
1315	3138	2.528791
1316	3138	2.528791
1317	3136	2.527179
1318	3146	2.535238
1319	3147	2.536044
1320	3146	2.535238
1321	3147	2.536044
1322	3151	2.539267
1323	3147	2.536044
1324	3155	2.542491
1325	3147	2.536044
1326	3147	2.536044
1327	3147	2.536044
1328	3144	2.533626
1329	3138	2.528791
1330	3147	2.536044
1331	3146	2.535238
1332	3147	2.536044
1333	3136	2.527179
1334	3144	2.533626
1335	3139	2.529597
1336	3130	2.522344
1337	3144	2.533626
1338	3147	2.536044
1339	3146	2.535238
1340	3144	2.533626
1341	3136	2.527179
1342	3128	2.520733
1343	3136	2.527179
1344	3139	2.529597
1345	3138	2.528791
1346	3138	2.528791
1347	3147	2.536044
1348	3130	2.522344
1349	3136	2.527179
1350	3138	2.528791
1351	3136	2.527179
1352	3139	2.529597
1353	3146	2.535238
1354	3146	2.535238
1355	3144	2.533626
1356	3147	2.536044
1357	3151	2.539267
1358	3160	2.546520
1359	3147	2.536044
1360	3151	2.539267
1361	3147	2.536044
1362	3147	2.536044
1363	3151	2.539267
1364	3160	2.546520
1365	3170	2.554579
1366	3168	2.552967
1367	3151	2.539267
1368	3151	2.539267
1369	3144	2.533626
1370	3144	2.533626
1371	3147	2.536044
1372	3147	2.536044
1373	3147	2.536044
1374	3146	2.535238
1375	3151	2.539267
1376	3136	2.527179
1377	3144	2.533626
1378	3151	2.539267
1379	3130	2.522344
1380	3139	2.529597
1381	3146	2.535238
1382	3146	2.535238
1383	3146	2.535238
1384	3138	2.528791
1385	3139	2.529597
1386	3147	2.536044
1387	3139	2.529597
1388	3147	2.536044
1389	3146	2.535238
1390	3139	2.529597
1391	3139	2.529597
1392	3146	2.535238
1393	3146	2.535238
1394	3147	2.536044
1395	3146	2.535238
1396	3151	2.539267
1397	3147	2.536044
1398	3147	2.536044
1399	3146	2.535238
1400	3147	2.536044
1401	3146	2.535238
1402	3151	2.539267
1403	3147	2.536044
1404	3147	2.536044
1405	3146	2.535238
1406	3147	2.536044
1407	3146	2.535238
1408	3147	2.536044
1409	3151	2.539267
1410	3160	2.546520
1411	3147	2.536044
1412	3144	2.533626
1413	3146	2.535238
1414	3147	2.536044
1415	3147	2.536044
1416	3139	2.529597
1417	3146	2.535238
1418	3147	2.536044
1419	3147	2.536044
1420	3144	2.533626
1421	3144	2.533626
1422	3146	2.535238
1423	3160	2.546520
1424	3146	2.535238
1425	3144	2.533626
1426	3147	2.536044
1427	3146	2.535238
1428	3138	2.528791
1429	3138	2.528791
1430	3144	2.533626
1431	3136	2.527179
1432	3147	2.536044
1433	3146	2.535238
1434	3147	2.536044
1435	3147	2.536044
1436	3138	2.528791
1437	3146	2.535238
1438	3147	2.536044
1439	3146	2.535238
1440	3147	2.536044
1441	3138	2.528791
1442	3147	2.536044
1443	3147	2.536044
1444	3138	2.528791
1445	3131	2.523150
1446	3146	2.535238
1447	3168	2.552967
1448	3147	2.536044
1449	3147	2.536044
1450	3138	2.528791
1451	3160	2.546520
1452	3151	2.539267
1453	3146	2.535238
1454	3147	2.536044
1455	3147	2.536044
1456	3151	2.539267
1457	3151	2.539267
1458	3147	2.536044
1459	3147	2.536044
1460	3147	2.536044
1461	3147	2.536044
1462	3147	2.536044
1463	3147	2.536044
1464	3147	2.536044
1465	3151	2.539267
1466	3147	2.536044
1467	3151	2.539267
1468	3151	2.539267
1469	3147	2.536044
1470	3146	2.535238
1471	3146	2.535238
1472	3136	2.527179
1473	3139	2.529597
1474	3139	2.529597
1475	3139	2.529597
1476	3144	2.533626
1477	3136	2.527179
1478	3144	2.533626
1479	3131	2.523150
1480	3136	2.527179
1481	3138	2.528791
1482	3144	2.533626
1483	3136	2.527179
1484	3130	2.522344
1485	3131	2.523150
1486	3144	2.533626
1487	3144	2.533626
1488	3147	2.536044
1489	3138	2.528791
1490	3147	2.536044
1491	3146	2.535238
1492	3139	2.529597
1493	3147	2.536044
1494	3146	2.535238
1495	3138	2.528791
1496	3139	2.529597
1497	3138	2.528791
1498	3139	2.529597
1499	3136	2.527179
1500	3138	2.528791
1501	3128	2.520733
1502	3131	2.523150
1503	3146	2.535238
1504	3144	2.533626
1505	3144	2.533626
1506	3138	2.528791
1507	3147	2.536044
1508	3147	2.536044
1509	3146	2.535238
1510	3139	2.529597
1511	3146	2.535238
1512	3147	2.536044
1513	3146	2.535238
1514	3139	2.529597
1515	3139	2.529597
1516	3144	2.533626
1517	3146	2.535238
1518	3146	2.535238
1519	3139	2.529597
1520	3128	2.520733
1521	3130	2.522344
1522	3119	2.513480
1523	3138	2.528791
1524	3131	2.523150
1525	3131	2.523150
1526	3138	2.528791
1527	3130	2.522344
1528	3144	2.533626
1529	3144	2.533626
1530	3131	2.523150
1531	3147	2.536044
1532	3136	2.527179
1533	3138	2.528791
1534	3146	2.535238
1535	3146	2.535238
1536	3136	2.527179
1537	3147	2.536044
1538	3147	2.536044
1539	3147	2.536044
1540	3147	2.536044
1541	3146	2.535238
1542	3147	2.536044
1543	3146	2.535238
1544	3146	2.535238
1545	3147	2.536044
1546	3147	2.536044
1547	3139	2.529597
1548	3147	2.536044
1549	3146	2.535238
1550	3146	2.535238
1551	3136	2.527179
1552	3131	2.523150
1553	3130	2.522344
1554	3138	2.528791
1555	3146	2.535238
1556	3131	2.523150
1557	3146	2.535238
1558	3131	2.523150
1559	3144	2.533626
1560	3147	2.536044
1561	3151	2.539267
1562	3146	2.535238
1563	3136	2.527179
1564	3139	2.529597
1565	3138	2.528791
1566	3138	2.528791
1567	3146	2.535238
1568	3138	2.528791
1569	3138	2.528791
1570	3139	2.529597
1571	3146	2.535238
1572	3147	2.536044
1573	3131	2.523150
1574	3138	2.528791
1575	3139	2.529597
1576	3146	2.535238
1577	3138	2.528791
1578	3131	2.523150
1579	3136	2.527179
1580	3131	2.523150
1581	3130	2.522344
1582	3136	2.527179
1583	3130	2.522344
1584	3115	2.510256
1585	3130	2.522344
1586	3131	2.523150
1587	3136	2.527179
1588	3119	2.513480
1589	3119	2.513480
1590	3138	2.528791
1591	3131	2.523150
1592	3130	2.522344
1593	3115	2.510256
1594	3130	2.522344
1595	3131	2.523150
1596	3114	2.509451
1597	3128	2.520733
1598	3119	2.513480
1599	3136	2.527179
1600	3119	2.513480
1601	3119	2.513480
1602	3128	2.520733
1603	3115	2.510256
1604	3114	2.509451
1605	3119	2.513480
1606	3131	2.523150
1607	3136	2.527179
1608	3128	2.520733
1609	3128	2.520733
1610	3138	2.528791
1611	3119	2.513480
1612	3144	2.533626
1613	3131	2.523150
1614	3144	2.533626
1615	3131	2.523150
1616	3144	2.533626
1617	3147	2.536044
1618	3147	2.536044
1619	3136	2.527179
1620	3147	2.536044
1621	3144	2.533626
1622	3146	2.535238
1623	3130	2.522344
1624	3136	2.527179
1625	3138	2.528791
1626	3146	2.535238
1627	3144	2.533626
1628	3130	2.522344
1629	3147	2.536044
1630	3146	2.535238
1631	3136	2.527179
1632	3138	2.528791
1633	3147	2.536044
1634	3162	2.548132
1635	3146	2.535238
1636	3151	2.539267
1637	3147	2.536044
1638	3147	2.536044
1639	3144	2.533626
1640	3147	2.536044
1641	3162	2.548132
1642	3146	2.535238
1643	3147	2.536044
1644	3151	2.539267
1645	3146	2.535238
1646	3147	2.536044
1647	3146	2.535238
1648	3147	2.536044
1649	3147	2.536044
1650	3147	2.536044
1651	3144	2.533626
1652	3147	2.536044
1653	3147	2.536044
1654	3146	2.535238
1655	3147	2.536044
1656	3147	2.536044
1657	3139	2.529597
1658	3147	2.536044
1659	3139	2.529597
1660	3136	2.527179
1661	3146	2.535238
1662	3147	2.536044
1663	3139	2.529597
1664	3144	2.533626
1665	3136	2.527179
1666	3146	2.535238
1667	3138	2.528791
1668	3144	2.533626
1669	3146	2.535238
1670	3139	2.529597
1671	3138	2.528791
1672	3147	2.536044
1673	3147	2.536044
1674	3147	2.536044
1675	3144	2.533626
1676	3146	2.535238
1677	3144	2.533626
1678	3151	2.539267
1679	3147	2.536044
1680	3138	2.528791
1681	3138	2.528791
1682	3147	2.536044
1683	3144	2.533626
1684	3138	2.528791
1685	3136	2.527179
1686	3119	2.513480
1687	3138	2.528791
1688	3119	2.513480
1689	3130	2.522344
1690	3130	2.522344
1691	3119	2.513480
1692	3115	2.510256
1693	3128	2.520733
1694	3131	2.523150
1695	3128	2.520733
1696	3128	2.520733
1697	3131	2.523150
1698	3131	2.523150
1699	3119	2.513480
1700	3131	2.523150
1701	3131	2.523150
1702	3131	2.523150
1703	3136	2.527179
1704	3130	2.522344
1705	3131	2.523150
1706	3119	2.513480
1707	3119	2.513480
1708	3130	2.522344
1709	3130	2.522344
1710	3123	2.516703
1711	3119	2.513480
1712	3138	2.528791
1713	3119	2.513480
1714	3119	2.513480
1715	3115	2.510256
1716	3123	2.516703
1717	3107	2.503810
1718	3115	2.510256
1719	3112	2.507839
1720	3112	2.507839
1721	3114	2.509451
1722	3106	2.503004
1723	3104	2.501392
1724	3119	2.513480
1725	3115	2.510256
1726	3114	2.509451
1727	3112	2.507839
1728	3115	2.510256
1729	3112	2.507839
1730	3130	2.522344
1731	3130	2.522344
1732	3131	2.523150
1733	3130	2.522344
1734	3128	2.520733
1735	3139	2.529597
1736	3138	2.528791
1737	3147	2.536044
1738	3138	2.528791
1739	3131	2.523150
1740	3136	2.527179
1741	3123	2.516703
1742	3130	2.522344
1743	3136	2.527179
1744	3130	2.522344
1745	3136	2.527179
1746	3138	2.528791
1747	3130	2.522344
1748	3115	2.510256
1749	3107	2.503810
1750	3130	2.522344
1751	3115	2.510256
1752	3128	2.520733
1753	3115	2.510256
1754	3115	2.510256
1755	3128	2.520733
1756	3119	2.513480
1757	3115	2.510256
1758	3131	2.523150
1759	3119	2.513480
1760	3115	2.510256
1761	3115	2.510256
1762	3115	2.510256
1763	3119	2.513480
1764	3115	2.510256
1765	3114	2.509451
1766	3128	2.520733
1767	3130	2.522344
1768	3112	2.507839
1769	3115	2.510256
1770	3128	2.520733
1771	3115	2.510256
1772	3115	2.510256
1773	3115	2.510256
1774	3115	2.510256
1775	3119	2.513480
1776	3119	2.513480
1777	3115	2.510256
1778	3123	2.516703
1779	3123	2.516703
1780	3115	2.510256
1781	3115	2.510256
1782	3114	2.509451
1783	3119	2.513480
1784	3112	2.507839
1785	3112	2.507839
1786	3128	2.520733
1787	3107	2.503810
1788	3112	2.507839
1789	3115	2.510256
1790	3112	2.507839
1791	3115	2.510256
1792	3107	2.503810
1793	3098	2.496557
1794	3106	2.503004
1795	3104	2.501392
1796	3104	2.501392
1797	3106	2.503004
1798	3106	2.503004
1799	3106	2.503004
1800	3107	2.503810
1801	3106	2.503004
1802	3115	2.510256
1803	3104	2.501392
1804	3107	2.503810
1805	3114	2.509451
1806	3104	2.501392
1807	3104	2.501392
1808	3083	2.484469
1809	3104	2.501392
1810	3096	2.494945
1811	3096	2.494945
1812	3096	2.494945
1813	3087	2.487692
1814	3087	2.487692
1815	3083	2.484469
1816	3096	2.494945
1817	3082	2.483663
1818	3080	2.482051
1819	3087	2.487692
1820	3087	2.487692
1821	3096	2.494945
1822	3096	2.494945
1823	3087	2.487692
1824	3083	2.484469
1825	3104	2.501392
1826	3104	2.501392
1827	3083	2.484469
1828	3107	2.503810
1829	3096	2.494945
1830	3104	2.501392
1831	3091	2.490916
1832	3104	2.501392
1833	3087	2.487692
1834	3082	2.483663
1835	3083	2.484469
1836	3083	2.484469
1837	3087	2.487692
1838	3083	2.484469
1839	3083	2.484469
1840	3072	2.475604
1841	3083	2.484469
1842	3083	2.484469
1843	3080	2.482051
1844	3096	2.494945
1845	3087	2.487692
1846	3080	2.482051
1847	3075	2.478022
1848	3082	2.483663
1849	3083	2.484469
1850	3083	2.484469
1851	3080	2.482051
1852	3072	2.475604
1853	3072	2.475604
1854	3072	2.475604
1855	3074	2.477216
1856	3072	2.475604
1857	3074	2.477216
1858	3075	2.478022
1859	3083	2.484469
1860	3083	2.484469
1861	3082	2.483663
1862	3096	2.494945
1863	3072	2.475604
1864	3083	2.484469
1865	3083	2.484469
1866	3091	2.490916
1867	3082	2.483663
1868	3087	2.487692
1869	3087	2.487692
1870	3104	2.501392
1871	3104	2.501392
1872	3104	2.501392
1873	3091	2.490916
1874	3096	2.494945
1875	3083	2.484469
1876	3087	2.487692
1877	3091	2.490916
1878	3104	2.501392
1879	3104	2.501392
1880	3091	2.490916
1881	3096	2.494945
1882	3087	2.487692
1883	3083	2.484469
1884	3104	2.501392
1885	3104	2.501392
1886	3087	2.487692
1887	3080	2.482051
1888	3075	2.478022
1889	3072	2.475604
1890	3075	2.478022
1891	3072	2.475604
1892	3072	2.475604
1893	3072	2.475604
1894	3075	2.478022
1895	3072	2.475604
1896	3075	2.478022
1897	3072	2.475604
1898	3072	2.475604
1899	3072	2.475604
1900	3080	2.482051
1901	3087	2.487692
1902	3080	2.482051
1903	3083	2.484469
1904	3083	2.484469
1905	3080	2.482051
1906	3083	2.484469
1907	3083	2.484469
1908	3104	2.501392
1909	3074	2.477216
1910	3083	2.484469
1911	3087	2.487692
1912	3104	2.501392
1913	3107	2.503810
1914	3104	2.501392
1915	3106	2.503004
1916	3098	2.496557
1917	3104	2.501392
1918	3104	2.501392
1919	3096	2.494945
1920	3098	2.496557
1921	3106	2.503004
1922	3104	2.501392
1923	3087	2.487692
1924	3098	2.496557
1925	3096	2.494945
1926	3107	2.503810
1927	3096	2.494945
1928	3104	2.501392
1929	3104	2.501392
1930	3107	2.503810
1931	3106	2.503004
1932	3106	2.503004
1933	3087	2.487692
1934	3082	2.483663
1935	3087	2.487692
1936	3087	2.487692
1937	3080	2.482051
1938	3082	2.483663
1939	3087	2.487692
1940	3083	2.484469
1941	3096	2.494945
1942	3082	2.483663
1943	3075	2.478022
1944	3072	2.475604
1945	3072	2.475604
1946	3072	2.475604
1947	3043	2.452234
1948	3072	2.475604
1949	3072	2.475604
1950	3072	2.475604
1951	3072	2.475604
1952	3043	2.452234
1953	3072	2.475604
1954	3072	2.475604
1955	3072	2.475604
1956	3072	2.475604
1957	3072	2.475604
1958	3072	2.475604
1959	3072	2.475604
1960	3072	2.475604
1961	3072	2.475604
1962	3072	2.475604
1963	3072	2.475604
1964	3072	2.475604
1965	3072	2.475604
1966	3072	2.475604
1967	3072	2.475604
1968	3072	2.475604
1969	3074	2.477216
1970	3075	2.478022
1971	3082	2.483663
1972	3080	2.482051
1973	3080	2.482051
1974	3074	2.477216
1975	3074	2.477216
1976	3072	2.475604
1977	3072	2.475604
1978	3074	2.477216
1979	3075	2.478022
1980	3075	2.478022
1981	3075	2.478022
1982	3083	2.484469
1983	3087	2.487692
1984	3087	2.487692
1985	3082	2.483663
1986	3075	2.478022
1987	3082	2.483663
1988	3072	2.475604
1989	3072	2.475604
1990	3072	2.475604
1991	3048	2.456264
1992	3072	2.475604
1993	3043	2.452234
1994	3072	2.475604
1995	3074	2.477216
1996	3082	2.483663
1997	3083	2.484469
1998	3083	2.484469
1999	3083	2.484469
2000	3082	2.483663
2001	3083	2.484469
2002	3082	2.483663
2003	3083	2.484469
2004	3083	2.484469
2005	3083	2.484469
2006	3087	2.487692
2007	3091	2.490916
2008	3096	2.494945
2009	3096	2.494945
2010	3087	2.487692
2011	3083	2.484469
2012	3083	2.484469
2013	3083	2.484469
2014	3104	2.501392
2015	3104	2.501392
2016	3104	2.501392
2017	3083	2.484469
2018	3087	2.487692
2019	3080	2.482051
2020	3074	2.477216
2021	3083	2.484469
2022	3083	2.484469
2023	3083	2.484469
2024	3098	2.496557
2025	3083	2.484469
2026	3074	2.477216
2027	3082	2.483663
2028	3091	2.490916
2029	3072	2.475604
2030	3082	2.483663
2031	3083	2.484469
2032	3087	2.487692
2033	3074	2.477216
2034	3083	2.484469
2035	3087	2.487692
2036	3072	2.475604
2037	3072	2.475604
2038	3072	2.475604
2039	3072	2.475604
2040	3072	2.475604
2041	3072	2.475604
2042	3072	2.475604
2043	3075	2.478022
2044	3083	2.484469
2045	3080	2.482051
2046	3082	2.483663
2047	3096	2.494945
2048	3096	2.494945
2049	3087	2.487692
2050	3082	2.483663
2051	3072	2.475604
2052	3087	2.487692
2053	3083	2.484469
2054	3087	2.487692
2055	3082	2.483663
2056	3080	2.482051
2057	3080	2.482051
2058	3083	2.484469
2059	3083	2.484469
2060	3082	2.483663
2061	3083	2.484469
2062	3083	2.484469
2063	3083	2.484469
2064	3072	2.475604
2065	3075	2.478022
2066	3087	2.487692
2067	3080	2.482051
2068	3087	2.487692
2069	3096	2.494945
2070	3096	2.494945
2071	3087	2.487692
2072	3091	2.490916
2073	3083	2.484469
2074	3074	2.477216
2075	3080	2.482051
2076	3072	2.475604
2077	3072	2.475604
2078	3075	2.478022
2079	3080	2.482051
2080	3082	2.483663
2081	3087	2.487692
2082	3096	2.494945
2083	3083	2.484469
2084	3087	2.487692
2085	3080	2.482051
2086	3082	2.483663
2087	3087	2.487692
2088	3096	2.494945
2089	3083	2.484469
2090	3104	2.501392
2091	3083	2.484469
2092	3080	2.482051
2093	3082	2.483663
2094	3072	2.475604
2095	3072	2.475604
2096	3072	2.475604
2097	3072	2.475604
2098	3072	2.475604
2099	3072	2.475604
2100	3072	2.475604
2101	3072	2.475604
2102	3072	2.475604
2103	3072	2.475604
2104	3075	2.478022
2105	3072	2.475604
2106	3083	2.484469
2107	3082	2.483663
2108	3082	2.483663
2109	3072	2.475604
2110	3072	2.475604
2111	3072	2.475604
2112	3072	2.475604
2113	3072	2.475604
2114	3072	2.475604
2115	3072	2.475604
2116	3087	2.487692
2117	3096	2.494945
2118	3083	2.484469
2119	3087	2.487692
2120	3083	2.484469
2121	3087	2.487692
2122	3082	2.483663
2123	3083	2.484469
2124	3082	2.483663
2125	3075	2.478022
2126	3104	2.501392
2127	3080	2.482051
2128	3083	2.484469
2129	3075	2.478022
2130	3075	2.478022
2131	3075	2.478022
2132	3074	2.477216
2133	3075	2.478022
2134	3082	2.483663
2135	3083	2.484469
2136	3087	2.487692
2137	3080	2.482051
2138	3083	2.484469
2139	3087	2.487692
2140	3091	2.490916
2141	3098	2.496557
2142	3096	2.494945
2143	3096	2.494945
2144	3104	2.501392
2145	3087	2.487692
2146	3087	2.487692
2147	3087	2.487692
2148	3098	2.496557
2149	3082	2.483663
2150	3074	2.477216
2151	3082	2.483663
2152	3075	2.478022
2153	3072	2.475604
2154	3075	2.478022
2155	3091	2.490916
2156	3087	2.487692
2157	3080	2.482051
2158	3083	2.484469
2159	3083	2.484469
2160	3080	2.482051
2161	3083	2.484469
2162	3091	2.490916
2163	3075	2.478022
2164	3098	2.496557
2165	3083	2.484469
2166	3098	2.496557
2167	3087	2.487692
2168	3087	2.487692
2169	3098	2.496557
2170	3083	2.484469
2171	3080	2.482051
2172	3080	2.482051
2173	3083	2.484469
2174	3072	2.475604
2175	3072	2.475604
2176	3072	2.475604
2177	3050	2.457875
2178	3075	2.478022
2179	3072	2.475604
2180	3072	2.475604
2181	3072	2.475604
2182	3042	2.451429
2183	3072	2.475604
2184	3072	2.475604
2185	3042	2.451429
2186	3072	2.475604
2187	3048	2.456264
2188	3072	2.475604
2189	3072	2.475604
2190	3080	2.482051
2191	3096	2.494945
2192	3083	2.484469
2193	3072	2.475604
2194	3080	2.482051
2195	3080	2.482051
2196	3083	2.484469
2197	3083	2.484469
2198	3075	2.478022
2199	3083	2.484469
2200	3083	2.484469
2201	3083	2.484469
2202	3083	2.484469
2203	3083	2.484469
2204	3083	2.484469
2205	3074	2.477216
2206	3083	2.484469
2207	3087	2.487692
2208	3096	2.494945
2209	3087	2.487692
2210	3080	2.482051
2211	3075	2.478022
2212	3080	2.482051
2213	3087	2.487692
2214	3082	2.483663
2215	3080	2.482051
2216	3080	2.482051
2217	3074	2.477216
2218	3072	2.475604
2219	3072	2.475604
2220	3074	2.477216
2221	3080	2.482051
2222	3072	2.475604
2223	3072	2.475604
2224	3072	2.475604
2225	3083	2.484469
2226	3091	2.490916
2227	3074	2.477216
2228	3074	2.477216
2229	3080	2.482051
2230	3083	2.484469
2231	3072	2.475604
2232	3083	2.484469
2233	3107	2.503810
2234	3104	2.501392
2235	3104	2.501392
2236	3083	2.484469
2237	3082	2.483663
2238	3096	2.494945
2239	3074	2.477216
2240	3080	2.482051
2241	3082	2.483663
2242	3096	2.494945
2243	3074	2.477216
2244	3082	2.483663
2245	3074	2.477216
2246	3075	2.478022
2247	3074	2.477216
2248	3075	2.478022
2249	3072	2.475604
2250	3072	2.475604
2251	3072	2.475604
2252	3072	2.475604
2253	3072	2.475604
2254	3082	2.483663
2255	3074	2.477216
2256	3075	2.478022
2257	3082	2.483663
2258	3080	2.482051
2259	3072	2.475604
2260	3074	2.477216
2261	3072	2.475604
2262	3075	2.478022
2263	3080	2.482051
2264	3080	2.482051
2265	3080	2.482051
2266	3072	2.475604
2267	3072	2.475604
2268	3048	2.456264
2269	3032	2.443370
2270	3042	2.451429
2271	3072	2.475604
2272	3083	2.484469
2273	3082	2.483663
2274	3074	2.477216
2275	3072	2.475604
2276	3048	2.456264
2277	3072	2.475604
2278	3072	2.475604
2279	3080	2.482051
2280	3087	2.487692
2281	3087	2.487692
2282	3087	2.487692
2283	3083	2.484469
2284	3072	2.475604
2285	3087	2.487692
2286	3083	2.484469
2287	3080	2.482051
2288	3091	2.490916
2289	3096	2.494945
2290	3087	2.487692
2291	3083	2.484469
2292	3087	2.487692
2293	3083	2.484469
2294	3087	2.487692
2295	3087	2.487692
2296	3096	2.494945
2297	3087	2.487692
2298	3082	2.483663
2299	3083	2.484469
2300	3082	2.483663
2301	3096	2.494945
2302	3072	2.475604
2303	3074	2.477216
2304	3075	2.478022
2305	3072	2.475604
2306	3074	2.477216
2307	3072	2.475604
2308	3074	2.477216
2309	3072	2.475604
2310	3096	2.494945
2311	3083	2.484469
2312	3080	2.482051
2313	3072	2.475604
2314	3072	2.475604
2315	3072	2.475604
2316	3080	2.482051
2317	3072	2.475604
2318	3072	2.475604
2319	3072	2.475604
2320	3072	2.475604
2321	3072	2.475604
2322	3072	2.475604
2323	3074	2.477216
2324	3075	2.478022
2325	3072	2.475604
2326	3080	2.482051
2327	3083	2.484469
2328	3072	2.475604
2329	3072	2.475604
2330	3072	2.475604
2331	3072	2.475604
2332	3075	2.478022
2333	3072	2.475604
2334	3072	2.475604
2335	3080	2.482051
2336	3080	2.482051
2337	3072	2.475604
2338	3072	2.475604
2339	3072	2.475604
2340	3082	2.483663
2341	3080	2.482051
2342	3074	2.477216
2343	3072	2.475604
2344	3048	2.456264
2345	3040	2.449817
2346	3072	2.475604
2347	3072	2.475604
2348	3083	2.484469
2349	3083	2.484469
2350	3080	2.482051
2351	3087	2.487692
2352	3082	2.483663
2353	3080	2.482051
2354	3075	2.478022
2355	3080	2.482051
2356	3098	2.496557
2357	3087	2.487692
2358	3083	2.484469
2359	3074	2.477216
2360	3083	2.484469
2361	3080	2.482051
2362	3080	2.482051
2363	3080	2.482051
2364	3083	2.484469
2365	3072	2.475604
2366	3087	2.487692
2367	3082	2.483663
2368	3080	2.482051
2369	3072	2.475604
2370	3072	2.475604
2371	3072	2.475604
2372	3072	2.475604
2373	3087	2.487692
2374	3074	2.477216
2375	3072	2.475604
2376	3072	2.475604
2377	3072	2.475604
2378	3072	2.475604
2379	3072	2.475604
2380	3072	2.475604
2381	3072	2.475604
2382	3074	2.477216
2383	3072	2.475604
2384	3080	2.482051
2385	3072	2.475604
2386	3082	2.483663
2387	3072	2.475604
2388	3080	2.482051
2389	3083	2.484469
2390	3083	2.484469
2391	3087	2.487692
2392	3083	2.484469
2393	3083	2.484469
2394	3104	2.501392
2395	3083	2.484469
2396	3087	2.487692
2397	3082	2.483663
2398	3072	2.475604
2399	3075	2.478022
2400	3083	2.484469
2401	3083	2.484469
2402	3072	2.475604
2403	3082	2.483663
2404	3072	2.475604
2405	3072	2.475604
2406	3072	2.475604
2407	3074	2.477216
2408	3080	2.482051
2409	3075	2.478022
2410	3080	2.482051
2411	3072	2.475604
2412	3072	2.475604
2413	3074	2.477216
2414	3072	2.475604
2415	3072	2.475604
2416	3074	2.477216
2417	3072	2.475604
2418	3072	2.475604
2419	3072	2.475604
2420	3072	2.475604
2421	3072	2.475604
2422	3072	2.475604
2423	3072	2.475604
2424	3075	2.478022
2425	3072	2.475604
2426	3074	2.477216
2427	3075	2.478022
2428	3072	2.475604
2429	3072	2.475604
2430	3072	2.475604
2431	3072	2.475604
2432	3072	2.475604
2433	3072	2.475604
2434	3075	2.478022
2435	3083	2.484469
2436	3074	2.477216
2437	3072	2.475604
2438	3072	2.475604
2439	3074	2.477216
2440	3072	2.475604
2441	3072	2.475604
2442	3074	2.477216
2443	3080	2.482051
2444	3083	2.484469
2445	3082	2.483663
2446	3072	2.475604
2447	3072	2.475604
2448	3083	2.484469
2449	3082	2.483663
2450	3074	2.477216
2451	3074	2.477216
2452	3080	2.482051
2453	3083	2.484469
2454	3080	2.482051
2455	3075	2.478022
2456	3082	2.483663
2457	3083	2.484469
2458	3083	2.484469
2459	3082	2.483663
2460	3075	2.478022
2461	3075	2.478022
2462	3072	2.475604
2463	3083	2.484469
2464	3083	2.484469
2465	3087	2.487692
2466	3075	2.478022
2467	3082	2.483663
2468	3080	2.482051
2469	3082	2.483663
2470	3082	2.483663
2471	3075	2.478022
2472	3080	2.482051
2473	3082	2.483663
2474	3072	2.475604
2475	3072	2.475604
2476	3072	2.475604
2477	3072	2.475604
2478	3082	2.483663
2479	3082	2.483663
2480	3091	2.490916
2481	3082	2.483663
2482	3087	2.487692
2483	3072	2.475604
2484	3083	2.484469
2485	3083	2.484469
2486	3083	2.484469
2487	3083	2.484469
2488	3075	2.478022
2489	3082	2.483663
2490	3082	2.483663
2491	3083	2.484469
2492	3083	2.484469
2493	3083	2.484469
2494	3096	2.494945
2495	3091	2.490916
2496	3106	2.503004
2497	3083	2.484469
2498	3104	2.501392
2499	3082	2.483663
2500	3096	2.494945
2501	3087	2.487692
2502	3087	2.487692
2503	3082	2.483663
2504	3104	2.501392
2505	3083	2.484469
2506	3087	2.487692
2507	3091	2.490916
2508	3096	2.494945
2509	3096	2.494945
2510	3098	2.496557
2511	3104	2.501392
2512	3104	2.501392
2513	3096	2.494945
2514	3087	2.487692
2515	3104	2.501392
2516	3087	2.487692
2517	3083	2.484469
2518	3087	2.487692
2519	3087	2.487692
2520	3087	2.487692
2521	3098	2.496557
2522	3083	2.484469
2523	3082	2.483663
2524	3082	2.483663
2525	3087	2.487692
2526	3083	2.484469
2527	3096	2.494945
2528	3096	2.494945
2529	3104	2.501392
2530	3098	2.496557
2531	3083	2.484469
2532	3083	2.484469
2533	3087	2.487692
2534	3096	2.494945
2535	3096	2.494945
2536	3098	2.496557
2537	3106	2.503004
2538	3087	2.487692
2539	3096	2.494945
2540	3104	2.501392
2541	3104	2.501392
2542	3104	2.501392
2543	3091	2.490916
2544	3104	2.501392
2545	3083	2.484469
2546	3087	2.487692
2547	3087	2.487692
2548	3096	2.494945
2549	3091	2.490916
2550	3083	2.484469
2551	3104	2.501392
2552	3104	2.501392
2553	3087	2.487692
2554	3087	2.487692
2555	3087	2.487692
2556	3104	2.501392
2557	3083	2.484469
2558	3104	2.501392
2559	3104	2.501392
2560	3087	2.487692
2561	3083	2.484469
2562	3087	2.487692
2563	3083	2.484469
2564	3087	2.487692
2565	3083	2.484469
2566	3082	2.483663
2567	3083	2.484469
2568	3083	2.484469
2569	3083	2.484469
2570	3083	2.484469
2571	3083	2.484469
2572	3087	2.487692
2573	3083	2.484469
2574	3072	2.475604
2575	3083	2.484469
2576	3091	2.490916
2577	3096	2.494945
2578	3087	2.487692
2579	3083	2.484469
2580	3087	2.487692
2581	3082	2.483663
2582	3107	2.503810
2583	3096	2.494945
2584	3104	2.501392
2585	3104	2.501392
2586	3107	2.503810
2587	3082	2.483663
2588	3112	2.507839
2589	3106	2.503004
2590	3106	2.503004
2591	3096	2.494945
2592	3098	2.496557
2593	3096	2.494945
2594	3083	2.484469
2595	3083	2.484469
2596	3104	2.501392
2597	3082	2.483663
2598	3075	2.478022
2599	3083	2.484469
2600	3083	2.484469
2601	3083	2.484469
2602	3083	2.484469
2603	3083	2.484469
2604	3082	2.483663
2605	3080	2.482051
2606	3082	2.483663
2607	3082	2.483663
2608	3075	2.478022
2609	3072	2.475604
2610	3083	2.484469
2611	3075	2.478022
2612	3072	2.475604
2613	3075	2.478022
2614	3083	2.484469
2615	3082	2.483663
2616	3082	2.483663
2617	3075	2.478022
2618	3075	2.478022
2619	3083	2.484469
2620	3075	2.478022
2621	3074	2.477216
2622	3075	2.478022
2623	3087	2.487692
2624	3075	2.478022
2625	3082	2.483663
2626	3080	2.482051
2627	3083	2.484469
2628	3080	2.482051
2629	3083	2.484469
2630	3104	2.501392
2631	3083	2.484469
2632	3083	2.484469
2633	3074	2.477216
2634	3083	2.484469
2635	3082	2.483663
2636	3074	2.477216
2637	3074	2.477216
2638	3075	2.478022
2639	3082	2.483663
2640	3082	2.483663
2641	3082	2.483663
2642	3075	2.478022
2643	3072	2.475604
2644	3082	2.483663
2645	3072	2.475604
2646	3080	2.482051
2647	3074	2.477216
2648	3080	2.482051
2649	3075	2.478022
2650	3074	2.477216
2651	3080	2.482051
2652	3083	2.484469
2653	3082	2.483663
2654	3106	2.503004
2655	3087	2.487692
2656	3098	2.496557
2657	3106	2.503004
2658	3083	2.484469
2659	3080	2.482051
2660	3082	2.483663
2661	3075	2.478022
2662	3083	2.484469
2663	3082	2.483663
2664	3075	2.478022
2665	3074	2.477216
2666	3080	2.482051
2667	3087	2.487692
2668	3082	2.483663
2669	3074	2.477216
2670	3072	2.475604
2671	3074	2.477216
2672	3080	2.482051
2673	3074	2.477216
2674	3082	2.483663
2675	3083	2.484469
2676	3098	2.496557
2677	3091	2.490916
2678	3087	2.487692
2679	3098	2.496557
2680	3096	2.494945
2681	3087	2.487692
2682	3104	2.501392
2683	3080	2.482051
2684	3087	2.487692
2685	3083	2.484469
2686	3087	2.487692
2687	3083	2.484469
2688	3075	2.478022
2689	3075	2.478022
2690	3080	2.482051
2691	3083	2.484469
2692	3072	2.475604
2693	3083	2.484469
2694	3087	2.487692
2695	3082	2.483663
2696	3082	2.483663
2697	3075	2.478022
2698	3074	2.477216
2699	3072	2.475604
2700	3075	2.478022
2701	3075	2.478022
2702	3083	2.484469
2703	3091	2.490916
2704	3083	2.484469
2705	3082	2.483663
2706	3104	2.501392
2707	3104	2.501392
2708	3096	2.494945
2709	3087	2.487692
2710	3104	2.501392
2711	3104	2.501392
2712	3096	2.494945
2713	3112	2.507839
2714	3107	2.503810
2715	3096	2.494945
2716	3087	2.487692
2717	3083	2.484469
2718	3083	2.484469
2719	3096	2.494945
2720	3096	2.494945
2721	3083	2.484469
2722	3104	2.501392
2723	3104	2.501392
2724	3112	2.507839
2725	3114	2.509451
2726	3107	2.503810
2727	3106	2.503004
2728	3115	2.510256
2729	3104	2.501392
2730	3112	2.507839
2731	3106	2.503004
2732	3107	2.503810
2733	3104	2.501392
2734	3104	2.501392
2735	3114	2.509451
2736	3104	2.501392
2737	3091	2.490916
2738	3087	2.487692
2739	3098	2.496557
2740	3083	2.484469
2741	3082	2.483663
2742	3083	2.484469
2743	3107	2.503810
2744	3096	2.494945
2745	3104	2.501392
2746	3104	2.501392
2747	3106	2.503004
2748	3106	2.503004
2749	3104	2.501392
2750	3104	2.501392
2751	3104	2.501392
2752	3087	2.487692
2753	3106	2.503004
2754	3104	2.501392
2755	3106	2.503004
2756	3104	2.501392
2757	3106	2.503004
2758	3106	2.503004
2759	3104	2.501392
2760	3106	2.503004
2761	3104	2.501392
2762	3107	2.503810
2763	3106	2.503004
2764	3112	2.507839
2765	3115	2.510256
2766	3112	2.507839
2767	3106	2.503004
2768	3115	2.510256
2769	3114	2.509451
2770	3112	2.507839
2771	3119	2.513480
2772	3106	2.503004
2773	3119	2.513480
2774	3115	2.510256
2775	3107	2.503810
2776	3128	2.520733
2777	3123	2.516703
2778	3119	2.513480
2779	3119	2.513480
2780	3115	2.510256
2781	3115	2.510256
2782	3130	2.522344
2783	3114	2.509451
2784	3136	2.527179
2785	3138	2.528791
2786	3136	2.527179
2787	3128	2.520733
2788	3131	2.523150
2789	3128	2.520733
2790	3119	2.513480
2791	3119	2.513480
2792	3119	2.513480
2793	3119	2.513480
2794	3128	2.520733
2795	3115	2.510256
2796	3112	2.507839
2797	3114	2.509451
2798	3115	2.510256
2799	3115	2.510256
2800	3107	2.503810
2801	3107	2.503810
2802	3128	2.520733
2803	3128	2.520733
2804	3123	2.516703
2805	3115	2.510256
2806	3114	2.509451
2807	3115	2.510256
2808	3114	2.509451
2809	3114	2.509451
2810	3119	2.513480
2811	3131	2.523150
2812	3115	2.510256
2813	3115	2.510256
2814	3128	2.520733
2815	3128	2.520733
2816	3123	2.516703
2817	3130	2.522344
2818	3138	2.528791
2819	3119	2.513480
2820	3119	2.513480
2821	3115	2.510256
2822	3114	2.509451
2823	3112	2.507839
2824	3112	2.507839
2825	3115	2.510256
2826	3114	2.509451
2827	3119	2.513480
2828	3119	2.513480
2829	3138	2.528791
2830	3138	2.528791
2831	3136	2.527179
2832	3130	2.522344
2833	3128	2.520733
2834	3131	2.523150
2835	3119	2.513480
2836	3131	2.523150
2837	3119	2.513480
2838	3130	2.522344
2839	3114	2.509451
2840	3136	2.527179
2841	3128	2.520733
2842	3115	2.510256
2843	3114	2.509451
2844	3114	2.509451
2845	3115	2.510256
2846	3112	2.507839
2847	3115	2.510256
2848	3115	2.510256
2849	3115	2.510256
2850	3130	2.522344
2851	3119	2.513480
2852	3119	2.513480
2853	3115	2.510256
2854	3123	2.516703
2855	3130	2.522344
2856	3130	2.522344
2857	3128	2.520733
2858	3136	2.527179
2859	3119	2.513480
2860	3136	2.527179
2861	3138	2.528791
2862	3128	2.520733
2863	3119	2.513480
2864	3115	2.510256
2865	3115	2.510256
2866	3119	2.513480
2867	3115	2.510256
2868	3119	2.513480
2869	3130	2.522344
2870	3115	2.510256
2871	3119	2.513480
2872	3114	2.509451
2873	3115	2.510256
2874	3119	2.513480
2875	3128	2.520733
2876	3114	2.509451
2877	3130	2.522344
2878	3128	2.520733
2879	3128	2.520733
2880	3128	2.520733
2881	3119	2.513480
2882	3139	2.529597
2883	3128	2.520733
2884	3138	2.528791
2885	3138	2.528791
2886	3138	2.528791
2887	3131	2.523150
2888	3144	2.533626
2889	3144	2.533626
2890	3138	2.528791
2891	3147	2.536044
2892	3139	2.529597
2893	3138	2.528791
2894	3131	2.523150
2895	3147	2.536044
2896	3144	2.533626
2897	3131	2.523150
2898	3131	2.523150
2899	3151	2.539267
2900	3147	2.536044
2901	3147	2.536044
2902	3147	2.536044
2903	3139	2.529597
2904	3144	2.533626
2905	3147	2.536044
2906	3147	2.536044
2907	3151	2.539267
2908	3147	2.536044
2909	3147	2.536044
2910	3144	2.533626
2911	3139	2.529597
2912	3147	2.536044
2913	3147	2.536044
2914	3151	2.539267
2915	3151	2.539267
2916	3147	2.536044
2917	3144	2.533626
2918	3147	2.536044
2919	3147	2.536044
2920	3151	2.539267
2921	3144	2.533626
2922	3139	2.529597
2923	3139	2.529597
2924	3147	2.536044
2925	3144	2.533626
2926	3146	2.535238
2927	3146	2.535238
2928	3147	2.536044
2929	3131	2.523150
2930	3147	2.536044
2931	3147	2.536044
2932	3147	2.536044
2933	3147	2.536044
2934	3144	2.533626
2935	3147	2.536044
2936	3147	2.536044
2937	3160	2.546520
2938	3147	2.536044
2939	3144	2.533626
2940	3168	2.552967
2941	3168	2.552967
2942	3151	2.539267
2943	3168	2.552967
2944	3168	2.552967
2945	3151	2.539267
2946	3147	2.536044
2947	3168	2.552967
2948	3147	2.536044
2949	3147	2.536044
2950	3147	2.536044
2951	3147	2.536044
2952	3138	2.528791
2953	3147	2.536044
2954	3147	2.536044
2955	3146	2.535238
2956	3146	2.535238
2957	3138	2.528791
2958	3146	2.535238
2959	3147	2.536044
2960	3146	2.535238
2961	3130	2.522344
2962	3130	2.522344
2963	3139	2.529597
2964	3128	2.520733
2965	3130	2.522344
2966	3138	2.528791
2967	3130	2.522344
2968	3139	2.529597
2969	3119	2.513480
2970	3138	2.528791
2971	3144	2.533626
2972	3146	2.535238
2973	3146	2.535238
2974	3144	2.533626
2975	3130	2.522344
2976	3146	2.535238
2977	3144	2.533626
2978	3146	2.535238
2979	3147	2.536044
2980	3139	2.529597
2981	3147	2.536044
2982	3147	2.536044
2983	3147	2.536044
2984	3139	2.529597
2985	3139	2.529597
2986	3147	2.536044
2987	3146	2.535238
2988	3147	2.536044
2989	3151	2.539267
2990	3147	2.536044
2991	3144	2.533626
2992	3139	2.529597
2993	3144	2.533626
2994	3147	2.536044
2995	3144	2.533626
2996	3146	2.535238
2997	3151	2.539267
2998	3147	2.536044
2999	3138	2.528791
3000	3144	2.533626
3001	3147	2.536044
3002	3147	2.536044
3003	3147	2.536044
3004	3136	2.527179
3005	3136	2.527179
3006	3138	2.528791
3007	3144	2.533626
3008	3131	2.523150
3009	3147	2.536044
3010	3138	2.528791
3011	3147	2.536044
3012	3147	2.536044
3013	3146	2.535238
3014	3147	2.536044
3015	3151	2.539267
3016	3147	2.536044
3017	3138	2.528791
3018	3144	2.533626
3019	3131	2.523150
3020	3146	2.535238
3021	3131	2.523150
3022	3119	2.513480
3023	3130	2.522344
3024	3131	2.523150
3025	3131	2.523150
3026	3136	2.527179
3027	3138	2.528791
3028	3138	2.528791
3029	3131	2.523150
3030	3128	2.520733
3031	3131	2.523150
3032	3131	2.523150
3033	3144	2.533626
3034	3130	2.522344
3035	3138	2.528791
3036	3146	2.535238
3037	3139	2.529597
3038	3147	2.536044
3039	3139	2.529597
3040	3131	2.523150
3041	3138	2.528791
3042	3151	2.539267
3043	3147	2.536044
3044	3147	2.536044
3045	3147	2.536044
3046	3146	2.535238
3047	3147	2.536044
3048	3146	2.535238
3049	3147	2.536044
3050	3147	2.536044
3051	3147	2.536044
3052	3146	2.535238
3053	3147	2.536044
3054	3147	2.536044
3055	3147	2.536044
3056	3162	2.548132
3057	3147	2.536044
3058	3155	2.542491
3059	3151	2.539267
3060	3146	2.535238
3061	3160	2.546520
3062	3147	2.536044
3063	3155	2.542491
3064	3144	2.533626
3065	3168	2.552967
3066	3151	2.539267
3067	3147	2.536044
3068	3147	2.536044
3069	3147	2.536044
3070	3147	2.536044
3071	3147	2.536044
3072	3146	2.535238
3073	3151	2.539267
3074	3151	2.539267
3075	3147	2.536044
3076	3151	2.539267
3077	3147	2.536044
3078	3147	2.536044
3079	3147	2.536044
3080	3168	2.552967
3081	3151	2.539267
3082	3168	2.552967
3083	3168	2.552967
3084	3168	2.552967
3085	3151	2.539267
3086	3147	2.536044
3087	3144	2.533626
3088	3168	2.552967
3089	3147	2.536044
3090	3168	2.552967
3091	3168	2.552967
3092	3170	2.554579
3093	3155	2.542491
3094	3168	2.552967
3095	3162	2.548132
3096	3168	2.552967
3097	3160	2.546520
3098	3147	2.536044
3099	3168	2.552967
3100	3155	2.542491
3101	3147	2.536044
3102	3147	2.536044
3103	3151	2.539267
3104	3160	2.546520
3105	3151	2.539267
3106	3151	2.539267
3107	3155	2.542491
3108	3162	2.548132
3109	3168	2.552967
3110	3160	2.546520
3111	3151	2.539267
3112	3147	2.536044
3113	3147	2.536044
3114	3147	2.536044
3115	3168	2.552967
3116	3147	2.536044
3117	3170	2.554579
3118	3151	2.539267
3119	3168	2.552967
3120	3168	2.552967
3121	3144	2.533626
3122	3168	2.552967
3123	3170	2.554579
3124	3147	2.536044
3125	3168	2.552967
3126	3147	2.536044
3127	3146	2.535238
3128	3144	2.533626
3129	3136	2.527179
3130	3136	2.527179
3131	3147	2.536044
3132	3147	2.536044
3133	3139	2.529597
3134	3146	2.535238
3135	3147	2.536044
3136	3146	2.535238
3137	3138	2.528791
3138	3138	2.528791
3139	3139	2.529597
3140	3144	2.533626
3141	3138	2.528791
3142	3139	2.529597
3143	3147	2.536044
3144	3139	2.529597
3145	3131	2.523150
3146	3144	2.533626
3147	3146	2.535238
3148	3147	2.536044
3149	3147	2.536044
3150	3147	2.536044
3151	3151	2.539267
3152	3160	2.546520
3153	3151	2.539267
3154	3147	2.536044
3155	3151	2.539267
3156	3160	2.546520
3157	3151	2.539267
3158	3160	2.546520
3159	3151	2.539267
3160	3168	2.552967
3161	3151	2.539267
3162	3171	2.555385
3163	3160	2.546520
3164	3170	2.554579
3165	3168	2.552967
3166	3147	2.536044
3167	3160	2.546520
3168	3160	2.546520
3169	3168	2.552967
3170	3168	2.552967
3171	3170	2.554579
3172	3168	2.552967
3173	3168	2.552967
3174	3160	2.546520
3175	3168	2.552967
3176	3171	2.555385
3177	3168	2.552967
3178	3160	2.546520
3179	3168	2.552967
3180	3147	2.536044
3181	3162	2.548132
3182	3168	2.552967
3183	3139	2.529597
3184	3147	2.536044
3185	3146	2.535238
3186	3147	2.536044
3187	3160	2.546520
3188	3160	2.546520
3189	3160	2.546520
3190	3147	2.536044
3191	3151	2.539267
3192	3168	2.552967
3193	3160	2.546520
3194	3151	2.539267
3195	3151	2.539267
3196	3168	2.552967
3197	3151	2.539267
3198	3168	2.552967
3199	3151	2.539267
3200	3168	2.552967
3201	3168	2.552967
3202	3170	2.554579
3203	3151	2.539267
3204	3151	2.539267
3205	3147	2.536044
3206	3160	2.546520
3207	3168	2.552967
3208	3168	2.552967
3209	3168	2.552967
3210	3168	2.552967
3211	3170	2.554579
3212	3168	2.552967
3213	3151	2.539267
3214	3176	2.559414
3215	3171	2.555385
3216	3160	2.546520
3217	3168	2.552967
3218	3160	2.546520
3219	3147	2.536044
3220	3160	2.546520
3221	3151	2.539267
3222	3151	2.539267
3223	3147	2.536044
3224	3147	2.536044
3225	3151	2.539267
3226	3146	2.535238
3227	3146	2.535238
3228	3168	2.552967
3229	3146	2.535238
3230	3147	2.536044
3231	3147	2.536044
3232	3151	2.539267
3233	3139	2.529597
3234	3147	2.536044
3235	3144	2.533626
3236	3146	2.535238
3237	3138	2.528791
3238	3138	2.528791
3239	3136	2.527179
3240	3138	2.528791
3241	3136	2.527179
3242	3138	2.528791
3243	3146	2.535238
3244	3130	2.522344
3245	3144	2.533626
3246	3147	2.536044
3247	3147	2.536044
3248	3147	2.536044
3249	3147	2.536044
3250	3147	2.536044
3251	3160	2.546520
3252	3168	2.552967
3253	3151	2.539267
3254	3170	2.554579
3255	3168	2.552967
3256	3168	2.552967
3257	3160	2.546520
3258	3168	2.552967
3259	3170	2.554579
3260	3147	2.536044
3261	3160	2.546520
3262	3147	2.536044
3263	3151	2.539267
3264	3160	2.546520
3265	3170	2.554579
3266	3168	2.552967
3267	3147	2.536044
3268	3168	2.552967
3269	3151	2.539267
3270	3168	2.552967
3271	3168	2.552967
3272	3151	2.539267
3273	3160	2.546520
3274	3147	2.536044
3275	3171	2.555385
3276	3168	2.552967
3277	3155	2.542491
3278	3151	2.539267
3279	3168	2.552967
3280	3168	2.552967
3281	3168	2.552967
3282	3147	2.536044
3283	3168	2.552967
3284	3168	2.552967
3285	3168	2.552967
3286	3170	2.554579
3287	3147	2.536044
3288	3160	2.546520
3289	3155	2.542491
3290	3168	2.552967
3291	3168	2.552967
3292	3170	2.554579
3293	3170	2.554579
3294	3170	2.554579
3295	3171	2.555385
3296	3170	2.554579
3297	3168	2.552967
3298	3176	2.559414
3299	3171	2.555385
3300	3168	2.552967
3301	3168	2.552967
3302	3147	2.536044
3303	3147	2.536044
3304	3147	2.536044
3305	3147	2.536044
3306	3151	2.539267
3307	3146	2.535238
3308	3151	2.539267
3309	3147	2.536044
3310	3147	2.536044
3311	3147	2.536044
3312	3162	2.548132
3313	3155	2.542491
3314	3147	2.536044
3315	3151	2.539267
3316	3168	2.552967
3317	3160	2.546520
3318	3151	2.539267
3319	3168	2.552967
3320	3151	2.539267
3321	3146	2.535238
3322	3160	2.546520
3323	3147	2.536044
3324	3147	2.536044
3325	3168	2.552967
3326	3147	2.536044
3327	3160	2.546520
3328	3151	2.539267
3329	3151	2.539267
3330	3151	2.539267
3331	3147	2.536044
3332	3155	2.542491
3333	3151	2.539267
3334	3151	2.539267
3335	3147	2.536044
3336	3160	2.546520
3337	3146	2.535238
3338	3146	2.535238
3339	3151	2.539267
3340	3139	2.529597
3341	3147	2.536044
3342	3147	2.536044
3343	3146	2.535238
3344	3139	2.529597
3345	3147	2.536044
3346	3146	2.535238
3347	3151	2.539267
3348	3151	2.539267
3349	3146	2.535238
3350	3162	2.548132
3351	3146	2.535238
3352	3151	2.539267
3353	3168	2.552967
3354	3147	2.536044
3355	3151	2.539267
3356	3160	2.546520
3357	3147	2.536044
3358	3168	2.552967
3359	3170	2.554579
3360	3162	2.548132
3361	3168	2.552967
3362	3160	2.546520
3363	3155	2.542491
3364	3155	2.542491
3365	3160	2.546520
3366	3168	2.552967
3367	3168	2.552967
3368	3151	2.539267
3369	3162	2.548132
3370	3170	2.554579
3371	3151	2.539267
3372	3151	2.539267
3373	3170	2.554579
3374	3170	2.554579
3375	3168	2.552967
3376	3168	2.552967
3377	3168	2.552967
3378	3168	2.552967
3379	3168	2.552967
3380	3168	2.552967
3381	3171	2.555385
3382	3171	2.555385
3383	3170	2.554579
3384	3170	2.554579
3385	3160	2.546520
3386	3170	2.554579
3387	3168	2.552967
3388	3178	2.561026
3389	3168	2.552967
3390	3168	2.552967
3391	3168	2.552967
3392	3160	2.546520
3393	3168	2.552967
3394	3170	2.554579
3395	3151	2.539267
3396	3160	2.546520
3397	3151	2.539267
3398	3171	2.555385
3399	3168	2.552967
3400	3168	2.552967
3401	3168	2.552967
3402	3168	2.552967
3403	3160	2.546520
3404	3168	2.552967
3405	3151	2.539267
3406	3168	2.552967
3407	3160	2.546520
3408	3147	2.536044
3409	3168	2.552967
3410	3160	2.546520
3411	3151	2.539267
3412	3147	2.536044
3413	3147	2.536044
3414	3160	2.546520
3415	3147	2.536044
3416	3160	2.546520
3417	3168	2.552967
3418	3170	2.554579
3419	3162	2.548132
3420	3168	2.552967
3421	3168	2.552967
3422	3168	2.552967
3423	3168	2.552967
3424	3168	2.552967
3425	3168	2.552967
3426	3147	2.536044
3427	3151	2.539267
3428	3168	2.552967
3429	3168	2.552967
3430	3147	2.536044
3431	3147	2.536044
3432	3168	2.552967
3433	3168	2.552967
3434	3170	2.554579
3435	3168	2.552967
3436	3160	2.546520
3437	3147	2.536044
3438	3151	2.539267
3439	3170	2.554579
3440	3168	2.552967
3441	3160	2.546520
3442	3170	2.554579
3443	3168	2.552967
3444	3168	2.552967
3445	3168	2.552967
3446	3170	2.554579
3447	3160	2.546520
3448	3171	2.555385
3449	3168	2.552967
3450	3178	2.561026
3451	3147	2.536044
3452	3170	2.554579
3453	3170	2.554579
3454	3176	2.559414
3455	3160	2.546520
3456	3168	2.552967
3457	3170	2.554579
3458	3168	2.552967
3459	3171	2.555385
3460	3170	2.554579
3461	3168	2.552967
3462	3168	2.552967
3463	3147	2.536044
3464	3147	2.536044
3465	3160	2.546520
3466	3146	2.535238
3467	3146	2.535238
3468	3147	2.536044
3469	3146	2.535238
3470	3139	2.529597
3471	3131	2.523150
3472	3138	2.528791
3473	3151	2.539267
3474	3147	2.536044
3475	3136	2.527179
3476	3147	2.536044
3477	3147	2.536044
3478	3147	2.536044
3479	3146	2.535238
3480	3147	2.536044
3481	3155	2.542491
3482	3151	2.539267
3483	3168	2.552967
3484	3151	2.539267
3485	3151	2.539267
3486	3168	2.552967
3487	3147	2.536044
3488	3171	2.555385
3489	3168	2.552967
3490	3151	2.539267
3491	3147	2.536044
3492	3160	2.546520
3493	3151	2.539267
3494	3146	2.535238
3495	3147	2.536044
3496	3147	2.536044
3497	3151	2.539267
3498	3162	2.548132
3499	3162	2.548132
3500	3168	2.552967
3501	3168	2.552967
3502	3168	2.552967
3503	3160	2.546520
3504	3151	2.539267
3505	3147	2.536044
3506	3168	2.552967
3507	3147	2.536044
3508	3162	2.548132
3509	3168	2.552967
3510	3151	2.539267
3511	3168	2.552967
3512	3168	2.552967
3513	3168	2.552967
3514	3160	2.546520
3515	3168	2.552967
3516	3168	2.552967
3517	3168	2.552967
3518	3155	2.542491
3519	3151	2.539267
3520	3151	2.539267
3521	3160	2.546520
3522	3162	2.548132
3523	3147	2.536044
3524	3168	2.552967
3525	3151	2.539267
3526	3168	2.552967
3527	3160	2.546520
3528	3160	2.546520
3529	3160	2.546520
3530	3147	2.536044
3531	3160	2.546520
3532	3151	2.539267
3533	3147	2.536044
3534	3151	2.539267
3535	3168	2.552967
3536	3168	2.552967
3537	3147	2.536044
3538	3147	2.536044
3539	3151	2.539267
3540	3147	2.536044
3541	3147	2.536044
3542	3147	2.536044
3543	3144	2.533626
3544	3151	2.539267
3545	3146	2.535238
3546	3160	2.546520
3547	3138	2.528791
3548	3147	2.536044
3549	3138	2.528791
3550	3147	2.536044
3551	3139	2.529597
3552	3119	2.513480
3553	3138	2.528791
3554	3139	2.529597
3555	3136	2.527179
3556	3138	2.528791
3557	3136	2.527179
3558	3136	2.527179
3559	3144	2.533626
3560	3139	2.529597
3561	3138	2.528791
3562	3130	2.522344
3563	3138	2.528791
3564	3147	2.536044
3565	3146	2.535238
3566	3144	2.533626
3567	3147	2.536044
3568	3138	2.528791
3569	3139	2.529597
3570	3138	2.528791
3571	3146	2.535238
3572	3144	2.533626
3573	3146	2.535238
3574	3144	2.533626
3575	3146	2.535238
3576	3138	2.528791
3577	3147	2.536044
3578	3147	2.536044
3579	3139	2.529597
3580	3144	2.533626
3581	3144	2.533626
3582	3146	2.535238
3583	3138	2.528791
3584	3144	2.533626
3585	3147	2.536044
3586	3147	2.536044
3587	3151	2.539267
3588	3147	2.536044
3589	3147	2.536044
3590	3147	2.536044
3591	3144	2.533626
3592	3155	2.542491
3593	3147	2.536044
3594	3146	2.535238
3595	3151	2.539267
3596	3168	2.552967
3597	3151	2.539267
3598	3168	2.552967
3599	3168	2.552967
3600	3168	2.552967
3601	3147	2.536044
3602	3160	2.546520
3603	3147	2.536044
3604	3151	2.539267
3605	3168	2.552967
3606	3168	2.552967
3607	3168	2.552967
3608	3170	2.554579
3609	3147	2.536044
3610	3146	2.535238
3611	3147	2.536044
3612	3168	2.552967
3613	3151	2.539267
3614	3160	2.546520
3615	3146	2.535238
3616	3144	2.533626
3617	3144	2.533626
3618	3144	2.533626
3619	3130	2.522344
3620	3136	2.527179
3621	3138	2.528791
3622	3136	2.527179
3623	3139	2.529597
3624	3146	2.535238
3625	3146	2.535238
3626	3138	2.528791
3627	3147	2.536044
3628	3138	2.528791
3629	3144	2.533626
3630	3146	2.535238
3631	3138	2.528791
3632	3136	2.527179
3633	3138	2.528791
3634	3144	2.533626
3635	3138	2.528791
3636	3146	2.535238
3637	3147	2.536044
3638	3146	2.535238
3639	3160	2.546520
3640	3168	2.552967
3641	3160	2.546520
3642	3160	2.546520
3643	3147	2.536044
3644	3170	2.554579
3645	3168	2.552967
3646	3168	2.552967
3647	3176	2.559414
