Pixel	ADC	VoltageV
1	3968	3.197656
2	3968	3.197656
3	3968	3.197656
4	3956	3.187985
5	3958	3.189597
6	3959	3.190403
7	3958	3.189597
8	3956	3.187985
9	3958	3.189597
10	3959	3.190403
11	3956	3.187985
12	3968	3.197656
13	3968	3.197656
14	3968	3.197656
15	3959	3.190403
16	3956	3.187985
17	3508	2.826960
18	3136	2.527179
19	3142	2.532015
20	3142	2.532015
21	3136	2.527179
22	3143	2.532821
23	3140	2.530403
24	3143	2.532821
25	3156	2.543297
26	3136	2.527179
27	3136	2.527179
28	3136	2.527179
29	3140	2.530403
30	3136	2.527179
31	3124	2.517509
32	3120	2.514286
33	3136	2.527179
34	3136	2.527179
35	3140	2.530403
36	3140	2.530403
37	3136	2.527179
38	3136	2.527179
39	3140	2.530403
40	3136	2.527179
41	3136	2.527179
42	3143	2.532821
43	3136	2.527179
44	3127	2.519927
45	3126	2.519121
46	3136	2.527179
47	3136	2.527179
48	3136	2.527179
49	3136	2.527179
50	3136	2.527179
51	3136	2.527179
52	3136	2.527179
53	3136	2.527179
54	3136	2.527179
55	3136	2.527179
56	3124	2.517509
57	3136	2.527179
58	3143	2.532821
59	3140	2.530403
60	3152	2.540073
61	3152	2.540073
62	3152	2.540073
63	3152	2.540073
64	3152	2.540073
65	3156	2.543297
66	3159	2.545714
67	3152	2.540073
68	3152	2.540073
69	3152	2.540073
70	3143	2.532821
71	3156	2.543297
72	3156	2.543297
73	3140	2.530403
74	3140	2.530403
75	3140	2.530403
76	3142	2.532015
77	3140	2.530403
78	3140	2.530403
79	3152	2.540073
80	3142	2.532015
81	3143	2.532821
82	3140	2.530403
83	3126	2.519121
84	3140	2.530403
85	3136	2.527179
86	3136	2.527179
87	3111	2.507033
88	3136	2.527179
89	3120	2.514286
90	3111	2.507033
91	3124	2.517509
92	3108	2.504615
93	3108	2.504615
94	3111	2.507033
95	3120	2.514286
96	3126	2.519121
97	3111	2.507033
98	3111	2.507033
99	3124	2.517509
100	3126	2.519121
101	3120	2.514286
102	3126	2.519121
103	3140	2.530403
104	3136	2.527179
105	3120	2.514286
106	3120	2.514286
107	3111	2.507033
108	3120	2.514286
109	3136	2.527179
110	3136	2.527179
111	3120	2.514286
112	3120	2.514286
113	3127	2.519927
114	3120	2.514286
115	3120	2.514286
116	3126	2.519121
117	3124	2.517509
118	3136	2.527179
119	3120	2.514286
120	3120	2.514286
121	3124	2.517509
122	3140	2.530403
123	3140	2.530403
124	3140	2.530403
125	3136	2.527179
126	3140	2.530403
127	3140	2.530403
128	3140	2.530403
129	3140	2.530403
130	3136	2.527179
131	3126	2.519121
132	3140	2.530403
133	3124	2.517509
134	3124	2.517509
135	3124	2.517509
136	3126	2.519121
137	3136	2.527179
138	3126	2.519121
139	3126	2.519121
140	3126	2.519121
141	3126	2.519121
142	3140	2.530403
143	3126	2.519121
144	3124	2.517509
145	3120	2.514286
146	3120	2.514286
147	3108	2.504615
148	3111	2.507033
149	3124	2.517509
150	3111	2.507033
151	3120	2.514286
152	3124	2.517509
153	3108	2.504615
154	3126	2.519121
155	3120	2.514286
156	3120	2.514286
157	3136	2.527179
158	3136	2.527179
159	3136	2.527179
160	3124	2.517509
161	3124	2.517509
162	3120	2.514286
163	3136	2.527179
164	3140	2.530403
165	3124	2.517509
166	3120	2.514286
167	3124	2.517509
168	3136	2.527179
169	3124	2.517509
170	3136	2.527179
171	3136	2.527179
172	3120	2.514286
173	3108	2.504615
174	3111	2.507033
175	3124	2.517509
176	3127	2.519927
177	3120	2.514286
178	3126	2.519121
179	3120	2.514286
180	3120	2.514286
181	3110	2.506227
182	3111	2.507033
183	3124	2.517509
184	3120	2.514286
185	3102	2.499780
186	3103	2.500586
187	3111	2.507033
188	3100	2.498168
189	3111	2.507033
190	3110	2.506227
191	3110	2.506227
192	3108	2.504615
193	3108	2.504615
194	3126	2.519121
195	3124	2.517509
196	3124	2.517509
197	3136	2.527179
198	3110	2.506227
199	3120	2.514286
200	3120	2.514286
201	3108	2.504615
202	3110	2.506227
203	3110	2.506227
204	3120	2.514286
205	3120	2.514286
206	3120	2.514286
207	3111	2.507033
208	3120	2.514286
209	3111	2.507033
210	3111	2.507033
211	3108	2.504615
212	3108	2.504615
213	3108	2.504615
214	3095	2.494139
215	3111	2.507033
216	3108	2.504615
217	3108	2.504615
218	3092	2.491722
219	3108	2.504615
220	3103	2.500586
221	3108	2.504615
222	3094	2.493333
223	3103	2.500586
224	3108	2.504615
225	3100	2.498168
226	3094	2.493333
227	3095	2.494139
228	3108	2.504615
229	3102	2.499780
230	3088	2.488498
231	3088	2.488498
232	3079	2.481245
233	3092	2.491722
234	3088	2.488498
235	3092	2.491722
236	3095	2.494139
237	3094	2.493333
238	3092	2.491722
239	3078	2.480440
240	3095	2.494139
241	3095	2.494139
242	3079	2.481245
243	3092	2.491722
244	3092	2.491722
245	3088	2.488498
246	3092	2.491722
247	3079	2.481245
248	3088	2.488498
249	3079	2.481245
250	3072	2.475604
251	3079	2.481245
252	3088	2.488498
253	3076	2.478828
254	3088	2.488498
255	3079	2.481245
256	3088	2.488498
257	3088	2.488498
258	3088	2.488498
259	3092	2.491722
260	3092	2.491722
261	3088	2.488498
262	3088	2.488498
263	3102	2.499780
264	3088	2.488498
265	3088	2.488498
266	3088	2.488498
267	3100	2.498168
268	3092	2.491722
269	3103	2.500586
270	3095	2.494139
271	3095	2.494139
272	3108	2.504615
273	3103	2.500586
274	3088	2.488498
275	3095	2.494139
276	3095	2.494139
277	3108	2.504615
278	3110	2.506227
279	3095	2.494139
280	3095	2.494139
281	3095	2.494139
282	3100	2.498168
283	3095	2.494139
284	3094	2.493333
285	3108	2.504615
286	3092	2.491722
287	3088	2.488498
288	3095	2.494139
289	3095	2.494139
290	3100	2.498168
291	3095	2.494139
292	3108	2.504615
293	3100	2.498168
294	3110	2.506227
295	3102	2.499780
296	3102	2.499780
297	3095	2.494139
298	3111	2.507033
299	3111	2.507033
300	3120	2.514286
301	3124	2.517509
302	3120	2.514286
303	3120	2.514286
304	3108	2.504615
305	3124	2.517509
306	3136	2.527179
307	3124	2.517509
308	3136	2.527179
309	3124	2.517509
310	3136	2.527179
311	3126	2.519121
312	3136	2.527179
313	3124	2.517509
314	3136	2.527179
315	3140	2.530403
316	3136	2.527179
317	3111	2.507033
318	3127	2.519927
319	3140	2.530403
320	3140	2.530403
321	3143	2.532821
322	3140	2.530403
323	3124	2.517509
324	3136	2.527179
325	3124	2.517509
326	3126	2.519121
327	3140	2.530403
328	3136	2.527179
329	3140	2.530403
330	3136	2.527179
331	3136	2.527179
332	3111	2.507033
333	3136	2.527179
334	3127	2.519927
335	3120	2.514286
336	3136	2.527179
337	3143	2.532821
338	3140	2.530403
339	3124	2.517509
340	3120	2.514286
341	3120	2.514286
342	3124	2.517509
343	3124	2.517509
344	3136	2.527179
345	3136	2.527179
346	3126	2.519121
347	3136	2.527179
348	3136	2.527179
349	3136	2.527179
350	3140	2.530403
351	3126	2.519121
352	3143	2.532821
353	3143	2.532821
354	3152	2.540073
355	3136	2.527179
356	3124	2.517509
357	3136	2.527179
358	3136	2.527179
359	3136	2.527179
360	3136	2.527179
361	3140	2.530403
362	3143	2.532821
363	3120	2.514286
364	3125	2.518315
365	3140	2.530403
366	3124	2.517509
367	3120	2.514286
368	3120	2.514286
369	3126	2.519121
370	3136	2.527179
371	3140	2.530403
372	3111	2.507033
373	3140	2.530403
374	3111	2.507033
375	3110	2.506227
376	3136	2.527179
377	3127	2.519927
378	3124	2.517509
379	3111	2.507033
380	3124	2.517509
381	3136	2.527179
382	3120	2.514286
383	3124	2.517509
384	3126	2.519121
385	3124	2.517509
386	3120	2.514286
387	3111	2.507033
388	3120	2.514286
389	3126	2.519121
390	3110	2.506227
391	3124	2.517509
392	3127	2.519927
393	3124	2.517509
394	3110	2.506227
395	3111	2.507033
396	3124	2.517509
397	3124	2.517509
398	3124	2.517509
399	3111	2.507033
400	3111	2.507033
401	3120	2.514286
402	3124	2.517509
403	3124	2.517509
404	3120	2.514286
405	3110	2.506227
406	3136	2.527179
407	3136	2.527179
408	3103	2.500586
409	3110	2.506227
410	3120	2.514286
411	3126	2.519121
412	3124	2.517509
413	3120	2.514286
414	3120	2.514286
415	3136	2.527179
416	3136	2.527179
417	3124	2.517509
418	3124	2.517509
419	3136	2.527179
420	3140	2.530403
421	3136	2.527179
422	3136	2.527179
423	3136	2.527179
424	3136	2.527179
425	3136	2.527179
426	3126	2.519121
427	3136	2.527179
428	3140	2.530403
429	3120	2.514286
430	3136	2.527179
431	3136	2.527179
432	3140	2.530403
433	3141	2.531209
434	3140	2.530403
435	3136	2.527179
436	3127	2.519927
437	3136	2.527179
438	3136	2.527179
439	3143	2.532821
440	3140	2.530403
441	3140	2.530403
442	3143	2.532821
443	3143	2.532821
444	3136	2.527179
445	3136	2.527179
446	3140	2.530403
447	3140	2.530403
448	3140	2.530403
449	3156	2.543297
450	3140	2.530403
451	3136	2.527179
452	3136	2.527179
453	3142	2.532015
454	3136	2.527179
455	3140	2.530403
456	3140	2.530403
457	3136	2.527179
458	3136	2.527179
459	3140	2.530403
460	3152	2.540073
461	3140	2.530403
462	3142	2.532015
463	3152	2.540073
464	3140	2.530403
465	3140	2.530403
466	3152	2.540073
467	3152	2.540073
468	3152	2.540073
469	3142	2.532015
470	3136	2.527179
471	3142	2.532015
472	3120	2.514286
473	3142	2.532015
474	3136	2.527179
475	3152	2.540073
476	3126	2.519121
477	3126	2.519121
478	3136	2.527179
479	3136	2.527179
480	3143	2.532821
481	3140	2.530403
482	3136	2.527179
483	3136	2.527179
484	3136	2.527179
485	3140	2.530403
486	3136	2.527179
487	3140	2.530403
488	3124	2.517509
489	3136	2.527179
490	3120	2.514286
491	3136	2.527179
492	3126	2.519121
493	3140	2.530403
494	3124	2.517509
495	3120	2.514286
496	3136	2.527179
497	3120	2.514286
498	3141	2.531209
499	3136	2.527179
500	3136	2.527179
501	3111	2.507033
502	3120	2.514286
503	3108	2.504615
504	3108	2.504615
505	3124	2.517509
506	3126	2.519121
507	3120	2.514286
508	3108	2.504615
509	3108	2.504615
510	3120	2.514286
511	3124	2.517509
512	3124	2.517509
513	3111	2.507033
514	3108	2.504615
515	3111	2.507033
516	3120	2.514286
517	3124	2.517509
518	3124	2.517509
519	3120	2.514286
520	3120	2.514286
521	3124	2.517509
522	3111	2.507033
523	3100	2.498168
524	3120	2.514286
525	3125	2.518315
526	3110	2.506227
527	3124	2.517509
528	3124	2.517509
529	3120	2.514286
530	3124	2.517509
531	3140	2.530403
532	3143	2.532821
533	3140	2.530403
534	3142	2.532015
535	3136	2.527179
536	3136	2.527179
537	3136	2.527179
538	3140	2.530403
539	3140	2.530403
540	3142	2.532015
541	3142	2.532015
542	3143	2.532821
543	3142	2.532015
544	3142	2.532015
545	3156	2.543297
546	3136	2.527179
547	3143	2.532821
548	3136	2.527179
549	3120	2.514286
550	3136	2.527179
551	3142	2.532015
552	3136	2.527179
553	3140	2.530403
554	3136	2.527179
555	3136	2.527179
556	3142	2.532015
557	3140	2.530403
558	3152	2.540073
559	3140	2.530403
560	3140	2.530403
561	3142	2.532015
562	3140	2.530403
563	3142	2.532015
564	3140	2.530403
565	3152	2.540073
566	3136	2.527179
567	3136	2.527179
568	3136	2.527179
569	3136	2.527179
570	3127	2.519927
571	3136	2.527179
572	3136	2.527179
573	3136	2.527179
574	3136	2.527179
575	3136	2.527179
576	3136	2.527179
577	3120	2.514286
578	3136	2.527179
579	3140	2.530403
580	3156	2.543297
581	3142	2.532015
582	3124	2.517509
583	3143	2.532821
584	3136	2.527179
585	3124	2.517509
586	3140	2.530403
587	3142	2.532015
588	3124	2.517509
589	3136	2.527179
590	3136	2.527179
591	3136	2.527179
592	3120	2.514286
593	3140	2.530403
594	3136	2.527179
595	3140	2.530403
596	3140	2.530403
597	3140	2.530403
598	3136	2.527179
599	3140	2.530403
600	3152	2.540073
601	3143	2.532821
602	3140	2.530403
603	3142	2.532015
604	3140	2.530403
605	3136	2.527179
606	3156	2.543297
607	3136	2.527179
608	3136	2.527179
609	3136	2.527179
610	3143	2.532821
611	3140	2.530403
612	3124	2.517509
613	3124	2.517509
614	3124	2.517509
615	3124	2.517509
616	3126	2.519121
617	3126	2.519121
618	3120	2.514286
619	3140	2.530403
620	3136	2.527179
621	3136	2.527179
622	3136	2.527179
623	3140	2.530403
624	3136	2.527179
625	3124	2.517509
626	3140	2.530403
627	3140	2.530403
628	3140	2.530403
629	3136	2.527179
630	3140	2.530403
631	3140	2.530403
632	3140	2.530403
633	3127	2.519927
634	3142	2.532015
635	3142	2.532015
636	3136	2.527179
637	3136	2.527179
638	3143	2.532821
639	3140	2.530403
640	3127	2.519927
641	3120	2.514286
642	3140	2.530403
643	3143	2.532821
644	3140	2.530403
645	3140	2.530403
646	3124	2.517509
647	3140	2.530403
648	3136	2.527179
649	3124	2.517509
650	3136	2.527179
651	3140	2.530403
652	3136	2.527179
653	3136	2.527179
654	3140	2.530403
655	3142	2.532015
656	3156	2.543297
657	3142	2.532015
658	3140	2.530403
659	3142	2.532015
660	3136	2.527179
661	3136	2.527179
662	3136	2.527179
663	3136	2.527179
664	3143	2.532821
665	3140	2.530403
666	3136	2.527179
667	3136	2.527179
668	3127	2.519927
669	3124	2.517509
670	3136	2.527179
671	3111	2.507033
672	3124	2.517509
673	3108	2.504615
674	3111	2.507033
675	3108	2.504615
676	3111	2.507033
677	3095	2.494139
678	3108	2.504615
679	3111	2.507033
680	3111	2.507033
681	3095	2.494139
682	3110	2.506227
683	3108	2.504615
684	3095	2.494139
685	3108	2.504615
686	3100	2.498168
687	3110	2.506227
688	3111	2.507033
689	3120	2.514286
690	3124	2.517509
691	3124	2.517509
692	3124	2.517509
693	3136	2.527179
694	3136	2.527179
695	3136	2.527179
696	3120	2.514286
697	3140	2.530403
698	3136	2.527179
699	3136	2.527179
700	3140	2.530403
701	3136	2.527179
702	3140	2.530403
703	3124	2.517509
704	3124	2.517509
705	3111	2.507033
706	3124	2.517509
707	3108	2.504615
708	3111	2.507033
709	3120	2.514286
710	3110	2.506227
711	3095	2.494139
712	3092	2.491722
713	3095	2.494139
714	3100	2.498168
715	3124	2.517509
716	3095	2.494139
717	3103	2.500586
718	3136	2.527179
719	3136	2.527179
720	3127	2.519927
721	3136	2.527179
722	3120	2.514286
723	3120	2.514286
724	3126	2.519121
725	3124	2.517509
726	3126	2.519121
727	3136	2.527179
728	3124	2.517509
729	3126	2.519121
730	3136	2.527179
731	3136	2.527179
732	3136	2.527179
733	3126	2.519121
734	3120	2.514286
735	3136	2.527179
736	3120	2.514286
737	3124	2.517509
738	3136	2.527179
739	3152	2.540073
740	3127	2.519927
741	3126	2.519121
742	3124	2.517509
743	3120	2.514286
744	3120	2.514286
745	3111	2.507033
746	3136	2.527179
747	3111	2.507033
748	3120	2.514286
749	3126	2.519121
750	3120	2.514286
751	3111	2.507033
752	3111	2.507033
753	3136	2.527179
754	3120	2.514286
755	3111	2.507033
756	3111	2.507033
757	3120	2.514286
758	3120	2.514286
759	3124	2.517509
760	3120	2.514286
761	3136	2.527179
762	3124	2.517509
763	3126	2.519121
764	3136	2.527179
765	3140	2.530403
766	3136	2.527179
767	3136	2.527179
768	3142	2.532015
769	3143	2.532821
770	3136	2.527179
771	3152	2.540073
772	3152	2.540073
773	3142	2.532015
774	3156	2.543297
775	3143	2.532821
776	3152	2.540073
777	3152	2.540073
778	3152	2.540073
779	3156	2.543297
780	3152	2.540073
781	3156	2.543297
782	3156	2.543297
783	3156	2.543297
784	3143	2.532821
785	3156	2.543297
786	3152	2.540073
787	3158	2.544908
788	3152	2.540073
789	3152	2.540073
790	3156	2.543297
791	3159	2.545714
792	3156	2.543297
793	3166	2.551355
794	3158	2.544908
795	3156	2.543297
796	3167	2.552161
797	3152	2.540073
798	3156	2.543297
799	3156	2.543297
800	3156	2.543297
801	3159	2.545714
802	3164	2.549744
803	3158	2.544908
804	3152	2.540073
805	3158	2.544908
806	3156	2.543297
807	3159	2.545714
808	3159	2.545714
809	3159	2.545714
810	3167	2.552161
811	3159	2.545714
812	3159	2.545714
813	3159	2.545714
814	3166	2.551355
815	3152	2.540073
816	3152	2.540073
817	3164	2.549744
818	3156	2.543297
819	3159	2.545714
820	3166	2.551355
821	3158	2.544908
822	3152	2.540073
823	3159	2.545714
824	3166	2.551355
825	3158	2.544908
826	3156	2.543297
827	3159	2.545714
828	3166	2.551355
829	3172	2.556190
830	3172	2.556190
831	3172	2.556190
832	3159	2.545714
833	3166	2.551355
834	3158	2.544908
835	3156	2.543297
836	3164	2.549744
837	3156	2.543297
838	3156	2.543297
839	3159	2.545714
840	3159	2.545714
841	3166	2.551355
842	3159	2.545714
843	3174	2.557802
844	3166	2.551355
845	3166	2.551355
846	3159	2.545714
847	3164	2.549744
848	3159	2.545714
849	3158	2.544908
850	3166	2.551355
851	3152	2.540073
852	3156	2.543297
853	3156	2.543297
854	3152	2.540073
855	3156	2.543297
856	3164	2.549744
857	3159	2.545714
858	3156	2.543297
859	3159	2.545714
860	3164	2.549744
861	3152	2.540073
862	3156	2.543297
863	3156	2.543297
864	3158	2.544908
865	3143	2.532821
866	3158	2.544908
867	3152	2.540073
868	3159	2.545714
869	3156	2.543297
870	3156	2.543297
871	3152	2.540073
872	3158	2.544908
873	3172	2.556190
874	3166	2.551355
875	3159	2.545714
876	3167	2.552161
877	3158	2.544908
878	3164	2.549744
879	3158	2.544908
880	3159	2.545714
881	3158	2.544908
882	3158	2.544908
883	3166	2.551355
884	3158	2.544908
885	3152	2.540073
886	3172	2.556190
887	3156	2.543297
888	3143	2.532821
889	3156	2.543297
890	3143	2.532821
891	3156	2.543297
892	3159	2.545714
893	3142	2.532015
894	3136	2.527179
895	3152	2.540073
896	3152	2.540073
897	3143	2.532821
898	3158	2.544908
899	3152	2.540073
900	3143	2.532821
901	3140	2.530403
902	3140	2.530403
903	3140	2.530403
904	3143	2.532821
905	3140	2.530403
906	3152	2.540073
907	3156	2.543297
908	3156	2.543297
909	3143	2.532821
910	3156	2.543297
911	3159	2.545714
912	3164	2.549744
913	3166	2.551355
914	3159	2.545714
915	3158	2.544908
916	3159	2.545714
917	3164	2.549744
918	3167	2.552161
919	3156	2.543297
920	3159	2.545714
921	3159	2.545714
922	3159	2.545714
923	3156	2.543297
924	3167	2.552161
925	3156	2.543297
926	3159	2.545714
927	3174	2.557802
928	3167	2.552161
929	3159	2.545714
930	3159	2.545714
931	3159	2.545714
932	3152	2.540073
933	3164	2.549744
934	3167	2.552161
935	3172	2.556190
936	3159	2.545714
937	3143	2.532821
938	3156	2.543297
939	3166	2.551355
940	3156	2.543297
941	3172	2.556190
942	3152	2.540073
943	3158	2.544908
944	3159	2.545714
945	3152	2.540073
946	3143	2.532821
947	3158	2.544908
948	3158	2.544908
949	3159	2.545714
950	3158	2.544908
951	3143	2.532821
952	3167	2.552161
953	3143	2.532821
954	3166	2.551355
955	3167	2.552161
956	3159	2.545714
957	3159	2.545714
958	3158	2.544908
959	3172	2.556190
960	3172	2.556190
961	3156	2.543297
962	3167	2.552161
963	3159	2.545714
964	3159	2.545714
965	3156	2.543297
966	3159	2.545714
967	3156	2.543297
968	3158	2.544908
969	3159	2.545714
970	3159	2.545714
971	3156	2.543297
972	3174	2.557802
973	3172	2.556190
974	3158	2.544908
975	3159	2.545714
976	3156	2.543297
977	3152	2.540073
978	3156	2.543297
979	3159	2.545714
980	3159	2.545714
981	3156	2.543297
982	3152	2.540073
983	3158	2.544908
984	3156	2.543297
985	3159	2.545714
986	3158	2.544908
987	3142	2.532015
988	3156	2.543297
989	3156	2.543297
990	3158	2.544908
991	3156	2.543297
992	3159	2.545714
993	3152	2.540073
994	3143	2.532821
995	3156	2.543297
996	3158	2.544908
997	3143	2.532821
998	3156	2.543297
999	3152	2.540073
1000	3156	2.543297
1001	3152	2.540073
1002	3159	2.545714
1003	3156	2.543297
1004	3152	2.540073
1005	3140	2.530403
1006	3156	2.543297
1007	3156	2.543297
1008	3152	2.540073
1009	3140	2.530403
1010	3140	2.530403
1011	3143	2.532821
1012	3143	2.532821
1013	3152	2.540073
1014	3152	2.540073
1015	3143	2.532821
1016	3156	2.543297
1017	3143	2.532821
1018	3156	2.543297
1019	3156	2.543297
1020	3156	2.543297
1021	3156	2.543297
1022	3142	2.532015
1023	3152	2.540073
1024	3136	2.527179
1025	3124	2.517509
1026	3110	2.506227
1027	3111	2.507033
1028	3110	2.506227
1029	3108	2.504615
1030	3095	2.494139
1031	3111	2.507033
1032	3095	2.494139
1033	3095	2.494139
1034	3095	2.494139
1035	3102	2.499780
1036	3094	2.493333
1037	3088	2.488498
1038	3076	2.478828
1039	3088	2.488498
1040	3076	2.478828
1041	3092	2.491722
1042	3078	2.480440
1043	3072	2.475604
1044	3072	2.475604
1045	3072	2.475604
1046	3044	2.453040
1047	3030	2.441758
1048	3039	2.449011
1049	3028	2.440147
1050	3014	2.428864
1051	3008	2.424029
1052	2974	2.396630
1053	2975	2.397436
1054	2983	2.403883
1055	2996	2.414359
1056	2992	2.411136
1057	2975	2.397436
1058	2983	2.403883
1059	2983	2.403883
1060	2996	2.414359
1061	2983	2.403883
1062	2992	2.411136
1063	2996	2.414359
1064	2975	2.397436
1065	2983	2.403883
1066	3008	2.424029
1067	2996	2.414359
1068	3008	2.424029
1069	2998	2.415971
1070	3012	2.427253
1071	2992	2.411136
1072	3008	2.424029
1073	2992	2.411136
1074	2992	2.411136
1075	2996	2.414359
1076	3008	2.424029
1077	3008	2.424029
1078	3008	2.424029
1079	3008	2.424029
1080	3028	2.440147
1081	3028	2.440147
1082	3024	2.436923
1083	3012	2.427253
1084	3015	2.429670
1085	3015	2.429670
1086	3030	2.441758
1087	3039	2.449011
1088	3030	2.441758
1089	3031	2.442564
1090	3031	2.442564
1091	3031	2.442564
1092	3039	2.449011
1093	3044	2.453040
1094	3038	2.448205
1095	3046	2.454652
1096	3039	2.449011
1097	3031	2.442564
1098	3031	2.442564
1099	3028	2.440147
1100	3015	2.429670
1101	3028	2.440147
1102	3044	2.453040
1103	3015	2.429670
1104	3015	2.429670
1105	3008	2.424029
1106	3008	2.424029
1107	2996	2.414359
1108	2992	2.411136
1109	2967	2.390989
1110	2980	2.401465
1111	2982	2.403077
1112	2983	2.403883
1113	2983	2.403883
1114	2974	2.396630
1115	2951	2.378095
1116	2966	2.390183
1117	2967	2.390989
1118	2951	2.378095
1119	2932	2.362784
1120	2919	2.352308
1121	2951	2.378095
1122	2980	2.401465
1123	2951	2.378095
1124	2944	2.372454
1125	2944	2.372454
1126	2928	2.359560
1127	2928	2.359560
1128	2911	2.345861
1129	2903	2.339414
1130	2928	2.359560
1131	2900	2.336996
1132	2944	2.372454
1133	2928	2.359560
1134	2887	2.326520
1135	2880	2.320879
1136	2887	2.326520
1137	2900	2.336996
1138	2908	2.343443
1139	2916	2.349890
1140	2903	2.339414
1141	2910	2.345055
1142	2896	2.333773
1143	2855	2.300733
1144	2855	2.300733
1145	2853	2.299121
1146	2847	2.294286
1147	2839	2.287839
1148	2868	2.311209
1149	2871	2.313626
1150	2855	2.300733
1151	2870	2.312821
1152	2910	2.345055
1153	2932	2.362784
1154	2975	2.397436
1155	2967	2.390989
1156	3008	2.424029
1157	3024	2.436923
1158	3044	2.453040
1159	3047	2.455458
1160	3076	2.478828
1161	3079	2.481245
1162	3094	2.493333
1163	3094	2.493333
1164	3094	2.493333
1165	3120	2.514286
1166	3100	2.498168
1167	3100	2.498168
1168	3108	2.504615
1169	3136	2.527179
1170	3120	2.514286
1171	3124	2.517509
1172	3120	2.514286
1173	3120	2.514286
1174	3124	2.517509
1175	3124	2.517509
1176	3136	2.527179
1177	3120	2.514286
1178	3120	2.514286
1179	3120	2.514286
1180	3120	2.514286
1181	3140	2.530403
1182	3136	2.527179
1183	3140	2.530403
1184	3136	2.527179
1185	3136	2.527179
1186	3136	2.527179
1187	3136	2.527179
1188	3140	2.530403
1189	3140	2.530403
1190	3152	2.540073
1191	3136	2.527179
1192	3152	2.540073
1193	3143	2.532821
1194	3142	2.532015
1195	3143	2.532821
1196	3143	2.532821
1197	3141	2.531209
1198	3143	2.532821
1199	3136	2.527179
1200	3136	2.527179
1201	3140	2.530403
1202	3127	2.519927
1203	3136	2.527179
1204	3136	2.527179
1205	3120	2.514286
1206	3124	2.517509
1207	3126	2.519121
1208	3126	2.519121
1209	3124	2.517509
1210	3126	2.519121
1211	3136	2.527179
1212	3136	2.527179
1213	3140	2.530403
1214	3140	2.530403
1215	3143	2.532821
1216	3142	2.532015
1217	3140	2.530403
1218	3140	2.530403
1219	3140	2.530403
1220	3143	2.532821
1221	3156	2.543297
1222	3140	2.530403
1223	3136	2.527179
1224	3140	2.530403
1225	3136	2.527179
1226	3152	2.540073
1227	3152	2.540073
1228	3152	2.540073
1229	3140	2.530403
1230	3140	2.530403
1231	3156	2.543297
1232	3143	2.532821
1233	3143	2.532821
1234	3143	2.532821
1235	3143	2.532821
1236	3152	2.540073
1237	3152	2.540073
1238	3143	2.532821
1239	3152	2.540073
1240	3142	2.532015
1241	3152	2.540073
1242	3143	2.532821
1243	3143	2.532821
1244	3140	2.530403
1245	3142	2.532015
1246	3143	2.532821
1247	3152	2.540073
1248	3156	2.543297
1249	3143	2.532821
1250	3156	2.543297
1251	3143	2.532821
1252	3140	2.530403
1253	3152	2.540073
1254	3143	2.532821
1255	3143	2.532821
1256	3156	2.543297
1257	3136	2.527179
1258	3136	2.527179
1259	3136	2.527179
1260	3143	2.532821
1261	3136	2.527179
1262	3156	2.543297
1263	3140	2.530403
1264	3140	2.530403
1265	3156	2.543297
1266	3143	2.532821
1267	3136	2.527179
1268	3140	2.530403
1269	3136	2.527179
1270	3136	2.527179
1271	3136	2.527179
1272	3152	2.540073
1273	3156	2.543297
1274	3143	2.532821
1275	3143	2.532821
1276	3143	2.532821
1277	3142	2.532015
1278	3143	2.532821
1279	3152	2.540073
1280	3143	2.532821
1281	3143	2.532821
1282	3152	2.540073
1283	3136	2.527179
1284	3156	2.543297
1285	3142	2.532015
1286	3136	2.527179
1287	3142	2.532015
1288	3140	2.530403
1289	3140	2.530403
1290	3136	2.527179
1291	3136	2.527179
1292	3136	2.527179
1293	3136	2.527179
1294	3136	2.527179
1295	3136	2.527179
1296	3152	2.540073
1297	3143	2.532821
1298	3152	2.540073
1299	3136	2.527179
1300	3143	2.532821
1301	3152	2.540073
1302	3156	2.543297
1303	3143	2.532821
1304	3159	2.545714
1305	3152	2.540073
1306	3152	2.540073
1307	3156	2.543297
1308	3143	2.532821
1309	3143	2.532821
1310	3164	2.549744
1311	3152	2.540073
1312	3152	2.540073
1313	3152	2.540073
1314	3152	2.540073
1315	3152	2.540073
1316	3158	2.544908
1317	3143	2.532821
1318	3156	2.543297
1319	3159	2.545714
1320	3143	2.532821
1321	3156	2.543297
1322	3143	2.532821
1323	3158	2.544908
1324	3152	2.540073
1325	3152	2.540073
1326	3136	2.527179
1327	3142	2.532015
1328	3140	2.530403
1329	3136	2.527179
1330	3126	2.519121
1331	3124	2.517509
1332	3124	2.517509
1333	3120	2.514286
1334	3136	2.527179
1335	3140	2.530403
1336	3127	2.519927
1337	3136	2.527179
1338	3136	2.527179
1339	3136	2.527179
1340	3136	2.527179
1341	3136	2.527179
1342	3142	2.532015
1343	3143	2.532821
1344	3136	2.527179
1345	3140	2.530403
1346	3142	2.532015
1347	3136	2.527179
1348	3136	2.527179
1349	3136	2.527179
1350	3136	2.527179
1351	3143	2.532821
1352	3136	2.527179
1353	3140	2.530403
1354	3142	2.532015
1355	3136	2.527179
1356	3136	2.527179
1357	3136	2.527179
1358	3136	2.527179
1359	3152	2.540073
1360	3152	2.540073
1361	3136	2.527179
1362	3156	2.543297
1363	3152	2.540073
1364	3152	2.540073
1365	3140	2.530403
1366	3152	2.540073
1367	3142	2.532015
1368	3143	2.532821
1369	3152	2.540073
1370	3152	2.540073
1371	3143	2.532821
1372	3156	2.543297
1373	3156	2.543297
1374	3142	2.532015
1375	3140	2.530403
1376	3140	2.530403
1377	3143	2.532821
1378	3140	2.530403
1379	3152	2.540073
1380	3143	2.532821
1381	3136	2.527179
1382	3140	2.530403
1383	3136	2.527179
1384	3136	2.527179
1385	3143	2.532821
1386	3142	2.532015
1387	3140	2.530403
1388	3140	2.530403
1389	3142	2.532015
1390	3140	2.530403
1391	3140	2.530403
1392	3152	2.540073
1393	3140	2.530403
1394	3140	2.530403
1395	3152	2.540073
1396	3152	2.540073
1397	3152	2.540073
1398	3152	2.540073
1399	3156	2.543297
1400	3143	2.532821
1401	3142	2.532015
1402	3152	2.540073
1403	3152	2.540073
1404	3156	2.543297
1405	3159	2.545714
1406	3156	2.543297
1407	3156	2.543297
1408	3156	2.543297
1409	3158	2.544908
1410	3156	2.543297
1411	3152	2.540073
1412	3159	2.545714
1413	3143	2.532821
1414	3156	2.543297
1415	3158	2.544908
1416	3158	2.544908
1417	3152	2.540073
1418	3152	2.540073
1419	3159	2.545714
1420	3152	2.540073
1421	3140	2.530403
1422	3143	2.532821
1423	3156	2.543297
1424	3159	2.545714
1425	3152	2.540073
1426	3159	2.545714
1427	3152	2.540073
1428	3143	2.532821
1429	3140	2.530403
1430	3152	2.540073
1431	3143	2.532821
1432	3142	2.532015
1433	3152	2.540073
1434	3140	2.530403
1435	3140	2.530403
1436	3152	2.540073
1437	3143	2.532821
1438	3140	2.530403
1439	3142	2.532015
1440	3140	2.530403
1441	3143	2.532821
1442	3142	2.532015
1443	3140	2.530403
1444	3136	2.527179
1445	3140	2.530403
1446	3143	2.532821
1447	3142	2.532015
1448	3143	2.532821
1449	3152	2.540073
1450	3143	2.532821
1451	3140	2.530403
1452	3136	2.527179
1453	3152	2.540073
1454	3152	2.540073
1455	3156	2.543297
1456	3140	2.530403
1457	3152	2.540073
1458	3152	2.540073
1459	3140	2.530403
1460	3140	2.530403
1461	3140	2.530403
1462	3159	2.545714
1463	3143	2.532821
1464	3152	2.540073
1465	3156	2.543297
1466	3156	2.543297
1467	3156	2.543297
1468	3152	2.540073
1469	3140	2.530403
1470	3136	2.527179
1471	3136	2.527179
1472	3136	2.527179
1473	3111	2.507033
1474	3140	2.530403
1475	3136	2.527179
1476	3124	2.517509
1477	3126	2.519121
1478	3120	2.514286
1479	3124	2.517509
1480	3120	2.514286
1481	3136	2.527179
1482	3136	2.527179
1483	3126	2.519121
1484	3124	2.517509
1485	3136	2.527179
1486	3124	2.517509
1487	3140	2.530403
1488	3136	2.527179
1489	3126	2.519121
1490	3136	2.527179
1491	3140	2.530403
1492	3124	2.517509
1493	3140	2.530403
1494	3120	2.514286
1495	3136	2.527179
1496	3143	2.532821
1497	3126	2.519121
1498	3142	2.532015
1499	3152	2.540073
1500	3143	2.532821
1501	3142	2.532015
1502	3143	2.532821
1503	3152	2.540073
1504	3142	2.532015
1505	3136	2.527179
1506	3140	2.530403
1507	3140	2.530403
1508	3136	2.527179
1509	3136	2.527179
1510	3127	2.519927
1511	3136	2.527179
1512	3140	2.530403
1513	3152	2.540073
1514	3142	2.532015
1515	3136	2.527179
1516	3136	2.527179
1517	3136	2.527179
1518	3124	2.517509
1519	3140	2.530403
1520	3140	2.530403
1521	3120	2.514286
1522	3124	2.517509
1523	3136	2.527179
1524	3127	2.519927
1525	3127	2.519927
1526	3136	2.527179
1527	3120	2.514286
1528	3136	2.527179
1529	3136	2.527179
1530	3136	2.527179
1531	3136	2.527179
1532	3124	2.517509
1533	3140	2.530403
1534	3143	2.532821
1535	3140	2.530403
1536	3140	2.530403
1537	3136	2.527179
1538	3140	2.530403
1539	3140	2.530403
1540	3143	2.532821
1541	3142	2.532015
1542	3136	2.527179
1543	3152	2.540073
1544	3142	2.532015
1545	3143	2.532821
1546	3140	2.530403
1547	3140	2.530403
1548	3143	2.532821
1549	3140	2.530403
1550	3143	2.532821
1551	3142	2.532015
1552	3136	2.527179
1553	3136	2.527179
1554	3136	2.527179
1555	3126	2.519121
1556	3140	2.530403
1557	3124	2.517509
1558	3136	2.527179
1559	3136	2.527179
1560	3136	2.527179
1561	3124	2.517509
1562	3124	2.517509
1563	3124	2.517509
1564	3124	2.517509
1565	3136	2.527179
1566	3136	2.527179
1567	3136	2.527179
1568	3136	2.527179
1569	3111	2.507033
1570	3136	2.527179
1571	3120	2.514286
1572	3136	2.527179
1573	3136	2.527179
1574	3136	2.527179
1575	3142	2.532015
1576	3136	2.527179
1577	3142	2.532015
1578	3136	2.527179
1579	3136	2.527179
1580	3143	2.532821
1581	3152	2.540073
1582	3140	2.530403
1583	3142	2.532015
1584	3143	2.532821
1585	3152	2.540073
1586	3152	2.540073
1587	3152	2.540073
1588	3143	2.532821
1589	3156	2.543297
1590	3156	2.543297
1591	3140	2.530403
1592	3143	2.532821
1593	3152	2.540073
1594	3152	2.540073
1595	3142	2.532015
1596	3152	2.540073
1597	3152	2.540073
1598	3152	2.540073
1599	3152	2.540073
1600	3143	2.532821
1601	3142	2.532015
1602	3164	2.549744
1603	3143	2.532821
1604	3143	2.532821
1605	3152	2.540073
1606	3156	2.543297
1607	3143	2.532821
1608	3158	2.544908
1609	3156	2.543297
1610	3152	2.540073
1611	3136	2.527179
1612	3152	2.540073
1613	3140	2.530403
1614	3136	2.527179
1615	3136	2.527179
1616	3136	2.527179
1617	3142	2.532015
1618	3143	2.532821
1619	3136	2.527179
1620	3136	2.527179
1621	3140	2.530403
1622	3136	2.527179
1623	3140	2.530403
1624	3136	2.527179
1625	3140	2.530403
1626	3136	2.527179
1627	3140	2.530403
1628	3140	2.530403
1629	3140	2.530403
1630	3140	2.530403
1631	3136	2.527179
1632	3136	2.527179
1633	3143	2.532821
1634	3136	2.527179
1635	3136	2.527179
1636	3142	2.532015
1637	3140	2.530403
1638	3136	2.527179
1639	3136	2.527179
1640	3143	2.532821
1641	3140	2.530403
1642	3152	2.540073
1643	3127	2.519927
1644	3156	2.543297
1645	3152	2.540073
1646	3156	2.543297
1647	3143	2.532821
1648	3156	2.543297
1649	3142	2.532015
1650	3152	2.540073
1651	3152	2.540073
1652	3143	2.532821
1653	3152	2.540073
1654	3152	2.540073
1655	3140	2.530403
1656	3143	2.532821
1657	3143	2.532821
1658	3156	2.543297
1659	3140	2.530403
1660	3143	2.532821
1661	3143	2.532821
1662	3143	2.532821
1663	3143	2.532821
1664	3136	2.527179
1665	3140	2.530403
1666	3140	2.530403
1667	3140	2.530403
1668	3136	2.527179
1669	3127	2.519927
1670	3136	2.527179
1671	3140	2.530403
1672	3136	2.527179
1673	3140	2.530403
1674	3142	2.532015
1675	3140	2.530403
1676	3143	2.532821
1677	3136	2.527179
1678	3140	2.530403
1679	3143	2.532821
1680	3152	2.540073
1681	3140	2.530403
1682	3140	2.530403
1683	3140	2.530403
1684	3124	2.517509
1685	3136	2.527179
1686	3136	2.527179
1687	3124	2.517509
1688	3127	2.519927
1689	3120	2.514286
1690	3136	2.527179
1691	3111	2.507033
1692	3124	2.517509
1693	3136	2.527179
1694	3136	2.527179
1695	3136	2.527179
1696	3136	2.527179
1697	3142	2.532015
1698	3142	2.532015
1699	3140	2.530403
1700	3152	2.540073
1701	3136	2.527179
1702	3142	2.532015
1703	3140	2.530403
1704	3136	2.527179
1705	3136	2.527179
1706	3136	2.527179
1707	3136	2.527179
1708	3136	2.527179
1709	3140	2.530403
1710	3140	2.530403
1711	3136	2.527179
1712	3136	2.527179
1713	3143	2.532821
1714	3142	2.532015
1715	3136	2.527179
1716	3136	2.527179
1717	3136	2.527179
1718	3120	2.514286
1719	3124	2.517509
1720	3127	2.519927
1721	3124	2.517509
1722	3136	2.527179
1723	3124	2.517509
1724	3120	2.514286
1725	3120	2.514286
1726	3124	2.517509
1727	3126	2.519121
1728	3136	2.527179
1729	3124	2.517509
1730	3143	2.532821
1731	3136	2.527179
1732	3136	2.527179
1733	3124	2.517509
1734	3140	2.530403
1735	3125	2.518315
1736	3136	2.527179
1737	3140	2.530403
1738	3124	2.517509
1739	3136	2.527179
1740	3136	2.527179
1741	3136	2.527179
1742	3124	2.517509
1743	3140	2.530403
1744	3126	2.519121
1745	3111	2.507033
1746	3124	2.517509
1747	3120	2.514286
1748	3127	2.519927
1749	3120	2.514286
1750	3120	2.514286
1751	3120	2.514286
1752	3124	2.517509
1753	3120	2.514286
1754	3124	2.517509
1755	3124	2.517509
1756	3124	2.517509
1757	3124	2.517509
1758	3120	2.514286
1759	3111	2.507033
1760	3120	2.514286
1761	3124	2.517509
1762	3124	2.517509
1763	3111	2.507033
1764	3108	2.504615
1765	3120	2.514286
1766	3111	2.507033
1767	3102	2.499780
1768	3110	2.506227
1769	3111	2.507033
1770	3124	2.517509
1771	3110	2.506227
1772	3120	2.514286
1773	3111	2.507033
1774	3136	2.527179
1775	3124	2.517509
1776	3124	2.517509
1777	3120	2.514286
1778	3124	2.517509
1779	3136	2.527179
1780	3124	2.517509
1781	3124	2.517509
1782	3124	2.517509
1783	3110	2.506227
1784	3108	2.504615
1785	3108	2.504615
1786	3111	2.507033
1787	3110	2.506227
1788	3108	2.504615
1789	3092	2.491722
1790	3108	2.504615
1791	3103	2.500586
1792	3100	2.498168
1793	3095	2.494139
1794	3120	2.514286
1795	3120	2.514286
1796	3108	2.504615
1797	3108	2.504615
1798	3120	2.514286
1799	3111	2.507033
1800	3124	2.517509
1801	3120	2.514286
1802	3120	2.514286
1803	3124	2.517509
1804	3103	2.500586
1805	3103	2.500586
1806	3120	2.514286
1807	3100	2.498168
1808	3095	2.494139
1809	3110	2.506227
1810	3103	2.500586
1811	3095	2.494139
1812	3108	2.504615
1813	3095	2.494139
1814	3095	2.494139
1815	3079	2.481245
1816	3079	2.481245
1817	3094	2.493333
1818	3076	2.478828
1819	3072	2.475604
1820	3076	2.478828
1821	3072	2.475604
1822	3072	2.475604
1823	3072	2.475604
1824	3076	2.478828
1825	3079	2.481245
1826	3095	2.494139
1827	3079	2.481245
1828	3095	2.494139
1829	3095	2.494139
1830	3095	2.494139
1831	3111	2.507033
1832	3094	2.493333
1833	3095	2.494139
1834	3102	2.499780
1835	3111	2.507033
1836	3103	2.500586
1837	3108	2.504615
1838	3095	2.494139
1839	3088	2.488498
1840	3076	2.478828
1841	3084	2.485275
1842	3092	2.491722
1843	3088	2.488498
1844	3095	2.494139
1845	3088	2.488498
1846	3079	2.481245
1847	3094	2.493333
1848	3095	2.494139
1849	3095	2.494139
1850	3095	2.494139
1851	3092	2.491722
1852	3092	2.491722
1853	3078	2.480440
1854	3092	2.491722
1855	3078	2.480440
1856	3076	2.478828
1857	3072	2.475604
1858	3072	2.475604
1859	3072	2.475604
1860	3072	2.475604
1861	3072	2.475604
1862	3072	2.475604
1863	3072	2.475604
1864	3072	2.475604
1865	3072	2.475604
1866	3072	2.475604
1867	3072	2.475604
1868	3092	2.491722
1869	3088	2.488498
1870	3095	2.494139
1871	3095	2.494139
1872	3095	2.494139
1873	3092	2.491722
1874	3092	2.491722
1875	3079	2.481245
1876	3079	2.481245
1877	3088	2.488498
1878	3092	2.491722
1879	3095	2.494139
1880	3092	2.491722
1881	3079	2.481245
1882	3076	2.478828
1883	3079	2.481245
1884	3088	2.488498
1885	3076	2.478828
1886	3079	2.481245
1887	3072	2.475604
1888	3079	2.481245
1889	3072	2.475604
1890	3072	2.475604
1891	3039	2.449011
1892	3038	2.448205
1893	3046	2.454652
1894	3046	2.454652
1895	3038	2.448205
1896	3072	2.475604
1897	3047	2.455458
1898	3072	2.475604
1899	3072	2.475604
1900	3088	2.488498
1901	3076	2.478828
1902	3092	2.491722
1903	3094	2.493333
1904	3094	2.493333
1905	3094	2.493333
1906	3092	2.491722
1907	3079	2.481245
1908	3079	2.481245
1909	3079	2.481245
1910	3076	2.478828
1911	3079	2.481245
1912	3092	2.491722
1913	3110	2.506227
1914	3108	2.504615
1915	3094	2.493333
1916	3103	2.500586
1917	3110	2.506227
1918	3095	2.494139
1919	3094	2.493333
1920	3103	2.500586
1921	3108	2.504615
1922	3095	2.494139
1923	3111	2.507033
1924	3100	2.498168
1925	3095	2.494139
1926	3092	2.491722
1927	3094	2.493333
1928	3088	2.488498
1929	3076	2.478828
1930	3094	2.493333
1931	3094	2.493333
1932	3092	2.491722
1933	3072	2.475604
1934	3072	2.475604
1935	3072	2.475604
1936	3072	2.475604
1937	3072	2.475604
1938	3072	2.475604
1939	3076	2.478828
1940	3072	2.475604
1941	3072	2.475604
1942	3076	2.478828
1943	3072	2.475604
1944	3072	2.475604
1945	3072	2.475604
1946	3072	2.475604
1947	3072	2.475604
1948	3072	2.475604
1949	3072	2.475604
1950	3072	2.475604
1951	3072	2.475604
1952	3072	2.475604
1953	3072	2.475604
1954	3077	2.479634
1955	3092	2.491722
1956	3076	2.478828
1957	3076	2.478828
1958	3088	2.488498
1959	3076	2.478828
1960	3093	2.492527
1961	3079	2.481245
1962	3092	2.491722
1963	3092	2.491722
1964	3093	2.492527
1965	3088	2.488498
1966	3079	2.481245
1967	3092	2.491722
1968	3088	2.488498
1969	3079	2.481245
1970	3072	2.475604
1971	3072	2.475604
1972	3072	2.475604
1973	3072	2.475604
1974	3072	2.475604
1975	3072	2.475604
1976	3072	2.475604
1977	3072	2.475604
1978	3072	2.475604
1979	3072	2.475604
1980	3072	2.475604
1981	3072	2.475604
1982	3076	2.478828
1983	3072	2.475604
1984	3072	2.475604
1985	3072	2.475604
1986	3072	2.475604
1987	3072	2.475604
1988	3047	2.455458
1989	3044	2.453040
1990	3028	2.440147
1991	3028	2.440147
1992	3038	2.448205
1993	3044	2.453040
1994	3044	2.453040
1995	3072	2.475604
1996	3072	2.475604
1997	3072	2.475604
1998	3072	2.475604
1999	3046	2.454652
2000	3072	2.475604
2001	3072	2.475604
2002	3072	2.475604
2003	3072	2.475604
2004	3072	2.475604
2005	3044	2.453040
2006	3076	2.478828
2007	3072	2.475604
2008	3072	2.475604
2009	3072	2.475604
2010	3088	2.488498
2011	3079	2.481245
2012	3076	2.478828
2013	3076	2.478828
2014	3076	2.478828
2015	3088	2.488498
2016	3092	2.491722
2017	3079	2.481245
2018	3076	2.478828
2019	3072	2.475604
2020	3078	2.480440
2021	3076	2.478828
2022	3072	2.475604
2023	3072	2.475604
2024	3095	2.494139
2025	3076	2.478828
2026	3076	2.478828
2027	3072	2.475604
2028	3072	2.475604
2029	3079	2.481245
2030	3072	2.475604
2031	3076	2.478828
2032	3079	2.481245
2033	3072	2.475604
2034	3072	2.475604
2035	3079	2.481245
2036	3078	2.480440
2037	3072	2.475604
2038	3072	2.475604
2039	3072	2.475604
2040	3076	2.478828
2041	3072	2.475604
2042	3078	2.480440
2043	3072	2.475604
2044	3088	2.488498
2045	3093	2.492527
2046	3103	2.500586
2047	3095	2.494139
2048	3092	2.491722
2049	3095	2.494139
2050	3092	2.491722
2051	3072	2.475604
2052	3088	2.488498
2053	3088	2.488498
2054	3088	2.488498
2055	3079	2.481245
2056	3088	2.488498
2057	3092	2.491722
2058	3092	2.491722
2059	3092	2.491722
2060	3088	2.488498
2061	3088	2.488498
2062	3092	2.491722
2063	3088	2.488498
2064	3088	2.488498
2065	3079	2.481245
2066	3088	2.488498
2067	3076	2.478828
2068	3095	2.494139
2069	3092	2.491722
2070	3076	2.478828
2071	3072	2.475604
2072	3078	2.480440
2073	3076	2.478828
2074	3072	2.475604
2075	3072	2.475604
2076	3072	2.475604
2077	3072	2.475604
2078	3047	2.455458
2079	3072	2.475604
2080	3072	2.475604
2081	3088	2.488498
2082	3088	2.488498
2083	3079	2.481245
2084	3072	2.475604
2085	3072	2.475604
2086	3072	2.475604
2087	3076	2.478828
2088	3079	2.481245
2089	3078	2.480440
2090	3088	2.488498
2091	3079	2.481245
2092	3072	2.475604
2093	3072	2.475604
2094	3044	2.453040
2095	3044	2.453040
2096	3036	2.446593
2097	3038	2.448205
2098	3072	2.475604
2099	3036	2.446593
2100	3030	2.441758
2101	3028	2.440147
2102	3044	2.453040
2103	3072	2.475604
2104	3072	2.475604
2105	3076	2.478828
2106	3092	2.491722
2107	3088	2.488498
2108	3079	2.481245
2109	3072	2.475604
2110	3072	2.475604
2111	3047	2.455458
2112	3072	2.475604
2113	3072	2.475604
2114	3072	2.475604
2115	3076	2.478828
2116	3076	2.478828
2117	3076	2.478828
2118	3078	2.480440
2119	3088	2.488498
2120	3088	2.488498
2121	3088	2.488498
2122	3088	2.488498
2123	3088	2.488498
2124	3076	2.478828
2125	3088	2.488498
2126	3072	2.475604
2127	3072	2.475604
2128	3072	2.475604
2129	3088	2.488498
2130	3088	2.488498
2131	3088	2.488498
2132	3079	2.481245
2133	3079	2.481245
2134	3078	2.480440
2135	3088	2.488498
2136	3102	2.499780
2137	3095	2.494139
2138	3102	2.499780
2139	3092	2.491722
2140	3095	2.494139
2141	3088	2.488498
2142	3108	2.504615
2143	3102	2.499780
2144	3111	2.507033
2145	3108	2.504615
2146	3092	2.491722
2147	3108	2.504615
2148	3108	2.504615
2149	3108	2.504615
2150	3100	2.498168
2151	3094	2.493333
2152	3094	2.493333
2153	3088	2.488498
2154	3088	2.488498
2155	3094	2.493333
2156	3079	2.481245
2157	3072	2.475604
2158	3072	2.475604
2159	3072	2.475604
2160	3072	2.475604
2161	3076	2.478828
2162	3072	2.475604
2163	3088	2.488498
2164	3092	2.491722
2165	3092	2.491722
2166	3092	2.491722
2167	3095	2.494139
2168	3092	2.491722
2169	3092	2.491722
2170	3072	2.475604
2171	3092	2.491722
2172	3088	2.488498
2173	3076	2.478828
2174	3076	2.478828
2175	3044	2.453040
2176	3072	2.475604
2177	3072	2.475604
2178	3072	2.475604
2179	3072	2.475604
2180	3072	2.475604
2181	3072	2.475604
2182	3044	2.453040
2183	3046	2.454652
2184	3072	2.475604
2185	3072	2.475604
2186	3072	2.475604
2187	3038	2.448205
2188	3072	2.475604
2189	3076	2.478828
2190	3079	2.481245
2191	3088	2.488498
2192	3092	2.491722
2193	3076	2.478828
2194	3078	2.480440
2195	3078	2.480440
2196	3072	2.475604
2197	3072	2.475604
2198	3092	2.491722
2199	3079	2.481245
2200	3088	2.488498
2201	3092	2.491722
2202	3078	2.480440
2203	3076	2.478828
2204	3072	2.475604
2205	3072	2.475604
2206	3076	2.478828
2207	3072	2.475604
2208	3076	2.478828
2209	3072	2.475604
2210	3072	2.475604
2211	3072	2.475604
2212	3079	2.481245
2213	3072	2.475604
2214	3079	2.481245
2215	3072	2.475604
2216	3047	2.455458
2217	3046	2.454652
2218	3039	2.449011
2219	3047	2.455458
2220	3072	2.475604
2221	3072	2.475604
2222	3072	2.475604
2223	3047	2.455458
2224	3072	2.475604
2225	3072	2.475604
2226	3076	2.478828
2227	3076	2.478828
2228	3088	2.488498
2229	3088	2.488498
2230	3079	2.481245
2231	3088	2.488498
2232	3076	2.478828
2233	3076	2.478828
2234	3088	2.488498
2235	3072	2.475604
2236	3088	2.488498
2237	3072	2.475604
2238	3076	2.478828
2239	3072	2.475604
2240	3079	2.481245
2241	3092	2.491722
2242	3079	2.481245
2243	3079	2.481245
2244	3078	2.480440
2245	3072	2.475604
2246	3072	2.475604
2247	3072	2.475604
2248	3072	2.475604
2249	3072	2.475604
2250	3072	2.475604
2251	3072	2.475604
2252	3072	2.475604
2253	3072	2.475604
2254	3072	2.475604
2255	3076	2.478828
2256	3079	2.481245
2257	3088	2.488498
2258	3088	2.488498
2259	3088	2.488498
2260	3078	2.480440
2261	3078	2.480440
2262	3088	2.488498
2263	3079	2.481245
2264	3076	2.478828
2265	3088	2.488498
2266	3076	2.478828
2267	3072	2.475604
2268	3072	2.475604
2269	3072	2.475604
2270	3072	2.475604
2271	3079	2.481245
2272	3094	2.493333
2273	3076	2.478828
2274	3072	2.475604
2275	3031	2.442564
2276	3031	2.442564
2277	3044	2.453040
2278	3072	2.475604
2279	3072	2.475604
2280	3088	2.488498
2281	3072	2.475604
2282	3072	2.475604
2283	3072	2.475604
2284	3072	2.475604
2285	3072	2.475604
2286	3103	2.500586
2287	3088	2.488498
2288	3100	2.498168
2289	3095	2.494139
2290	3079	2.481245
2291	3095	2.494139
2292	3072	2.475604
2293	3072	2.475604
2294	3079	2.481245
2295	3095	2.494139
2296	3088	2.488498
2297	3088	2.488498
2298	3072	2.475604
2299	3072	2.475604
2300	3076	2.478828
2301	3072	2.475604
2302	3072	2.475604
2303	3044	2.453040
2304	3044	2.453040
2305	3072	2.475604
2306	3072	2.475604
2307	3076	2.478828
2308	3072	2.475604
2309	3072	2.475604
2310	3072	2.475604
2311	3072	2.475604
2312	3072	2.475604
2313	3072	2.475604
2314	3072	2.475604
2315	3072	2.475604
2316	3072	2.475604
2317	3072	2.475604
2318	3046	2.454652
2319	3044	2.453040
2320	3039	2.449011
2321	3072	2.475604
2322	3072	2.475604
2323	3088	2.488498
2324	3079	2.481245
2325	3078	2.480440
2326	3088	2.488498
2327	3072	2.475604
2328	3072	2.475604
2329	3072	2.475604
2330	3072	2.475604
2331	3072	2.475604
2332	3072	2.475604
2333	3072	2.475604
2334	3076	2.478828
2335	3072	2.475604
2336	3076	2.478828
2337	3072	2.475604
2338	3072	2.475604
2339	3072	2.475604
2340	3072	2.475604
2341	3078	2.480440
2342	3076	2.478828
2343	3072	2.475604
2344	3072	2.475604
2345	3046	2.454652
2346	3072	2.475604
2347	3072	2.475604
2348	3072	2.475604
2349	3088	2.488498
2350	3088	2.488498
2351	3079	2.481245
2352	3076	2.478828
2353	3072	2.475604
2354	3076	2.478828
2355	3079	2.481245
2356	3095	2.494139
2357	3094	2.493333
2358	3095	2.494139
2359	3088	2.488498
2360	3076	2.478828
2361	3072	2.475604
2362	3079	2.481245
2363	3072	2.475604
2364	3072	2.475604
2365	3076	2.478828
2366	3072	2.475604
2367	3072	2.475604
2368	3072	2.475604
2369	3072	2.475604
2370	3044	2.453040
2371	3072	2.475604
2372	3072	2.475604
2373	3072	2.475604
2374	3088	2.488498
2375	3088	2.488498
2376	3072	2.475604
2377	3072	2.475604
2378	3076	2.478828
2379	3076	2.478828
2380	3078	2.480440
2381	3092	2.491722
2382	3088	2.488498
2383	3092	2.491722
2384	3076	2.478828
2385	3079	2.481245
2386	3072	2.475604
2387	3072	2.475604
2388	3079	2.481245
2389	3092	2.491722
2390	3088	2.488498
2391	3092	2.491722
2392	3088	2.488498
2393	3088	2.488498
2394	3088	2.488498
2395	3079	2.481245
2396	3072	2.475604
2397	3072	2.475604
2398	3072	2.475604
2399	3072	2.475604
2400	3078	2.480440
2401	3072	2.475604
2402	3072	2.475604
2403	3072	2.475604
2404	3072	2.475604
2405	3072	2.475604
2406	3072	2.475604
2407	3072	2.475604
2408	3072	2.475604
2409	3072	2.475604
2410	3072	2.475604
2411	3072	2.475604
2412	3072	2.475604
2413	3076	2.478828
2414	3072	2.475604
2415	3072	2.475604
2416	3072	2.475604
2417	3072	2.475604
2418	3072	2.475604
2419	3072	2.475604
2420	3072	2.475604
2421	3072	2.475604
2422	3078	2.480440
2423	3076	2.478828
2424	3072	2.475604
2425	3072	2.475604
2426	3072	2.475604
2427	3072	2.475604
2428	3072	2.475604
2429	3072	2.475604
2430	3072	2.475604
2431	3072	2.475604
2432	3072	2.475604
2433	3072	2.475604
2434	3047	2.455458
2435	3031	2.442564
2436	3044	2.453040
2437	3044	2.453040
2438	3038	2.448205
2439	3031	2.442564
2440	3072	2.475604
2441	3046	2.454652
2442	3072	2.475604
2443	3072	2.475604
2444	3072	2.475604
2445	3072	2.475604
2446	3072	2.475604
2447	3047	2.455458
2448	3072	2.475604
2449	3072	2.475604
2450	3072	2.475604
2451	3072	2.475604
2452	3079	2.481245
2453	3072	2.475604
2454	3076	2.478828
2455	3072	2.475604
2456	3079	2.481245
2457	3079	2.481245
2458	3078	2.480440
2459	3079	2.481245
2460	3078	2.480440
2461	3092	2.491722
2462	3079	2.481245
2463	3088	2.488498
2464	3079	2.481245
2465	3079	2.481245
2466	3079	2.481245
2467	3078	2.480440
2468	3088	2.488498
2469	3076	2.478828
2470	3078	2.480440
2471	3078	2.480440
2472	3078	2.480440
2473	3079	2.481245
2474	3076	2.478828
2475	3078	2.480440
2476	3072	2.475604
2477	3088	2.488498
2478	3092	2.491722
2479	3092	2.491722
2480	3076	2.478828
2481	3076	2.478828
2482	3088	2.488498
2483	3076	2.478828
2484	3072	2.475604
2485	3088	2.488498
2486	3076	2.478828
2487	3088	2.488498
2488	3092	2.491722
2489	3092	2.491722
2490	3079	2.481245
2491	3078	2.480440
2492	3092	2.491722
2493	3088	2.488498
2494	3092	2.491722
2495	3088	2.488498
2496	3078	2.480440
2497	3078	2.480440
2498	3078	2.480440
2499	3072	2.475604
2500	3079	2.481245
2501	3078	2.480440
2502	3079	2.481245
2503	3072	2.475604
2504	3094	2.493333
2505	3079	2.481245
2506	3076	2.478828
2507	3076	2.478828
2508	3092	2.491722
2509	3076	2.478828
2510	3093	2.492527
2511	3088	2.488498
2512	3076	2.478828
2513	3076	2.478828
2514	3110	2.506227
2515	3108	2.504615
2516	3092	2.491722
2517	3092	2.491722
2518	3095	2.494139
2519	3100	2.498168
2520	3102	2.499780
2521	3095	2.494139
2522	3095	2.494139
2523	3079	2.481245
2524	3095	2.494139
2525	3111	2.507033
2526	3095	2.494139
2527	3092	2.491722
2528	3100	2.498168
2529	3100	2.498168
2530	3095	2.494139
2531	3108	2.504615
2532	3111	2.507033
2533	3108	2.504615
2534	3111	2.507033
2535	3101	2.498974
2536	3108	2.504615
2537	3110	2.506227
2538	3120	2.514286
2539	3095	2.494139
2540	3108	2.504615
2541	3110	2.506227
2542	3111	2.507033
2543	3095	2.494139
2544	3094	2.493333
2545	3092	2.491722
2546	3088	2.488498
2547	3092	2.491722
2548	3088	2.488498
2549	3079	2.481245
2550	3076	2.478828
2551	3078	2.480440
2552	3088	2.488498
2553	3076	2.478828
2554	3079	2.481245
2555	3072	2.475604
2556	3079	2.481245
2557	3078	2.480440
2558	3079	2.481245
2559	3076	2.478828
2560	3072	2.475604
2561	3072	2.475604
2562	3072	2.475604
2563	3076	2.478828
2564	3079	2.481245
2565	3076	2.478828
2566	3088	2.488498
2567	3076	2.478828
2568	3079	2.481245
2569	3076	2.478828
2570	3076	2.478828
2571	3072	2.475604
2572	3072	2.475604
2573	3079	2.481245
2574	3076	2.478828
2575	3079	2.481245
2576	3088	2.488498
2577	3092	2.491722
2578	3095	2.494139
2579	3102	2.499780
2580	3095	2.494139
2581	3092	2.491722
2582	3108	2.504615
2583	3088	2.488498
2584	3100	2.498168
2585	3088	2.488498
2586	3088	2.488498
2587	3094	2.493333
2588	3094	2.493333
2589	3079	2.481245
2590	3092	2.491722
2591	3079	2.481245
2592	3088	2.488498
2593	3088	2.488498
2594	3076	2.478828
2595	3076	2.478828
2596	3092	2.491722
2597	3078	2.480440
2598	3088	2.488498
2599	3088	2.488498
2600	3088	2.488498
2601	3076	2.478828
2602	3076	2.478828
2603	3076	2.478828
2604	3076	2.478828
2605	3078	2.480440
2606	3079	2.481245
2607	3088	2.488498
2608	3079	2.481245
2609	3092	2.491722
2610	3088	2.488498
2611	3088	2.488498
2612	3076	2.478828
2613	3079	2.481245
2614	3088	2.488498
2615	3076	2.478828
2616	3072	2.475604
2617	3072	2.475604
2618	3072	2.475604
2619	3078	2.480440
2620	3076	2.478828
2621	3088	2.488498
2622	3078	2.480440
2623	3078	2.480440
2624	3072	2.475604
2625	3076	2.478828
2626	3072	2.475604
2627	3078	2.480440
2628	3076	2.478828
2629	3079	2.481245
2630	3079	2.481245
2631	3088	2.488498
2632	3076	2.478828
2633	3072	2.475604
2634	3072	2.475604
2635	3072	2.475604
2636	3072	2.475604
2637	3072	2.475604
2638	3072	2.475604
2639	3072	2.475604
2640	3076	2.478828
2641	3072	2.475604
2642	3072	2.475604
2643	3072	2.475604
2644	3072	2.475604
2645	3072	2.475604
2646	3088	2.488498
2647	3072	2.475604
2648	3072	2.475604
2649	3072	2.475604
2650	3076	2.478828
2651	3072	2.475604
2652	3076	2.478828
2653	3079	2.481245
2654	3088	2.488498
2655	3072	2.475604
2656	3094	2.493333
2657	3079	2.481245
2658	3092	2.491722
2659	3095	2.494139
2660	3088	2.488498
2661	3088	2.488498
2662	3092	2.491722
2663	3095	2.494139
2664	3079	2.481245
2665	3092	2.491722
2666	3092	2.491722
2667	3079	2.481245
2668	3079	2.481245
2669	3072	2.475604
2670	3072	2.475604
2671	3072	2.475604
2672	3076	2.478828
2673	3072	2.475604
2674	3076	2.478828
2675	3078	2.480440
2676	3092	2.491722
2677	3078	2.480440
2678	3095	2.494139
2679	3088	2.488498
2680	3088	2.488498
2681	3092	2.491722
2682	3092	2.491722
2683	3088	2.488498
2684	3092	2.491722
2685	3092	2.491722
2686	3092	2.491722
2687	3078	2.480440
2688	3088	2.488498
2689	3072	2.475604
2690	3079	2.481245
2691	3079	2.481245
2692	3088	2.488498
2693	3079	2.481245
2694	3076	2.478828
2695	3076	2.478828
2696	3076	2.478828
2697	3076	2.478828
2698	3072	2.475604
2699	3072	2.475604
2700	3072	2.475604
2701	3046	2.454652
2702	3072	2.475604
2703	3072	2.475604
2704	3072	2.475604
2705	3072	2.475604
2706	3076	2.478828
2707	3072	2.475604
2708	3078	2.480440
2709	3079	2.481245
2710	3079	2.481245
2711	3079	2.481245
2712	3088	2.488498
2713	3094	2.493333
2714	3088	2.488498
2715	3095	2.494139
2716	3094	2.493333
2717	3092	2.491722
2718	3079	2.481245
2719	3092	2.491722
2720	3102	2.499780
2721	3108	2.504615
2722	3088	2.488498
2723	3092	2.491722
2724	3108	2.504615
2725	3102	2.499780
2726	3102	2.499780
2727	3108	2.504615
2728	3110	2.506227
2729	3111	2.507033
2730	3102	2.499780
2731	3103	2.500586
2732	3102	2.499780
2733	3094	2.493333
2734	3095	2.494139
2735	3111	2.507033
2736	3108	2.504615
2737	3102	2.499780
2738	3111	2.507033
2739	3120	2.514286
2740	3120	2.514286
2741	3108	2.504615
2742	3111	2.507033
2743	3102	2.499780
2744	3124	2.517509
2745	3100	2.498168
2746	3108	2.504615
2747	3108	2.504615
2748	3108	2.504615
2749	3108	2.504615
2750	3103	2.500586
2751	3120	2.514286
2752	3103	2.500586
2753	3108	2.504615
2754	3108	2.504615
2755	3120	2.514286
2756	3111	2.507033
2757	3111	2.507033
2758	3103	2.500586
2759	3110	2.506227
2760	3120	2.514286
2761	3111	2.507033
2762	3120	2.514286
2763	3120	2.514286
2764	3124	2.517509
2765	3111	2.507033
2766	3120	2.514286
2767	3120	2.514286
2768	3111	2.507033
2769	3111	2.507033
2770	3120	2.514286
2771	3120	2.514286
2772	3120	2.514286
2773	3124	2.517509
2774	3120	2.514286
2775	3110	2.506227
2776	3120	2.514286
2777	3111	2.507033
2778	3136	2.527179
2779	3120	2.514286
2780	3136	2.527179
2781	3120	2.514286
2782	3124	2.517509
2783	3124	2.517509
2784	3126	2.519121
2785	3136	2.527179
2786	3140	2.530403
2787	3120	2.514286
2788	3124	2.517509
2789	3124	2.517509
2790	3136	2.527179
2791	3140	2.530403
2792	3143	2.532821
2793	3126	2.519121
2794	3136	2.527179
2795	3136	2.527179
2796	3136	2.527179
2797	3127	2.519927
2798	3137	2.527985
2799	3140	2.530403
2800	3140	2.530403
2801	3136	2.527179
2802	3120	2.514286
2803	3136	2.527179
2804	3136	2.527179
2805	3124	2.517509
2806	3136	2.527179
2807	3120	2.514286
2808	3124	2.517509
2809	3111	2.507033
2810	3127	2.519927
2811	3136	2.527179
2812	3136	2.527179
2813	3140	2.530403
2814	3136	2.527179
2815	3120	2.514286
2816	3136	2.527179
2817	3136	2.527179
2818	3125	2.518315
2819	3120	2.514286
2820	3108	2.504615
2821	3124	2.517509
2822	3111	2.507033
2823	3111	2.507033
2824	3124	2.517509
2825	3120	2.514286
2826	3136	2.527179
2827	3108	2.504615
2828	3120	2.514286
2829	3124	2.517509
2830	3136	2.527179
2831	3136	2.527179
2832	3111	2.507033
2833	3110	2.506227
2834	3120	2.514286
2835	3120	2.514286
2836	3124	2.517509
2837	3108	2.504615
2838	3111	2.507033
2839	3110	2.506227
2840	3124	2.517509
2841	3124	2.517509
2842	3095	2.494139
2843	3095	2.494139
2844	3120	2.514286
2845	3120	2.514286
2846	3108	2.504615
2847	3111	2.507033
2848	3127	2.519927
2849	3136	2.527179
2850	3136	2.527179
2851	3136	2.527179
2852	3140	2.530403
2853	3136	2.527179
2854	3136	2.527179
2855	3120	2.514286
2856	3124	2.517509
2857	3127	2.519927
2858	3136	2.527179
2859	3120	2.514286
2860	3136	2.527179
2861	3136	2.527179
2862	3140	2.530403
2863	3136	2.527179
2864	3136	2.527179
2865	3124	2.517509
2866	3136	2.527179
2867	3136	2.527179
2868	3136	2.527179
2869	3136	2.527179
2870	3120	2.514286
2871	3136	2.527179
2872	3143	2.532821
2873	3136	2.527179
2874	3143	2.532821
2875	3136	2.527179
2876	3152	2.540073
2877	3136	2.527179
2878	3140	2.530403
2879	3152	2.540073
2880	3152	2.540073
2881	3143	2.532821
2882	3156	2.543297
2883	3152	2.540073
2884	3143	2.532821
2885	3152	2.540073
2886	3152	2.540073
2887	3152	2.540073
2888	3152	2.540073
2889	3156	2.543297
2890	3143	2.532821
2891	3152	2.540073
2892	3164	2.549744
2893	3143	2.532821
2894	3140	2.530403
2895	3143	2.532821
2896	3158	2.544908
2897	3143	2.532821
2898	3136	2.527179
2899	3143	2.532821
2900	3136	2.527179
2901	3140	2.530403
2902	3136	2.527179
2903	3136	2.527179
2904	3120	2.514286
2905	3124	2.517509
2906	3124	2.517509
2907	3140	2.530403
2908	3136	2.527179
2909	3126	2.519121
2910	3136	2.527179
2911	3136	2.527179
2912	3140	2.530403
2913	3136	2.527179
2914	3140	2.530403
2915	3142	2.532015
2916	3143	2.532821
2917	3140	2.530403
2918	3124	2.517509
2919	3152	2.540073
2920	3140	2.530403
2921	3142	2.532015
2922	3136	2.527179
2923	3143	2.532821
2924	3124	2.517509
2925	3136	2.527179
2926	3136	2.527179
2927	3140	2.530403
2928	3140	2.530403
2929	3136	2.527179
2930	3143	2.532821
2931	3140	2.530403
2932	3136	2.527179
2933	3136	2.527179
2934	3140	2.530403
2935	3143	2.532821
2936	3152	2.540073
2937	3136	2.527179
2938	3140	2.530403
2939	3143	2.532821
2940	3143	2.532821
2941	3136	2.527179
2942	3136	2.527179
2943	3152	2.540073
2944	3140	2.530403
2945	3143	2.532821
2946	3136	2.527179
2947	3143	2.532821
2948	3143	2.532821
2949	3143	2.532821
2950	3152	2.540073
2951	3143	2.532821
2952	3136	2.527179
2953	3140	2.530403
2954	3140	2.530403
2955	3136	2.527179
2956	3136	2.527179
2957	3136	2.527179
2958	3136	2.527179
2959	3136	2.527179
2960	3140	2.530403
2961	3126	2.519121
2962	3136	2.527179
2963	3140	2.530403
2964	3140	2.530403
2965	3140	2.530403
2966	3136	2.527179
2967	3136	2.527179
2968	3140	2.530403
2969	3124	2.517509
2970	3140	2.530403
2971	3140	2.530403
2972	3140	2.530403
2973	3136	2.527179
2974	3152	2.540073
2975	3140	2.530403
2976	3156	2.543297
2977	3156	2.543297
2978	3152	2.540073
2979	3158	2.544908
2980	3152	2.540073
2981	3156	2.543297
2982	3156	2.543297
2983	3156	2.543297
2984	3140	2.530403
2985	3143	2.532821
2986	3140	2.530403
2987	3156	2.543297
2988	3140	2.530403
2989	3142	2.532015
2990	3136	2.527179
2991	3140	2.530403
2992	3143	2.532821
2993	3142	2.532015
2994	3143	2.532821
2995	3152	2.540073
2996	3158	2.544908
2997	3152	2.540073
2998	3156	2.543297
2999	3140	2.530403
3000	3152	2.540073
3001	3152	2.540073
3002	3156	2.543297
3003	3142	2.532015
3004	3152	2.540073
3005	3143	2.532821
3006	3143	2.532821
3007	3152	2.540073
3008	3152	2.540073
3009	3142	2.532015
3010	3152	2.540073
3011	3156	2.543297
3012	3158	2.544908
3013	3156	2.543297
3014	3156	2.543297
3015	3167	2.552161
3016	3167	2.552161
3017	3152	2.540073
3018	3159	2.545714
3019	3156	2.543297
3020	3159	2.545714
3021	3159	2.545714
3022	3156	2.543297
3023	3172	2.556190
3024	3164	2.549744
3025	3164	2.549744
3026	3159	2.545714
3027	3166	2.551355
3028	3158	2.544908
3029	3156	2.543297
3030	3159	2.545714
3031	3152	2.540073
3032	3159	2.545714
3033	3156	2.543297
3034	3143	2.532821
3035	3152	2.540073
3036	3156	2.543297
3037	3143	2.532821
3038	3143	2.532821
3039	3140	2.530403
3040	3156	2.543297
3041	3142	2.532015
3042	3142	2.532015
3043	3152	2.540073
3044	3143	2.532821
3045	3152	2.540073
3046	3156	2.543297
3047	3142	2.532015
3048	3158	2.544908
3049	3142	2.532015
3050	3152	2.540073
3051	3143	2.532821
3052	3152	2.540073
3053	3152	2.540073
3054	3143	2.532821
3055	3152	2.540073
3056	3142	2.532015
3057	3152	2.540073
3058	3159	2.545714
3059	3156	2.543297
3060	3142	2.532015
3061	3158	2.544908
3062	3152	2.540073
3063	3143	2.532821
3064	3152	2.540073
3065	3156	2.543297
3066	3152	2.540073
3067	3166	2.551355
3068	3159	2.545714
3069	3152	2.540073
3070	3156	2.543297
3071	3156	2.543297
3072	3158	2.544908
3073	3143	2.532821
3074	3152	2.540073
3075	3159	2.545714
3076	3156	2.543297
3077	3142	2.532015
3078	3152	2.540073
3079	3152	2.540073
3080	3136	2.527179
3081	3152	2.540073
3082	3158	2.544908
3083	3158	2.544908
3084	3152	2.540073
3085	3140	2.530403
3086	3152	2.540073
3087	3152	2.540073
3088	3159	2.545714
3089	3152	2.540073
3090	3156	2.543297
3091	3156	2.543297
3092	3156	2.543297
3093	3152	2.540073
3094	3140	2.530403
3095	3152	2.540073
3096	3159	2.545714
3097	3158	2.544908
3098	3152	2.540073
3099	3152	2.540073
3100	3156	2.543297
3101	3156	2.543297
3102	3172	2.556190
3103	3167	2.552161
3104	3152	2.540073
3105	3159	2.545714
3106	3152	2.540073
3107	3152	2.540073
3108	3143	2.532821
3109	3159	2.545714
3110	3159	2.545714
3111	3166	2.551355
3112	3152	2.540073
3113	3142	2.532015
3114	3143	2.532821
3115	3159	2.545714
3116	3152	2.540073
3117	3143	2.532821
3118	3140	2.530403
3119	3142	2.532015
3120	3152	2.540073
3121	3156	2.543297
3122	3156	2.543297
3123	3142	2.532015
3124	3156	2.543297
3125	3152	2.540073
3126	3156	2.543297
3127	3143	2.532821
3128	3152	2.540073
3129	3158	2.544908
3130	3158	2.544908
3131	3143	2.532821
3132	3143	2.532821
3133	3152	2.540073
3134	3158	2.544908
3135	3142	2.532015
3136	3152	2.540073
3137	3152	2.540073
3138	3152	2.540073
3139	3136	2.527179
3140	3140	2.530403
3141	3136	2.527179
3142	3136	2.527179
3143	3136	2.527179
3144	3136	2.527179
3145	3124	2.517509
3146	3136	2.527179
3147	3136	2.527179
3148	3136	2.527179
3149	3136	2.527179
3150	3126	2.519121
3151	3136	2.527179
3152	3140	2.530403
3153	3136	2.527179
3154	3136	2.527179
3155	3140	2.530403
3156	3142	2.532015
3157	3136	2.527179
3158	3142	2.532015
3159	3136	2.527179
3160	3142	2.532015
3161	3152	2.540073
3162	3143	2.532821
3163	3152	2.540073
3164	3142	2.532015
3165	3143	2.532821
3166	3152	2.540073
3167	3156	2.543297
3168	3156	2.543297
3169	3159	2.545714
3170	3156	2.543297
3171	3158	2.544908
3172	3158	2.544908
3173	3159	2.545714
3174	3152	2.540073
3175	3167	2.552161
3176	3167	2.552161
3177	3166	2.551355
3178	3158	2.544908
3179	3152	2.540073
3180	3152	2.540073
3181	3152	2.540073
3182	3166	2.551355
3183	3143	2.532821
3184	3140	2.530403
3185	3143	2.532821
3186	3152	2.540073
3187	3156	2.543297
3188	3140	2.530403
3189	3143	2.532821
3190	3142	2.532015
3191	3152	2.540073
3192	3142	2.532015
3193	3140	2.530403
3194	3143	2.532821
3195	3143	2.532821
3196	3152	2.540073
3197	3152	2.540073
3198	3152	2.540073
3199	3152	2.540073
3200	3140	2.530403
3201	3158	2.544908
3202	3143	2.532821
3203	3156	2.543297
3204	3142	2.532015
3205	3143	2.532821
3206	3152	2.540073
3207	3152	2.540073
3208	3158	2.544908
3209	3159	2.545714
3210	3159	2.545714
3211	3159	2.545714
3212	3158	2.544908
3213	3156	2.543297
3214	3172	2.556190
3215	3159	2.545714
3216	3158	2.544908
3217	3156	2.543297
3218	3172	2.556190
3219	3156	2.543297
3220	3156	2.543297
3221	3156	2.543297
3222	3140	2.530403
3223	3142	2.532015
3224	3152	2.540073
3225	3140	2.530403
3226	3140	2.530403
3227	3136	2.527179
3228	3142	2.532015
3229	3136	2.527179
3230	3140	2.530403
3231	3143	2.532821
3232	3143	2.532821
3233	3140	2.530403
3234	3140	2.530403
3235	3126	2.519121
3236	3124	2.517509
3237	3124	2.517509
3238	3120	2.514286
3239	3111	2.507033
3240	3120	2.514286
3241	3124	2.517509
3242	3102	2.499780
3243	3120	2.514286
3244	3124	2.517509
3245	3140	2.530403
3246	3136	2.527179
3247	3143	2.532821
3248	3136	2.527179
3249	3143	2.532821
3250	3136	2.527179
3251	3143	2.532821
3252	3152	2.540073
3253	3156	2.543297
3254	3156	2.543297
3255	3159	2.545714
3256	3158	2.544908
3257	3142	2.532015
3258	3156	2.543297
3259	3143	2.532821
3260	3152	2.540073
3261	3143	2.532821
3262	3152	2.540073
3263	3140	2.530403
3264	3140	2.530403
3265	3140	2.530403
3266	3143	2.532821
3267	3143	2.532821
3268	3156	2.543297
3269	3142	2.532015
3270	3152	2.540073
3271	3143	2.532821
3272	3156	2.543297
3273	3159	2.545714
3274	3156	2.543297
3275	3159	2.545714
3276	3152	2.540073
3277	3159	2.545714
3278	3152	2.540073
3279	3152	2.540073
3280	3156	2.543297
3281	3152	2.540073
3282	3156	2.543297
3283	3166	2.551355
3284	3159	2.545714
3285	3166	2.551355
3286	3158	2.544908
3287	3172	2.556190
3288	3158	2.544908
3289	3152	2.540073
3290	3156	2.543297
3291	3156	2.543297
3292	3156	2.543297
3293	3152	2.540073
3294	3156	2.543297
3295	3143	2.532821
3296	3143	2.532821
3297	3156	2.543297
3298	3159	2.545714
3299	3156	2.543297
3300	3143	2.532821
3301	3152	2.540073
3302	3152	2.540073
3303	3152	2.540073
3304	3143	2.532821
3305	3136	2.527179
3306	3156	2.543297
3307	3136	2.527179
3308	3158	2.544908
3309	3143	2.532821
3310	3152	2.540073
3311	3143	2.532821
3312	3156	2.543297
3313	3140	2.530403
3314	3143	2.532821
3315	3152	2.540073
3316	3143	2.532821
3317	3140	2.530403
3318	3140	2.530403
3319	3156	2.543297
3320	3136	2.527179
3321	3143	2.532821
3322	3142	2.532015
3323	3143	2.532821
3324	3152	2.540073
3325	3136	2.527179
3326	3152	2.540073
3327	3140	2.530403
3328	3156	2.543297
3329	3143	2.532821
3330	3156	2.543297
3331	3152	2.540073
3332	3156	2.543297
3333	3152	2.540073
3334	3152	2.540073
3335	3152	2.540073
3336	3140	2.530403
3337	3143	2.532821
3338	3152	2.540073
3339	3152	2.540073
3340	3140	2.530403
3341	3143	2.532821
3342	3143	2.532821
3343	3136	2.527179
3344	3136	2.527179
3345	3140	2.530403
3346	3156	2.543297
3347	3159	2.545714
3348	3157	2.544103
3349	3152	2.540073
3350	3143	2.532821
3351	3152	2.540073
3352	3172	2.556190
3353	3159	2.545714
3354	3158	2.544908
3355	3159	2.545714
3356	3166	2.551355
3357	3167	2.552161
3358	3159	2.545714
3359	3156	2.543297
3360	3159	2.545714
3361	3172	2.556190
3362	3159	2.545714
3363	3159	2.545714
3364	3166	2.551355
3365	3166	2.551355
3366	3156	2.543297
3367	3164	2.549744
3368	3156	2.543297
3369	3152	2.540073
3370	3156	2.543297
3371	3159	2.545714
3372	3164	2.549744
3373	3159	2.545714
3374	3156	2.543297
3375	3158	2.544908
3376	3159	2.545714
3377	3159	2.545714
3378	3164	2.549744
3379	3167	2.552161
3380	3175	2.558608
3381	3164	2.549744
3382	3167	2.552161
3383	3164	2.549744
3384	3156	2.543297
3385	3175	2.558608
3386	3172	2.556190
3387	3172	2.556190
3388	3174	2.557802
3389	3156	2.543297
3390	3157	2.544103
3391	3172	2.556190
3392	3159	2.545714
3393	3156	2.543297
3394	3158	2.544908
3395	3172	2.556190
3396	3164	2.549744
3397	3175	2.558608
3398	3172	2.556190
3399	3172	2.556190
3400	3167	2.552161
3401	3159	2.545714
3402	3159	2.545714
3403	3172	2.556190
3404	3159	2.545714
3405	3159	2.545714
3406	3156	2.543297
3407	3159	2.545714
3408	3156	2.543297
3409	3156	2.543297
3410	3159	2.545714
3411	3156	2.543297
3412	3156	2.543297
3413	3159	2.545714
3414	3159	2.545714
3415	3152	2.540073
3416	3164	2.549744
3417	3152	2.540073
3418	3156	2.543297
3419	3166	2.551355
3420	3156	2.543297
3421	3172	2.556190
3422	3159	2.545714
3423	3166	2.551355
3424	3166	2.551355
3425	3164	2.549744
3426	3156	2.543297
3427	3167	2.552161
3428	3159	2.545714
3429	3164	2.549744
3430	3166	2.551355
3431	3159	2.545714
3432	3152	2.540073
3433	3152	2.540073
3434	3143	2.532821
3435	3152	2.540073
3436	3152	2.540073
3437	3152	2.540073
3438	3159	2.545714
3439	3152	2.540073
3440	3164	2.549744
3441	3158	2.544908
3442	3174	2.557802
3443	3156	2.543297
3444	3159	2.545714
3445	3156	2.543297
3446	3158	2.544908
3447	3143	2.532821
3448	3159	2.545714
3449	3159	2.545714
3450	3158	2.544908
3451	3152	2.540073
3452	3152	2.540073
3453	3152	2.540073
3454	3158	2.544908
3455	3159	2.545714
3456	3152	2.540073
3457	3152	2.540073
3458	3159	2.545714
3459	3143	2.532821
3460	3159	2.545714
3461	3156	2.543297
3462	3172	2.556190
3463	3159	2.545714
3464	3158	2.544908
3465	3158	2.544908
3466	3152	2.540073
3467	3158	2.544908
3468	3156	2.543297
3469	3143	2.532821
3470	3140	2.530403
3471	3140	2.530403
3472	3142	2.532015
3473	3140	2.530403
3474	3156	2.543297
3475	3143	2.532821
3476	3152	2.540073
3477	3143	2.532821
3478	3156	2.543297
3479	3152	2.540073
3480	3143	2.532821
3481	3158	2.544908
3482	3152	2.540073
3483	3159	2.545714
3484	3158	2.544908
3485	3158	2.544908
3486	3156	2.543297
3487	3152	2.540073
3488	3152	2.540073
3489	3136	2.527179
3490	3143	2.532821
3491	3152	2.540073
3492	3143	2.532821
3493	3152	2.540073
3494	3142	2.532015
3495	3143	2.532821
3496	3143	2.532821
3497	3159	2.545714
3498	3159	2.545714
3499	3158	2.544908
3500	3166	2.551355
3501	3158	2.544908
3502	3156	2.543297
3503	3156	2.543297
3504	3143	2.532821
3505	3158	2.544908
3506	3152	2.540073
3507	3152	2.540073
3508	3156	2.543297
3509	3158	2.544908
3510	3159	2.545714
3511	3142	2.532015
3512	3158	2.544908
3513	3166	2.551355
3514	3167	2.552161
3515	3156	2.543297
3516	3158	2.544908
3517	3159	2.545714
3518	3164	2.549744
3519	3152	2.540073
3520	3156	2.543297
3521	3143	2.532821
3522	3152	2.540073
3523	3152	2.540073
3524	3136	2.527179
3525	3143	2.532821
3526	3142	2.532015
3527	3136	2.527179
3528	3140	2.530403
3529	3140	2.530403
3530	3142	2.532015
3531	3152	2.540073
3532	3152	2.540073
3533	3152	2.540073
3534	3158	2.544908
3535	3152	2.540073
3536	3156	2.543297
3537	3142	2.532015
3538	3140	2.530403
3539	3142	2.532015
3540	3140	2.530403
3541	3142	2.532015
3542	3152	2.540073
3543	3136	2.527179
3544	3136	2.527179
3545	3140	2.530403
3546	3142	2.532015
3547	3140	2.530403
3548	3140	2.530403
3549	3124	2.517509
3550	3127	2.519927
3551	3126	2.519121
3552	3120	2.514286
3553	3111	2.507033
3554	3120	2.514286
3555	3120	2.514286
3556	3111	2.507033
3557	3108	2.504615
3558	3111	2.507033
3559	3111	2.507033
3560	3108	2.504615
3561	3127	2.519927
3562	3136	2.527179
3563	3136	2.527179
3564	3136	2.527179
3565	3111	2.507033
3566	3136	2.527179
3567	3142	2.532015
3568	3140	2.530403
3569	3136	2.527179
3570	3143	2.532821
3571	3143	2.532821
3572	3136	2.527179
3573	3140	2.530403
3574	3136	2.527179
3575	3136	2.527179
3576	3140	2.530403
3577	3136	2.527179
3578	3136	2.527179
3579	3140	2.530403
3580	3127	2.519927
3581	3143	2.532821
3582	3152	2.540073
3583	3136	2.527179
3584	3140	2.530403
3585	3140	2.530403
3586	3140	2.530403
3587	3140	2.530403
3588	3152	2.540073
3589	3140	2.530403
3590	3156	2.543297
3591	3142	2.532015
3592	3156	2.543297
3593	3143	2.532821
3594	3159	2.545714
3595	3152	2.540073
3596	3152	2.540073
3597	3152	2.540073
3598	3159	2.545714
3599	3159	2.545714
3600	3143	2.532821
3601	3142	2.532015
3602	3140	2.530403
3603	3143	2.532821
3604	3152	2.540073
3605	3140	2.530403
3606	3142	2.532015
3607	3143	2.532821
3608	3140	2.530403
3609	3136	2.527179
3610	3126	2.519121
3611	3127	2.519927
3612	3120	2.514286
3613	3124	2.517509
3614	3110	2.506227
3615	3108	2.504615
3616	3108	2.504615
3617	3108	2.504615
3618	3100	2.498168
3619	3102	2.499780
3620	3101	2.498974
3621	3110	2.506227
3622	3124	2.517509
3623	3136	2.527179
3624	3140	2.530403
3625	3143	2.532821
3626	3152	2.540073
3627	3156	2.543297
3628	3164	2.549744
3629	3156	2.543297
3630	3156	2.543297
3631	3152	2.540073
3632	3152	2.540073
3633	3159	2.545714
3634	3143	2.532821
3635	3152	2.540073
3636	3158	2.544908
3637	3164	2.549744
3638	3166	2.551355
3639	3152	2.540073
3640	3159	2.545714
3641	3164	2.549744
3642	3172	2.556190
3643	3159	2.545714
3644	3159	2.545714
3645	3156	2.543297
3646	3164	2.549744
3647	3167	2.552161
