Pixel	ADC	VoltageV
1	3963	3.193626
2	3963	3.193626
3	3963	3.193626
4	3963	3.193626
5	3963	3.193626
6	3963	3.193626
7	3963	3.193626
8	3963	3.193626
9	3963	3.193626
10	3963	3.193626
11	3963	3.193626
12	3963	3.193626
13	3963	3.193626
14	3963	3.193626
15	3962	3.192821
16	3963	3.193626
17	3963	3.193626
18	3963	3.193626
19	3963	3.193626
20	3963	3.193626
21	3963	3.193626
22	3963	3.193626
23	3963	3.193626
24	3951	3.183956
25	3962	3.192821
26	3951	3.183956
27	3951	3.183956
28	3951	3.183956
29	3947	3.180733
30	3951	3.183956
31	3951	3.183956
32	3951	3.183956
33	3951	3.183956
34	3951	3.183956
35	3951	3.183956
36	3947	3.180733
37	2168	1.747106
38	1519	1.224103
39	1519	1.224103
40	1519	1.224103
41	1523	1.227326
42	1519	1.224103
43	1519	1.224103
44	1523	1.227326
45	1523	1.227326
46	1523	1.227326
47	1523	1.227326
48	1519	1.224103
49	1523	1.227326
50	1519	1.224103
51	1519	1.224103
52	1519	1.224103
53	1519	1.224103
54	1523	1.227326
55	1519	1.224103
56	1519	1.224103
57	1523	1.227326
58	1523	1.227326
59	1523	1.227326
60	1523	1.227326
61	1523	1.227326
62	1523	1.227326
63	1523	1.227326
64	1519	1.224103
65	1519	1.224103
66	1523	1.227326
67	1523	1.227326
68	1523	1.227326
69	1519	1.224103
70	1523	1.227326
71	1523	1.227326
72	1523	1.227326
73	1523	1.227326
74	1523	1.227326
75	1523	1.227326
76	1523	1.227326
77	1523	1.227326
78	1523	1.227326
79	1519	1.224103
80	1523	1.227326
81	1519	1.224103
82	1523	1.227326
83	1519	1.224103
84	1523	1.227326
85	1523	1.227326
86	1523	1.227326
87	1522	1.226520
88	1523	1.227326
89	1519	1.224103
90	1519	1.224103
91	1523	1.227326
92	1519	1.224103
93	1519	1.224103
94	1523	1.227326
95	1523	1.227326
96	1523	1.227326
97	1523	1.227326
98	1523	1.227326
99	1523	1.227326
100	1519	1.224103
101	1519	1.224103
102	1523	1.227326
103	1523	1.227326
104	1519	1.224103
105	1519	1.224103
106	1519	1.224103
107	1519	1.224103
108	1519	1.224103
109	1519	1.224103
110	1519	1.224103
111	1519	1.224103
112	1519	1.224103
113	1519	1.224103
114	1519	1.224103
115	1523	1.227326
116	1519	1.224103
117	1522	1.226520
118	1519	1.224103
119	1519	1.224103
120	1523	1.227326
121	1523	1.227326
122	1523	1.227326
123	1522	1.226520
124	1523	1.227326
125	1519	1.224103
126	1523	1.227326
127	1519	1.224103
128	1519	1.224103
129	1519	1.224103
130	1523	1.227326
131	1523	1.227326
132	1519	1.224103
133	1519	1.224103
134	1519	1.224103
135	1519	1.224103
136	1523	1.227326
137	1519	1.224103
138	1523	1.227326
139	1523	1.227326
140	1519	1.224103
141	1523	1.227326
142	1523	1.227326
143	1523	1.227326
144	1523	1.227326
145	1519	1.224103
146	1519	1.224103
147	1523	1.227326
148	1519	1.224103
149	1519	1.224103
150	1523	1.227326
151	1519	1.224103
152	1523	1.227326
153	1519	1.224103
154	1519	1.224103
155	1519	1.224103
156	1519	1.224103
157	1519	1.224103
158	1519	1.224103
159	1519	1.224103
160	1519	1.224103
161	1519	1.224103
162	1523	1.227326
163	1522	1.226520
164	1519	1.224103
165	1519	1.224103
166	1519	1.224103
167	1519	1.224103
168	1519	1.224103
169	1519	1.224103
170	1519	1.224103
171	1519	1.224103
172	1519	1.224103
173	1519	1.224103
174	1519	1.224103
175	1519	1.224103
176	1519	1.224103
177	1519	1.224103
178	1519	1.224103
179	1522	1.226520
180	1522	1.226520
181	1519	1.224103
182	1519	1.224103
183	1519	1.224103
184	1519	1.224103
185	1519	1.224103
186	1519	1.224103
187	1519	1.224103
188	1522	1.226520
189	1523	1.227326
190	1523	1.227326
191	1523	1.227326
192	1523	1.227326
193	1519	1.224103
194	1523	1.227326
195	1519	1.224103
196	1519	1.224103
197	1519	1.224103
198	1519	1.224103
199	1519	1.224103
200	1519	1.224103
201	1519	1.224103
202	1519	1.224103
203	1522	1.226520
204	1519	1.224103
205	1522	1.226520
206	1519	1.224103
207	1519	1.224103
208	1523	1.227326
209	1519	1.224103
210	1519	1.224103
211	1519	1.224103
212	1519	1.224103
213	1522	1.226520
214	1519	1.224103
215	1519	1.224103
216	1519	1.224103
217	1519	1.224103
218	1519	1.224103
219	1519	1.224103
220	1522	1.226520
221	1519	1.224103
222	1519	1.224103
223	1519	1.224103
224	1519	1.224103
225	1519	1.224103
226	1519	1.224103
227	1519	1.224103
228	1519	1.224103
229	1519	1.224103
230	1519	1.224103
231	1519	1.224103
232	1519	1.224103
233	1519	1.224103
234	1519	1.224103
235	1519	1.224103
236	1519	1.224103
237	1519	1.224103
238	1519	1.224103
239	1519	1.224103
240	1519	1.224103
241	1519	1.224103
242	1519	1.224103
243	1519	1.224103
244	1523	1.227326
245	1519	1.224103
246	1523	1.227326
247	1519	1.224103
248	1519	1.224103
249	1519	1.224103
250	1519	1.224103
251	1523	1.227326
252	1519	1.224103
253	1519	1.224103
254	1519	1.224103
255	1519	1.224103
256	1519	1.224103
257	1519	1.224103
258	1519	1.224103
259	1519	1.224103
260	1523	1.227326
261	1519	1.224103
262	1519	1.224103
263	1519	1.224103
264	1519	1.224103
265	1519	1.224103
266	1519	1.224103
267	1519	1.224103
268	1523	1.227326
269	1519	1.224103
270	1519	1.224103
271	1519	1.224103
272	1523	1.227326
273	1519	1.224103
274	1523	1.227326
275	1523	1.227326
276	1519	1.224103
277	1519	1.224103
278	1519	1.224103
279	1522	1.226520
280	1523	1.227326
281	1519	1.224103
282	1519	1.224103
283	1519	1.224103
284	1519	1.224103
285	1519	1.224103
286	1519	1.224103
287	1519	1.224103
288	1519	1.224103
289	1523	1.227326
290	1523	1.227326
291	1522	1.226520
292	1519	1.224103
293	1523	1.227326
294	1523	1.227326
295	1519	1.224103
296	1523	1.227326
297	1519	1.224103
298	1523	1.227326
299	1523	1.227326
300	1523	1.227326
301	1522	1.226520
302	1519	1.224103
303	1519	1.224103
304	1519	1.224103
305	1522	1.226520
306	1523	1.227326
307	1519	1.224103
308	1522	1.226520
309	1523	1.227326
310	1519	1.224103
311	1523	1.227326
312	1519	1.224103
313	1519	1.224103
314	1519	1.224103
315	1519	1.224103
316	1519	1.224103
317	1519	1.224103
318	1523	1.227326
319	1523	1.227326
320	1523	1.227326
321	1519	1.224103
322	1523	1.227326
323	1523	1.227326
324	1523	1.227326
325	1519	1.224103
326	1522	1.226520
327	1519	1.224103
328	1519	1.224103
329	1523	1.227326
330	1523	1.227326
331	1526	1.229744
332	1523	1.227326
333	1523	1.227326
334	1523	1.227326
335	1523	1.227326
336	1519	1.224103
337	1523	1.227326
338	1519	1.224103
339	1523	1.227326
340	1523	1.227326
341	1523	1.227326
342	1523	1.227326
343	1523	1.227326
344	1523	1.227326
345	1523	1.227326
346	1523	1.227326
347	1523	1.227326
348	1523	1.227326
349	1523	1.227326
350	1523	1.227326
351	1523	1.227326
352	1523	1.227326
353	1523	1.227326
354	1523	1.227326
355	1523	1.227326
356	1523	1.227326
357	1523	1.227326
358	1523	1.227326
359	1523	1.227326
360	1523	1.227326
361	1523	1.227326
362	1523	1.227326
363	1523	1.227326
364	1519	1.224103
365	1519	1.224103
366	1523	1.227326
367	1523	1.227326
368	1523	1.227326
369	1523	1.227326
370	1523	1.227326
371	1523	1.227326
372	1523	1.227326
373	1526	1.229744
374	1523	1.227326
375	1523	1.227326
376	1523	1.227326
377	1523	1.227326
378	1526	1.229744
379	1526	1.229744
380	1523	1.227326
381	1523	1.227326
382	1523	1.227326
383	1523	1.227326
384	1523	1.227326
385	1523	1.227326
386	1523	1.227326
387	1523	1.227326
388	1523	1.227326
389	1523	1.227326
390	1523	1.227326
391	1526	1.229744
392	1526	1.229744
393	1526	1.229744
394	1528	1.231355
395	1528	1.231355
396	1527	1.230549
397	1523	1.227326
398	1526	1.229744
399	1527	1.230549
400	1527	1.230549
401	1526	1.229744
402	1523	1.227326
403	1527	1.230549
404	1526	1.229744
405	1526	1.229744
406	1528	1.231355
407	1526	1.229744
408	1526	1.229744
409	1527	1.230549
410	1526	1.229744
411	1526	1.229744
412	1523	1.227326
413	1527	1.230549
414	1523	1.227326
415	1526	1.229744
416	1527	1.230549
417	1526	1.229744
418	1523	1.227326
419	1527	1.230549
420	1523	1.227326
421	1527	1.230549
422	1526	1.229744
423	1528	1.231355
424	1527	1.230549
425	1526	1.229744
426	1528	1.231355
427	1528	1.231355
428	1528	1.231355
429	1527	1.230549
430	1527	1.230549
431	1529	1.232161
432	1528	1.231355
433	1528	1.231355
434	1526	1.229744
435	1527	1.230549
436	1530	1.232967
437	1523	1.227326
438	1527	1.230549
439	1527	1.230549
440	1528	1.231355
441	1528	1.231355
442	1528	1.231355
443	1528	1.231355
444	1528	1.231355
445	1530	1.232967
446	1528	1.231355
447	1528	1.231355
448	1529	1.232161
449	1528	1.231355
450	1527	1.230549
451	1527	1.230549
452	1528	1.231355
453	1530	1.232967
454	1528	1.231355
455	1529	1.232161
456	1526	1.229744
457	1528	1.231355
458	1528	1.231355
459	1527	1.230549
460	1527	1.230549
461	1530	1.232967
462	1526	1.229744
463	1526	1.229744
464	1526	1.229744
465	1526	1.229744
466	1523	1.227326
467	1527	1.230549
468	1523	1.227326
469	1528	1.231355
470	1527	1.230549
471	1527	1.230549
472	1527	1.230549
473	1526	1.229744
474	1527	1.230549
475	1528	1.231355
476	1528	1.231355
477	1528	1.231355
478	1523	1.227326
479	1527	1.230549
480	1526	1.229744
481	1528	1.231355
482	1526	1.229744
483	1528	1.231355
484	1528	1.231355
485	1526	1.229744
486	1526	1.229744
487	1523	1.227326
488	1527	1.230549
489	1529	1.232161
490	1528	1.231355
491	1528	1.231355
492	1528	1.231355
493	1528	1.231355
494	1528	1.231355
495	1530	1.232967
496	1528	1.231355
497	1528	1.231355
498	1530	1.232967
499	1528	1.231355
500	1529	1.232161
501	1530	1.232967
502	1528	1.231355
503	1528	1.231355
504	1526	1.229744
505	1529	1.232161
506	1527	1.230549
507	1526	1.229744
508	1530	1.232967
509	1528	1.231355
510	1528	1.231355
511	1523	1.227326
512	1528	1.231355
513	1523	1.227326
514	1528	1.231355
515	1523	1.227326
516	1526	1.229744
517	1526	1.229744
518	1526	1.229744
519	1523	1.227326
520	1526	1.229744
521	1528	1.231355
522	1528	1.231355
523	1528	1.231355
524	1523	1.227326
525	1528	1.231355
526	1526	1.229744
527	1528	1.231355
528	1527	1.230549
529	1526	1.229744
530	1530	1.232967
531	1523	1.227326
532	1523	1.227326
533	1530	1.232967
534	1526	1.229744
535	1523	1.227326
536	1523	1.227326
537	1528	1.231355
538	1528	1.231355
539	1523	1.227326
540	1526	1.229744
541	1528	1.231355
542	1528	1.231355
543	1529	1.232161
544	1526	1.229744
545	1528	1.231355
546	1528	1.231355
547	1527	1.230549
548	1528	1.231355
549	1526	1.229744
550	1527	1.230549
551	1527	1.230549
552	1523	1.227326
553	1528	1.231355
554	1528	1.231355
555	1528	1.231355
556	1527	1.230549
557	1528	1.231355
558	1526	1.229744
559	1527	1.230549
560	1528	1.231355
561	1529	1.232161
562	1528	1.231355
563	1527	1.230549
564	1527	1.230549
565	1526	1.229744
566	1530	1.232967
567	1528	1.231355
568	1523	1.227326
569	1523	1.227326
570	1528	1.231355
571	1528	1.231355
572	1528	1.231355
573	1530	1.232967
574	1528	1.231355
575	1530	1.232967
576	1529	1.232161
577	1528	1.231355
578	1528	1.231355
579	1527	1.230549
580	1530	1.232967
581	1529	1.232161
582	1530	1.232967
583	1530	1.232967
584	1528	1.231355
585	1528	1.231355
586	1528	1.231355
587	1528	1.231355
588	1530	1.232967
589	1527	1.230549
590	1531	1.233773
591	1530	1.232967
592	1530	1.232967
593	1528	1.231355
594	1528	1.231355
595	1527	1.230549
596	1528	1.231355
597	1528	1.231355
598	1527	1.230549
599	1528	1.231355
600	1527	1.230549
601	1527	1.230549
602	1528	1.231355
603	1530	1.232967
604	1528	1.231355
605	1528	1.231355
606	1530	1.232967
607	1530	1.232967
608	1530	1.232967
609	1529	1.232161
610	1528	1.231355
611	1528	1.231355
612	1526	1.229744
613	1528	1.231355
614	1530	1.232967
615	1530	1.232967
616	1530	1.232967
617	1529	1.232161
618	1530	1.232967
619	1531	1.233773
620	1530	1.232967
621	1529	1.232161
622	1530	1.232967
623	1530	1.232967
624	1528	1.231355
625	1528	1.231355
626	1529	1.232161
627	1528	1.231355
628	1528	1.231355
629	1529	1.232161
630	1530	1.232967
631	1529	1.232161
632	1527	1.230549
633	1527	1.230549
634	1528	1.231355
635	1529	1.232161
636	1530	1.232967
637	1529	1.232161
638	1529	1.232161
639	1531	1.233773
640	1530	1.232967
641	1530	1.232967
642	1530	1.232967
643	1530	1.232967
644	1530	1.232967
645	1530	1.232967
646	1530	1.232967
647	1530	1.232967
648	1531	1.233773
649	1530	1.232967
650	1529	1.232161
651	1529	1.232161
652	1530	1.232967
653	1531	1.233773
654	1530	1.232967
655	1531	1.233773
656	1528	1.231355
657	1531	1.233773
658	1531	1.233773
659	1531	1.233773
660	1531	1.233773
661	1530	1.232967
662	1531	1.233773
663	1530	1.232967
664	1530	1.232967
665	1530	1.232967
666	1530	1.232967
667	1530	1.232967
668	1528	1.231355
669	1530	1.232967
670	1530	1.232967
671	1530	1.232967
672	1530	1.232967
673	1530	1.232967
674	1530	1.232967
675	1528	1.231355
676	1530	1.232967
677	1530	1.232967
678	1528	1.231355
679	1528	1.231355
680	1531	1.233773
681	1531	1.233773
682	1530	1.232967
683	1530	1.232967
684	1531	1.233773
685	1531	1.233773
686	1530	1.232967
687	1528	1.231355
688	1531	1.233773
689	1526	1.229744
690	1531	1.233773
691	1530	1.232967
692	1530	1.232967
693	1530	1.232967
694	1529	1.232161
695	1530	1.232967
696	1530	1.232967
697	1528	1.231355
698	1529	1.232161
699	1528	1.231355
700	1529	1.232161
701	1530	1.232967
702	1530	1.232967
703	1529	1.232161
704	1531	1.233773
705	1530	1.232967
706	1531	1.233773
707	1530	1.232967
708	1531	1.233773
709	1530	1.232967
710	1531	1.233773
711	1529	1.232161
712	1529	1.232161
713	1530	1.232967
714	1529	1.232161
715	1529	1.232161
716	1528	1.231355
717	1528	1.231355
718	1531	1.233773
719	1531	1.233773
720	1531	1.233773
721	1531	1.233773
722	1531	1.233773
723	1531	1.233773
724	1531	1.233773
725	1536	1.237802
726	1536	1.237802
727	1536	1.237802
728	1531	1.233773
729	1536	1.237802
730	1536	1.237802
731	1536	1.237802
732	1536	1.237802
733	1536	1.237802
734	1536	1.237802
735	1536	1.237802
736	1536	1.237802
737	1531	1.233773
738	1531	1.233773
739	1531	1.233773
740	1531	1.233773
741	1530	1.232967
742	1536	1.237802
743	1536	1.237802
744	1537	1.238608
745	1536	1.237802
746	1536	1.237802
747	1536	1.237802
748	1536	1.237802
749	1538	1.239414
750	1536	1.237802
751	1537	1.238608
752	1536	1.237802
753	1538	1.239414
754	1538	1.239414
755	1537	1.238608
756	1538	1.239414
757	1537	1.238608
758	1538	1.239414
759	1539	1.240220
760	1538	1.239414
761	1536	1.237802
762	1539	1.240220
763	1538	1.239414
764	1538	1.239414
765	1538	1.239414
766	1538	1.239414
767	1538	1.239414
768	1538	1.239414
769	1539	1.240220
770	1538	1.239414
771	1538	1.239414
772	1538	1.239414
773	1538	1.239414
774	1538	1.239414
775	1536	1.237802
776	1538	1.239414
777	1538	1.239414
778	1538	1.239414
779	1537	1.238608
780	1538	1.239414
781	1538	1.239414
782	1539	1.240220
783	1539	1.240220
784	1539	1.240220
785	1539	1.240220
786	1539	1.240220
787	1539	1.240220
788	1539	1.240220
789	1539	1.240220
790	1539	1.240220
791	1539	1.240220
792	1539	1.240220
793	1538	1.239414
794	1539	1.240220
795	1539	1.240220
796	1538	1.239414
797	1539	1.240220
798	1539	1.240220
799	1538	1.239414
800	1539	1.240220
801	1539	1.240220
802	1539	1.240220
803	1539	1.240220
804	1539	1.240220
805	1539	1.240220
806	1539	1.240220
807	1539	1.240220
808	1539	1.240220
809	1539	1.240220
810	1539	1.240220
811	1539	1.240220
812	1539	1.240220
813	1539	1.240220
814	1539	1.240220
815	1539	1.240220
816	1539	1.240220
817	1542	1.242637
818	1539	1.240220
819	1539	1.240220
820	1539	1.240220
821	1539	1.240220
822	1539	1.240220
823	1539	1.240220
824	1539	1.240220
825	1539	1.240220
826	1539	1.240220
827	1539	1.240220
828	1539	1.240220
829	1539	1.240220
830	1536	1.237802
831	1538	1.239414
832	1539	1.240220
833	1539	1.240220
834	1539	1.240220
835	1539	1.240220
836	1539	1.240220
837	1539	1.240220
838	1542	1.242637
839	1539	1.240220
840	1539	1.240220
841	1539	1.240220
842	1539	1.240220
843	1539	1.240220
844	1538	1.239414
845	1539	1.240220
846	1539	1.240220
847	1539	1.240220
848	1543	1.243443
849	1539	1.240220
850	1539	1.240220
851	1539	1.240220
852	1539	1.240220
853	1539	1.240220
854	1539	1.240220
855	1539	1.240220
856	1539	1.240220
857	1539	1.240220
858	1539	1.240220
859	1539	1.240220
860	1538	1.239414
861	1539	1.240220
862	1539	1.240220
863	1539	1.240220
864	1539	1.240220
865	1539	1.240220
866	1539	1.240220
867	1539	1.240220
868	1539	1.240220
869	1543	1.243443
870	1539	1.240220
871	1539	1.240220
872	1539	1.240220
873	1539	1.240220
874	1539	1.240220
875	1542	1.242637
876	1539	1.240220
877	1539	1.240220
878	1539	1.240220
879	1539	1.240220
880	1539	1.240220
881	1539	1.240220
882	1539	1.240220
883	1539	1.240220
884	1539	1.240220
885	1538	1.239414
886	1539	1.240220
887	1539	1.240220
888	1539	1.240220
889	1542	1.242637
890	1542	1.242637
891	1543	1.243443
892	1544	1.244249
893	1539	1.240220
894	1539	1.240220
895	1544	1.244249
896	1539	1.240220
897	1543	1.243443
898	1539	1.240220
899	1539	1.240220
900	1546	1.245861
901	1539	1.240220
902	1539	1.240220
903	1539	1.240220
904	1539	1.240220
905	1539	1.240220
906	1539	1.240220
907	1539	1.240220
908	1539	1.240220
909	1544	1.244249
910	1539	1.240220
911	1539	1.240220
912	1539	1.240220
913	1539	1.240220
914	1539	1.240220
915	1539	1.240220
916	1539	1.240220
917	1539	1.240220
918	1538	1.239414
919	1539	1.240220
920	1539	1.240220
921	1539	1.240220
922	1544	1.244249
923	1542	1.242637
924	1539	1.240220
925	1542	1.242637
926	1542	1.242637
927	1544	1.244249
928	1539	1.240220
929	1542	1.242637
930	1539	1.240220
931	1539	1.240220
932	1539	1.240220
933	1539	1.240220
934	1539	1.240220
935	1539	1.240220
936	1539	1.240220
937	1539	1.240220
938	1539	1.240220
939	1539	1.240220
940	1539	1.240220
941	1539	1.240220
942	1542	1.242637
943	1539	1.240220
944	1539	1.240220
945	1539	1.240220
946	1539	1.240220
947	1538	1.239414
948	1543	1.243443
949	1539	1.240220
950	1543	1.243443
951	1539	1.240220
952	1539	1.240220
953	1539	1.240220
954	1539	1.240220
955	1538	1.239414
956	1539	1.240220
957	1536	1.237802
958	1539	1.240220
959	1538	1.239414
960	1538	1.239414
961	1538	1.239414
962	1538	1.239414
963	1537	1.238608
964	1538	1.239414
965	1538	1.239414
966	1537	1.238608
967	1539	1.240220
968	1539	1.240220
969	1538	1.239414
970	1538	1.239414
971	1538	1.239414
972	1539	1.240220
973	1539	1.240220
974	1538	1.239414
975	1538	1.239414
976	1539	1.240220
977	1538	1.239414
978	1539	1.240220
979	1539	1.240220
980	1539	1.240220
981	1538	1.239414
982	1538	1.239414
983	1538	1.239414
984	1538	1.239414
985	1538	1.239414
986	1536	1.237802
987	1536	1.237802
988	1536	1.237802
989	1536	1.237802
990	1538	1.239414
991	1539	1.240220
992	1539	1.240220
993	1538	1.239414
994	1539	1.240220
995	1539	1.240220
996	1539	1.240220
997	1538	1.239414
998	1538	1.239414
999	1538	1.239414
1000	1538	1.239414
1001	1536	1.237802
1002	1537	1.238608
1003	1537	1.238608
1004	1536	1.237802
1005	1537	1.238608
1006	1536	1.237802
1007	1536	1.237802
1008	1536	1.237802
1009	1536	1.237802
1010	1536	1.237802
1011	1536	1.237802
1012	1538	1.239414
1013	1538	1.239414
1014	1536	1.237802
1015	1536	1.237802
1016	1538	1.239414
1017	1536	1.237802
1018	1536	1.237802
1019	1537	1.238608
1020	1536	1.237802
1021	1538	1.239414
1022	1536	1.237802
1023	1538	1.239414
1024	1538	1.239414
1025	1538	1.239414
1026	1538	1.239414
1027	1536	1.237802
1028	1538	1.239414
1029	1538	1.239414
1030	1536	1.237802
1031	1536	1.237802
1032	1536	1.237802
1033	1538	1.239414
1034	1538	1.239414
1035	1536	1.237802
1036	1539	1.240220
1037	1538	1.239414
1038	1539	1.240220
1039	1539	1.240220
1040	1539	1.240220
1041	1539	1.240220
1042	1539	1.240220
1043	1539	1.240220
1044	1539	1.240220
1045	1539	1.240220
1046	1539	1.240220
1047	1539	1.240220
1048	1539	1.240220
1049	1538	1.239414
1050	1539	1.240220
1051	1538	1.239414
1052	1539	1.240220
1053	1539	1.240220
1054	1539	1.240220
1055	1539	1.240220
1056	1542	1.242637
1057	1539	1.240220
1058	1539	1.240220
1059	1539	1.240220
1060	1539	1.240220
1061	1539	1.240220
1062	1539	1.240220
1063	1539	1.240220
1064	1539	1.240220
1065	1539	1.240220
1066	1539	1.240220
1067	1539	1.240220
1068	1539	1.240220
1069	1539	1.240220
1070	1539	1.240220
1071	1539	1.240220
1072	1542	1.242637
1073	1542	1.242637
1074	1542	1.242637
1075	1542	1.242637
1076	1542	1.242637
1077	1542	1.242637
1078	1542	1.242637
1079	1539	1.240220
1080	1539	1.240220
1081	1539	1.240220
1082	1539	1.240220
1083	1542	1.242637
1084	1539	1.240220
1085	1542	1.242637
1086	1542	1.242637
1087	1539	1.240220
1088	1539	1.240220
1089	1539	1.240220
1090	1542	1.242637
1091	1539	1.240220
1092	1539	1.240220
1093	1542	1.242637
1094	1539	1.240220
1095	1539	1.240220
1096	1539	1.240220
1097	1539	1.240220
1098	1539	1.240220
1099	1539	1.240220
1100	1539	1.240220
1101	1539	1.240220
1102	1539	1.240220
1103	1539	1.240220
1104	1539	1.240220
1105	1539	1.240220
1106	1539	1.240220
1107	1539	1.240220
1108	1539	1.240220
1109	1542	1.242637
1110	1539	1.240220
1111	1539	1.240220
1112	1539	1.240220
1113	1539	1.240220
1114	1539	1.240220
1115	1539	1.240220
1116	1542	1.242637
1117	1542	1.242637
1118	1539	1.240220
1119	1543	1.243443
1120	1539	1.240220
1121	1543	1.243443
1122	1539	1.240220
1123	1544	1.244249
1124	1543	1.243443
1125	1542	1.242637
1126	1544	1.244249
1127	1543	1.243443
1128	1539	1.240220
1129	1539	1.240220
1130	1539	1.240220
1131	1539	1.240220
1132	1539	1.240220
1133	1539	1.240220
1134	1542	1.242637
1135	1542	1.242637
1136	1539	1.240220
1137	1539	1.240220
1138	1539	1.240220
1139	1539	1.240220
1140	1539	1.240220
1141	1542	1.242637
1142	1539	1.240220
1143	1539	1.240220
1144	1542	1.242637
1145	1539	1.240220
1146	1539	1.240220
1147	1539	1.240220
1148	1539	1.240220
1149	1539	1.240220
1150	1539	1.240220
1151	1539	1.240220
1152	1539	1.240220
1153	1542	1.242637
1154	1539	1.240220
1155	1542	1.242637
1156	1542	1.242637
1157	1539	1.240220
1158	1545	1.245055
1159	1542	1.242637
1160	1543	1.243443
1161	1543	1.243443
1162	1543	1.243443
1163	1539	1.240220
1164	1539	1.240220
1165	1539	1.240220
1166	1539	1.240220
1167	1543	1.243443
1168	1539	1.240220
1169	1539	1.240220
1170	1543	1.243443
1171	1543	1.243443
1172	1542	1.242637
1173	1544	1.244249
1174	1543	1.243443
1175	1544	1.244249
1176	1539	1.240220
1177	1546	1.245861
1178	1544	1.244249
1179	1544	1.244249
1180	1544	1.244249
1181	1542	1.242637
1182	1539	1.240220
1183	1542	1.242637
1184	1539	1.240220
1185	1542	1.242637
1186	1543	1.243443
1187	1543	1.243443
1188	1542	1.242637
1189	1542	1.242637
1190	1544	1.244249
1191	1539	1.240220
1192	1542	1.242637
1193	1544	1.244249
1194	1539	1.240220
1195	1542	1.242637
1196	1543	1.243443
1197	1542	1.242637
1198	1542	1.242637
1199	1544	1.244249
1200	1544	1.244249
1201	1539	1.240220
1202	1539	1.240220
1203	1544	1.244249
1204	1544	1.244249
1205	1539	1.240220
1206	1544	1.244249
1207	1544	1.244249
1208	1544	1.244249
1209	1539	1.240220
1210	1539	1.240220
1211	1542	1.242637
1212	1542	1.242637
1213	1539	1.240220
1214	1539	1.240220
1215	1539	1.240220
1216	1539	1.240220
1217	1539	1.240220
1218	1542	1.242637
1219	1543	1.243443
1220	1539	1.240220
1221	1543	1.243443
1222	1542	1.242637
1223	1545	1.245055
1224	1543	1.243443
1225	1543	1.243443
1226	1545	1.245055
1227	1544	1.244249
1228	1543	1.243443
1229	1543	1.243443
1230	1543	1.243443
1231	1544	1.244249
1232	1544	1.244249
1233	1543	1.243443
1234	1539	1.240220
1235	1539	1.240220
1236	1542	1.242637
1237	1539	1.240220
1238	1542	1.242637
1239	1542	1.242637
1240	1544	1.244249
1241	1539	1.240220
1242	1546	1.245861
1243	1544	1.244249
1244	1544	1.244249
1245	1546	1.245861
1246	1546	1.245861
1247	1544	1.244249
1248	1544	1.244249
1249	1544	1.244249
1250	1542	1.242637
1251	1546	1.245861
1252	1546	1.245861
1253	1544	1.244249
1254	1544	1.244249
1255	1542	1.242637
1256	1542	1.242637
1257	1544	1.244249
1258	1544	1.244249
1259	1544	1.244249
1260	1539	1.240220
1261	1543	1.243443
1262	1543	1.243443
1263	1542	1.242637
1264	1545	1.245055
1265	1544	1.244249
1266	1543	1.243443
1267	1544	1.244249
1268	1544	1.244249
1269	1539	1.240220
1270	1544	1.244249
1271	1544	1.244249
1272	1544	1.244249
1273	1546	1.245861
1274	1546	1.245861
1275	1544	1.244249
1276	1545	1.245055
1277	1544	1.244249
1278	1545	1.245055
1279	1546	1.245861
1280	1547	1.246667
1281	1546	1.245861
1282	1544	1.244249
1283	1546	1.245861
1284	1546	1.245861
1285	1546	1.245861
1286	1545	1.245055
1287	1543	1.243443
1288	1544	1.244249
1289	1546	1.245861
1290	1547	1.246667
1291	1547	1.246667
1292	1544	1.244249
1293	1546	1.245861
1294	1544	1.244249
1295	1546	1.245861
1296	1545	1.245055
1297	1544	1.244249
1298	1544	1.244249
1299	1544	1.244249
1300	1544	1.244249
1301	1546	1.245861
1302	1547	1.246667
1303	1546	1.245861
1304	1547	1.246667
1305	1546	1.245861
1306	1545	1.245055
1307	1546	1.245861
1308	1545	1.245055
1309	1544	1.244249
1310	1545	1.245055
1311	1546	1.245861
1312	1547	1.246667
1313	1547	1.246667
1314	1546	1.245861
1315	1547	1.246667
1316	1546	1.245861
1317	1546	1.245861
1318	1547	1.246667
1319	1546	1.245861
1320	1544	1.244249
1321	1546	1.245861
1322	1547	1.246667
1323	1544	1.244249
1324	1547	1.246667
1325	1544	1.244249
1326	1544	1.244249
1327	1546	1.245861
1328	1545	1.245055
1329	1545	1.245055
1330	1547	1.246667
1331	1546	1.245861
1332	1546	1.245861
1333	1547	1.246667
1334	1544	1.244249
1335	1546	1.245861
1336	1547	1.246667
1337	1546	1.245861
1338	1547	1.246667
1339	1546	1.245861
1340	1547	1.246667
1341	1547	1.246667
1342	1547	1.246667
1343	1546	1.245861
1344	1547	1.246667
1345	1546	1.245861
1346	1546	1.245861
1347	1544	1.244249
1348	1546	1.245861
1349	1546	1.245861
1350	1547	1.246667
1351	1547	1.246667
1352	1547	1.246667
1353	1547	1.246667
1354	1547	1.246667
1355	1547	1.246667
1356	1547	1.246667
1357	1546	1.245861
1358	1547	1.246667
1359	1546	1.245861
1360	1546	1.245861
1361	1546	1.245861
1362	1547	1.246667
1363	1547	1.246667
1364	1546	1.245861
1365	1547	1.246667
1366	1547	1.246667
1367	1547	1.246667
1368	1547	1.246667
1369	1547	1.246667
1370	1547	1.246667
1371	1547	1.246667
1372	1547	1.246667
1373	1547	1.246667
1374	1547	1.246667
1375	1547	1.246667
1376	1551	1.249890
1377	1547	1.246667
1378	1547	1.246667
1379	1547	1.246667
1380	1547	1.246667
1381	1547	1.246667
1382	1547	1.246667
1383	1547	1.246667
1384	1547	1.246667
1385	1547	1.246667
1386	1547	1.246667
1387	1550	1.249084
1388	1550	1.249084
1389	1547	1.246667
1390	1550	1.249084
1391	1547	1.246667
1392	1547	1.246667
1393	1547	1.246667
1394	1547	1.246667
1395	1550	1.249084
1396	1547	1.246667
1397	1551	1.249890
1398	1550	1.249084
1399	1551	1.249890
1400	1551	1.249890
1401	1551	1.249890
1402	1551	1.249890
1403	1551	1.249890
1404	1547	1.246667
1405	1547	1.246667
1406	1547	1.246667
1407	1551	1.249890
1408	1547	1.246667
1409	1551	1.249890
1410	1550	1.249084
1411	1551	1.249890
1412	1547	1.246667
1413	1551	1.249890
1414	1551	1.249890
1415	1551	1.249890
1416	1551	1.249890
1417	1551	1.249890
1418	1547	1.246667
1419	1551	1.249890
1420	1551	1.249890
1421	1551	1.249890
1422	1551	1.249890
1423	1551	1.249890
1424	1551	1.249890
1425	1551	1.249890
1426	1551	1.249890
1427	1551	1.249890
1428	1551	1.249890
1429	1551	1.249890
1430	1551	1.249890
1431	1551	1.249890
1432	1551	1.249890
1433	1551	1.249890
1434	1551	1.249890
1435	1551	1.249890
1436	1551	1.249890
1437	1551	1.249890
1438	1551	1.249890
1439	1551	1.249890
1440	1551	1.249890
1441	1551	1.249890
1442	1551	1.249890
1443	1555	1.253114
1444	1551	1.249890
1445	1555	1.253114
1446	1551	1.249890
1447	1551	1.249890
1448	1551	1.249890
1449	1551	1.249890
1450	1551	1.249890
1451	1551	1.249890
1452	1555	1.253114
1453	1555	1.253114
1454	1551	1.249890
1455	1551	1.249890
1456	1551	1.249890
1457	1551	1.249890
1458	1551	1.249890
1459	1555	1.253114
1460	1554	1.252308
1461	1555	1.253114
1462	1555	1.253114
1463	1551	1.249890
1464	1551	1.249890
1465	1555	1.253114
1466	1555	1.253114
1467	1555	1.253114
1468	1555	1.253114
1469	1555	1.253114
1470	1555	1.253114
1471	1551	1.249890
1472	1555	1.253114
1473	1558	1.255531
1474	1555	1.253114
1475	1555	1.253114
1476	1559	1.256337
1477	1555	1.253114
1478	1555	1.253114
1479	1555	1.253114
1480	1555	1.253114
1481	1555	1.253114
1482	1551	1.249890
1483	1555	1.253114
1484	1555	1.253114
1485	1555	1.253114
1486	1555	1.253114
1487	1559	1.256337
1488	1559	1.256337
1489	1559	1.256337
1490	1555	1.253114
1491	1558	1.255531
1492	1555	1.253114
1493	1555	1.253114
1494	1558	1.255531
1495	1555	1.253114
1496	1555	1.253114
1497	1555	1.253114
1498	1555	1.253114
1499	1555	1.253114
1500	1551	1.249890
1501	1555	1.253114
1502	1555	1.253114
1503	1555	1.253114
1504	1555	1.253114
1505	1555	1.253114
1506	1555	1.253114
1507	1555	1.253114
1508	1555	1.253114
1509	1555	1.253114
1510	1555	1.253114
1511	1555	1.253114
1512	1555	1.253114
1513	1555	1.253114
1514	1555	1.253114
1515	1559	1.256337
1516	1555	1.253114
1517	1555	1.253114
1518	1558	1.255531
1519	1555	1.253114
1520	1555	1.253114
1521	1560	1.257143
1522	1559	1.256337
1523	1560	1.257143
1524	1560	1.257143
1525	1560	1.257143
1526	1560	1.257143
1527	1560	1.257143
1528	1560	1.257143
1529	1560	1.257143
1530	1560	1.257143
1531	1560	1.257143
1532	1558	1.255531
1533	1562	1.258755
1534	1561	1.257949
1535	1560	1.257143
1536	1560	1.257143
1537	1562	1.258755
1538	1560	1.257143
1539	1560	1.257143
1540	1560	1.257143
1541	1560	1.257143
1542	1561	1.257949
1543	1562	1.258755
1544	1562	1.258755
1545	1560	1.257143
1546	1568	1.263590
1547	1563	1.259560
1548	1560	1.257143
1549	1562	1.258755
1550	1562	1.258755
1551	1561	1.257949
1552	1560	1.257143
1553	1562	1.258755
1554	1562	1.258755
1555	1560	1.257143
1556	1559	1.256337
1557	1560	1.257143
1558	1560	1.257143
1559	1560	1.257143
1560	1562	1.258755
1561	1561	1.257949
1562	1562	1.258755
1563	1562	1.258755
1564	1562	1.258755
1565	1562	1.258755
1566	1560	1.257143
1567	1568	1.263590
1568	1568	1.263590
1569	1562	1.258755
1570	1562	1.258755
1571	1562	1.258755
1572	1562	1.258755
1573	1562	1.258755
1574	1563	1.259560
1575	1562	1.258755
1576	1563	1.259560
1577	1562	1.258755
1578	1568	1.263590
1579	1568	1.263590
1580	1563	1.259560
1581	1568	1.263590
1582	1568	1.263590
1583	1568	1.263590
1584	1568	1.263590
1585	1568	1.263590
1586	1568	1.263590
1587	1568	1.263590
1588	1568	1.263590
1589	1568	1.263590
1590	1568	1.263590
1591	1568	1.263590
1592	1568	1.263590
1593	1568	1.263590
1594	1568	1.263590
1595	1563	1.259560
1596	1562	1.258755
1597	1568	1.263590
1598	1568	1.263590
1599	1568	1.263590
1600	1568	1.263590
1601	1568	1.263590
1602	1568	1.263590
1603	1568	1.263590
1604	1568	1.263590
1605	1568	1.263590
1606	1568	1.263590
1607	1568	1.263590
1608	1568	1.263590
1609	1568	1.263590
1610	1568	1.263590
1611	1568	1.263590
1612	1569	1.264396
1613	1568	1.263590
1614	1570	1.265201
1615	1568	1.263590
1616	1568	1.263590
1617	1568	1.263590
1618	1568	1.263590
1619	1568	1.263590
1620	1568	1.263590
1621	1568	1.263590
1622	1568	1.263590
1623	1568	1.263590
1624	1568	1.263590
1625	1568	1.263590
1626	1568	1.263590
1627	1568	1.263590
1628	1568	1.263590
1629	1568	1.263590
1630	1568	1.263590
1631	1568	1.263590
1632	1568	1.263590
1633	1568	1.263590
1634	1568	1.263590
1635	1568	1.263590
1636	1568	1.263590
1637	1568	1.263590
1638	1568	1.263590
1639	1568	1.263590
1640	1568	1.263590
1641	1568	1.263590
1642	1568	1.263590
1643	1568	1.263590
1644	1568	1.263590
1645	1568	1.263590
1646	1568	1.263590
1647	1568	1.263590
1648	1568	1.263590
1649	1568	1.263590
1650	1568	1.263590
1651	1568	1.263590
1652	1568	1.263590
1653	1568	1.263590
1654	1568	1.263590
1655	1568	1.263590
1656	1568	1.263590
1657	1568	1.263590
1658	1568	1.263590
1659	1568	1.263590
1660	1568	1.263590
1661	1568	1.263590
1662	1568	1.263590
1663	1562	1.258755
1664	1562	1.258755
1665	1560	1.257143
1666	1568	1.263590
1667	1568	1.263590
1668	1568	1.263590
1669	1568	1.263590
1670	1563	1.259560
1671	1568	1.263590
1672	1568	1.263590
1673	1568	1.263590
1674	1568	1.263590
1675	1568	1.263590
1676	1560	1.257143
1677	1563	1.259560
1678	1563	1.259560
1679	1562	1.258755
1680	1562	1.258755
1681	1568	1.263590
1682	1568	1.263590
1683	1568	1.263590
1684	1568	1.263590
1685	1568	1.263590
1686	1568	1.263590
1687	1568	1.263590
1688	1568	1.263590
1689	1568	1.263590
1690	1568	1.263590
1691	1568	1.263590
1692	1562	1.258755
1693	1561	1.257949
1694	1559	1.256337
1695	1560	1.257143
1696	1560	1.257143
1697	1560	1.257143
1698	1562	1.258755
1699	1560	1.257143
1700	1560	1.257143
1701	1568	1.263590
1702	1562	1.258755
1703	1562	1.258755
1704	1560	1.257143
1705	1560	1.257143
1706	1563	1.259560
1707	1560	1.257143
1708	1562	1.258755
1709	1563	1.259560
1710	1568	1.263590
1711	1568	1.263590
1712	1568	1.263590
1713	1568	1.263590
1714	1568	1.263590
1715	1568	1.263590
1716	1568	1.263590
1717	1568	1.263590
1718	1568	1.263590
1719	1568	1.263590
1720	1560	1.257143
1721	1555	1.253114
1722	1560	1.257143
1723	1555	1.253114
1724	1558	1.255531
1725	1560	1.257143
1726	1559	1.256337
1727	1555	1.253114
1728	1555	1.253114
1729	1555	1.253114
1730	1551	1.249890
1731	1555	1.253114
1732	1555	1.253114
1733	1555	1.253114
1734	1555	1.253114
1735	1555	1.253114
1736	1555	1.253114
1737	1555	1.253114
1738	1559	1.256337
1739	1555	1.253114
1740	1558	1.255531
1741	1558	1.255531
1742	1559	1.256337
1743	1555	1.253114
1744	1562	1.258755
1745	1560	1.257143
1746	1555	1.253114
1747	1555	1.253114
1748	1555	1.253114
1749	1562	1.258755
1750	1561	1.257949
1751	1562	1.258755
1752	1562	1.258755
1753	1560	1.257143
1754	1562	1.258755
1755	1560	1.257143
1756	1560	1.257143
1757	1559	1.256337
1758	1560	1.257143
1759	1555	1.253114
1760	1555	1.253114
1761	1555	1.253114
1762	1555	1.253114
1763	1555	1.253114
1764	1555	1.253114
1765	1555	1.253114
1766	1555	1.253114
1767	1555	1.253114
1768	1559	1.256337
1769	1558	1.255531
1770	1562	1.258755
1771	1562	1.258755
1772	1562	1.258755
1773	1560	1.257143
1774	1560	1.257143
1775	1561	1.257949
1776	1562	1.258755
1777	1568	1.263590
1778	1568	1.263590
1779	1562	1.258755
1780	1559	1.256337
1781	1555	1.253114
1782	1551	1.249890
1783	1555	1.253114
1784	1555	1.253114
1785	1555	1.253114
1786	1555	1.253114
1787	1551	1.249890
1788	1551	1.249890
1789	1547	1.246667
1790	1547	1.246667
1791	1547	1.246667
1792	1551	1.249890
1793	1555	1.253114
1794	1555	1.253114
1795	1551	1.249890
1796	1551	1.249890
1797	1550	1.249084
1798	1551	1.249890
1799	1551	1.249890
1800	1551	1.249890
1801	1558	1.255531
1802	1551	1.249890
1803	1547	1.246667
1804	1546	1.245861
1805	1544	1.244249
1806	1546	1.245861
1807	1547	1.246667
1808	1551	1.249890
1809	1555	1.253114
1810	1558	1.255531
1811	1555	1.253114
1812	1555	1.253114
1813	1558	1.255531
1814	1555	1.253114
1815	1555	1.253114
1816	1551	1.249890
1817	1555	1.253114
1818	1551	1.249890
1819	1547	1.246667
1820	1550	1.249084
1821	1547	1.246667
1822	1551	1.249890
1823	1551	1.249890
1824	1551	1.249890
1825	1547	1.246667
1826	1551	1.249890
1827	1555	1.253114
1828	1555	1.253114
1829	1555	1.253114
1830	1555	1.253114
1831	1555	1.253114
1832	1558	1.255531
1833	1562	1.258755
1834	1558	1.255531
1835	1551	1.249890
1836	1551	1.249890
1837	1555	1.253114
1838	1555	1.253114
1839	1555	1.253114
1840	1555	1.253114
1841	1555	1.253114
1842	1555	1.253114
1843	1555	1.253114
1844	1555	1.253114
1845	1558	1.255531
1846	1558	1.255531
1847	1555	1.253114
1848	1558	1.255531
1849	1560	1.257143
1850	1560	1.257143
1851	1560	1.257143
1852	1551	1.249890
1853	1558	1.255531
1854	1555	1.253114
1855	1555	1.253114
1856	1551	1.249890
1857	1555	1.253114
1858	1551	1.249890
1859	1555	1.253114
1860	1555	1.253114
1861	1555	1.253114
1862	1551	1.249890
1863	1551	1.249890
1864	1551	1.249890
1865	1555	1.253114
1866	1550	1.249084
1867	1551	1.249890
1868	1547	1.246667
1869	1547	1.246667
1870	1547	1.246667
1871	1551	1.249890
1872	1560	1.257143
1873	1562	1.258755
1874	1555	1.253114
1875	1560	1.257143
1876	1555	1.253114
1877	1555	1.253114
1878	1551	1.249890
1879	1558	1.255531
1880	1568	1.263590
1881	1562	1.258755
1882	1562	1.258755
1883	1562	1.258755
1884	1560	1.257143
1885	1560	1.257143
1886	1560	1.257143
1887	1563	1.259560
1888	1562	1.258755
1889	1562	1.258755
1890	1568	1.263590
1891	1568	1.263590
1892	1568	1.263590
1893	1562	1.258755
1894	1560	1.257143
1895	1560	1.257143
1896	1558	1.255531
1897	1562	1.258755
1898	1568	1.263590
1899	1568	1.263590
1900	1568	1.263590
1901	1568	1.263590
1902	1568	1.263590
1903	1568	1.263590
1904	1563	1.259560
1905	1561	1.257949
1906	1562	1.258755
1907	1562	1.258755
1908	1560	1.257143
1909	1568	1.263590
1910	1568	1.263590
1911	1568	1.263590
1912	1568	1.263590
1913	1562	1.258755
1914	1563	1.259560
1915	1568	1.263590
1916	1568	1.263590
1917	1561	1.257949
1918	1562	1.258755
1919	1568	1.263590
1920	1568	1.263590
1921	1568	1.263590
1922	1568	1.263590
1923	1568	1.263590
1924	1560	1.257143
1925	1559	1.256337
1926	1555	1.253114
1927	1559	1.256337
1928	1560	1.257143
1929	1562	1.258755
1930	1568	1.263590
1931	1568	1.263590
1932	1568	1.263590
1933	1551	1.249890
1934	1547	1.246667
1935	1550	1.249084
1936	1555	1.253114
1937	1555	1.253114
1938	1563	1.259560
1939	1568	1.263590
1940	1563	1.259560
1941	1568	1.263590
1942	1568	1.263590
1943	1568	1.263590
1944	1568	1.263590
1945	1568	1.263590
1946	1568	1.263590
1947	1568	1.263590
1948	1569	1.264396
1949	1570	1.265201
1950	1568	1.263590
1951	1570	1.265201
1952	1569	1.264396
1953	1570	1.265201
1954	1568	1.263590
1955	1568	1.263590
1956	1569	1.264396
1957	1568	1.263590
1958	1568	1.263590
1959	1562	1.258755
1960	1560	1.257143
1961	1568	1.263590
1962	1568	1.263590
1963	1569	1.264396
1964	1568	1.263590
1965	1568	1.263590
1966	1568	1.263590
1967	1568	1.263590
1968	1563	1.259560
1969	1568	1.263590
1970	1568	1.263590
1971	1560	1.257143
1972	1562	1.258755
1973	1562	1.258755
1974	1568	1.263590
1975	1568	1.263590
1976	1568	1.263590
1977	1568	1.263590
1978	1568	1.263590
1979	1568	1.263590
1980	1568	1.263590
1981	1568	1.263590
1982	1570	1.265201
1983	1571	1.266007
1984	1570	1.265201
1985	1571	1.266007
1986	1571	1.266007
1987	1570	1.265201
1988	1570	1.265201
1989	1576	1.270037
1990	1578	1.271648
1991	1578	1.271648
1992	1576	1.270037
1993	1577	1.270842
1994	1571	1.266007
1995	1575	1.269231
1996	1571	1.266007
1997	1571	1.266007
1998	1571	1.266007
1999	1571	1.266007
2000	1571	1.266007
2001	1571	1.266007
2002	1571	1.266007
2003	1571	1.266007
2004	1571	1.266007
2005	1571	1.266007
2006	1570	1.265201
2007	1571	1.266007
2008	1571	1.266007
2009	1571	1.266007
2010	1571	1.266007
2011	1574	1.268425
2012	1571	1.266007
2013	1575	1.269231
2014	1577	1.270842
2015	1577	1.270842
2016	1578	1.271648
2017	1571	1.266007
2018	1574	1.268425
2019	1570	1.265201
2020	1570	1.265201
2021	1571	1.266007
2022	1576	1.270037
2023	1576	1.270037
2024	1571	1.266007
2025	1575	1.269231
2026	1577	1.270842
2027	1578	1.271648
2028	1579	1.272454
2029	1579	1.272454
2030	1578	1.271648
2031	1579	1.272454
2032	1576	1.270037
2033	1579	1.272454
2034	1583	1.275678
2035	1579	1.272454
2036	1579	1.272454
2037	1579	1.272454
2038	1578	1.271648
2039	1576	1.270037
2040	1579	1.272454
2041	1579	1.272454
2042	1577	1.270842
2043	1579	1.272454
2044	1583	1.275678
2045	1583	1.275678
2046	1583	1.275678
2047	1583	1.275678
2048	1583	1.275678
2049	1583	1.275678
2050	1579	1.272454
2051	1579	1.272454
2052	1576	1.270037
2053	1579	1.272454
2054	1578	1.271648
2055	1578	1.271648
2056	1577	1.270842
2057	1579	1.272454
2058	1582	1.274872
2059	1583	1.275678
2060	1583	1.275678
2061	1583	1.275678
2062	1583	1.275678
2063	1583	1.275678
2064	1579	1.272454
2065	1583	1.275678
2066	1583	1.275678
2067	1583	1.275678
2068	1579	1.272454
2069	1583	1.275678
2070	1583	1.275678
2071	1583	1.275678
2072	1583	1.275678
2073	1583	1.275678
2074	1587	1.278901
2075	1590	1.281319
2076	1591	1.282125
2077	1587	1.278901
2078	1583	1.275678
2079	1579	1.272454
2080	1576	1.270037
2081	1579	1.272454
2082	1579	1.272454
2083	1586	1.278095
2084	1583	1.275678
2085	1583	1.275678
2086	1583	1.275678
2087	1583	1.275678
2088	1582	1.274872
2089	1583	1.275678
2090	1583	1.275678
2091	1583	1.275678
2092	1579	1.272454
2093	1579	1.272454
2094	1583	1.275678
2095	1586	1.278095
2096	1583	1.275678
2097	1587	1.278901
2098	1583	1.275678
2099	1583	1.275678
2100	1587	1.278901
2101	1592	1.282930
2102	1587	1.278901
2103	1592	1.282930
2104	1591	1.282125
2105	1594	1.284542
2106	1592	1.282930
2107	1592	1.282930
2108	1592	1.282930
2109	1592	1.282930
2110	1587	1.278901
2111	1594	1.284542
2112	1592	1.282930
2113	1593	1.283736
2114	1594	1.284542
2115	1595	1.285348
2116	1593	1.283736
2117	1595	1.285348
2118	1594	1.284542
2119	1592	1.282930
2120	1592	1.282930
2121	1587	1.278901
2122	1587	1.278901
2123	1594	1.284542
2124	1595	1.285348
2125	1595	1.285348
2126	1595	1.285348
2127	1594	1.284542
2128	1592	1.282930
2129	1590	1.281319
2130	1587	1.278901
2131	1592	1.282930
2132	1587	1.278901
2133	1592	1.282930
2134	1595	1.285348
2135	1594	1.284542
2136	1592	1.282930
2137	1591	1.282125
2138	1587	1.278901
2139	1595	1.285348
2140	1594	1.284542
2141	1594	1.284542
2142	1594	1.284542
2143	1595	1.285348
2144	1598	1.287766
2145	1598	1.287766
2146	1598	1.287766
2147	1599	1.288571
2148	1595	1.285348
2149	1595	1.285348
2150	1595	1.285348
2151	1595	1.285348
2152	1595	1.285348
2153	1599	1.288571
2154	1595	1.285348
2155	1594	1.284542
2156	1594	1.284542
2157	1595	1.285348
2158	1594	1.284542
2159	1592	1.282930
2160	1595	1.285348
2161	1595	1.285348
2162	1598	1.287766
2163	1602	1.290989
2164	1602	1.290989
2165	1602	1.290989
2166	1595	1.285348
2167	1595	1.285348
2168	1599	1.288571
2169	1595	1.285348
2170	1602	1.290989
2171	1600	1.289377
2172	1602	1.290989
2173	1600	1.289377
2174	1603	1.291795
2175	1603	1.291795
2176	1602	1.290989
2177	1602	1.290989
2178	1599	1.288571
2179	1595	1.285348
2180	1601	1.290183
2181	1606	1.294212
2182	1602	1.290989
2183	1602	1.290989
2184	1599	1.288571
2185	1595	1.285348
2186	1603	1.291795
2187	1603	1.291795
2188	1603	1.291795
2189	1609	1.296630
2190	1602	1.290989
2191	1603	1.291795
2192	1603	1.291795
2193	1603	1.291795
2194	1608	1.295824
2195	1600	1.289377
2196	1603	1.291795
2197	1602	1.290989
2198	1603	1.291795
2199	1602	1.290989
2200	1603	1.291795
2201	1603	1.291795
2202	1602	1.290989
2203	1603	1.291795
2204	1603	1.291795
2205	1603	1.291795
2206	1602	1.290989
2207	1602	1.290989
2208	1603	1.291795
2209	1603	1.291795
2210	1602	1.290989
2211	1607	1.295018
2212	1603	1.291795
2213	1610	1.297436
2214	1603	1.291795
2215	1608	1.295824
2216	1603	1.291795
2217	1608	1.295824
2218	1610	1.297436
2219	1609	1.296630
2220	1610	1.297436
2221	1608	1.295824
2222	1611	1.298242
2223	1611	1.298242
2224	1610	1.297436
2225	1609	1.296630
2226	1608	1.295824
2227	1608	1.295824
2228	1611	1.298242
2229	1609	1.296630
2230	1611	1.298242
2231	1606	1.294212
2232	1611	1.298242
2233	1611	1.298242
2234	1610	1.297436
2235	1611	1.298242
2236	1614	1.300659
2237	1610	1.297436
2238	1611	1.298242
2239	1603	1.291795
2240	1611	1.298242
2241	1610	1.297436
2242	1615	1.301465
2243	1615	1.301465
2244	1615	1.301465
2245	1615	1.301465
2246	1615	1.301465
2247	1611	1.298242
2248	1611	1.298242
2249	1611	1.298242
2250	1611	1.298242
2251	1615	1.301465
2252	1615	1.301465
2253	1615	1.301465
2254	1611	1.298242
2255	1615	1.301465
2256	1619	1.304689
2257	1615	1.301465
2258	1615	1.301465
2259	1615	1.301465
2260	1615	1.301465
2261	1615	1.301465
2262	1615	1.301465
2263	1615	1.301465
2264	1615	1.301465
2265	1619	1.304689
2266	1615	1.301465
2267	1615	1.301465
2268	1615	1.301465
2269	1619	1.304689
2270	1615	1.301465
2271	1615	1.301465
2272	1619	1.304689
2273	1615	1.301465
2274	1615	1.301465
2275	1615	1.301465
2276	1615	1.301465
2277	1619	1.304689
2278	1624	1.308718
2279	1619	1.304689
2280	1619	1.304689
2281	1622	1.307106
2282	1619	1.304689
2283	1622	1.307106
2284	1619	1.304689
2285	1615	1.301465
2286	1619	1.304689
2287	1619	1.304689
2288	1625	1.309524
2289	1619	1.304689
2290	1615	1.301465
2291	1624	1.308718
2292	1624	1.308718
2293	1619	1.304689
2294	1632	1.315165
2295	1632	1.315165
2296	1632	1.315165
2297	1626	1.310330
2298	1632	1.315165
2299	1619	1.304689
2300	1626	1.310330
2301	1622	1.307106
2302	1632	1.315165
2303	1632	1.315165
2304	1632	1.315165
2305	1623	1.307912
2306	1632	1.315165
2307	1632	1.315165
2308	1632	1.315165
2309	1626	1.310330
2310	1632	1.315165
2311	1632	1.315165
2312	1624	1.308718
2313	1632	1.315165
2314	1632	1.315165
2315	1632	1.315165
2316	1634	1.316777
2317	1632	1.315165
2318	1632	1.315165
2319	1632	1.315165
2320	1632	1.315165
2321	1632	1.315165
2322	1632	1.315165
2323	1632	1.315165
2324	1632	1.315165
2325	1632	1.315165
2326	1632	1.315165
2327	1632	1.315165
2328	1632	1.315165
2329	1632	1.315165
2330	1632	1.315165
2331	1634	1.316777
2332	1634	1.316777
2333	1632	1.315165
2334	1634	1.316777
2335	1635	1.317582
2336	1635	1.317582
2337	1634	1.316777
2338	1638	1.320000
2339	1634	1.316777
2340	1635	1.317582
2341	1634	1.316777
2342	1635	1.317582
2343	1632	1.315165
2344	1639	1.320806
2345	1634	1.316777
2346	1638	1.320000
2347	1635	1.317582
2348	1635	1.317582
2349	1635	1.317582
2350	1635	1.317582
2351	1635	1.317582
2352	1633	1.315971
2353	1635	1.317582
2354	1640	1.321612
2355	1635	1.317582
2356	1640	1.321612
2357	1635	1.317582
2358	1635	1.317582
2359	1634	1.316777
2360	1634	1.316777
2361	1635	1.317582
2362	1639	1.320806
2363	1635	1.317582
2364	1640	1.321612
2365	1638	1.320000
2366	1641	1.322418
2367	1640	1.321612
2368	1638	1.320000
2369	1639	1.320806
2370	1640	1.321612
2371	1640	1.321612
2372	1640	1.321612
2373	1640	1.321612
2374	1643	1.324029
2375	1639	1.320806
2376	1643	1.324029
2377	1643	1.324029
2378	1641	1.322418
2379	1643	1.324029
2380	1641	1.322418
2381	1643	1.324029
2382	1641	1.322418
2383	1639	1.320806
2384	1642	1.323223
2385	1643	1.324029
2386	1643	1.324029
2387	1642	1.323223
2388	1640	1.321612
2389	1643	1.324029
2390	1640	1.321612
2391	1642	1.323223
2392	1643	1.324029
2393	1642	1.323223
2394	1643	1.324029
2395	1640	1.321612
2396	1643	1.324029
2397	1640	1.321612
2398	1643	1.324029
2399	1643	1.324029
2400	1640	1.321612
2401	1643	1.324029
2402	1643	1.324029
2403	1643	1.324029
2404	1647	1.327253
2405	1643	1.324029
2406	1643	1.324029
2407	1642	1.323223
2408	1650	1.329670
2409	1643	1.324029
2410	1643	1.324029
2411	1647	1.327253
2412	1647	1.327253
2413	1643	1.324029
2414	1646	1.326447
2415	1642	1.323223
2416	1647	1.327253
2417	1643	1.324029
2418	1643	1.324029
2419	1642	1.323223
2420	1643	1.324029
2421	1643	1.324029
2422	1643	1.324029
2423	1643	1.324029
2424	1647	1.327253
2425	1643	1.324029
2426	1642	1.323223
2427	1643	1.324029
2428	1643	1.324029
2429	1647	1.327253
2430	1643	1.324029
2431	1643	1.324029
2432	1643	1.324029
2433	1643	1.324029
2434	1647	1.327253
2435	1643	1.324029
2436	1643	1.324029
2437	1647	1.327253
2438	1647	1.327253
2439	1642	1.323223
2440	1647	1.327253
2441	1642	1.323223
2442	1643	1.324029
2443	1642	1.323223
2444	1643	1.324029
2445	1646	1.326447
2446	1642	1.323223
2447	1647	1.327253
2448	1635	1.317582
2449	1643	1.324029
2450	1643	1.324029
2451	1647	1.327253
2452	1643	1.324029
2453	1640	1.321612
2454	1642	1.323223
2455	1643	1.324029
2456	1643	1.324029
2457	1638	1.320000
2458	1643	1.324029
2459	1642	1.323223
2460	1635	1.317582
2461	1635	1.317582
2462	1642	1.323223
2463	1640	1.321612
2464	1641	1.322418
2465	1635	1.317582
2466	1635	1.317582
2467	1635	1.317582
2468	1635	1.317582
2469	1632	1.315165
2470	1632	1.315165
2471	1632	1.315165
2472	1626	1.310330
2473	1619	1.304689
2474	1611	1.298242
2475	1602	1.290989
2476	1587	1.278901
2477	1578	1.271648
2478	1570	1.265201
2479	1568	1.263590
2480	1555	1.253114
2481	1551	1.249890
2482	1551	1.249890
2483	1547	1.246667
2484	1539	1.240220
2485	1539	1.240220
2486	1536	1.237802
2487	1536	1.237802
2488	1530	1.232967
2489	1528	1.231355
2490	1523	1.227326
2491	1526	1.229744
2492	1523	1.227326
2493	1523	1.227326
2494	1523	1.227326
2495	1523	1.227326
2496	1519	1.224103
2497	1519	1.224103
2498	1519	1.224103
2499	1519	1.224103
2500	1519	1.224103
2501	1519	1.224103
2502	1519	1.224103
2503	1519	1.224103
2504	1515	1.220879
2505	1515	1.220879
2506	1515	1.220879
2507	1515	1.220879
2508	1514	1.220073
2509	1514	1.220073
2510	1511	1.217656
2511	1507	1.214432
2512	1507	1.214432
2513	1507	1.214432
2514	1506	1.213626
2515	1506	1.213626
2516	1505	1.212821
2517	1504	1.212015
2518	1504	1.212015
2519	1504	1.212015
2520	1504	1.212015
2521	1504	1.212015
2522	1504	1.212015
2523	1504	1.212015
2524	1504	1.212015
2525	1504	1.212015
2526	1498	1.207179
2527	1498	1.207179
2528	1496	1.205568
2529	1496	1.205568
2530	1494	1.203956
2531	1496	1.205568
2532	1494	1.203956
2533	1491	1.201538
2534	1491	1.201538
2535	1491	1.201538
2536	1491	1.201538
2537	1491	1.201538
2538	1491	1.201538
2539	1491	1.201538
2540	1487	1.198315
2541	1487	1.198315
2542	1487	1.198315
2543	1487	1.198315
2544	1487	1.198315
2545	1487	1.198315
2546	1487	1.198315
2547	1487	1.198315
2548	1487	1.198315
2549	1487	1.198315
2550	1487	1.198315
2551	1487	1.198315
2552	1487	1.198315
2553	1487	1.198315
2554	1486	1.197509
2555	1487	1.198315
2556	1486	1.197509
2557	1487	1.198315
2558	1483	1.195092
2559	1486	1.197509
2560	1487	1.198315
2561	1487	1.198315
2562	1536	1.237802
2563	1539	1.240220
2564	1579	1.272454
2565	1583	1.275678
2566	1583	1.275678
2567	1587	1.278901
2568	1595	1.285348
2569	1595	1.285348
2570	1594	1.284542
2571	1599	1.288571
2572	1603	1.291795
2573	1603	1.291795
2574	1603	1.291795
2575	1610	1.297436
2576	1611	1.298242
2577	1611	1.298242
2578	1615	1.301465
2579	1615	1.301465
2580	1624	1.308718
2581	1632	1.315165
2582	1632	1.315165
2583	1635	1.317582
2584	1642	1.323223
2585	1635	1.317582
2586	1642	1.323223
2587	1642	1.323223
2588	1643	1.324029
2589	1647	1.327253
2590	1647	1.327253
2591	1647	1.327253
2592	1647	1.327253
2593	1651	1.330476
2594	1647	1.327253
2595	1654	1.332894
2596	1647	1.327253
2597	1651	1.330476
2598	1651	1.330476
2599	1656	1.334505
2600	1647	1.327253
2601	1659	1.336923
2602	1659	1.336923
2603	1659	1.336923
2604	1658	1.336117
2605	1663	1.340147
2606	1659	1.336923
2607	1662	1.339341
2608	1663	1.340147
2609	1663	1.340147
2610	1663	1.340147
2611	1663	1.340147
2612	1671	1.346593
2613	1667	1.343370
2614	1663	1.340147
2615	1663	1.340147
2616	1663	1.340147
2617	1670	1.345788
2618	1663	1.340147
2619	1663	1.340147
2620	1663	1.340147
2621	1672	1.347399
2622	1663	1.340147
2623	1674	1.349011
2624	1670	1.345788
2625	1674	1.349011
2626	1674	1.349011
2627	1674	1.349011
2628	1674	1.349011
2629	1674	1.349011
2630	1670	1.345788
2631	1675	1.349817
2632	1673	1.348205
2633	1672	1.347399
2634	1675	1.349817
2635	1672	1.347399
2636	1672	1.347399
2637	1674	1.349011
2638	1674	1.349011
2639	1674	1.349011
2640	1675	1.349817
2641	1678	1.352234
2642	1675	1.349817
2643	1675	1.349817
2644	1688	1.360293
2645	1675	1.349817
2646	1675	1.349817
2647	1675	1.349817
2648	1675	1.349817
2649	1678	1.352234
2650	1675	1.349817
2651	1683	1.356264
2652	1679	1.353040
2653	1678	1.352234
2654	1675	1.349817
2655	1679	1.353040
2656	1674	1.349011
2657	1675	1.349817
2658	1675	1.349817
2659	1679	1.353040
2660	1679	1.353040
2661	1675	1.349817
2662	1679	1.353040
2663	1679	1.353040
2664	1679	1.353040
2665	1679	1.353040
2666	1688	1.360293
2667	1679	1.353040
2668	1675	1.349817
2669	1683	1.356264
2670	1683	1.356264
2671	1688	1.360293
2672	1679	1.353040
2673	1683	1.356264
2674	1683	1.356264
2675	1678	1.352234
2676	1679	1.353040
2677	1683	1.356264
2678	1683	1.356264
2679	1683	1.356264
2680	1675	1.349817
2681	1683	1.356264
2682	1683	1.356264
2683	1687	1.359487
2684	1679	1.353040
2685	1683	1.356264
2686	1683	1.356264
2687	1688	1.360293
2688	1675	1.349817
2689	1679	1.353040
2690	1675	1.349817
2691	1679	1.353040
2692	1683	1.356264
2693	1683	1.356264
2694	1688	1.360293
2695	1683	1.356264
2696	1696	1.366740
2697	1683	1.356264
2698	1688	1.360293
2699	1687	1.359487
2700	1688	1.360293
2701	1687	1.359487
2702	1690	1.361905
2703	1696	1.366740
2704	1688	1.360293
2705	1687	1.359487
2706	1696	1.366740
2707	1688	1.360293
2708	1688	1.360293
2709	1683	1.356264
2710	1696	1.366740
2711	1688	1.360293
2712	1696	1.366740
2713	1688	1.360293
2714	1696	1.366740
2715	1696	1.366740
2716	1690	1.361905
2717	1690	1.361905
2718	1696	1.366740
2719	1696	1.366740
2720	1688	1.360293
2721	1696	1.366740
2722	1696	1.366740
2723	1696	1.366740
2724	1696	1.366740
2725	1688	1.360293
2726	1696	1.366740
2727	1696	1.366740
2728	1696	1.366740
2729	1688	1.360293
2730	1698	1.368352
2731	1689	1.361099
2732	1696	1.366740
2733	1696	1.366740
2734	1696	1.366740
2735	1696	1.366740
2736	1690	1.361905
2737	1696	1.366740
2738	1698	1.368352
2739	1690	1.361905
2740	1704	1.373187
2741	1696	1.366740
2742	1698	1.368352
2743	1696	1.366740
2744	1696	1.366740
2745	1696	1.366740
2746	1698	1.368352
2747	1699	1.369158
2748	1698	1.368352
2749	1706	1.374799
2750	1698	1.368352
2751	1699	1.369158
2752	1697	1.367546
2753	1690	1.361905
2754	1699	1.369158
2755	1699	1.369158
2756	1698	1.368352
2757	1699	1.369158
2758	1702	1.371575
2759	1699	1.369158
2760	1699	1.369158
2761	1696	1.366740
2762	1704	1.373187
2763	1699	1.369158
2764	1698	1.368352
2765	1698	1.368352
2766	1699	1.369158
2767	1699	1.369158
2768	1699	1.369158
2769	1704	1.373187
2770	1705	1.373993
2771	1699	1.369158
2772	1699	1.369158
2773	1706	1.374799
2774	1706	1.374799
2775	1704	1.373187
2776	1707	1.375604
2777	1706	1.374799
2778	1699	1.369158
2779	1699	1.369158
2780	1702	1.371575
2781	1704	1.373187
2782	1703	1.372381
2783	1707	1.375604
2784	1711	1.378828
2785	1706	1.374799
2786	1711	1.378828
2787	1704	1.373187
2788	1711	1.378828
2789	1707	1.375604
2790	1711	1.378828
2791	1704	1.373187
2792	1699	1.369158
2793	1711	1.378828
2794	1711	1.378828
2795	1707	1.375604
2796	1711	1.378828
2797	1707	1.375604
2798	1707	1.375604
2799	1711	1.378828
2800	1704	1.373187
2801	1711	1.378828
2802	1707	1.375604
2803	1706	1.374799
2804	1707	1.375604
2805	1707	1.375604
2806	1707	1.375604
2807	1707	1.375604
2808	1707	1.375604
2809	1711	1.378828
2810	1711	1.378828
2811	1711	1.378828
2812	1699	1.369158
2813	1707	1.375604
2814	1711	1.378828
2815	1704	1.373187
2816	1707	1.375604
2817	1711	1.378828
2818	1711	1.378828
2819	1711	1.378828
2820	1711	1.378828
2821	1707	1.375604
2822	1715	1.382051
2823	1711	1.378828
2824	1715	1.382051
2825	1707	1.375604
2826	1720	1.386081
2827	1715	1.382051
2828	1721	1.386886
2829	1711	1.378828
2830	1715	1.382051
2831	1711	1.378828
2832	1711	1.378828
2833	1711	1.378828
2834	1720	1.386081
2835	1723	1.388498
2836	1711	1.378828
2837	1711	1.378828
2838	1720	1.386081
2839	1715	1.382051
2840	1720	1.386081
2841	1715	1.382051
2842	1715	1.382051
2843	1730	1.394139
2844	1711	1.378828
2845	1715	1.382051
2846	1715	1.382051
2847	1720	1.386081
2848	1715	1.382051
2849	1720	1.386081
2850	1711	1.378828
2851	1721	1.386886
2852	1715	1.382051
2853	1711	1.378828
2854	1728	1.392527
2855	1721	1.386886
2856	1722	1.387692
2857	1720	1.386081
2858	1720	1.386081
2859	1723	1.388498
2860	1722	1.387692
2861	1723	1.388498
2862	1722	1.387692
2863	1723	1.388498
2864	1720	1.386081
2865	1720	1.386081
2866	1723	1.388498
2867	1731	1.394945
2868	1723	1.388498
2869	1723	1.388498
2870	1721	1.386886
2871	1723	1.388498
2872	1728	1.392527
2873	1718	1.384469
2874	1722	1.387692
2875	1728	1.392527
2876	1730	1.394139
2877	1731	1.394945
2878	1711	1.378828
2879	1728	1.392527
2880	1723	1.388498
2881	1728	1.392527
2882	1731	1.394945
2883	1731	1.394945
2884	1731	1.394945
2885	1723	1.388498
2886	1730	1.394139
2887	1731	1.394945
2888	1731	1.394945
2889	1731	1.394945
2890	1728	1.392527
2891	1743	1.404615
2892	1730	1.394139
2893	1738	1.400586
2894	1728	1.392527
2895	1730	1.394139
2896	1737	1.399780
2897	1731	1.394945
2898	1737	1.399780
2899	1728	1.392527
2900	1736	1.398974
2901	1731	1.394945
2902	1731	1.394945
2903	1731	1.394945
2904	1730	1.394139
2905	1731	1.394945
2906	1735	1.398168
2907	1728	1.392527
2908	1738	1.400586
2909	1739	1.401392
2910	1731	1.394945
2911	1739	1.401392
2912	1730	1.394139
2913	1731	1.394945
2914	1739	1.401392
2915	1730	1.394139
2916	1738	1.400586
2917	1728	1.392527
2918	1731	1.394945
2919	1731	1.394945
2920	1731	1.394945
2921	1739	1.401392
2922	1743	1.404615
2923	1739	1.401392
2924	1731	1.394945
2925	1738	1.400586
2926	1739	1.401392
2927	1731	1.394945
2928	1731	1.394945
2929	1743	1.404615
2930	1739	1.401392
2931	1731	1.394945
2932	1735	1.398168
2933	1738	1.400586
2934	1735	1.398168
2935	1738	1.400586
2936	1747	1.407839
2937	1742	1.403810
2938	1739	1.401392
2939	1739	1.401392
2940	1738	1.400586
2941	1738	1.400586
2942	1742	1.403810
2943	1731	1.394945
2944	1747	1.407839
2945	1734	1.397363
2946	1743	1.404615
2947	1739	1.401392
2948	1738	1.400586
2949	1739	1.401392
2950	1747	1.407839
2951	1739	1.401392
2952	1747	1.407839
2953	1743	1.404615
2954	1747	1.407839
2955	1743	1.404615
2956	1743	1.404615
2957	1760	1.418315
2958	1743	1.404615
2959	1752	1.411868
2960	1743	1.404615
2961	1752	1.411868
2962	1752	1.411868
2963	1747	1.407839
2964	1752	1.411868
2965	1739	1.401392
2966	1739	1.401392
2967	1743	1.404615
2968	1743	1.404615
2969	1752	1.411868
2970	1752	1.411868
2971	1760	1.418315
2972	1743	1.404615
2973	1743	1.404615
2974	1760	1.418315
2975	1760	1.418315
2976	1763	1.420733
2977	1752	1.411868
2978	1747	1.407839
2979	1747	1.407839
2980	1743	1.404615
2981	1760	1.418315
2982	1747	1.407839
2983	1762	1.419927
2984	1760	1.418315
2985	1760	1.418315
2986	1752	1.411868
2987	1760	1.418315
2988	1760	1.418315
2989	1760	1.418315
2990	1743	1.404615
2991	1743	1.404615
2992	1760	1.418315
2993	1752	1.411868
2994	1760	1.418315
2995	1760	1.418315
2996	1762	1.419927
2997	1760	1.418315
2998	1760	1.418315
2999	1747	1.407839
3000	1753	1.412674
3001	1760	1.418315
3002	1760	1.418315
3003	1760	1.418315
3004	1762	1.419927
3005	1760	1.418315
3006	1760	1.418315
3007	1760	1.418315
3008	1752	1.411868
3009	1760	1.418315
3010	1760	1.418315
3011	1760	1.418315
3012	1760	1.418315
3013	1760	1.418315
3014	1762	1.419927
3015	1747	1.407839
3016	1752	1.411868
3017	1760	1.418315
3018	1760	1.418315
3019	1763	1.420733
3020	1762	1.419927
3021	1760	1.418315
3022	1763	1.420733
3023	1743	1.404615
3024	1747	1.407839
3025	1760	1.418315
3026	1760	1.418315
3027	1747	1.407839
3028	1760	1.418315
3029	1754	1.413480
3030	1760	1.418315
3031	1760	1.418315
3032	1762	1.419927
3033	1763	1.420733
3034	1760	1.418315
3035	1760	1.418315
3036	1771	1.427179
3037	1768	1.424762
3038	1760	1.418315
3039	1760	1.418315
3040	1760	1.418315
3041	1763	1.420733
3042	1760	1.418315
3043	1760	1.418315
3044	1753	1.412674
3045	1770	1.426374
3046	1763	1.420733
3047	1763	1.420733
3048	1762	1.419927
3049	1762	1.419927
3050	1763	1.420733
3051	1768	1.424762
3052	1763	1.420733
3053	1763	1.420733
3054	1763	1.420733
3055	1767	1.423956
3056	1763	1.420733
3057	1760	1.418315
3058	1771	1.427179
3059	1763	1.420733
3060	1770	1.426374
3061	1760	1.418315
3062	1775	1.430403
3063	1760	1.418315
3064	1771	1.427179
3065	1762	1.419927
3066	1769	1.425568
3067	1760	1.418315
3068	1769	1.425568
3069	1763	1.420733
3070	1771	1.427179
3071	1760	1.418315
3072	1763	1.420733
3073	1763	1.420733
3074	1768	1.424762
3075	1760	1.418315
3076	1770	1.426374
3077	1760	1.418315
3078	1767	1.423956
3079	1770	1.426374
3080	1760	1.418315
3081	1770	1.426374
3082	1763	1.420733
3083	1762	1.419927
3084	1770	1.426374
3085	1760	1.418315
3086	1760	1.418315
3087	1768	1.424762
3088	1763	1.420733
3089	1760	1.418315
3090	1760	1.418315
3091	1771	1.427179
3092	1771	1.427179
3093	1768	1.424762
3094	1760	1.418315
3095	1768	1.424762
3096	1768	1.424762
3097	1770	1.426374
3098	1763	1.420733
3099	1763	1.420733
3100	1775	1.430403
3101	1768	1.424762
3102	1771	1.427179
3103	1771	1.427179
3104	1770	1.426374
3105	1775	1.430403
3106	1771	1.427179
3107	1770	1.426374
3108	1769	1.425568
3109	1771	1.427179
3110	1771	1.427179
3111	1771	1.427179
3112	1775	1.430403
3113	1770	1.426374
3114	1771	1.427179
3115	1771	1.427179
3116	1779	1.433626
3117	1775	1.430403
3118	1779	1.433626
3119	1771	1.427179
3120	1768	1.424762
3121	1771	1.427179
3122	1771	1.427179
3123	1766	1.423150
3124	1771	1.427179
3125	1771	1.427179
3126	1779	1.433626
3127	1775	1.430403
3128	1775	1.430403
3129	1775	1.430403
3130	1779	1.433626
3131	1775	1.430403
3132	1784	1.437656
3133	1779	1.433626
3134	1775	1.430403
3135	1779	1.433626
3136	1775	1.430403
3137	1775	1.430403
3138	1770	1.426374
3139	1779	1.433626
3140	1771	1.427179
3141	1779	1.433626
3142	1784	1.437656
3143	1770	1.426374
3144	1771	1.427179
3145	1763	1.420733
3146	1771	1.427179
3147	1763	1.420733
3148	1771	1.427179
3149	1779	1.433626
3150	1771	1.427179
3151	1775	1.430403
3152	1784	1.437656
3153	1770	1.426374
3154	1782	1.436044
3155	1775	1.430403
3156	1779	1.433626
3157	1787	1.440073
3158	1771	1.427179
3159	1779	1.433626
3160	1771	1.427179
3161	1786	1.439267
3162	1779	1.433626
3163	1775	1.430403
3164	1771	1.427179
3165	1775	1.430403
3166	1775	1.430403
3167	1779	1.433626
3168	1775	1.430403
3169	1775	1.430403
3170	1775	1.430403
3171	1775	1.430403
3172	1775	1.430403
3173	1787	1.440073
3174	1779	1.433626
3175	1775	1.430403
3176	1779	1.433626
3177	1771	1.427179
3178	1779	1.433626
3179	1775	1.430403
3180	1779	1.433626
3181	1794	1.445714
3182	1779	1.433626
3183	1784	1.437656
3184	1784	1.437656
3185	1775	1.430403
3186	1779	1.433626
3187	1787	1.440073
3188	1787	1.440073
3189	1779	1.433626
3190	1792	1.444103
3191	1782	1.436044
3192	1786	1.439267
3193	1785	1.438462
3194	1786	1.439267
3195	1779	1.433626
3196	1792	1.444103
3197	1787	1.440073
3198	1784	1.437656
3199	1784	1.437656
3200	1786	1.439267
3201	1775	1.430403
3202	1794	1.445714
3203	1787	1.440073
3204	1779	1.433626
3205	1786	1.439267
3206	1775	1.430403
3207	1785	1.438462
3208	1784	1.437656
3209	1784	1.437656
3210	1787	1.440073
3211	1784	1.437656
3212	1775	1.430403
3213	1779	1.433626
3214	1787	1.440073
3215	1779	1.433626
3216	1787	1.440073
3217	1792	1.444103
3218	1784	1.437656
3219	1775	1.430403
3220	1787	1.440073
3221	1787	1.440073
3222	1786	1.439267
3223	1779	1.433626
3224	1775	1.430403
3225	1763	1.420733
3226	1784	1.437656
3227	1787	1.440073
3228	1779	1.433626
3229	1794	1.445714
3230	1775	1.430403
3231	1786	1.439267
3232	1795	1.446520
3233	1779	1.433626
3234	1787	1.440073
3235	1779	1.433626
3236	1787	1.440073
3237	1793	1.444908
3238	1784	1.437656
3239	1771	1.427179
3240	1802	1.452161
3241	1779	1.433626
3242	1787	1.440073
3243	1787	1.440073
3244	1786	1.439267
3245	1792	1.444103
3246	1787	1.440073
3247	1779	1.433626
3248	1786	1.439267
3249	1786	1.439267
3250	1786	1.439267
3251	1793	1.444908
3252	1800	1.450549
3253	1787	1.440073
3254	1786	1.439267
3255	1786	1.439267
3256	1795	1.446520
3257	1787	1.440073
3258	1786	1.439267
3259	1779	1.433626
3260	1782	1.436044
3261	1792	1.444103
3262	1787	1.440073
3263	1794	1.445714
3264	1792	1.444103
3265	1792	1.444103
3266	1784	1.437656
3267	1798	1.448938
3268	1787	1.440073
3269	1792	1.444103
3270	1787	1.440073
3271	1795	1.446520
3272	1787	1.440073
3273	1787	1.440073
3274	1784	1.437656
3275	1800	1.450549
3276	1792	1.444103
3277	1795	1.446520
3278	1784	1.437656
3279	1802	1.452161
3280	1794	1.445714
3281	1794	1.445714
3282	1794	1.445714
3283	1792	1.444103
3284	1779	1.433626
3285	1794	1.445714
3286	1787	1.440073
3287	1787	1.440073
3288	1794	1.445714
3289	1786	1.439267
3290	1787	1.440073
3291	1793	1.444908
3292	1800	1.450549
3293	1795	1.446520
3294	1792	1.444103
3295	1795	1.446520
3296	1787	1.440073
3297	1794	1.445714
3298	1795	1.446520
3299	1795	1.446520
3300	1795	1.446520
3301	1795	1.446520
3302	1795	1.446520
3303	1803	1.452967
3304	1795	1.446520
3305	1802	1.452161
3306	1795	1.446520
3307	1795	1.446520
3308	1802	1.452161
3309	1803	1.452967
3310	1795	1.446520
3311	1803	1.452967
3312	1795	1.446520
3313	1794	1.445714
3314	1802	1.452161
3315	1802	1.452161
3316	1795	1.446520
3317	1795	1.446520
3318	1811	1.459414
3319	1803	1.452967
3320	1799	1.449744
3321	1800	1.450549
3322	1807	1.456190
3323	1803	1.452967
3324	1802	1.452161
3325	1794	1.445714
3326	1795	1.446520
3327	1807	1.456190
3328	1800	1.450549
3329	1803	1.452967
3330	1803	1.452967
3331	1807	1.456190
3332	1800	1.450549
3333	1800	1.450549
3334	1806	1.455385
3335	1800	1.450549
3336	1807	1.456190
3337	1802	1.452161
3338	1799	1.449744
3339	1818	1.465055
3340	1800	1.450549
3341	1795	1.446520
3342	1803	1.452967
3343	1811	1.459414
3344	1807	1.456190
3345	1807	1.456190
3346	1800	1.450549
3347	1802	1.452161
3348	1807	1.456190
3349	1795	1.446520
3350	1803	1.452967
3351	1802	1.452161
3352	1795	1.446520
3353	1798	1.448938
3354	1802	1.452161
3355	1807	1.456190
3356	1803	1.452967
3357	1807	1.456190
3358	1806	1.455385
3359	1803	1.452967
3360	1803	1.452967
3361	1802	1.452161
3362	1807	1.456190
3363	1803	1.452967
3364	1816	1.463443
3365	1802	1.452161
3366	1800	1.450549
3367	1802	1.452161
3368	1803	1.452967
3369	1802	1.452161
3370	1803	1.452967
3371	1801	1.451355
3372	1807	1.456190
3373	1800	1.450549
3374	1803	1.452967
3375	1803	1.452967
3376	1811	1.459414
3377	1807	1.456190
3378	1795	1.446520
3379	1816	1.463443
3380	1816	1.463443
3381	1814	1.461832
3382	1807	1.456190
3383	1807	1.456190
3384	1807	1.456190
3385	1803	1.452967
3386	1807	1.456190
3387	1811	1.459414
3388	1803	1.452967
3389	1795	1.446520
3390	1807	1.456190
3391	1818	1.465055
3392	1807	1.456190
3393	1807	1.456190
3394	1795	1.446520
3395	1811	1.459414
3396	1802	1.452161
3397	1816	1.463443
3398	1807	1.456190
3399	1811	1.459414
3400	1795	1.446520
3401	1816	1.463443
3402	1802	1.452161
3403	1799	1.449744
3404	1816	1.463443
3405	1807	1.456190
3406	1806	1.455385
3407	1811	1.459414
3408	1807	1.456190
3409	1803	1.452967
3410	1803	1.452967
3411	1807	1.456190
3412	1807	1.456190
3413	1811	1.459414
3414	1801	1.451355
3415	1803	1.452967
3416	1807	1.456190
3417	1803	1.452967
3418	1800	1.450549
3419	1811	1.459414
3420	1806	1.455385
3421	1803	1.452967
3422	1807	1.456190
3423	1807	1.456190
3424	1803	1.452967
3425	1814	1.461832
3426	1807	1.456190
3427	1816	1.463443
3428	1807	1.456190
3429	1807	1.456190
3430	1811	1.459414
3431	1811	1.459414
3432	1802	1.452161
3433	1800	1.450549
3434	1807	1.456190
3435	1811	1.459414
3436	1811	1.459414
3437	1816	1.463443
3438	1811	1.459414
3439	1816	1.463443
3440	1807	1.456190
3441	1806	1.455385
3442	1803	1.452967
3443	1815	1.462637
3444	1811	1.459414
3445	1807	1.456190
3446	1803	1.452967
3447	1807	1.456190
3448	1807	1.456190
3449	1803	1.452967
3450	1807	1.456190
3451	1811	1.459414
3452	1807	1.456190
3453	1807	1.456190
3454	1800	1.450549
3455	1803	1.452967
3456	1807	1.456190
3457	1807	1.456190
3458	1795	1.446520
3459	1811	1.459414
3460	1803	1.452967
3461	1795	1.446520
3462	1803	1.452967
3463	1807	1.456190
3464	1811	1.459414
3465	1803	1.452967
3466	1803	1.452967
3467	1803	1.452967
3468	1807	1.456190
3469	1807	1.456190
3470	1803	1.452967
3471	1803	1.452967
3472	1816	1.463443
3473	1802	1.452161
3474	1816	1.463443
3475	1807	1.456190
3476	1807	1.456190
3477	1811	1.459414
3478	1807	1.456190
3479	1807	1.456190
3480	1802	1.452161
3481	1811	1.459414
3482	1806	1.455385
3483	1811	1.459414
3484	1803	1.452967
3485	1800	1.450549
3486	1807	1.456190
3487	1795	1.446520
3488	1803	1.452967
3489	1824	1.469890
3490	1811	1.459414
3491	1803	1.452967
3492	1803	1.452967
3493	1803	1.452967
3494	1811	1.459414
3495	1807	1.456190
3496	1807	1.456190
3497	1806	1.455385
3498	1807	1.456190
3499	1811	1.459414
3500	1811	1.459414
3501	1807	1.456190
3502	1803	1.452967
3503	1807	1.456190
3504	1807	1.456190
3505	1802	1.452161
3506	1807	1.456190
3507	1807	1.456190
3508	1806	1.455385
3509	1794	1.445714
3510	1807	1.456190
3511	1816	1.463443
3512	1803	1.452967
3513	1803	1.452967
3514	1816	1.463443
3515	1811	1.459414
3516	1803	1.452967
3517	1811	1.459414
3518	1814	1.461832
3519	1807	1.456190
3520	1807	1.456190
3521	1816	1.463443
3522	1816	1.463443
3523	1811	1.459414
3524	1817	1.464249
3525	1807	1.456190
3526	1807	1.456190
3527	1818	1.465055
3528	1807	1.456190
3529	1824	1.469890
3530	1824	1.469890
3531	1816	1.463443
3532	1811	1.459414
3533	1818	1.465055
3534	1811	1.459414
3535	1824	1.469890
3536	1818	1.465055
3537	1807	1.456190
3538	1807	1.456190
3539	1824	1.469890
3540	1824	1.469890
3541	1802	1.452161
3542	1802	1.452161
3543	1824	1.469890
3544	1824	1.469890
3545	1826	1.471502
3546	1807	1.456190
3547	1795	1.446520
3548	1811	1.459414
3549	1811	1.459414
3550	1803	1.452967
3551	1824	1.469890
3552	1811	1.459414
3553	1824	1.469890
3554	1824	1.469890
3555	1824	1.469890
3556	1824	1.469890
3557	1824	1.469890
3558	1811	1.459414
3559	1824	1.469890
3560	1807	1.456190
3561	1811	1.459414
3562	1824	1.469890
3563	1811	1.459414
3564	1826	1.471502
3565	1811	1.459414
3566	1824	1.469890
3567	1824	1.469890
3568	1818	1.465055
3569	1826	1.471502
3570	1817	1.464249
3571	1826	1.471502
3572	1824	1.469890
3573	1811	1.459414
3574	1802	1.452161
3575	1816	1.463443
3576	1811	1.459414
3577	1807	1.456190
3578	1802	1.452161
3579	1807	1.456190
3580	1824	1.469890
3581	1811	1.459414
3582	1827	1.472308
3583	1826	1.471502
3584	1824	1.469890
3585	1824	1.469890
3586	1816	1.463443
3587	1816	1.463443
3588	1824	1.469890
3589	1827	1.472308
3590	1826	1.471502
3591	1826	1.471502
3592	1824	1.469890
3593	1818	1.465055
3594	1807	1.456190
3595	1824	1.469890
3596	1824	1.469890
3597	1816	1.463443
3598	1824	1.469890
3599	1824	1.469890
3600	1816	1.463443
3601	1824	1.469890
3602	1807	1.456190
3603	1826	1.471502
3604	1827	1.472308
3605	1826	1.471502
3606	1811	1.459414
3607	1824	1.469890
3608	1834	1.477949
3609	1824	1.469890
3610	1824	1.469890
3611	1816	1.463443
3612	1827	1.472308
3613	1824	1.469890
3614	1824	1.469890
3615	1824	1.469890
3616	1824	1.469890
3617	1824	1.469890
3618	1824	1.469890
3619	1818	1.465055
3620	1827	1.472308
3621	1827	1.472308
3622	1824	1.469890
3623	1826	1.471502
3624	1834	1.477949
3625	1827	1.472308
3626	1824	1.469890
3627	1827	1.472308
3628	1824	1.469890
3629	1824	1.469890
3630	1832	1.476337
3631	1827	1.472308
3632	1834	1.477949
3633	1834	1.477949
3634	1834	1.477949
3635	1827	1.472308
3636	1834	1.477949
3637	1827	1.472308
3638	1834	1.477949
3639	1835	1.478755
3640	1832	1.476337
3641	1827	1.472308
3642	1827	1.472308
3643	1834	1.477949
3644	1827	1.472308
3645	1827	1.472308
3646	1835	1.478755
3647	1843	1.485201
