Pixel	ADC	VoltageV
1	3962	3.192821
2	3962	3.192821
3	3962	3.192821
4	3962	3.192821
5	3962	3.192821
6	3963	3.193626
7	3962	3.192821
8	3962	3.192821
9	3963	3.193626
10	3963	3.193626
11	3962	3.192821
12	3963	3.193626
13	3962	3.192821
14	3962	3.192821
15	3963	3.193626
16	3962	3.192821
17	3963	3.193626
18	3963	3.193626
19	3963	3.193626
20	3963	3.193626
21	3963	3.193626
22	3963	3.193626
23	3963	3.193626
24	3947	3.180733
25	3962	3.192821
26	3962	3.192821
27	3962	3.192821
28	3947	3.180733
29	3947	3.180733
30	3951	3.183956
31	3947	3.180733
32	3951	3.183956
33	3951	3.183956
34	3962	3.192821
35	3947	3.180733
36	3946	3.179927
37	2171	1.749524
38	1519	1.224103
39	1523	1.227326
40	1519	1.224103
41	1523	1.227326
42	1523	1.227326
43	1523	1.227326
44	1519	1.224103
45	1519	1.224103
46	1519	1.224103
47	1523	1.227326
48	1523	1.227326
49	1519	1.224103
50	1522	1.226520
51	1519	1.224103
52	1523	1.227326
53	1519	1.224103
54	1519	1.224103
55	1523	1.227326
56	1519	1.224103
57	1523	1.227326
58	1522	1.226520
59	1523	1.227326
60	1523	1.227326
61	1523	1.227326
62	1519	1.224103
63	1523	1.227326
64	1523	1.227326
65	1523	1.227326
66	1523	1.227326
67	1522	1.226520
68	1522	1.226520
69	1523	1.227326
70	1523	1.227326
71	1523	1.227326
72	1522	1.226520
73	1523	1.227326
74	1523	1.227326
75	1523	1.227326
76	1523	1.227326
77	1519	1.224103
78	1523	1.227326
79	1523	1.227326
80	1522	1.226520
81	1523	1.227326
82	1519	1.224103
83	1519	1.224103
84	1519	1.224103
85	1519	1.224103
86	1519	1.224103
87	1519	1.224103
88	1519	1.224103
89	1519	1.224103
90	1519	1.224103
91	1522	1.226520
92	1519	1.224103
93	1519	1.224103
94	1519	1.224103
95	1519	1.224103
96	1523	1.227326
97	1523	1.227326
98	1522	1.226520
99	1523	1.227326
100	1519	1.224103
101	1523	1.227326
102	1522	1.226520
103	1519	1.224103
104	1519	1.224103
105	1523	1.227326
106	1519	1.224103
107	1515	1.220879
108	1519	1.224103
109	1519	1.224103
110	1519	1.224103
111	1519	1.224103
112	1519	1.224103
113	1519	1.224103
114	1522	1.226520
115	1523	1.227326
116	1519	1.224103
117	1519	1.224103
118	1519	1.224103
119	1519	1.224103
120	1523	1.227326
121	1519	1.224103
122	1523	1.227326
123	1523	1.227326
124	1523	1.227326
125	1519	1.224103
126	1522	1.226520
127	1522	1.226520
128	1522	1.226520
129	1523	1.227326
130	1523	1.227326
131	1523	1.227326
132	1523	1.227326
133	1519	1.224103
134	1522	1.226520
135	1519	1.224103
136	1519	1.224103
137	1523	1.227326
138	1522	1.226520
139	1522	1.226520
140	1523	1.227326
141	1523	1.227326
142	1523	1.227326
143	1523	1.227326
144	1523	1.227326
145	1523	1.227326
146	1523	1.227326
147	1522	1.226520
148	1519	1.224103
149	1519	1.224103
150	1519	1.224103
151	1519	1.224103
152	1519	1.224103
153	1523	1.227326
154	1523	1.227326
155	1522	1.226520
156	1519	1.224103
157	1523	1.227326
158	1523	1.227326
159	1522	1.226520
160	1523	1.227326
161	1523	1.227326
162	1523	1.227326
163	1522	1.226520
164	1519	1.224103
165	1519	1.224103
166	1522	1.226520
167	1519	1.224103
168	1522	1.226520
169	1523	1.227326
170	1523	1.227326
171	1519	1.224103
172	1519	1.224103
173	1519	1.224103
174	1519	1.224103
175	1519	1.224103
176	1523	1.227326
177	1519	1.224103
178	1522	1.226520
179	1523	1.227326
180	1522	1.226520
181	1523	1.227326
182	1519	1.224103
183	1519	1.224103
184	1522	1.226520
185	1523	1.227326
186	1523	1.227326
187	1523	1.227326
188	1522	1.226520
189	1522	1.226520
190	1523	1.227326
191	1523	1.227326
192	1523	1.227326
193	1523	1.227326
194	1519	1.224103
195	1519	1.224103
196	1519	1.224103
197	1522	1.226520
198	1519	1.224103
199	1522	1.226520
200	1522	1.226520
201	1523	1.227326
202	1523	1.227326
203	1522	1.226520
204	1523	1.227326
205	1519	1.224103
206	1522	1.226520
207	1523	1.227326
208	1519	1.224103
209	1523	1.227326
210	1519	1.224103
211	1519	1.224103
212	1519	1.224103
213	1519	1.224103
214	1519	1.224103
215	1519	1.224103
216	1519	1.224103
217	1519	1.224103
218	1519	1.224103
219	1519	1.224103
220	1523	1.227326
221	1519	1.224103
222	1523	1.227326
223	1522	1.226520
224	1519	1.224103
225	1519	1.224103
226	1519	1.224103
227	1522	1.226520
228	1523	1.227326
229	1522	1.226520
230	1522	1.226520
231	1522	1.226520
232	1523	1.227326
233	1522	1.226520
234	1523	1.227326
235	1519	1.224103
236	1523	1.227326
237	1523	1.227326
238	1519	1.224103
239	1522	1.226520
240	1522	1.226520
241	1523	1.227326
242	1523	1.227326
243	1523	1.227326
244	1523	1.227326
245	1523	1.227326
246	1522	1.226520
247	1522	1.226520
248	1519	1.224103
249	1523	1.227326
250	1519	1.224103
251	1523	1.227326
252	1522	1.226520
253	1522	1.226520
254	1523	1.227326
255	1519	1.224103
256	1519	1.224103
257	1519	1.224103
258	1519	1.224103
259	1519	1.224103
260	1519	1.224103
261	1519	1.224103
262	1519	1.224103
263	1519	1.224103
264	1519	1.224103
265	1519	1.224103
266	1523	1.227326
267	1519	1.224103
268	1523	1.227326
269	1523	1.227326
270	1523	1.227326
271	1523	1.227326
272	1523	1.227326
273	1522	1.226520
274	1523	1.227326
275	1523	1.227326
276	1522	1.226520
277	1523	1.227326
278	1519	1.224103
279	1523	1.227326
280	1519	1.224103
281	1522	1.226520
282	1519	1.224103
283	1519	1.224103
284	1519	1.224103
285	1522	1.226520
286	1522	1.226520
287	1523	1.227326
288	1522	1.226520
289	1523	1.227326
290	1523	1.227326
291	1523	1.227326
292	1519	1.224103
293	1523	1.227326
294	1523	1.227326
295	1523	1.227326
296	1523	1.227326
297	1522	1.226520
298	1522	1.226520
299	1523	1.227326
300	1523	1.227326
301	1523	1.227326
302	1523	1.227326
303	1523	1.227326
304	1523	1.227326
305	1523	1.227326
306	1519	1.224103
307	1523	1.227326
308	1523	1.227326
309	1519	1.224103
310	1523	1.227326
311	1519	1.224103
312	1519	1.224103
313	1519	1.224103
314	1519	1.224103
315	1522	1.226520
316	1523	1.227326
317	1519	1.224103
318	1523	1.227326
319	1523	1.227326
320	1523	1.227326
321	1522	1.226520
322	1523	1.227326
323	1523	1.227326
324	1519	1.224103
325	1519	1.224103
326	1519	1.224103
327	1519	1.224103
328	1523	1.227326
329	1523	1.227326
330	1522	1.226520
331	1523	1.227326
332	1523	1.227326
333	1523	1.227326
334	1523	1.227326
335	1522	1.226520
336	1522	1.226520
337	1523	1.227326
338	1523	1.227326
339	1523	1.227326
340	1522	1.226520
341	1523	1.227326
342	1522	1.226520
343	1523	1.227326
344	1523	1.227326
345	1523	1.227326
346	1523	1.227326
347	1523	1.227326
348	1523	1.227326
349	1523	1.227326
350	1522	1.226520
351	1523	1.227326
352	1523	1.227326
353	1523	1.227326
354	1522	1.226520
355	1523	1.227326
356	1523	1.227326
357	1519	1.224103
358	1523	1.227326
359	1522	1.226520
360	1523	1.227326
361	1523	1.227326
362	1523	1.227326
363	1523	1.227326
364	1523	1.227326
365	1523	1.227326
366	1523	1.227326
367	1523	1.227326
368	1523	1.227326
369	1523	1.227326
370	1523	1.227326
371	1523	1.227326
372	1523	1.227326
373	1526	1.229744
374	1528	1.231355
375	1523	1.227326
376	1523	1.227326
377	1523	1.227326
378	1528	1.231355
379	1523	1.227326
380	1523	1.227326
381	1523	1.227326
382	1523	1.227326
383	1523	1.227326
384	1523	1.227326
385	1523	1.227326
386	1523	1.227326
387	1523	1.227326
388	1523	1.227326
389	1523	1.227326
390	1526	1.229744
391	1523	1.227326
392	1523	1.227326
393	1528	1.231355
394	1523	1.227326
395	1528	1.231355
396	1523	1.227326
397	1523	1.227326
398	1528	1.231355
399	1523	1.227326
400	1523	1.227326
401	1523	1.227326
402	1523	1.227326
403	1528	1.231355
404	1523	1.227326
405	1523	1.227326
406	1528	1.231355
407	1523	1.227326
408	1523	1.227326
409	1523	1.227326
410	1523	1.227326
411	1528	1.231355
412	1528	1.231355
413	1523	1.227326
414	1528	1.231355
415	1528	1.231355
416	1528	1.231355
417	1528	1.231355
418	1528	1.231355
419	1528	1.231355
420	1528	1.231355
421	1528	1.231355
422	1523	1.227326
423	1523	1.227326
424	1526	1.229744
425	1523	1.227326
426	1528	1.231355
427	1528	1.231355
428	1523	1.227326
429	1528	1.231355
430	1528	1.231355
431	1528	1.231355
432	1530	1.232967
433	1528	1.231355
434	1526	1.229744
435	1528	1.231355
436	1528	1.231355
437	1530	1.232967
438	1528	1.231355
439	1523	1.227326
440	1528	1.231355
441	1528	1.231355
442	1528	1.231355
443	1523	1.227326
444	1526	1.229744
445	1528	1.231355
446	1523	1.227326
447	1523	1.227326
448	1528	1.231355
449	1528	1.231355
450	1523	1.227326
451	1523	1.227326
452	1523	1.227326
453	1523	1.227326
454	1526	1.229744
455	1523	1.227326
456	1523	1.227326
457	1528	1.231355
458	1526	1.229744
459	1528	1.231355
460	1528	1.231355
461	1528	1.231355
462	1528	1.231355
463	1523	1.227326
464	1528	1.231355
465	1523	1.227326
466	1523	1.227326
467	1523	1.227326
468	1528	1.231355
469	1528	1.231355
470	1528	1.231355
471	1528	1.231355
472	1528	1.231355
473	1528	1.231355
474	1523	1.227326
475	1526	1.229744
476	1528	1.231355
477	1528	1.231355
478	1528	1.231355
479	1523	1.227326
480	1528	1.231355
481	1528	1.231355
482	1528	1.231355
483	1528	1.231355
484	1528	1.231355
485	1528	1.231355
486	1523	1.227326
487	1530	1.232967
488	1528	1.231355
489	1528	1.231355
490	1530	1.232967
491	1528	1.231355
492	1528	1.231355
493	1528	1.231355
494	1528	1.231355
495	1528	1.231355
496	1528	1.231355
497	1530	1.232967
498	1528	1.231355
499	1528	1.231355
500	1528	1.231355
501	1530	1.232967
502	1523	1.227326
503	1528	1.231355
504	1523	1.227326
505	1528	1.231355
506	1528	1.231355
507	1528	1.231355
508	1530	1.232967
509	1526	1.229744
510	1528	1.231355
511	1523	1.227326
512	1528	1.231355
513	1528	1.231355
514	1528	1.231355
515	1530	1.232967
516	1523	1.227326
517	1528	1.231355
518	1523	1.227326
519	1526	1.229744
520	1528	1.231355
521	1523	1.227326
522	1523	1.227326
523	1530	1.232967
524	1528	1.231355
525	1528	1.231355
526	1528	1.231355
527	1526	1.229744
528	1523	1.227326
529	1530	1.232967
530	1528	1.231355
531	1528	1.231355
532	1523	1.227326
533	1530	1.232967
534	1530	1.232967
535	1528	1.231355
536	1531	1.233773
537	1530	1.232967
538	1530	1.232967
539	1523	1.227326
540	1528	1.231355
541	1528	1.231355
542	1530	1.232967
543	1530	1.232967
544	1528	1.231355
545	1530	1.232967
546	1530	1.232967
547	1530	1.232967
548	1530	1.232967
549	1528	1.231355
550	1530	1.232967
551	1528	1.231355
552	1528	1.231355
553	1530	1.232967
554	1530	1.232967
555	1530	1.232967
556	1528	1.231355
557	1530	1.232967
558	1528	1.231355
559	1530	1.232967
560	1530	1.232967
561	1530	1.232967
562	1530	1.232967
563	1528	1.231355
564	1528	1.231355
565	1530	1.232967
566	1529	1.232161
567	1528	1.231355
568	1528	1.231355
569	1530	1.232967
570	1526	1.229744
571	1528	1.231355
572	1528	1.231355
573	1528	1.231355
574	1528	1.231355
575	1530	1.232967
576	1526	1.229744
577	1528	1.231355
578	1530	1.232967
579	1530	1.232967
580	1528	1.231355
581	1528	1.231355
582	1530	1.232967
583	1530	1.232967
584	1530	1.232967
585	1528	1.231355
586	1530	1.232967
587	1528	1.231355
588	1530	1.232967
589	1528	1.231355
590	1531	1.233773
591	1528	1.231355
592	1530	1.232967
593	1530	1.232967
594	1530	1.232967
595	1528	1.231355
596	1528	1.231355
597	1530	1.232967
598	1528	1.231355
599	1530	1.232967
600	1530	1.232967
601	1530	1.232967
602	1531	1.233773
603	1530	1.232967
604	1528	1.231355
605	1530	1.232967
606	1531	1.233773
607	1528	1.231355
608	1531	1.233773
609	1530	1.232967
610	1530	1.232967
611	1530	1.232967
612	1530	1.232967
613	1530	1.232967
614	1530	1.232967
615	1530	1.232967
616	1530	1.232967
617	1530	1.232967
618	1530	1.232967
619	1531	1.233773
620	1530	1.232967
621	1528	1.231355
622	1531	1.233773
623	1530	1.232967
624	1530	1.232967
625	1530	1.232967
626	1530	1.232967
627	1531	1.233773
628	1530	1.232967
629	1530	1.232967
630	1531	1.233773
631	1530	1.232967
632	1528	1.231355
633	1528	1.231355
634	1528	1.231355
635	1530	1.232967
636	1530	1.232967
637	1530	1.232967
638	1530	1.232967
639	1531	1.233773
640	1530	1.232967
641	1530	1.232967
642	1531	1.233773
643	1530	1.232967
644	1530	1.232967
645	1531	1.233773
646	1530	1.232967
647	1530	1.232967
648	1530	1.232967
649	1530	1.232967
650	1530	1.232967
651	1530	1.232967
652	1528	1.231355
653	1530	1.232967
654	1530	1.232967
655	1531	1.233773
656	1531	1.233773
657	1530	1.232967
658	1531	1.233773
659	1531	1.233773
660	1530	1.232967
661	1530	1.232967
662	1530	1.232967
663	1531	1.233773
664	1530	1.232967
665	1530	1.232967
666	1530	1.232967
667	1531	1.233773
668	1530	1.232967
669	1530	1.232967
670	1530	1.232967
671	1530	1.232967
672	1530	1.232967
673	1530	1.232967
674	1531	1.233773
675	1530	1.232967
676	1530	1.232967
677	1530	1.232967
678	1530	1.232967
679	1530	1.232967
680	1530	1.232967
681	1531	1.233773
682	1530	1.232967
683	1531	1.233773
684	1531	1.233773
685	1530	1.232967
686	1531	1.233773
687	1530	1.232967
688	1530	1.232967
689	1531	1.233773
690	1530	1.232967
691	1530	1.232967
692	1531	1.233773
693	1530	1.232967
694	1530	1.232967
695	1530	1.232967
696	1530	1.232967
697	1530	1.232967
698	1531	1.233773
699	1530	1.232967
700	1530	1.232967
701	1531	1.233773
702	1531	1.233773
703	1530	1.232967
704	1530	1.232967
705	1536	1.237802
706	1531	1.233773
707	1530	1.232967
708	1531	1.233773
709	1530	1.232967
710	1531	1.233773
711	1530	1.232967
712	1531	1.233773
713	1531	1.233773
714	1531	1.233773
715	1531	1.233773
716	1530	1.232967
717	1530	1.232967
718	1531	1.233773
719	1531	1.233773
720	1531	1.233773
721	1536	1.237802
722	1536	1.237802
723	1536	1.237802
724	1536	1.237802
725	1536	1.237802
726	1538	1.239414
727	1536	1.237802
728	1536	1.237802
729	1536	1.237802
730	1536	1.237802
731	1536	1.237802
732	1538	1.239414
733	1536	1.237802
734	1536	1.237802
735	1538	1.239414
736	1536	1.237802
737	1536	1.237802
738	1536	1.237802
739	1538	1.239414
740	1536	1.237802
741	1536	1.237802
742	1536	1.237802
743	1536	1.237802
744	1536	1.237802
745	1536	1.237802
746	1538	1.239414
747	1538	1.239414
748	1538	1.239414
749	1538	1.239414
750	1538	1.239414
751	1538	1.239414
752	1538	1.239414
753	1538	1.239414
754	1538	1.239414
755	1538	1.239414
756	1536	1.237802
757	1538	1.239414
758	1538	1.239414
759	1539	1.240220
760	1538	1.239414
761	1538	1.239414
762	1539	1.240220
763	1538	1.239414
764	1538	1.239414
765	1538	1.239414
766	1539	1.240220
767	1538	1.239414
768	1536	1.237802
769	1538	1.239414
770	1538	1.239414
771	1538	1.239414
772	1536	1.237802
773	1538	1.239414
774	1539	1.240220
775	1538	1.239414
776	1538	1.239414
777	1538	1.239414
778	1539	1.240220
779	1538	1.239414
780	1538	1.239414
781	1539	1.240220
782	1538	1.239414
783	1539	1.240220
784	1538	1.239414
785	1539	1.240220
786	1539	1.240220
787	1539	1.240220
788	1539	1.240220
789	1539	1.240220
790	1539	1.240220
791	1538	1.239414
792	1539	1.240220
793	1538	1.239414
794	1539	1.240220
795	1539	1.240220
796	1539	1.240220
797	1539	1.240220
798	1538	1.239414
799	1539	1.240220
800	1539	1.240220
801	1539	1.240220
802	1539	1.240220
803	1539	1.240220
804	1539	1.240220
805	1539	1.240220
806	1539	1.240220
807	1539	1.240220
808	1538	1.239414
809	1539	1.240220
810	1542	1.242637
811	1539	1.240220
812	1539	1.240220
813	1539	1.240220
814	1539	1.240220
815	1539	1.240220
816	1539	1.240220
817	1539	1.240220
818	1539	1.240220
819	1539	1.240220
820	1539	1.240220
821	1539	1.240220
822	1539	1.240220
823	1539	1.240220
824	1539	1.240220
825	1539	1.240220
826	1539	1.240220
827	1539	1.240220
828	1539	1.240220
829	1539	1.240220
830	1539	1.240220
831	1539	1.240220
832	1539	1.240220
833	1539	1.240220
834	1539	1.240220
835	1539	1.240220
836	1539	1.240220
837	1539	1.240220
838	1539	1.240220
839	1542	1.242637
840	1539	1.240220
841	1544	1.244249
842	1539	1.240220
843	1539	1.240220
844	1539	1.240220
845	1539	1.240220
846	1542	1.242637
847	1538	1.239414
848	1539	1.240220
849	1539	1.240220
850	1539	1.240220
851	1539	1.240220
852	1539	1.240220
853	1539	1.240220
854	1542	1.242637
855	1539	1.240220
856	1539	1.240220
857	1539	1.240220
858	1538	1.239414
859	1539	1.240220
860	1538	1.239414
861	1538	1.239414
862	1539	1.240220
863	1539	1.240220
864	1539	1.240220
865	1539	1.240220
866	1539	1.240220
867	1539	1.240220
868	1539	1.240220
869	1539	1.240220
870	1539	1.240220
871	1539	1.240220
872	1539	1.240220
873	1539	1.240220
874	1543	1.243443
875	1539	1.240220
876	1539	1.240220
877	1539	1.240220
878	1539	1.240220
879	1539	1.240220
880	1539	1.240220
881	1539	1.240220
882	1539	1.240220
883	1539	1.240220
884	1539	1.240220
885	1539	1.240220
886	1539	1.240220
887	1539	1.240220
888	1542	1.242637
889	1539	1.240220
890	1539	1.240220
891	1539	1.240220
892	1539	1.240220
893	1539	1.240220
894	1539	1.240220
895	1542	1.242637
896	1539	1.240220
897	1539	1.240220
898	1544	1.244249
899	1544	1.244249
900	1544	1.244249
901	1546	1.245861
902	1542	1.242637
903	1539	1.240220
904	1539	1.240220
905	1539	1.240220
906	1544	1.244249
907	1539	1.240220
908	1539	1.240220
909	1539	1.240220
910	1539	1.240220
911	1539	1.240220
912	1539	1.240220
913	1539	1.240220
914	1539	1.240220
915	1539	1.240220
916	1539	1.240220
917	1538	1.239414
918	1544	1.244249
919	1539	1.240220
920	1544	1.244249
921	1539	1.240220
922	1544	1.244249
923	1544	1.244249
924	1542	1.242637
925	1539	1.240220
926	1546	1.245861
927	1544	1.244249
928	1544	1.244249
929	1539	1.240220
930	1544	1.244249
931	1539	1.240220
932	1544	1.244249
933	1539	1.240220
934	1545	1.245055
935	1539	1.240220
936	1539	1.240220
937	1539	1.240220
938	1539	1.240220
939	1544	1.244249
940	1539	1.240220
941	1544	1.244249
942	1539	1.240220
943	1539	1.240220
944	1539	1.240220
945	1539	1.240220
946	1539	1.240220
947	1539	1.240220
948	1539	1.240220
949	1539	1.240220
950	1539	1.240220
951	1539	1.240220
952	1539	1.240220
953	1539	1.240220
954	1539	1.240220
955	1539	1.240220
956	1538	1.239414
957	1538	1.239414
958	1538	1.239414
959	1538	1.239414
960	1538	1.239414
961	1536	1.237802
962	1538	1.239414
963	1538	1.239414
964	1538	1.239414
965	1538	1.239414
966	1539	1.240220
967	1538	1.239414
968	1538	1.239414
969	1536	1.237802
970	1538	1.239414
971	1538	1.239414
972	1538	1.239414
973	1538	1.239414
974	1538	1.239414
975	1536	1.237802
976	1538	1.239414
977	1538	1.239414
978	1538	1.239414
979	1539	1.240220
980	1538	1.239414
981	1538	1.239414
982	1538	1.239414
983	1536	1.237802
984	1536	1.237802
985	1538	1.239414
986	1538	1.239414
987	1538	1.239414
988	1538	1.239414
989	1538	1.239414
990	1539	1.240220
991	1536	1.237802
992	1539	1.240220
993	1538	1.239414
994	1539	1.240220
995	1539	1.240220
996	1538	1.239414
997	1538	1.239414
998	1538	1.239414
999	1538	1.239414
1000	1538	1.239414
1001	1538	1.239414
1002	1538	1.239414
1003	1538	1.239414
1004	1536	1.237802
1005	1536	1.237802
1006	1536	1.237802
1007	1538	1.239414
1008	1536	1.237802
1009	1536	1.237802
1010	1536	1.237802
1011	1536	1.237802
1012	1536	1.237802
1013	1536	1.237802
1014	1538	1.239414
1015	1538	1.239414
1016	1536	1.237802
1017	1536	1.237802
1018	1536	1.237802
1019	1538	1.239414
1020	1536	1.237802
1021	1536	1.237802
1022	1538	1.239414
1023	1538	1.239414
1024	1538	1.239414
1025	1538	1.239414
1026	1538	1.239414
1027	1538	1.239414
1028	1538	1.239414
1029	1538	1.239414
1030	1538	1.239414
1031	1536	1.237802
1032	1536	1.237802
1033	1538	1.239414
1034	1538	1.239414
1035	1538	1.239414
1036	1539	1.240220
1037	1539	1.240220
1038	1539	1.240220
1039	1539	1.240220
1040	1539	1.240220
1041	1542	1.242637
1042	1539	1.240220
1043	1539	1.240220
1044	1539	1.240220
1045	1539	1.240220
1046	1539	1.240220
1047	1539	1.240220
1048	1539	1.240220
1049	1539	1.240220
1050	1539	1.240220
1051	1538	1.239414
1052	1539	1.240220
1053	1539	1.240220
1054	1539	1.240220
1055	1538	1.239414
1056	1539	1.240220
1057	1539	1.240220
1058	1538	1.239414
1059	1539	1.240220
1060	1539	1.240220
1061	1539	1.240220
1062	1539	1.240220
1063	1539	1.240220
1064	1539	1.240220
1065	1539	1.240220
1066	1539	1.240220
1067	1544	1.244249
1068	1544	1.244249
1069	1544	1.244249
1070	1539	1.240220
1071	1544	1.244249
1072	1544	1.244249
1073	1542	1.242637
1074	1546	1.245861
1075	1539	1.240220
1076	1539	1.240220
1077	1539	1.240220
1078	1539	1.240220
1079	1544	1.244249
1080	1539	1.240220
1081	1539	1.240220
1082	1539	1.240220
1083	1539	1.240220
1084	1539	1.240220
1085	1539	1.240220
1086	1539	1.240220
1087	1539	1.240220
1088	1539	1.240220
1089	1539	1.240220
1090	1539	1.240220
1091	1539	1.240220
1092	1539	1.240220
1093	1539	1.240220
1094	1544	1.244249
1095	1539	1.240220
1096	1539	1.240220
1097	1539	1.240220
1098	1539	1.240220
1099	1539	1.240220
1100	1544	1.244249
1101	1544	1.244249
1102	1539	1.240220
1103	1539	1.240220
1104	1539	1.240220
1105	1539	1.240220
1106	1539	1.240220
1107	1539	1.240220
1108	1539	1.240220
1109	1539	1.240220
1110	1544	1.244249
1111	1539	1.240220
1112	1539	1.240220
1113	1539	1.240220
1114	1539	1.240220
1115	1539	1.240220
1116	1544	1.244249
1117	1539	1.240220
1118	1539	1.240220
1119	1543	1.243443
1120	1539	1.240220
1121	1544	1.244249
1122	1539	1.240220
1123	1539	1.240220
1124	1539	1.240220
1125	1539	1.240220
1126	1543	1.243443
1127	1539	1.240220
1128	1544	1.244249
1129	1546	1.245861
1130	1544	1.244249
1131	1539	1.240220
1132	1539	1.240220
1133	1539	1.240220
1134	1539	1.240220
1135	1539	1.240220
1136	1539	1.240220
1137	1539	1.240220
1138	1539	1.240220
1139	1539	1.240220
1140	1539	1.240220
1141	1544	1.244249
1142	1539	1.240220
1143	1539	1.240220
1144	1544	1.244249
1145	1544	1.244249
1146	1546	1.245861
1147	1539	1.240220
1148	1544	1.244249
1149	1544	1.244249
1150	1544	1.244249
1151	1539	1.240220
1152	1544	1.244249
1153	1539	1.240220
1154	1539	1.240220
1155	1539	1.240220
1156	1539	1.240220
1157	1544	1.244249
1158	1543	1.243443
1159	1539	1.240220
1160	1539	1.240220
1161	1544	1.244249
1162	1539	1.240220
1163	1539	1.240220
1164	1539	1.240220
1165	1539	1.240220
1166	1544	1.244249
1167	1539	1.240220
1168	1544	1.244249
1169	1539	1.240220
1170	1539	1.240220
1171	1543	1.243443
1172	1544	1.244249
1173	1544	1.244249
1174	1544	1.244249
1175	1546	1.245861
1176	1546	1.245861
1177	1544	1.244249
1178	1544	1.244249
1179	1544	1.244249
1180	1544	1.244249
1181	1544	1.244249
1182	1544	1.244249
1183	1546	1.245861
1184	1544	1.244249
1185	1539	1.240220
1186	1539	1.240220
1187	1544	1.244249
1188	1546	1.245861
1189	1543	1.243443
1190	1539	1.240220
1191	1544	1.244249
1192	1544	1.244249
1193	1544	1.244249
1194	1544	1.244249
1195	1544	1.244249
1196	1544	1.244249
1197	1543	1.243443
1198	1543	1.243443
1199	1539	1.240220
1200	1543	1.243443
1201	1543	1.243443
1202	1544	1.244249
1203	1546	1.245861
1204	1544	1.244249
1205	1546	1.245861
1206	1539	1.240220
1207	1546	1.245861
1208	1544	1.244249
1209	1543	1.243443
1210	1543	1.243443
1211	1539	1.240220
1212	1543	1.243443
1213	1544	1.244249
1214	1539	1.240220
1215	1539	1.240220
1216	1544	1.244249
1217	1544	1.244249
1218	1544	1.244249
1219	1544	1.244249
1220	1539	1.240220
1221	1544	1.244249
1222	1544	1.244249
1223	1546	1.245861
1224	1544	1.244249
1225	1545	1.245055
1226	1546	1.245861
1227	1544	1.244249
1228	1545	1.245055
1229	1546	1.245861
1230	1544	1.244249
1231	1544	1.244249
1232	1539	1.240220
1233	1544	1.244249
1234	1539	1.240220
1235	1544	1.244249
1236	1539	1.240220
1237	1539	1.240220
1238	1539	1.240220
1239	1544	1.244249
1240	1544	1.244249
1241	1546	1.245861
1242	1544	1.244249
1243	1544	1.244249
1244	1544	1.244249
1245	1545	1.245055
1246	1544	1.244249
1247	1546	1.245861
1248	1546	1.245861
1249	1546	1.245861
1250	1544	1.244249
1251	1544	1.244249
1252	1546	1.245861
1253	1546	1.245861
1254	1546	1.245861
1255	1547	1.246667
1256	1546	1.245861
1257	1546	1.245861
1258	1547	1.246667
1259	1547	1.246667
1260	1546	1.245861
1261	1547	1.246667
1262	1547	1.246667
1263	1547	1.246667
1264	1546	1.245861
1265	1546	1.245861
1266	1546	1.245861
1267	1546	1.245861
1268	1547	1.246667
1269	1546	1.245861
1270	1545	1.245055
1271	1546	1.245861
1272	1544	1.244249
1273	1546	1.245861
1274	1544	1.244249
1275	1546	1.245861
1276	1547	1.246667
1277	1547	1.246667
1278	1547	1.246667
1279	1547	1.246667
1280	1547	1.246667
1281	1547	1.246667
1282	1546	1.245861
1283	1544	1.244249
1284	1546	1.245861
1285	1546	1.245861
1286	1547	1.246667
1287	1546	1.245861
1288	1546	1.245861
1289	1546	1.245861
1290	1547	1.246667
1291	1547	1.246667
1292	1547	1.246667
1293	1546	1.245861
1294	1546	1.245861
1295	1546	1.245861
1296	1546	1.245861
1297	1546	1.245861
1298	1546	1.245861
1299	1546	1.245861
1300	1547	1.246667
1301	1547	1.246667
1302	1547	1.246667
1303	1546	1.245861
1304	1547	1.246667
1305	1544	1.244249
1306	1547	1.246667
1307	1544	1.244249
1308	1546	1.245861
1309	1546	1.245861
1310	1546	1.245861
1311	1546	1.245861
1312	1547	1.246667
1313	1546	1.245861
1314	1546	1.245861
1315	1546	1.245861
1316	1547	1.246667
1317	1547	1.246667
1318	1547	1.246667
1319	1547	1.246667
1320	1547	1.246667
1321	1546	1.245861
1322	1547	1.246667
1323	1547	1.246667
1324	1547	1.246667
1325	1547	1.246667
1326	1547	1.246667
1327	1547	1.246667
1328	1546	1.245861
1329	1547	1.246667
1330	1547	1.246667
1331	1546	1.245861
1332	1547	1.246667
1333	1547	1.246667
1334	1546	1.245861
1335	1547	1.246667
1336	1546	1.245861
1337	1547	1.246667
1338	1547	1.246667
1339	1547	1.246667
1340	1547	1.246667
1341	1547	1.246667
1342	1547	1.246667
1343	1547	1.246667
1344	1546	1.245861
1345	1547	1.246667
1346	1547	1.246667
1347	1546	1.245861
1348	1547	1.246667
1349	1547	1.246667
1350	1547	1.246667
1351	1547	1.246667
1352	1547	1.246667
1353	1547	1.246667
1354	1547	1.246667
1355	1547	1.246667
1356	1547	1.246667
1357	1547	1.246667
1358	1547	1.246667
1359	1547	1.246667
1360	1547	1.246667
1361	1547	1.246667
1362	1547	1.246667
1363	1547	1.246667
1364	1547	1.246667
1365	1547	1.246667
1366	1547	1.246667
1367	1547	1.246667
1368	1547	1.246667
1369	1547	1.246667
1370	1547	1.246667
1371	1550	1.249084
1372	1547	1.246667
1373	1551	1.249890
1374	1547	1.246667
1375	1547	1.246667
1376	1547	1.246667
1377	1547	1.246667
1378	1547	1.246667
1379	1547	1.246667
1380	1547	1.246667
1381	1547	1.246667
1382	1547	1.246667
1383	1547	1.246667
1384	1547	1.246667
1385	1551	1.249890
1386	1547	1.246667
1387	1547	1.246667
1388	1551	1.249890
1389	1551	1.249890
1390	1551	1.249890
1391	1547	1.246667
1392	1547	1.246667
1393	1547	1.246667
1394	1551	1.249890
1395	1551	1.249890
1396	1551	1.249890
1397	1555	1.253114
1398	1551	1.249890
1399	1555	1.253114
1400	1551	1.249890
1401	1551	1.249890
1402	1551	1.249890
1403	1551	1.249890
1404	1547	1.246667
1405	1551	1.249890
1406	1547	1.246667
1407	1551	1.249890
1408	1551	1.249890
1409	1551	1.249890
1410	1551	1.249890
1411	1551	1.249890
1412	1551	1.249890
1413	1551	1.249890
1414	1551	1.249890
1415	1547	1.246667
1416	1551	1.249890
1417	1551	1.249890
1418	1551	1.249890
1419	1551	1.249890
1420	1551	1.249890
1421	1551	1.249890
1422	1551	1.249890
1423	1551	1.249890
1424	1551	1.249890
1425	1551	1.249890
1426	1551	1.249890
1427	1551	1.249890
1428	1551	1.249890
1429	1551	1.249890
1430	1551	1.249890
1431	1551	1.249890
1432	1551	1.249890
1433	1551	1.249890
1434	1551	1.249890
1435	1551	1.249890
1436	1551	1.249890
1437	1551	1.249890
1438	1551	1.249890
1439	1551	1.249890
1440	1555	1.253114
1441	1551	1.249890
1442	1551	1.249890
1443	1555	1.253114
1444	1551	1.249890
1445	1551	1.249890
1446	1551	1.249890
1447	1555	1.253114
1448	1551	1.249890
1449	1551	1.249890
1450	1551	1.249890
1451	1555	1.253114
1452	1555	1.253114
1453	1551	1.249890
1454	1551	1.249890
1455	1555	1.253114
1456	1555	1.253114
1457	1551	1.249890
1458	1555	1.253114
1459	1551	1.249890
1460	1551	1.249890
1461	1551	1.249890
1462	1551	1.249890
1463	1551	1.249890
1464	1555	1.253114
1465	1555	1.253114
1466	1551	1.249890
1467	1555	1.253114
1468	1555	1.253114
1469	1560	1.257143
1470	1555	1.253114
1471	1555	1.253114
1472	1555	1.253114
1473	1560	1.257143
1474	1562	1.258755
1475	1555	1.253114
1476	1562	1.258755
1477	1555	1.253114
1478	1560	1.257143
1479	1555	1.253114
1480	1555	1.253114
1481	1555	1.253114
1482	1555	1.253114
1483	1555	1.253114
1484	1555	1.253114
1485	1560	1.257143
1486	1560	1.257143
1487	1562	1.258755
1488	1560	1.257143
1489	1560	1.257143
1490	1562	1.258755
1491	1562	1.258755
1492	1560	1.257143
1493	1560	1.257143
1494	1560	1.257143
1495	1555	1.253114
1496	1555	1.253114
1497	1555	1.253114
1498	1560	1.257143
1499	1555	1.253114
1500	1555	1.253114
1501	1555	1.253114
1502	1555	1.253114
1503	1555	1.253114
1504	1560	1.257143
1505	1555	1.253114
1506	1555	1.253114
1507	1560	1.257143
1508	1555	1.253114
1509	1555	1.253114
1510	1555	1.253114
1511	1555	1.253114
1512	1555	1.253114
1513	1555	1.253114
1514	1560	1.257143
1515	1555	1.253114
1516	1560	1.257143
1517	1555	1.253114
1518	1560	1.257143
1519	1555	1.253114
1520	1561	1.257949
1521	1568	1.263590
1522	1563	1.259560
1523	1560	1.257143
1524	1562	1.258755
1525	1560	1.257143
1526	1560	1.257143
1527	1562	1.258755
1528	1562	1.258755
1529	1560	1.257143
1530	1562	1.258755
1531	1562	1.258755
1532	1562	1.258755
1533	1562	1.258755
1534	1562	1.258755
1535	1562	1.258755
1536	1562	1.258755
1537	1562	1.258755
1538	1562	1.258755
1539	1562	1.258755
1540	1568	1.263590
1541	1562	1.258755
1542	1563	1.259560
1543	1563	1.259560
1544	1562	1.258755
1545	1562	1.258755
1546	1568	1.263590
1547	1568	1.263590
1548	1568	1.263590
1549	1568	1.263590
1550	1563	1.259560
1551	1563	1.259560
1552	1562	1.258755
1553	1562	1.258755
1554	1561	1.257949
1555	1562	1.258755
1556	1560	1.257143
1557	1562	1.258755
1558	1562	1.258755
1559	1568	1.263590
1560	1568	1.263590
1561	1563	1.259560
1562	1563	1.259560
1563	1568	1.263590
1564	1568	1.263590
1565	1568	1.263590
1566	1563	1.259560
1567	1568	1.263590
1568	1568	1.263590
1569	1568	1.263590
1570	1568	1.263590
1571	1568	1.263590
1572	1568	1.263590
1573	1568	1.263590
1574	1568	1.263590
1575	1563	1.259560
1576	1563	1.259560
1577	1568	1.263590
1578	1568	1.263590
1579	1568	1.263590
1580	1563	1.259560
1581	1568	1.263590
1582	1568	1.263590
1583	1568	1.263590
1584	1570	1.265201
1585	1568	1.263590
1586	1568	1.263590
1587	1568	1.263590
1588	1568	1.263590
1589	1568	1.263590
1590	1568	1.263590
1591	1563	1.259560
1592	1563	1.259560
1593	1568	1.263590
1594	1568	1.263590
1595	1568	1.263590
1596	1568	1.263590
1597	1568	1.263590
1598	1568	1.263590
1599	1568	1.263590
1600	1568	1.263590
1601	1570	1.265201
1602	1568	1.263590
1603	1570	1.265201
1604	1568	1.263590
1605	1568	1.263590
1606	1568	1.263590
1607	1570	1.265201
1608	1568	1.263590
1609	1570	1.265201
1610	1568	1.263590
1611	1568	1.263590
1612	1568	1.263590
1613	1568	1.263590
1614	1568	1.263590
1615	1568	1.263590
1616	1568	1.263590
1617	1568	1.263590
1618	1568	1.263590
1619	1568	1.263590
1620	1568	1.263590
1621	1568	1.263590
1622	1571	1.266007
1623	1568	1.263590
1624	1568	1.263590
1625	1568	1.263590
1626	1568	1.263590
1627	1568	1.263590
1628	1568	1.263590
1629	1568	1.263590
1630	1568	1.263590
1631	1568	1.263590
1632	1568	1.263590
1633	1568	1.263590
1634	1568	1.263590
1635	1568	1.263590
1636	1570	1.265201
1637	1568	1.263590
1638	1568	1.263590
1639	1568	1.263590
1640	1568	1.263590
1641	1568	1.263590
1642	1568	1.263590
1643	1568	1.263590
1644	1568	1.263590
1645	1568	1.263590
1646	1568	1.263590
1647	1568	1.263590
1648	1568	1.263590
1649	1568	1.263590
1650	1568	1.263590
1651	1568	1.263590
1652	1568	1.263590
1653	1568	1.263590
1654	1568	1.263590
1655	1570	1.265201
1656	1568	1.263590
1657	1568	1.263590
1658	1568	1.263590
1659	1568	1.263590
1660	1568	1.263590
1661	1568	1.263590
1662	1568	1.263590
1663	1563	1.259560
1664	1568	1.263590
1665	1568	1.263590
1666	1568	1.263590
1667	1568	1.263590
1668	1568	1.263590
1669	1568	1.263590
1670	1568	1.263590
1671	1568	1.263590
1672	1563	1.259560
1673	1568	1.263590
1674	1568	1.263590
1675	1568	1.263590
1676	1568	1.263590
1677	1568	1.263590
1678	1568	1.263590
1679	1563	1.259560
1680	1568	1.263590
1681	1568	1.263590
1682	1568	1.263590
1683	1568	1.263590
1684	1568	1.263590
1685	1568	1.263590
1686	1563	1.259560
1687	1568	1.263590
1688	1563	1.259560
1689	1568	1.263590
1690	1562	1.258755
1691	1562	1.258755
1692	1562	1.258755
1693	1562	1.258755
1694	1562	1.258755
1695	1560	1.257143
1696	1561	1.257949
1697	1563	1.259560
1698	1563	1.259560
1699	1562	1.258755
1700	1562	1.258755
1701	1562	1.258755
1702	1562	1.258755
1703	1562	1.258755
1704	1563	1.259560
1705	1560	1.257143
1706	1562	1.258755
1707	1562	1.258755
1708	1562	1.258755
1709	1568	1.263590
1710	1563	1.259560
1711	1562	1.258755
1712	1563	1.259560
1713	1562	1.258755
1714	1562	1.258755
1715	1563	1.259560
1716	1568	1.263590
1717	1568	1.263590
1718	1563	1.259560
1719	1562	1.258755
1720	1562	1.258755
1721	1563	1.259560
1722	1562	1.258755
1723	1555	1.253114
1724	1562	1.258755
1725	1560	1.257143
1726	1560	1.257143
1727	1560	1.257143
1728	1560	1.257143
1729	1562	1.258755
1730	1562	1.258755
1731	1562	1.258755
1732	1561	1.257949
1733	1560	1.257143
1734	1560	1.257143
1735	1555	1.253114
1736	1560	1.257143
1737	1555	1.253114
1738	1560	1.257143
1739	1555	1.253114
1740	1560	1.257143
1741	1560	1.257143
1742	1555	1.253114
1743	1555	1.253114
1744	1560	1.257143
1745	1555	1.253114
1746	1560	1.257143
1747	1555	1.253114
1748	1555	1.253114
1749	1561	1.257949
1750	1560	1.257143
1751	1560	1.257143
1752	1555	1.253114
1753	1560	1.257143
1754	1560	1.257143
1755	1555	1.253114
1756	1555	1.253114
1757	1555	1.253114
1758	1560	1.257143
1759	1560	1.257143
1760	1555	1.253114
1761	1555	1.253114
1762	1555	1.253114
1763	1555	1.253114
1764	1555	1.253114
1765	1555	1.253114
1766	1555	1.253114
1767	1562	1.258755
1768	1555	1.253114
1769	1560	1.257143
1770	1560	1.257143
1771	1560	1.257143
1772	1560	1.257143
1773	1560	1.257143
1774	1560	1.257143
1775	1560	1.257143
1776	1555	1.253114
1777	1560	1.257143
1778	1560	1.257143
1779	1555	1.253114
1780	1555	1.253114
1781	1555	1.253114
1782	1555	1.253114
1783	1555	1.253114
1784	1555	1.253114
1785	1560	1.257143
1786	1555	1.253114
1787	1555	1.253114
1788	1555	1.253114
1789	1551	1.249890
1790	1551	1.249890
1791	1551	1.249890
1792	1551	1.249890
1793	1555	1.253114
1794	1555	1.253114
1795	1555	1.253114
1796	1551	1.249890
1797	1555	1.253114
1798	1555	1.253114
1799	1555	1.253114
1800	1555	1.253114
1801	1554	1.252308
1802	1551	1.249890
1803	1547	1.246667
1804	1547	1.246667
1805	1547	1.246667
1806	1547	1.246667
1807	1551	1.249890
1808	1551	1.249890
1809	1555	1.253114
1810	1555	1.253114
1811	1560	1.257143
1812	1560	1.257143
1813	1555	1.253114
1814	1555	1.253114
1815	1551	1.249890
1816	1551	1.249890
1817	1555	1.253114
1818	1551	1.249890
1819	1551	1.249890
1820	1551	1.249890
1821	1547	1.246667
1822	1551	1.249890
1823	1551	1.249890
1824	1555	1.253114
1825	1551	1.249890
1826	1551	1.249890
1827	1555	1.253114
1828	1555	1.253114
1829	1555	1.253114
1830	1555	1.253114
1831	1551	1.249890
1832	1555	1.253114
1833	1555	1.253114
1834	1555	1.253114
1835	1555	1.253114
1836	1555	1.253114
1837	1555	1.253114
1838	1555	1.253114
1839	1561	1.257949
1840	1555	1.253114
1841	1555	1.253114
1842	1555	1.253114
1843	1551	1.249890
1844	1555	1.253114
1845	1560	1.257143
1846	1562	1.258755
1847	1555	1.253114
1848	1555	1.253114
1849	1555	1.253114
1850	1555	1.253114
1851	1555	1.253114
1852	1555	1.253114
1853	1555	1.253114
1854	1561	1.257949
1855	1560	1.257143
1856	1560	1.257143
1857	1560	1.257143
1858	1562	1.258755
1859	1560	1.257143
1860	1562	1.258755
1861	1560	1.257143
1862	1555	1.253114
1863	1560	1.257143
1864	1555	1.253114
1865	1560	1.257143
1866	1555	1.253114
1867	1551	1.249890
1868	1555	1.253114
1869	1560	1.257143
1870	1560	1.257143
1871	1561	1.257949
1872	1562	1.258755
1873	1568	1.263590
1874	1563	1.259560
1875	1562	1.258755
1876	1568	1.263590
1877	1562	1.258755
1878	1560	1.257143
1879	1560	1.257143
1880	1568	1.263590
1881	1562	1.258755
1882	1562	1.258755
1883	1562	1.258755
1884	1562	1.258755
1885	1562	1.258755
1886	1562	1.258755
1887	1563	1.259560
1888	1568	1.263590
1889	1563	1.259560
1890	1568	1.263590
1891	1568	1.263590
1892	1568	1.263590
1893	1563	1.259560
1894	1562	1.258755
1895	1555	1.253114
1896	1555	1.253114
1897	1562	1.258755
1898	1562	1.258755
1899	1562	1.258755
1900	1560	1.257143
1901	1562	1.258755
1902	1568	1.263590
1903	1568	1.263590
1904	1571	1.266007
1905	1568	1.263590
1906	1568	1.263590
1907	1568	1.263590
1908	1563	1.259560
1909	1568	1.263590
1910	1568	1.263590
1911	1568	1.263590
1912	1568	1.263590
1913	1568	1.263590
1914	1568	1.263590
1915	1568	1.263590
1916	1568	1.263590
1917	1568	1.263590
1918	1568	1.263590
1919	1568	1.263590
1920	1569	1.264396
1921	1570	1.265201
1922	1571	1.266007
1923	1562	1.258755
1924	1568	1.263590
1925	1568	1.263590
1926	1568	1.263590
1927	1568	1.263590
1928	1568	1.263590
1929	1568	1.263590
1930	1568	1.263590
1931	1571	1.266007
1932	1568	1.263590
1933	1563	1.259560
1934	1560	1.257143
1935	1562	1.258755
1936	1568	1.263590
1937	1568	1.263590
1938	1568	1.263590
1939	1568	1.263590
1940	1568	1.263590
1941	1568	1.263590
1942	1568	1.263590
1943	1570	1.265201
1944	1570	1.265201
1945	1571	1.266007
1946	1571	1.266007
1947	1568	1.263590
1948	1571	1.266007
1949	1571	1.266007
1950	1571	1.266007
1951	1571	1.266007
1952	1571	1.266007
1953	1571	1.266007
1954	1568	1.263590
1955	1570	1.265201
1956	1568	1.263590
1957	1570	1.265201
1958	1568	1.263590
1959	1568	1.263590
1960	1568	1.263590
1961	1568	1.263590
1962	1571	1.266007
1963	1571	1.266007
1964	1571	1.266007
1965	1570	1.265201
1966	1570	1.265201
1967	1571	1.266007
1968	1571	1.266007
1969	1571	1.266007
1970	1570	1.265201
1971	1570	1.265201
1972	1570	1.265201
1973	1571	1.266007
1974	1571	1.266007
1975	1571	1.266007
1976	1571	1.266007
1977	1571	1.266007
1978	1571	1.266007
1979	1571	1.266007
1980	1568	1.263590
1981	1571	1.266007
1982	1571	1.266007
1983	1571	1.266007
1984	1571	1.266007
1985	1576	1.270037
1986	1578	1.271648
1987	1578	1.271648
1988	1575	1.269231
1989	1579	1.272454
1990	1579	1.272454
1991	1579	1.272454
1992	1579	1.272454
1993	1579	1.272454
1994	1579	1.272454
1995	1578	1.271648
1996	1578	1.271648
1997	1578	1.271648
1998	1576	1.270037
1999	1571	1.266007
2000	1576	1.270037
2001	1577	1.270842
2002	1579	1.272454
2003	1576	1.270037
2004	1576	1.270037
2005	1571	1.266007
2006	1571	1.266007
2007	1571	1.266007
2008	1571	1.266007
2009	1571	1.266007
2010	1576	1.270037
2011	1576	1.270037
2012	1577	1.270842
2013	1578	1.271648
2014	1576	1.270037
2015	1579	1.272454
2016	1576	1.270037
2017	1576	1.270037
2018	1576	1.270037
2019	1577	1.270842
2020	1576	1.270037
2021	1578	1.271648
2022	1578	1.271648
2023	1576	1.270037
2024	1576	1.270037
2025	1571	1.266007
2026	1576	1.270037
2027	1576	1.270037
2028	1578	1.271648
2029	1578	1.271648
2030	1579	1.272454
2031	1579	1.272454
2032	1579	1.272454
2033	1579	1.272454
2034	1579	1.272454
2035	1579	1.272454
2036	1583	1.275678
2037	1579	1.272454
2038	1579	1.272454
2039	1583	1.275678
2040	1579	1.272454
2041	1583	1.275678
2042	1579	1.272454
2043	1579	1.272454
2044	1578	1.271648
2045	1578	1.271648
2046	1579	1.272454
2047	1579	1.272454
2048	1579	1.272454
2049	1583	1.275678
2050	1579	1.272454
2051	1583	1.275678
2052	1583	1.275678
2053	1583	1.275678
2054	1579	1.272454
2055	1583	1.275678
2056	1583	1.275678
2057	1587	1.278901
2058	1583	1.275678
2059	1583	1.275678
2060	1583	1.275678
2061	1587	1.278901
2062	1583	1.275678
2063	1583	1.275678
2064	1583	1.275678
2065	1587	1.278901
2066	1587	1.278901
2067	1583	1.275678
2068	1586	1.278095
2069	1583	1.275678
2070	1587	1.278901
2071	1583	1.275678
2072	1587	1.278901
2073	1583	1.275678
2074	1587	1.278901
2075	1587	1.278901
2076	1594	1.284542
2077	1587	1.278901
2078	1587	1.278901
2079	1587	1.278901
2080	1583	1.275678
2081	1592	1.282930
2082	1587	1.278901
2083	1587	1.278901
2084	1587	1.278901
2085	1587	1.278901
2086	1587	1.278901
2087	1587	1.278901
2088	1587	1.278901
2089	1587	1.278901
2090	1587	1.278901
2091	1587	1.278901
2092	1587	1.278901
2093	1587	1.278901
2094	1587	1.278901
2095	1587	1.278901
2096	1587	1.278901
2097	1594	1.284542
2098	1587	1.278901
2099	1587	1.278901
2100	1587	1.278901
2101	1592	1.282930
2102	1587	1.278901
2103	1594	1.284542
2104	1587	1.278901
2105	1594	1.284542
2106	1593	1.283736
2107	1594	1.284542
2108	1595	1.285348
2109	1594	1.284542
2110	1592	1.282930
2111	1594	1.284542
2112	1594	1.284542
2113	1592	1.282930
2114	1594	1.284542
2115	1594	1.284542
2116	1592	1.282930
2117	1592	1.282930
2118	1592	1.282930
2119	1592	1.282930
2120	1594	1.284542
2121	1594	1.284542
2122	1594	1.284542
2123	1592	1.282930
2124	1595	1.285348
2125	1595	1.285348
2126	1595	1.285348
2127	1594	1.284542
2128	1595	1.285348
2129	1595	1.285348
2130	1594	1.284542
2131	1595	1.285348
2132	1594	1.284542
2133	1594	1.284542
2134	1595	1.285348
2135	1594	1.284542
2136	1595	1.285348
2137	1594	1.284542
2138	1592	1.282930
2139	1594	1.284542
2140	1594	1.284542
2141	1594	1.284542
2142	1595	1.285348
2143	1595	1.285348
2144	1595	1.285348
2145	1595	1.285348
2146	1595	1.285348
2147	1599	1.288571
2148	1595	1.285348
2149	1592	1.282930
2150	1594	1.284542
2151	1595	1.285348
2152	1595	1.285348
2153	1595	1.285348
2154	1602	1.290989
2155	1599	1.288571
2156	1595	1.285348
2157	1595	1.285348
2158	1594	1.284542
2159	1595	1.285348
2160	1595	1.285348
2161	1595	1.285348
2162	1595	1.285348
2163	1600	1.289377
2164	1602	1.290989
2165	1603	1.291795
2166	1599	1.288571
2167	1602	1.290989
2168	1603	1.291795
2169	1603	1.291795
2170	1600	1.289377
2171	1603	1.291795
2172	1603	1.291795
2173	1602	1.290989
2174	1603	1.291795
2175	1603	1.291795
2176	1603	1.291795
2177	1603	1.291795
2178	1603	1.291795
2179	1603	1.291795
2180	1602	1.290989
2181	1603	1.291795
2182	1603	1.291795
2183	1603	1.291795
2184	1602	1.290989
2185	1603	1.291795
2186	1603	1.291795
2187	1603	1.291795
2188	1603	1.291795
2189	1608	1.295824
2190	1603	1.291795
2191	1603	1.291795
2192	1603	1.291795
2193	1610	1.297436
2194	1603	1.291795
2195	1603	1.291795
2196	1603	1.291795
2197	1603	1.291795
2198	1608	1.295824
2199	1603	1.291795
2200	1603	1.291795
2201	1603	1.291795
2202	1608	1.295824
2203	1608	1.295824
2204	1610	1.297436
2205	1610	1.297436
2206	1610	1.297436
2207	1610	1.297436
2208	1609	1.296630
2209	1608	1.295824
2210	1610	1.297436
2211	1611	1.298242
2212	1611	1.298242
2213	1608	1.295824
2214	1611	1.298242
2215	1610	1.297436
2216	1611	1.298242
2217	1611	1.298242
2218	1611	1.298242
2219	1610	1.297436
2220	1611	1.298242
2221	1610	1.297436
2222	1610	1.297436
2223	1611	1.298242
2224	1611	1.298242
2225	1611	1.298242
2226	1611	1.298242
2227	1611	1.298242
2228	1611	1.298242
2229	1615	1.301465
2230	1611	1.298242
2231	1615	1.301465
2232	1610	1.297436
2233	1611	1.298242
2234	1611	1.298242
2235	1611	1.298242
2236	1611	1.298242
2237	1611	1.298242
2238	1611	1.298242
2239	1615	1.301465
2240	1611	1.298242
2241	1611	1.298242
2242	1615	1.301465
2243	1611	1.298242
2244	1615	1.301465
2245	1611	1.298242
2246	1615	1.301465
2247	1611	1.298242
2248	1615	1.301465
2249	1611	1.298242
2250	1615	1.301465
2251	1615	1.301465
2252	1619	1.304689
2253	1615	1.301465
2254	1615	1.301465
2255	1619	1.304689
2256	1619	1.304689
2257	1615	1.301465
2258	1619	1.304689
2259	1619	1.304689
2260	1619	1.304689
2261	1615	1.301465
2262	1619	1.304689
2263	1615	1.301465
2264	1615	1.301465
2265	1615	1.301465
2266	1615	1.301465
2267	1615	1.301465
2268	1619	1.304689
2269	1624	1.308718
2270	1619	1.304689
2271	1619	1.304689
2272	1619	1.304689
2273	1619	1.304689
2274	1619	1.304689
2275	1619	1.304689
2276	1619	1.304689
2277	1619	1.304689
2278	1615	1.301465
2279	1619	1.304689
2280	1619	1.304689
2281	1619	1.304689
2282	1619	1.304689
2283	1624	1.308718
2284	1624	1.308718
2285	1624	1.308718
2286	1619	1.304689
2287	1626	1.310330
2288	1632	1.315165
2289	1619	1.304689
2290	1626	1.310330
2291	1625	1.309524
2292	1624	1.308718
2293	1632	1.315165
2294	1632	1.315165
2295	1626	1.310330
2296	1632	1.315165
2297	1632	1.315165
2298	1632	1.315165
2299	1625	1.309524
2300	1632	1.315165
2301	1632	1.315165
2302	1632	1.315165
2303	1632	1.315165
2304	1632	1.315165
2305	1632	1.315165
2306	1632	1.315165
2307	1632	1.315165
2308	1632	1.315165
2309	1626	1.310330
2310	1632	1.315165
2311	1632	1.315165
2312	1632	1.315165
2313	1632	1.315165
2314	1632	1.315165
2315	1632	1.315165
2316	1632	1.315165
2317	1632	1.315165
2318	1632	1.315165
2319	1634	1.316777
2320	1634	1.316777
2321	1634	1.316777
2322	1634	1.316777
2323	1634	1.316777
2324	1632	1.315165
2325	1632	1.315165
2326	1634	1.316777
2327	1634	1.316777
2328	1634	1.316777
2329	1634	1.316777
2330	1635	1.317582
2331	1635	1.317582
2332	1640	1.321612
2333	1634	1.316777
2334	1635	1.317582
2335	1635	1.317582
2336	1635	1.317582
2337	1640	1.321612
2338	1634	1.316777
2339	1642	1.323223
2340	1640	1.321612
2341	1635	1.317582
2342	1640	1.321612
2343	1640	1.321612
2344	1640	1.321612
2345	1640	1.321612
2346	1640	1.321612
2347	1640	1.321612
2348	1640	1.321612
2349	1642	1.323223
2350	1640	1.321612
2351	1635	1.317582
2352	1635	1.317582
2353	1643	1.324029
2354	1642	1.323223
2355	1640	1.321612
2356	1643	1.324029
2357	1635	1.317582
2358	1642	1.323223
2359	1643	1.324029
2360	1642	1.323223
2361	1642	1.323223
2362	1643	1.324029
2363	1642	1.323223
2364	1640	1.321612
2365	1643	1.324029
2366	1643	1.324029
2367	1643	1.324029
2368	1635	1.317582
2369	1643	1.324029
2370	1642	1.323223
2371	1643	1.324029
2372	1643	1.324029
2373	1643	1.324029
2374	1643	1.324029
2375	1643	1.324029
2376	1647	1.327253
2377	1647	1.327253
2378	1643	1.324029
2379	1643	1.324029
2380	1647	1.327253
2381	1651	1.330476
2382	1643	1.324029
2383	1643	1.324029
2384	1640	1.321612
2385	1647	1.327253
2386	1643	1.324029
2387	1647	1.327253
2388	1647	1.327253
2389	1647	1.327253
2390	1643	1.324029
2391	1643	1.324029
2392	1643	1.324029
2393	1643	1.324029
2394	1643	1.324029
2395	1643	1.324029
2396	1642	1.323223
2397	1643	1.324029
2398	1643	1.324029
2399	1643	1.324029
2400	1643	1.324029
2401	1643	1.324029
2402	1647	1.327253
2403	1643	1.324029
2404	1647	1.327253
2405	1647	1.327253
2406	1643	1.324029
2407	1647	1.327253
2408	1643	1.324029
2409	1643	1.324029
2410	1643	1.324029
2411	1647	1.327253
2412	1643	1.324029
2413	1643	1.324029
2414	1647	1.327253
2415	1647	1.327253
2416	1647	1.327253
2417	1647	1.327253
2418	1643	1.324029
2419	1643	1.324029
2420	1647	1.327253
2421	1647	1.327253
2422	1647	1.327253
2423	1647	1.327253
2424	1643	1.324029
2425	1647	1.327253
2426	1643	1.324029
2427	1647	1.327253
2428	1643	1.324029
2429	1647	1.327253
2430	1643	1.324029
2431	1647	1.327253
2432	1651	1.330476
2433	1647	1.327253
2434	1643	1.324029
2435	1643	1.324029
2436	1643	1.324029
2437	1643	1.324029
2438	1643	1.324029
2439	1647	1.327253
2440	1643	1.324029
2441	1643	1.324029
2442	1647	1.327253
2443	1647	1.327253
2444	1643	1.324029
2445	1642	1.323223
2446	1643	1.324029
2447	1643	1.324029
2448	1647	1.327253
2449	1643	1.324029
2450	1647	1.327253
2451	1647	1.327253
2452	1647	1.327253
2453	1643	1.324029
2454	1643	1.324029
2455	1643	1.324029
2456	1643	1.324029
2457	1647	1.327253
2458	1647	1.327253
2459	1642	1.323223
2460	1643	1.324029
2461	1642	1.323223
2462	1641	1.322418
2463	1643	1.324029
2464	1647	1.327253
2465	1639	1.320806
2466	1640	1.321612
2467	1643	1.324029
2468	1635	1.317582
2469	1640	1.321612
2470	1635	1.317582
2471	1634	1.316777
2472	1632	1.315165
2473	1624	1.308718
2474	1615	1.301465
2475	1603	1.291795
2476	1587	1.278901
2477	1578	1.271648
2478	1570	1.265201
2479	1562	1.258755
2480	1555	1.253114
2481	1551	1.249890
2482	1551	1.249890
2483	1547	1.246667
2484	1544	1.244249
2485	1539	1.240220
2486	1538	1.239414
2487	1537	1.238608
2488	1536	1.237802
2489	1530	1.232967
2490	1528	1.231355
2491	1528	1.231355
2492	1523	1.227326
2493	1523	1.227326
2494	1523	1.227326
2495	1523	1.227326
2496	1523	1.227326
2497	1523	1.227326
2498	1519	1.224103
2499	1519	1.224103
2500	1519	1.224103
2501	1519	1.224103
2502	1519	1.224103
2503	1519	1.224103
2504	1515	1.220879
2505	1515	1.220879
2506	1515	1.220879
2507	1515	1.220879
2508	1514	1.220073
2509	1513	1.219267
2510	1507	1.214432
2511	1507	1.214432
2512	1507	1.214432
2513	1507	1.214432
2514	1506	1.213626
2515	1506	1.213626
2516	1504	1.212015
2517	1504	1.212015
2518	1504	1.212015
2519	1504	1.212015
2520	1504	1.212015
2521	1504	1.212015
2522	1504	1.212015
2523	1504	1.212015
2524	1498	1.207179
2525	1498	1.207179
2526	1496	1.205568
2527	1497	1.206374
2528	1496	1.205568
2529	1496	1.205568
2530	1491	1.201538
2531	1491	1.201538
2532	1491	1.201538
2533	1491	1.201538
2534	1491	1.201538
2535	1491	1.201538
2536	1491	1.201538
2537	1491	1.201538
2538	1487	1.198315
2539	1491	1.201538
2540	1487	1.198315
2541	1491	1.201538
2542	1487	1.198315
2543	1487	1.198315
2544	1487	1.198315
2545	1487	1.198315
2546	1487	1.198315
2547	1487	1.198315
2548	1487	1.198315
2549	1487	1.198315
2550	1487	1.198315
2551	1487	1.198315
2552	1487	1.198315
2553	1487	1.198315
2554	1487	1.198315
2555	1487	1.198315
2556	1483	1.195092
2557	1487	1.198315
2558	1483	1.195092
2559	1483	1.195092
2560	1483	1.195092
2561	1483	1.195092
2562	1491	1.201538
2563	1491	1.201538
2564	1568	1.263590
2565	1568	1.263590
2566	1587	1.278901
2567	1587	1.278901
2568	1595	1.285348
2569	1595	1.285348
2570	1603	1.291795
2571	1603	1.291795
2572	1603	1.291795
2573	1611	1.298242
2574	1611	1.298242
2575	1611	1.298242
2576	1611	1.298242
2577	1619	1.304689
2578	1619	1.304689
2579	1626	1.310330
2580	1624	1.308718
2581	1634	1.316777
2582	1634	1.316777
2583	1640	1.321612
2584	1634	1.316777
2585	1643	1.324029
2586	1643	1.324029
2587	1643	1.324029
2588	1647	1.327253
2589	1643	1.324029
2590	1647	1.327253
2591	1647	1.327253
2592	1647	1.327253
2593	1651	1.330476
2594	1656	1.334505
2595	1656	1.334505
2596	1651	1.330476
2597	1651	1.330476
2598	1658	1.336117
2599	1656	1.334505
2600	1658	1.336117
2601	1659	1.336923
2602	1659	1.336923
2603	1659	1.336923
2604	1659	1.336923
2605	1659	1.336923
2606	1663	1.340147
2607	1659	1.336923
2608	1663	1.340147
2609	1663	1.340147
2610	1672	1.347399
2611	1663	1.340147
2612	1667	1.343370
2613	1663	1.340147
2614	1663	1.340147
2615	1663	1.340147
2616	1663	1.340147
2617	1672	1.347399
2618	1663	1.340147
2619	1672	1.347399
2620	1672	1.347399
2621	1675	1.349817
2622	1675	1.349817
2623	1675	1.349817
2624	1675	1.349817
2625	1674	1.349011
2626	1672	1.347399
2627	1679	1.353040
2628	1674	1.349011
2629	1672	1.347399
2630	1679	1.353040
2631	1675	1.349817
2632	1667	1.343370
2633	1675	1.349817
2634	1663	1.340147
2635	1675	1.349817
2636	1679	1.353040
2637	1675	1.349817
2638	1679	1.353040
2639	1675	1.349817
2640	1683	1.356264
2641	1679	1.353040
2642	1675	1.349817
2643	1675	1.349817
2644	1675	1.349817
2645	1675	1.349817
2646	1679	1.353040
2647	1675	1.349817
2648	1690	1.361905
2649	1679	1.353040
2650	1679	1.353040
2651	1679	1.353040
2652	1683	1.356264
2653	1679	1.353040
2654	1683	1.356264
2655	1688	1.360293
2656	1683	1.356264
2657	1679	1.353040
2658	1683	1.356264
2659	1683	1.356264
2660	1688	1.360293
2661	1696	1.366740
2662	1688	1.360293
2663	1683	1.356264
2664	1679	1.353040
2665	1683	1.356264
2666	1683	1.356264
2667	1679	1.353040
2668	1679	1.353040
2669	1683	1.356264
2670	1683	1.356264
2671	1688	1.360293
2672	1683	1.356264
2673	1683	1.356264
2674	1690	1.361905
2675	1683	1.356264
2676	1688	1.360293
2677	1683	1.356264
2678	1683	1.356264
2679	1683	1.356264
2680	1683	1.356264
2681	1688	1.360293
2682	1690	1.361905
2683	1691	1.362711
2684	1690	1.361905
2685	1690	1.361905
2686	1690	1.361905
2687	1683	1.356264
2688	1683	1.356264
2689	1696	1.366740
2690	1690	1.361905
2691	1696	1.366740
2692	1679	1.353040
2693	1690	1.361905
2694	1691	1.362711
2695	1696	1.366740
2696	1691	1.362711
2697	1690	1.361905
2698	1696	1.366740
2699	1696	1.366740
2700	1696	1.366740
2701	1690	1.361905
2702	1696	1.366740
2703	1696	1.366740
2704	1696	1.366740
2705	1690	1.361905
2706	1690	1.361905
2707	1696	1.366740
2708	1688	1.360293
2709	1690	1.361905
2710	1696	1.366740
2711	1691	1.362711
2712	1699	1.369158
2713	1696	1.366740
2714	1696	1.366740
2715	1698	1.368352
2716	1698	1.368352
2717	1699	1.369158
2718	1699	1.369158
2719	1696	1.366740
2720	1690	1.361905
2721	1696	1.366740
2722	1696	1.366740
2723	1696	1.366740
2724	1696	1.366740
2725	1696	1.366740
2726	1699	1.369158
2727	1699	1.369158
2728	1696	1.366740
2729	1696	1.366740
2730	1696	1.366740
2731	1706	1.374799
2732	1699	1.369158
2733	1699	1.369158
2734	1699	1.369158
2735	1699	1.369158
2736	1704	1.373187
2737	1699	1.369158
2738	1698	1.368352
2739	1698	1.368352
2740	1707	1.375604
2741	1696	1.366740
2742	1699	1.369158
2743	1698	1.368352
2744	1706	1.374799
2745	1699	1.369158
2746	1707	1.375604
2747	1704	1.373187
2748	1698	1.368352
2749	1706	1.374799
2750	1699	1.369158
2751	1711	1.378828
2752	1706	1.374799
2753	1707	1.375604
2754	1704	1.373187
2755	1704	1.373187
2756	1707	1.375604
2757	1706	1.374799
2758	1706	1.374799
2759	1706	1.374799
2760	1698	1.368352
2761	1707	1.375604
2762	1706	1.374799
2763	1707	1.375604
2764	1704	1.373187
2765	1707	1.375604
2766	1704	1.373187
2767	1711	1.378828
2768	1706	1.374799
2769	1707	1.375604
2770	1707	1.375604
2771	1706	1.374799
2772	1707	1.375604
2773	1707	1.375604
2774	1706	1.374799
2775	1707	1.375604
2776	1707	1.375604
2777	1707	1.375604
2778	1707	1.375604
2779	1704	1.373187
2780	1711	1.378828
2781	1707	1.375604
2782	1715	1.382051
2783	1707	1.375604
2784	1711	1.378828
2785	1711	1.378828
2786	1711	1.378828
2787	1704	1.373187
2788	1704	1.373187
2789	1715	1.382051
2790	1715	1.382051
2791	1711	1.378828
2792	1706	1.374799
2793	1707	1.375604
2794	1707	1.375604
2795	1711	1.378828
2796	1711	1.378828
2797	1707	1.375604
2798	1711	1.378828
2799	1715	1.382051
2800	1715	1.382051
2801	1707	1.375604
2802	1711	1.378828
2803	1711	1.378828
2804	1707	1.375604
2805	1711	1.378828
2806	1706	1.374799
2807	1715	1.382051
2808	1707	1.375604
2809	1715	1.382051
2810	1715	1.382051
2811	1715	1.382051
2812	1707	1.375604
2813	1715	1.382051
2814	1711	1.378828
2815	1728	1.392527
2816	1720	1.386081
2817	1715	1.382051
2818	1711	1.378828
2819	1715	1.382051
2820	1720	1.386081
2821	1722	1.387692
2822	1730	1.394139
2823	1715	1.382051
2824	1715	1.382051
2825	1720	1.386081
2826	1723	1.388498
2827	1720	1.386081
2828	1722	1.387692
2829	1722	1.387692
2830	1715	1.382051
2831	1720	1.386081
2832	1723	1.388498
2833	1711	1.378828
2834	1723	1.388498
2835	1711	1.378828
2836	1728	1.392527
2837	1720	1.386081
2838	1723	1.388498
2839	1722	1.387692
2840	1728	1.392527
2841	1715	1.382051
2842	1715	1.382051
2843	1723	1.388498
2844	1720	1.386081
2845	1715	1.382051
2846	1722	1.387692
2847	1723	1.388498
2848	1736	1.398974
2849	1723	1.388498
2850	1711	1.378828
2851	1723	1.388498
2852	1728	1.392527
2853	1728	1.392527
2854	1730	1.394139
2855	1728	1.392527
2856	1731	1.394945
2857	1723	1.388498
2858	1723	1.388498
2859	1728	1.392527
2860	1723	1.388498
2861	1730	1.394139
2862	1736	1.398974
2863	1731	1.394945
2864	1723	1.388498
2865	1723	1.388498
2866	1728	1.392527
2867	1728	1.392527
2868	1730	1.394139
2869	1731	1.394945
2870	1731	1.394945
2871	1730	1.394139
2872	1720	1.386081
2873	1731	1.394945
2874	1731	1.394945
2875	1728	1.392527
2876	1722	1.387692
2877	1723	1.388498
2878	1730	1.394139
2879	1738	1.400586
2880	1728	1.392527
2881	1730	1.394139
2882	1738	1.400586
2883	1731	1.394945
2884	1731	1.394945
2885	1723	1.388498
2886	1731	1.394945
2887	1731	1.394945
2888	1738	1.400586
2889	1738	1.400586
2890	1730	1.394139
2891	1739	1.401392
2892	1736	1.398974
2893	1738	1.400586
2894	1738	1.400586
2895	1747	1.407839
2896	1736	1.398974
2897	1730	1.394139
2898	1739	1.401392
2899	1739	1.401392
2900	1743	1.404615
2901	1731	1.394945
2902	1739	1.401392
2903	1731	1.394945
2904	1743	1.404615
2905	1743	1.404615
2906	1739	1.401392
2907	1738	1.400586
2908	1739	1.401392
2909	1739	1.401392
2910	1739	1.401392
2911	1739	1.401392
2912	1743	1.404615
2913	1739	1.401392
2914	1739	1.401392
2915	1743	1.404615
2916	1739	1.401392
2917	1739	1.401392
2918	1743	1.404615
2919	1743	1.404615
2920	1743	1.404615
2921	1739	1.401392
2922	1739	1.401392
2923	1743	1.404615
2924	1739	1.401392
2925	1739	1.401392
2926	1739	1.401392
2927	1743	1.404615
2928	1743	1.404615
2929	1739	1.401392
2930	1739	1.401392
2931	1743	1.404615
2932	1743	1.404615
2933	1743	1.404615
2934	1747	1.407839
2935	1739	1.401392
2936	1739	1.401392
2937	1743	1.404615
2938	1760	1.418315
2939	1743	1.404615
2940	1738	1.400586
2941	1739	1.401392
2942	1743	1.404615
2943	1747	1.407839
2944	1743	1.404615
2945	1747	1.407839
2946	1739	1.401392
2947	1743	1.404615
2948	1743	1.404615
2949	1752	1.411868
2950	1743	1.404615
2951	1752	1.411868
2952	1760	1.418315
2953	1743	1.404615
2954	1743	1.404615
2955	1752	1.411868
2956	1747	1.407839
2957	1743	1.404615
2958	1743	1.404615
2959	1747	1.407839
2960	1760	1.418315
2961	1739	1.401392
2962	1752	1.411868
2963	1760	1.418315
2964	1747	1.407839
2965	1760	1.418315
2966	1760	1.418315
2967	1760	1.418315
2968	1743	1.404615
2969	1752	1.411868
2970	1754	1.413480
2971	1763	1.420733
2972	1760	1.418315
2973	1760	1.418315
2974	1760	1.418315
2975	1760	1.418315
2976	1752	1.411868
2977	1743	1.404615
2978	1760	1.418315
2979	1760	1.418315
2980	1752	1.411868
2981	1747	1.407839
2982	1760	1.418315
2983	1760	1.418315
2984	1763	1.420733
2985	1760	1.418315
2986	1760	1.418315
2987	1760	1.418315
2988	1763	1.420733
2989	1760	1.418315
2990	1760	1.418315
2991	1752	1.411868
2992	1760	1.418315
2993	1768	1.424762
2994	1763	1.420733
2995	1762	1.419927
2996	1760	1.418315
2997	1763	1.420733
2998	1760	1.418315
2999	1760	1.418315
3000	1747	1.407839
3001	1763	1.420733
3002	1760	1.418315
3003	1760	1.418315
3004	1763	1.420733
3005	1760	1.418315
3006	1763	1.420733
3007	1768	1.424762
3008	1760	1.418315
3009	1763	1.420733
3010	1770	1.426374
3011	1768	1.424762
3012	1760	1.418315
3013	1763	1.420733
3014	1760	1.418315
3015	1770	1.426374
3016	1760	1.418315
3017	1763	1.420733
3018	1760	1.418315
3019	1762	1.419927
3020	1768	1.424762
3021	1768	1.424762
3022	1760	1.418315
3023	1763	1.420733
3024	1760	1.418315
3025	1770	1.426374
3026	1760	1.418315
3027	1762	1.419927
3028	1760	1.418315
3029	1760	1.418315
3030	1760	1.418315
3031	1771	1.427179
3032	1763	1.420733
3033	1763	1.420733
3034	1763	1.420733
3035	1762	1.419927
3036	1763	1.420733
3037	1763	1.420733
3038	1770	1.426374
3039	1760	1.418315
3040	1768	1.424762
3041	1763	1.420733
3042	1763	1.420733
3043	1768	1.424762
3044	1763	1.420733
3045	1775	1.430403
3046	1768	1.424762
3047	1771	1.427179
3048	1771	1.427179
3049	1770	1.426374
3050	1771	1.427179
3051	1771	1.427179
3052	1763	1.420733
3053	1771	1.427179
3054	1763	1.420733
3055	1763	1.420733
3056	1763	1.420733
3057	1763	1.420733
3058	1763	1.420733
3059	1771	1.427179
3060	1775	1.430403
3061	1763	1.420733
3062	1775	1.430403
3063	1771	1.427179
3064	1762	1.419927
3065	1770	1.426374
3066	1771	1.427179
3067	1771	1.427179
3068	1775	1.430403
3069	1763	1.420733
3070	1775	1.430403
3071	1771	1.427179
3072	1771	1.427179
3073	1768	1.424762
3074	1775	1.430403
3075	1771	1.427179
3076	1771	1.427179
3077	1768	1.424762
3078	1763	1.420733
3079	1770	1.426374
3080	1771	1.427179
3081	1771	1.427179
3082	1775	1.430403
3083	1775	1.430403
3084	1771	1.427179
3085	1763	1.420733
3086	1771	1.427179
3087	1768	1.424762
3088	1770	1.426374
3089	1763	1.420733
3090	1775	1.430403
3091	1771	1.427179
3092	1770	1.426374
3093	1779	1.433626
3094	1771	1.427179
3095	1763	1.420733
3096	1775	1.430403
3097	1771	1.427179
3098	1784	1.437656
3099	1771	1.427179
3100	1784	1.437656
3101	1771	1.427179
3102	1771	1.427179
3103	1775	1.430403
3104	1775	1.430403
3105	1771	1.427179
3106	1771	1.427179
3107	1775	1.430403
3108	1779	1.433626
3109	1779	1.433626
3110	1771	1.427179
3111	1771	1.427179
3112	1779	1.433626
3113	1779	1.433626
3114	1779	1.433626
3115	1771	1.427179
3116	1771	1.427179
3117	1779	1.433626
3118	1784	1.437656
3119	1771	1.427179
3120	1784	1.437656
3121	1784	1.437656
3122	1779	1.433626
3123	1779	1.433626
3124	1771	1.427179
3125	1775	1.430403
3126	1775	1.430403
3127	1779	1.433626
3128	1784	1.437656
3129	1794	1.445714
3130	1792	1.444103
3131	1787	1.440073
3132	1787	1.440073
3133	1787	1.440073
3134	1775	1.430403
3135	1779	1.433626
3136	1787	1.440073
3137	1787	1.440073
3138	1779	1.433626
3139	1779	1.433626
3140	1775	1.430403
3141	1787	1.440073
3142	1779	1.433626
3143	1768	1.424762
3144	1784	1.437656
3145	1786	1.439267
3146	1775	1.430403
3147	1784	1.437656
3148	1779	1.433626
3149	1779	1.433626
3150	1779	1.433626
3151	1775	1.430403
3152	1786	1.439267
3153	1786	1.439267
3154	1786	1.439267
3155	1779	1.433626
3156	1784	1.437656
3157	1792	1.444103
3158	1786	1.439267
3159	1779	1.433626
3160	1784	1.437656
3161	1795	1.446520
3162	1786	1.439267
3163	1787	1.440073
3164	1775	1.430403
3165	1784	1.437656
3166	1787	1.440073
3167	1786	1.439267
3168	1779	1.433626
3169	1786	1.439267
3170	1786	1.439267
3171	1784	1.437656
3172	1779	1.433626
3173	1775	1.430403
3174	1795	1.446520
3175	1792	1.444103
3176	1794	1.445714
3177	1784	1.437656
3178	1786	1.439267
3179	1786	1.439267
3180	1795	1.446520
3181	1792	1.444103
3182	1792	1.444103
3183	1787	1.440073
3184	1787	1.440073
3185	1787	1.440073
3186	1792	1.444103
3187	1792	1.444103
3188	1795	1.446520
3189	1787	1.440073
3190	1786	1.439267
3191	1786	1.439267
3192	1794	1.445714
3193	1787	1.440073
3194	1786	1.439267
3195	1779	1.433626
3196	1792	1.444103
3197	1795	1.446520
3198	1792	1.444103
3199	1795	1.446520
3200	1792	1.444103
3201	1784	1.437656
3202	1787	1.440073
3203	1792	1.444103
3204	1792	1.444103
3205	1800	1.450549
3206	1803	1.452967
3207	1787	1.440073
3208	1795	1.446520
3209	1787	1.440073
3210	1779	1.433626
3211	1794	1.445714
3212	1794	1.445714
3213	1800	1.450549
3214	1795	1.446520
3215	1784	1.437656
3216	1792	1.444103
3217	1795	1.446520
3218	1784	1.437656
3219	1786	1.439267
3220	1792	1.444103
3221	1800	1.450549
3222	1784	1.437656
3223	1795	1.446520
3224	1795	1.446520
3225	1795	1.446520
3226	1800	1.450549
3227	1794	1.445714
3228	1800	1.450549
3229	1803	1.452967
3230	1792	1.444103
3231	1787	1.440073
3232	1787	1.440073
3233	1787	1.440073
3234	1792	1.444103
3235	1792	1.444103
3236	1793	1.444908
3237	1795	1.446520
3238	1794	1.445714
3239	1784	1.437656
3240	1793	1.444908
3241	1792	1.444103
3242	1792	1.444103
3243	1787	1.440073
3244	1795	1.446520
3245	1807	1.456190
3246	1786	1.439267
3247	1795	1.446520
3248	1795	1.446520
3249	1795	1.446520
3250	1800	1.450549
3251	1795	1.446520
3252	1792	1.444103
3253	1795	1.446520
3254	1800	1.450549
3255	1795	1.446520
3256	1802	1.452161
3257	1800	1.450549
3258	1795	1.446520
3259	1792	1.444103
3260	1800	1.450549
3261	1794	1.445714
3262	1795	1.446520
3263	1811	1.459414
3264	1802	1.452161
3265	1803	1.452967
3266	1795	1.446520
3267	1795	1.446520
3268	1792	1.444103
3269	1795	1.446520
3270	1803	1.452967
3271	1795	1.446520
3272	1795	1.446520
3273	1802	1.452161
3274	1795	1.446520
3275	1802	1.452161
3276	1807	1.456190
3277	1802	1.452161
3278	1807	1.456190
3279	1800	1.450549
3280	1802	1.452161
3281	1803	1.452967
3282	1802	1.452161
3283	1794	1.445714
3284	1802	1.452161
3285	1795	1.446520
3286	1800	1.450549
3287	1803	1.452967
3288	1800	1.450549
3289	1807	1.456190
3290	1803	1.452967
3291	1802	1.452161
3292	1803	1.452967
3293	1800	1.450549
3294	1795	1.446520
3295	1802	1.452161
3296	1803	1.452967
3297	1800	1.450549
3298	1807	1.456190
3299	1787	1.440073
3300	1803	1.452967
3301	1803	1.452967
3302	1803	1.452967
3303	1794	1.445714
3304	1807	1.456190
3305	1787	1.440073
3306	1803	1.452967
3307	1802	1.452161
3308	1802	1.452161
3309	1800	1.450549
3310	1811	1.459414
3311	1807	1.456190
3312	1803	1.452967
3313	1795	1.446520
3314	1802	1.452161
3315	1800	1.450549
3316	1795	1.446520
3317	1807	1.456190
3318	1803	1.452967
3319	1803	1.452967
3320	1800	1.450549
3321	1816	1.463443
3322	1807	1.456190
3323	1803	1.452967
3324	1807	1.456190
3325	1803	1.452967
3326	1800	1.450549
3327	1811	1.459414
3328	1807	1.456190
3329	1803	1.452967
3330	1803	1.452967
3331	1803	1.452967
3332	1807	1.456190
3333	1795	1.446520
3334	1800	1.450549
3335	1795	1.446520
3336	1802	1.452161
3337	1800	1.450549
3338	1795	1.446520
3339	1802	1.452161
3340	1802	1.452161
3341	1811	1.459414
3342	1795	1.446520
3343	1807	1.456190
3344	1803	1.452967
3345	1807	1.456190
3346	1807	1.456190
3347	1795	1.446520
3348	1807	1.456190
3349	1816	1.463443
3350	1807	1.456190
3351	1811	1.459414
3352	1803	1.452967
3353	1803	1.452967
3354	1807	1.456190
3355	1807	1.456190
3356	1807	1.456190
3357	1811	1.459414
3358	1792	1.444103
3359	1811	1.459414
3360	1817	1.464249
3361	1816	1.463443
3362	1811	1.459414
3363	1811	1.459414
3364	1807	1.456190
3365	1811	1.459414
3366	1807	1.456190
3367	1827	1.472308
3368	1819	1.465861
3369	1824	1.469890
3370	1803	1.452967
3371	1811	1.459414
3372	1827	1.472308
3373	1811	1.459414
3374	1816	1.463443
3375	1824	1.469890
3376	1824	1.469890
3377	1816	1.463443
3378	1818	1.465055
3379	1811	1.459414
3380	1818	1.465055
3381	1807	1.456190
3382	1824	1.469890
3383	1811	1.459414
3384	1816	1.463443
3385	1818	1.465055
3386	1818	1.465055
3387	1811	1.459414
3388	1816	1.463443
3389	1816	1.463443
3390	1824	1.469890
3391	1818	1.465055
3392	1818	1.465055
3393	1818	1.465055
3394	1811	1.459414
3395	1818	1.465055
3396	1811	1.459414
3397	1818	1.465055
3398	1824	1.469890
3399	1811	1.459414
3400	1816	1.463443
3401	1803	1.452967
3402	1807	1.456190
3403	1803	1.452967
3404	1811	1.459414
3405	1816	1.463443
3406	1803	1.452967
3407	1802	1.452161
3408	1811	1.459414
3409	1816	1.463443
3410	1803	1.452967
3411	1818	1.465055
3412	1811	1.459414
3413	1811	1.459414
3414	1811	1.459414
3415	1811	1.459414
3416	1816	1.463443
3417	1807	1.456190
3418	1824	1.469890
3419	1824	1.469890
3420	1811	1.459414
3421	1818	1.465055
3422	1824	1.469890
3423	1816	1.463443
3424	1807	1.456190
3425	1826	1.471502
3426	1803	1.452967
3427	1807	1.456190
3428	1816	1.463443
3429	1811	1.459414
3430	1811	1.459414
3431	1811	1.459414
3432	1816	1.463443
3433	1818	1.465055
3434	1824	1.469890
3435	1807	1.456190
3436	1811	1.459414
3437	1811	1.459414
3438	1826	1.471502
3439	1818	1.465055
3440	1803	1.452967
3441	1807	1.456190
3442	1818	1.465055
3443	1818	1.465055
3444	1816	1.463443
3445	1824	1.469890
3446	1818	1.465055
3447	1827	1.472308
3448	1807	1.456190
3449	1824	1.469890
3450	1824	1.469890
3451	1811	1.459414
3452	1811	1.459414
3453	1818	1.465055
3454	1826	1.471502
3455	1816	1.463443
3456	1811	1.459414
3457	1807	1.456190
3458	1816	1.463443
3459	1816	1.463443
3460	1818	1.465055
3461	1803	1.452967
3462	1816	1.463443
3463	1818	1.465055
3464	1824	1.469890
3465	1811	1.459414
3466	1811	1.459414
3467	1807	1.456190
3468	1816	1.463443
3469	1807	1.456190
3470	1807	1.456190
3471	1807	1.456190
3472	1818	1.465055
3473	1811	1.459414
3474	1811	1.459414
3475	1818	1.465055
3476	1824	1.469890
3477	1807	1.456190
3478	1824	1.469890
3479	1811	1.459414
3480	1819	1.465861
3481	1816	1.463443
3482	1807	1.456190
3483	1811	1.459414
3484	1824	1.469890
3485	1826	1.471502
3486	1816	1.463443
3487	1826	1.471502
3488	1824	1.469890
3489	1816	1.463443
3490	1827	1.472308
3491	1818	1.465055
3492	1824	1.469890
3493	1824	1.469890
3494	1824	1.469890
3495	1811	1.459414
3496	1824	1.469890
3497	1811	1.459414
3498	1826	1.471502
3499	1807	1.456190
3500	1816	1.463443
3501	1807	1.456190
3502	1824	1.469890
3503	1807	1.456190
3504	1824	1.469890
3505	1811	1.459414
3506	1824	1.469890
3507	1811	1.459414
3508	1803	1.452967
3509	1824	1.469890
3510	1816	1.463443
3511	1807	1.456190
3512	1811	1.459414
3513	1811	1.459414
3514	1827	1.472308
3515	1824	1.469890
3516	1803	1.452967
3517	1807	1.456190
3518	1811	1.459414
3519	1811	1.459414
3520	1824	1.469890
3521	1816	1.463443
3522	1824	1.469890
3523	1818	1.465055
3524	1818	1.465055
3525	1824	1.469890
3526	1811	1.459414
3527	1824	1.469890
3528	1824	1.469890
3529	1824	1.469890
3530	1824	1.469890
3531	1811	1.459414
3532	1824	1.469890
3533	1811	1.459414
3534	1816	1.463443
3535	1824	1.469890
3536	1816	1.463443
3537	1818	1.465055
3538	1811	1.459414
3539	1824	1.469890
3540	1811	1.459414
3541	1816	1.463443
3542	1816	1.463443
3543	1816	1.463443
3544	1803	1.452967
3545	1818	1.465055
3546	1818	1.465055
3547	1824	1.469890
3548	1826	1.471502
3549	1816	1.463443
3550	1826	1.471502
3551	1824	1.469890
3552	1824	1.469890
3553	1827	1.472308
3554	1818	1.465055
3555	1811	1.459414
3556	1827	1.472308
3557	1827	1.472308
3558	1827	1.472308
3559	1827	1.472308
3560	1827	1.472308
3561	1816	1.463443
3562	1826	1.471502
3563	1818	1.465055
3564	1816	1.463443
3565	1811	1.459414
3566	1827	1.472308
3567	1827	1.472308
3568	1824	1.469890
3569	1824	1.469890
3570	1824	1.469890
3571	1818	1.465055
3572	1824	1.469890
3573	1826	1.471502
3574	1826	1.471502
3575	1824	1.469890
3576	1824	1.469890
3577	1824	1.469890
3578	1826	1.471502
3579	1816	1.463443
3580	1807	1.456190
3581	1827	1.472308
3582	1827	1.472308
3583	1834	1.477949
3584	1827	1.472308
3585	1827	1.472308
3586	1832	1.476337
3587	1818	1.465055
3588	1834	1.477949
3589	1826	1.471502
3590	1824	1.469890
3591	1819	1.465861
3592	1824	1.469890
3593	1818	1.465055
3594	1818	1.465055
3595	1824	1.469890
3596	1834	1.477949
3597	1827	1.472308
3598	1827	1.472308
3599	1834	1.477949
3600	1832	1.476337
3601	1834	1.477949
3602	1827	1.472308
3603	1839	1.481978
3604	1824	1.469890
3605	1827	1.472308
3606	1816	1.463443
3607	1834	1.477949
3608	1826	1.471502
3609	1835	1.478755
3610	1827	1.472308
3611	1824	1.469890
3612	1827	1.472308
3613	1835	1.478755
3614	1824	1.469890
3615	1835	1.478755
3616	1826	1.471502
3617	1835	1.478755
3618	1834	1.477949
3619	1835	1.478755
3620	1835	1.478755
3621	1824	1.469890
3622	1835	1.478755
3623	1835	1.478755
3624	1839	1.481978
3625	1835	1.478755
3626	1832	1.476337
3627	1834	1.477949
3628	1827	1.472308
3629	1834	1.477949
3630	1843	1.485201
3631	1834	1.477949
3632	1850	1.490842
3633	1835	1.478755
3634	1839	1.481978
3635	1835	1.478755
3636	1839	1.481978
3637	1851	1.491648
3638	1843	1.485201
3639	1839	1.481978
3640	1839	1.481978
3641	1851	1.491648
3642	1832	1.476337
3643	1835	1.478755
3644	1834	1.477949
3645	1850	1.490842
3646	1835	1.478755
3647	1835	1.478755
