Pixel	ADC	VoltageV
1	3958	3.189597
2	3958	3.189597
3	3958	3.189597
4	3958	3.189597
5	3958	3.189597
6	3958	3.189597
7	3958	3.189597
8	3958	3.189597
9	3958	3.189597
10	3958	3.189597
11	3958	3.189597
12	3958	3.189597
13	3958	3.189597
14	3958	3.189597
15	3958	3.189597
16	3958	3.189597
17	3958	3.189597
18	3958	3.189597
19	3958	3.189597
20	3958	3.189597
21	3958	3.189597
22	3958	3.189597
23	3958	3.189597
24	3958	3.189597
25	3958	3.189597
26	3958	3.189597
27	3958	3.189597
28	3958	3.189597
29	3942	3.176703
30	3958	3.189597
31	3958	3.189597
32	3958	3.189597
33	3958	3.189597
34	3958	3.189597
35	3958	3.189597
36	3942	3.176703
37	2146	1.729377
38	1522	1.226520
39	1522	1.226520
40	1518	1.223297
41	1518	1.223297
42	1518	1.223297
43	1522	1.226520
44	1518	1.223297
45	1518	1.223297
46	1518	1.223297
47	1518	1.223297
48	1518	1.223297
49	1518	1.223297
50	1518	1.223297
51	1518	1.223297
52	1518	1.223297
53	1518	1.223297
54	1518	1.223297
55	1518	1.223297
56	1518	1.223297
57	1518	1.223297
58	1518	1.223297
59	1518	1.223297
60	1518	1.223297
61	1518	1.223297
62	1518	1.223297
63	1518	1.223297
64	1518	1.223297
65	1518	1.223297
66	1518	1.223297
67	1518	1.223297
68	1518	1.223297
69	1518	1.223297
70	1522	1.226520
71	1518	1.223297
72	1518	1.223297
73	1518	1.223297
74	1518	1.223297
75	1518	1.223297
76	1518	1.223297
77	1518	1.223297
78	1518	1.223297
79	1518	1.223297
80	1518	1.223297
81	1518	1.223297
82	1518	1.223297
83	1518	1.223297
84	1518	1.223297
85	1518	1.223297
86	1518	1.223297
87	1518	1.223297
88	1518	1.223297
89	1522	1.226520
90	1518	1.223297
91	1518	1.223297
92	1518	1.223297
93	1518	1.223297
94	1518	1.223297
95	1518	1.223297
96	1518	1.223297
97	1518	1.223297
98	1522	1.226520
99	1518	1.223297
100	1518	1.223297
101	1518	1.223297
102	1518	1.223297
103	1518	1.223297
104	1518	1.223297
105	1518	1.223297
106	1518	1.223297
107	1518	1.223297
108	1518	1.223297
109	1518	1.223297
110	1518	1.223297
111	1518	1.223297
112	1522	1.226520
113	1518	1.223297
114	1518	1.223297
115	1518	1.223297
116	1518	1.223297
117	1518	1.223297
118	1518	1.223297
119	1518	1.223297
120	1518	1.223297
121	1522	1.226520
122	1518	1.223297
123	1518	1.223297
124	1518	1.223297
125	1518	1.223297
126	1518	1.223297
127	1518	1.223297
128	1522	1.226520
129	1518	1.223297
130	1518	1.223297
131	1518	1.223297
132	1518	1.223297
133	1518	1.223297
134	1518	1.223297
135	1518	1.223297
136	1518	1.223297
137	1518	1.223297
138	1518	1.223297
139	1518	1.223297
140	1518	1.223297
141	1518	1.223297
142	1518	1.223297
143	1518	1.223297
144	1518	1.223297
145	1518	1.223297
146	1522	1.226520
147	1518	1.223297
148	1518	1.223297
149	1511	1.217656
150	1518	1.223297
151	1518	1.223297
152	1518	1.223297
153	1518	1.223297
154	1518	1.223297
155	1518	1.223297
156	1518	1.223297
157	1518	1.223297
158	1518	1.223297
159	1518	1.223297
160	1518	1.223297
161	1518	1.223297
162	1518	1.223297
163	1518	1.223297
164	1518	1.223297
165	1518	1.223297
166	1518	1.223297
167	1518	1.223297
168	1518	1.223297
169	1518	1.223297
170	1518	1.223297
171	1518	1.223297
172	1518	1.223297
173	1518	1.223297
174	1518	1.223297
175	1518	1.223297
176	1518	1.223297
177	1511	1.217656
178	1518	1.223297
179	1518	1.223297
180	1518	1.223297
181	1518	1.223297
182	1518	1.223297
183	1510	1.216850
184	1518	1.223297
185	1518	1.223297
186	1518	1.223297
187	1518	1.223297
188	1522	1.226520
189	1518	1.223297
190	1518	1.223297
191	1518	1.223297
192	1518	1.223297
193	1518	1.223297
194	1518	1.223297
195	1518	1.223297
196	1518	1.223297
197	1518	1.223297
198	1518	1.223297
199	1518	1.223297
200	1518	1.223297
201	1518	1.223297
202	1518	1.223297
203	1518	1.223297
204	1518	1.223297
205	1518	1.223297
206	1518	1.223297
207	1518	1.223297
208	1518	1.223297
209	1518	1.223297
210	1518	1.223297
211	1518	1.223297
212	1518	1.223297
213	1518	1.223297
214	1518	1.223297
215	1518	1.223297
216	1518	1.223297
217	1518	1.223297
218	1511	1.217656
219	1518	1.223297
220	1518	1.223297
221	1518	1.223297
222	1518	1.223297
223	1518	1.223297
224	1518	1.223297
225	1518	1.223297
226	1518	1.223297
227	1518	1.223297
228	1518	1.223297
229	1518	1.223297
230	1518	1.223297
231	1518	1.223297
232	1518	1.223297
233	1518	1.223297
234	1518	1.223297
235	1518	1.223297
236	1518	1.223297
237	1518	1.223297
238	1518	1.223297
239	1518	1.223297
240	1518	1.223297
241	1518	1.223297
242	1518	1.223297
243	1518	1.223297
244	1518	1.223297
245	1518	1.223297
246	1518	1.223297
247	1518	1.223297
248	1518	1.223297
249	1518	1.223297
250	1518	1.223297
251	1518	1.223297
252	1518	1.223297
253	1518	1.223297
254	1518	1.223297
255	1518	1.223297
256	1518	1.223297
257	1518	1.223297
258	1518	1.223297
259	1522	1.226520
260	1518	1.223297
261	1518	1.223297
262	1518	1.223297
263	1514	1.220073
264	1518	1.223297
265	1518	1.223297
266	1518	1.223297
267	1518	1.223297
268	1518	1.223297
269	1518	1.223297
270	1518	1.223297
271	1518	1.223297
272	1522	1.226520
273	1518	1.223297
274	1518	1.223297
275	1518	1.223297
276	1518	1.223297
277	1518	1.223297
278	1518	1.223297
279	1518	1.223297
280	1518	1.223297
281	1518	1.223297
282	1518	1.223297
283	1518	1.223297
284	1518	1.223297
285	1518	1.223297
286	1518	1.223297
287	1518	1.223297
288	1518	1.223297
289	1518	1.223297
290	1518	1.223297
291	1518	1.223297
292	1518	1.223297
293	1518	1.223297
294	1522	1.226520
295	1518	1.223297
296	1522	1.226520
297	1518	1.223297
298	1518	1.223297
299	1518	1.223297
300	1518	1.223297
301	1518	1.223297
302	1518	1.223297
303	1518	1.223297
304	1518	1.223297
305	1518	1.223297
306	1518	1.223297
307	1518	1.223297
308	1518	1.223297
309	1518	1.223297
310	1518	1.223297
311	1518	1.223297
312	1518	1.223297
313	1518	1.223297
314	1518	1.223297
315	1518	1.223297
316	1518	1.223297
317	1518	1.223297
318	1518	1.223297
319	1518	1.223297
320	1518	1.223297
321	1518	1.223297
322	1522	1.226520
323	1518	1.223297
324	1518	1.223297
325	1518	1.223297
326	1518	1.223297
327	1518	1.223297
328	1518	1.223297
329	1518	1.223297
330	1518	1.223297
331	1518	1.223297
332	1518	1.223297
333	1518	1.223297
334	1518	1.223297
335	1518	1.223297
336	1518	1.223297
337	1522	1.226520
338	1518	1.223297
339	1518	1.223297
340	1518	1.223297
341	1518	1.223297
342	1518	1.223297
343	1518	1.223297
344	1518	1.223297
345	1522	1.226520
346	1522	1.226520
347	1522	1.226520
348	1522	1.226520
349	1518	1.223297
350	1518	1.223297
351	1518	1.223297
352	1522	1.226520
353	1522	1.226520
354	1518	1.223297
355	1518	1.223297
356	1518	1.223297
357	1522	1.226520
358	1522	1.226520
359	1518	1.223297
360	1522	1.226520
361	1518	1.223297
362	1518	1.223297
363	1518	1.223297
364	1518	1.223297
365	1518	1.223297
366	1522	1.226520
367	1522	1.226520
368	1518	1.223297
369	1518	1.223297
370	1518	1.223297
371	1518	1.223297
372	1518	1.223297
373	1522	1.226520
374	1522	1.226520
375	1518	1.223297
376	1522	1.226520
377	1522	1.226520
378	1518	1.223297
379	1522	1.226520
380	1526	1.229744
381	1522	1.226520
382	1522	1.226520
383	1522	1.226520
384	1522	1.226520
385	1522	1.226520
386	1518	1.223297
387	1522	1.226520
388	1518	1.223297
389	1522	1.226520
390	1522	1.226520
391	1522	1.226520
392	1522	1.226520
393	1522	1.226520
394	1522	1.226520
395	1522	1.226520
396	1522	1.226520
397	1522	1.226520
398	1522	1.226520
399	1522	1.226520
400	1522	1.226520
401	1522	1.226520
402	1526	1.229744
403	1522	1.226520
404	1518	1.223297
405	1522	1.226520
406	1522	1.226520
407	1518	1.223297
408	1522	1.226520
409	1522	1.226520
410	1522	1.226520
411	1522	1.226520
412	1522	1.226520
413	1518	1.223297
414	1518	1.223297
415	1526	1.229744
416	1522	1.226520
417	1522	1.226520
418	1526	1.229744
419	1522	1.226520
420	1518	1.223297
421	1522	1.226520
422	1522	1.226520
423	1522	1.226520
424	1522	1.226520
425	1526	1.229744
426	1526	1.229744
427	1526	1.229744
428	1526	1.229744
429	1526	1.229744
430	1526	1.229744
431	1522	1.226520
432	1526	1.229744
433	1526	1.229744
434	1526	1.229744
435	1526	1.229744
436	1526	1.229744
437	1526	1.229744
438	1526	1.229744
439	1526	1.229744
440	1522	1.226520
441	1526	1.229744
442	1522	1.226520
443	1526	1.229744
444	1522	1.226520
445	1526	1.229744
446	1526	1.229744
447	1522	1.226520
448	1526	1.229744
449	1526	1.229744
450	1522	1.226520
451	1522	1.226520
452	1522	1.226520
453	1526	1.229744
454	1526	1.229744
455	1526	1.229744
456	1526	1.229744
457	1522	1.226520
458	1522	1.226520
459	1522	1.226520
460	1522	1.226520
461	1526	1.229744
462	1526	1.229744
463	1522	1.226520
464	1526	1.229744
465	1526	1.229744
466	1526	1.229744
467	1526	1.229744
468	1526	1.229744
469	1526	1.229744
470	1526	1.229744
471	1526	1.229744
472	1526	1.229744
473	1526	1.229744
474	1526	1.229744
475	1526	1.229744
476	1526	1.229744
477	1526	1.229744
478	1526	1.229744
479	1526	1.229744
480	1526	1.229744
481	1526	1.229744
482	1526	1.229744
483	1526	1.229744
484	1526	1.229744
485	1526	1.229744
486	1526	1.229744
487	1526	1.229744
488	1526	1.229744
489	1526	1.229744
490	1526	1.229744
491	1526	1.229744
492	1526	1.229744
493	1526	1.229744
494	1526	1.229744
495	1526	1.229744
496	1526	1.229744
497	1526	1.229744
498	1526	1.229744
499	1526	1.229744
500	1526	1.229744
501	1526	1.229744
502	1526	1.229744
503	1526	1.229744
504	1526	1.229744
505	1526	1.229744
506	1526	1.229744
507	1526	1.229744
508	1526	1.229744
509	1526	1.229744
510	1526	1.229744
511	1526	1.229744
512	1526	1.229744
513	1526	1.229744
514	1526	1.229744
515	1526	1.229744
516	1526	1.229744
517	1526	1.229744
518	1526	1.229744
519	1526	1.229744
520	1526	1.229744
521	1526	1.229744
522	1526	1.229744
523	1526	1.229744
524	1526	1.229744
525	1526	1.229744
526	1526	1.229744
527	1526	1.229744
528	1526	1.229744
529	1526	1.229744
530	1526	1.229744
531	1526	1.229744
532	1526	1.229744
533	1526	1.229744
534	1526	1.229744
535	1526	1.229744
536	1526	1.229744
537	1526	1.229744
538	1526	1.229744
539	1526	1.229744
540	1526	1.229744
541	1526	1.229744
542	1526	1.229744
543	1526	1.229744
544	1526	1.229744
545	1526	1.229744
546	1526	1.229744
547	1526	1.229744
548	1526	1.229744
549	1526	1.229744
550	1526	1.229744
551	1526	1.229744
552	1526	1.229744
553	1526	1.229744
554	1526	1.229744
555	1526	1.229744
556	1526	1.229744
557	1526	1.229744
558	1526	1.229744
559	1526	1.229744
560	1526	1.229744
561	1526	1.229744
562	1526	1.229744
563	1526	1.229744
564	1526	1.229744
565	1526	1.229744
566	1526	1.229744
567	1526	1.229744
568	1526	1.229744
569	1526	1.229744
570	1527	1.230549
571	1526	1.229744
572	1526	1.229744
573	1526	1.229744
574	1526	1.229744
575	1526	1.229744
576	1526	1.229744
577	1526	1.229744
578	1526	1.229744
579	1526	1.229744
580	1526	1.229744
581	1526	1.229744
582	1526	1.229744
583	1526	1.229744
584	1526	1.229744
585	1526	1.229744
586	1526	1.229744
587	1526	1.229744
588	1526	1.229744
589	1526	1.229744
590	1526	1.229744
591	1526	1.229744
592	1526	1.229744
593	1526	1.229744
594	1526	1.229744
595	1526	1.229744
596	1526	1.229744
597	1526	1.229744
598	1526	1.229744
599	1526	1.229744
600	1526	1.229744
601	1526	1.229744
602	1526	1.229744
603	1526	1.229744
604	1526	1.229744
605	1526	1.229744
606	1526	1.229744
607	1526	1.229744
608	1526	1.229744
609	1526	1.229744
610	1526	1.229744
611	1526	1.229744
612	1526	1.229744
613	1526	1.229744
614	1526	1.229744
615	1526	1.229744
616	1526	1.229744
617	1526	1.229744
618	1526	1.229744
619	1526	1.229744
620	1526	1.229744
621	1526	1.229744
622	1526	1.229744
623	1526	1.229744
624	1526	1.229744
625	1526	1.229744
626	1526	1.229744
627	1526	1.229744
628	1526	1.229744
629	1526	1.229744
630	1526	1.229744
631	1526	1.229744
632	1526	1.229744
633	1526	1.229744
634	1526	1.229744
635	1526	1.229744
636	1526	1.229744
637	1526	1.229744
638	1526	1.229744
639	1526	1.229744
640	1526	1.229744
641	1526	1.229744
642	1526	1.229744
643	1526	1.229744
644	1526	1.229744
645	1526	1.229744
646	1526	1.229744
647	1526	1.229744
648	1526	1.229744
649	1526	1.229744
650	1526	1.229744
651	1526	1.229744
652	1526	1.229744
653	1526	1.229744
654	1526	1.229744
655	1526	1.229744
656	1526	1.229744
657	1526	1.229744
658	1526	1.229744
659	1526	1.229744
660	1526	1.229744
661	1526	1.229744
662	1526	1.229744
663	1526	1.229744
664	1526	1.229744
665	1526	1.229744
666	1526	1.229744
667	1526	1.229744
668	1526	1.229744
669	1526	1.229744
670	1526	1.229744
671	1526	1.229744
672	1526	1.229744
673	1526	1.229744
674	1526	1.229744
675	1526	1.229744
676	1526	1.229744
677	1526	1.229744
678	1526	1.229744
679	1526	1.229744
680	1526	1.229744
681	1526	1.229744
682	1526	1.229744
683	1526	1.229744
684	1526	1.229744
685	1526	1.229744
686	1526	1.229744
687	1526	1.229744
688	1526	1.229744
689	1526	1.229744
690	1526	1.229744
691	1526	1.229744
692	1526	1.229744
693	1526	1.229744
694	1526	1.229744
695	1526	1.229744
696	1526	1.229744
697	1526	1.229744
698	1526	1.229744
699	1526	1.229744
700	1526	1.229744
701	1526	1.229744
702	1526	1.229744
703	1526	1.229744
704	1526	1.229744
705	1526	1.229744
706	1526	1.229744
707	1526	1.229744
708	1526	1.229744
709	1526	1.229744
710	1526	1.229744
711	1526	1.229744
712	1526	1.229744
713	1526	1.229744
714	1526	1.229744
715	1526	1.229744
716	1526	1.229744
717	1526	1.229744
718	1527	1.230549
719	1526	1.229744
720	1526	1.229744
721	1527	1.230549
722	1527	1.230549
723	1527	1.230549
724	1534	1.236190
725	1534	1.236190
726	1534	1.236190
727	1534	1.236190
728	1534	1.236190
729	1527	1.230549
730	1534	1.236190
731	1526	1.229744
732	1526	1.229744
733	1526	1.229744
734	1527	1.230549
735	1527	1.230549
736	1534	1.236190
737	1526	1.229744
738	1526	1.229744
739	1526	1.229744
740	1534	1.236190
741	1526	1.229744
742	1534	1.236190
743	1526	1.229744
744	1526	1.229744
745	1526	1.229744
746	1530	1.232967
747	1534	1.236190
748	1526	1.229744
749	1526	1.229744
750	1526	1.229744
751	1526	1.229744
752	1526	1.229744
753	1530	1.232967
754	1534	1.236190
755	1530	1.232967
756	1527	1.230549
757	1526	1.229744
758	1527	1.230549
759	1534	1.236190
760	1534	1.236190
761	1526	1.229744
762	1534	1.236190
763	1527	1.230549
764	1534	1.236190
765	1527	1.230549
766	1534	1.236190
767	1530	1.232967
768	1534	1.236190
769	1526	1.229744
770	1534	1.236190
771	1534	1.236190
772	1530	1.232967
773	1530	1.232967
774	1534	1.236190
775	1526	1.229744
776	1534	1.236190
777	1534	1.236190
778	1534	1.236190
779	1534	1.236190
780	1534	1.236190
781	1534	1.236190
782	1534	1.236190
783	1534	1.236190
784	1534	1.236190
785	1534	1.236190
786	1534	1.236190
787	1534	1.236190
788	1534	1.236190
789	1534	1.236190
790	1534	1.236190
791	1534	1.236190
792	1534	1.236190
793	1534	1.236190
794	1534	1.236190
795	1534	1.236190
796	1534	1.236190
797	1534	1.236190
798	1534	1.236190
799	1534	1.236190
800	1534	1.236190
801	1534	1.236190
802	1534	1.236190
803	1526	1.229744
804	1534	1.236190
805	1534	1.236190
806	1534	1.236190
807	1534	1.236190
808	1534	1.236190
809	1534	1.236190
810	1534	1.236190
811	1534	1.236190
812	1534	1.236190
813	1534	1.236190
814	1534	1.236190
815	1534	1.236190
816	1526	1.229744
817	1534	1.236190
818	1534	1.236190
819	1534	1.236190
820	1534	1.236190
821	1534	1.236190
822	1534	1.236190
823	1534	1.236190
824	1534	1.236190
825	1534	1.236190
826	1534	1.236190
827	1527	1.230549
828	1534	1.236190
829	1527	1.230549
830	1526	1.229744
831	1527	1.230549
832	1526	1.229744
833	1526	1.229744
834	1534	1.236190
835	1534	1.236190
836	1534	1.236190
837	1534	1.236190
838	1534	1.236190
839	1534	1.236190
840	1534	1.236190
841	1534	1.236190
842	1534	1.236190
843	1534	1.236190
844	1534	1.236190
845	1534	1.236190
846	1534	1.236190
847	1534	1.236190
848	1534	1.236190
849	1534	1.236190
850	1530	1.232967
851	1534	1.236190
852	1534	1.236190
853	1534	1.236190
854	1534	1.236190
855	1530	1.232967
856	1534	1.236190
857	1530	1.232967
858	1534	1.236190
859	1534	1.236190
860	1534	1.236190
861	1534	1.236190
862	1534	1.236190
863	1534	1.236190
864	1534	1.236190
865	1534	1.236190
866	1534	1.236190
867	1534	1.236190
868	1534	1.236190
869	1534	1.236190
870	1534	1.236190
871	1534	1.236190
872	1534	1.236190
873	1526	1.229744
874	1534	1.236190
875	1534	1.236190
876	1534	1.236190
877	1534	1.236190
878	1534	1.236190
879	1534	1.236190
880	1534	1.236190
881	1534	1.236190
882	1534	1.236190
883	1534	1.236190
884	1534	1.236190
885	1534	1.236190
886	1534	1.236190
887	1534	1.236190
888	1534	1.236190
889	1534	1.236190
890	1534	1.236190
891	1534	1.236190
892	1534	1.236190
893	1534	1.236190
894	1534	1.236190
895	1534	1.236190
896	1534	1.236190
897	1534	1.236190
898	1534	1.236190
899	1534	1.236190
900	1534	1.236190
901	1538	1.239414
902	1538	1.239414
903	1534	1.236190
904	1534	1.236190
905	1534	1.236190
906	1534	1.236190
907	1534	1.236190
908	1534	1.236190
909	1534	1.236190
910	1534	1.236190
911	1534	1.236190
912	1534	1.236190
913	1534	1.236190
914	1534	1.236190
915	1534	1.236190
916	1534	1.236190
917	1534	1.236190
918	1534	1.236190
919	1534	1.236190
920	1534	1.236190
921	1534	1.236190
922	1534	1.236190
923	1534	1.236190
924	1534	1.236190
925	1534	1.236190
926	1534	1.236190
927	1534	1.236190
928	1534	1.236190
929	1534	1.236190
930	1534	1.236190
931	1534	1.236190
932	1534	1.236190
933	1527	1.230549
934	1534	1.236190
935	1534	1.236190
936	1534	1.236190
937	1534	1.236190
938	1534	1.236190
939	1534	1.236190
940	1534	1.236190
941	1534	1.236190
942	1534	1.236190
943	1534	1.236190
944	1534	1.236190
945	1527	1.230549
946	1534	1.236190
947	1534	1.236190
948	1534	1.236190
949	1534	1.236190
950	1534	1.236190
951	1534	1.236190
952	1534	1.236190
953	1534	1.236190
954	1527	1.230549
955	1527	1.230549
956	1534	1.236190
957	1534	1.236190
958	1527	1.230549
959	1534	1.236190
960	1526	1.229744
961	1534	1.236190
962	1526	1.229744
963	1534	1.236190
964	1526	1.229744
965	1526	1.229744
966	1526	1.229744
967	1526	1.229744
968	1526	1.229744
969	1530	1.232967
970	1527	1.230549
971	1527	1.230549
972	1526	1.229744
973	1526	1.229744
974	1534	1.236190
975	1526	1.229744
976	1527	1.230549
977	1526	1.229744
978	1534	1.236190
979	1526	1.229744
980	1534	1.236190
981	1534	1.236190
982	1526	1.229744
983	1526	1.229744
984	1530	1.232967
985	1526	1.229744
986	1526	1.229744
987	1526	1.229744
988	1526	1.229744
989	1526	1.229744
990	1526	1.229744
991	1526	1.229744
992	1526	1.229744
993	1526	1.229744
994	1527	1.230549
995	1534	1.236190
996	1534	1.236190
997	1526	1.229744
998	1526	1.229744
999	1526	1.229744
1000	1526	1.229744
1001	1526	1.229744
1002	1526	1.229744
1003	1526	1.229744
1004	1526	1.229744
1005	1527	1.230549
1006	1526	1.229744
1007	1526	1.229744
1008	1526	1.229744
1009	1526	1.229744
1010	1526	1.229744
1011	1527	1.230549
1012	1527	1.230549
1013	1526	1.229744
1014	1526	1.229744
1015	1526	1.229744
1016	1526	1.229744
1017	1526	1.229744
1018	1526	1.229744
1019	1527	1.230549
1020	1526	1.229744
1021	1534	1.236190
1022	1526	1.229744
1023	1534	1.236190
1024	1534	1.236190
1025	1534	1.236190
1026	1534	1.236190
1027	1527	1.230549
1028	1527	1.230549
1029	1527	1.230549
1030	1530	1.232967
1031	1534	1.236190
1032	1526	1.229744
1033	1534	1.236190
1034	1526	1.229744
1035	1534	1.236190
1036	1530	1.232967
1037	1534	1.236190
1038	1534	1.236190
1039	1534	1.236190
1040	1534	1.236190
1041	1534	1.236190
1042	1534	1.236190
1043	1534	1.236190
1044	1534	1.236190
1045	1534	1.236190
1046	1534	1.236190
1047	1534	1.236190
1048	1534	1.236190
1049	1534	1.236190
1050	1534	1.236190
1051	1534	1.236190
1052	1534	1.236190
1053	1534	1.236190
1054	1534	1.236190
1055	1534	1.236190
1056	1534	1.236190
1057	1534	1.236190
1058	1534	1.236190
1059	1534	1.236190
1060	1534	1.236190
1061	1534	1.236190
1062	1534	1.236190
1063	1534	1.236190
1064	1534	1.236190
1065	1534	1.236190
1066	1534	1.236190
1067	1534	1.236190
1068	1538	1.239414
1069	1538	1.239414
1070	1538	1.239414
1071	1534	1.236190
1072	1534	1.236190
1073	1534	1.236190
1074	1534	1.236190
1075	1534	1.236190
1076	1534	1.236190
1077	1534	1.236190
1078	1534	1.236190
1079	1534	1.236190
1080	1534	1.236190
1081	1534	1.236190
1082	1534	1.236190
1083	1534	1.236190
1084	1534	1.236190
1085	1534	1.236190
1086	1534	1.236190
1087	1534	1.236190
1088	1534	1.236190
1089	1534	1.236190
1090	1534	1.236190
1091	1534	1.236190
1092	1534	1.236190
1093	1530	1.232967
1094	1534	1.236190
1095	1534	1.236190
1096	1534	1.236190
1097	1534	1.236190
1098	1534	1.236190
1099	1534	1.236190
1100	1534	1.236190
1101	1534	1.236190
1102	1534	1.236190
1103	1534	1.236190
1104	1534	1.236190
1105	1534	1.236190
1106	1534	1.236190
1107	1534	1.236190
1108	1534	1.236190
1109	1534	1.236190
1110	1534	1.236190
1111	1534	1.236190
1112	1534	1.236190
1113	1534	1.236190
1114	1534	1.236190
1115	1534	1.236190
1116	1534	1.236190
1117	1534	1.236190
1118	1534	1.236190
1119	1534	1.236190
1120	1534	1.236190
1121	1534	1.236190
1122	1534	1.236190
1123	1534	1.236190
1124	1534	1.236190
1125	1534	1.236190
1126	1534	1.236190
1127	1526	1.229744
1128	1527	1.230549
1129	1534	1.236190
1130	1534	1.236190
1131	1534	1.236190
1132	1534	1.236190
1133	1534	1.236190
1134	1534	1.236190
1135	1534	1.236190
1136	1534	1.236190
1137	1527	1.230549
1138	1534	1.236190
1139	1534	1.236190
1140	1534	1.236190
1141	1534	1.236190
1142	1534	1.236190
1143	1534	1.236190
1144	1534	1.236190
1145	1527	1.230549
1146	1534	1.236190
1147	1526	1.229744
1148	1534	1.236190
1149	1534	1.236190
1150	1534	1.236190
1151	1534	1.236190
1152	1534	1.236190
1153	1534	1.236190
1154	1534	1.236190
1155	1534	1.236190
1156	1534	1.236190
1157	1534	1.236190
1158	1534	1.236190
1159	1534	1.236190
1160	1534	1.236190
1161	1534	1.236190
1162	1534	1.236190
1163	1534	1.236190
1164	1534	1.236190
1165	1534	1.236190
1166	1534	1.236190
1167	1530	1.232967
1168	1534	1.236190
1169	1534	1.236190
1170	1534	1.236190
1171	1534	1.236190
1172	1534	1.236190
1173	1534	1.236190
1174	1534	1.236190
1175	1538	1.239414
1176	1534	1.236190
1177	1534	1.236190
1178	1534	1.236190
1179	1534	1.236190
1180	1534	1.236190
1181	1534	1.236190
1182	1534	1.236190
1183	1534	1.236190
1184	1534	1.236190
1185	1534	1.236190
1186	1530	1.232967
1187	1534	1.236190
1188	1534	1.236190
1189	1534	1.236190
1190	1534	1.236190
1191	1534	1.236190
1192	1534	1.236190
1193	1534	1.236190
1194	1534	1.236190
1195	1534	1.236190
1196	1534	1.236190
1197	1534	1.236190
1198	1534	1.236190
1199	1534	1.236190
1200	1534	1.236190
1201	1534	1.236190
1202	1534	1.236190
1203	1534	1.236190
1204	1534	1.236190
1205	1534	1.236190
1206	1534	1.236190
1207	1534	1.236190
1208	1534	1.236190
1209	1534	1.236190
1210	1534	1.236190
1211	1527	1.230549
1212	1526	1.229744
1213	1534	1.236190
1214	1534	1.236190
1215	1534	1.236190
1216	1534	1.236190
1217	1534	1.236190
1218	1538	1.239414
1219	1538	1.239414
1220	1534	1.236190
1221	1534	1.236190
1222	1534	1.236190
1223	1534	1.236190
1224	1534	1.236190
1225	1534	1.236190
1226	1534	1.236190
1227	1534	1.236190
1228	1534	1.236190
1229	1534	1.236190
1230	1534	1.236190
1231	1534	1.236190
1232	1534	1.236190
1233	1534	1.236190
1234	1534	1.236190
1235	1534	1.236190
1236	1534	1.236190
1237	1534	1.236190
1238	1534	1.236190
1239	1534	1.236190
1240	1534	1.236190
1241	1534	1.236190
1242	1534	1.236190
1243	1534	1.236190
1244	1534	1.236190
1245	1534	1.236190
1246	1534	1.236190
1247	1534	1.236190
1248	1534	1.236190
1249	1534	1.236190
1250	1534	1.236190
1251	1534	1.236190
1252	1534	1.236190
1253	1534	1.236190
1254	1534	1.236190
1255	1538	1.239414
1256	1534	1.236190
1257	1534	1.236190
1258	1534	1.236190
1259	1538	1.239414
1260	1538	1.239414
1261	1538	1.239414
1262	1538	1.239414
1263	1534	1.236190
1264	1538	1.239414
1265	1534	1.236190
1266	1534	1.236190
1267	1534	1.236190
1268	1538	1.239414
1269	1542	1.242637
1270	1534	1.236190
1271	1534	1.236190
1272	1534	1.236190
1273	1534	1.236190
1274	1534	1.236190
1275	1534	1.236190
1276	1534	1.236190
1277	1534	1.236190
1278	1538	1.239414
1279	1538	1.239414
1280	1542	1.242637
1281	1534	1.236190
1282	1538	1.239414
1283	1534	1.236190
1284	1534	1.236190
1285	1534	1.236190
1286	1534	1.236190
1287	1534	1.236190
1288	1538	1.239414
1289	1538	1.239414
1290	1538	1.239414
1291	1538	1.239414
1292	1538	1.239414
1293	1534	1.236190
1294	1534	1.236190
1295	1534	1.236190
1296	1534	1.236190
1297	1534	1.236190
1298	1534	1.236190
1299	1534	1.236190
1300	1538	1.239414
1301	1534	1.236190
1302	1538	1.239414
1303	1538	1.239414
1304	1538	1.239414
1305	1538	1.239414
1306	1538	1.239414
1307	1542	1.242637
1308	1538	1.239414
1309	1534	1.236190
1310	1538	1.239414
1311	1542	1.242637
1312	1538	1.239414
1313	1538	1.239414
1314	1538	1.239414
1315	1534	1.236190
1316	1534	1.236190
1317	1538	1.239414
1318	1542	1.242637
1319	1538	1.239414
1320	1538	1.239414
1321	1542	1.242637
1322	1542	1.242637
1323	1542	1.242637
1324	1538	1.239414
1325	1538	1.239414
1326	1542	1.242637
1327	1542	1.242637
1328	1538	1.239414
1329	1538	1.239414
1330	1534	1.236190
1331	1534	1.236190
1332	1534	1.236190
1333	1534	1.236190
1334	1534	1.236190
1335	1538	1.239414
1336	1534	1.236190
1337	1538	1.239414
1338	1542	1.242637
1339	1542	1.242637
1340	1538	1.239414
1341	1538	1.239414
1342	1534	1.236190
1343	1534	1.236190
1344	1534	1.236190
1345	1534	1.236190
1346	1534	1.236190
1347	1538	1.239414
1348	1542	1.242637
1349	1538	1.239414
1350	1542	1.242637
1351	1542	1.242637
1352	1542	1.242637
1353	1542	1.242637
1354	1542	1.242637
1355	1542	1.242637
1356	1538	1.239414
1357	1542	1.242637
1358	1542	1.242637
1359	1538	1.239414
1360	1542	1.242637
1361	1538	1.239414
1362	1538	1.239414
1363	1542	1.242637
1364	1538	1.239414
1365	1538	1.239414
1366	1538	1.239414
1367	1538	1.239414
1368	1542	1.242637
1369	1542	1.242637
1370	1542	1.242637
1371	1538	1.239414
1372	1538	1.239414
1373	1542	1.242637
1374	1538	1.239414
1375	1534	1.236190
1376	1538	1.239414
1377	1538	1.239414
1378	1542	1.242637
1379	1538	1.239414
1380	1538	1.239414
1381	1542	1.242637
1382	1542	1.242637
1383	1538	1.239414
1384	1542	1.242637
1385	1542	1.242637
1386	1542	1.242637
1387	1542	1.242637
1388	1542	1.242637
1389	1538	1.239414
1390	1538	1.239414
1391	1542	1.242637
1392	1542	1.242637
1393	1538	1.239414
1394	1542	1.242637
1395	1542	1.242637
1396	1542	1.242637
1397	1542	1.242637
1398	1542	1.242637
1399	1542	1.242637
1400	1542	1.242637
1401	1542	1.242637
1402	1542	1.242637
1403	1542	1.242637
1404	1542	1.242637
1405	1542	1.242637
1406	1542	1.242637
1407	1542	1.242637
1408	1542	1.242637
1409	1542	1.242637
1410	1542	1.242637
1411	1542	1.242637
1412	1542	1.242637
1413	1542	1.242637
1414	1542	1.242637
1415	1542	1.242637
1416	1542	1.242637
1417	1542	1.242637
1418	1542	1.242637
1419	1542	1.242637
1420	1542	1.242637
1421	1542	1.242637
1422	1542	1.242637
1423	1542	1.242637
1424	1542	1.242637
1425	1542	1.242637
1426	1542	1.242637
1427	1542	1.242637
1428	1542	1.242637
1429	1542	1.242637
1430	1542	1.242637
1431	1542	1.242637
1432	1542	1.242637
1433	1542	1.242637
1434	1542	1.242637
1435	1542	1.242637
1436	1542	1.242637
1437	1542	1.242637
1438	1542	1.242637
1439	1542	1.242637
1440	1542	1.242637
1441	1542	1.242637
1442	1542	1.242637
1443	1550	1.249084
1444	1550	1.249084
1445	1542	1.242637
1446	1550	1.249084
1447	1543	1.243443
1448	1543	1.243443
1449	1542	1.242637
1450	1550	1.249084
1451	1542	1.242637
1452	1542	1.242637
1453	1542	1.242637
1454	1550	1.249084
1455	1543	1.243443
1456	1550	1.249084
1457	1546	1.245861
1458	1550	1.249084
1459	1550	1.249084
1460	1550	1.249084
1461	1543	1.243443
1462	1550	1.249084
1463	1550	1.249084
1464	1542	1.242637
1465	1546	1.245861
1466	1550	1.249084
1467	1542	1.242637
1468	1543	1.243443
1469	1550	1.249084
1470	1542	1.242637
1471	1543	1.243443
1472	1543	1.243443
1473	1550	1.249084
1474	1550	1.249084
1475	1550	1.249084
1476	1542	1.242637
1477	1550	1.249084
1478	1542	1.242637
1479	1550	1.249084
1480	1550	1.249084
1481	1543	1.243443
1482	1542	1.242637
1483	1550	1.249084
1484	1550	1.249084
1485	1542	1.242637
1486	1550	1.249084
1487	1550	1.249084
1488	1550	1.249084
1489	1550	1.249084
1490	1550	1.249084
1491	1550	1.249084
1492	1550	1.249084
1493	1550	1.249084
1494	1550	1.249084
1495	1550	1.249084
1496	1550	1.249084
1497	1550	1.249084
1498	1550	1.249084
1499	1550	1.249084
1500	1550	1.249084
1501	1550	1.249084
1502	1550	1.249084
1503	1550	1.249084
1504	1550	1.249084
1505	1550	1.249084
1506	1550	1.249084
1507	1550	1.249084
1508	1550	1.249084
1509	1550	1.249084
1510	1550	1.249084
1511	1550	1.249084
1512	1550	1.249084
1513	1550	1.249084
1514	1550	1.249084
1515	1550	1.249084
1516	1550	1.249084
1517	1550	1.249084
1518	1550	1.249084
1519	1550	1.249084
1520	1550	1.249084
1521	1550	1.249084
1522	1554	1.252308
1523	1550	1.249084
1524	1554	1.252308
1525	1550	1.249084
1526	1550	1.249084
1527	1554	1.252308
1528	1554	1.252308
1529	1554	1.252308
1530	1554	1.252308
1531	1550	1.249084
1532	1550	1.249084
1533	1550	1.249084
1534	1550	1.249084
1535	1558	1.255531
1536	1550	1.249084
1537	1554	1.252308
1538	1550	1.249084
1539	1554	1.252308
1540	1554	1.252308
1541	1558	1.255531
1542	1558	1.255531
1543	1558	1.255531
1544	1554	1.252308
1545	1554	1.252308
1546	1550	1.249084
1547	1558	1.255531
1548	1554	1.252308
1549	1554	1.252308
1550	1554	1.252308
1551	1550	1.249084
1552	1550	1.249084
1553	1550	1.249084
1554	1554	1.252308
1555	1554	1.252308
1556	1554	1.252308
1557	1554	1.252308
1558	1550	1.249084
1559	1550	1.249084
1560	1550	1.249084
1561	1554	1.252308
1562	1554	1.252308
1563	1550	1.249084
1564	1554	1.252308
1565	1558	1.255531
1566	1558	1.255531
1567	1558	1.255531
1568	1558	1.255531
1569	1558	1.255531
1570	1554	1.252308
1571	1554	1.252308
1572	1558	1.255531
1573	1554	1.252308
1574	1554	1.252308
1575	1554	1.252308
1576	1558	1.255531
1577	1558	1.255531
1578	1558	1.255531
1579	1558	1.255531
1580	1550	1.249084
1581	1554	1.252308
1582	1554	1.252308
1583	1558	1.255531
1584	1558	1.255531
1585	1554	1.252308
1586	1558	1.255531
1587	1554	1.252308
1588	1558	1.255531
1589	1554	1.252308
1590	1558	1.255531
1591	1558	1.255531
1592	1558	1.255531
1593	1558	1.255531
1594	1558	1.255531
1595	1558	1.255531
1596	1558	1.255531
1597	1558	1.255531
1598	1558	1.255531
1599	1554	1.252308
1600	1558	1.255531
1601	1558	1.255531
1602	1558	1.255531
1603	1558	1.255531
1604	1558	1.255531
1605	1558	1.255531
1606	1558	1.255531
1607	1558	1.255531
1608	1559	1.256337
1609	1558	1.255531
1610	1558	1.255531
1611	1558	1.255531
1612	1558	1.255531
1613	1558	1.255531
1614	1558	1.255531
1615	1558	1.255531
1616	1558	1.255531
1617	1558	1.255531
1618	1558	1.255531
1619	1558	1.255531
1620	1558	1.255531
1621	1558	1.255531
1622	1558	1.255531
1623	1558	1.255531
1624	1558	1.255531
1625	1558	1.255531
1626	1558	1.255531
1627	1558	1.255531
1628	1558	1.255531
1629	1558	1.255531
1630	1558	1.255531
1631	1558	1.255531
1632	1558	1.255531
1633	1558	1.255531
1634	1558	1.255531
1635	1558	1.255531
1636	1558	1.255531
1637	1558	1.255531
1638	1558	1.255531
1639	1558	1.255531
1640	1558	1.255531
1641	1558	1.255531
1642	1558	1.255531
1643	1558	1.255531
1644	1558	1.255531
1645	1558	1.255531
1646	1558	1.255531
1647	1558	1.255531
1648	1559	1.256337
1649	1558	1.255531
1650	1558	1.255531
1651	1559	1.256337
1652	1558	1.255531
1653	1558	1.255531
1654	1558	1.255531
1655	1558	1.255531
1656	1558	1.255531
1657	1558	1.255531
1658	1558	1.255531
1659	1558	1.255531
1660	1558	1.255531
1661	1558	1.255531
1662	1558	1.255531
1663	1558	1.255531
1664	1559	1.256337
1665	1558	1.255531
1666	1558	1.255531
1667	1558	1.255531
1668	1558	1.255531
1669	1558	1.255531
1670	1558	1.255531
1671	1558	1.255531
1672	1558	1.255531
1673	1558	1.255531
1674	1558	1.255531
1675	1558	1.255531
1676	1558	1.255531
1677	1558	1.255531
1678	1558	1.255531
1679	1558	1.255531
1680	1554	1.252308
1681	1550	1.249084
1682	1554	1.252308
1683	1558	1.255531
1684	1558	1.255531
1685	1558	1.255531
1686	1558	1.255531
1687	1554	1.252308
1688	1558	1.255531
1689	1558	1.255531
1690	1558	1.255531
1691	1554	1.252308
1692	1554	1.252308
1693	1558	1.255531
1694	1554	1.252308
1695	1554	1.252308
1696	1554	1.252308
1697	1554	1.252308
1698	1558	1.255531
1699	1554	1.252308
1700	1554	1.252308
1701	1550	1.249084
1702	1558	1.255531
1703	1558	1.255531
1704	1554	1.252308
1705	1558	1.255531
1706	1554	1.252308
1707	1554	1.252308
1708	1550	1.249084
1709	1550	1.249084
1710	1550	1.249084
1711	1554	1.252308
1712	1554	1.252308
1713	1554	1.252308
1714	1554	1.252308
1715	1554	1.252308
1716	1554	1.252308
1717	1550	1.249084
1718	1554	1.252308
1719	1558	1.255531
1720	1558	1.255531
1721	1554	1.252308
1722	1558	1.255531
1723	1558	1.255531
1724	1554	1.252308
1725	1554	1.252308
1726	1558	1.255531
1727	1554	1.252308
1728	1558	1.255531
1729	1554	1.252308
1730	1554	1.252308
1731	1558	1.255531
1732	1554	1.252308
1733	1554	1.252308
1734	1554	1.252308
1735	1554	1.252308
1736	1550	1.249084
1737	1550	1.249084
1738	1550	1.249084
1739	1542	1.242637
1740	1550	1.249084
1741	1550	1.249084
1742	1550	1.249084
1743	1550	1.249084
1744	1542	1.242637
1745	1542	1.242637
1746	1542	1.242637
1747	1542	1.242637
1748	1542	1.242637
1749	1538	1.239414
1750	1542	1.242637
1751	1542	1.242637
1752	1538	1.239414
1753	1538	1.239414
1754	1542	1.242637
1755	1542	1.242637
1756	1550	1.249084
1757	1550	1.249084
1758	1550	1.249084
1759	1550	1.249084
1760	1543	1.243443
1761	1550	1.249084
1762	1550	1.249084
1763	1550	1.249084
1764	1542	1.242637
1765	1542	1.242637
1766	1542	1.242637
1767	1542	1.242637
1768	1542	1.242637
1769	1542	1.242637
1770	1542	1.242637
1771	1542	1.242637
1772	1542	1.242637
1773	1542	1.242637
1774	1550	1.249084
1775	1542	1.242637
1776	1542	1.242637
1777	1542	1.242637
1778	1542	1.242637
1779	1542	1.242637
1780	1542	1.242637
1781	1542	1.242637
1782	1542	1.242637
1783	1542	1.242637
1784	1542	1.242637
1785	1543	1.243443
1786	1542	1.242637
1787	1542	1.242637
1788	1542	1.242637
1789	1550	1.249084
1790	1550	1.249084
1791	1550	1.249084
1792	1550	1.249084
1793	1550	1.249084
1794	1542	1.242637
1795	1538	1.239414
1796	1542	1.242637
1797	1542	1.242637
1798	1542	1.242637
1799	1550	1.249084
1800	1550	1.249084
1801	1550	1.249084
1802	1550	1.249084
1803	1542	1.242637
1804	1542	1.242637
1805	1542	1.242637
1806	1542	1.242637
1807	1542	1.242637
1808	1542	1.242637
1809	1542	1.242637
1810	1542	1.242637
1811	1542	1.242637
1812	1542	1.242637
1813	1542	1.242637
1814	1542	1.242637
1815	1542	1.242637
1816	1542	1.242637
1817	1542	1.242637
1818	1534	1.236190
1819	1534	1.236190
1820	1542	1.242637
1821	1542	1.242637
1822	1542	1.242637
1823	1542	1.242637
1824	1546	1.245861
1825	1550	1.249084
1826	1550	1.249084
1827	1550	1.249084
1828	1550	1.249084
1829	1550	1.249084
1830	1550	1.249084
1831	1550	1.249084
1832	1543	1.243443
1833	1542	1.242637
1834	1542	1.242637
1835	1543	1.243443
1836	1542	1.242637
1837	1543	1.243443
1838	1542	1.242637
1839	1550	1.249084
1840	1550	1.249084
1841	1542	1.242637
1842	1543	1.243443
1843	1543	1.243443
1844	1550	1.249084
1845	1550	1.249084
1846	1550	1.249084
1847	1542	1.242637
1848	1538	1.239414
1849	1534	1.236190
1850	1530	1.232967
1851	1534	1.236190
1852	1534	1.236190
1853	1534	1.236190
1854	1538	1.239414
1855	1542	1.242637
1856	1550	1.249084
1857	1550	1.249084
1858	1550	1.249084
1859	1550	1.249084
1860	1550	1.249084
1861	1550	1.249084
1862	1550	1.249084
1863	1554	1.252308
1864	1550	1.249084
1865	1542	1.242637
1866	1542	1.242637
1867	1542	1.242637
1868	1542	1.242637
1869	1542	1.242637
1870	1542	1.242637
1871	1542	1.242637
1872	1542	1.242637
1873	1542	1.242637
1874	1550	1.249084
1875	1542	1.242637
1876	1542	1.242637
1877	1542	1.242637
1878	1542	1.242637
1879	1542	1.242637
1880	1550	1.249084
1881	1550	1.249084
1882	1542	1.242637
1883	1542	1.242637
1884	1542	1.242637
1885	1550	1.249084
1886	1550	1.249084
1887	1543	1.243443
1888	1550	1.249084
1889	1550	1.249084
1890	1550	1.249084
1891	1550	1.249084
1892	1554	1.252308
1893	1558	1.255531
1894	1558	1.255531
1895	1558	1.255531
1896	1558	1.255531
1897	1558	1.255531
1898	1554	1.252308
1899	1554	1.252308
1900	1550	1.249084
1901	1542	1.242637
1902	1550	1.249084
1903	1542	1.242637
1904	1542	1.242637
1905	1550	1.249084
1906	1550	1.249084
1907	1550	1.249084
1908	1550	1.249084
1909	1554	1.252308
1910	1558	1.255531
1911	1558	1.255531
1912	1558	1.255531
1913	1558	1.255531
1914	1554	1.252308
1915	1558	1.255531
1916	1558	1.255531
1917	1554	1.252308
1918	1543	1.243443
1919	1542	1.242637
1920	1543	1.243443
1921	1554	1.252308
1922	1558	1.255531
1923	1550	1.249084
1924	1554	1.252308
1925	1554	1.252308
1926	1554	1.252308
1927	1550	1.249084
1928	1550	1.249084
1929	1554	1.252308
1930	1550	1.249084
1931	1550	1.249084
1932	1550	1.249084
1933	1554	1.252308
1934	1554	1.252308
1935	1550	1.249084
1936	1550	1.249084
1937	1554	1.252308
1938	1558	1.255531
1939	1558	1.255531
1940	1558	1.255531
1941	1558	1.255531
1942	1554	1.252308
1943	1558	1.255531
1944	1558	1.255531
1945	1558	1.255531
1946	1558	1.255531
1947	1558	1.255531
1948	1558	1.255531
1949	1554	1.252308
1950	1550	1.249084
1951	1550	1.249084
1952	1542	1.242637
1953	1542	1.242637
1954	1550	1.249084
1955	1550	1.249084
1956	1558	1.255531
1957	1558	1.255531
1958	1558	1.255531
1959	1558	1.255531
1960	1558	1.255531
1961	1558	1.255531
1962	1558	1.255531
1963	1558	1.255531
1964	1558	1.255531
1965	1558	1.255531
1966	1566	1.261978
1967	1566	1.261978
1968	1566	1.261978
1969	1558	1.255531
1970	1558	1.255531
1971	1558	1.255531
1972	1558	1.255531
1973	1558	1.255531
1974	1559	1.256337
1975	1558	1.255531
1976	1558	1.255531
1977	1558	1.255531
1978	1558	1.255531
1979	1566	1.261978
1980	1558	1.255531
1981	1558	1.255531
1982	1558	1.255531
1983	1558	1.255531
1984	1554	1.252308
1985	1558	1.255531
1986	1558	1.255531
1987	1558	1.255531
1988	1559	1.256337
1989	1558	1.255531
1990	1566	1.261978
1991	1558	1.255531
1992	1558	1.255531
1993	1566	1.261978
1994	1558	1.255531
1995	1566	1.261978
1996	1558	1.255531
1997	1558	1.255531
1998	1570	1.265201
1999	1566	1.261978
2000	1566	1.261978
2001	1558	1.255531
2002	1550	1.249084
2003	1550	1.249084
2004	1554	1.252308
2005	1554	1.252308
2006	1554	1.252308
2007	1559	1.256337
2008	1566	1.261978
2009	1570	1.265201
2010	1566	1.261978
2011	1570	1.265201
2012	1570	1.265201
2013	1570	1.265201
2014	1570	1.265201
2015	1570	1.265201
2016	1574	1.268425
2017	1570	1.265201
2018	1566	1.261978
2019	1558	1.255531
2020	1558	1.255531
2021	1558	1.255531
2022	1566	1.261978
2023	1566	1.261978
2024	1558	1.255531
2025	1554	1.252308
2026	1558	1.255531
2027	1558	1.255531
2028	1566	1.261978
2029	1558	1.255531
2030	1566	1.261978
2031	1566	1.261978
2032	1558	1.255531
2033	1558	1.255531
2034	1566	1.261978
2035	1570	1.265201
2036	1566	1.261978
2037	1570	1.265201
2038	1570	1.265201
2039	1570	1.265201
2040	1570	1.265201
2041	1570	1.265201
2042	1570	1.265201
2043	1566	1.261978
2044	1558	1.255531
2045	1566	1.261978
2046	1570	1.265201
2047	1574	1.268425
2048	1574	1.268425
2049	1582	1.274872
2050	1574	1.268425
2051	1574	1.268425
2052	1574	1.268425
2053	1570	1.265201
2054	1574	1.268425
2055	1574	1.268425
2056	1574	1.268425
2057	1574	1.268425
2058	1574	1.268425
2059	1570	1.265201
2060	1570	1.265201
2061	1570	1.265201
2062	1570	1.265201
2063	1570	1.265201
2064	1574	1.268425
2065	1570	1.265201
2066	1570	1.265201
2067	1574	1.268425
2068	1574	1.268425
2069	1574	1.268425
2070	1574	1.268425
2071	1570	1.265201
2072	1570	1.265201
2073	1570	1.265201
2074	1570	1.265201
2075	1574	1.268425
2076	1574	1.268425
2077	1574	1.268425
2078	1575	1.269231
2079	1574	1.268425
2080	1574	1.268425
2081	1574	1.268425
2082	1574	1.268425
2083	1574	1.268425
2084	1574	1.268425
2085	1574	1.268425
2086	1574	1.268425
2087	1574	1.268425
2088	1574	1.268425
2089	1574	1.268425
2090	1574	1.268425
2091	1570	1.265201
2092	1574	1.268425
2093	1574	1.268425
2094	1574	1.268425
2095	1574	1.268425
2096	1582	1.274872
2097	1582	1.274872
2098	1582	1.274872
2099	1582	1.274872
2100	1574	1.268425
2101	1574	1.268425
2102	1575	1.269231
2103	1582	1.274872
2104	1586	1.278095
2105	1586	1.278095
2106	1586	1.278095
2107	1586	1.278095
2108	1582	1.274872
2109	1582	1.274872
2110	1574	1.268425
2111	1574	1.268425
2112	1574	1.268425
2113	1574	1.268425
2114	1574	1.268425
2115	1574	1.268425
2116	1575	1.269231
2117	1575	1.269231
2118	1575	1.269231
2119	1582	1.274872
2120	1574	1.268425
2121	1570	1.265201
2122	1574	1.268425
2123	1582	1.274872
2124	1582	1.274872
2125	1582	1.274872
2126	1574	1.268425
2127	1574	1.268425
2128	1574	1.268425
2129	1582	1.274872
2130	1582	1.274872
2131	1582	1.274872
2132	1586	1.278095
2133	1586	1.278095
2134	1586	1.278095
2135	1586	1.278095
2136	1590	1.281319
2137	1590	1.281319
2138	1590	1.281319
2139	1582	1.274872
2140	1582	1.274872
2141	1582	1.274872
2142	1582	1.274872
2143	1582	1.274872
2144	1582	1.274872
2145	1586	1.278095
2146	1582	1.274872
2147	1586	1.278095
2148	1582	1.274872
2149	1586	1.278095
2150	1586	1.278095
2151	1586	1.278095
2152	1582	1.274872
2153	1582	1.274872
2154	1582	1.274872
2155	1582	1.274872
2156	1582	1.274872
2157	1582	1.274872
2158	1582	1.274872
2159	1586	1.278095
2160	1582	1.274872
2161	1590	1.281319
2162	1586	1.278095
2163	1586	1.278095
2164	1586	1.278095
2165	1582	1.274872
2166	1586	1.278095
2167	1586	1.278095
2168	1590	1.281319
2169	1586	1.278095
2170	1586	1.278095
2171	1586	1.278095
2172	1586	1.278095
2173	1586	1.278095
2174	1590	1.281319
2175	1590	1.281319
2176	1590	1.281319
2177	1586	1.278095
2178	1590	1.281319
2179	1590	1.281319
2180	1586	1.278095
2181	1590	1.281319
2182	1590	1.281319
2183	1590	1.281319
2184	1598	1.287766
2185	1590	1.281319
2186	1590	1.281319
2187	1590	1.281319
2188	1590	1.281319
2189	1590	1.281319
2190	1590	1.281319
2191	1590	1.281319
2192	1590	1.281319
2193	1590	1.281319
2194	1590	1.281319
2195	1590	1.281319
2196	1590	1.281319
2197	1590	1.281319
2198	1590	1.281319
2199	1590	1.281319
2200	1590	1.281319
2201	1598	1.287766
2202	1590	1.281319
2203	1590	1.281319
2204	1598	1.287766
2205	1590	1.281319
2206	1590	1.281319
2207	1590	1.281319
2208	1590	1.281319
2209	1586	1.278095
2210	1590	1.281319
2211	1594	1.284542
2212	1590	1.281319
2213	1590	1.281319
2214	1590	1.281319
2215	1590	1.281319
2216	1590	1.281319
2217	1590	1.281319
2218	1591	1.282125
2219	1598	1.287766
2220	1590	1.281319
2221	1598	1.287766
2222	1598	1.287766
2223	1598	1.287766
2224	1598	1.287766
2225	1598	1.287766
2226	1590	1.281319
2227	1598	1.287766
2228	1598	1.287766
2229	1598	1.287766
2230	1602	1.290989
2231	1606	1.294212
2232	1602	1.290989
2233	1602	1.290989
2234	1602	1.290989
2235	1602	1.290989
2236	1598	1.287766
2237	1602	1.290989
2238	1602	1.290989
2239	1602	1.290989
2240	1606	1.294212
2241	1606	1.294212
2242	1606	1.294212
2243	1602	1.290989
2244	1598	1.287766
2245	1602	1.290989
2246	1598	1.287766
2247	1606	1.294212
2248	1602	1.290989
2249	1602	1.290989
2250	1606	1.294212
2251	1606	1.294212
2252	1602	1.290989
2253	1606	1.294212
2254	1606	1.294212
2255	1606	1.294212
2256	1606	1.294212
2257	1602	1.290989
2258	1606	1.294212
2259	1602	1.290989
2260	1606	1.294212
2261	1606	1.294212
2262	1606	1.294212
2263	1606	1.294212
2264	1606	1.294212
2265	1606	1.294212
2266	1614	1.300659
2267	1606	1.294212
2268	1606	1.294212
2269	1606	1.294212
2270	1606	1.294212
2271	1606	1.294212
2272	1606	1.294212
2273	1606	1.294212
2274	1606	1.294212
2275	1606	1.294212
2276	1607	1.295018
2277	1606	1.294212
2278	1606	1.294212
2279	1614	1.300659
2280	1614	1.300659
2281	1614	1.300659
2282	1614	1.300659
2283	1614	1.300659
2284	1607	1.295018
2285	1614	1.300659
2286	1606	1.294212
2287	1606	1.294212
2288	1614	1.300659
2289	1614	1.300659
2290	1614	1.300659
2291	1606	1.294212
2292	1614	1.300659
2293	1614	1.300659
2294	1614	1.300659
2295	1614	1.300659
2296	1614	1.300659
2297	1614	1.300659
2298	1614	1.300659
2299	1614	1.300659
2300	1614	1.300659
2301	1614	1.300659
2302	1614	1.300659
2303	1614	1.300659
2304	1614	1.300659
2305	1614	1.300659
2306	1614	1.300659
2307	1614	1.300659
2308	1614	1.300659
2309	1618	1.303883
2310	1618	1.303883
2311	1614	1.300659
2312	1614	1.300659
2313	1614	1.300659
2314	1614	1.300659
2315	1618	1.303883
2316	1614	1.300659
2317	1614	1.300659
2318	1618	1.303883
2319	1614	1.300659
2320	1622	1.307106
2321	1614	1.300659
2322	1618	1.303883
2323	1622	1.307106
2324	1614	1.300659
2325	1622	1.307106
2326	1622	1.307106
2327	1618	1.303883
2328	1614	1.300659
2329	1618	1.303883
2330	1622	1.307106
2331	1614	1.300659
2332	1622	1.307106
2333	1618	1.303883
2334	1622	1.307106
2335	1622	1.307106
2336	1622	1.307106
2337	1622	1.307106
2338	1622	1.307106
2339	1622	1.307106
2340	1622	1.307106
2341	1622	1.307106
2342	1622	1.307106
2343	1622	1.307106
2344	1622	1.307106
2345	1622	1.307106
2346	1622	1.307106
2347	1622	1.307106
2348	1622	1.307106
2349	1622	1.307106
2350	1618	1.303883
2351	1622	1.307106
2352	1622	1.307106
2353	1622	1.307106
2354	1622	1.307106
2355	1622	1.307106
2356	1623	1.307912
2357	1622	1.307106
2358	1622	1.307106
2359	1622	1.307106
2360	1622	1.307106
2361	1622	1.307106
2362	1622	1.307106
2363	1622	1.307106
2364	1623	1.307912
2365	1622	1.307106
2366	1623	1.307912
2367	1623	1.307912
2368	1622	1.307106
2369	1622	1.307106
2370	1623	1.307912
2371	1630	1.313553
2372	1630	1.313553
2373	1622	1.307106
2374	1630	1.313553
2375	1630	1.313553
2376	1626	1.310330
2377	1630	1.313553
2378	1632	1.315165
2379	1626	1.310330
2380	1634	1.316777
2381	1630	1.313553
2382	1634	1.316777
2383	1632	1.315165
2384	1623	1.307912
2385	1634	1.316777
2386	1622	1.307106
2387	1630	1.313553
2388	1630	1.313553
2389	1632	1.315165
2390	1630	1.313553
2391	1630	1.313553
2392	1632	1.315165
2393	1630	1.313553
2394	1634	1.316777
2395	1630	1.313553
2396	1630	1.313553
2397	1632	1.315165
2398	1630	1.313553
2399	1622	1.307106
2400	1634	1.316777
2401	1630	1.313553
2402	1622	1.307106
2403	1630	1.313553
2404	1630	1.313553
2405	1632	1.315165
2406	1634	1.316777
2407	1630	1.313553
2408	1622	1.307106
2409	1632	1.315165
2410	1622	1.307106
2411	1626	1.310330
2412	1634	1.316777
2413	1630	1.313553
2414	1634	1.316777
2415	1632	1.315165
2416	1622	1.307106
2417	1634	1.316777
2418	1630	1.313553
2419	1634	1.316777
2420	1634	1.316777
2421	1630	1.313553
2422	1634	1.316777
2423	1632	1.315165
2424	1630	1.313553
2425	1634	1.316777
2426	1634	1.316777
2427	1632	1.315165
2428	1634	1.316777
2429	1634	1.316777
2430	1634	1.316777
2431	1634	1.316777
2432	1632	1.315165
2433	1634	1.316777
2434	1634	1.316777
2435	1638	1.320000
2436	1634	1.316777
2437	1634	1.316777
2438	1638	1.320000
2439	1638	1.320000
2440	1634	1.316777
2441	1634	1.316777
2442	1634	1.316777
2443	1634	1.316777
2444	1634	1.316777
2445	1638	1.320000
2446	1634	1.316777
2447	1632	1.315165
2448	1623	1.307912
2449	1634	1.316777
2450	1634	1.316777
2451	1634	1.316777
2452	1634	1.316777
2453	1632	1.315165
2454	1634	1.316777
2455	1634	1.316777
2456	1630	1.313553
2457	1622	1.307106
2458	1626	1.310330
2459	1634	1.316777
2460	1630	1.313553
2461	1632	1.315165
2462	1626	1.310330
2463	1630	1.313553
2464	1622	1.307106
2465	1630	1.313553
2466	1622	1.307106
2467	1622	1.307106
2468	1622	1.307106
2469	1622	1.307106
2470	1622	1.307106
2471	1622	1.307106
2472	1618	1.303883
2473	1607	1.295018
2474	1606	1.294212
2475	1598	1.287766
2476	1590	1.281319
2477	1582	1.274872
2478	1570	1.265201
2479	1566	1.261978
2480	1558	1.255531
2481	1558	1.255531
2482	1558	1.255531
2483	1554	1.252308
2484	1550	1.249084
2485	1542	1.242637
2486	1542	1.242637
2487	1542	1.242637
2488	1542	1.242637
2489	1534	1.236190
2490	1526	1.229744
2491	1526	1.229744
2492	1526	1.229744
2493	1526	1.229744
2494	1526	1.229744
2495	1522	1.226520
2496	1522	1.226520
2497	1522	1.226520
2498	1522	1.226520
2499	1518	1.223297
2500	1522	1.226520
2501	1518	1.223297
2502	1518	1.223297
2503	1518	1.223297
2504	1518	1.223297
2505	1511	1.217656
2506	1511	1.217656
2507	1510	1.216850
2508	1510	1.216850
2509	1510	1.216850
2510	1510	1.216850
2511	1510	1.216850
2512	1510	1.216850
2513	1506	1.213626
2514	1506	1.213626
2515	1506	1.213626
2516	1506	1.213626
2517	1506	1.213626
2518	1504	1.212015
2519	1502	1.210403
2520	1502	1.210403
2521	1502	1.210403
2522	1495	1.204762
2523	1494	1.203956
2524	1494	1.203956
2525	1494	1.203956
2526	1494	1.203956
2527	1494	1.203956
2528	1494	1.203956
2529	1494	1.203956
2530	1494	1.203956
2531	1494	1.203956
2532	1494	1.203956
2533	1494	1.203956
2534	1494	1.203956
2535	1494	1.203956
2536	1494	1.203956
2537	1494	1.203956
2538	1490	1.200733
2539	1490	1.200733
2540	1490	1.200733
2541	1490	1.200733
2542	1486	1.197509
2543	1490	1.200733
2544	1486	1.197509
2545	1490	1.200733
2546	1486	1.197509
2547	1486	1.197509
2548	1486	1.197509
2549	1486	1.197509
2550	1486	1.197509
2551	1486	1.197509
2552	1486	1.197509
2553	1486	1.197509
2554	1486	1.197509
2555	1486	1.197509
2556	1510	1.216850
2557	1522	1.226520
2558	1558	1.255531
2559	1574	1.268425
2560	1574	1.268425
2561	1574	1.268425
2562	1582	1.274872
2563	1590	1.281319
2564	1586	1.278095
2565	1590	1.281319
2566	1590	1.281319
2567	1598	1.287766
2568	1598	1.287766
2569	1598	1.287766
2570	1598	1.287766
2571	1602	1.290989
2572	1606	1.294212
2573	1606	1.294212
2574	1614	1.300659
2575	1606	1.294212
2576	1606	1.294212
2577	1614	1.300659
2578	1618	1.303883
2579	1614	1.300659
2580	1618	1.303883
2581	1622	1.307106
2582	1622	1.307106
2583	1634	1.316777
2584	1623	1.307912
2585	1630	1.313553
2586	1634	1.316777
2587	1638	1.320000
2588	1634	1.316777
2589	1638	1.320000
2590	1638	1.320000
2591	1638	1.320000
2592	1638	1.320000
2593	1638	1.320000
2594	1646	1.326447
2595	1646	1.326447
2596	1646	1.326447
2597	1639	1.320806
2598	1646	1.326447
2599	1646	1.326447
2600	1646	1.326447
2601	1646	1.326447
2602	1646	1.326447
2603	1646	1.326447
2604	1654	1.332894
2605	1650	1.329670
2606	1654	1.332894
2607	1654	1.332894
2608	1655	1.333700
2609	1650	1.329670
2610	1654	1.332894
2611	1650	1.329670
2612	1650	1.329670
2613	1654	1.332894
2614	1654	1.332894
2615	1650	1.329670
2616	1654	1.332894
2617	1654	1.332894
2618	1654	1.332894
2619	1654	1.332894
2620	1662	1.339341
2621	1654	1.332894
2622	1654	1.332894
2623	1654	1.332894
2624	1654	1.332894
2625	1654	1.332894
2626	1654	1.332894
2627	1654	1.332894
2628	1654	1.332894
2629	1654	1.332894
2630	1650	1.329670
2631	1654	1.332894
2632	1654	1.332894
2633	1654	1.332894
2634	1662	1.339341
2635	1654	1.332894
2636	1655	1.333700
2637	1654	1.332894
2638	1662	1.339341
2639	1654	1.332894
2640	1662	1.339341
2641	1655	1.333700
2642	1654	1.332894
2643	1654	1.332894
2644	1662	1.339341
2645	1654	1.332894
2646	1655	1.333700
2647	1654	1.332894
2648	1654	1.332894
2649	1654	1.332894
2650	1662	1.339341
2651	1655	1.333700
2652	1662	1.339341
2653	1654	1.332894
2654	1654	1.332894
2655	1662	1.339341
2656	1655	1.333700
2657	1662	1.339341
2658	1658	1.336117
2659	1662	1.339341
2660	1662	1.339341
2661	1662	1.339341
2662	1662	1.339341
2663	1670	1.345788
2664	1662	1.339341
2665	1662	1.339341
2666	1670	1.345788
2667	1662	1.339341
2668	1663	1.340147
2669	1678	1.352234
2670	1670	1.345788
2671	1663	1.340147
2672	1663	1.340147
2673	1662	1.339341
2674	1662	1.339341
2675	1663	1.340147
2676	1662	1.339341
2677	1663	1.340147
2678	1663	1.340147
2679	1662	1.339341
2680	1663	1.340147
2681	1663	1.340147
2682	1670	1.345788
2683	1670	1.345788
2684	1670	1.345788
2685	1670	1.345788
2686	1670	1.345788
2687	1670	1.345788
2688	1670	1.345788
2689	1662	1.339341
2690	1678	1.352234
2691	1663	1.340147
2692	1670	1.345788
2693	1662	1.339341
2694	1663	1.340147
2695	1663	1.340147
2696	1670	1.345788
2697	1663	1.340147
2698	1670	1.345788
2699	1662	1.339341
2700	1663	1.340147
2701	1670	1.345788
2702	1670	1.345788
2703	1662	1.339341
2704	1663	1.340147
2705	1670	1.345788
2706	1678	1.352234
2707	1678	1.352234
2708	1670	1.345788
2709	1678	1.352234
2710	1678	1.352234
2711	1670	1.345788
2712	1678	1.352234
2713	1678	1.352234
2714	1670	1.345788
2715	1678	1.352234
2716	1678	1.352234
2717	1670	1.345788
2718	1678	1.352234
2719	1678	1.352234
2720	1678	1.352234
2721	1678	1.352234
2722	1671	1.346593
2723	1678	1.352234
2724	1671	1.346593
2725	1678	1.352234
2726	1671	1.346593
2727	1670	1.345788
2728	1678	1.352234
2729	1670	1.345788
2730	1678	1.352234
2731	1678	1.352234
2732	1678	1.352234
2733	1678	1.352234
2734	1670	1.345788
2735	1671	1.346593
2736	1670	1.345788
2737	1678	1.352234
2738	1670	1.345788
2739	1670	1.345788
2740	1678	1.352234
2741	1670	1.345788
2742	1678	1.352234
2743	1678	1.352234
2744	1678	1.352234
2745	1682	1.355458
2746	1678	1.352234
2747	1678	1.352234
2748	1682	1.355458
2749	1686	1.358681
2750	1678	1.352234
2751	1678	1.352234
2752	1686	1.358681
2753	1682	1.355458
2754	1678	1.352234
2755	1678	1.352234
2756	1670	1.345788
2757	1670	1.345788
2758	1678	1.352234
2759	1682	1.355458
2760	1682	1.355458
2761	1678	1.352234
2762	1686	1.358681
2763	1682	1.355458
2764	1686	1.358681
2765	1686	1.358681
2766	1682	1.355458
2767	1686	1.358681
2768	1686	1.358681
2769	1686	1.358681
2770	1694	1.365128
2771	1686	1.358681
2772	1686	1.358681
2773	1682	1.355458
2774	1686	1.358681
2775	1686	1.358681
2776	1678	1.352234
2777	1686	1.358681
2778	1686	1.358681
2779	1678	1.352234
2780	1678	1.352234
2781	1678	1.352234
2782	1686	1.358681
2783	1682	1.355458
2784	1686	1.358681
2785	1686	1.358681
2786	1686	1.358681
2787	1686	1.358681
2788	1686	1.358681
2789	1678	1.352234
2790	1682	1.355458
2791	1686	1.358681
2792	1678	1.352234
2793	1686	1.358681
2794	1682	1.355458
2795	1682	1.355458
2796	1686	1.358681
2797	1678	1.352234
2798	1686	1.358681
2799	1686	1.358681
2800	1686	1.358681
2801	1686	1.358681
2802	1686	1.358681
2803	1694	1.365128
2804	1686	1.358681
2805	1686	1.358681
2806	1682	1.355458
2807	1686	1.358681
2808	1686	1.358681
2809	1686	1.358681
2810	1686	1.358681
2811	1686	1.358681
2812	1686	1.358681
2813	1686	1.358681
2814	1686	1.358681
2815	1690	1.361905
2816	1686	1.358681
2817	1686	1.358681
2818	1694	1.365128
2819	1686	1.358681
2820	1694	1.365128
2821	1686	1.358681
2822	1694	1.365128
2823	1694	1.365128
2824	1694	1.365128
2825	1686	1.358681
2826	1686	1.358681
2827	1694	1.365128
2828	1698	1.368352
2829	1694	1.365128
2830	1698	1.368352
2831	1694	1.365128
2832	1686	1.358681
2833	1694	1.365128
2834	1694	1.365128
2835	1694	1.365128
2836	1694	1.365128
2837	1686	1.358681
2838	1698	1.368352
2839	1702	1.371575
2840	1698	1.368352
2841	1698	1.368352
2842	1686	1.358681
2843	1698	1.368352
2844	1702	1.371575
2845	1694	1.365128
2846	1703	1.372381
2847	1698	1.368352
2848	1698	1.368352
2849	1694	1.365128
2850	1702	1.371575
2851	1702	1.371575
2852	1702	1.371575
2853	1694	1.365128
2854	1702	1.371575
2855	1702	1.371575
2856	1687	1.359487
2857	1686	1.358681
2858	1686	1.358681
2859	1698	1.368352
2860	1702	1.371575
2861	1694	1.365128
2862	1702	1.371575
2863	1702	1.371575
2864	1698	1.368352
2865	1702	1.371575
2866	1702	1.371575
2867	1698	1.368352
2868	1694	1.365128
2869	1702	1.371575
2870	1702	1.371575
2871	1703	1.372381
2872	1702	1.371575
2873	1702	1.371575
2874	1702	1.371575
2875	1710	1.378022
2876	1702	1.371575
2877	1702	1.371575
2878	1702	1.371575
2879	1710	1.378022
2880	1702	1.371575
2881	1702	1.371575
2882	1702	1.371575
2883	1702	1.371575
2884	1710	1.378022
2885	1702	1.371575
2886	1714	1.381245
2887	1703	1.372381
2888	1702	1.371575
2889	1714	1.381245
2890	1702	1.371575
2891	1718	1.384469
2892	1718	1.384469
2893	1718	1.384469
2894	1710	1.378022
2895	1703	1.372381
2896	1714	1.381245
2897	1703	1.372381
2898	1710	1.378022
2899	1710	1.378022
2900	1710	1.378022
2901	1710	1.378022
2902	1710	1.378022
2903	1710	1.378022
2904	1714	1.381245
2905	1710	1.378022
2906	1714	1.381245
2907	1702	1.371575
2908	1702	1.371575
2909	1710	1.378022
2910	1710	1.378022
2911	1710	1.378022
2912	1702	1.371575
2913	1698	1.368352
2914	1702	1.371575
2915	1714	1.381245
2916	1718	1.384469
2917	1710	1.378022
2918	1710	1.378022
2919	1710	1.378022
2920	1710	1.378022
2921	1710	1.378022
2922	1710	1.378022
2923	1714	1.381245
2924	1702	1.371575
2925	1710	1.378022
2926	1710	1.378022
2927	1718	1.384469
2928	1710	1.378022
2929	1710	1.378022
2930	1714	1.381245
2931	1702	1.371575
2932	1714	1.381245
2933	1714	1.381245
2934	1718	1.384469
2935	1718	1.384469
2936	1718	1.384469
2937	1710	1.378022
2938	1714	1.381245
2939	1714	1.381245
2940	1718	1.384469
2941	1714	1.381245
2942	1726	1.390916
2943	1714	1.381245
2944	1714	1.381245
2945	1714	1.381245
2946	1718	1.384469
2947	1714	1.381245
2948	1710	1.378022
2949	1710	1.378022
2950	1718	1.384469
2951	1718	1.384469
2952	1718	1.384469
2953	1718	1.384469
2954	1718	1.384469
2955	1714	1.381245
2956	1726	1.390916
2957	1726	1.390916
2958	1719	1.385275
2959	1726	1.390916
2960	1726	1.390916
2961	1730	1.394139
2962	1726	1.390916
2963	1719	1.385275
2964	1726	1.390916
2965	1726	1.390916
2966	1718	1.384469
2967	1730	1.394139
2968	1726	1.390916
2969	1730	1.394139
2970	1730	1.394139
2971	1730	1.394139
2972	1726	1.390916
2973	1718	1.384469
2974	1718	1.384469
2975	1726	1.390916
2976	1726	1.390916
2977	1730	1.394139
2978	1730	1.394139
2979	1718	1.384469
2980	1730	1.394139
2981	1730	1.394139
2982	1726	1.390916
2983	1726	1.390916
2984	1726	1.390916
2985	1718	1.384469
2986	1734	1.397363
2987	1734	1.397363
2988	1730	1.394139
2989	1730	1.394139
2990	1734	1.397363
2991	1734	1.397363
2992	1730	1.394139
2993	1734	1.397363
2994	1734	1.397363
2995	1734	1.397363
2996	1742	1.403810
2997	1734	1.397363
2998	1735	1.398168
2999	1734	1.397363
3000	1735	1.398168
3001	1734	1.397363
3002	1734	1.397363
3003	1734	1.397363
3004	1734	1.397363
3005	1730	1.394139
3006	1730	1.394139
3007	1730	1.394139
3008	1730	1.394139
3009	1734	1.397363
3010	1730	1.394139
3011	1726	1.390916
3012	1719	1.385275
3013	1718	1.384469
3014	1730	1.394139
3015	1734	1.397363
3016	1734	1.397363
3017	1730	1.394139
3018	1730	1.394139
3019	1726	1.390916
3020	1730	1.394139
3021	1726	1.390916
3022	1726	1.390916
3023	1718	1.384469
3024	1734	1.397363
3025	1734	1.397363
3026	1734	1.397363
3027	1734	1.397363
3028	1730	1.394139
3029	1730	1.394139
3030	1734	1.397363
3031	1734	1.397363
3032	1730	1.394139
3033	1742	1.403810
3034	1726	1.390916
3035	1730	1.394139
3036	1734	1.397363
3037	1742	1.403810
3038	1742	1.403810
3039	1734	1.397363
3040	1742	1.403810
3041	1734	1.397363
3042	1734	1.397363
3043	1735	1.398168
3044	1742	1.403810
3045	1742	1.403810
3046	1734	1.397363
3047	1734	1.397363
3048	1742	1.403810
3049	1734	1.397363
3050	1734	1.397363
3051	1735	1.398168
3052	1734	1.397363
3053	1730	1.394139
3054	1734	1.397363
3055	1734	1.397363
3056	1734	1.397363
3057	1734	1.397363
3058	1734	1.397363
3059	1730	1.394139
3060	1734	1.397363
3061	1734	1.397363
3062	1746	1.407033
3063	1734	1.397363
3064	1734	1.397363
3065	1734	1.397363
3066	1746	1.407033
3067	1742	1.403810
3068	1734	1.397363
3069	1742	1.403810
3070	1734	1.397363
3071	1742	1.403810
3072	1734	1.397363
3073	1734	1.397363
3074	1734	1.397363
3075	1742	1.403810
3076	1750	1.410256
3077	1742	1.403810
3078	1746	1.407033
3079	1750	1.410256
3080	1734	1.397363
3081	1734	1.397363
3082	1742	1.403810
3083	1742	1.403810
3084	1742	1.403810
3085	1734	1.397363
3086	1735	1.398168
3087	1742	1.403810
3088	1734	1.397363
3089	1734	1.397363
3090	1746	1.407033
3091	1734	1.397363
3092	1746	1.407033
3093	1734	1.397363
3094	1750	1.410256
3095	1734	1.397363
3096	1742	1.403810
3097	1734	1.397363
3098	1742	1.403810
3099	1734	1.397363
3100	1742	1.403810
3101	1734	1.397363
3102	1746	1.407033
3103	1734	1.397363
3104	1742	1.403810
3105	1734	1.397363
3106	1735	1.398168
3107	1742	1.403810
3108	1734	1.397363
3109	1735	1.398168
3110	1746	1.407033
3111	1735	1.398168
3112	1734	1.397363
3113	1742	1.403810
3114	1742	1.403810
3115	1746	1.407033
3116	1735	1.398168
3117	1734	1.397363
3118	1734	1.397363
3119	1742	1.403810
3120	1742	1.403810
3121	1742	1.403810
3122	1734	1.397363
3123	1750	1.410256
3124	1734	1.397363
3125	1746	1.407033
3126	1750	1.410256
3127	1742	1.403810
3128	1750	1.410256
3129	1742	1.403810
3130	1762	1.419927
3131	1762	1.419927
3132	1750	1.410256
3133	1762	1.419927
3134	1742	1.403810
3135	1742	1.403810
3136	1742	1.403810
3137	1750	1.410256
3138	1750	1.410256
3139	1742	1.403810
3140	1734	1.397363
3141	1742	1.403810
3142	1750	1.410256
3143	1742	1.403810
3144	1735	1.398168
3145	1746	1.407033
3146	1751	1.411062
3147	1750	1.410256
3148	1750	1.410256
3149	1742	1.403810
3150	1750	1.410256
3151	1750	1.410256
3152	1750	1.410256
3153	1750	1.410256
3154	1750	1.410256
3155	1746	1.407033
3156	1750	1.410256
3157	1762	1.419927
3158	1750	1.410256
3159	1762	1.419927
3160	1750	1.410256
3161	1746	1.407033
3162	1762	1.419927
3163	1750	1.410256
3164	1750	1.410256
3165	1758	1.416703
3166	1750	1.410256
3167	1750	1.410256
3168	1746	1.407033
3169	1750	1.410256
3170	1742	1.403810
3171	1750	1.410256
3172	1750	1.410256
3173	1742	1.403810
3174	1750	1.410256
3175	1762	1.419927
3176	1750	1.410256
3177	1750	1.410256
3178	1750	1.410256
3179	1750	1.410256
3180	1758	1.416703
3181	1762	1.419927
3182	1750	1.410256
3183	1762	1.419927
3184	1758	1.416703
3185	1762	1.419927
3186	1762	1.419927
3187	1758	1.416703
3188	1750	1.410256
3189	1762	1.419927
3190	1750	1.410256
3191	1758	1.416703
3192	1750	1.410256
3193	1758	1.416703
3194	1750	1.410256
3195	1750	1.410256
3196	1758	1.416703
3197	1766	1.423150
3198	1750	1.410256
3199	1750	1.410256
3200	1758	1.416703
3201	1746	1.407033
3202	1762	1.419927
3203	1766	1.423150
3204	1762	1.419927
3205	1762	1.419927
3206	1766	1.423150
3207	1760	1.418315
3208	1750	1.410256
3209	1750	1.410256
3210	1750	1.410256
3211	1750	1.410256
3212	1750	1.410256
3213	1750	1.410256
3214	1750	1.410256
3215	1758	1.416703
3216	1758	1.416703
3217	1762	1.419927
3218	1758	1.416703
3219	1762	1.419927
3220	1762	1.419927
3221	1750	1.410256
3222	1750	1.410256
3223	1762	1.419927
3224	1750	1.410256
3225	1750	1.410256
3226	1762	1.419927
3227	1762	1.419927
3228	1762	1.419927
3229	1758	1.416703
3230	1762	1.419927
3231	1762	1.419927
3232	1750	1.410256
3233	1762	1.419927
3234	1762	1.419927
3235	1750	1.410256
3236	1762	1.419927
3237	1766	1.423150
3238	1766	1.423150
3239	1762	1.419927
3240	1766	1.423150
3241	1774	1.429597
3242	1766	1.423150
3243	1766	1.423150
3244	1766	1.423150
3245	1766	1.423150
3246	1766	1.423150
3247	1762	1.419927
3248	1762	1.419927
3249	1762	1.419927
3250	1762	1.419927
3251	1762	1.419927
3252	1750	1.410256
3253	1758	1.416703
3254	1758	1.416703
3255	1762	1.419927
3256	1766	1.423150
3257	1766	1.423150
3258	1762	1.419927
3259	1762	1.419927
3260	1760	1.418315
3261	1766	1.423150
3262	1766	1.423150
3263	1766	1.423150
3264	1766	1.423150
3265	1762	1.419927
3266	1760	1.418315
3267	1760	1.418315
3268	1762	1.419927
3269	1750	1.410256
3270	1758	1.416703
3271	1762	1.419927
3272	1758	1.416703
3273	1762	1.419927
3274	1762	1.419927
3275	1762	1.419927
3276	1751	1.411062
3277	1766	1.423150
3278	1778	1.432821
3279	1766	1.423150
3280	1774	1.429597
3281	1767	1.423956
3282	1782	1.436044
3283	1774	1.429597
3284	1750	1.410256
3285	1766	1.423150
3286	1766	1.423150
3287	1766	1.423150
3288	1762	1.419927
3289	1782	1.436044
3290	1766	1.423150
3291	1762	1.419927
3292	1774	1.429597
3293	1766	1.423150
3294	1762	1.419927
3295	1774	1.429597
3296	1766	1.423150
3297	1766	1.423150
3298	1762	1.419927
3299	1766	1.423150
3300	1766	1.423150
3301	1774	1.429597
3302	1778	1.432821
3303	1766	1.423150
3304	1766	1.423150
3305	1766	1.423150
3306	1762	1.419927
3307	1774	1.429597
3308	1766	1.423150
3309	1766	1.423150
3310	1766	1.423150
3311	1766	1.423150
3312	1782	1.436044
3313	1774	1.429597
3314	1782	1.436044
3315	1778	1.432821
3316	1766	1.423150
3317	1766	1.423150
3318	1766	1.423150
3319	1758	1.416703
3320	1766	1.423150
3321	1762	1.419927
3322	1766	1.423150
3323	1774	1.429597
3324	1782	1.436044
3325	1766	1.423150
3326	1778	1.432821
3327	1766	1.423150
3328	1766	1.423150
3329	1774	1.429597
3330	1762	1.419927
3331	1762	1.419927
3332	1766	1.423150
3333	1762	1.419927
3334	1774	1.429597
3335	1766	1.423150
3336	1766	1.423150
3337	1774	1.429597
3338	1774	1.429597
3339	1762	1.419927
3340	1766	1.423150
3341	1766	1.423150
3342	1766	1.423150
3343	1778	1.432821
3344	1778	1.432821
3345	1767	1.423956
3346	1766	1.423150
3347	1762	1.419927
3348	1774	1.429597
3349	1766	1.423150
3350	1774	1.429597
3351	1767	1.423956
3352	1766	1.423150
3353	1778	1.432821
3354	1774	1.429597
3355	1766	1.423150
3356	1766	1.423150
3357	1766	1.423150
3358	1774	1.429597
3359	1778	1.432821
3360	1766	1.423150
3361	1778	1.432821
3362	1774	1.429597
3363	1782	1.436044
3364	1778	1.432821
3365	1774	1.429597
3366	1766	1.423150
3367	1782	1.436044
3368	1774	1.429597
3369	1774	1.429597
3370	1766	1.423150
3371	1766	1.423150
3372	1766	1.423150
3373	1766	1.423150
3374	1782	1.436044
3375	1782	1.436044
3376	1774	1.429597
3377	1774	1.429597
3378	1778	1.432821
3379	1774	1.429597
3380	1766	1.423150
3381	1766	1.423150
3382	1774	1.429597
3383	1762	1.419927
3384	1774	1.429597
3385	1778	1.432821
3386	1766	1.423150
3387	1766	1.423150
3388	1766	1.423150
3389	1766	1.423150
3390	1766	1.423150
3391	1774	1.429597
3392	1782	1.436044
3393	1782	1.436044
3394	1778	1.432821
3395	1774	1.429597
3396	1766	1.423150
3397	1774	1.429597
3398	1782	1.436044
3399	1782	1.436044
3400	1767	1.423956
3401	1774	1.429597
3402	1778	1.432821
3403	1774	1.429597
3404	1766	1.423150
3405	1774	1.429597
3406	1778	1.432821
3407	1774	1.429597
3408	1774	1.429597
3409	1774	1.429597
3410	1778	1.432821
3411	1766	1.423150
3412	1774	1.429597
3413	1782	1.436044
3414	1766	1.423150
3415	1766	1.423150
3416	1778	1.432821
3417	1774	1.429597
3418	1767	1.423956
3419	1774	1.429597
3420	1782	1.436044
3421	1766	1.423150
3422	1774	1.429597
3423	1774	1.429597
3424	1767	1.423956
3425	1774	1.429597
3426	1782	1.436044
3427	1782	1.436044
3428	1774	1.429597
3429	1778	1.432821
3430	1778	1.432821
3431	1782	1.436044
3432	1774	1.429597
3433	1766	1.423150
3434	1767	1.423956
3435	1778	1.432821
3436	1778	1.432821
3437	1774	1.429597
3438	1774	1.429597
3439	1790	1.442491
3440	1782	1.436044
3441	1782	1.436044
3442	1782	1.436044
3443	1774	1.429597
3444	1774	1.429597
3445	1774	1.429597
3446	1774	1.429597
3447	1778	1.432821
3448	1782	1.436044
3449	1782	1.436044
3450	1782	1.436044
3451	1774	1.429597
3452	1782	1.436044
3453	1782	1.436044
3454	1774	1.429597
3455	1778	1.432821
3456	1782	1.436044
3457	1774	1.429597
3458	1774	1.429597
3459	1774	1.429597
3460	1782	1.436044
3461	1774	1.429597
3462	1782	1.436044
3463	1774	1.429597
3464	1782	1.436044
3465	1782	1.436044
3466	1778	1.432821
3467	1782	1.436044
3468	1782	1.436044
3469	1782	1.436044
3470	1782	1.436044
3471	1774	1.429597
3472	1766	1.423150
3473	1774	1.429597
3474	1782	1.436044
3475	1774	1.429597
3476	1774	1.429597
3477	1774	1.429597
3478	1782	1.436044
3479	1774	1.429597
3480	1778	1.432821
3481	1766	1.423150
3482	1778	1.432821
3483	1774	1.429597
3484	1774	1.429597
3485	1778	1.432821
3486	1774	1.429597
3487	1782	1.436044
3488	1782	1.436044
3489	1782	1.436044
3490	1782	1.436044
3491	1782	1.436044
3492	1766	1.423150
3493	1774	1.429597
3494	1774	1.429597
3495	1766	1.423150
3496	1774	1.429597
3497	1782	1.436044
3498	1782	1.436044
3499	1774	1.429597
3500	1774	1.429597
3501	1778	1.432821
3502	1774	1.429597
3503	1778	1.432821
3504	1774	1.429597
3505	1782	1.436044
3506	1782	1.436044
3507	1766	1.423150
3508	1766	1.423150
3509	1766	1.423150
3510	1767	1.423956
3511	1782	1.436044
3512	1774	1.429597
3513	1774	1.429597
3514	1766	1.423150
3515	1766	1.423150
3516	1774	1.429597
3517	1782	1.436044
3518	1766	1.423150
3519	1778	1.432821
3520	1782	1.436044
3521	1774	1.429597
3522	1778	1.432821
3523	1766	1.423150
3524	1774	1.429597
3525	1782	1.436044
3526	1774	1.429597
3527	1774	1.429597
3528	1774	1.429597
3529	1782	1.436044
3530	1782	1.436044
3531	1782	1.436044
3532	1766	1.423150
3533	1782	1.436044
3534	1774	1.429597
3535	1782	1.436044
3536	1774	1.429597
3537	1794	1.445714
3538	1774	1.429597
3539	1774	1.429597
3540	1782	1.436044
3541	1774	1.429597
3542	1778	1.432821
3543	1794	1.445714
3544	1782	1.436044
3545	1782	1.436044
3546	1782	1.436044
3547	1778	1.432821
3548	1782	1.436044
3549	1774	1.429597
3550	1782	1.436044
3551	1774	1.429597
3552	1766	1.423150
3553	1774	1.429597
3554	1774	1.429597
3555	1794	1.445714
3556	1782	1.436044
3557	1782	1.436044
3558	1782	1.436044
3559	1782	1.436044
3560	1778	1.432821
3561	1782	1.436044
3562	1778	1.432821
3563	1782	1.436044
3564	1782	1.436044
3565	1778	1.432821
3566	1794	1.445714
3567	1792	1.444103
3568	1782	1.436044
3569	1782	1.436044
3570	1794	1.445714
3571	1782	1.436044
3572	1778	1.432821
3573	1782	1.436044
3574	1794	1.445714
3575	1782	1.436044
3576	1782	1.436044
3577	1778	1.432821
3578	1782	1.436044
3579	1794	1.445714
3580	1798	1.448938
3581	1799	1.449744
3582	1794	1.445714
3583	1782	1.436044
3584	1782	1.436044
3585	1782	1.436044
3586	1782	1.436044
3587	1782	1.436044
3588	1774	1.429597
3589	1783	1.436850
3590	1798	1.448938
3591	1790	1.442491
3592	1782	1.436044
3593	1782	1.436044
3594	1794	1.445714
3595	1798	1.448938
3596	1782	1.436044
3597	1790	1.442491
3598	1782	1.436044
3599	1782	1.436044
3600	1782	1.436044
3601	1782	1.436044
3602	1774	1.429597
3603	1782	1.436044
3604	1783	1.436850
3605	1782	1.436044
3606	1798	1.448938
3607	1783	1.436850
3608	1799	1.449744
3609	1798	1.448938
3610	1798	1.448938
3611	1798	1.448938
3612	1782	1.436044
3613	1790	1.442491
3614	1782	1.436044
3615	1798	1.448938
3616	1782	1.436044
3617	1782	1.436044
3618	1790	1.442491
3619	1798	1.448938
3620	1783	1.436850
3621	1792	1.444103
3622	1798	1.448938
3623	1783	1.436850
3624	1798	1.448938
3625	1782	1.436044
3626	1783	1.436850
3627	1794	1.445714
3628	1798	1.448938
3629	1798	1.448938
3630	1798	1.448938
3631	1794	1.445714
3632	1798	1.448938
3633	1794	1.445714
3634	1798	1.448938
3635	1794	1.445714
3636	1794	1.445714
3637	1798	1.448938
3638	1798	1.448938
3639	1799	1.449744
3640	1806	1.455385
3641	1798	1.448938
3642	1806	1.455385
3643	1799	1.449744
3644	1806	1.455385
3645	1806	1.455385
3646	1798	1.448938
3647	1806	1.455385
