Pixel	ADC	VoltageV
1	3965	3.195238
2	3965	3.195238
3	3965	3.195238
4	3965	3.195238
5	3965	3.195238
6	3965	3.195238
7	3965	3.195238
8	3965	3.195238
9	3965	3.195238
10	3961	3.192015
11	3961	3.192015
12	3961	3.192015
13	3961	3.192015
14	3961	3.192015
15	3961	3.192015
16	3961	3.192015
17	3961	3.192015
18	3957	3.188791
19	3961	3.192015
20	3961	3.192015
21	3961	3.192015
22	3957	3.188791
23	3961	3.192015
24	3952	3.184762
25	3953	3.185568
26	3953	3.185568
27	3957	3.188791
28	3952	3.184762
29	3952	3.184762
30	3953	3.185568
31	3952	3.184762
32	3953	3.185568
33	3953	3.185568
34	3953	3.185568
35	3953	3.185568
36	3937	3.172674
37	2153	1.735018
38	1520	1.224908
39	1517	1.222491
40	1517	1.222491
41	1520	1.224908
42	1517	1.222491
43	1513	1.219267
44	1520	1.224908
45	1520	1.224908
46	1520	1.224908
47	1520	1.224908
48	1517	1.222491
49	1517	1.222491
50	1517	1.222491
51	1517	1.222491
52	1521	1.225714
53	1520	1.224908
54	1520	1.224908
55	1517	1.222491
56	1517	1.222491
57	1521	1.225714
58	1520	1.224908
59	1521	1.225714
60	1517	1.222491
61	1517	1.222491
62	1517	1.222491
63	1517	1.222491
64	1521	1.225714
65	1521	1.225714
66	1517	1.222491
67	1517	1.222491
68	1517	1.222491
69	1517	1.222491
70	1520	1.224908
71	1520	1.224908
72	1520	1.224908
73	1517	1.222491
74	1521	1.225714
75	1517	1.222491
76	1517	1.222491
77	1520	1.224908
78	1520	1.224908
79	1520	1.224908
80	1520	1.224908
81	1517	1.222491
82	1517	1.222491
83	1513	1.219267
84	1515	1.220879
85	1517	1.222491
86	1513	1.219267
87	1515	1.220879
88	1513	1.219267
89	1517	1.222491
90	1520	1.224908
91	1520	1.224908
92	1520	1.224908
93	1517	1.222491
94	1520	1.224908
95	1517	1.222491
96	1520	1.224908
97	1517	1.222491
98	1520	1.224908
99	1520	1.224908
100	1520	1.224908
101	1517	1.222491
102	1521	1.225714
103	1517	1.222491
104	1517	1.222491
105	1521	1.225714
106	1517	1.222491
107	1517	1.222491
108	1520	1.224908
109	1521	1.225714
110	1517	1.222491
111	1517	1.222491
112	1520	1.224908
113	1517	1.222491
114	1517	1.222491
115	1517	1.222491
116	1520	1.224908
117	1520	1.224908
118	1520	1.224908
119	1517	1.222491
120	1517	1.222491
121	1517	1.222491
122	1520	1.224908
123	1517	1.222491
124	1517	1.222491
125	1517	1.222491
126	1520	1.224908
127	1517	1.222491
128	1520	1.224908
129	1520	1.224908
130	1520	1.224908
131	1520	1.224908
132	1521	1.225714
133	1517	1.222491
134	1520	1.224908
135	1517	1.222491
136	1520	1.224908
137	1520	1.224908
138	1520	1.224908
139	1521	1.225714
140	1521	1.225714
141	1521	1.225714
142	1521	1.225714
143	1520	1.224908
144	1520	1.224908
145	1517	1.222491
146	1516	1.221685
147	1517	1.222491
148	1513	1.219267
149	1513	1.219267
150	1517	1.222491
151	1516	1.221685
152	1517	1.222491
153	1517	1.222491
154	1516	1.221685
155	1520	1.224908
156	1517	1.222491
157	1520	1.224908
158	1517	1.222491
159	1517	1.222491
160	1520	1.224908
161	1520	1.224908
162	1520	1.224908
163	1520	1.224908
164	1517	1.222491
165	1520	1.224908
166	1517	1.222491
167	1517	1.222491
168	1517	1.222491
169	1520	1.224908
170	1520	1.224908
171	1521	1.225714
172	1517	1.222491
173	1513	1.219267
174	1517	1.222491
175	1517	1.222491
176	1517	1.222491
177	1520	1.224908
178	1520	1.224908
179	1517	1.222491
180	1517	1.222491
181	1520	1.224908
182	1520	1.224908
183	1517	1.222491
184	1517	1.222491
185	1517	1.222491
186	1517	1.222491
187	1517	1.222491
188	1520	1.224908
189	1520	1.224908
190	1520	1.224908
191	1520	1.224908
192	1520	1.224908
193	1520	1.224908
194	1517	1.222491
195	1520	1.224908
196	1517	1.222491
197	1517	1.222491
198	1520	1.224908
199	1520	1.224908
200	1521	1.225714
201	1520	1.224908
202	1520	1.224908
203	1520	1.224908
204	1517	1.222491
205	1517	1.222491
206	1517	1.222491
207	1517	1.222491
208	1517	1.222491
209	1520	1.224908
210	1521	1.225714
211	1520	1.224908
212	1520	1.224908
213	1520	1.224908
214	1520	1.224908
215	1517	1.222491
216	1520	1.224908
217	1517	1.222491
218	1517	1.222491
219	1517	1.222491
220	1520	1.224908
221	1517	1.222491
222	1520	1.224908
223	1517	1.222491
224	1517	1.222491
225	1517	1.222491
226	1517	1.222491
227	1517	1.222491
228	1517	1.222491
229	1517	1.222491
230	1520	1.224908
231	1517	1.222491
232	1517	1.222491
233	1517	1.222491
234	1520	1.224908
235	1517	1.222491
236	1520	1.224908
237	1520	1.224908
238	1520	1.224908
239	1520	1.224908
240	1520	1.224908
241	1521	1.225714
242	1520	1.224908
243	1521	1.225714
244	1521	1.225714
245	1521	1.225714
246	1521	1.225714
247	1517	1.222491
248	1517	1.222491
249	1517	1.222491
250	1520	1.224908
251	1520	1.224908
252	1521	1.225714
253	1520	1.224908
254	1521	1.225714
255	1521	1.225714
256	1521	1.225714
257	1521	1.225714
258	1517	1.222491
259	1517	1.222491
260	1517	1.222491
261	1517	1.222491
262	1520	1.224908
263	1517	1.222491
264	1520	1.224908
265	1517	1.222491
266	1517	1.222491
267	1513	1.219267
268	1520	1.224908
269	1520	1.224908
270	1520	1.224908
271	1521	1.225714
272	1521	1.225714
273	1517	1.222491
274	1520	1.224908
275	1520	1.224908
276	1517	1.222491
277	1517	1.222491
278	1517	1.222491
279	1520	1.224908
280	1517	1.222491
281	1520	1.224908
282	1517	1.222491
283	1520	1.224908
284	1521	1.225714
285	1521	1.225714
286	1520	1.224908
287	1521	1.225714
288	1520	1.224908
289	1521	1.225714
290	1517	1.222491
291	1517	1.222491
292	1520	1.224908
293	1521	1.225714
294	1521	1.225714
295	1520	1.224908
296	1521	1.225714
297	1521	1.225714
298	1521	1.225714
299	1517	1.222491
300	1521	1.225714
301	1520	1.224908
302	1520	1.224908
303	1517	1.222491
304	1520	1.224908
305	1521	1.225714
306	1520	1.224908
307	1517	1.222491
308	1520	1.224908
309	1517	1.222491
310	1517	1.222491
311	1517	1.222491
312	1520	1.224908
313	1521	1.225714
314	1520	1.224908
315	1521	1.225714
316	1520	1.224908
317	1520	1.224908
318	1521	1.225714
319	1520	1.224908
320	1521	1.225714
321	1520	1.224908
322	1520	1.224908
323	1517	1.222491
324	1517	1.222491
325	1521	1.225714
326	1521	1.225714
327	1520	1.224908
328	1517	1.222491
329	1517	1.222491
330	1517	1.222491
331	1517	1.222491
332	1520	1.224908
333	1521	1.225714
334	1520	1.224908
335	1521	1.225714
336	1517	1.222491
337	1520	1.224908
338	1520	1.224908
339	1520	1.224908
340	1520	1.224908
341	1520	1.224908
342	1521	1.225714
343	1517	1.222491
344	1517	1.222491
345	1520	1.224908
346	1521	1.225714
347	1521	1.225714
348	1520	1.224908
349	1517	1.222491
350	1517	1.222491
351	1520	1.224908
352	1520	1.224908
353	1520	1.224908
354	1520	1.224908
355	1520	1.224908
356	1520	1.224908
357	1517	1.222491
358	1520	1.224908
359	1517	1.222491
360	1521	1.225714
361	1517	1.222491
362	1520	1.224908
363	1520	1.224908
364	1521	1.225714
365	1520	1.224908
366	1517	1.222491
367	1520	1.224908
368	1517	1.222491
369	1520	1.224908
370	1521	1.225714
371	1521	1.225714
372	1521	1.225714
373	1520	1.224908
374	1521	1.225714
375	1520	1.224908
376	1517	1.222491
377	1520	1.224908
378	1520	1.224908
379	1521	1.225714
380	1521	1.225714
381	1521	1.225714
382	1521	1.225714
383	1521	1.225714
384	1523	1.227326
385	1520	1.224908
386	1521	1.225714
387	1521	1.225714
388	1520	1.224908
389	1521	1.225714
390	1521	1.225714
391	1521	1.225714
392	1521	1.225714
393	1521	1.225714
394	1520	1.224908
395	1525	1.228938
396	1521	1.225714
397	1521	1.225714
398	1521	1.225714
399	1521	1.225714
400	1521	1.225714
401	1521	1.225714
402	1521	1.225714
403	1521	1.225714
404	1521	1.225714
405	1521	1.225714
406	1520	1.224908
407	1520	1.224908
408	1521	1.225714
409	1521	1.225714
410	1521	1.225714
411	1521	1.225714
412	1521	1.225714
413	1521	1.225714
414	1521	1.225714
415	1521	1.225714
416	1521	1.225714
417	1521	1.225714
418	1521	1.225714
419	1521	1.225714
420	1521	1.225714
421	1521	1.225714
422	1521	1.225714
423	1521	1.225714
424	1521	1.225714
425	1521	1.225714
426	1521	1.225714
427	1521	1.225714
428	1521	1.225714
429	1521	1.225714
430	1521	1.225714
431	1521	1.225714
432	1525	1.228938
433	1521	1.225714
434	1521	1.225714
435	1521	1.225714
436	1521	1.225714
437	1521	1.225714
438	1521	1.225714
439	1521	1.225714
440	1521	1.225714
441	1521	1.225714
442	1521	1.225714
443	1521	1.225714
444	1525	1.228938
445	1523	1.227326
446	1521	1.225714
447	1521	1.225714
448	1521	1.225714
449	1521	1.225714
450	1521	1.225714
451	1521	1.225714
452	1521	1.225714
453	1521	1.225714
454	1521	1.225714
455	1525	1.228938
456	1521	1.225714
457	1521	1.225714
458	1521	1.225714
459	1521	1.225714
460	1521	1.225714
461	1521	1.225714
462	1521	1.225714
463	1521	1.225714
464	1521	1.225714
465	1521	1.225714
466	1521	1.225714
467	1521	1.225714
468	1521	1.225714
469	1521	1.225714
470	1521	1.225714
471	1521	1.225714
472	1525	1.228938
473	1521	1.225714
474	1521	1.225714
475	1521	1.225714
476	1525	1.228938
477	1523	1.227326
478	1521	1.225714
479	1521	1.225714
480	1525	1.228938
481	1521	1.225714
482	1521	1.225714
483	1524	1.228132
484	1525	1.228938
485	1525	1.228938
486	1521	1.225714
487	1525	1.228938
488	1521	1.225714
489	1521	1.225714
490	1525	1.228938
491	1521	1.225714
492	1521	1.225714
493	1525	1.228938
494	1525	1.228938
495	1521	1.225714
496	1523	1.227326
497	1521	1.225714
498	1521	1.225714
499	1525	1.228938
500	1523	1.227326
501	1525	1.228938
502	1525	1.228938
503	1525	1.228938
504	1521	1.225714
505	1521	1.225714
506	1521	1.225714
507	1521	1.225714
508	1521	1.225714
509	1521	1.225714
510	1525	1.228938
511	1528	1.231355
512	1525	1.228938
513	1525	1.228938
514	1525	1.228938
515	1525	1.228938
516	1525	1.228938
517	1525	1.228938
518	1521	1.225714
519	1521	1.225714
520	1525	1.228938
521	1525	1.228938
522	1525	1.228938
523	1524	1.228132
524	1528	1.231355
525	1525	1.228938
526	1525	1.228938
527	1521	1.225714
528	1525	1.228938
529	1521	1.225714
530	1521	1.225714
531	1521	1.225714
532	1525	1.228938
533	1525	1.228938
534	1529	1.232161
535	1523	1.227326
536	1523	1.227326
537	1525	1.228938
538	1525	1.228938
539	1525	1.228938
540	1525	1.228938
541	1528	1.231355
542	1529	1.232161
543	1528	1.231355
544	1528	1.231355
545	1528	1.231355
546	1525	1.228938
547	1525	1.228938
548	1521	1.225714
549	1525	1.228938
550	1525	1.228938
551	1521	1.225714
552	1528	1.231355
553	1525	1.228938
554	1525	1.228938
555	1528	1.231355
556	1525	1.228938
557	1521	1.225714
558	1525	1.228938
559	1525	1.228938
560	1528	1.231355
561	1525	1.228938
562	1525	1.228938
563	1521	1.225714
564	1521	1.225714
565	1525	1.228938
566	1528	1.231355
567	1525	1.228938
568	1528	1.231355
569	1525	1.228938
570	1528	1.231355
571	1528	1.231355
572	1528	1.231355
573	1528	1.231355
574	1525	1.228938
575	1525	1.228938
576	1525	1.228938
577	1521	1.225714
578	1521	1.225714
579	1521	1.225714
580	1528	1.231355
581	1525	1.228938
582	1528	1.231355
583	1525	1.228938
584	1528	1.231355
585	1525	1.228938
586	1528	1.231355
587	1525	1.228938
588	1525	1.228938
589	1525	1.228938
590	1525	1.228938
591	1525	1.228938
592	1528	1.231355
593	1525	1.228938
594	1525	1.228938
595	1525	1.228938
596	1525	1.228938
597	1525	1.228938
598	1521	1.225714
599	1525	1.228938
600	1525	1.228938
601	1525	1.228938
602	1528	1.231355
603	1528	1.231355
604	1528	1.231355
605	1525	1.228938
606	1521	1.225714
607	1525	1.228938
608	1525	1.228938
609	1528	1.231355
610	1525	1.228938
611	1525	1.228938
612	1521	1.225714
613	1528	1.231355
614	1521	1.225714
615	1525	1.228938
616	1525	1.228938
617	1525	1.228938
618	1528	1.231355
619	1525	1.228938
620	1521	1.225714
621	1525	1.228938
622	1525	1.228938
623	1525	1.228938
624	1525	1.228938
625	1525	1.228938
626	1525	1.228938
627	1525	1.228938
628	1528	1.231355
629	1529	1.232161
630	1525	1.228938
631	1521	1.225714
632	1528	1.231355
633	1525	1.228938
634	1521	1.225714
635	1525	1.228938
636	1525	1.228938
637	1528	1.231355
638	1525	1.228938
639	1528	1.231355
640	1521	1.225714
641	1525	1.228938
642	1525	1.228938
643	1521	1.225714
644	1524	1.228132
645	1521	1.225714
646	1525	1.228938
647	1525	1.228938
648	1525	1.228938
649	1525	1.228938
650	1525	1.228938
651	1525	1.228938
652	1525	1.228938
653	1525	1.228938
654	1525	1.228938
655	1528	1.231355
656	1525	1.228938
657	1525	1.228938
658	1528	1.231355
659	1525	1.228938
660	1528	1.231355
661	1529	1.232161
662	1529	1.232161
663	1529	1.232161
664	1528	1.231355
665	1528	1.231355
666	1528	1.231355
667	1528	1.231355
668	1528	1.231355
669	1525	1.228938
670	1528	1.231355
671	1525	1.228938
672	1525	1.228938
673	1525	1.228938
674	1528	1.231355
675	1525	1.228938
676	1525	1.228938
677	1528	1.231355
678	1525	1.228938
679	1528	1.231355
680	1529	1.232161
681	1528	1.231355
682	1525	1.228938
683	1528	1.231355
684	1528	1.231355
685	1529	1.232161
686	1525	1.228938
687	1528	1.231355
688	1528	1.231355
689	1528	1.231355
690	1523	1.227326
691	1525	1.228938
692	1525	1.228938
693	1525	1.228938
694	1525	1.228938
695	1523	1.227326
696	1525	1.228938
697	1525	1.228938
698	1525	1.228938
699	1528	1.231355
700	1525	1.228938
701	1525	1.228938
702	1525	1.228938
703	1528	1.231355
704	1528	1.231355
705	1525	1.228938
706	1525	1.228938
707	1525	1.228938
708	1525	1.228938
709	1525	1.228938
710	1525	1.228938
711	1528	1.231355
712	1528	1.231355
713	1525	1.228938
714	1529	1.232161
715	1528	1.231355
716	1528	1.231355
717	1528	1.231355
718	1525	1.228938
719	1525	1.228938
720	1529	1.232161
721	1529	1.232161
722	1529	1.232161
723	1529	1.232161
724	1529	1.232161
725	1529	1.232161
726	1529	1.232161
727	1529	1.232161
728	1529	1.232161
729	1529	1.232161
730	1528	1.231355
731	1525	1.228938
732	1528	1.231355
733	1528	1.231355
734	1528	1.231355
735	1529	1.232161
736	1528	1.231355
737	1528	1.231355
738	1528	1.231355
739	1528	1.231355
740	1528	1.231355
741	1528	1.231355
742	1529	1.232161
743	1528	1.231355
744	1529	1.232161
745	1528	1.231355
746	1529	1.232161
747	1529	1.232161
748	1529	1.232161
749	1529	1.232161
750	1528	1.231355
751	1528	1.231355
752	1528	1.231355
753	1529	1.232161
754	1529	1.232161
755	1529	1.232161
756	1529	1.232161
757	1529	1.232161
758	1529	1.232161
759	1529	1.232161
760	1531	1.233773
761	1529	1.232161
762	1529	1.232161
763	1529	1.232161
764	1531	1.233773
765	1529	1.232161
766	1529	1.232161
767	1529	1.232161
768	1529	1.232161
769	1529	1.232161
770	1532	1.234579
771	1529	1.232161
772	1533	1.235385
773	1529	1.232161
774	1533	1.235385
775	1529	1.232161
776	1529	1.232161
777	1536	1.237802
778	1529	1.232161
779	1529	1.232161
780	1529	1.232161
781	1529	1.232161
782	1529	1.232161
783	1529	1.232161
784	1529	1.232161
785	1529	1.232161
786	1531	1.233773
787	1529	1.232161
788	1536	1.237802
789	1533	1.235385
790	1536	1.237802
791	1533	1.235385
792	1536	1.237802
793	1529	1.232161
794	1529	1.232161
795	1529	1.232161
796	1536	1.237802
797	1536	1.237802
798	1532	1.234579
799	1536	1.237802
800	1533	1.235385
801	1536	1.237802
802	1529	1.232161
803	1529	1.232161
804	1536	1.237802
805	1529	1.232161
806	1529	1.232161
807	1529	1.232161
808	1528	1.231355
809	1529	1.232161
810	1528	1.231355
811	1536	1.237802
812	1536	1.237802
813	1536	1.237802
814	1536	1.237802
815	1536	1.237802
816	1536	1.237802
817	1529	1.232161
818	1529	1.232161
819	1529	1.232161
820	1536	1.237802
821	1537	1.238608
822	1536	1.237802
823	1536	1.237802
824	1529	1.232161
825	1533	1.235385
826	1536	1.237802
827	1533	1.235385
828	1529	1.232161
829	1529	1.232161
830	1529	1.232161
831	1529	1.232161
832	1533	1.235385
833	1529	1.232161
834	1536	1.237802
835	1536	1.237802
836	1536	1.237802
837	1536	1.237802
838	1536	1.237802
839	1536	1.237802
840	1536	1.237802
841	1536	1.237802
842	1536	1.237802
843	1531	1.233773
844	1536	1.237802
845	1529	1.232161
846	1533	1.235385
847	1529	1.232161
848	1536	1.237802
849	1536	1.237802
850	1536	1.237802
851	1536	1.237802
852	1536	1.237802
853	1536	1.237802
854	1536	1.237802
855	1529	1.232161
856	1529	1.232161
857	1529	1.232161
858	1529	1.232161
859	1533	1.235385
860	1533	1.235385
861	1529	1.232161
862	1533	1.235385
863	1533	1.235385
864	1529	1.232161
865	1529	1.232161
866	1529	1.232161
867	1528	1.231355
868	1529	1.232161
869	1536	1.237802
870	1536	1.237802
871	1536	1.237802
872	1536	1.237802
873	1536	1.237802
874	1536	1.237802
875	1533	1.235385
876	1536	1.237802
877	1536	1.237802
878	1529	1.232161
879	1536	1.237802
880	1536	1.237802
881	1529	1.232161
882	1529	1.232161
883	1531	1.233773
884	1536	1.237802
885	1536	1.237802
886	1536	1.237802
887	1536	1.237802
888	1536	1.237802
889	1537	1.238608
890	1536	1.237802
891	1536	1.237802
892	1536	1.237802
893	1537	1.238608
894	1537	1.238608
895	1536	1.237802
896	1536	1.237802
897	1537	1.238608
898	1536	1.237802
899	1536	1.237802
900	1536	1.237802
901	1536	1.237802
902	1536	1.237802
903	1537	1.238608
904	1536	1.237802
905	1536	1.237802
906	1536	1.237802
907	1536	1.237802
908	1536	1.237802
909	1536	1.237802
910	1537	1.238608
911	1536	1.237802
912	1533	1.235385
913	1533	1.235385
914	1529	1.232161
915	1529	1.232161
916	1533	1.235385
917	1536	1.237802
918	1537	1.238608
919	1536	1.237802
920	1529	1.232161
921	1536	1.237802
922	1536	1.237802
923	1536	1.237802
924	1536	1.237802
925	1536	1.237802
926	1537	1.238608
927	1536	1.237802
928	1533	1.235385
929	1536	1.237802
930	1533	1.235385
931	1529	1.232161
932	1529	1.232161
933	1529	1.232161
934	1529	1.232161
935	1529	1.232161
936	1536	1.237802
937	1536	1.237802
938	1536	1.237802
939	1536	1.237802
940	1536	1.237802
941	1537	1.238608
942	1536	1.237802
943	1536	1.237802
944	1536	1.237802
945	1529	1.232161
946	1536	1.237802
947	1536	1.237802
948	1536	1.237802
949	1536	1.237802
950	1536	1.237802
951	1536	1.237802
952	1529	1.232161
953	1529	1.232161
954	1529	1.232161
955	1529	1.232161
956	1528	1.231355
957	1529	1.232161
958	1529	1.232161
959	1529	1.232161
960	1528	1.231355
961	1529	1.232161
962	1529	1.232161
963	1525	1.228938
964	1525	1.228938
965	1529	1.232161
966	1529	1.232161
967	1529	1.232161
968	1529	1.232161
969	1529	1.232161
970	1529	1.232161
971	1529	1.232161
972	1529	1.232161
973	1529	1.232161
974	1529	1.232161
975	1529	1.232161
976	1529	1.232161
977	1529	1.232161
978	1529	1.232161
979	1529	1.232161
980	1533	1.235385
981	1529	1.232161
982	1529	1.232161
983	1529	1.232161
984	1529	1.232161
985	1529	1.232161
986	1528	1.231355
987	1528	1.231355
988	1529	1.232161
989	1529	1.232161
990	1529	1.232161
991	1529	1.232161
992	1529	1.232161
993	1529	1.232161
994	1531	1.233773
995	1529	1.232161
996	1536	1.237802
997	1529	1.232161
998	1529	1.232161
999	1529	1.232161
1000	1528	1.231355
1001	1528	1.231355
1002	1528	1.231355
1003	1529	1.232161
1004	1528	1.231355
1005	1525	1.228938
1006	1528	1.231355
1007	1525	1.228938
1008	1525	1.228938
1009	1525	1.228938
1010	1525	1.228938
1011	1528	1.231355
1012	1528	1.231355
1013	1529	1.232161
1014	1529	1.232161
1015	1529	1.232161
1016	1529	1.232161
1017	1529	1.232161
1018	1529	1.232161
1019	1529	1.232161
1020	1529	1.232161
1021	1529	1.232161
1022	1529	1.232161
1023	1529	1.232161
1024	1529	1.232161
1025	1528	1.231355
1026	1529	1.232161
1027	1529	1.232161
1028	1529	1.232161
1029	1529	1.232161
1030	1529	1.232161
1031	1529	1.232161
1032	1529	1.232161
1033	1528	1.231355
1034	1529	1.232161
1035	1529	1.232161
1036	1529	1.232161
1037	1529	1.232161
1038	1529	1.232161
1039	1536	1.237802
1040	1529	1.232161
1041	1536	1.237802
1042	1536	1.237802
1043	1536	1.237802
1044	1536	1.237802
1045	1531	1.233773
1046	1536	1.237802
1047	1531	1.233773
1048	1532	1.234579
1049	1536	1.237802
1050	1536	1.237802
1051	1532	1.234579
1052	1536	1.237802
1053	1531	1.233773
1054	1536	1.237802
1055	1533	1.235385
1056	1529	1.232161
1057	1533	1.235385
1058	1529	1.232161
1059	1529	1.232161
1060	1533	1.235385
1061	1529	1.232161
1062	1536	1.237802
1063	1536	1.237802
1064	1537	1.238608
1065	1536	1.237802
1066	1536	1.237802
1067	1536	1.237802
1068	1537	1.238608
1069	1536	1.237802
1070	1536	1.237802
1071	1537	1.238608
1072	1536	1.237802
1073	1537	1.238608
1074	1536	1.237802
1075	1536	1.237802
1076	1536	1.237802
1077	1536	1.237802
1078	1536	1.237802
1079	1531	1.233773
1080	1536	1.237802
1081	1533	1.235385
1082	1533	1.235385
1083	1536	1.237802
1084	1536	1.237802
1085	1536	1.237802
1086	1536	1.237802
1087	1536	1.237802
1088	1536	1.237802
1089	1536	1.237802
1090	1537	1.238608
1091	1536	1.237802
1092	1536	1.237802
1093	1536	1.237802
1094	1536	1.237802
1095	1536	1.237802
1096	1536	1.237802
1097	1536	1.237802
1098	1536	1.237802
1099	1536	1.237802
1100	1536	1.237802
1101	1529	1.232161
1102	1536	1.237802
1103	1536	1.237802
1104	1536	1.237802
1105	1536	1.237802
1106	1536	1.237802
1107	1536	1.237802
1108	1533	1.235385
1109	1533	1.235385
1110	1529	1.232161
1111	1536	1.237802
1112	1536	1.237802
1113	1536	1.237802
1114	1536	1.237802
1115	1537	1.238608
1116	1536	1.237802
1117	1533	1.235385
1118	1536	1.237802
1119	1536	1.237802
1120	1536	1.237802
1121	1533	1.235385
1122	1536	1.237802
1123	1536	1.237802
1124	1536	1.237802
1125	1536	1.237802
1126	1536	1.237802
1127	1529	1.232161
1128	1529	1.232161
1129	1529	1.232161
1130	1536	1.237802
1131	1536	1.237802
1132	1537	1.238608
1133	1536	1.237802
1134	1536	1.237802
1135	1536	1.237802
1136	1536	1.237802
1137	1529	1.232161
1138	1533	1.235385
1139	1529	1.232161
1140	1529	1.232161
1141	1529	1.232161
1142	1529	1.232161
1143	1529	1.232161
1144	1529	1.232161
1145	1536	1.237802
1146	1531	1.233773
1147	1529	1.232161
1148	1529	1.232161
1149	1533	1.235385
1150	1532	1.234579
1151	1533	1.235385
1152	1529	1.232161
1153	1529	1.232161
1154	1536	1.237802
1155	1536	1.237802
1156	1536	1.237802
1157	1536	1.237802
1158	1536	1.237802
1159	1536	1.237802
1160	1529	1.232161
1161	1529	1.232161
1162	1529	1.232161
1163	1532	1.234579
1164	1529	1.232161
1165	1529	1.232161
1166	1529	1.232161
1167	1529	1.232161
1168	1532	1.234579
1169	1536	1.237802
1170	1536	1.237802
1171	1537	1.238608
1172	1533	1.235385
1173	1536	1.237802
1174	1536	1.237802
1175	1536	1.237802
1176	1536	1.237802
1177	1536	1.237802
1178	1536	1.237802
1179	1533	1.235385
1180	1536	1.237802
1181	1531	1.233773
1182	1536	1.237802
1183	1533	1.235385
1184	1536	1.237802
1185	1536	1.237802
1186	1536	1.237802
1187	1536	1.237802
1188	1536	1.237802
1189	1536	1.237802
1190	1529	1.232161
1191	1536	1.237802
1192	1536	1.237802
1193	1536	1.237802
1194	1536	1.237802
1195	1536	1.237802
1196	1536	1.237802
1197	1536	1.237802
1198	1536	1.237802
1199	1537	1.238608
1200	1536	1.237802
1201	1537	1.238608
1202	1536	1.237802
1203	1536	1.237802
1204	1536	1.237802
1205	1536	1.237802
1206	1536	1.237802
1207	1537	1.238608
1208	1537	1.238608
1209	1533	1.235385
1210	1529	1.232161
1211	1529	1.232161
1212	1529	1.232161
1213	1529	1.232161
1214	1533	1.235385
1215	1529	1.232161
1216	1536	1.237802
1217	1536	1.237802
1218	1537	1.238608
1219	1536	1.237802
1220	1536	1.237802
1221	1536	1.237802
1222	1536	1.237802
1223	1533	1.235385
1224	1536	1.237802
1225	1536	1.237802
1226	1536	1.237802
1227	1536	1.237802
1228	1536	1.237802
1229	1537	1.238608
1230	1537	1.238608
1231	1536	1.237802
1232	1537	1.238608
1233	1536	1.237802
1234	1536	1.237802
1235	1537	1.238608
1236	1537	1.238608
1237	1537	1.238608
1238	1536	1.237802
1239	1537	1.238608
1240	1537	1.238608
1241	1537	1.238608
1242	1537	1.238608
1243	1537	1.238608
1244	1537	1.238608
1245	1536	1.237802
1246	1536	1.237802
1247	1537	1.238608
1248	1537	1.238608
1249	1536	1.237802
1250	1536	1.237802
1251	1536	1.237802
1252	1536	1.237802
1253	1536	1.237802
1254	1536	1.237802
1255	1536	1.237802
1256	1536	1.237802
1257	1536	1.237802
1258	1536	1.237802
1259	1537	1.238608
1260	1536	1.237802
1261	1537	1.238608
1262	1536	1.237802
1263	1537	1.238608
1264	1536	1.237802
1265	1536	1.237802
1266	1537	1.238608
1267	1536	1.237802
1268	1536	1.237802
1269	1537	1.238608
1270	1537	1.238608
1271	1536	1.237802
1272	1536	1.237802
1273	1536	1.237802
1274	1537	1.238608
1275	1537	1.238608
1276	1537	1.238608
1277	1537	1.238608
1278	1541	1.241832
1279	1539	1.240220
1280	1537	1.238608
1281	1537	1.238608
1282	1537	1.238608
1283	1536	1.237802
1284	1536	1.237802
1285	1536	1.237802
1286	1537	1.238608
1287	1536	1.237802
1288	1536	1.237802
1289	1537	1.238608
1290	1537	1.238608
1291	1536	1.237802
1292	1536	1.237802
1293	1536	1.237802
1294	1536	1.237802
1295	1536	1.237802
1296	1531	1.233773
1297	1529	1.232161
1298	1536	1.237802
1299	1537	1.238608
1300	1536	1.237802
1301	1537	1.238608
1302	1537	1.238608
1303	1537	1.238608
1304	1537	1.238608
1305	1537	1.238608
1306	1537	1.238608
1307	1537	1.238608
1308	1536	1.237802
1309	1536	1.237802
1310	1536	1.237802
1311	1537	1.238608
1312	1537	1.238608
1313	1536	1.237802
1314	1537	1.238608
1315	1537	1.238608
1316	1537	1.238608
1317	1537	1.238608
1318	1537	1.238608
1319	1537	1.238608
1320	1537	1.238608
1321	1537	1.238608
1322	1537	1.238608
1323	1537	1.238608
1324	1537	1.238608
1325	1536	1.237802
1326	1537	1.238608
1327	1537	1.238608
1328	1537	1.238608
1329	1536	1.237802
1330	1537	1.238608
1331	1536	1.237802
1332	1536	1.237802
1333	1533	1.235385
1334	1533	1.235385
1335	1536	1.237802
1336	1537	1.238608
1337	1537	1.238608
1338	1537	1.238608
1339	1537	1.238608
1340	1537	1.238608
1341	1536	1.237802
1342	1536	1.237802
1343	1537	1.238608
1344	1537	1.238608
1345	1537	1.238608
1346	1536	1.237802
1347	1536	1.237802
1348	1537	1.238608
1349	1537	1.238608
1350	1536	1.237802
1351	1540	1.241026
1352	1544	1.244249
1353	1541	1.241832
1354	1537	1.238608
1355	1537	1.238608
1356	1537	1.238608
1357	1537	1.238608
1358	1536	1.237802
1359	1537	1.238608
1360	1537	1.238608
1361	1537	1.238608
1362	1536	1.237802
1363	1537	1.238608
1364	1537	1.238608
1365	1537	1.238608
1366	1537	1.238608
1367	1537	1.238608
1368	1537	1.238608
1369	1537	1.238608
1370	1537	1.238608
1371	1537	1.238608
1372	1537	1.238608
1373	1537	1.238608
1374	1537	1.238608
1375	1537	1.238608
1376	1540	1.241026
1377	1541	1.241832
1378	1541	1.241832
1379	1537	1.238608
1380	1541	1.241832
1381	1541	1.241832
1382	1537	1.238608
1383	1541	1.241832
1384	1537	1.238608
1385	1541	1.241832
1386	1537	1.238608
1387	1541	1.241832
1388	1541	1.241832
1389	1544	1.244249
1390	1537	1.238608
1391	1537	1.238608
1392	1537	1.238608
1393	1541	1.241832
1394	1541	1.241832
1395	1541	1.241832
1396	1545	1.245055
1397	1541	1.241832
1398	1541	1.241832
1399	1541	1.241832
1400	1537	1.238608
1401	1541	1.241832
1402	1537	1.238608
1403	1544	1.244249
1404	1544	1.244249
1405	1544	1.244249
1406	1541	1.241832
1407	1544	1.244249
1408	1544	1.244249
1409	1545	1.245055
1410	1545	1.245055
1411	1544	1.244249
1412	1545	1.245055
1413	1545	1.245055
1414	1545	1.245055
1415	1545	1.245055
1416	1544	1.244249
1417	1544	1.244249
1418	1541	1.241832
1419	1541	1.241832
1420	1541	1.241832
1421	1541	1.241832
1422	1544	1.244249
1423	1544	1.244249
1424	1545	1.245055
1425	1544	1.244249
1426	1545	1.245055
1427	1545	1.245055
1428	1544	1.244249
1429	1541	1.241832
1430	1544	1.244249
1431	1541	1.241832
1432	1544	1.244249
1433	1544	1.244249
1434	1545	1.245055
1435	1545	1.245055
1436	1545	1.245055
1437	1545	1.245055
1438	1545	1.245055
1439	1545	1.245055
1440	1548	1.247473
1441	1548	1.247473
1442	1545	1.245055
1443	1549	1.248278
1444	1549	1.248278
1445	1545	1.245055
1446	1549	1.248278
1447	1545	1.245055
1448	1545	1.245055
1449	1544	1.244249
1450	1545	1.245055
1451	1545	1.245055
1452	1545	1.245055
1453	1544	1.244249
1454	1545	1.245055
1455	1545	1.245055
1456	1545	1.245055
1457	1549	1.248278
1458	1545	1.245055
1459	1545	1.245055
1460	1549	1.248278
1461	1549	1.248278
1462	1545	1.245055
1463	1549	1.248278
1464	1545	1.245055
1465	1545	1.245055
1466	1545	1.245055
1467	1549	1.248278
1468	1549	1.248278
1469	1545	1.245055
1470	1549	1.248278
1471	1544	1.244249
1472	1549	1.248278
1473	1545	1.245055
1474	1549	1.248278
1475	1549	1.248278
1476	1545	1.245055
1477	1545	1.245055
1478	1545	1.245055
1479	1545	1.245055
1480	1549	1.248278
1481	1545	1.245055
1482	1545	1.245055
1483	1549	1.248278
1484	1548	1.247473
1485	1548	1.247473
1486	1552	1.250696
1487	1549	1.248278
1488	1549	1.248278
1489	1549	1.248278
1490	1549	1.248278
1491	1552	1.250696
1492	1549	1.248278
1493	1549	1.248278
1494	1545	1.245055
1495	1549	1.248278
1496	1549	1.248278
1497	1549	1.248278
1498	1545	1.245055
1499	1549	1.248278
1500	1545	1.245055
1501	1545	1.245055
1502	1545	1.245055
1503	1549	1.248278
1504	1545	1.245055
1505	1549	1.248278
1506	1545	1.245055
1507	1545	1.245055
1508	1545	1.245055
1509	1552	1.250696
1510	1552	1.250696
1511	1552	1.250696
1512	1552	1.250696
1513	1549	1.248278
1514	1545	1.245055
1515	1549	1.248278
1516	1552	1.250696
1517	1545	1.245055
1518	1549	1.248278
1519	1549	1.248278
1520	1552	1.250696
1521	1553	1.251502
1522	1553	1.251502
1523	1553	1.251502
1524	1553	1.251502
1525	1553	1.251502
1526	1553	1.251502
1527	1557	1.254725
1528	1552	1.250696
1529	1552	1.250696
1530	1553	1.251502
1531	1553	1.251502
1532	1553	1.251502
1533	1553	1.251502
1534	1552	1.250696
1535	1553	1.251502
1536	1553	1.251502
1537	1553	1.251502
1538	1553	1.251502
1539	1553	1.251502
1540	1553	1.251502
1541	1553	1.251502
1542	1553	1.251502
1543	1553	1.251502
1544	1553	1.251502
1545	1553	1.251502
1546	1552	1.250696
1547	1553	1.251502
1548	1549	1.248278
1549	1552	1.250696
1550	1553	1.251502
1551	1553	1.251502
1552	1552	1.250696
1553	1553	1.251502
1554	1552	1.250696
1555	1553	1.251502
1556	1549	1.248278
1557	1552	1.250696
1558	1552	1.250696
1559	1553	1.251502
1560	1553	1.251502
1561	1553	1.251502
1562	1553	1.251502
1563	1557	1.254725
1564	1553	1.251502
1565	1553	1.251502
1566	1553	1.251502
1567	1557	1.254725
1568	1560	1.257143
1569	1555	1.253114
1570	1553	1.251502
1571	1553	1.251502
1572	1553	1.251502
1573	1553	1.251502
1574	1553	1.251502
1575	1553	1.251502
1576	1553	1.251502
1577	1555	1.253114
1578	1557	1.254725
1579	1553	1.251502
1580	1553	1.251502
1581	1556	1.253919
1582	1553	1.251502
1583	1556	1.253919
1584	1555	1.253114
1585	1557	1.254725
1586	1553	1.251502
1587	1555	1.253114
1588	1553	1.251502
1589	1557	1.254725
1590	1553	1.251502
1591	1557	1.254725
1592	1553	1.251502
1593	1553	1.251502
1594	1553	1.251502
1595	1557	1.254725
1596	1557	1.254725
1597	1557	1.254725
1598	1557	1.254725
1599	1560	1.257143
1600	1553	1.251502
1601	1557	1.254725
1602	1557	1.254725
1603	1557	1.254725
1604	1557	1.254725
1605	1557	1.254725
1606	1561	1.257949
1607	1557	1.254725
1608	1557	1.254725
1609	1557	1.254725
1610	1560	1.257143
1611	1560	1.257143
1612	1561	1.257949
1613	1560	1.257143
1614	1561	1.257949
1615	1561	1.257949
1616	1561	1.257949
1617	1553	1.251502
1618	1557	1.254725
1619	1561	1.257949
1620	1560	1.257143
1621	1557	1.254725
1622	1553	1.251502
1623	1557	1.254725
1624	1553	1.251502
1625	1557	1.254725
1626	1557	1.254725
1627	1557	1.254725
1628	1561	1.257949
1629	1555	1.253114
1630	1557	1.254725
1631	1560	1.257143
1632	1557	1.254725
1633	1561	1.257949
1634	1557	1.254725
1635	1560	1.257143
1636	1557	1.254725
1637	1553	1.251502
1638	1557	1.254725
1639	1560	1.257143
1640	1560	1.257143
1641	1557	1.254725
1642	1557	1.254725
1643	1561	1.257949
1644	1553	1.251502
1645	1560	1.257143
1646	1560	1.257143
1647	1557	1.254725
1648	1557	1.254725
1649	1553	1.251502
1650	1560	1.257143
1651	1561	1.257949
1652	1557	1.254725
1653	1557	1.254725
1654	1557	1.254725
1655	1557	1.254725
1656	1561	1.257949
1657	1557	1.254725
1658	1560	1.257143
1659	1561	1.257949
1660	1557	1.254725
1661	1557	1.254725
1662	1560	1.257143
1663	1557	1.254725
1664	1561	1.257949
1665	1560	1.257143
1666	1557	1.254725
1667	1557	1.254725
1668	1557	1.254725
1669	1557	1.254725
1670	1557	1.254725
1671	1555	1.253114
1672	1557	1.254725
1673	1553	1.251502
1674	1557	1.254725
1675	1557	1.254725
1676	1553	1.251502
1677	1561	1.257949
1678	1553	1.251502
1679	1557	1.254725
1680	1553	1.251502
1681	1553	1.251502
1682	1553	1.251502
1683	1553	1.251502
1684	1553	1.251502
1685	1553	1.251502
1686	1553	1.251502
1687	1553	1.251502
1688	1555	1.253114
1689	1553	1.251502
1690	1553	1.251502
1691	1553	1.251502
1692	1553	1.251502
1693	1557	1.254725
1694	1553	1.251502
1695	1557	1.254725
1696	1553	1.251502
1697	1553	1.251502
1698	1557	1.254725
1699	1553	1.251502
1700	1553	1.251502
1701	1553	1.251502
1702	1555	1.253114
1703	1553	1.251502
1704	1553	1.251502
1705	1553	1.251502
1706	1553	1.251502
1707	1552	1.250696
1708	1545	1.245055
1709	1545	1.245055
1710	1549	1.248278
1711	1552	1.250696
1712	1552	1.250696
1713	1549	1.248278
1714	1553	1.251502
1715	1549	1.248278
1716	1552	1.250696
1717	1552	1.250696
1718	1557	1.254725
1719	1553	1.251502
1720	1557	1.254725
1721	1553	1.251502
1722	1557	1.254725
1723	1553	1.251502
1724	1553	1.251502
1725	1553	1.251502
1726	1553	1.251502
1727	1553	1.251502
1728	1553	1.251502
1729	1553	1.251502
1730	1553	1.251502
1731	1553	1.251502
1732	1553	1.251502
1733	1557	1.254725
1734	1553	1.251502
1735	1553	1.251502
1736	1552	1.250696
1737	1549	1.248278
1738	1545	1.245055
1739	1545	1.245055
1740	1545	1.245055
1741	1552	1.250696
1742	1552	1.250696
1743	1545	1.245055
1744	1541	1.241832
1745	1537	1.238608
1746	1537	1.238608
1747	1541	1.241832
1748	1544	1.244249
1749	1539	1.240220
1750	1541	1.241832
1751	1537	1.238608
1752	1537	1.238608
1753	1537	1.238608
1754	1541	1.241832
1755	1541	1.241832
1756	1545	1.245055
1757	1545	1.245055
1758	1544	1.244249
1759	1537	1.238608
1760	1541	1.241832
1761	1544	1.244249
1762	1545	1.245055
1763	1544	1.244249
1764	1541	1.241832
1765	1537	1.238608
1766	1537	1.238608
1767	1537	1.238608
1768	1544	1.244249
1769	1537	1.238608
1770	1536	1.237802
1771	1533	1.235385
1772	1529	1.232161
1773	1541	1.241832
1774	1545	1.245055
1775	1545	1.245055
1776	1545	1.245055
1777	1541	1.241832
1778	1541	1.241832
1779	1544	1.244249
1780	1545	1.245055
1781	1545	1.245055
1782	1549	1.248278
1783	1545	1.245055
1784	1545	1.245055
1785	1545	1.245055
1786	1544	1.244249
1787	1537	1.238608
1788	1541	1.241832
1789	1541	1.241832
1790	1541	1.241832
1791	1541	1.241832
1792	1541	1.241832
1793	1541	1.241832
1794	1537	1.238608
1795	1536	1.237802
1796	1537	1.238608
1797	1537	1.238608
1798	1541	1.241832
1799	1545	1.245055
1800	1545	1.245055
1801	1549	1.248278
1802	1547	1.246667
1803	1545	1.245055
1804	1541	1.241832
1805	1541	1.241832
1806	1537	1.238608
1807	1541	1.241832
1808	1537	1.238608
1809	1537	1.238608
1810	1540	1.241026
1811	1539	1.240220
1812	1544	1.244249
1813	1545	1.245055
1814	1549	1.248278
1815	1545	1.245055
1816	1544	1.244249
1817	1541	1.241832
1818	1536	1.237802
1819	1529	1.232161
1820	1536	1.237802
1821	1537	1.238608
1822	1544	1.244249
1823	1541	1.241832
1824	1545	1.245055
1825	1545	1.245055
1826	1552	1.250696
1827	1553	1.251502
1828	1549	1.248278
1829	1545	1.245055
1830	1545	1.245055
1831	1541	1.241832
1832	1537	1.238608
1833	1537	1.238608
1834	1537	1.238608
1835	1537	1.238608
1836	1537	1.238608
1837	1537	1.238608
1838	1541	1.241832
1839	1545	1.245055
1840	1545	1.245055
1841	1545	1.245055
1842	1545	1.245055
1843	1545	1.245055
1844	1549	1.248278
1845	1552	1.250696
1846	1552	1.250696
1847	1545	1.245055
1848	1537	1.238608
1849	1536	1.237802
1850	1529	1.232161
1851	1533	1.235385
1852	1533	1.235385
1853	1536	1.237802
1854	1537	1.238608
1855	1544	1.244249
1856	1545	1.245055
1857	1547	1.246667
1858	1545	1.245055
1859	1549	1.248278
1860	1545	1.245055
1861	1541	1.241832
1862	1541	1.241832
1863	1549	1.248278
1864	1545	1.245055
1865	1545	1.245055
1866	1545	1.245055
1867	1545	1.245055
1868	1544	1.244249
1869	1537	1.238608
1870	1544	1.244249
1871	1544	1.244249
1872	1545	1.245055
1873	1545	1.245055
1874	1549	1.248278
1875	1545	1.245055
1876	1545	1.245055
1877	1544	1.244249
1878	1547	1.246667
1879	1545	1.245055
1880	1545	1.245055
1881	1545	1.245055
1882	1544	1.244249
1883	1544	1.244249
1884	1545	1.245055
1885	1549	1.248278
1886	1548	1.247473
1887	1545	1.245055
1888	1545	1.245055
1889	1549	1.248278
1890	1552	1.250696
1891	1553	1.251502
1892	1553	1.251502
1893	1552	1.250696
1894	1553	1.251502
1895	1553	1.251502
1896	1552	1.250696
1897	1552	1.250696
1898	1553	1.251502
1899	1552	1.250696
1900	1545	1.245055
1901	1545	1.245055
1902	1549	1.248278
1903	1541	1.241832
1904	1541	1.241832
1905	1541	1.241832
1906	1545	1.245055
1907	1544	1.244249
1908	1544	1.244249
1909	1552	1.250696
1910	1553	1.251502
1911	1555	1.253114
1912	1553	1.251502
1913	1553	1.251502
1914	1552	1.250696
1915	1553	1.251502
1916	1553	1.251502
1917	1553	1.251502
1918	1545	1.245055
1919	1545	1.245055
1920	1545	1.245055
1921	1549	1.248278
1922	1553	1.251502
1923	1552	1.250696
1924	1553	1.251502
1925	1553	1.251502
1926	1553	1.251502
1927	1553	1.251502
1928	1553	1.251502
1929	1557	1.254725
1930	1552	1.250696
1931	1545	1.245055
1932	1541	1.241832
1933	1545	1.245055
1934	1549	1.248278
1935	1549	1.248278
1936	1549	1.248278
1937	1553	1.251502
1938	1557	1.254725
1939	1557	1.254725
1940	1557	1.254725
1941	1553	1.251502
1942	1553	1.251502
1943	1553	1.251502
1944	1553	1.251502
1945	1557	1.254725
1946	1560	1.257143
1947	1557	1.254725
1948	1560	1.257143
1949	1553	1.251502
1950	1555	1.253114
1951	1552	1.250696
1952	1549	1.248278
1953	1553	1.251502
1954	1552	1.250696
1955	1553	1.251502
1956	1557	1.254725
1957	1560	1.257143
1958	1557	1.254725
1959	1557	1.254725
1960	1560	1.257143
1961	1557	1.254725
1962	1561	1.257949
1963	1561	1.257949
1964	1561	1.257949
1965	1553	1.251502
1966	1557	1.254725
1967	1561	1.257949
1968	1561	1.257949
1969	1561	1.257949
1970	1557	1.254725
1971	1553	1.251502
1972	1553	1.251502
1973	1557	1.254725
1974	1561	1.257949
1975	1565	1.261172
1976	1560	1.257143
1977	1560	1.257143
1978	1561	1.257949
1979	1565	1.261172
1980	1561	1.257949
1981	1561	1.257949
1982	1557	1.254725
1983	1552	1.250696
1984	1553	1.251502
1985	1553	1.251502
1986	1553	1.251502
1987	1560	1.257143
1988	1560	1.257143
1989	1561	1.257949
1990	1561	1.257949
1991	1557	1.254725
1992	1557	1.254725
1993	1557	1.254725
1994	1561	1.257949
1995	1561	1.257949
1996	1553	1.251502
1997	1561	1.257949
1998	1565	1.261172
1999	1565	1.261172
2000	1561	1.257949
2001	1553	1.251502
2002	1553	1.251502
2003	1553	1.251502
2004	1553	1.251502
2005	1553	1.251502
2006	1553	1.251502
2007	1561	1.257949
2008	1561	1.257949
2009	1565	1.261172
2010	1567	1.262784
2011	1565	1.261172
2012	1565	1.261172
2013	1565	1.261172
2014	1565	1.261172
2015	1565	1.261172
2016	1565	1.261172
2017	1565	1.261172
2018	1561	1.257949
2019	1561	1.257949
2020	1561	1.257949
2021	1565	1.261172
2022	1565	1.261172
2023	1561	1.257949
2024	1557	1.254725
2025	1557	1.254725
2026	1560	1.257143
2027	1561	1.257949
2028	1561	1.257949
2029	1561	1.257949
2030	1561	1.257949
2031	1561	1.257949
2032	1561	1.257949
2033	1557	1.254725
2034	1565	1.261172
2035	1565	1.261172
2036	1565	1.261172
2037	1565	1.261172
2038	1561	1.257949
2039	1564	1.260366
2040	1565	1.261172
2041	1565	1.261172
2042	1567	1.262784
2043	1561	1.257949
2044	1560	1.257143
2045	1561	1.257949
2046	1567	1.262784
2047	1573	1.267619
2048	1576	1.270037
2049	1577	1.270842
2050	1576	1.270037
2051	1569	1.264396
2052	1565	1.261172
2053	1567	1.262784
2054	1573	1.267619
2055	1573	1.267619
2056	1576	1.270037
2057	1576	1.270037
2058	1567	1.262784
2059	1565	1.261172
2060	1565	1.261172
2061	1565	1.261172
2062	1565	1.261172
2063	1565	1.261172
2064	1565	1.261172
2065	1565	1.261172
2066	1567	1.262784
2067	1563	1.259560
2068	1565	1.261172
2069	1567	1.262784
2070	1573	1.267619
2071	1573	1.267619
2072	1576	1.270037
2073	1567	1.262784
2074	1567	1.262784
2075	1577	1.270842
2076	1577	1.270842
2077	1577	1.270842
2078	1581	1.274066
2079	1577	1.270842
2080	1576	1.270037
2081	1573	1.267619
2082	1576	1.270037
2083	1576	1.270037
2084	1577	1.270842
2085	1576	1.270037
2086	1577	1.270842
2087	1567	1.262784
2088	1567	1.262784
2089	1569	1.264396
2090	1569	1.264396
2091	1569	1.264396
2092	1576	1.270037
2093	1573	1.267619
2094	1577	1.270842
2095	1577	1.270842
2096	1581	1.274066
2097	1581	1.274066
2098	1577	1.270842
2099	1577	1.270842
2100	1577	1.270842
2101	1577	1.270842
2102	1577	1.270842
2103	1577	1.270842
2104	1584	1.276484
2105	1585	1.277289
2106	1584	1.276484
2107	1584	1.276484
2108	1581	1.274066
2109	1577	1.270842
2110	1577	1.270842
2111	1576	1.270037
2112	1569	1.264396
2113	1567	1.262784
2114	1571	1.266007
2115	1576	1.270037
2116	1577	1.270842
2117	1577	1.270842
2118	1577	1.270842
2119	1576	1.270037
2120	1569	1.264396
2121	1565	1.261172
2122	1567	1.262784
2123	1577	1.270842
2124	1581	1.274066
2125	1581	1.274066
2126	1581	1.274066
2127	1577	1.270842
2128	1577	1.270842
2129	1577	1.270842
2130	1577	1.270842
2131	1581	1.274066
2132	1581	1.274066
2133	1581	1.274066
2134	1581	1.274066
2135	1585	1.277289
2136	1585	1.277289
2137	1589	1.280513
2138	1589	1.280513
2139	1584	1.276484
2140	1585	1.277289
2141	1584	1.276484
2142	1584	1.276484
2143	1577	1.270842
2144	1577	1.270842
2145	1581	1.274066
2146	1584	1.276484
2147	1584	1.276484
2148	1577	1.270842
2149	1577	1.270842
2150	1580	1.273260
2151	1577	1.270842
2152	1581	1.274066
2153	1580	1.273260
2154	1584	1.276484
2155	1584	1.276484
2156	1581	1.274066
2157	1584	1.276484
2158	1585	1.277289
2159	1584	1.276484
2160	1584	1.276484
2161	1584	1.276484
2162	1584	1.276484
2163	1584	1.276484
2164	1584	1.276484
2165	1584	1.276484
2166	1585	1.277289
2167	1585	1.277289
2168	1589	1.280513
2169	1585	1.277289
2170	1584	1.276484
2171	1585	1.277289
2172	1585	1.277289
2173	1589	1.280513
2174	1585	1.277289
2175	1585	1.277289
2176	1585	1.277289
2177	1585	1.277289
2178	1585	1.277289
2179	1585	1.277289
2180	1592	1.282930
2181	1585	1.277289
2182	1589	1.280513
2183	1592	1.282930
2184	1593	1.283736
2185	1593	1.283736
2186	1592	1.282930
2187	1589	1.280513
2188	1589	1.280513
2189	1592	1.282930
2190	1589	1.280513
2191	1592	1.282930
2192	1592	1.282930
2193	1593	1.283736
2194	1589	1.280513
2195	1585	1.277289
2196	1589	1.280513
2197	1585	1.277289
2198	1593	1.283736
2199	1589	1.280513
2200	1585	1.277289
2201	1592	1.282930
2202	1592	1.282930
2203	1589	1.280513
2204	1589	1.280513
2205	1592	1.282930
2206	1589	1.280513
2207	1589	1.280513
2208	1585	1.277289
2209	1585	1.277289
2210	1592	1.282930
2211	1589	1.280513
2212	1585	1.277289
2213	1585	1.277289
2214	1584	1.276484
2215	1585	1.277289
2216	1585	1.277289
2217	1585	1.277289
2218	1592	1.282930
2219	1592	1.282930
2220	1592	1.282930
2221	1593	1.283736
2222	1593	1.283736
2223	1593	1.283736
2224	1593	1.283736
2225	1592	1.282930
2226	1592	1.282930
2227	1593	1.283736
2228	1593	1.283736
2229	1593	1.283736
2230	1597	1.286960
2231	1597	1.286960
2232	1597	1.286960
2233	1597	1.286960
2234	1597	1.286960
2235	1597	1.286960
2236	1601	1.290183
2237	1601	1.290183
2238	1608	1.295824
2239	1597	1.286960
2240	1601	1.290183
2241	1605	1.293407
2242	1601	1.290183
2243	1601	1.290183
2244	1597	1.286960
2245	1593	1.283736
2246	1593	1.283736
2247	1599	1.288571
2248	1601	1.290183
2249	1601	1.290183
2250	1599	1.288571
2251	1599	1.288571
2252	1601	1.290183
2253	1599	1.288571
2254	1597	1.286960
2255	1601	1.290183
2256	1597	1.286960
2257	1601	1.290183
2258	1601	1.290183
2259	1601	1.290183
2260	1601	1.290183
2261	1605	1.293407
2262	1608	1.295824
2263	1608	1.295824
2264	1609	1.296630
2265	1608	1.295824
2266	1609	1.296630
2267	1605	1.293407
2268	1601	1.290183
2269	1605	1.293407
2270	1605	1.293407
2271	1601	1.290183
2272	1605	1.293407
2273	1601	1.290183
2274	1601	1.290183
2275	1605	1.293407
2276	1608	1.295824
2277	1605	1.293407
2278	1609	1.296630
2279	1605	1.293407
2280	1609	1.296630
2281	1609	1.296630
2282	1609	1.296630
2283	1609	1.296630
2284	1613	1.299853
2285	1611	1.298242
2286	1609	1.296630
2287	1609	1.296630
2288	1609	1.296630
2289	1605	1.293407
2290	1605	1.293407
2291	1605	1.293407
2292	1609	1.296630
2293	1616	1.302271
2294	1608	1.295824
2295	1609	1.296630
2296	1617	1.303077
2297	1613	1.299853
2298	1609	1.296630
2299	1613	1.299853
2300	1609	1.296630
2301	1609	1.296630
2302	1609	1.296630
2303	1613	1.299853
2304	1609	1.296630
2305	1613	1.299853
2306	1609	1.296630
2307	1613	1.299853
2308	1613	1.299853
2309	1609	1.296630
2310	1613	1.299853
2311	1613	1.299853
2312	1616	1.302271
2313	1617	1.303077
2314	1617	1.303077
2315	1613	1.299853
2316	1617	1.303077
2317	1617	1.303077
2318	1616	1.302271
2319	1617	1.303077
2320	1621	1.306300
2321	1617	1.303077
2322	1617	1.303077
2323	1617	1.303077
2324	1617	1.303077
2325	1617	1.303077
2326	1617	1.303077
2327	1617	1.303077
2328	1616	1.302271
2329	1617	1.303077
2330	1617	1.303077
2331	1617	1.303077
2332	1621	1.306300
2333	1617	1.303077
2334	1621	1.306300
2335	1621	1.306300
2336	1624	1.308718
2337	1621	1.306300
2338	1617	1.303077
2339	1621	1.306300
2340	1621	1.306300
2341	1621	1.306300
2342	1621	1.306300
2343	1617	1.303077
2344	1624	1.308718
2345	1621	1.306300
2346	1617	1.303077
2347	1621	1.306300
2348	1625	1.309524
2349	1625	1.309524
2350	1625	1.309524
2351	1625	1.309524
2352	1617	1.303077
2353	1620	1.305495
2354	1625	1.309524
2355	1625	1.309524
2356	1625	1.309524
2357	1621	1.306300
2358	1624	1.308718
2359	1621	1.306300
2360	1617	1.303077
2361	1625	1.309524
2362	1625	1.309524
2363	1624	1.308718
2364	1625	1.309524
2365	1624	1.308718
2366	1625	1.309524
2367	1625	1.309524
2368	1624	1.308718
2369	1629	1.312747
2370	1625	1.309524
2371	1624	1.308718
2372	1621	1.306300
2373	1625	1.309524
2374	1625	1.309524
2375	1625	1.309524
2376	1625	1.309524
2377	1625	1.309524
2378	1631	1.314359
2379	1625	1.309524
2380	1625	1.309524
2381	1625	1.309524
2382	1625	1.309524
2383	1625	1.309524
2384	1629	1.312747
2385	1625	1.309524
2386	1629	1.312747
2387	1633	1.315971
2388	1625	1.309524
2389	1629	1.312747
2390	1625	1.309524
2391	1629	1.312747
2392	1629	1.312747
2393	1625	1.309524
2394	1629	1.312747
2395	1625	1.309524
2396	1629	1.312747
2397	1625	1.309524
2398	1624	1.308718
2399	1629	1.312747
2400	1629	1.312747
2401	1625	1.309524
2402	1629	1.312747
2403	1625	1.309524
2404	1631	1.314359
2405	1629	1.312747
2406	1629	1.312747
2407	1629	1.312747
2408	1628	1.311941
2409	1625	1.309524
2410	1625	1.309524
2411	1625	1.309524
2412	1625	1.309524
2413	1629	1.312747
2414	1629	1.312747
2415	1625	1.309524
2416	1629	1.312747
2417	1629	1.312747
2418	1629	1.312747
2419	1629	1.312747
2420	1629	1.312747
2421	1629	1.312747
2422	1631	1.314359
2423	1625	1.309524
2424	1629	1.312747
2425	1629	1.312747
2426	1633	1.315971
2427	1629	1.312747
2428	1633	1.315971
2429	1631	1.314359
2430	1631	1.314359
2431	1629	1.312747
2432	1625	1.309524
2433	1625	1.309524
2434	1629	1.312747
2435	1629	1.312747
2436	1629	1.312747
2437	1629	1.312747
2438	1633	1.315971
2439	1637	1.319194
2440	1633	1.315971
2441	1629	1.312747
2442	1631	1.314359
2443	1625	1.309524
2444	1629	1.312747
2445	1631	1.314359
2446	1629	1.312747
2447	1629	1.312747
2448	1625	1.309524
2449	1629	1.312747
2450	1625	1.309524
2451	1631	1.314359
2452	1629	1.312747
2453	1633	1.315971
2454	1629	1.312747
2455	1631	1.314359
2456	1625	1.309524
2457	1629	1.312747
2458	1631	1.314359
2459	1625	1.309524
2460	1631	1.314359
2461	1629	1.312747
2462	1625	1.309524
2463	1625	1.309524
2464	1629	1.312747
2465	1625	1.309524
2466	1629	1.312747
2467	1624	1.308718
2468	1625	1.309524
2469	1624	1.308718
2470	1621	1.306300
2471	1621	1.306300
2472	1616	1.302271
2473	1613	1.299853
2474	1605	1.293407
2475	1597	1.286960
2476	1589	1.280513
2477	1577	1.270842
2478	1567	1.262784
2479	1561	1.257949
2480	1560	1.257143
2481	1560	1.257143
2482	1553	1.251502
2483	1553	1.251502
2484	1549	1.248278
2485	1545	1.245055
2486	1541	1.241832
2487	1541	1.241832
2488	1537	1.238608
2489	1536	1.237802
2490	1533	1.235385
2491	1529	1.232161
2492	1529	1.232161
2493	1525	1.228938
2494	1525	1.228938
2495	1521	1.225714
2496	1521	1.225714
2497	1520	1.224908
2498	1520	1.224908
2499	1517	1.222491
2500	1520	1.224908
2501	1513	1.219267
2502	1515	1.220879
2503	1513	1.219267
2504	1513	1.219267
2505	1513	1.219267
2506	1513	1.219267
2507	1513	1.219267
2508	1513	1.219267
2509	1512	1.218462
2510	1512	1.218462
2511	1509	1.216044
2512	1509	1.216044
2513	1505	1.212821
2514	1505	1.212821
2515	1503	1.211209
2516	1501	1.209597
2517	1501	1.209597
2518	1501	1.209597
2519	1501	1.209597
2520	1497	1.206374
2521	1497	1.206374
2522	1497	1.206374
2523	1497	1.206374
2524	1496	1.205568
2525	1497	1.206374
2526	1496	1.205568
2527	1496	1.205568
2528	1493	1.203150
2529	1493	1.203150
2530	1493	1.203150
2531	1493	1.203150
2532	1491	1.201538
2533	1493	1.203150
2534	1489	1.199927
2535	1489	1.199927
2536	1489	1.199927
2537	1489	1.199927
2538	1489	1.199927
2539	1489	1.199927
2540	1489	1.199927
2541	1489	1.199927
2542	1489	1.199927
2543	1489	1.199927
2544	1488	1.199121
2545	1489	1.199927
2546	1488	1.199121
2547	1488	1.199121
2548	1489	1.199927
2549	1489	1.199927
2550	1520	1.224908
2551	1520	1.224908
2552	1549	1.248278
2553	1553	1.251502
2554	1560	1.257143
2555	1565	1.261172
2556	1567	1.262784
2557	1571	1.266007
2558	1573	1.267619
2559	1573	1.267619
2560	1573	1.267619
2561	1577	1.270842
2562	1581	1.274066
2563	1584	1.276484
2564	1584	1.276484
2565	1585	1.277289
2566	1585	1.277289
2567	1589	1.280513
2568	1592	1.282930
2569	1589	1.280513
2570	1593	1.283736
2571	1597	1.286960
2572	1597	1.286960
2573	1597	1.286960
2574	1599	1.288571
2575	1605	1.293407
2576	1605	1.293407
2577	1605	1.293407
2578	1609	1.296630
2579	1616	1.302271
2580	1613	1.299853
2581	1617	1.303077
2582	1621	1.306300
2583	1619	1.304689
2584	1629	1.312747
2585	1624	1.308718
2586	1633	1.315971
2587	1629	1.312747
2588	1633	1.315971
2589	1633	1.315971
2590	1640	1.321612
2591	1640	1.321612
2592	1641	1.322418
2593	1641	1.322418
2594	1641	1.322418
2595	1637	1.319194
2596	1637	1.319194
2597	1641	1.322418
2598	1648	1.328059
2599	1641	1.322418
2600	1645	1.325641
2601	1637	1.319194
2602	1648	1.328059
2603	1648	1.328059
2604	1641	1.322418
2605	1648	1.328059
2606	1648	1.328059
2607	1649	1.328864
2608	1651	1.330476
2609	1649	1.328864
2610	1648	1.328059
2611	1648	1.328059
2612	1653	1.332088
2613	1653	1.332088
2614	1656	1.334505
2615	1653	1.332088
2616	1653	1.332088
2617	1653	1.332088
2618	1653	1.332088
2619	1656	1.334505
2620	1653	1.332088
2621	1648	1.328059
2622	1653	1.332088
2623	1653	1.332088
2624	1657	1.335311
2625	1657	1.335311
2626	1661	1.338535
2627	1656	1.334505
2628	1657	1.335311
2629	1653	1.332088
2630	1653	1.332088
2631	1656	1.334505
2632	1653	1.332088
2633	1653	1.332088
2634	1649	1.328864
2635	1656	1.334505
2636	1653	1.332088
2637	1657	1.335311
2638	1657	1.335311
2639	1657	1.335311
2640	1661	1.338535
2641	1656	1.334505
2642	1653	1.332088
2643	1661	1.338535
2644	1661	1.338535
2645	1656	1.334505
2646	1656	1.334505
2647	1657	1.335311
2648	1657	1.335311
2649	1656	1.334505
2650	1657	1.335311
2651	1661	1.338535
2652	1663	1.340147
2653	1656	1.334505
2654	1661	1.338535
2655	1661	1.338535
2656	1661	1.338535
2657	1653	1.332088
2658	1661	1.338535
2659	1663	1.340147
2660	1661	1.338535
2661	1661	1.338535
2662	1663	1.340147
2663	1663	1.340147
2664	1663	1.340147
2665	1663	1.340147
2666	1663	1.340147
2667	1663	1.340147
2668	1663	1.340147
2669	1663	1.340147
2670	1672	1.347399
2671	1663	1.340147
2672	1677	1.351429
2673	1663	1.340147
2674	1663	1.340147
2675	1661	1.338535
2676	1661	1.338535
2677	1663	1.340147
2678	1663	1.340147
2679	1663	1.340147
2680	1673	1.348205
2681	1673	1.348205
2682	1663	1.340147
2683	1673	1.348205
2684	1663	1.340147
2685	1663	1.340147
2686	1673	1.348205
2687	1673	1.348205
2688	1663	1.340147
2689	1661	1.338535
2690	1663	1.340147
2691	1663	1.340147
2692	1661	1.338535
2693	1663	1.340147
2694	1673	1.348205
2695	1673	1.348205
2696	1663	1.340147
2697	1672	1.347399
2698	1669	1.344982
2699	1669	1.344982
2700	1673	1.348205
2701	1672	1.347399
2702	1663	1.340147
2703	1663	1.340147
2704	1673	1.348205
2705	1673	1.348205
2706	1669	1.344982
2707	1663	1.340147
2708	1677	1.351429
2709	1673	1.348205
2710	1677	1.351429
2711	1673	1.348205
2712	1673	1.348205
2713	1673	1.348205
2714	1673	1.348205
2715	1673	1.348205
2716	1673	1.348205
2717	1677	1.351429
2718	1673	1.348205
2719	1677	1.351429
2720	1677	1.351429
2721	1672	1.347399
2722	1681	1.354652
2723	1677	1.351429
2724	1680	1.353846
2725	1672	1.347399
2726	1673	1.348205
2727	1673	1.348205
2728	1673	1.348205
2729	1673	1.348205
2730	1673	1.348205
2731	1673	1.348205
2732	1673	1.348205
2733	1669	1.344982
2734	1677	1.351429
2735	1680	1.353846
2736	1677	1.351429
2737	1673	1.348205
2738	1673	1.348205
2739	1673	1.348205
2740	1663	1.340147
2741	1673	1.348205
2742	1677	1.351429
2743	1663	1.340147
2744	1677	1.351429
2745	1673	1.348205
2746	1677	1.351429
2747	1685	1.357875
2748	1681	1.354652
2749	1680	1.353846
2750	1681	1.354652
2751	1677	1.351429
2752	1680	1.353846
2753	1680	1.353846
2754	1673	1.348205
2755	1681	1.354652
2756	1677	1.351429
2757	1680	1.353846
2758	1677	1.351429
2759	1688	1.360293
2760	1681	1.354652
2761	1681	1.354652
2762	1680	1.353846
2763	1680	1.353846
2764	1681	1.354652
2765	1677	1.351429
2766	1681	1.354652
2767	1689	1.361099
2768	1681	1.354652
2769	1681	1.354652
2770	1685	1.357875
2771	1689	1.361099
2772	1685	1.357875
2773	1680	1.353846
2774	1677	1.351429
2775	1685	1.357875
2776	1681	1.354652
2777	1689	1.361099
2778	1681	1.354652
2779	1681	1.354652
2780	1681	1.354652
2781	1681	1.354652
2782	1681	1.354652
2783	1689	1.361099
2784	1685	1.357875
2785	1685	1.357875
2786	1685	1.357875
2787	1685	1.357875
2788	1685	1.357875
2789	1680	1.353846
2790	1685	1.357875
2791	1685	1.357875
2792	1677	1.351429
2793	1688	1.360293
2794	1685	1.357875
2795	1680	1.353846
2796	1685	1.357875
2797	1680	1.353846
2798	1681	1.354652
2799	1685	1.357875
2800	1681	1.354652
2801	1685	1.357875
2802	1693	1.364322
2803	1677	1.351429
2804	1677	1.351429
2805	1681	1.354652
2806	1685	1.357875
2807	1681	1.354652
2808	1685	1.357875
2809	1681	1.354652
2810	1689	1.361099
2811	1688	1.360293
2812	1685	1.357875
2813	1681	1.354652
2814	1693	1.364322
2815	1685	1.357875
2816	1689	1.361099
2817	1685	1.357875
2818	1692	1.363516
2819	1689	1.361099
2820	1693	1.364322
2821	1693	1.364322
2822	1689	1.361099
2823	1693	1.364322
2824	1693	1.364322
2825	1693	1.364322
2826	1701	1.370769
2827	1693	1.364322
2828	1689	1.361099
2829	1689	1.361099
2830	1693	1.364322
2831	1689	1.361099
2832	1693	1.364322
2833	1693	1.364322
2834	1693	1.364322
2835	1693	1.364322
2836	1685	1.357875
2837	1693	1.364322
2838	1697	1.367546
2839	1689	1.361099
2840	1697	1.367546
2841	1705	1.373993
2842	1697	1.367546
2843	1701	1.370769
2844	1695	1.365934
2845	1695	1.365934
2846	1705	1.373993
2847	1693	1.364322
2848	1705	1.373993
2849	1695	1.365934
2850	1695	1.365934
2851	1701	1.370769
2852	1695	1.365934
2853	1689	1.361099
2854	1695	1.365934
2855	1701	1.370769
2856	1701	1.370769
2857	1693	1.364322
2858	1705	1.373993
2859	1705	1.373993
2860	1701	1.370769
2861	1704	1.373187
2862	1705	1.373993
2863	1697	1.367546
2864	1693	1.364322
2865	1695	1.365934
2866	1701	1.370769
2867	1695	1.365934
2868	1705	1.373993
2869	1695	1.365934
2870	1705	1.373993
2871	1695	1.365934
2872	1693	1.364322
2873	1693	1.364322
2874	1701	1.370769
2875	1705	1.373993
2876	1705	1.373993
2877	1705	1.373993
2878	1701	1.370769
2879	1705	1.373993
2880	1701	1.370769
2881	1693	1.364322
2882	1704	1.373187
2883	1705	1.373993
2884	1701	1.370769
2885	1701	1.370769
2886	1705	1.373993
2887	1713	1.380440
2888	1709	1.377216
2889	1709	1.377216
2890	1717	1.383663
2891	1704	1.373187
2892	1712	1.379634
2893	1712	1.379634
2894	1695	1.365934
2895	1713	1.380440
2896	1709	1.377216
2897	1713	1.380440
2898	1704	1.373187
2899	1705	1.373993
2900	1697	1.367546
2901	1704	1.373187
2902	1701	1.370769
2903	1705	1.373993
2904	1705	1.373993
2905	1705	1.373993
2906	1704	1.373187
2907	1713	1.380440
2908	1705	1.373993
2909	1712	1.379634
2910	1705	1.373993
2911	1701	1.370769
2912	1704	1.373187
2913	1712	1.379634
2914	1709	1.377216
2915	1705	1.373993
2916	1712	1.379634
2917	1705	1.373993
2918	1701	1.370769
2919	1709	1.377216
2920	1709	1.377216
2921	1709	1.377216
2922	1713	1.380440
2923	1705	1.373993
2924	1705	1.373993
2925	1713	1.380440
2926	1705	1.373993
2927	1713	1.380440
2928	1713	1.380440
2929	1721	1.386886
2930	1717	1.383663
2931	1713	1.380440
2932	1713	1.380440
2933	1709	1.377216
2934	1705	1.373993
2935	1713	1.380440
2936	1717	1.383663
2937	1720	1.386081
2938	1709	1.377216
2939	1713	1.380440
2940	1717	1.383663
2941	1720	1.386081
2942	1720	1.386081
2943	1712	1.379634
2944	1720	1.386081
2945	1713	1.380440
2946	1721	1.386886
2947	1713	1.380440
2948	1721	1.386886
2949	1721	1.386886
2950	1725	1.390110
2951	1717	1.383663
2952	1712	1.379634
2953	1721	1.386886
2954	1721	1.386886
2955	1705	1.373993
2956	1713	1.380440
2957	1725	1.390110
2958	1713	1.380440
2959	1717	1.383663
2960	1721	1.386886
2961	1717	1.383663
2962	1713	1.380440
2963	1713	1.380440
2964	1721	1.386886
2965	1721	1.386886
2966	1713	1.380440
2967	1725	1.390110
2968	1721	1.386886
2969	1721	1.386886
2970	1729	1.393333
2971	1729	1.393333
2972	1728	1.392527
2973	1728	1.392527
2974	1729	1.393333
2975	1721	1.386886
2976	1729	1.393333
2977	1728	1.392527
2978	1728	1.392527
2979	1725	1.390110
2980	1729	1.393333
2981	1733	1.396557
2982	1721	1.386886
2983	1729	1.393333
2984	1737	1.399780
2985	1721	1.386886
2986	1729	1.393333
2987	1721	1.386886
2988	1733	1.396557
2989	1725	1.390110
2990	1729	1.393333
2991	1733	1.396557
2992	1737	1.399780
2993	1733	1.396557
2994	1729	1.393333
2995	1721	1.386886
2996	1733	1.396557
2997	1729	1.393333
2998	1733	1.396557
2999	1729	1.393333
3000	1733	1.396557
3001	1728	1.392527
3002	1736	1.398974
3003	1729	1.393333
3004	1728	1.392527
3005	1729	1.393333
3006	1729	1.393333
3007	1737	1.399780
3008	1721	1.386886
3009	1729	1.393333
3010	1720	1.386081
3011	1725	1.390110
3012	1729	1.393333
3013	1733	1.396557
3014	1733	1.396557
3015	1729	1.393333
3016	1728	1.392527
3017	1721	1.386886
3018	1725	1.390110
3019	1728	1.392527
3020	1729	1.393333
3021	1733	1.396557
3022	1721	1.386886
3023	1733	1.396557
3024	1729	1.393333
3025	1729	1.393333
3026	1736	1.398974
3027	1737	1.399780
3028	1733	1.396557
3029	1729	1.393333
3030	1737	1.399780
3031	1737	1.399780
3032	1728	1.392527
3033	1736	1.398974
3034	1729	1.393333
3035	1737	1.399780
3036	1736	1.398974
3037	1733	1.396557
3038	1733	1.396557
3039	1741	1.403004
3040	1729	1.393333
3041	1736	1.398974
3042	1733	1.396557
3043	1737	1.399780
3044	1745	1.406227
3045	1737	1.399780
3046	1737	1.399780
3047	1741	1.403004
3048	1737	1.399780
3049	1729	1.393333
3050	1733	1.396557
3051	1737	1.399780
3052	1733	1.396557
3053	1733	1.396557
3054	1737	1.399780
3055	1741	1.403004
3056	1745	1.406227
3057	1741	1.403004
3058	1744	1.405421
3059	1737	1.399780
3060	1741	1.403004
3061	1733	1.396557
3062	1736	1.398974
3063	1737	1.399780
3064	1741	1.403004
3065	1736	1.398974
3066	1737	1.399780
3067	1741	1.403004
3068	1737	1.399780
3069	1729	1.393333
3070	1737	1.399780
3071	1721	1.386886
3072	1737	1.399780
3073	1733	1.396557
3074	1745	1.406227
3075	1741	1.403004
3076	1749	1.409451
3077	1745	1.406227
3078	1737	1.399780
3079	1737	1.399780
3080	1737	1.399780
3081	1753	1.412674
3082	1745	1.406227
3083	1737	1.399780
3084	1744	1.405421
3085	1745	1.406227
3086	1741	1.403004
3087	1737	1.399780
3088	1745	1.406227
3089	1733	1.396557
3090	1744	1.405421
3091	1737	1.399780
3092	1744	1.405421
3093	1744	1.405421
3094	1736	1.398974
3095	1749	1.409451
3096	1741	1.403004
3097	1749	1.409451
3098	1737	1.399780
3099	1749	1.409451
3100	1744	1.405421
3101	1741	1.403004
3102	1749	1.409451
3103	1733	1.396557
3104	1744	1.405421
3105	1745	1.406227
3106	1745	1.406227
3107	1736	1.398974
3108	1745	1.406227
3109	1741	1.403004
3110	1737	1.399780
3111	1737	1.399780
3112	1733	1.396557
3113	1737	1.399780
3114	1729	1.393333
3115	1741	1.403004
3116	1737	1.399780
3117	1744	1.405421
3118	1737	1.399780
3119	1737	1.399780
3120	1737	1.399780
3121	1741	1.403004
3122	1737	1.399780
3123	1737	1.399780
3124	1741	1.403004
3125	1741	1.403004
3126	1745	1.406227
3127	1745	1.406227
3128	1753	1.412674
3129	1753	1.412674
3130	1753	1.412674
3131	1745	1.406227
3132	1753	1.412674
3133	1749	1.409451
3134	1745	1.406227
3135	1753	1.412674
3136	1736	1.398974
3137	1753	1.412674
3138	1736	1.398974
3139	1745	1.406227
3140	1757	1.415897
3141	1749	1.409451
3142	1745	1.406227
3143	1737	1.399780
3144	1744	1.405421
3145	1749	1.409451
3146	1749	1.409451
3147	1744	1.405421
3148	1753	1.412674
3149	1744	1.405421
3150	1753	1.412674
3151	1745	1.406227
3152	1753	1.412674
3153	1753	1.412674
3154	1745	1.406227
3155	1749	1.409451
3156	1757	1.415897
3157	1749	1.409451
3158	1753	1.412674
3159	1753	1.412674
3160	1745	1.406227
3161	1757	1.415897
3162	1744	1.405421
3163	1745	1.406227
3164	1745	1.406227
3165	1745	1.406227
3166	1752	1.411868
3167	1745	1.406227
3168	1745	1.406227
3169	1745	1.406227
3170	1745	1.406227
3171	1745	1.406227
3172	1753	1.412674
3173	1753	1.412674
3174	1759	1.417509
3175	1745	1.406227
3176	1737	1.399780
3177	1745	1.406227
3178	1749	1.409451
3179	1749	1.409451
3180	1749	1.409451
3181	1753	1.412674
3182	1753	1.412674
3183	1757	1.415897
3184	1757	1.415897
3185	1753	1.412674
3186	1757	1.415897
3187	1749	1.409451
3188	1752	1.411868
3189	1757	1.415897
3190	1753	1.412674
3191	1749	1.409451
3192	1752	1.411868
3193	1757	1.415897
3194	1753	1.412674
3195	1753	1.412674
3196	1745	1.406227
3197	1745	1.406227
3198	1757	1.415897
3199	1757	1.415897
3200	1753	1.412674
3201	1752	1.411868
3202	1761	1.419121
3203	1765	1.422344
3204	1773	1.428791
3205	1757	1.415897
3206	1761	1.419121
3207	1757	1.415897
3208	1753	1.412674
3209	1757	1.415897
3210	1753	1.412674
3211	1753	1.412674
3212	1753	1.412674
3213	1753	1.412674
3214	1757	1.415897
3215	1752	1.411868
3216	1757	1.415897
3217	1757	1.415897
3218	1753	1.412674
3219	1757	1.415897
3220	1749	1.409451
3221	1753	1.412674
3222	1752	1.411868
3223	1757	1.415897
3224	1753	1.412674
3225	1757	1.415897
3226	1765	1.422344
3227	1753	1.412674
3228	1759	1.417509
3229	1757	1.415897
3230	1757	1.415897
3231	1753	1.412674
3232	1757	1.415897
3233	1749	1.409451
3234	1765	1.422344
3235	1757	1.415897
3236	1757	1.415897
3237	1753	1.412674
3238	1765	1.422344
3239	1759	1.417509
3240	1769	1.425568
3241	1768	1.424762
3242	1757	1.415897
3243	1757	1.415897
3244	1769	1.425568
3245	1757	1.415897
3246	1768	1.424762
3247	1757	1.415897
3248	1769	1.425568
3249	1768	1.424762
3250	1757	1.415897
3251	1761	1.419121
3252	1761	1.419121
3253	1757	1.415897
3254	1761	1.419121
3255	1765	1.422344
3256	1768	1.424762
3257	1757	1.415897
3258	1753	1.412674
3259	1757	1.415897
3260	1745	1.406227
3261	1753	1.412674
3262	1768	1.424762
3263	1757	1.415897
3264	1761	1.419121
3265	1768	1.424762
3266	1757	1.415897
3267	1769	1.425568
3268	1761	1.419121
3269	1757	1.415897
3270	1757	1.415897
3271	1765	1.422344
3272	1753	1.412674
3273	1757	1.415897
3274	1768	1.424762
3275	1765	1.422344
3276	1769	1.425568
3277	1765	1.422344
3278	1777	1.432015
3279	1765	1.422344
3280	1769	1.425568
3281	1769	1.425568
3282	1776	1.431209
3283	1765	1.422344
3284	1769	1.425568
3285	1761	1.419121
3286	1765	1.422344
3287	1765	1.422344
3288	1769	1.425568
3289	1765	1.422344
3290	1769	1.425568
3291	1769	1.425568
3292	1761	1.419121
3293	1776	1.431209
3294	1765	1.422344
3295	1765	1.422344
3296	1761	1.419121
3297	1776	1.431209
3298	1769	1.425568
3299	1768	1.424762
3300	1769	1.425568
3301	1768	1.424762
3302	1765	1.422344
3303	1761	1.419121
3304	1753	1.412674
3305	1769	1.425568
3306	1769	1.425568
3307	1761	1.419121
3308	1765	1.422344
3309	1761	1.419121
3310	1769	1.425568
3311	1769	1.425568
3312	1776	1.431209
3313	1769	1.425568
3314	1769	1.425568
3315	1777	1.432015
3316	1773	1.428791
3317	1773	1.428791
3318	1776	1.431209
3319	1761	1.419121
3320	1773	1.428791
3321	1768	1.424762
3322	1765	1.422344
3323	1765	1.422344
3324	1765	1.422344
3325	1768	1.424762
3326	1777	1.432015
3327	1765	1.422344
3328	1765	1.422344
3329	1768	1.424762
3330	1768	1.424762
3331	1777	1.432015
3332	1776	1.431209
3333	1769	1.425568
3334	1765	1.422344
3335	1777	1.432015
3336	1777	1.432015
3337	1765	1.422344
3338	1757	1.415897
3339	1765	1.422344
3340	1776	1.431209
3341	1769	1.425568
3342	1773	1.428791
3343	1768	1.424762
3344	1773	1.428791
3345	1769	1.425568
3346	1765	1.422344
3347	1777	1.432015
3348	1777	1.432015
3349	1776	1.431209
3350	1769	1.425568
3351	1776	1.431209
3352	1777	1.432015
3353	1785	1.438462
3354	1769	1.425568
3355	1764	1.421538
3356	1777	1.432015
3357	1768	1.424762
3358	1772	1.427985
3359	1777	1.432015
3360	1776	1.431209
3361	1777	1.432015
3362	1777	1.432015
3363	1776	1.431209
3364	1777	1.432015
3365	1773	1.428791
3366	1769	1.425568
3367	1776	1.431209
3368	1781	1.435238
3369	1777	1.432015
3370	1777	1.432015
3371	1777	1.432015
3372	1769	1.425568
3373	1777	1.432015
3374	1769	1.425568
3375	1777	1.432015
3376	1765	1.422344
3377	1781	1.435238
3378	1771	1.427179
3379	1773	1.428791
3380	1777	1.432015
3381	1773	1.428791
3382	1769	1.425568
3383	1776	1.431209
3384	1761	1.419121
3385	1773	1.428791
3386	1765	1.422344
3387	1757	1.415897
3388	1769	1.425568
3389	1777	1.432015
3390	1776	1.431209
3391	1781	1.435238
3392	1773	1.428791
3393	1769	1.425568
3394	1777	1.432015
3395	1776	1.431209
3396	1777	1.432015
3397	1781	1.435238
3398	1777	1.432015
3399	1777	1.432015
3400	1773	1.428791
3401	1777	1.432015
3402	1777	1.432015
3403	1792	1.444103
3404	1777	1.432015
3405	1768	1.424762
3406	1781	1.435238
3407	1776	1.431209
3408	1773	1.428791
3409	1776	1.431209
3410	1777	1.432015
3411	1773	1.428791
3412	1769	1.425568
3413	1769	1.425568
3414	1777	1.432015
3415	1776	1.431209
3416	1781	1.435238
3417	1777	1.432015
3418	1769	1.425568
3419	1781	1.435238
3420	1773	1.428791
3421	1776	1.431209
3422	1769	1.425568
3423	1776	1.431209
3424	1776	1.431209
3425	1792	1.444103
3426	1765	1.422344
3427	1781	1.435238
3428	1773	1.428791
3429	1769	1.425568
3430	1768	1.424762
3431	1773	1.428791
3432	1792	1.444103
3433	1765	1.422344
3434	1773	1.428791
3435	1777	1.432015
3436	1776	1.431209
3437	1769	1.425568
3438	1785	1.438462
3439	1769	1.425568
3440	1777	1.432015
3441	1777	1.432015
3442	1768	1.424762
3443	1761	1.419121
3444	1761	1.419121
3445	1777	1.432015
3446	1776	1.431209
3447	1776	1.431209
3448	1776	1.431209
3449	1773	1.428791
3450	1769	1.425568
3451	1769	1.425568
3452	1773	1.428791
3453	1777	1.432015
3454	1769	1.425568
3455	1784	1.437656
3456	1781	1.435238
3457	1773	1.428791
3458	1777	1.432015
3459	1777	1.432015
3460	1781	1.435238
3461	1792	1.444103
3462	1777	1.432015
3463	1776	1.431209
3464	1777	1.432015
3465	1777	1.432015
3466	1776	1.431209
3467	1784	1.437656
3468	1785	1.438462
3469	1784	1.437656
3470	1793	1.444908
3471	1792	1.444103
3472	1792	1.444103
3473	1784	1.437656
3474	1792	1.444103
3475	1777	1.432015
3476	1785	1.438462
3477	1792	1.444103
3478	1792	1.444103
3479	1792	1.444103
3480	1785	1.438462
3481	1777	1.432015
3482	1792	1.444103
3483	1781	1.435238
3484	1777	1.432015
3485	1776	1.431209
3486	1781	1.435238
3487	1777	1.432015
3488	1777	1.432015
3489	1781	1.435238
3490	1777	1.432015
3491	1773	1.428791
3492	1765	1.422344
3493	1777	1.432015
3494	1792	1.444103
3495	1769	1.425568
3496	1777	1.432015
3497	1777	1.432015
3498	1785	1.438462
3499	1777	1.432015
3500	1769	1.425568
3501	1777	1.432015
3502	1776	1.431209
3503	1776	1.431209
3504	1781	1.435238
3505	1777	1.432015
3506	1777	1.432015
3507	1785	1.438462
3508	1777	1.432015
3509	1773	1.428791
3510	1776	1.431209
3511	1777	1.432015
3512	1777	1.432015
3513	1769	1.425568
3514	1765	1.422344
3515	1769	1.425568
3516	1768	1.424762
3517	1773	1.428791
3518	1777	1.432015
3519	1765	1.422344
3520	1777	1.432015
3521	1784	1.437656
3522	1776	1.431209
3523	1769	1.425568
3524	1781	1.435238
3525	1769	1.425568
3526	1769	1.425568
3527	1784	1.437656
3528	1777	1.432015
3529	1777	1.432015
3530	1769	1.425568
3531	1769	1.425568
3532	1765	1.422344
3533	1784	1.437656
3534	1765	1.422344
3535	1769	1.425568
3536	1769	1.425568
3537	1776	1.431209
3538	1781	1.435238
3539	1792	1.444103
3540	1792	1.444103
3541	1793	1.444908
3542	1776	1.431209
3543	1781	1.435238
3544	1776	1.431209
3545	1784	1.437656
3546	1781	1.435238
3547	1785	1.438462
3548	1777	1.432015
3549	1773	1.428791
3550	1776	1.431209
3551	1785	1.438462
3552	1781	1.435238
3553	1776	1.431209
3554	1776	1.431209
3555	1777	1.432015
3556	1777	1.432015
3557	1777	1.432015
3558	1769	1.425568
3559	1777	1.432015
3560	1776	1.431209
3561	1792	1.444103
3562	1773	1.428791
3563	1792	1.444103
3564	1792	1.444103
3565	1793	1.444908
3566	1792	1.444103
3567	1792	1.444103
3568	1797	1.448132
3569	1784	1.437656
3570	1784	1.437656
3571	1784	1.437656
3572	1781	1.435238
3573	1792	1.444103
3574	1784	1.437656
3575	1784	1.437656
3576	1792	1.444103
3577	1792	1.444103
3578	1792	1.444103
3579	1781	1.435238
3580	1777	1.432015
3581	1777	1.432015
3582	1781	1.435238
3583	1792	1.444103
3584	1781	1.435238
3585	1777	1.432015
3586	1784	1.437656
3587	1792	1.444103
3588	1792	1.444103
3589	1792	1.444103
3590	1792	1.444103
3591	1793	1.444908
3592	1777	1.432015
3593	1792	1.444103
3594	1792	1.444103
3595	1793	1.444908
3596	1777	1.432015
3597	1792	1.444103
3598	1777	1.432015
3599	1792	1.444103
3600	1792	1.444103
3601	1784	1.437656
3602	1781	1.435238
3603	1781	1.435238
3604	1792	1.444103
3605	1792	1.444103
3606	1785	1.438462
3607	1793	1.444908
3608	1793	1.444908
3609	1801	1.451355
3610	1793	1.444908
3611	1797	1.448132
3612	1792	1.444103
3613	1792	1.444103
3614	1792	1.444103
3615	1800	1.450549
3616	1793	1.444908
3617	1793	1.444908
3618	1793	1.444908
3619	1797	1.448132
3620	1792	1.444103
3621	1792	1.444103
3622	1792	1.444103
3623	1792	1.444103
3624	1793	1.444908
3625	1801	1.451355
3626	1792	1.444103
3627	1792	1.444103
3628	1793	1.444908
3629	1792	1.444103
3630	1801	1.451355
3631	1808	1.456996
3632	1805	1.454579
3633	1793	1.444908
3634	1801	1.451355
3635	1797	1.448132
3636	1792	1.444103
3637	1793	1.444908
3638	1797	1.448132
3639	1801	1.451355
3640	1793	1.444908
3641	1797	1.448132
3642	1805	1.454579
3643	1809	1.457802
3644	1809	1.457802
3645	1817	1.464249
3646	1809	1.457802
3647	1805	1.454579
