Pixel	ADC	VoltageV
1	3963	3.193626
2	3963	3.193626
3	3963	3.193626
4	3962	3.192821
5	3963	3.193626
6	3963	3.193626
7	3962	3.192821
8	3963	3.193626
9	3963	3.193626
10	3962	3.192821
11	3962	3.192821
12	3962	3.192821
13	3962	3.192821
14	3962	3.192821
15	3962	3.192821
16	3963	3.193626
17	3963	3.193626
18	3962	3.192821
19	3963	3.193626
20	3962	3.192821
21	3962	3.192821
22	3962	3.192821
23	3962	3.192821
24	3951	3.183956
25	3951	3.183956
26	3951	3.183956
27	3951	3.183956
28	3951	3.183956
29	3947	3.180733
30	3951	3.183956
31	3947	3.180733
32	3951	3.183956
33	3951	3.183956
34	3951	3.183956
35	3947	3.180733
36	3946	3.179927
37	2155	1.736630
38	1519	1.224103
39	1519	1.224103
40	1519	1.224103
41	1519	1.224103
42	1515	1.220879
43	1519	1.224103
44	1515	1.220879
45	1519	1.224103
46	1519	1.224103
47	1519	1.224103
48	1515	1.220879
49	1519	1.224103
50	1519	1.224103
51	1519	1.224103
52	1519	1.224103
53	1519	1.224103
54	1519	1.224103
55	1519	1.224103
56	1518	1.223297
57	1519	1.224103
58	1519	1.224103
59	1519	1.224103
60	1518	1.223297
61	1519	1.224103
62	1515	1.220879
63	1518	1.223297
64	1519	1.224103
65	1519	1.224103
66	1519	1.224103
67	1518	1.223297
68	1519	1.224103
69	1519	1.224103
70	1519	1.224103
71	1519	1.224103
72	1519	1.224103
73	1518	1.223297
74	1515	1.220879
75	1519	1.224103
76	1518	1.223297
77	1518	1.223297
78	1518	1.223297
79	1518	1.223297
80	1518	1.223297
81	1519	1.224103
82	1515	1.220879
83	1518	1.223297
84	1515	1.220879
85	1515	1.220879
86	1515	1.220879
87	1515	1.220879
88	1518	1.223297
89	1519	1.224103
90	1519	1.224103
91	1515	1.220879
92	1519	1.224103
93	1515	1.220879
94	1515	1.220879
95	1515	1.220879
96	1519	1.224103
97	1519	1.224103
98	1519	1.224103
99	1515	1.220879
100	1515	1.220879
101	1515	1.220879
102	1519	1.224103
103	1518	1.223297
104	1515	1.220879
105	1515	1.220879
106	1518	1.223297
107	1515	1.220879
108	1515	1.220879
109	1518	1.223297
110	1518	1.223297
111	1518	1.223297
112	1519	1.224103
113	1519	1.224103
114	1518	1.223297
115	1519	1.224103
116	1519	1.224103
117	1515	1.220879
118	1519	1.224103
119	1518	1.223297
120	1518	1.223297
121	1518	1.223297
122	1518	1.223297
123	1518	1.223297
124	1515	1.220879
125	1518	1.223297
126	1515	1.220879
127	1515	1.220879
128	1515	1.220879
129	1519	1.224103
130	1515	1.220879
131	1515	1.220879
132	1518	1.223297
133	1515	1.220879
134	1515	1.220879
135	1515	1.220879
136	1518	1.223297
137	1518	1.223297
138	1515	1.220879
139	1515	1.220879
140	1519	1.224103
141	1518	1.223297
142	1519	1.224103
143	1519	1.224103
144	1518	1.223297
145	1518	1.223297
146	1519	1.224103
147	1515	1.220879
148	1514	1.220073
149	1515	1.220879
150	1515	1.220879
151	1518	1.223297
152	1518	1.223297
153	1518	1.223297
154	1518	1.223297
155	1519	1.224103
156	1515	1.220879
157	1515	1.220879
158	1515	1.220879
159	1515	1.220879
160	1518	1.223297
161	1518	1.223297
162	1515	1.220879
163	1515	1.220879
164	1515	1.220879
165	1515	1.220879
166	1515	1.220879
167	1518	1.223297
168	1518	1.223297
169	1515	1.220879
170	1519	1.224103
171	1519	1.224103
172	1514	1.220073
173	1515	1.220879
174	1518	1.223297
175	1518	1.223297
176	1518	1.223297
177	1515	1.220879
178	1518	1.223297
179	1519	1.224103
180	1518	1.223297
181	1515	1.220879
182	1515	1.220879
183	1514	1.220073
184	1515	1.220879
185	1518	1.223297
186	1518	1.223297
187	1518	1.223297
188	1519	1.224103
189	1518	1.223297
190	1519	1.224103
191	1518	1.223297
192	1518	1.223297
193	1518	1.223297
194	1515	1.220879
195	1519	1.224103
196	1515	1.220879
197	1518	1.223297
198	1515	1.220879
199	1518	1.223297
200	1518	1.223297
201	1518	1.223297
202	1519	1.224103
203	1518	1.223297
204	1515	1.220879
205	1515	1.220879
206	1515	1.220879
207	1518	1.223297
208	1515	1.220879
209	1515	1.220879
210	1515	1.220879
211	1518	1.223297
212	1519	1.224103
213	1518	1.223297
214	1518	1.223297
215	1519	1.224103
216	1515	1.220879
217	1515	1.220879
218	1515	1.220879
219	1518	1.223297
220	1515	1.220879
221	1518	1.223297
222	1519	1.224103
223	1519	1.224103
224	1518	1.223297
225	1518	1.223297
226	1515	1.220879
227	1515	1.220879
228	1515	1.220879
229	1515	1.220879
230	1518	1.223297
231	1518	1.223297
232	1518	1.223297
233	1519	1.224103
234	1519	1.224103
235	1518	1.223297
236	1518	1.223297
237	1519	1.224103
238	1515	1.220879
239	1518	1.223297
240	1515	1.220879
241	1515	1.220879
242	1519	1.224103
243	1519	1.224103
244	1518	1.223297
245	1515	1.220879
246	1519	1.224103
247	1518	1.223297
248	1515	1.220879
249	1518	1.223297
250	1519	1.224103
251	1515	1.220879
252	1518	1.223297
253	1518	1.223297
254	1518	1.223297
255	1518	1.223297
256	1515	1.220879
257	1519	1.224103
258	1518	1.223297
259	1519	1.224103
260	1518	1.223297
261	1515	1.220879
262	1515	1.220879
263	1515	1.220879
264	1515	1.220879
265	1518	1.223297
266	1518	1.223297
267	1518	1.223297
268	1518	1.223297
269	1515	1.220879
270	1518	1.223297
271	1518	1.223297
272	1515	1.220879
273	1518	1.223297
274	1519	1.224103
275	1519	1.224103
276	1515	1.220879
277	1518	1.223297
278	1519	1.224103
279	1515	1.220879
280	1515	1.220879
281	1519	1.224103
282	1519	1.224103
283	1518	1.223297
284	1515	1.220879
285	1515	1.220879
286	1518	1.223297
287	1519	1.224103
288	1515	1.220879
289	1519	1.224103
290	1518	1.223297
291	1518	1.223297
292	1515	1.220879
293	1519	1.224103
294	1519	1.224103
295	1519	1.224103
296	1519	1.224103
297	1515	1.220879
298	1519	1.224103
299	1515	1.220879
300	1519	1.224103
301	1515	1.220879
302	1518	1.223297
303	1515	1.220879
304	1515	1.220879
305	1518	1.223297
306	1518	1.223297
307	1518	1.223297
308	1519	1.224103
309	1518	1.223297
310	1519	1.224103
311	1518	1.223297
312	1518	1.223297
313	1519	1.224103
314	1518	1.223297
315	1518	1.223297
316	1518	1.223297
317	1515	1.220879
318	1518	1.223297
319	1518	1.223297
320	1518	1.223297
321	1518	1.223297
322	1519	1.224103
323	1515	1.220879
324	1519	1.224103
325	1518	1.223297
326	1519	1.224103
327	1519	1.224103
328	1518	1.223297
329	1515	1.220879
330	1518	1.223297
331	1519	1.224103
332	1519	1.224103
333	1518	1.223297
334	1519	1.224103
335	1519	1.224103
336	1518	1.223297
337	1518	1.223297
338	1519	1.224103
339	1518	1.223297
340	1519	1.224103
341	1519	1.224103
342	1519	1.224103
343	1519	1.224103
344	1518	1.223297
345	1519	1.224103
346	1519	1.224103
347	1519	1.224103
348	1519	1.224103
349	1515	1.220879
350	1519	1.224103
351	1515	1.220879
352	1519	1.224103
353	1519	1.224103
354	1519	1.224103
355	1518	1.223297
356	1519	1.224103
357	1519	1.224103
358	1519	1.224103
359	1518	1.223297
360	1519	1.224103
361	1519	1.224103
362	1519	1.224103
363	1519	1.224103
364	1519	1.224103
365	1519	1.224103
366	1519	1.224103
367	1519	1.224103
368	1519	1.224103
369	1519	1.224103
370	1519	1.224103
371	1519	1.224103
372	1519	1.224103
373	1519	1.224103
374	1522	1.226520
375	1519	1.224103
376	1519	1.224103
377	1522	1.226520
378	1519	1.224103
379	1522	1.226520
380	1523	1.227326
381	1522	1.226520
382	1519	1.224103
383	1519	1.224103
384	1519	1.224103
385	1519	1.224103
386	1519	1.224103
387	1519	1.224103
388	1519	1.224103
389	1519	1.224103
390	1519	1.224103
391	1519	1.224103
392	1523	1.227326
393	1519	1.224103
394	1523	1.227326
395	1523	1.227326
396	1523	1.227326
397	1523	1.227326
398	1523	1.227326
399	1523	1.227326
400	1522	1.226520
401	1519	1.224103
402	1523	1.227326
403	1523	1.227326
404	1523	1.227326
405	1523	1.227326
406	1523	1.227326
407	1519	1.224103
408	1522	1.226520
409	1523	1.227326
410	1519	1.224103
411	1523	1.227326
412	1519	1.224103
413	1519	1.224103
414	1519	1.224103
415	1523	1.227326
416	1523	1.227326
417	1523	1.227326
418	1523	1.227326
419	1523	1.227326
420	1522	1.226520
421	1519	1.224103
422	1523	1.227326
423	1522	1.226520
424	1523	1.227326
425	1523	1.227326
426	1523	1.227326
427	1523	1.227326
428	1523	1.227326
429	1523	1.227326
430	1523	1.227326
431	1523	1.227326
432	1527	1.230549
433	1523	1.227326
434	1528	1.231355
435	1523	1.227326
436	1523	1.227326
437	1523	1.227326
438	1526	1.229744
439	1528	1.231355
440	1523	1.227326
441	1523	1.227326
442	1523	1.227326
443	1523	1.227326
444	1523	1.227326
445	1523	1.227326
446	1523	1.227326
447	1519	1.224103
448	1523	1.227326
449	1519	1.224103
450	1519	1.224103
451	1519	1.224103
452	1519	1.224103
453	1519	1.224103
454	1519	1.224103
455	1523	1.227326
456	1523	1.227326
457	1523	1.227326
458	1523	1.227326
459	1523	1.227326
460	1523	1.227326
461	1523	1.227326
462	1523	1.227326
463	1523	1.227326
464	1519	1.224103
465	1523	1.227326
466	1523	1.227326
467	1523	1.227326
468	1523	1.227326
469	1523	1.227326
470	1523	1.227326
471	1526	1.229744
472	1523	1.227326
473	1528	1.231355
474	1526	1.229744
475	1523	1.227326
476	1528	1.231355
477	1528	1.231355
478	1523	1.227326
479	1522	1.226520
480	1522	1.226520
481	1522	1.226520
482	1523	1.227326
483	1523	1.227326
484	1522	1.226520
485	1523	1.227326
486	1523	1.227326
487	1528	1.231355
488	1523	1.227326
489	1523	1.227326
490	1526	1.229744
491	1523	1.227326
492	1523	1.227326
493	1523	1.227326
494	1523	1.227326
495	1528	1.231355
496	1523	1.227326
497	1526	1.229744
498	1523	1.227326
499	1523	1.227326
500	1519	1.224103
501	1528	1.231355
502	1523	1.227326
503	1526	1.229744
504	1523	1.227326
505	1528	1.231355
506	1523	1.227326
507	1523	1.227326
508	1523	1.227326
509	1523	1.227326
510	1526	1.229744
511	1528	1.231355
512	1528	1.231355
513	1526	1.229744
514	1523	1.227326
515	1523	1.227326
516	1526	1.229744
517	1523	1.227326
518	1528	1.231355
519	1526	1.229744
520	1526	1.229744
521	1523	1.227326
522	1523	1.227326
523	1528	1.231355
524	1523	1.227326
525	1523	1.227326
526	1523	1.227326
527	1523	1.227326
528	1523	1.227326
529	1523	1.227326
530	1523	1.227326
531	1523	1.227326
532	1523	1.227326
533	1528	1.231355
534	1530	1.232967
535	1526	1.229744
536	1528	1.231355
537	1528	1.231355
538	1528	1.231355
539	1526	1.229744
540	1526	1.229744
541	1526	1.229744
542	1528	1.231355
543	1523	1.227326
544	1523	1.227326
545	1526	1.229744
546	1528	1.231355
547	1526	1.229744
548	1523	1.227326
549	1523	1.227326
550	1523	1.227326
551	1523	1.227326
552	1527	1.230549
553	1526	1.229744
554	1526	1.229744
555	1530	1.232967
556	1528	1.231355
557	1528	1.231355
558	1528	1.231355
559	1523	1.227326
560	1523	1.227326
561	1526	1.229744
562	1528	1.231355
563	1523	1.227326
564	1528	1.231355
565	1523	1.227326
566	1528	1.231355
567	1528	1.231355
568	1528	1.231355
569	1528	1.231355
570	1528	1.231355
571	1528	1.231355
572	1528	1.231355
573	1523	1.227326
574	1528	1.231355
575	1526	1.229744
576	1526	1.229744
577	1523	1.227326
578	1528	1.231355
579	1523	1.227326
580	1526	1.229744
581	1528	1.231355
582	1523	1.227326
583	1528	1.231355
584	1526	1.229744
585	1523	1.227326
586	1528	1.231355
587	1528	1.231355
588	1523	1.227326
589	1529	1.232161
590	1523	1.227326
591	1528	1.231355
592	1528	1.231355
593	1526	1.229744
594	1523	1.227326
595	1523	1.227326
596	1527	1.230549
597	1523	1.227326
598	1523	1.227326
599	1523	1.227326
600	1528	1.231355
601	1526	1.229744
602	1528	1.231355
603	1530	1.232967
604	1528	1.231355
605	1528	1.231355
606	1528	1.231355
607	1528	1.231355
608	1528	1.231355
609	1526	1.229744
610	1523	1.227326
611	1526	1.229744
612	1526	1.229744
613	1523	1.227326
614	1528	1.231355
615	1523	1.227326
616	1526	1.229744
617	1528	1.231355
618	1528	1.231355
619	1528	1.231355
620	1528	1.231355
621	1528	1.231355
622	1523	1.227326
623	1523	1.227326
624	1523	1.227326
625	1523	1.227326
626	1528	1.231355
627	1526	1.229744
628	1523	1.227326
629	1528	1.231355
630	1523	1.227326
631	1523	1.227326
632	1523	1.227326
633	1526	1.229744
634	1523	1.227326
635	1528	1.231355
636	1528	1.231355
637	1528	1.231355
638	1526	1.229744
639	1530	1.232967
640	1523	1.227326
641	1523	1.227326
642	1523	1.227326
643	1523	1.227326
644	1523	1.227326
645	1522	1.226520
646	1526	1.229744
647	1523	1.227326
648	1523	1.227326
649	1523	1.227326
650	1523	1.227326
651	1526	1.229744
652	1528	1.231355
653	1526	1.229744
654	1528	1.231355
655	1530	1.232967
656	1528	1.231355
657	1530	1.232967
658	1529	1.232161
659	1530	1.232967
660	1530	1.232967
661	1526	1.229744
662	1530	1.232967
663	1529	1.232161
664	1529	1.232161
665	1528	1.231355
666	1523	1.227326
667	1528	1.231355
668	1529	1.232161
669	1526	1.229744
670	1528	1.231355
671	1528	1.231355
672	1523	1.227326
673	1528	1.231355
674	1528	1.231355
675	1528	1.231355
676	1528	1.231355
677	1528	1.231355
678	1528	1.231355
679	1528	1.231355
680	1530	1.232967
681	1528	1.231355
682	1528	1.231355
683	1528	1.231355
684	1526	1.229744
685	1529	1.232161
686	1523	1.227326
687	1523	1.227326
688	1528	1.231355
689	1526	1.229744
690	1526	1.229744
691	1528	1.231355
692	1526	1.229744
693	1526	1.229744
694	1523	1.227326
695	1526	1.229744
696	1523	1.227326
697	1523	1.227326
698	1523	1.227326
699	1526	1.229744
700	1526	1.229744
701	1530	1.232967
702	1527	1.230549
703	1528	1.231355
704	1528	1.231355
705	1528	1.231355
706	1528	1.231355
707	1528	1.231355
708	1530	1.232967
709	1526	1.229744
710	1530	1.232967
711	1528	1.231355
712	1528	1.231355
713	1530	1.232967
714	1530	1.232967
715	1528	1.231355
716	1528	1.231355
717	1528	1.231355
718	1530	1.232967
719	1528	1.231355
720	1530	1.232967
721	1530	1.232967
722	1530	1.232967
723	1530	1.232967
724	1530	1.232967
725	1531	1.233773
726	1529	1.232161
727	1536	1.237802
728	1531	1.233773
729	1530	1.232967
730	1528	1.231355
731	1528	1.231355
732	1528	1.231355
733	1530	1.232967
734	1528	1.231355
735	1531	1.233773
736	1530	1.232967
737	1530	1.232967
738	1528	1.231355
739	1530	1.232967
740	1531	1.233773
741	1528	1.231355
742	1530	1.232967
743	1530	1.232967
744	1530	1.232967
745	1530	1.232967
746	1531	1.233773
747	1530	1.232967
748	1531	1.233773
749	1528	1.231355
750	1530	1.232967
751	1530	1.232967
752	1529	1.232161
753	1531	1.233773
754	1531	1.233773
755	1531	1.233773
756	1531	1.233773
757	1531	1.233773
758	1531	1.233773
759	1536	1.237802
760	1536	1.237802
761	1536	1.237802
762	1536	1.237802
763	1530	1.232967
764	1531	1.233773
765	1530	1.232967
766	1531	1.233773
767	1531	1.233773
768	1531	1.233773
769	1530	1.232967
770	1531	1.233773
771	1531	1.233773
772	1531	1.233773
773	1530	1.232967
774	1531	1.233773
775	1530	1.232967
776	1530	1.232967
777	1531	1.233773
778	1530	1.232967
779	1531	1.233773
780	1528	1.231355
781	1531	1.233773
782	1531	1.233773
783	1531	1.233773
784	1531	1.233773
785	1531	1.233773
786	1536	1.237802
787	1531	1.233773
788	1536	1.237802
789	1536	1.237802
790	1538	1.239414
791	1536	1.237802
792	1536	1.237802
793	1536	1.237802
794	1531	1.233773
795	1531	1.233773
796	1531	1.233773
797	1536	1.237802
798	1536	1.237802
799	1531	1.233773
800	1530	1.232967
801	1531	1.233773
802	1530	1.232967
803	1531	1.233773
804	1531	1.233773
805	1530	1.232967
806	1536	1.237802
807	1536	1.237802
808	1531	1.233773
809	1531	1.233773
810	1531	1.233773
811	1536	1.237802
812	1536	1.237802
813	1536	1.237802
814	1536	1.237802
815	1538	1.239414
816	1531	1.233773
817	1531	1.233773
818	1531	1.233773
819	1531	1.233773
820	1536	1.237802
821	1536	1.237802
822	1536	1.237802
823	1536	1.237802
824	1531	1.233773
825	1536	1.237802
826	1536	1.237802
827	1531	1.233773
828	1531	1.233773
829	1531	1.233773
830	1536	1.237802
831	1531	1.233773
832	1536	1.237802
833	1536	1.237802
834	1538	1.239414
835	1536	1.237802
836	1536	1.237802
837	1536	1.237802
838	1536	1.237802
839	1531	1.233773
840	1531	1.233773
841	1536	1.237802
842	1536	1.237802
843	1531	1.233773
844	1536	1.237802
845	1536	1.237802
846	1536	1.237802
847	1531	1.233773
848	1531	1.233773
849	1536	1.237802
850	1536	1.237802
851	1536	1.237802
852	1538	1.239414
853	1536	1.237802
854	1536	1.237802
855	1538	1.239414
856	1538	1.239414
857	1536	1.237802
858	1536	1.237802
859	1536	1.237802
860	1536	1.237802
861	1536	1.237802
862	1536	1.237802
863	1536	1.237802
864	1536	1.237802
865	1530	1.232967
866	1536	1.237802
867	1536	1.237802
868	1536	1.237802
869	1538	1.239414
870	1538	1.239414
871	1538	1.239414
872	1536	1.237802
873	1536	1.237802
874	1536	1.237802
875	1536	1.237802
876	1536	1.237802
877	1536	1.237802
878	1536	1.237802
879	1536	1.237802
880	1536	1.237802
881	1536	1.237802
882	1531	1.233773
883	1531	1.233773
884	1536	1.237802
885	1536	1.237802
886	1538	1.239414
887	1538	1.239414
888	1538	1.239414
889	1538	1.239414
890	1536	1.237802
891	1538	1.239414
892	1536	1.237802
893	1538	1.239414
894	1538	1.239414
895	1536	1.237802
896	1536	1.237802
897	1538	1.239414
898	1536	1.237802
899	1538	1.239414
900	1536	1.237802
901	1538	1.239414
902	1538	1.239414
903	1536	1.237802
904	1537	1.238608
905	1538	1.239414
906	1538	1.239414
907	1536	1.237802
908	1538	1.239414
909	1536	1.237802
910	1538	1.239414
911	1536	1.237802
912	1536	1.237802
913	1536	1.237802
914	1536	1.237802
915	1536	1.237802
916	1536	1.237802
917	1538	1.239414
918	1538	1.239414
919	1536	1.237802
920	1536	1.237802
921	1538	1.239414
922	1538	1.239414
923	1538	1.239414
924	1536	1.237802
925	1536	1.237802
926	1536	1.237802
927	1536	1.237802
928	1536	1.237802
929	1536	1.237802
930	1536	1.237802
931	1536	1.237802
932	1536	1.237802
933	1536	1.237802
934	1536	1.237802
935	1536	1.237802
936	1538	1.239414
937	1538	1.239414
938	1538	1.239414
939	1538	1.239414
940	1538	1.239414
941	1536	1.237802
942	1536	1.237802
943	1536	1.237802
944	1531	1.233773
945	1530	1.232967
946	1536	1.237802
947	1536	1.237802
948	1536	1.237802
949	1538	1.239414
950	1536	1.237802
951	1536	1.237802
952	1536	1.237802
953	1531	1.233773
954	1531	1.233773
955	1536	1.237802
956	1536	1.237802
957	1536	1.237802
958	1531	1.233773
959	1530	1.232967
960	1531	1.233773
961	1531	1.233773
962	1531	1.233773
963	1531	1.233773
964	1530	1.232967
965	1531	1.233773
966	1530	1.232967
967	1530	1.232967
968	1531	1.233773
969	1530	1.232967
970	1531	1.233773
971	1530	1.232967
972	1530	1.232967
973	1530	1.232967
974	1531	1.233773
975	1531	1.233773
976	1531	1.233773
977	1531	1.233773
978	1531	1.233773
979	1531	1.233773
980	1531	1.233773
981	1531	1.233773
982	1531	1.233773
983	1531	1.233773
984	1530	1.232967
985	1531	1.233773
986	1530	1.232967
987	1530	1.232967
988	1528	1.231355
989	1531	1.233773
990	1530	1.232967
991	1530	1.232967
992	1530	1.232967
993	1530	1.232967
994	1531	1.233773
995	1530	1.232967
996	1531	1.233773
997	1530	1.232967
998	1530	1.232967
999	1530	1.232967
1000	1530	1.232967
1001	1530	1.232967
1002	1530	1.232967
1003	1530	1.232967
1004	1528	1.231355
1005	1530	1.232967
1006	1528	1.231355
1007	1528	1.231355
1008	1528	1.231355
1009	1528	1.231355
1010	1530	1.232967
1011	1530	1.232967
1012	1528	1.231355
1013	1530	1.232967
1014	1530	1.232967
1015	1530	1.232967
1016	1528	1.231355
1017	1530	1.232967
1018	1530	1.232967
1019	1531	1.233773
1020	1530	1.232967
1021	1531	1.233773
1022	1531	1.233773
1023	1530	1.232967
1024	1531	1.233773
1025	1536	1.237802
1026	1531	1.233773
1027	1536	1.237802
1028	1531	1.233773
1029	1531	1.233773
1030	1530	1.232967
1031	1530	1.232967
1032	1531	1.233773
1033	1531	1.233773
1034	1531	1.233773
1035	1530	1.232967
1036	1531	1.233773
1037	1531	1.233773
1038	1531	1.233773
1039	1536	1.237802
1040	1536	1.237802
1041	1536	1.237802
1042	1536	1.237802
1043	1536	1.237802
1044	1536	1.237802
1045	1536	1.237802
1046	1531	1.233773
1047	1531	1.233773
1048	1531	1.233773
1049	1531	1.233773
1050	1536	1.237802
1051	1531	1.233773
1052	1531	1.233773
1053	1531	1.233773
1054	1536	1.237802
1055	1531	1.233773
1056	1531	1.233773
1057	1536	1.237802
1058	1531	1.233773
1059	1531	1.233773
1060	1531	1.233773
1061	1531	1.233773
1062	1531	1.233773
1063	1536	1.237802
1064	1536	1.237802
1065	1536	1.237802
1066	1536	1.237802
1067	1536	1.237802
1068	1536	1.237802
1069	1538	1.239414
1070	1536	1.237802
1071	1536	1.237802
1072	1538	1.239414
1073	1538	1.239414
1074	1538	1.239414
1075	1536	1.237802
1076	1538	1.239414
1077	1536	1.237802
1078	1536	1.237802
1079	1536	1.237802
1080	1536	1.237802
1081	1536	1.237802
1082	1536	1.237802
1083	1536	1.237802
1084	1538	1.239414
1085	1536	1.237802
1086	1538	1.239414
1087	1538	1.239414
1088	1536	1.237802
1089	1536	1.237802
1090	1531	1.233773
1091	1536	1.237802
1092	1531	1.233773
1093	1536	1.237802
1094	1536	1.237802
1095	1536	1.237802
1096	1536	1.237802
1097	1536	1.237802
1098	1536	1.237802
1099	1538	1.239414
1100	1536	1.237802
1101	1536	1.237802
1102	1536	1.237802
1103	1536	1.237802
1104	1536	1.237802
1105	1536	1.237802
1106	1536	1.237802
1107	1536	1.237802
1108	1536	1.237802
1109	1538	1.239414
1110	1538	1.239414
1111	1538	1.239414
1112	1538	1.239414
1113	1538	1.239414
1114	1538	1.239414
1115	1536	1.237802
1116	1538	1.239414
1117	1536	1.237802
1118	1538	1.239414
1119	1538	1.239414
1120	1536	1.237802
1121	1538	1.239414
1122	1536	1.237802
1123	1536	1.237802
1124	1536	1.237802
1125	1536	1.237802
1126	1531	1.233773
1127	1536	1.237802
1128	1531	1.233773
1129	1531	1.233773
1130	1531	1.233773
1131	1531	1.233773
1132	1536	1.237802
1133	1538	1.239414
1134	1536	1.237802
1135	1538	1.239414
1136	1531	1.233773
1137	1531	1.233773
1138	1531	1.233773
1139	1536	1.237802
1140	1536	1.237802
1141	1538	1.239414
1142	1536	1.237802
1143	1536	1.237802
1144	1536	1.237802
1145	1531	1.233773
1146	1536	1.237802
1147	1536	1.237802
1148	1536	1.237802
1149	1536	1.237802
1150	1531	1.233773
1151	1536	1.237802
1152	1536	1.237802
1153	1538	1.239414
1154	1536	1.237802
1155	1536	1.237802
1156	1536	1.237802
1157	1536	1.237802
1158	1536	1.237802
1159	1538	1.239414
1160	1538	1.239414
1161	1536	1.237802
1162	1536	1.237802
1163	1531	1.233773
1164	1536	1.237802
1165	1536	1.237802
1166	1536	1.237802
1167	1536	1.237802
1168	1536	1.237802
1169	1538	1.239414
1170	1539	1.240220
1171	1538	1.239414
1172	1536	1.237802
1173	1538	1.239414
1174	1536	1.237802
1175	1538	1.239414
1176	1536	1.237802
1177	1536	1.237802
1178	1536	1.237802
1179	1536	1.237802
1180	1538	1.239414
1181	1536	1.237802
1182	1539	1.240220
1183	1538	1.239414
1184	1538	1.239414
1185	1536	1.237802
1186	1531	1.233773
1187	1536	1.237802
1188	1538	1.239414
1189	1536	1.237802
1190	1536	1.237802
1191	1536	1.237802
1192	1536	1.237802
1193	1536	1.237802
1194	1536	1.237802
1195	1538	1.239414
1196	1538	1.239414
1197	1536	1.237802
1198	1531	1.233773
1199	1538	1.239414
1200	1536	1.237802
1201	1536	1.237802
1202	1538	1.239414
1203	1536	1.237802
1204	1536	1.237802
1205	1536	1.237802
1206	1536	1.237802
1207	1536	1.237802
1208	1531	1.233773
1209	1531	1.233773
1210	1531	1.233773
1211	1531	1.233773
1212	1531	1.233773
1213	1531	1.233773
1214	1536	1.237802
1215	1536	1.237802
1216	1536	1.237802
1217	1538	1.239414
1218	1538	1.239414
1219	1538	1.239414
1220	1536	1.237802
1221	1536	1.237802
1222	1536	1.237802
1223	1531	1.233773
1224	1536	1.237802
1225	1538	1.239414
1226	1536	1.237802
1227	1536	1.237802
1228	1538	1.239414
1229	1536	1.237802
1230	1539	1.240220
1231	1538	1.239414
1232	1537	1.238608
1233	1538	1.239414
1234	1536	1.237802
1235	1538	1.239414
1236	1536	1.237802
1237	1538	1.239414
1238	1538	1.239414
1239	1536	1.237802
1240	1538	1.239414
1241	1537	1.238608
1242	1538	1.239414
1243	1538	1.239414
1244	1538	1.239414
1245	1536	1.237802
1246	1536	1.237802
1247	1539	1.240220
1248	1536	1.237802
1249	1539	1.240220
1250	1536	1.237802
1251	1538	1.239414
1252	1536	1.237802
1253	1538	1.239414
1254	1536	1.237802
1255	1538	1.239414
1256	1536	1.237802
1257	1536	1.237802
1258	1538	1.239414
1259	1538	1.239414
1260	1538	1.239414
1261	1538	1.239414
1262	1536	1.237802
1263	1539	1.240220
1264	1538	1.239414
1265	1538	1.239414
1266	1537	1.238608
1267	1538	1.239414
1268	1539	1.240220
1269	1536	1.237802
1270	1538	1.239414
1271	1536	1.237802
1272	1538	1.239414
1273	1538	1.239414
1274	1538	1.239414
1275	1539	1.240220
1276	1539	1.240220
1277	1539	1.240220
1278	1538	1.239414
1279	1539	1.240220
1280	1538	1.239414
1281	1538	1.239414
1282	1539	1.240220
1283	1538	1.239414
1284	1539	1.240220
1285	1539	1.240220
1286	1538	1.239414
1287	1539	1.240220
1288	1538	1.239414
1289	1539	1.240220
1290	1538	1.239414
1291	1538	1.239414
1292	1536	1.237802
1293	1536	1.237802
1294	1536	1.237802
1295	1536	1.237802
1296	1531	1.233773
1297	1536	1.237802
1298	1536	1.237802
1299	1538	1.239414
1300	1538	1.239414
1301	1538	1.239414
1302	1536	1.237802
1303	1538	1.239414
1304	1538	1.239414
1305	1538	1.239414
1306	1538	1.239414
1307	1538	1.239414
1308	1538	1.239414
1309	1536	1.237802
1310	1538	1.239414
1311	1538	1.239414
1312	1538	1.239414
1313	1538	1.239414
1314	1539	1.240220
1315	1538	1.239414
1316	1538	1.239414
1317	1538	1.239414
1318	1539	1.240220
1319	1539	1.240220
1320	1539	1.240220
1321	1538	1.239414
1322	1539	1.240220
1323	1539	1.240220
1324	1538	1.239414
1325	1538	1.239414
1326	1539	1.240220
1327	1539	1.240220
1328	1539	1.240220
1329	1539	1.240220
1330	1539	1.240220
1331	1539	1.240220
1332	1538	1.239414
1333	1536	1.237802
1334	1539	1.240220
1335	1539	1.240220
1336	1539	1.240220
1337	1538	1.239414
1338	1539	1.240220
1339	1539	1.240220
1340	1539	1.240220
1341	1538	1.239414
1342	1539	1.240220
1343	1536	1.237802
1344	1538	1.239414
1345	1538	1.239414
1346	1536	1.237802
1347	1538	1.239414
1348	1539	1.240220
1349	1538	1.239414
1350	1539	1.240220
1351	1539	1.240220
1352	1539	1.240220
1353	1539	1.240220
1354	1539	1.240220
1355	1539	1.240220
1356	1539	1.240220
1357	1539	1.240220
1358	1539	1.240220
1359	1539	1.240220
1360	1538	1.239414
1361	1539	1.240220
1362	1538	1.239414
1363	1538	1.239414
1364	1539	1.240220
1365	1538	1.239414
1366	1538	1.239414
1367	1539	1.240220
1368	1539	1.240220
1369	1539	1.240220
1370	1539	1.240220
1371	1539	1.240220
1372	1539	1.240220
1373	1539	1.240220
1374	1543	1.243443
1375	1539	1.240220
1376	1539	1.240220
1377	1539	1.240220
1378	1538	1.239414
1379	1539	1.240220
1380	1542	1.242637
1381	1539	1.240220
1382	1539	1.240220
1383	1539	1.240220
1384	1539	1.240220
1385	1544	1.244249
1386	1539	1.240220
1387	1543	1.243443
1388	1539	1.240220
1389	1542	1.242637
1390	1539	1.240220
1391	1544	1.244249
1392	1539	1.240220
1393	1539	1.240220
1394	1539	1.240220
1395	1542	1.242637
1396	1543	1.243443
1397	1546	1.245861
1398	1542	1.242637
1399	1539	1.240220
1400	1542	1.242637
1401	1544	1.244249
1402	1544	1.244249
1403	1545	1.245055
1404	1542	1.242637
1405	1544	1.244249
1406	1544	1.244249
1407	1544	1.244249
1408	1544	1.244249
1409	1544	1.244249
1410	1546	1.245861
1411	1544	1.244249
1412	1546	1.245861
1413	1546	1.245861
1414	1544	1.244249
1415	1544	1.244249
1416	1544	1.244249
1417	1544	1.244249
1418	1539	1.240220
1419	1539	1.240220
1420	1546	1.245861
1421	1544	1.244249
1422	1544	1.244249
1423	1542	1.242637
1424	1544	1.244249
1425	1546	1.245861
1426	1544	1.244249
1427	1544	1.244249
1428	1544	1.244249
1429	1546	1.245861
1430	1546	1.245861
1431	1547	1.246667
1432	1544	1.244249
1433	1546	1.245861
1434	1546	1.245861
1435	1547	1.246667
1436	1547	1.246667
1437	1546	1.245861
1438	1547	1.246667
1439	1546	1.245861
1440	1550	1.249084
1441	1547	1.246667
1442	1547	1.246667
1443	1550	1.249084
1444	1551	1.249890
1445	1546	1.245861
1446	1550	1.249084
1447	1547	1.246667
1448	1547	1.246667
1449	1547	1.246667
1450	1547	1.246667
1451	1546	1.245861
1452	1546	1.245861
1453	1544	1.244249
1454	1547	1.246667
1455	1546	1.245861
1456	1546	1.245861
1457	1547	1.246667
1458	1547	1.246667
1459	1547	1.246667
1460	1546	1.245861
1461	1546	1.245861
1462	1546	1.245861
1463	1547	1.246667
1464	1546	1.245861
1465	1546	1.245861
1466	1547	1.246667
1467	1550	1.249084
1468	1547	1.246667
1469	1546	1.245861
1470	1547	1.246667
1471	1546	1.245861
1472	1547	1.246667
1473	1547	1.246667
1474	1547	1.246667
1475	1547	1.246667
1476	1547	1.246667
1477	1547	1.246667
1478	1546	1.245861
1479	1547	1.246667
1480	1547	1.246667
1481	1547	1.246667
1482	1547	1.246667
1483	1550	1.249084
1484	1546	1.245861
1485	1547	1.246667
1486	1547	1.246667
1487	1551	1.249890
1488	1551	1.249890
1489	1550	1.249084
1490	1551	1.249890
1491	1551	1.249890
1492	1551	1.249890
1493	1550	1.249084
1494	1551	1.249890
1495	1551	1.249890
1496	1550	1.249084
1497	1550	1.249084
1498	1550	1.249084
1499	1550	1.249084
1500	1547	1.246667
1501	1547	1.246667
1502	1551	1.249890
1503	1547	1.246667
1504	1547	1.246667
1505	1547	1.246667
1506	1547	1.246667
1507	1550	1.249084
1508	1551	1.249890
1509	1547	1.246667
1510	1551	1.249890
1511	1551	1.249890
1512	1547	1.246667
1513	1551	1.249890
1514	1547	1.246667
1515	1551	1.249890
1516	1547	1.246667
1517	1547	1.246667
1518	1550	1.249084
1519	1551	1.249890
1520	1551	1.249890
1521	1551	1.249890
1522	1551	1.249890
1523	1550	1.249084
1524	1551	1.249890
1525	1551	1.249890
1526	1551	1.249890
1527	1551	1.249890
1528	1551	1.249890
1529	1551	1.249890
1530	1551	1.249890
1531	1550	1.249084
1532	1551	1.249890
1533	1551	1.249890
1534	1551	1.249890
1535	1551	1.249890
1536	1551	1.249890
1537	1551	1.249890
1538	1551	1.249890
1539	1551	1.249890
1540	1551	1.249890
1541	1555	1.253114
1542	1555	1.253114
1543	1554	1.252308
1544	1558	1.255531
1545	1555	1.253114
1546	1551	1.249890
1547	1551	1.249890
1548	1551	1.249890
1549	1551	1.249890
1550	1551	1.249890
1551	1551	1.249890
1552	1555	1.253114
1553	1551	1.249890
1554	1551	1.249890
1555	1551	1.249890
1556	1551	1.249890
1557	1551	1.249890
1558	1551	1.249890
1559	1551	1.249890
1560	1555	1.253114
1561	1551	1.249890
1562	1555	1.253114
1563	1555	1.253114
1564	1555	1.253114
1565	1555	1.253114
1566	1555	1.253114
1567	1560	1.257143
1568	1560	1.257143
1569	1558	1.255531
1570	1555	1.253114
1571	1555	1.253114
1572	1551	1.249890
1573	1555	1.253114
1574	1551	1.249890
1575	1555	1.253114
1576	1555	1.253114
1577	1555	1.253114
1578	1555	1.253114
1579	1555	1.253114
1580	1555	1.253114
1581	1555	1.253114
1582	1555	1.253114
1583	1558	1.255531
1584	1560	1.257143
1585	1555	1.253114
1586	1555	1.253114
1587	1551	1.249890
1588	1555	1.253114
1589	1558	1.255531
1590	1555	1.253114
1591	1555	1.253114
1592	1562	1.258755
1593	1560	1.257143
1594	1555	1.253114
1595	1560	1.257143
1596	1555	1.253114
1597	1560	1.257143
1598	1560	1.257143
1599	1560	1.257143
1600	1558	1.255531
1601	1560	1.257143
1602	1562	1.258755
1603	1568	1.263590
1604	1560	1.257143
1605	1562	1.258755
1606	1560	1.257143
1607	1560	1.257143
1608	1560	1.257143
1609	1560	1.257143
1610	1568	1.263590
1611	1562	1.258755
1612	1560	1.257143
1613	1562	1.258755
1614	1568	1.263590
1615	1568	1.263590
1616	1568	1.263590
1617	1560	1.257143
1618	1560	1.257143
1619	1555	1.253114
1620	1562	1.258755
1621	1555	1.253114
1622	1562	1.258755
1623	1560	1.257143
1624	1560	1.257143
1625	1558	1.255531
1626	1558	1.255531
1627	1560	1.257143
1628	1555	1.253114
1629	1555	1.253114
1630	1555	1.253114
1631	1558	1.255531
1632	1562	1.258755
1633	1562	1.258755
1634	1562	1.258755
1635	1562	1.258755
1636	1560	1.257143
1637	1562	1.258755
1638	1558	1.255531
1639	1560	1.257143
1640	1555	1.253114
1641	1558	1.255531
1642	1562	1.258755
1643	1562	1.258755
1644	1555	1.253114
1645	1558	1.255531
1646	1560	1.257143
1647	1558	1.255531
1648	1560	1.257143
1649	1560	1.257143
1650	1560	1.257143
1651	1562	1.258755
1652	1558	1.255531
1653	1558	1.255531
1654	1560	1.257143
1655	1560	1.257143
1656	1560	1.257143
1657	1560	1.257143
1658	1562	1.258755
1659	1562	1.258755
1660	1560	1.257143
1661	1562	1.258755
1662	1560	1.257143
1663	1560	1.257143
1664	1562	1.258755
1665	1563	1.259560
1666	1560	1.257143
1667	1560	1.257143
1668	1562	1.258755
1669	1560	1.257143
1670	1560	1.257143
1671	1555	1.253114
1672	1560	1.257143
1673	1560	1.257143
1674	1560	1.257143
1675	1562	1.258755
1676	1561	1.257949
1677	1558	1.255531
1678	1555	1.253114
1679	1560	1.257143
1680	1555	1.253114
1681	1555	1.253114
1682	1555	1.253114
1683	1555	1.253114
1684	1555	1.253114
1685	1551	1.249890
1686	1555	1.253114
1687	1555	1.253114
1688	1555	1.253114
1689	1551	1.249890
1690	1551	1.249890
1691	1551	1.249890
1692	1555	1.253114
1693	1555	1.253114
1694	1555	1.253114
1695	1555	1.253114
1696	1555	1.253114
1697	1555	1.253114
1698	1555	1.253114
1699	1551	1.249890
1700	1555	1.253114
1701	1551	1.249890
1702	1555	1.253114
1703	1555	1.253114
1704	1555	1.253114
1705	1555	1.253114
1706	1551	1.249890
1707	1547	1.246667
1708	1547	1.246667
1709	1547	1.246667
1710	1547	1.246667
1711	1550	1.249084
1712	1551	1.249890
1713	1551	1.249890
1714	1555	1.253114
1715	1551	1.249890
1716	1551	1.249890
1717	1550	1.249084
1718	1555	1.253114
1719	1555	1.253114
1720	1555	1.253114
1721	1555	1.253114
1722	1555	1.253114
1723	1555	1.253114
1724	1551	1.249890
1725	1555	1.253114
1726	1555	1.253114
1727	1555	1.253114
1728	1555	1.253114
1729	1555	1.253114
1730	1555	1.253114
1731	1551	1.249890
1732	1551	1.249890
1733	1555	1.253114
1734	1551	1.249890
1735	1551	1.249890
1736	1550	1.249084
1737	1547	1.246667
1738	1547	1.246667
1739	1546	1.245861
1740	1547	1.246667
1741	1547	1.246667
1742	1547	1.246667
1743	1546	1.245861
1744	1544	1.244249
1745	1539	1.240220
1746	1544	1.244249
1747	1546	1.245861
1748	1546	1.245861
1749	1544	1.244249
1750	1546	1.245861
1751	1542	1.242637
1752	1539	1.240220
1753	1538	1.239414
1754	1539	1.240220
1755	1547	1.246667
1756	1547	1.246667
1757	1547	1.246667
1758	1544	1.244249
1759	1539	1.240220
1760	1542	1.242637
1761	1546	1.245861
1762	1546	1.245861
1763	1546	1.245861
1764	1544	1.244249
1765	1539	1.240220
1766	1539	1.240220
1767	1544	1.244249
1768	1544	1.244249
1769	1539	1.240220
1770	1538	1.239414
1771	1536	1.237802
1772	1538	1.239414
1773	1544	1.244249
1774	1555	1.253114
1775	1547	1.246667
1776	1547	1.246667
1777	1546	1.245861
1778	1544	1.244249
1779	1546	1.245861
1780	1544	1.244249
1781	1544	1.244249
1782	1546	1.245861
1783	1544	1.244249
1784	1546	1.245861
1785	1546	1.245861
1786	1544	1.244249
1787	1544	1.244249
1788	1539	1.240220
1789	1542	1.242637
1790	1544	1.244249
1791	1546	1.245861
1792	1546	1.245861
1793	1547	1.246667
1794	1544	1.244249
1795	1539	1.240220
1796	1539	1.240220
1797	1539	1.240220
1798	1546	1.245861
1799	1547	1.246667
1800	1550	1.249084
1801	1550	1.249084
1802	1550	1.249084
1803	1547	1.246667
1804	1547	1.246667
1805	1544	1.244249
1806	1544	1.244249
1807	1539	1.240220
1808	1543	1.243443
1809	1544	1.244249
1810	1544	1.244249
1811	1544	1.244249
1812	1546	1.245861
1813	1546	1.245861
1814	1546	1.245861
1815	1547	1.246667
1816	1544	1.244249
1817	1543	1.243443
1818	1536	1.237802
1819	1531	1.233773
1820	1536	1.237802
1821	1539	1.240220
1822	1539	1.240220
1823	1544	1.244249
1824	1546	1.245861
1825	1547	1.246667
1826	1551	1.249890
1827	1551	1.249890
1828	1551	1.249890
1829	1546	1.245861
1830	1547	1.246667
1831	1544	1.244249
1832	1544	1.244249
1833	1542	1.242637
1834	1539	1.240220
1835	1542	1.242637
1836	1539	1.240220
1837	1539	1.240220
1838	1544	1.244249
1839	1547	1.246667
1840	1547	1.246667
1841	1546	1.245861
1842	1546	1.245861
1843	1547	1.246667
1844	1547	1.246667
1845	1551	1.249890
1846	1551	1.249890
1847	1546	1.245861
1848	1539	1.240220
1849	1531	1.233773
1850	1530	1.232967
1851	1531	1.233773
1852	1536	1.237802
1853	1536	1.237802
1854	1539	1.240220
1855	1539	1.240220
1856	1547	1.246667
1857	1547	1.246667
1858	1547	1.246667
1859	1547	1.246667
1860	1547	1.246667
1861	1539	1.240220
1862	1542	1.242637
1863	1547	1.246667
1864	1547	1.246667
1865	1546	1.245861
1866	1542	1.242637
1867	1544	1.244249
1868	1546	1.245861
1869	1539	1.240220
1870	1539	1.240220
1871	1544	1.244249
1872	1546	1.245861
1873	1546	1.245861
1874	1547	1.246667
1875	1547	1.246667
1876	1544	1.244249
1877	1545	1.245055
1878	1546	1.245861
1879	1547	1.246667
1880	1547	1.246667
1881	1551	1.249890
1882	1547	1.246667
1883	1539	1.240220
1884	1546	1.245861
1885	1550	1.249084
1886	1551	1.249890
1887	1547	1.246667
1888	1546	1.245861
1889	1547	1.246667
1890	1551	1.249890
1891	1551	1.249890
1892	1555	1.253114
1893	1551	1.249890
1894	1555	1.253114
1895	1551	1.249890
1896	1555	1.253114
1897	1551	1.249890
1898	1551	1.249890
1899	1551	1.249890
1900	1547	1.246667
1901	1547	1.246667
1902	1550	1.249084
1903	1546	1.245861
1904	1543	1.243443
1905	1544	1.244249
1906	1550	1.249084
1907	1547	1.246667
1908	1547	1.246667
1909	1551	1.249890
1910	1555	1.253114
1911	1555	1.253114
1912	1560	1.257143
1913	1555	1.253114
1914	1551	1.249890
1915	1550	1.249084
1916	1555	1.253114
1917	1551	1.249890
1918	1547	1.246667
1919	1546	1.245861
1920	1547	1.246667
1921	1555	1.253114
1922	1558	1.255531
1923	1551	1.249890
1924	1551	1.249890
1925	1551	1.249890
1926	1555	1.253114
1927	1555	1.253114
1928	1551	1.249890
1929	1555	1.253114
1930	1551	1.249890
1931	1546	1.245861
1932	1546	1.245861
1933	1547	1.246667
1934	1551	1.249890
1935	1551	1.249890
1936	1551	1.249890
1937	1555	1.253114
1938	1562	1.258755
1939	1560	1.257143
1940	1560	1.257143
1941	1560	1.257143
1942	1555	1.253114
1943	1555	1.253114
1944	1555	1.253114
1945	1560	1.257143
1946	1563	1.259560
1947	1558	1.255531
1948	1562	1.258755
1949	1560	1.257143
1950	1560	1.257143
1951	1551	1.249890
1952	1547	1.246667
1953	1551	1.249890
1954	1551	1.249890
1955	1555	1.253114
1956	1560	1.257143
1957	1560	1.257143
1958	1555	1.253114
1959	1562	1.258755
1960	1562	1.258755
1961	1568	1.263590
1962	1560	1.257143
1963	1562	1.258755
1964	1568	1.263590
1965	1562	1.258755
1966	1555	1.253114
1967	1562	1.258755
1968	1568	1.263590
1969	1562	1.258755
1970	1555	1.253114
1971	1551	1.249890
1972	1555	1.253114
1973	1560	1.257143
1974	1568	1.263590
1975	1568	1.263590
1976	1562	1.258755
1977	1555	1.253114
1978	1562	1.258755
1979	1568	1.263590
1980	1562	1.258755
1981	1568	1.263590
1982	1562	1.258755
1983	1555	1.253114
1984	1558	1.255531
1985	1555	1.253114
1986	1555	1.253114
1987	1560	1.257143
1988	1562	1.258755
1989	1568	1.263590
1990	1568	1.263590
1991	1562	1.258755
1992	1560	1.257143
1993	1562	1.258755
1994	1568	1.263590
1995	1568	1.263590
1996	1560	1.257143
1997	1568	1.263590
1998	1568	1.263590
1999	1568	1.263590
2000	1568	1.263590
2001	1555	1.253114
2002	1555	1.253114
2003	1555	1.253114
2004	1555	1.253114
2005	1555	1.253114
2006	1562	1.258755
2007	1568	1.263590
2008	1570	1.265201
2009	1571	1.266007
2010	1568	1.263590
2011	1571	1.266007
2012	1568	1.263590
2013	1570	1.265201
2014	1570	1.265201
2015	1568	1.263590
2016	1570	1.265201
2017	1568	1.263590
2018	1568	1.263590
2019	1562	1.258755
2020	1568	1.263590
2021	1562	1.258755
2022	1568	1.263590
2023	1568	1.263590
2024	1562	1.258755
2025	1555	1.253114
2026	1568	1.263590
2027	1568	1.263590
2028	1568	1.263590
2029	1568	1.263590
2030	1568	1.263590
2031	1568	1.263590
2032	1562	1.258755
2033	1562	1.258755
2034	1568	1.263590
2035	1568	1.263590
2036	1568	1.263590
2037	1568	1.263590
2038	1571	1.266007
2039	1568	1.263590
2040	1568	1.263590
2041	1576	1.270037
2042	1571	1.266007
2043	1570	1.265201
2044	1568	1.263590
2045	1563	1.259560
2046	1568	1.263590
2047	1576	1.270037
2048	1575	1.269231
2049	1579	1.272454
2050	1578	1.271648
2051	1571	1.266007
2052	1571	1.266007
2053	1571	1.266007
2054	1570	1.265201
2055	1571	1.266007
2056	1578	1.271648
2057	1571	1.266007
2058	1570	1.265201
2059	1568	1.263590
2060	1570	1.265201
2061	1568	1.263590
2062	1568	1.263590
2063	1570	1.265201
2064	1570	1.265201
2065	1570	1.265201
2066	1571	1.266007
2067	1568	1.263590
2068	1571	1.266007
2069	1570	1.265201
2070	1571	1.266007
2071	1570	1.265201
2072	1570	1.265201
2073	1570	1.265201
2074	1571	1.266007
2075	1575	1.269231
2076	1574	1.268425
2077	1579	1.272454
2078	1579	1.272454
2079	1576	1.270037
2080	1576	1.270037
2081	1575	1.269231
2082	1576	1.270037
2083	1578	1.271648
2084	1579	1.272454
2085	1578	1.271648
2086	1578	1.271648
2087	1576	1.270037
2088	1574	1.268425
2089	1574	1.268425
2090	1576	1.270037
2091	1570	1.265201
2092	1576	1.270037
2093	1571	1.266007
2094	1578	1.271648
2095	1578	1.271648
2096	1578	1.271648
2097	1582	1.274872
2098	1578	1.271648
2099	1579	1.272454
2100	1578	1.271648
2101	1579	1.272454
2102	1578	1.271648
2103	1582	1.274872
2104	1583	1.275678
2105	1583	1.275678
2106	1579	1.272454
2107	1579	1.272454
2108	1579	1.272454
2109	1579	1.272454
2110	1579	1.272454
2111	1576	1.270037
2112	1574	1.268425
2113	1574	1.268425
2114	1570	1.265201
2115	1578	1.271648
2116	1576	1.270037
2117	1579	1.272454
2118	1578	1.271648
2119	1578	1.271648
2120	1571	1.266007
2121	1570	1.265201
2122	1576	1.270037
2123	1579	1.272454
2124	1579	1.272454
2125	1579	1.272454
2126	1579	1.272454
2127	1578	1.271648
2128	1578	1.271648
2129	1579	1.272454
2130	1583	1.275678
2131	1579	1.272454
2132	1583	1.275678
2133	1583	1.275678
2134	1583	1.275678
2135	1587	1.278901
2136	1583	1.275678
2137	1587	1.278901
2138	1587	1.278901
2139	1582	1.274872
2140	1579	1.272454
2141	1586	1.278095
2142	1583	1.275678
2143	1579	1.272454
2144	1579	1.272454
2145	1579	1.272454
2146	1582	1.274872
2147	1583	1.275678
2148	1582	1.274872
2149	1582	1.274872
2150	1579	1.272454
2151	1583	1.275678
2152	1583	1.275678
2153	1583	1.275678
2154	1582	1.274872
2155	1582	1.274872
2156	1583	1.275678
2157	1583	1.275678
2158	1582	1.274872
2159	1583	1.275678
2160	1579	1.272454
2161	1587	1.278901
2162	1583	1.275678
2163	1583	1.275678
2164	1583	1.275678
2165	1582	1.274872
2166	1583	1.275678
2167	1583	1.275678
2168	1583	1.275678
2169	1590	1.281319
2170	1583	1.275678
2171	1587	1.278901
2172	1587	1.278901
2173	1587	1.278901
2174	1587	1.278901
2175	1587	1.278901
2176	1587	1.278901
2177	1587	1.278901
2178	1587	1.278901
2179	1587	1.278901
2180	1587	1.278901
2181	1592	1.282930
2182	1594	1.284542
2183	1594	1.284542
2184	1594	1.284542
2185	1592	1.282930
2186	1594	1.284542
2187	1592	1.282930
2188	1587	1.278901
2189	1590	1.281319
2190	1590	1.281319
2191	1592	1.282930
2192	1587	1.278901
2193	1594	1.284542
2194	1592	1.282930
2195	1587	1.278901
2196	1587	1.278901
2197	1587	1.278901
2198	1594	1.284542
2199	1592	1.282930
2200	1593	1.283736
2201	1592	1.282930
2202	1592	1.282930
2203	1595	1.285348
2204	1592	1.282930
2205	1587	1.278901
2206	1592	1.282930
2207	1592	1.282930
2208	1587	1.278901
2209	1592	1.282930
2210	1592	1.282930
2211	1590	1.281319
2212	1587	1.278901
2213	1587	1.278901
2214	1583	1.275678
2215	1592	1.282930
2216	1587	1.278901
2217	1594	1.284542
2218	1592	1.282930
2219	1592	1.282930
2220	1592	1.282930
2221	1590	1.281319
2222	1594	1.284542
2223	1594	1.284542
2224	1594	1.284542
2225	1595	1.285348
2226	1594	1.284542
2227	1599	1.288571
2228	1594	1.284542
2229	1602	1.290989
2230	1602	1.290989
2231	1603	1.291795
2232	1603	1.291795
2233	1600	1.289377
2234	1600	1.289377
2235	1602	1.290989
2236	1599	1.288571
2237	1599	1.288571
2238	1600	1.289377
2239	1603	1.291795
2240	1599	1.288571
2241	1606	1.294212
2242	1608	1.295824
2243	1600	1.289377
2244	1602	1.290989
2245	1599	1.288571
2246	1598	1.287766
2247	1603	1.291795
2248	1603	1.291795
2249	1603	1.291795
2250	1602	1.290989
2251	1602	1.290989
2252	1595	1.285348
2253	1602	1.290989
2254	1595	1.285348
2255	1599	1.288571
2256	1600	1.289377
2257	1603	1.291795
2258	1602	1.290989
2259	1603	1.291795
2260	1603	1.291795
2261	1606	1.294212
2262	1610	1.297436
2263	1608	1.295824
2264	1608	1.295824
2265	1608	1.295824
2266	1608	1.295824
2267	1606	1.294212
2268	1606	1.294212
2269	1603	1.291795
2270	1608	1.295824
2271	1603	1.291795
2272	1603	1.291795
2273	1603	1.291795
2274	1608	1.295824
2275	1603	1.291795
2276	1610	1.297436
2277	1610	1.297436
2278	1603	1.291795
2279	1610	1.297436
2280	1611	1.298242
2281	1615	1.301465
2282	1611	1.298242
2283	1611	1.298242
2284	1611	1.298242
2285	1615	1.301465
2286	1611	1.298242
2287	1610	1.297436
2288	1610	1.297436
2289	1611	1.298242
2290	1611	1.298242
2291	1607	1.295018
2292	1615	1.301465
2293	1614	1.300659
2294	1615	1.301465
2295	1611	1.298242
2296	1615	1.301465
2297	1614	1.300659
2298	1611	1.298242
2299	1615	1.301465
2300	1615	1.301465
2301	1611	1.298242
2302	1611	1.298242
2303	1615	1.301465
2304	1611	1.298242
2305	1615	1.301465
2306	1615	1.301465
2307	1619	1.304689
2308	1615	1.301465
2309	1615	1.301465
2310	1615	1.301465
2311	1619	1.304689
2312	1614	1.300659
2313	1619	1.304689
2314	1615	1.301465
2315	1615	1.301465
2316	1611	1.298242
2317	1615	1.301465
2318	1615	1.301465
2319	1615	1.301465
2320	1619	1.304689
2321	1619	1.304689
2322	1615	1.301465
2323	1615	1.301465
2324	1615	1.301465
2325	1619	1.304689
2326	1619	1.304689
2327	1615	1.301465
2328	1615	1.301465
2329	1619	1.304689
2330	1615	1.301465
2331	1615	1.301465
2332	1615	1.301465
2333	1619	1.304689
2334	1619	1.304689
2335	1619	1.304689
2336	1624	1.308718
2337	1622	1.307106
2338	1624	1.308718
2339	1619	1.304689
2340	1619	1.304689
2341	1624	1.308718
2342	1624	1.308718
2343	1622	1.307106
2344	1632	1.315165
2345	1632	1.315165
2346	1624	1.308718
2347	1626	1.310330
2348	1624	1.308718
2349	1623	1.307912
2350	1619	1.304689
2351	1632	1.315165
2352	1632	1.315165
2353	1619	1.304689
2354	1624	1.308718
2355	1619	1.304689
2356	1632	1.315165
2357	1626	1.310330
2358	1625	1.309524
2359	1615	1.301465
2360	1619	1.304689
2361	1619	1.304689
2362	1632	1.315165
2363	1632	1.315165
2364	1632	1.315165
2365	1632	1.315165
2366	1632	1.315165
2367	1632	1.315165
2368	1632	1.315165
2369	1632	1.315165
2370	1632	1.315165
2371	1632	1.315165
2372	1632	1.315165
2373	1632	1.315165
2374	1632	1.315165
2375	1632	1.315165
2376	1632	1.315165
2377	1632	1.315165
2378	1632	1.315165
2379	1632	1.315165
2380	1632	1.315165
2381	1632	1.315165
2382	1634	1.316777
2383	1624	1.308718
2384	1626	1.310330
2385	1635	1.317582
2386	1634	1.316777
2387	1640	1.321612
2388	1632	1.315165
2389	1632	1.315165
2390	1634	1.316777
2391	1635	1.317582
2392	1632	1.315165
2393	1632	1.315165
2394	1632	1.315165
2395	1632	1.315165
2396	1632	1.315165
2397	1632	1.315165
2398	1632	1.315165
2399	1632	1.315165
2400	1632	1.315165
2401	1632	1.315165
2402	1632	1.315165
2403	1624	1.308718
2404	1632	1.315165
2405	1632	1.315165
2406	1632	1.315165
2407	1632	1.315165
2408	1632	1.315165
2409	1632	1.315165
2410	1632	1.315165
2411	1632	1.315165
2412	1632	1.315165
2413	1632	1.315165
2414	1634	1.316777
2415	1632	1.315165
2416	1632	1.315165
2417	1632	1.315165
2418	1632	1.315165
2419	1632	1.315165
2420	1635	1.317582
2421	1632	1.315165
2422	1640	1.321612
2423	1632	1.315165
2424	1634	1.316777
2425	1634	1.316777
2426	1635	1.317582
2427	1632	1.315165
2428	1634	1.316777
2429	1635	1.317582
2430	1635	1.317582
2431	1632	1.315165
2432	1634	1.316777
2433	1632	1.315165
2434	1634	1.316777
2435	1635	1.317582
2436	1632	1.315165
2437	1634	1.316777
2438	1634	1.316777
2439	1632	1.315165
2440	1632	1.315165
2441	1634	1.316777
2442	1634	1.316777
2443	1635	1.317582
2444	1634	1.316777
2445	1632	1.315165
2446	1632	1.315165
2447	1634	1.316777
2448	1632	1.315165
2449	1632	1.315165
2450	1632	1.315165
2451	1634	1.316777
2452	1635	1.317582
2453	1632	1.315165
2454	1634	1.316777
2455	1632	1.315165
2456	1632	1.315165
2457	1632	1.315165
2458	1632	1.315165
2459	1632	1.315165
2460	1632	1.315165
2461	1632	1.315165
2462	1632	1.315165
2463	1632	1.315165
2464	1632	1.315165
2465	1632	1.315165
2466	1619	1.304689
2467	1622	1.307106
2468	1624	1.308718
2469	1632	1.315165
2470	1619	1.304689
2471	1619	1.304689
2472	1615	1.301465
2473	1614	1.300659
2474	1610	1.297436
2475	1598	1.287766
2476	1587	1.278901
2477	1578	1.271648
2478	1568	1.263590
2479	1568	1.263590
2480	1568	1.263590
2481	1562	1.258755
2482	1560	1.257143
2483	1555	1.253114
2484	1547	1.246667
2485	1546	1.245861
2486	1542	1.242637
2487	1539	1.240220
2488	1536	1.237802
2489	1531	1.233773
2490	1530	1.232967
2491	1529	1.232161
2492	1530	1.232967
2493	1523	1.227326
2494	1523	1.227326
2495	1523	1.227326
2496	1519	1.224103
2497	1519	1.224103
2498	1519	1.224103
2499	1519	1.224103
2500	1519	1.224103
2501	1519	1.224103
2502	1519	1.224103
2503	1519	1.224103
2504	1519	1.224103
2505	1519	1.224103
2506	1519	1.224103
2507	1515	1.220879
2508	1515	1.220879
2509	1515	1.220879
2510	1514	1.220073
2511	1512	1.218462
2512	1510	1.216850
2513	1507	1.214432
2514	1507	1.214432
2515	1506	1.213626
2516	1504	1.212015
2517	1504	1.212015
2518	1504	1.212015
2519	1504	1.212015
2520	1504	1.212015
2521	1504	1.212015
2522	1504	1.212015
2523	1504	1.212015
2524	1498	1.207179
2525	1498	1.207179
2526	1496	1.205568
2527	1496	1.205568
2528	1496	1.205568
2529	1496	1.205568
2530	1491	1.201538
2531	1494	1.203956
2532	1491	1.201538
2533	1491	1.201538
2534	1491	1.201538
2535	1491	1.201538
2536	1491	1.201538
2537	1491	1.201538
2538	1491	1.201538
2539	1490	1.200733
2540	1487	1.198315
2541	1487	1.198315
2542	1487	1.198315
2543	1487	1.198315
2544	1487	1.198315
2545	1487	1.198315
2546	1487	1.198315
2547	1487	1.198315
2548	1487	1.198315
2549	1487	1.198315
2550	1486	1.197509
2551	1487	1.198315
2552	1504	1.212015
2553	1506	1.213626
2554	1555	1.253114
2555	1563	1.259560
2556	1568	1.263590
2557	1576	1.270037
2558	1571	1.266007
2559	1578	1.271648
2560	1579	1.272454
2561	1578	1.271648
2562	1583	1.275678
2563	1583	1.275678
2564	1583	1.275678
2565	1587	1.278901
2566	1587	1.278901
2567	1592	1.282930
2568	1595	1.285348
2569	1595	1.285348
2570	1595	1.285348
2571	1598	1.287766
2572	1603	1.291795
2573	1603	1.291795
2574	1606	1.294212
2575	1608	1.295824
2576	1610	1.297436
2577	1610	1.297436
2578	1615	1.301465
2579	1615	1.301465
2580	1615	1.301465
2581	1619	1.304689
2582	1624	1.308718
2583	1632	1.315165
2584	1632	1.315165
2585	1632	1.315165
2586	1632	1.315165
2587	1634	1.316777
2588	1635	1.317582
2589	1634	1.316777
2590	1635	1.317582
2591	1642	1.323223
2592	1635	1.317582
2593	1642	1.323223
2594	1635	1.317582
2595	1640	1.321612
2596	1643	1.324029
2597	1640	1.321612
2598	1643	1.324029
2599	1642	1.323223
2600	1643	1.324029
2601	1646	1.326447
2602	1642	1.323223
2603	1647	1.327253
2604	1647	1.327253
2605	1647	1.327253
2606	1643	1.324029
2607	1643	1.324029
2608	1651	1.330476
2609	1651	1.330476
2610	1651	1.330476
2611	1646	1.326447
2612	1656	1.334505
2613	1654	1.332894
2614	1656	1.334505
2615	1650	1.329670
2616	1658	1.336117
2617	1651	1.330476
2618	1656	1.334505
2619	1656	1.334505
2620	1651	1.330476
2621	1656	1.334505
2622	1659	1.336923
2623	1658	1.336117
2624	1658	1.336117
2625	1651	1.330476
2626	1658	1.336117
2627	1659	1.336923
2628	1656	1.334505
2629	1658	1.336117
2630	1656	1.334505
2631	1658	1.336117
2632	1651	1.330476
2633	1656	1.334505
2634	1656	1.334505
2635	1656	1.334505
2636	1659	1.336923
2637	1656	1.334505
2638	1659	1.336923
2639	1658	1.336117
2640	1656	1.334505
2641	1656	1.334505
2642	1656	1.334505
2643	1659	1.336923
2644	1663	1.340147
2645	1663	1.340147
2646	1658	1.336117
2647	1658	1.336117
2648	1656	1.334505
2649	1659	1.336923
2650	1658	1.336117
2651	1662	1.339341
2652	1659	1.336923
2653	1663	1.340147
2654	1663	1.340147
2655	1663	1.340147
2656	1659	1.336923
2657	1656	1.334505
2658	1659	1.336923
2659	1659	1.336923
2660	1663	1.340147
2661	1663	1.340147
2662	1663	1.340147
2663	1663	1.340147
2664	1663	1.340147
2665	1662	1.339341
2666	1663	1.340147
2667	1672	1.347399
2668	1663	1.340147
2669	1674	1.349011
2670	1663	1.340147
2671	1672	1.347399
2672	1663	1.340147
2673	1672	1.347399
2674	1674	1.349011
2675	1663	1.340147
2676	1663	1.340147
2677	1663	1.340147
2678	1663	1.340147
2679	1672	1.347399
2680	1675	1.349817
2681	1663	1.340147
2682	1672	1.347399
2683	1675	1.349817
2684	1674	1.349011
2685	1672	1.347399
2686	1674	1.349011
2687	1672	1.347399
2688	1672	1.347399
2689	1672	1.347399
2690	1674	1.349011
2691	1663	1.340147
2692	1663	1.340147
2693	1663	1.340147
2694	1675	1.349817
2695	1675	1.349817
2696	1675	1.349817
2697	1663	1.340147
2698	1672	1.347399
2699	1675	1.349817
2700	1674	1.349011
2701	1674	1.349011
2702	1672	1.347399
2703	1663	1.340147
2704	1674	1.349011
2705	1678	1.352234
2706	1663	1.340147
2707	1663	1.340147
2708	1674	1.349011
2709	1675	1.349817
2710	1675	1.349817
2711	1663	1.340147
2712	1675	1.349817
2713	1675	1.349817
2714	1675	1.349817
2715	1679	1.353040
2716	1674	1.349011
2717	1674	1.349011
2718	1678	1.352234
2719	1679	1.353040
2720	1675	1.349817
2721	1679	1.353040
2722	1674	1.349011
2723	1674	1.349011
2724	1674	1.349011
2725	1679	1.353040
2726	1674	1.349011
2727	1674	1.349011
2728	1675	1.349817
2729	1673	1.348205
2730	1678	1.352234
2731	1675	1.349817
2732	1675	1.349817
2733	1675	1.349817
2734	1675	1.349817
2735	1674	1.349011
2736	1675	1.349817
2737	1674	1.349011
2738	1674	1.349011
2739	1675	1.349817
2740	1675	1.349817
2741	1675	1.349817
2742	1675	1.349817
2743	1675	1.349817
2744	1675	1.349817
2745	1674	1.349011
2746	1675	1.349817
2747	1683	1.356264
2748	1675	1.349817
2749	1675	1.349817
2750	1679	1.353040
2751	1679	1.353040
2752	1683	1.356264
2753	1679	1.353040
2754	1679	1.353040
2755	1675	1.349817
2756	1679	1.353040
2757	1679	1.353040
2758	1679	1.353040
2759	1696	1.366740
2760	1683	1.356264
2761	1679	1.353040
2762	1682	1.355458
2763	1679	1.353040
2764	1679	1.353040
2765	1683	1.356264
2766	1688	1.360293
2767	1690	1.361905
2768	1686	1.358681
2769	1679	1.353040
2770	1686	1.358681
2771	1683	1.356264
2772	1683	1.356264
2773	1690	1.361905
2774	1688	1.360293
2775	1696	1.366740
2776	1683	1.356264
2777	1696	1.366740
2778	1683	1.356264
2779	1688	1.360293
2780	1688	1.360293
2781	1688	1.360293
2782	1688	1.360293
2783	1679	1.353040
2784	1683	1.356264
2785	1690	1.361905
2786	1686	1.358681
2787	1683	1.356264
2788	1688	1.360293
2789	1679	1.353040
2790	1696	1.366740
2791	1679	1.353040
2792	1688	1.360293
2793	1679	1.353040
2794	1683	1.356264
2795	1679	1.353040
2796	1683	1.356264
2797	1678	1.352234
2798	1683	1.356264
2799	1683	1.356264
2800	1679	1.353040
2801	1696	1.366740
2802	1683	1.356264
2803	1696	1.366740
2804	1683	1.356264
2805	1679	1.353040
2806	1683	1.356264
2807	1683	1.356264
2808	1690	1.361905
2809	1688	1.360293
2810	1696	1.366740
2811	1696	1.366740
2812	1688	1.360293
2813	1690	1.361905
2814	1690	1.361905
2815	1696	1.366740
2816	1696	1.366740
2817	1683	1.356264
2818	1699	1.369158
2819	1688	1.360293
2820	1698	1.368352
2821	1696	1.366740
2822	1696	1.366740
2823	1699	1.369158
2824	1696	1.366740
2825	1696	1.366740
2826	1696	1.366740
2827	1696	1.366740
2828	1691	1.362711
2829	1696	1.366740
2830	1698	1.368352
2831	1696	1.366740
2832	1696	1.366740
2833	1696	1.366740
2834	1698	1.368352
2835	1696	1.366740
2836	1683	1.356264
2837	1690	1.361905
2838	1696	1.366740
2839	1696	1.366740
2840	1690	1.361905
2841	1696	1.366740
2842	1696	1.366740
2843	1704	1.373187
2844	1699	1.369158
2845	1704	1.373187
2846	1699	1.369158
2847	1699	1.369158
2848	1699	1.369158
2849	1696	1.366740
2850	1698	1.368352
2851	1699	1.369158
2852	1698	1.368352
2853	1699	1.369158
2854	1699	1.369158
2855	1696	1.366740
2856	1699	1.369158
2857	1698	1.368352
2858	1696	1.366740
2859	1698	1.368352
2860	1696	1.366740
2861	1696	1.366740
2862	1707	1.375604
2863	1699	1.369158
2864	1699	1.369158
2865	1698	1.368352
2866	1706	1.374799
2867	1699	1.369158
2868	1704	1.373187
2869	1704	1.373187
2870	1711	1.378828
2871	1706	1.374799
2872	1698	1.368352
2873	1707	1.375604
2874	1706	1.374799
2875	1706	1.374799
2876	1706	1.374799
2877	1711	1.378828
2878	1704	1.373187
2879	1706	1.374799
2880	1699	1.369158
2881	1706	1.374799
2882	1704	1.373187
2883	1704	1.373187
2884	1706	1.374799
2885	1707	1.375604
2886	1711	1.378828
2887	1702	1.371575
2888	1706	1.374799
2889	1707	1.375604
2890	1699	1.369158
2891	1699	1.369158
2892	1711	1.378828
2893	1707	1.375604
2894	1704	1.373187
2895	1706	1.374799
2896	1704	1.373187
2897	1707	1.375604
2898	1707	1.375604
2899	1707	1.375604
2900	1707	1.375604
2901	1704	1.373187
2902	1711	1.378828
2903	1707	1.375604
2904	1711	1.378828
2905	1706	1.374799
2906	1711	1.378828
2907	1702	1.371575
2908	1707	1.375604
2909	1707	1.375604
2910	1710	1.378022
2911	1711	1.378828
2912	1699	1.369158
2913	1707	1.375604
2914	1711	1.378828
2915	1711	1.378828
2916	1711	1.378828
2917	1707	1.375604
2918	1706	1.374799
2919	1711	1.378828
2920	1711	1.378828
2921	1711	1.378828
2922	1720	1.386081
2923	1711	1.378828
2924	1711	1.378828
2925	1715	1.382051
2926	1711	1.378828
2927	1715	1.382051
2928	1707	1.375604
2929	1728	1.392527
2930	1715	1.382051
2931	1707	1.375604
2932	1711	1.378828
2933	1707	1.375604
2934	1711	1.378828
2935	1711	1.378828
2936	1707	1.375604
2937	1711	1.378828
2938	1715	1.382051
2939	1720	1.386081
2940	1715	1.382051
2941	1723	1.388498
2942	1715	1.382051
2943	1715	1.382051
2944	1722	1.387692
2945	1715	1.382051
2946	1720	1.386081
2947	1715	1.382051
2948	1720	1.386081
2949	1711	1.378828
2950	1723	1.388498
2951	1715	1.382051
2952	1715	1.382051
2953	1728	1.392527
2954	1723	1.388498
2955	1715	1.382051
2956	1715	1.382051
2957	1723	1.388498
2958	1723	1.388498
2959	1715	1.382051
2960	1720	1.386081
2961	1715	1.382051
2962	1723	1.388498
2963	1720	1.386081
2964	1722	1.387692
2965	1730	1.394139
2966	1730	1.394139
2967	1723	1.388498
2968	1736	1.398974
2969	1730	1.394139
2970	1720	1.386081
2971	1723	1.388498
2972	1730	1.394139
2973	1730	1.394139
2974	1720	1.386081
2975	1728	1.392527
2976	1736	1.398974
2977	1731	1.394945
2978	1731	1.394945
2979	1736	1.398974
2980	1730	1.394139
2981	1730	1.394139
2982	1731	1.394945
2983	1723	1.388498
2984	1723	1.388498
2985	1731	1.394945
2986	1731	1.394945
2987	1720	1.386081
2988	1728	1.392527
2989	1723	1.388498
2990	1723	1.388498
2991	1736	1.398974
2992	1738	1.400586
2993	1730	1.394139
2994	1731	1.394945
2995	1730	1.394139
2996	1731	1.394945
2997	1738	1.400586
2998	1731	1.394945
2999	1731	1.394945
3000	1730	1.394139
3001	1731	1.394945
3002	1730	1.394139
3003	1730	1.394139
3004	1728	1.392527
3005	1738	1.400586
3006	1730	1.394139
3007	1730	1.394139
3008	1723	1.388498
3009	1723	1.388498
3010	1731	1.394945
3011	1730	1.394139
3012	1730	1.394139
3013	1730	1.394139
3014	1728	1.392527
3015	1731	1.394945
3016	1730	1.394139
3017	1731	1.394945
3018	1723	1.388498
3019	1730	1.394139
3020	1723	1.388498
3021	1730	1.394139
3022	1731	1.394945
3023	1730	1.394139
3024	1736	1.398974
3025	1738	1.400586
3026	1736	1.398974
3027	1736	1.398974
3028	1731	1.394945
3029	1738	1.400586
3030	1736	1.398974
3031	1739	1.401392
3032	1731	1.394945
3033	1735	1.398168
3034	1731	1.394945
3035	1736	1.398974
3036	1731	1.394945
3037	1739	1.401392
3038	1738	1.400586
3039	1738	1.400586
3040	1728	1.392527
3041	1739	1.401392
3042	1730	1.394139
3043	1738	1.400586
3044	1738	1.400586
3045	1747	1.407839
3046	1731	1.394945
3047	1738	1.400586
3048	1730	1.394139
3049	1738	1.400586
3050	1738	1.400586
3051	1731	1.394945
3052	1731	1.394945
3053	1738	1.400586
3054	1743	1.404615
3055	1734	1.397363
3056	1739	1.401392
3057	1747	1.407839
3058	1743	1.404615
3059	1739	1.401392
3060	1738	1.400586
3061	1747	1.407839
3062	1739	1.401392
3063	1742	1.403810
3064	1743	1.404615
3065	1743	1.404615
3066	1743	1.404615
3067	1738	1.400586
3068	1731	1.394945
3069	1739	1.401392
3070	1743	1.404615
3071	1731	1.394945
3072	1738	1.400586
3073	1738	1.400586
3074	1739	1.401392
3075	1739	1.401392
3076	1739	1.401392
3077	1734	1.397363
3078	1738	1.400586
3079	1739	1.401392
3080	1739	1.401392
3081	1743	1.404615
3082	1730	1.394139
3083	1743	1.404615
3084	1738	1.400586
3085	1743	1.404615
3086	1743	1.404615
3087	1739	1.401392
3088	1743	1.404615
3089	1738	1.400586
3090	1742	1.403810
3091	1739	1.401392
3092	1743	1.404615
3093	1739	1.401392
3094	1739	1.401392
3095	1731	1.394945
3096	1752	1.411868
3097	1728	1.392527
3098	1742	1.403810
3099	1743	1.404615
3100	1743	1.404615
3101	1739	1.401392
3102	1739	1.401392
3103	1736	1.398974
3104	1743	1.404615
3105	1738	1.400586
3106	1739	1.401392
3107	1738	1.400586
3108	1743	1.404615
3109	1747	1.407839
3110	1743	1.404615
3111	1743	1.404615
3112	1743	1.404615
3113	1743	1.404615
3114	1760	1.418315
3115	1739	1.401392
3116	1747	1.407839
3117	1743	1.404615
3118	1743	1.404615
3119	1750	1.410256
3120	1752	1.411868
3121	1747	1.407839
3122	1739	1.401392
3123	1750	1.410256
3124	1743	1.404615
3125	1743	1.404615
3126	1760	1.418315
3127	1754	1.413480
3128	1752	1.411868
3129	1760	1.418315
3130	1760	1.418315
3131	1752	1.411868
3132	1747	1.407839
3133	1760	1.418315
3134	1743	1.404615
3135	1743	1.404615
3136	1747	1.407839
3137	1752	1.411868
3138	1747	1.407839
3139	1750	1.410256
3140	1747	1.407839
3141	1760	1.418315
3142	1754	1.413480
3143	1747	1.407839
3144	1747	1.407839
3145	1760	1.418315
3146	1747	1.407839
3147	1752	1.411868
3148	1743	1.404615
3149	1760	1.418315
3150	1750	1.410256
3151	1760	1.418315
3152	1763	1.420733
3153	1760	1.418315
3154	1747	1.407839
3155	1752	1.411868
3156	1760	1.418315
3157	1760	1.418315
3158	1760	1.418315
3159	1760	1.418315
3160	1752	1.411868
3161	1752	1.411868
3162	1752	1.411868
3163	1752	1.411868
3164	1754	1.413480
3165	1747	1.407839
3166	1747	1.407839
3167	1743	1.404615
3168	1747	1.407839
3169	1743	1.404615
3170	1747	1.407839
3171	1742	1.403810
3172	1743	1.404615
3173	1760	1.418315
3174	1743	1.404615
3175	1743	1.404615
3176	1763	1.420733
3177	1754	1.413480
3178	1760	1.418315
3179	1752	1.411868
3180	1762	1.419927
3181	1762	1.419927
3182	1752	1.411868
3183	1747	1.407839
3184	1752	1.411868
3185	1767	1.423956
3186	1760	1.418315
3187	1760	1.418315
3188	1762	1.419927
3189	1752	1.411868
3190	1760	1.418315
3191	1763	1.420733
3192	1760	1.418315
3193	1763	1.420733
3194	1762	1.419927
3195	1763	1.420733
3196	1752	1.411868
3197	1760	1.418315
3198	1760	1.418315
3199	1762	1.419927
3200	1760	1.418315
3201	1760	1.418315
3202	1763	1.420733
3203	1763	1.420733
3204	1760	1.418315
3205	1760	1.418315
3206	1762	1.419927
3207	1762	1.419927
3208	1762	1.419927
3209	1760	1.418315
3210	1760	1.418315
3211	1760	1.418315
3212	1760	1.418315
3213	1762	1.419927
3214	1760	1.418315
3215	1760	1.418315
3216	1763	1.420733
3217	1760	1.418315
3218	1760	1.418315
3219	1763	1.420733
3220	1760	1.418315
3221	1752	1.411868
3222	1760	1.418315
3223	1752	1.411868
3224	1752	1.411868
3225	1763	1.420733
3226	1760	1.418315
3227	1771	1.427179
3228	1760	1.418315
3229	1760	1.418315
3230	1760	1.418315
3231	1760	1.418315
3232	1760	1.418315
3233	1763	1.420733
3234	1762	1.419927
3235	1770	1.426374
3236	1760	1.418315
3237	1763	1.420733
3238	1760	1.418315
3239	1763	1.420733
3240	1763	1.420733
3241	1763	1.420733
3242	1762	1.419927
3243	1763	1.420733
3244	1763	1.420733
3245	1763	1.420733
3246	1760	1.418315
3247	1768	1.424762
3248	1762	1.419927
3249	1763	1.420733
3250	1763	1.420733
3251	1760	1.418315
3252	1766	1.423150
3253	1762	1.419927
3254	1760	1.418315
3255	1770	1.426374
3256	1760	1.418315
3257	1760	1.418315
3258	1760	1.418315
3259	1762	1.419927
3260	1763	1.420733
3261	1763	1.420733
3262	1763	1.420733
3263	1763	1.420733
3264	1770	1.426374
3265	1760	1.418315
3266	1760	1.418315
3267	1766	1.423150
3268	1768	1.424762
3269	1760	1.418315
3270	1763	1.420733
3271	1762	1.419927
3272	1762	1.419927
3273	1762	1.419927
3274	1763	1.420733
3275	1763	1.420733
3276	1763	1.420733
3277	1766	1.423150
3278	1762	1.419927
3279	1775	1.430403
3280	1775	1.430403
3281	1771	1.427179
3282	1768	1.424762
3283	1775	1.430403
3284	1763	1.420733
3285	1771	1.427179
3286	1768	1.424762
3287	1768	1.424762
3288	1770	1.426374
3289	1763	1.420733
3290	1760	1.418315
3291	1763	1.420733
3292	1760	1.418315
3293	1763	1.420733
3294	1763	1.420733
3295	1763	1.420733
3296	1768	1.424762
3297	1763	1.420733
3298	1768	1.424762
3299	1771	1.427179
3300	1760	1.418315
3301	1768	1.424762
3302	1760	1.418315
3303	1762	1.419927
3304	1763	1.420733
3305	1768	1.424762
3306	1768	1.424762
3307	1763	1.420733
3308	1762	1.419927
3309	1763	1.420733
3310	1763	1.420733
3311	1770	1.426374
3312	1775	1.430403
3313	1763	1.420733
3314	1775	1.430403
3315	1770	1.426374
3316	1775	1.430403
3317	1770	1.426374
3318	1771	1.427179
3319	1763	1.420733
3320	1768	1.424762
3321	1771	1.427179
3322	1760	1.418315
3323	1775	1.430403
3324	1771	1.427179
3325	1775	1.430403
3326	1775	1.430403
3327	1766	1.423150
3328	1775	1.430403
3329	1763	1.420733
3330	1771	1.427179
3331	1779	1.433626
3332	1779	1.433626
3333	1771	1.427179
3334	1775	1.430403
3335	1779	1.433626
3336	1771	1.427179
3337	1770	1.426374
3338	1771	1.427179
3339	1770	1.426374
3340	1775	1.430403
3341	1792	1.444103
3342	1763	1.420733
3343	1779	1.433626
3344	1784	1.437656
3345	1770	1.426374
3346	1770	1.426374
3347	1771	1.427179
3348	1775	1.430403
3349	1775	1.430403
3350	1779	1.433626
3351	1779	1.433626
3352	1775	1.430403
3353	1766	1.423150
3354	1779	1.433626
3355	1771	1.427179
3356	1771	1.427179
3357	1770	1.426374
3358	1771	1.427179
3359	1779	1.433626
3360	1786	1.439267
3361	1779	1.433626
3362	1768	1.424762
3363	1779	1.433626
3364	1770	1.426374
3365	1771	1.427179
3366	1768	1.424762
3367	1771	1.427179
3368	1771	1.427179
3369	1775	1.430403
3370	1775	1.430403
3371	1768	1.424762
3372	1778	1.432821
3373	1771	1.427179
3374	1779	1.433626
3375	1784	1.437656
3376	1771	1.427179
3377	1771	1.427179
3378	1779	1.433626
3379	1771	1.427179
3380	1771	1.427179
3381	1775	1.430403
3382	1775	1.430403
3383	1775	1.430403
3384	1775	1.430403
3385	1786	1.439267
3386	1770	1.426374
3387	1771	1.427179
3388	1771	1.427179
3389	1775	1.430403
3390	1779	1.433626
3391	1770	1.426374
3392	1779	1.433626
3393	1774	1.429597
3394	1771	1.427179
3395	1775	1.430403
3396	1775	1.430403
3397	1779	1.433626
3398	1775	1.430403
3399	1779	1.433626
3400	1779	1.433626
3401	1775	1.430403
3402	1775	1.430403
3403	1771	1.427179
3404	1784	1.437656
3405	1779	1.433626
3406	1775	1.430403
3407	1771	1.427179
3408	1775	1.430403
3409	1771	1.427179
3410	1775	1.430403
3411	1763	1.420733
3412	1768	1.424762
3413	1770	1.426374
3414	1774	1.429597
3415	1775	1.430403
3416	1771	1.427179
3417	1775	1.430403
3418	1775	1.430403
3419	1771	1.427179
3420	1779	1.433626
3421	1775	1.430403
3422	1775	1.430403
3423	1775	1.430403
3424	1763	1.420733
3425	1763	1.420733
3426	1770	1.426374
3427	1771	1.427179
3428	1784	1.437656
3429	1775	1.430403
3430	1771	1.427179
3431	1779	1.433626
3432	1787	1.440073
3433	1771	1.427179
3434	1768	1.424762
3435	1768	1.424762
3436	1774	1.429597
3437	1775	1.430403
3438	1787	1.440073
3439	1775	1.430403
3440	1779	1.433626
3441	1775	1.430403
3442	1775	1.430403
3443	1784	1.437656
3444	1768	1.424762
3445	1779	1.433626
3446	1774	1.429597
3447	1784	1.437656
3448	1763	1.420733
3449	1771	1.427179
3450	1779	1.433626
3451	1775	1.430403
3452	1771	1.427179
3453	1779	1.433626
3454	1774	1.429597
3455	1775	1.430403
3456	1792	1.444103
3457	1775	1.430403
3458	1792	1.444103
3459	1775	1.430403
3460	1792	1.444103
3461	1779	1.433626
3462	1779	1.433626
3463	1775	1.430403
3464	1771	1.427179
3465	1792	1.444103
3466	1779	1.433626
3467	1775	1.430403
3468	1775	1.430403
3469	1771	1.427179
3470	1786	1.439267
3471	1779	1.433626
3472	1771	1.427179
3473	1771	1.427179
3474	1784	1.437656
3475	1786	1.439267
3476	1784	1.437656
3477	1775	1.430403
3478	1786	1.439267
3479	1775	1.430403
3480	1784	1.437656
3481	1784	1.437656
3482	1795	1.446520
3483	1771	1.427179
3484	1775	1.430403
3485	1784	1.437656
3486	1779	1.433626
3487	1775	1.430403
3488	1775	1.430403
3489	1774	1.429597
3490	1775	1.430403
3491	1770	1.426374
3492	1775	1.430403
3493	1784	1.437656
3494	1779	1.433626
3495	1779	1.433626
3496	1771	1.427179
3497	1784	1.437656
3498	1779	1.433626
3499	1775	1.430403
3500	1771	1.427179
3501	1763	1.420733
3502	1792	1.444103
3503	1775	1.430403
3504	1784	1.437656
3505	1779	1.433626
3506	1771	1.427179
3507	1771	1.427179
3508	1771	1.427179
3509	1770	1.426374
3510	1775	1.430403
3511	1779	1.433626
3512	1779	1.433626
3513	1771	1.427179
3514	1775	1.430403
3515	1784	1.437656
3516	1775	1.430403
3517	1779	1.433626
3518	1779	1.433626
3519	1795	1.446520
3520	1786	1.439267
3521	1786	1.439267
3522	1779	1.433626
3523	1768	1.424762
3524	1786	1.439267
3525	1787	1.440073
3526	1794	1.445714
3527	1794	1.445714
3528	1784	1.437656
3529	1787	1.440073
3530	1786	1.439267
3531	1771	1.427179
3532	1775	1.430403
3533	1786	1.439267
3534	1775	1.430403
3535	1775	1.430403
3536	1775	1.430403
3537	1779	1.433626
3538	1775	1.430403
3539	1771	1.427179
3540	1771	1.427179
3541	1794	1.445714
3542	1775	1.430403
3543	1795	1.446520
3544	1779	1.433626
3545	1787	1.440073
3546	1775	1.430403
3547	1775	1.430403
3548	1792	1.444103
3549	1768	1.424762
3550	1779	1.433626
3551	1770	1.426374
3552	1771	1.427179
3553	1779	1.433626
3554	1779	1.433626
3555	1786	1.439267
3556	1779	1.433626
3557	1771	1.427179
3558	1786	1.439267
3559	1779	1.433626
3560	1784	1.437656
3561	1784	1.437656
3562	1786	1.439267
3563	1786	1.439267
3564	1779	1.433626
3565	1786	1.439267
3566	1784	1.437656
3567	1794	1.445714
3568	1775	1.430403
3569	1792	1.444103
3570	1787	1.440073
3571	1787	1.440073
3572	1779	1.433626
3573	1786	1.439267
3574	1786	1.439267
3575	1787	1.440073
3576	1775	1.430403
3577	1786	1.439267
3578	1787	1.440073
3579	1779	1.433626
3580	1787	1.440073
3581	1792	1.444103
3582	1786	1.439267
3583	1784	1.437656
3584	1784	1.437656
3585	1787	1.440073
3586	1787	1.440073
3587	1802	1.452161
3588	1786	1.439267
3589	1784	1.437656
3590	1787	1.440073
3591	1794	1.445714
3592	1784	1.437656
3593	1786	1.439267
3594	1779	1.433626
3595	1794	1.445714
3596	1779	1.433626
3597	1775	1.430403
3598	1787	1.440073
3599	1786	1.439267
3600	1775	1.430403
3601	1786	1.439267
3602	1792	1.444103
3603	1786	1.439267
3604	1795	1.446520
3605	1795	1.446520
3606	1795	1.446520
3607	1802	1.452161
3608	1800	1.450549
3609	1787	1.440073
3610	1794	1.445714
3611	1795	1.446520
3612	1792	1.444103
3613	1794	1.445714
3614	1787	1.440073
3615	1787	1.440073
3616	1779	1.433626
3617	1792	1.444103
3618	1792	1.444103
3619	1795	1.446520
3620	1802	1.452161
3621	1803	1.452967
3622	1795	1.446520
3623	1800	1.450549
3624	1792	1.444103
3625	1807	1.456190
3626	1795	1.446520
3627	1800	1.450549
3628	1794	1.445714
3629	1807	1.456190
3630	1803	1.452967
3631	1803	1.452967
3632	1803	1.452967
3633	1795	1.446520
3634	1795	1.446520
3635	1811	1.459414
3636	1807	1.456190
3637	1803	1.452967
3638	1807	1.456190
3639	1802	1.452161
3640	1824	1.469890
3641	1807	1.456190
3642	1811	1.459414
3643	1803	1.452967
3644	1811	1.459414
3645	1807	1.456190
3646	1807	1.456190
3647	1816	1.463443
