Pixel	ADC	VoltageV
1	3962	3.192821
2	3963	3.193626
3	3962	3.192821
4	3962	3.192821
5	3962	3.192821
6	3962	3.192821
7	3963	3.193626
8	3962	3.192821
9	3963	3.193626
10	3963	3.193626
11	3962	3.192821
12	3963	3.193626
13	3963	3.193626
14	3963	3.193626
15	3963	3.193626
16	3962	3.192821
17	3963	3.193626
18	3962	3.192821
19	3962	3.192821
20	3962	3.192821
21	3962	3.192821
22	3962	3.192821
23	3963	3.193626
24	3947	3.180733
25	3951	3.183956
26	3951	3.183956
27	3947	3.180733
28	3947	3.180733
29	3947	3.180733
30	3951	3.183956
31	3947	3.180733
32	3947	3.180733
33	3947	3.180733
34	3951	3.183956
35	3947	3.180733
36	3946	3.179927
37	2155	1.736630
38	1519	1.224103
39	1519	1.224103
40	1519	1.224103
41	1519	1.224103
42	1519	1.224103
43	1519	1.224103
44	1519	1.224103
45	1522	1.226520
46	1519	1.224103
47	1519	1.224103
48	1515	1.220879
49	1519	1.224103
50	1518	1.223297
51	1519	1.224103
52	1519	1.224103
53	1515	1.220879
54	1519	1.224103
55	1519	1.224103
56	1519	1.224103
57	1519	1.224103
58	1519	1.224103
59	1523	1.227326
60	1518	1.223297
61	1523	1.227326
62	1515	1.220879
63	1519	1.224103
64	1519	1.224103
65	1523	1.227326
66	1519	1.224103
67	1519	1.224103
68	1519	1.224103
69	1519	1.224103
70	1519	1.224103
71	1519	1.224103
72	1519	1.224103
73	1519	1.224103
74	1519	1.224103
75	1519	1.224103
76	1519	1.224103
77	1519	1.224103
78	1519	1.224103
79	1518	1.223297
80	1519	1.224103
81	1519	1.224103
82	1519	1.224103
83	1515	1.220879
84	1515	1.220879
85	1515	1.220879
86	1515	1.220879
87	1519	1.224103
88	1515	1.220879
89	1515	1.220879
90	1515	1.220879
91	1522	1.226520
92	1519	1.224103
93	1518	1.223297
94	1519	1.224103
95	1519	1.224103
96	1519	1.224103
97	1519	1.224103
98	1519	1.224103
99	1515	1.220879
100	1515	1.220879
101	1519	1.224103
102	1519	1.224103
103	1518	1.223297
104	1519	1.224103
105	1515	1.220879
106	1519	1.224103
107	1519	1.224103
108	1519	1.224103
109	1515	1.220879
110	1515	1.220879
111	1515	1.220879
112	1519	1.224103
113	1515	1.220879
114	1519	1.224103
115	1515	1.220879
116	1519	1.224103
117	1515	1.220879
118	1519	1.224103
119	1515	1.220879
120	1515	1.220879
121	1519	1.224103
122	1519	1.224103
123	1519	1.224103
124	1515	1.220879
125	1518	1.223297
126	1519	1.224103
127	1515	1.220879
128	1519	1.224103
129	1515	1.220879
130	1522	1.226520
131	1522	1.226520
132	1519	1.224103
133	1519	1.224103
134	1519	1.224103
135	1515	1.220879
136	1518	1.223297
137	1515	1.220879
138	1519	1.224103
139	1519	1.224103
140	1523	1.227326
141	1519	1.224103
142	1519	1.224103
143	1519	1.224103
144	1519	1.224103
145	1515	1.220879
146	1518	1.223297
147	1519	1.224103
148	1515	1.220879
149	1515	1.220879
150	1515	1.220879
151	1515	1.220879
152	1519	1.224103
153	1519	1.224103
154	1515	1.220879
155	1519	1.224103
156	1519	1.224103
157	1515	1.220879
158	1519	1.224103
159	1519	1.224103
160	1515	1.220879
161	1515	1.220879
162	1515	1.220879
163	1519	1.224103
164	1519	1.224103
165	1518	1.223297
166	1519	1.224103
167	1515	1.220879
168	1515	1.220879
169	1515	1.220879
170	1519	1.224103
171	1519	1.224103
172	1515	1.220879
173	1515	1.220879
174	1519	1.224103
175	1515	1.220879
176	1519	1.224103
177	1519	1.224103
178	1519	1.224103
179	1519	1.224103
180	1519	1.224103
181	1515	1.220879
182	1519	1.224103
183	1515	1.220879
184	1519	1.224103
185	1515	1.220879
186	1519	1.224103
187	1519	1.224103
188	1519	1.224103
189	1519	1.224103
190	1519	1.224103
191	1515	1.220879
192	1519	1.224103
193	1518	1.223297
194	1515	1.220879
195	1519	1.224103
196	1515	1.220879
197	1519	1.224103
198	1519	1.224103
199	1519	1.224103
200	1519	1.224103
201	1519	1.224103
202	1519	1.224103
203	1515	1.220879
204	1519	1.224103
205	1519	1.224103
206	1515	1.220879
207	1519	1.224103
208	1519	1.224103
209	1519	1.224103
210	1519	1.224103
211	1519	1.224103
212	1519	1.224103
213	1519	1.224103
214	1519	1.224103
215	1519	1.224103
216	1519	1.224103
217	1515	1.220879
218	1519	1.224103
219	1515	1.220879
220	1519	1.224103
221	1519	1.224103
222	1519	1.224103
223	1519	1.224103
224	1519	1.224103
225	1518	1.223297
226	1519	1.224103
227	1519	1.224103
228	1519	1.224103
229	1518	1.223297
230	1519	1.224103
231	1519	1.224103
232	1518	1.223297
233	1519	1.224103
234	1519	1.224103
235	1519	1.224103
236	1519	1.224103
237	1519	1.224103
238	1515	1.220879
239	1519	1.224103
240	1518	1.223297
241	1519	1.224103
242	1519	1.224103
243	1519	1.224103
244	1523	1.227326
245	1519	1.224103
246	1523	1.227326
247	1519	1.224103
248	1519	1.224103
249	1519	1.224103
250	1523	1.227326
251	1519	1.224103
252	1519	1.224103
253	1519	1.224103
254	1519	1.224103
255	1519	1.224103
256	1519	1.224103
257	1519	1.224103
258	1519	1.224103
259	1519	1.224103
260	1519	1.224103
261	1519	1.224103
262	1519	1.224103
263	1515	1.220879
264	1518	1.223297
265	1519	1.224103
266	1519	1.224103
267	1519	1.224103
268	1519	1.224103
269	1519	1.224103
270	1519	1.224103
271	1519	1.224103
272	1519	1.224103
273	1519	1.224103
274	1519	1.224103
275	1519	1.224103
276	1519	1.224103
277	1515	1.220879
278	1519	1.224103
279	1519	1.224103
280	1519	1.224103
281	1519	1.224103
282	1519	1.224103
283	1519	1.224103
284	1519	1.224103
285	1519	1.224103
286	1519	1.224103
287	1519	1.224103
288	1519	1.224103
289	1519	1.224103
290	1519	1.224103
291	1519	1.224103
292	1519	1.224103
293	1523	1.227326
294	1519	1.224103
295	1519	1.224103
296	1519	1.224103
297	1519	1.224103
298	1523	1.227326
299	1519	1.224103
300	1519	1.224103
301	1519	1.224103
302	1519	1.224103
303	1519	1.224103
304	1519	1.224103
305	1519	1.224103
306	1519	1.224103
307	1519	1.224103
308	1519	1.224103
309	1519	1.224103
310	1519	1.224103
311	1519	1.224103
312	1519	1.224103
313	1523	1.227326
314	1522	1.226520
315	1519	1.224103
316	1519	1.224103
317	1519	1.224103
318	1519	1.224103
319	1519	1.224103
320	1519	1.224103
321	1519	1.224103
322	1519	1.224103
323	1515	1.220879
324	1519	1.224103
325	1519	1.224103
326	1519	1.224103
327	1519	1.224103
328	1515	1.220879
329	1519	1.224103
330	1515	1.220879
331	1519	1.224103
332	1519	1.224103
333	1519	1.224103
334	1519	1.224103
335	1519	1.224103
336	1518	1.223297
337	1519	1.224103
338	1519	1.224103
339	1515	1.220879
340	1519	1.224103
341	1519	1.224103
342	1519	1.224103
343	1519	1.224103
344	1518	1.223297
345	1519	1.224103
346	1519	1.224103
347	1519	1.224103
348	1519	1.224103
349	1515	1.220879
350	1519	1.224103
351	1519	1.224103
352	1519	1.224103
353	1519	1.224103
354	1519	1.224103
355	1519	1.224103
356	1519	1.224103
357	1519	1.224103
358	1519	1.224103
359	1519	1.224103
360	1523	1.227326
361	1519	1.224103
362	1519	1.224103
363	1519	1.224103
364	1519	1.224103
365	1519	1.224103
366	1519	1.224103
367	1519	1.224103
368	1519	1.224103
369	1519	1.224103
370	1519	1.224103
371	1522	1.226520
372	1519	1.224103
373	1519	1.224103
374	1523	1.227326
375	1519	1.224103
376	1519	1.224103
377	1519	1.224103
378	1519	1.224103
379	1523	1.227326
380	1523	1.227326
381	1523	1.227326
382	1523	1.227326
383	1523	1.227326
384	1523	1.227326
385	1519	1.224103
386	1523	1.227326
387	1523	1.227326
388	1519	1.224103
389	1523	1.227326
390	1523	1.227326
391	1523	1.227326
392	1523	1.227326
393	1523	1.227326
394	1523	1.227326
395	1523	1.227326
396	1523	1.227326
397	1523	1.227326
398	1523	1.227326
399	1523	1.227326
400	1523	1.227326
401	1519	1.224103
402	1523	1.227326
403	1523	1.227326
404	1523	1.227326
405	1519	1.224103
406	1523	1.227326
407	1523	1.227326
408	1523	1.227326
409	1523	1.227326
410	1523	1.227326
411	1523	1.227326
412	1523	1.227326
413	1519	1.224103
414	1523	1.227326
415	1523	1.227326
416	1523	1.227326
417	1523	1.227326
418	1528	1.231355
419	1523	1.227326
420	1523	1.227326
421	1523	1.227326
422	1523	1.227326
423	1523	1.227326
424	1523	1.227326
425	1523	1.227326
426	1523	1.227326
427	1523	1.227326
428	1523	1.227326
429	1523	1.227326
430	1523	1.227326
431	1523	1.227326
432	1523	1.227326
433	1526	1.229744
434	1528	1.231355
435	1523	1.227326
436	1523	1.227326
437	1523	1.227326
438	1523	1.227326
439	1523	1.227326
440	1522	1.226520
441	1523	1.227326
442	1523	1.227326
443	1523	1.227326
444	1528	1.231355
445	1523	1.227326
446	1523	1.227326
447	1523	1.227326
448	1523	1.227326
449	1522	1.226520
450	1523	1.227326
451	1519	1.224103
452	1523	1.227326
453	1523	1.227326
454	1523	1.227326
455	1523	1.227326
456	1523	1.227326
457	1523	1.227326
458	1523	1.227326
459	1523	1.227326
460	1523	1.227326
461	1523	1.227326
462	1519	1.224103
463	1523	1.227326
464	1523	1.227326
465	1528	1.231355
466	1523	1.227326
467	1523	1.227326
468	1523	1.227326
469	1523	1.227326
470	1523	1.227326
471	1523	1.227326
472	1523	1.227326
473	1523	1.227326
474	1523	1.227326
475	1523	1.227326
476	1530	1.232967
477	1528	1.231355
478	1523	1.227326
479	1523	1.227326
480	1523	1.227326
481	1519	1.224103
482	1523	1.227326
483	1523	1.227326
484	1523	1.227326
485	1523	1.227326
486	1523	1.227326
487	1523	1.227326
488	1523	1.227326
489	1523	1.227326
490	1523	1.227326
491	1523	1.227326
492	1523	1.227326
493	1523	1.227326
494	1523	1.227326
495	1523	1.227326
496	1523	1.227326
497	1523	1.227326
498	1528	1.231355
499	1528	1.231355
500	1527	1.230549
501	1523	1.227326
502	1528	1.231355
503	1523	1.227326
504	1523	1.227326
505	1528	1.231355
506	1523	1.227326
507	1523	1.227326
508	1523	1.227326
509	1523	1.227326
510	1528	1.231355
511	1528	1.231355
512	1528	1.231355
513	1528	1.231355
514	1523	1.227326
515	1527	1.230549
516	1523	1.227326
517	1528	1.231355
518	1523	1.227326
519	1523	1.227326
520	1528	1.231355
521	1523	1.227326
522	1523	1.227326
523	1523	1.227326
524	1523	1.227326
525	1523	1.227326
526	1523	1.227326
527	1523	1.227326
528	1523	1.227326
529	1519	1.224103
530	1523	1.227326
531	1523	1.227326
532	1523	1.227326
533	1528	1.231355
534	1528	1.231355
535	1523	1.227326
536	1523	1.227326
537	1523	1.227326
538	1530	1.232967
539	1523	1.227326
540	1523	1.227326
541	1526	1.229744
542	1528	1.231355
543	1527	1.230549
544	1523	1.227326
545	1528	1.231355
546	1523	1.227326
547	1523	1.227326
548	1523	1.227326
549	1527	1.230549
550	1523	1.227326
551	1523	1.227326
552	1523	1.227326
553	1523	1.227326
554	1523	1.227326
555	1523	1.227326
556	1523	1.227326
557	1523	1.227326
558	1528	1.231355
559	1528	1.231355
560	1529	1.232161
561	1528	1.231355
562	1528	1.231355
563	1523	1.227326
564	1526	1.229744
565	1528	1.231355
566	1523	1.227326
567	1528	1.231355
568	1530	1.232967
569	1529	1.232161
570	1530	1.232967
571	1528	1.231355
572	1528	1.231355
573	1528	1.231355
574	1530	1.232967
575	1528	1.231355
576	1523	1.227326
577	1528	1.231355
578	1523	1.227326
579	1526	1.229744
580	1523	1.227326
581	1528	1.231355
582	1530	1.232967
583	1530	1.232967
584	1527	1.230549
585	1523	1.227326
586	1528	1.231355
587	1528	1.231355
588	1523	1.227326
589	1528	1.231355
590	1523	1.227326
591	1530	1.232967
592	1527	1.230549
593	1523	1.227326
594	1526	1.229744
595	1528	1.231355
596	1528	1.231355
597	1528	1.231355
598	1523	1.227326
599	1528	1.231355
600	1528	1.231355
601	1528	1.231355
602	1526	1.229744
603	1523	1.227326
604	1523	1.227326
605	1528	1.231355
606	1523	1.227326
607	1528	1.231355
608	1530	1.232967
609	1528	1.231355
610	1523	1.227326
611	1530	1.232967
612	1523	1.227326
613	1523	1.227326
614	1523	1.227326
615	1528	1.231355
616	1528	1.231355
617	1530	1.232967
618	1528	1.231355
619	1526	1.229744
620	1526	1.229744
621	1523	1.227326
622	1523	1.227326
623	1527	1.230549
624	1523	1.227326
625	1523	1.227326
626	1523	1.227326
627	1523	1.227326
628	1523	1.227326
629	1528	1.231355
630	1523	1.227326
631	1528	1.231355
632	1523	1.227326
633	1523	1.227326
634	1523	1.227326
635	1530	1.232967
636	1523	1.227326
637	1528	1.231355
638	1526	1.229744
639	1523	1.227326
640	1523	1.227326
641	1528	1.231355
642	1523	1.227326
643	1523	1.227326
644	1523	1.227326
645	1523	1.227326
646	1523	1.227326
647	1523	1.227326
648	1523	1.227326
649	1523	1.227326
650	1523	1.227326
651	1523	1.227326
652	1523	1.227326
653	1528	1.231355
654	1523	1.227326
655	1523	1.227326
656	1530	1.232967
657	1528	1.231355
658	1528	1.231355
659	1528	1.231355
660	1528	1.231355
661	1531	1.233773
662	1528	1.231355
663	1526	1.229744
664	1523	1.227326
665	1528	1.231355
666	1523	1.227326
667	1523	1.227326
668	1528	1.231355
669	1528	1.231355
670	1528	1.231355
671	1526	1.229744
672	1523	1.227326
673	1528	1.231355
674	1523	1.227326
675	1528	1.231355
676	1526	1.229744
677	1528	1.231355
678	1527	1.230549
679	1523	1.227326
680	1528	1.231355
681	1528	1.231355
682	1530	1.232967
683	1528	1.231355
684	1523	1.227326
685	1523	1.227326
686	1523	1.227326
687	1523	1.227326
688	1528	1.231355
689	1528	1.231355
690	1528	1.231355
691	1528	1.231355
692	1523	1.227326
693	1523	1.227326
694	1523	1.227326
695	1523	1.227326
696	1523	1.227326
697	1523	1.227326
698	1523	1.227326
699	1528	1.231355
700	1523	1.227326
701	1530	1.232967
702	1523	1.227326
703	1528	1.231355
704	1523	1.227326
705	1528	1.231355
706	1523	1.227326
707	1523	1.227326
708	1528	1.231355
709	1526	1.229744
710	1528	1.231355
711	1528	1.231355
712	1528	1.231355
713	1528	1.231355
714	1528	1.231355
715	1528	1.231355
716	1528	1.231355
717	1528	1.231355
718	1530	1.232967
719	1523	1.227326
720	1530	1.232967
721	1530	1.232967
722	1530	1.232967
723	1530	1.232967
724	1530	1.232967
725	1530	1.232967
726	1530	1.232967
727	1530	1.232967
728	1530	1.232967
729	1528	1.231355
730	1530	1.232967
731	1528	1.231355
732	1528	1.231355
733	1530	1.232967
734	1530	1.232967
735	1530	1.232967
736	1530	1.232967
737	1530	1.232967
738	1528	1.231355
739	1528	1.231355
740	1530	1.232967
741	1528	1.231355
742	1531	1.233773
743	1530	1.232967
744	1536	1.237802
745	1531	1.233773
746	1531	1.233773
747	1530	1.232967
748	1531	1.233773
749	1531	1.233773
750	1531	1.233773
751	1530	1.232967
752	1530	1.232967
753	1531	1.233773
754	1530	1.232967
755	1531	1.233773
756	1530	1.232967
757	1531	1.233773
758	1531	1.233773
759	1531	1.233773
760	1536	1.237802
761	1536	1.237802
762	1531	1.233773
763	1531	1.233773
764	1536	1.237802
765	1536	1.237802
766	1536	1.237802
767	1531	1.233773
768	1531	1.233773
769	1531	1.233773
770	1536	1.237802
771	1536	1.237802
772	1531	1.233773
773	1536	1.237802
774	1536	1.237802
775	1536	1.237802
776	1531	1.233773
777	1530	1.232967
778	1530	1.232967
779	1528	1.231355
780	1531	1.233773
781	1530	1.232967
782	1531	1.233773
783	1531	1.233773
784	1531	1.233773
785	1531	1.233773
786	1536	1.237802
787	1536	1.237802
788	1536	1.237802
789	1537	1.238608
790	1536	1.237802
791	1536	1.237802
792	1536	1.237802
793	1536	1.237802
794	1536	1.237802
795	1531	1.233773
796	1536	1.237802
797	1538	1.239414
798	1538	1.239414
799	1536	1.237802
800	1536	1.237802
801	1536	1.237802
802	1536	1.237802
803	1536	1.237802
804	1536	1.237802
805	1536	1.237802
806	1536	1.237802
807	1536	1.237802
808	1531	1.233773
809	1536	1.237802
810	1536	1.237802
811	1536	1.237802
812	1538	1.239414
813	1536	1.237802
814	1536	1.237802
815	1536	1.237802
816	1536	1.237802
817	1536	1.237802
818	1536	1.237802
819	1531	1.233773
820	1536	1.237802
821	1536	1.237802
822	1538	1.239414
823	1536	1.237802
824	1536	1.237802
825	1536	1.237802
826	1536	1.237802
827	1536	1.237802
828	1536	1.237802
829	1531	1.233773
830	1536	1.237802
831	1538	1.239414
832	1531	1.233773
833	1538	1.239414
834	1536	1.237802
835	1536	1.237802
836	1536	1.237802
837	1538	1.239414
838	1538	1.239414
839	1536	1.237802
840	1536	1.237802
841	1536	1.237802
842	1536	1.237802
843	1536	1.237802
844	1536	1.237802
845	1536	1.237802
846	1536	1.237802
847	1536	1.237802
848	1536	1.237802
849	1536	1.237802
850	1531	1.233773
851	1536	1.237802
852	1538	1.239414
853	1536	1.237802
854	1536	1.237802
855	1536	1.237802
856	1538	1.239414
857	1536	1.237802
858	1536	1.237802
859	1536	1.237802
860	1536	1.237802
861	1536	1.237802
862	1531	1.233773
863	1531	1.233773
864	1531	1.233773
865	1531	1.233773
866	1531	1.233773
867	1531	1.233773
868	1531	1.233773
869	1536	1.237802
870	1538	1.239414
871	1538	1.239414
872	1536	1.237802
873	1536	1.237802
874	1538	1.239414
875	1538	1.239414
876	1537	1.238608
877	1536	1.237802
878	1536	1.237802
879	1538	1.239414
880	1536	1.237802
881	1536	1.237802
882	1536	1.237802
883	1536	1.237802
884	1538	1.239414
885	1538	1.239414
886	1538	1.239414
887	1538	1.239414
888	1538	1.239414
889	1538	1.239414
890	1536	1.237802
891	1536	1.237802
892	1539	1.240220
893	1537	1.238608
894	1538	1.239414
895	1536	1.237802
896	1538	1.239414
897	1539	1.240220
898	1538	1.239414
899	1538	1.239414
900	1536	1.237802
901	1536	1.237802
902	1536	1.237802
903	1537	1.238608
904	1536	1.237802
905	1536	1.237802
906	1538	1.239414
907	1536	1.237802
908	1538	1.239414
909	1536	1.237802
910	1538	1.239414
911	1536	1.237802
912	1536	1.237802
913	1536	1.237802
914	1536	1.237802
915	1536	1.237802
916	1538	1.239414
917	1538	1.239414
918	1538	1.239414
919	1538	1.239414
920	1536	1.237802
921	1538	1.239414
922	1536	1.237802
923	1538	1.239414
924	1536	1.237802
925	1538	1.239414
926	1538	1.239414
927	1536	1.237802
928	1536	1.237802
929	1537	1.238608
930	1536	1.237802
931	1536	1.237802
932	1536	1.237802
933	1536	1.237802
934	1536	1.237802
935	1538	1.239414
936	1538	1.239414
937	1538	1.239414
938	1538	1.239414
939	1538	1.239414
940	1538	1.239414
941	1538	1.239414
942	1536	1.237802
943	1538	1.239414
944	1536	1.237802
945	1536	1.237802
946	1536	1.237802
947	1536	1.237802
948	1538	1.239414
949	1536	1.237802
950	1536	1.237802
951	1536	1.237802
952	1531	1.233773
953	1531	1.233773
954	1531	1.233773
955	1531	1.233773
956	1530	1.232967
957	1531	1.233773
958	1531	1.233773
959	1531	1.233773
960	1531	1.233773
961	1531	1.233773
962	1531	1.233773
963	1530	1.232967
964	1530	1.232967
965	1531	1.233773
966	1531	1.233773
967	1531	1.233773
968	1531	1.233773
969	1531	1.233773
970	1531	1.233773
971	1530	1.232967
972	1531	1.233773
973	1531	1.233773
974	1531	1.233773
975	1531	1.233773
976	1531	1.233773
977	1530	1.232967
978	1531	1.233773
979	1530	1.232967
980	1531	1.233773
981	1531	1.233773
982	1531	1.233773
983	1531	1.233773
984	1531	1.233773
985	1531	1.233773
986	1530	1.232967
987	1531	1.233773
988	1530	1.232967
989	1528	1.231355
990	1530	1.232967
991	1531	1.233773
992	1531	1.233773
993	1531	1.233773
994	1536	1.237802
995	1531	1.233773
996	1536	1.237802
997	1536	1.237802
998	1536	1.237802
999	1531	1.233773
1000	1530	1.232967
1001	1529	1.232161
1002	1530	1.232967
1003	1531	1.233773
1004	1530	1.232967
1005	1530	1.232967
1006	1531	1.233773
1007	1530	1.232967
1008	1530	1.232967
1009	1530	1.232967
1010	1530	1.232967
1011	1530	1.232967
1012	1531	1.233773
1013	1531	1.233773
1014	1531	1.233773
1015	1531	1.233773
1016	1531	1.233773
1017	1531	1.233773
1018	1531	1.233773
1019	1530	1.232967
1020	1536	1.237802
1021	1531	1.233773
1022	1531	1.233773
1023	1531	1.233773
1024	1536	1.237802
1025	1531	1.233773
1026	1531	1.233773
1027	1531	1.233773
1028	1531	1.233773
1029	1531	1.233773
1030	1531	1.233773
1031	1531	1.233773
1032	1536	1.237802
1033	1536	1.237802
1034	1536	1.237802
1035	1536	1.237802
1036	1531	1.233773
1037	1531	1.233773
1038	1531	1.233773
1039	1536	1.237802
1040	1536	1.237802
1041	1538	1.239414
1042	1538	1.239414
1043	1538	1.239414
1044	1538	1.239414
1045	1538	1.239414
1046	1539	1.240220
1047	1536	1.237802
1048	1538	1.239414
1049	1536	1.237802
1050	1538	1.239414
1051	1536	1.237802
1052	1536	1.237802
1053	1531	1.233773
1054	1536	1.237802
1055	1536	1.237802
1056	1536	1.237802
1057	1536	1.237802
1058	1531	1.233773
1059	1531	1.233773
1060	1531	1.233773
1061	1536	1.237802
1062	1536	1.237802
1063	1538	1.239414
1064	1538	1.239414
1065	1538	1.239414
1066	1536	1.237802
1067	1538	1.239414
1068	1538	1.239414
1069	1538	1.239414
1070	1538	1.239414
1071	1538	1.239414
1072	1539	1.240220
1073	1538	1.239414
1074	1538	1.239414
1075	1538	1.239414
1076	1538	1.239414
1077	1536	1.237802
1078	1536	1.237802
1079	1536	1.237802
1080	1536	1.237802
1081	1536	1.237802
1082	1536	1.237802
1083	1536	1.237802
1084	1536	1.237802
1085	1536	1.237802
1086	1536	1.237802
1087	1536	1.237802
1088	1531	1.233773
1089	1531	1.233773
1090	1536	1.237802
1091	1536	1.237802
1092	1536	1.237802
1093	1536	1.237802
1094	1536	1.237802
1095	1538	1.239414
1096	1536	1.237802
1097	1538	1.239414
1098	1536	1.237802
1099	1538	1.239414
1100	1536	1.237802
1101	1536	1.237802
1102	1536	1.237802
1103	1536	1.237802
1104	1536	1.237802
1105	1538	1.239414
1106	1536	1.237802
1107	1531	1.233773
1108	1536	1.237802
1109	1536	1.237802
1110	1536	1.237802
1111	1538	1.239414
1112	1538	1.239414
1113	1536	1.237802
1114	1538	1.239414
1115	1538	1.239414
1116	1538	1.239414
1117	1536	1.237802
1118	1536	1.237802
1119	1538	1.239414
1120	1536	1.237802
1121	1538	1.239414
1122	1536	1.237802
1123	1538	1.239414
1124	1536	1.237802
1125	1536	1.237802
1126	1536	1.237802
1127	1536	1.237802
1128	1531	1.233773
1129	1536	1.237802
1130	1536	1.237802
1131	1538	1.239414
1132	1539	1.240220
1133	1536	1.237802
1134	1536	1.237802
1135	1536	1.237802
1136	1536	1.237802
1137	1536	1.237802
1138	1536	1.237802
1139	1536	1.237802
1140	1531	1.233773
1141	1531	1.233773
1142	1536	1.237802
1143	1531	1.233773
1144	1536	1.237802
1145	1536	1.237802
1146	1536	1.237802
1147	1531	1.233773
1148	1531	1.233773
1149	1536	1.237802
1150	1536	1.237802
1151	1537	1.238608
1152	1536	1.237802
1153	1536	1.237802
1154	1536	1.237802
1155	1536	1.237802
1156	1536	1.237802
1157	1536	1.237802
1158	1536	1.237802
1159	1538	1.239414
1160	1536	1.237802
1161	1536	1.237802
1162	1536	1.237802
1163	1531	1.233773
1164	1536	1.237802
1165	1536	1.237802
1166	1536	1.237802
1167	1531	1.233773
1168	1536	1.237802
1169	1538	1.239414
1170	1538	1.239414
1171	1536	1.237802
1172	1536	1.237802
1173	1536	1.237802
1174	1536	1.237802
1175	1538	1.239414
1176	1538	1.239414
1177	1536	1.237802
1178	1536	1.237802
1179	1536	1.237802
1180	1538	1.239414
1181	1536	1.237802
1182	1536	1.237802
1183	1536	1.237802
1184	1536	1.237802
1185	1536	1.237802
1186	1539	1.240220
1187	1538	1.239414
1188	1538	1.239414
1189	1536	1.237802
1190	1536	1.237802
1191	1538	1.239414
1192	1539	1.240220
1193	1539	1.240220
1194	1536	1.237802
1195	1536	1.237802
1196	1538	1.239414
1197	1536	1.237802
1198	1536	1.237802
1199	1538	1.239414
1200	1538	1.239414
1201	1538	1.239414
1202	1536	1.237802
1203	1538	1.239414
1204	1538	1.239414
1205	1536	1.237802
1206	1538	1.239414
1207	1536	1.237802
1208	1538	1.239414
1209	1536	1.237802
1210	1536	1.237802
1211	1536	1.237802
1212	1536	1.237802
1213	1536	1.237802
1214	1538	1.239414
1215	1538	1.239414
1216	1536	1.237802
1217	1536	1.237802
1218	1538	1.239414
1219	1538	1.239414
1220	1538	1.239414
1221	1538	1.239414
1222	1536	1.237802
1223	1536	1.237802
1224	1536	1.237802
1225	1538	1.239414
1226	1538	1.239414
1227	1538	1.239414
1228	1536	1.237802
1229	1539	1.240220
1230	1536	1.237802
1231	1538	1.239414
1232	1538	1.239414
1233	1538	1.239414
1234	1536	1.237802
1235	1538	1.239414
1236	1538	1.239414
1237	1538	1.239414
1238	1538	1.239414
1239	1538	1.239414
1240	1538	1.239414
1241	1538	1.239414
1242	1539	1.240220
1243	1538	1.239414
1244	1539	1.240220
1245	1539	1.240220
1246	1538	1.239414
1247	1539	1.240220
1248	1539	1.240220
1249	1538	1.239414
1250	1539	1.240220
1251	1538	1.239414
1252	1538	1.239414
1253	1536	1.237802
1254	1538	1.239414
1255	1536	1.237802
1256	1538	1.239414
1257	1536	1.237802
1258	1538	1.239414
1259	1538	1.239414
1260	1538	1.239414
1261	1538	1.239414
1262	1539	1.240220
1263	1539	1.240220
1264	1539	1.240220
1265	1538	1.239414
1266	1539	1.240220
1267	1539	1.240220
1268	1539	1.240220
1269	1539	1.240220
1270	1538	1.239414
1271	1539	1.240220
1272	1538	1.239414
1273	1538	1.239414
1274	1539	1.240220
1275	1539	1.240220
1276	1539	1.240220
1277	1539	1.240220
1278	1539	1.240220
1279	1539	1.240220
1280	1539	1.240220
1281	1539	1.240220
1282	1539	1.240220
1283	1539	1.240220
1284	1539	1.240220
1285	1538	1.239414
1286	1538	1.239414
1287	1539	1.240220
1288	1538	1.239414
1289	1538	1.239414
1290	1539	1.240220
1291	1538	1.239414
1292	1538	1.239414
1293	1538	1.239414
1294	1538	1.239414
1295	1536	1.237802
1296	1536	1.237802
1297	1536	1.237802
1298	1536	1.237802
1299	1538	1.239414
1300	1538	1.239414
1301	1539	1.240220
1302	1538	1.239414
1303	1536	1.237802
1304	1539	1.240220
1305	1538	1.239414
1306	1538	1.239414
1307	1539	1.240220
1308	1536	1.237802
1309	1536	1.237802
1310	1538	1.239414
1311	1538	1.239414
1312	1539	1.240220
1313	1538	1.239414
1314	1538	1.239414
1315	1538	1.239414
1316	1539	1.240220
1317	1539	1.240220
1318	1539	1.240220
1319	1538	1.239414
1320	1539	1.240220
1321	1539	1.240220
1322	1538	1.239414
1323	1539	1.240220
1324	1536	1.237802
1325	1536	1.237802
1326	1539	1.240220
1327	1538	1.239414
1328	1539	1.240220
1329	1539	1.240220
1330	1538	1.239414
1331	1538	1.239414
1332	1538	1.239414
1333	1536	1.237802
1334	1536	1.237802
1335	1539	1.240220
1336	1538	1.239414
1337	1539	1.240220
1338	1539	1.240220
1339	1539	1.240220
1340	1539	1.240220
1341	1538	1.239414
1342	1539	1.240220
1343	1536	1.237802
1344	1538	1.239414
1345	1538	1.239414
1346	1538	1.239414
1347	1538	1.239414
1348	1536	1.237802
1349	1538	1.239414
1350	1538	1.239414
1351	1539	1.240220
1352	1539	1.240220
1353	1539	1.240220
1354	1539	1.240220
1355	1539	1.240220
1356	1539	1.240220
1357	1539	1.240220
1358	1539	1.240220
1359	1538	1.239414
1360	1538	1.239414
1361	1539	1.240220
1362	1539	1.240220
1363	1539	1.240220
1364	1538	1.239414
1365	1538	1.239414
1366	1539	1.240220
1367	1539	1.240220
1368	1539	1.240220
1369	1539	1.240220
1370	1539	1.240220
1371	1539	1.240220
1372	1539	1.240220
1373	1539	1.240220
1374	1539	1.240220
1375	1539	1.240220
1376	1539	1.240220
1377	1544	1.244249
1378	1539	1.240220
1379	1544	1.244249
1380	1539	1.240220
1381	1544	1.244249
1382	1539	1.240220
1383	1539	1.240220
1384	1539	1.240220
1385	1544	1.244249
1386	1539	1.240220
1387	1544	1.244249
1388	1544	1.244249
1389	1544	1.244249
1390	1539	1.240220
1391	1539	1.240220
1392	1539	1.240220
1393	1544	1.244249
1394	1544	1.244249
1395	1546	1.245861
1396	1544	1.244249
1397	1547	1.246667
1398	1546	1.245861
1399	1545	1.245055
1400	1546	1.245861
1401	1544	1.244249
1402	1544	1.244249
1403	1544	1.244249
1404	1544	1.244249
1405	1546	1.245861
1406	1544	1.244249
1407	1539	1.240220
1408	1546	1.245861
1409	1546	1.245861
1410	1546	1.245861
1411	1544	1.244249
1412	1547	1.246667
1413	1546	1.245861
1414	1546	1.245861
1415	1546	1.245861
1416	1547	1.246667
1417	1546	1.245861
1418	1544	1.244249
1419	1544	1.244249
1420	1546	1.245861
1421	1547	1.246667
1422	1544	1.244249
1423	1547	1.246667
1424	1544	1.244249
1425	1546	1.245861
1426	1546	1.245861
1427	1546	1.245861
1428	1546	1.245861
1429	1546	1.245861
1430	1546	1.245861
1431	1546	1.245861
1432	1546	1.245861
1433	1546	1.245861
1434	1547	1.246667
1435	1547	1.246667
1436	1547	1.246667
1437	1547	1.246667
1438	1547	1.246667
1439	1547	1.246667
1440	1547	1.246667
1441	1547	1.246667
1442	1547	1.246667
1443	1547	1.246667
1444	1547	1.246667
1445	1547	1.246667
1446	1547	1.246667
1447	1547	1.246667
1448	1547	1.246667
1449	1547	1.246667
1450	1547	1.246667
1451	1547	1.246667
1452	1547	1.246667
1453	1544	1.244249
1454	1547	1.246667
1455	1547	1.246667
1456	1547	1.246667
1457	1550	1.249084
1458	1551	1.249890
1459	1547	1.246667
1460	1547	1.246667
1461	1547	1.246667
1462	1547	1.246667
1463	1547	1.246667
1464	1547	1.246667
1465	1547	1.246667
1466	1547	1.246667
1467	1547	1.246667
1468	1547	1.246667
1469	1550	1.249084
1470	1547	1.246667
1471	1547	1.246667
1472	1547	1.246667
1473	1547	1.246667
1474	1547	1.246667
1475	1551	1.249890
1476	1551	1.249890
1477	1547	1.246667
1478	1547	1.246667
1479	1547	1.246667
1480	1547	1.246667
1481	1551	1.249890
1482	1547	1.246667
1483	1551	1.249890
1484	1547	1.246667
1485	1547	1.246667
1486	1551	1.249890
1487	1551	1.249890
1488	1551	1.249890
1489	1547	1.246667
1490	1551	1.249890
1491	1551	1.249890
1492	1551	1.249890
1493	1551	1.249890
1494	1551	1.249890
1495	1551	1.249890
1496	1551	1.249890
1497	1547	1.246667
1498	1551	1.249890
1499	1547	1.246667
1500	1547	1.246667
1501	1547	1.246667
1502	1547	1.246667
1503	1550	1.249084
1504	1547	1.246667
1505	1551	1.249890
1506	1551	1.249890
1507	1550	1.249084
1508	1547	1.246667
1509	1551	1.249890
1510	1551	1.249890
1511	1551	1.249890
1512	1551	1.249890
1513	1551	1.249890
1514	1547	1.246667
1515	1551	1.249890
1516	1551	1.249890
1517	1547	1.246667
1518	1551	1.249890
1519	1551	1.249890
1520	1551	1.249890
1521	1554	1.252308
1522	1555	1.253114
1523	1555	1.253114
1524	1555	1.253114
1525	1555	1.253114
1526	1551	1.249890
1527	1551	1.249890
1528	1551	1.249890
1529	1551	1.249890
1530	1551	1.249890
1531	1551	1.249890
1532	1551	1.249890
1533	1551	1.249890
1534	1551	1.249890
1535	1551	1.249890
1536	1555	1.253114
1537	1555	1.253114
1538	1555	1.253114
1539	1555	1.253114
1540	1555	1.253114
1541	1555	1.253114
1542	1555	1.253114
1543	1555	1.253114
1544	1555	1.253114
1545	1555	1.253114
1546	1551	1.249890
1547	1555	1.253114
1548	1551	1.249890
1549	1551	1.249890
1550	1551	1.249890
1551	1555	1.253114
1552	1551	1.249890
1553	1555	1.253114
1554	1555	1.253114
1555	1551	1.249890
1556	1555	1.253114
1557	1555	1.253114
1558	1551	1.249890
1559	1555	1.253114
1560	1555	1.253114
1561	1555	1.253114
1562	1555	1.253114
1563	1555	1.253114
1564	1555	1.253114
1565	1555	1.253114
1566	1555	1.253114
1567	1555	1.253114
1568	1560	1.257143
1569	1555	1.253114
1570	1555	1.253114
1571	1560	1.257143
1572	1558	1.255531
1573	1555	1.253114
1574	1555	1.253114
1575	1555	1.253114
1576	1555	1.253114
1577	1555	1.253114
1578	1555	1.253114
1579	1555	1.253114
1580	1555	1.253114
1581	1562	1.258755
1582	1555	1.253114
1583	1560	1.257143
1584	1555	1.253114
1585	1562	1.258755
1586	1555	1.253114
1587	1560	1.257143
1588	1555	1.253114
1589	1555	1.253114
1590	1560	1.257143
1591	1560	1.257143
1592	1560	1.257143
1593	1560	1.257143
1594	1555	1.253114
1595	1560	1.257143
1596	1555	1.253114
1597	1559	1.256337
1598	1562	1.258755
1599	1562	1.258755
1600	1560	1.257143
1601	1562	1.258755
1602	1560	1.257143
1603	1562	1.258755
1604	1560	1.257143
1605	1559	1.256337
1606	1560	1.257143
1607	1562	1.258755
1608	1555	1.253114
1609	1562	1.258755
1610	1562	1.258755
1611	1555	1.253114
1612	1562	1.258755
1613	1562	1.258755
1614	1562	1.258755
1615	1562	1.258755
1616	1562	1.258755
1617	1562	1.258755
1618	1562	1.258755
1619	1560	1.257143
1620	1562	1.258755
1621	1555	1.253114
1622	1558	1.255531
1623	1562	1.258755
1624	1560	1.257143
1625	1562	1.258755
1626	1555	1.253114
1627	1560	1.257143
1628	1555	1.253114
1629	1560	1.257143
1630	1551	1.249890
1631	1555	1.253114
1632	1555	1.253114
1633	1561	1.257949
1634	1560	1.257143
1635	1560	1.257143
1636	1560	1.257143
1637	1560	1.257143
1638	1560	1.257143
1639	1560	1.257143
1640	1560	1.257143
1641	1560	1.257143
1642	1560	1.257143
1643	1555	1.253114
1644	1560	1.257143
1645	1560	1.257143
1646	1555	1.253114
1647	1555	1.253114
1648	1555	1.253114
1649	1555	1.253114
1650	1560	1.257143
1651	1562	1.258755
1652	1560	1.257143
1653	1560	1.257143
1654	1562	1.258755
1655	1560	1.257143
1656	1560	1.257143
1657	1560	1.257143
1658	1562	1.258755
1659	1563	1.259560
1660	1560	1.257143
1661	1560	1.257143
1662	1563	1.259560
1663	1560	1.257143
1664	1562	1.258755
1665	1562	1.258755
1666	1560	1.257143
1667	1562	1.258755
1668	1555	1.253114
1669	1555	1.253114
1670	1555	1.253114
1671	1560	1.257143
1672	1555	1.253114
1673	1562	1.258755
1674	1560	1.257143
1675	1560	1.257143
1676	1560	1.257143
1677	1560	1.257143
1678	1560	1.257143
1679	1555	1.253114
1680	1555	1.253114
1681	1555	1.253114
1682	1555	1.253114
1683	1555	1.253114
1684	1555	1.253114
1685	1551	1.249890
1686	1551	1.249890
1687	1551	1.249890
1688	1555	1.253114
1689	1560	1.257143
1690	1555	1.253114
1691	1555	1.253114
1692	1555	1.253114
1693	1555	1.253114
1694	1555	1.253114
1695	1555	1.253114
1696	1551	1.249890
1697	1555	1.253114
1698	1555	1.253114
1699	1555	1.253114
1700	1555	1.253114
1701	1555	1.253114
1702	1555	1.253114
1703	1555	1.253114
1704	1551	1.249890
1705	1555	1.253114
1706	1551	1.249890
1707	1551	1.249890
1708	1547	1.246667
1709	1551	1.249890
1710	1547	1.246667
1711	1547	1.246667
1712	1547	1.246667
1713	1551	1.249890
1714	1551	1.249890
1715	1551	1.249890
1716	1551	1.249890
1717	1551	1.249890
1718	1555	1.253114
1719	1555	1.253114
1720	1555	1.253114
1721	1555	1.253114
1722	1551	1.249890
1723	1555	1.253114
1724	1551	1.249890
1725	1551	1.249890
1726	1555	1.253114
1727	1555	1.253114
1728	1555	1.253114
1729	1551	1.249890
1730	1555	1.253114
1731	1551	1.249890
1732	1551	1.249890
1733	1555	1.253114
1734	1551	1.249890
1735	1551	1.249890
1736	1551	1.249890
1737	1547	1.246667
1738	1547	1.246667
1739	1547	1.246667
1740	1551	1.249890
1741	1551	1.249890
1742	1551	1.249890
1743	1547	1.246667
1744	1545	1.245055
1745	1544	1.244249
1746	1542	1.242637
1747	1547	1.246667
1748	1546	1.245861
1749	1544	1.244249
1750	1546	1.245861
1751	1539	1.240220
1752	1539	1.240220
1753	1539	1.240220
1754	1539	1.240220
1755	1544	1.244249
1756	1546	1.245861
1757	1546	1.245861
1758	1544	1.244249
1759	1539	1.240220
1760	1547	1.246667
1761	1546	1.245861
1762	1547	1.246667
1763	1547	1.246667
1764	1544	1.244249
1765	1539	1.240220
1766	1539	1.240220
1767	1539	1.240220
1768	1539	1.240220
1769	1539	1.240220
1770	1536	1.237802
1771	1536	1.237802
1772	1536	1.237802
1773	1539	1.240220
1774	1547	1.246667
1775	1547	1.246667
1776	1546	1.245861
1777	1544	1.244249
1778	1539	1.240220
1779	1544	1.244249
1780	1544	1.244249
1781	1544	1.244249
1782	1542	1.242637
1783	1542	1.242637
1784	1544	1.244249
1785	1546	1.245861
1786	1546	1.245861
1787	1544	1.244249
1788	1545	1.245055
1789	1547	1.246667
1790	1546	1.245861
1791	1547	1.246667
1792	1547	1.246667
1793	1546	1.245861
1794	1543	1.243443
1795	1537	1.238608
1796	1538	1.239414
1797	1538	1.239414
1798	1539	1.240220
1799	1546	1.245861
1800	1546	1.245861
1801	1547	1.246667
1802	1547	1.246667
1803	1546	1.245861
1804	1544	1.244249
1805	1546	1.245861
1806	1539	1.240220
1807	1543	1.243443
1808	1539	1.240220
1809	1539	1.240220
1810	1539	1.240220
1811	1539	1.240220
1812	1543	1.243443
1813	1546	1.245861
1814	1546	1.245861
1815	1547	1.246667
1816	1546	1.245861
1817	1544	1.244249
1818	1538	1.239414
1819	1538	1.239414
1820	1539	1.240220
1821	1544	1.244249
1822	1546	1.245861
1823	1544	1.244249
1824	1547	1.246667
1825	1547	1.246667
1826	1551	1.249890
1827	1551	1.249890
1828	1547	1.246667
1829	1547	1.246667
1830	1547	1.246667
1831	1547	1.246667
1832	1539	1.240220
1833	1538	1.239414
1834	1539	1.240220
1835	1539	1.240220
1836	1538	1.239414
1837	1538	1.239414
1838	1539	1.240220
1839	1544	1.244249
1840	1546	1.245861
1841	1539	1.240220
1842	1544	1.244249
1843	1546	1.245861
1844	1547	1.246667
1845	1551	1.249890
1846	1547	1.246667
1847	1546	1.245861
1848	1539	1.240220
1849	1538	1.239414
1850	1536	1.237802
1851	1536	1.237802
1852	1538	1.239414
1853	1536	1.237802
1854	1539	1.240220
1855	1538	1.239414
1856	1544	1.244249
1857	1544	1.244249
1858	1544	1.244249
1859	1547	1.246667
1860	1547	1.246667
1861	1544	1.244249
1862	1544	1.244249
1863	1547	1.246667
1864	1550	1.249084
1865	1547	1.246667
1866	1547	1.246667
1867	1547	1.246667
1868	1546	1.245861
1869	1544	1.244249
1870	1544	1.244249
1871	1544	1.244249
1872	1546	1.245861
1873	1547	1.246667
1874	1547	1.246667
1875	1547	1.246667
1876	1546	1.245861
1877	1539	1.240220
1878	1547	1.246667
1879	1544	1.244249
1880	1544	1.244249
1881	1547	1.246667
1882	1547	1.246667
1883	1545	1.245055
1884	1547	1.246667
1885	1547	1.246667
1886	1547	1.246667
1887	1546	1.245861
1888	1546	1.245861
1889	1546	1.245861
1890	1551	1.249890
1891	1547	1.246667
1892	1551	1.249890
1893	1551	1.249890
1894	1551	1.249890
1895	1551	1.249890
1896	1551	1.249890
1897	1551	1.249890
1898	1555	1.253114
1899	1555	1.253114
1900	1551	1.249890
1901	1547	1.246667
1902	1547	1.246667
1903	1547	1.246667
1904	1542	1.242637
1905	1544	1.244249
1906	1547	1.246667
1907	1547	1.246667
1908	1546	1.245861
1909	1551	1.249890
1910	1555	1.253114
1911	1560	1.257143
1912	1562	1.258755
1913	1555	1.253114
1914	1555	1.253114
1915	1551	1.249890
1916	1555	1.253114
1917	1551	1.249890
1918	1547	1.246667
1919	1551	1.249890
1920	1547	1.246667
1921	1555	1.253114
1922	1560	1.257143
1923	1555	1.253114
1924	1558	1.255531
1925	1555	1.253114
1926	1555	1.253114
1927	1551	1.249890
1928	1555	1.253114
1929	1555	1.253114
1930	1551	1.249890
1931	1547	1.246667
1932	1547	1.246667
1933	1551	1.249890
1934	1551	1.249890
1935	1547	1.246667
1936	1551	1.249890
1937	1555	1.253114
1938	1560	1.257143
1939	1560	1.257143
1940	1560	1.257143
1941	1562	1.258755
1942	1562	1.258755
1943	1555	1.253114
1944	1555	1.253114
1945	1560	1.257143
1946	1560	1.257143
1947	1562	1.258755
1948	1563	1.259560
1949	1560	1.257143
1950	1555	1.253114
1951	1555	1.253114
1952	1551	1.249890
1953	1555	1.253114
1954	1555	1.253114
1955	1555	1.253114
1956	1555	1.253114
1957	1560	1.257143
1958	1560	1.257143
1959	1563	1.259560
1960	1563	1.259560
1961	1560	1.257143
1962	1562	1.258755
1963	1560	1.257143
1964	1561	1.257949
1965	1560	1.257143
1966	1562	1.258755
1967	1562	1.258755
1968	1568	1.263590
1969	1563	1.259560
1970	1560	1.257143
1971	1555	1.253114
1972	1551	1.249890
1973	1562	1.258755
1974	1568	1.263590
1975	1568	1.263590
1976	1568	1.263590
1977	1563	1.259560
1978	1568	1.263590
1979	1568	1.263590
1980	1568	1.263590
1981	1568	1.263590
1982	1568	1.263590
1983	1560	1.257143
1984	1555	1.253114
1985	1555	1.253114
1986	1555	1.253114
1987	1562	1.258755
1988	1560	1.257143
1989	1563	1.259560
1990	1562	1.258755
1991	1560	1.257143
1992	1562	1.258755
1993	1562	1.258755
1994	1562	1.258755
1995	1562	1.258755
1996	1562	1.258755
1997	1563	1.259560
1998	1563	1.259560
1999	1568	1.263590
2000	1568	1.263590
2001	1560	1.257143
2002	1558	1.255531
2003	1560	1.257143
2004	1560	1.257143
2005	1560	1.257143
2006	1560	1.257143
2007	1563	1.259560
2008	1568	1.263590
2009	1571	1.266007
2010	1571	1.266007
2011	1568	1.263590
2012	1568	1.263590
2013	1570	1.265201
2014	1571	1.266007
2015	1571	1.266007
2016	1571	1.266007
2017	1570	1.265201
2018	1568	1.263590
2019	1568	1.263590
2020	1568	1.263590
2021	1568	1.263590
2022	1568	1.263590
2023	1568	1.263590
2024	1558	1.255531
2025	1555	1.253114
2026	1562	1.258755
2027	1568	1.263590
2028	1568	1.263590
2029	1563	1.259560
2030	1568	1.263590
2031	1568	1.263590
2032	1568	1.263590
2033	1568	1.263590
2034	1570	1.265201
2035	1570	1.265201
2036	1568	1.263590
2037	1571	1.266007
2038	1570	1.265201
2039	1568	1.263590
2040	1568	1.263590
2041	1571	1.266007
2042	1571	1.266007
2043	1570	1.265201
2044	1562	1.258755
2045	1563	1.259560
2046	1568	1.263590
2047	1576	1.270037
2048	1576	1.270037
2049	1579	1.272454
2050	1578	1.271648
2051	1570	1.265201
2052	1571	1.266007
2053	1571	1.266007
2054	1571	1.266007
2055	1578	1.271648
2056	1576	1.270037
2057	1576	1.270037
2058	1571	1.266007
2059	1570	1.265201
2060	1568	1.263590
2061	1568	1.263590
2062	1568	1.263590
2063	1571	1.266007
2064	1571	1.266007
2065	1570	1.265201
2066	1571	1.266007
2067	1570	1.265201
2068	1568	1.263590
2069	1570	1.265201
2070	1571	1.266007
2071	1576	1.270037
2072	1576	1.270037
2073	1571	1.266007
2074	1571	1.266007
2075	1579	1.272454
2076	1579	1.272454
2077	1579	1.272454
2078	1582	1.274872
2079	1579	1.272454
2080	1579	1.272454
2081	1578	1.271648
2082	1578	1.271648
2083	1578	1.271648
2084	1579	1.272454
2085	1579	1.272454
2086	1579	1.272454
2087	1578	1.271648
2088	1576	1.270037
2089	1576	1.270037
2090	1576	1.270037
2091	1571	1.266007
2092	1578	1.271648
2093	1576	1.270037
2094	1578	1.271648
2095	1579	1.272454
2096	1578	1.271648
2097	1579	1.272454
2098	1576	1.270037
2099	1578	1.271648
2100	1578	1.271648
2101	1579	1.272454
2102	1579	1.272454
2103	1579	1.272454
2104	1578	1.271648
2105	1583	1.275678
2106	1579	1.272454
2107	1579	1.272454
2108	1579	1.272454
2109	1583	1.275678
2110	1579	1.272454
2111	1579	1.272454
2112	1571	1.266007
2113	1571	1.266007
2114	1571	1.266007
2115	1578	1.271648
2116	1579	1.272454
2117	1579	1.272454
2118	1579	1.272454
2119	1578	1.271648
2120	1571	1.266007
2121	1571	1.266007
2122	1571	1.266007
2123	1579	1.272454
2124	1579	1.272454
2125	1582	1.274872
2126	1578	1.271648
2127	1579	1.272454
2128	1579	1.272454
2129	1579	1.272454
2130	1579	1.272454
2131	1578	1.271648
2132	1583	1.275678
2133	1583	1.275678
2134	1583	1.275678
2135	1587	1.278901
2136	1592	1.282930
2137	1587	1.278901
2138	1587	1.278901
2139	1583	1.275678
2140	1583	1.275678
2141	1583	1.275678
2142	1583	1.275678
2143	1583	1.275678
2144	1583	1.275678
2145	1579	1.272454
2146	1579	1.272454
2147	1583	1.275678
2148	1582	1.274872
2149	1583	1.275678
2150	1583	1.275678
2151	1583	1.275678
2152	1579	1.272454
2153	1579	1.272454
2154	1583	1.275678
2155	1583	1.275678
2156	1583	1.275678
2157	1583	1.275678
2158	1583	1.275678
2159	1583	1.275678
2160	1583	1.275678
2161	1583	1.275678
2162	1587	1.278901
2163	1583	1.275678
2164	1579	1.272454
2165	1579	1.272454
2166	1579	1.272454
2167	1587	1.278901
2168	1583	1.275678
2169	1583	1.275678
2170	1583	1.275678
2171	1583	1.275678
2172	1586	1.278095
2173	1587	1.278901
2174	1587	1.278901
2175	1587	1.278901
2176	1583	1.275678
2177	1587	1.278901
2178	1586	1.278095
2179	1587	1.278901
2180	1592	1.282930
2181	1587	1.278901
2182	1587	1.278901
2183	1587	1.278901
2184	1587	1.278901
2185	1594	1.284542
2186	1587	1.278901
2187	1587	1.278901
2188	1587	1.278901
2189	1587	1.278901
2190	1587	1.278901
2191	1587	1.278901
2192	1587	1.278901
2193	1592	1.282930
2194	1587	1.278901
2195	1587	1.278901
2196	1592	1.282930
2197	1592	1.282930
2198	1602	1.290989
2199	1594	1.284542
2200	1587	1.278901
2201	1594	1.284542
2202	1594	1.284542
2203	1594	1.284542
2204	1595	1.285348
2205	1594	1.284542
2206	1595	1.285348
2207	1594	1.284542
2208	1592	1.282930
2209	1595	1.285348
2210	1593	1.283736
2211	1592	1.282930
2212	1592	1.282930
2213	1587	1.278901
2214	1587	1.278901
2215	1592	1.282930
2216	1592	1.282930
2217	1594	1.284542
2218	1595	1.285348
2219	1592	1.282930
2220	1595	1.285348
2221	1594	1.284542
2222	1595	1.285348
2223	1595	1.285348
2224	1595	1.285348
2225	1595	1.285348
2226	1595	1.285348
2227	1595	1.285348
2228	1595	1.285348
2229	1602	1.290989
2230	1602	1.290989
2231	1603	1.291795
2232	1602	1.290989
2233	1602	1.290989
2234	1602	1.290989
2235	1603	1.291795
2236	1602	1.290989
2237	1602	1.290989
2238	1600	1.289377
2239	1600	1.289377
2240	1603	1.291795
2241	1603	1.291795
2242	1603	1.291795
2243	1603	1.291795
2244	1602	1.290989
2245	1600	1.289377
2246	1602	1.290989
2247	1602	1.290989
2248	1603	1.291795
2249	1602	1.290989
2250	1603	1.291795
2251	1603	1.291795
2252	1603	1.291795
2253	1600	1.289377
2254	1602	1.290989
2255	1603	1.291795
2256	1602	1.290989
2257	1602	1.290989
2258	1603	1.291795
2259	1603	1.291795
2260	1608	1.295824
2261	1603	1.291795
2262	1610	1.297436
2263	1608	1.295824
2264	1611	1.298242
2265	1607	1.295018
2266	1610	1.297436
2267	1608	1.295824
2268	1610	1.297436
2269	1608	1.295824
2270	1603	1.291795
2271	1610	1.297436
2272	1607	1.295018
2273	1606	1.294212
2274	1610	1.297436
2275	1608	1.295824
2276	1610	1.297436
2277	1610	1.297436
2278	1603	1.291795
2279	1611	1.298242
2280	1611	1.298242
2281	1611	1.298242
2282	1611	1.298242
2283	1610	1.297436
2284	1611	1.298242
2285	1611	1.298242
2286	1610	1.297436
2287	1611	1.298242
2288	1611	1.298242
2289	1610	1.297436
2290	1611	1.298242
2291	1610	1.297436
2292	1611	1.298242
2293	1614	1.300659
2294	1610	1.297436
2295	1611	1.298242
2296	1615	1.301465
2297	1615	1.301465
2298	1615	1.301465
2299	1615	1.301465
2300	1615	1.301465
2301	1611	1.298242
2302	1611	1.298242
2303	1610	1.297436
2304	1611	1.298242
2305	1611	1.298242
2306	1615	1.301465
2307	1611	1.298242
2308	1611	1.298242
2309	1615	1.301465
2310	1615	1.301465
2311	1619	1.304689
2312	1615	1.301465
2313	1619	1.304689
2314	1615	1.301465
2315	1615	1.301465
2316	1615	1.301465
2317	1615	1.301465
2318	1615	1.301465
2319	1615	1.301465
2320	1615	1.301465
2321	1615	1.301465
2322	1615	1.301465
2323	1615	1.301465
2324	1624	1.308718
2325	1615	1.301465
2326	1615	1.301465
2327	1615	1.301465
2328	1615	1.301465
2329	1611	1.298242
2330	1615	1.301465
2331	1619	1.304689
2332	1619	1.304689
2333	1624	1.308718
2334	1619	1.304689
2335	1619	1.304689
2336	1619	1.304689
2337	1624	1.308718
2338	1626	1.310330
2339	1626	1.310330
2340	1626	1.310330
2341	1624	1.308718
2342	1624	1.308718
2343	1624	1.308718
2344	1627	1.311136
2345	1627	1.311136
2346	1626	1.310330
2347	1626	1.310330
2348	1626	1.310330
2349	1624	1.308718
2350	1624	1.308718
2351	1626	1.310330
2352	1626	1.310330
2353	1626	1.310330
2354	1626	1.310330
2355	1632	1.315165
2356	1626	1.310330
2357	1624	1.308718
2358	1626	1.310330
2359	1624	1.308718
2360	1626	1.310330
2361	1626	1.310330
2362	1632	1.315165
2363	1626	1.310330
2364	1632	1.315165
2365	1626	1.310330
2366	1632	1.315165
2367	1632	1.315165
2368	1632	1.315165
2369	1632	1.315165
2370	1632	1.315165
2371	1632	1.315165
2372	1632	1.315165
2373	1632	1.315165
2374	1632	1.315165
2375	1632	1.315165
2376	1632	1.315165
2377	1632	1.315165
2378	1632	1.315165
2379	1632	1.315165
2380	1632	1.315165
2381	1632	1.315165
2382	1627	1.311136
2383	1632	1.315165
2384	1627	1.311136
2385	1632	1.315165
2386	1634	1.316777
2387	1634	1.316777
2388	1632	1.315165
2389	1635	1.317582
2390	1634	1.316777
2391	1632	1.315165
2392	1632	1.315165
2393	1632	1.315165
2394	1632	1.315165
2395	1632	1.315165
2396	1634	1.316777
2397	1632	1.315165
2398	1634	1.316777
2399	1627	1.311136
2400	1632	1.315165
2401	1626	1.310330
2402	1627	1.311136
2403	1632	1.315165
2404	1632	1.315165
2405	1632	1.315165
2406	1632	1.315165
2407	1632	1.315165
2408	1627	1.311136
2409	1632	1.315165
2410	1632	1.315165
2411	1632	1.315165
2412	1632	1.315165
2413	1634	1.316777
2414	1632	1.315165
2415	1632	1.315165
2416	1634	1.316777
2417	1635	1.317582
2418	1635	1.317582
2419	1632	1.315165
2420	1634	1.316777
2421	1632	1.315165
2422	1634	1.316777
2423	1634	1.316777
2424	1634	1.316777
2425	1635	1.317582
2426	1640	1.321612
2427	1634	1.316777
2428	1635	1.317582
2429	1635	1.317582
2430	1635	1.317582
2431	1635	1.317582
2432	1632	1.315165
2433	1635	1.317582
2434	1634	1.316777
2435	1634	1.316777
2436	1635	1.317582
2437	1635	1.317582
2438	1640	1.321612
2439	1642	1.323223
2440	1635	1.317582
2441	1632	1.315165
2442	1634	1.316777
2443	1632	1.315165
2444	1634	1.316777
2445	1634	1.316777
2446	1632	1.315165
2447	1634	1.316777
2448	1634	1.316777
2449	1632	1.315165
2450	1632	1.315165
2451	1632	1.315165
2452	1635	1.317582
2453	1632	1.315165
2454	1632	1.315165
2455	1634	1.316777
2456	1632	1.315165
2457	1632	1.315165
2458	1632	1.315165
2459	1634	1.316777
2460	1632	1.315165
2461	1632	1.315165
2462	1632	1.315165
2463	1632	1.315165
2464	1632	1.315165
2465	1632	1.315165
2466	1626	1.310330
2467	1632	1.315165
2468	1624	1.308718
2469	1632	1.315165
2470	1626	1.310330
2471	1632	1.315165
2472	1619	1.304689
2473	1611	1.298242
2474	1608	1.295824
2475	1602	1.290989
2476	1587	1.278901
2477	1579	1.272454
2478	1570	1.265201
2479	1562	1.258755
2480	1560	1.257143
2481	1555	1.253114
2482	1555	1.253114
2483	1555	1.253114
2484	1547	1.246667
2485	1547	1.246667
2486	1543	1.243443
2487	1539	1.240220
2488	1538	1.239414
2489	1536	1.237802
2490	1531	1.233773
2491	1531	1.233773
2492	1528	1.231355
2493	1528	1.231355
2494	1523	1.227326
2495	1519	1.224103
2496	1519	1.224103
2497	1519	1.224103
2498	1519	1.224103
2499	1515	1.220879
2500	1515	1.220879
2501	1515	1.220879
2502	1515	1.220879
2503	1514	1.220073
2504	1515	1.220879
2505	1514	1.220073
2506	1515	1.220879
2507	1514	1.220073
2508	1514	1.220073
2509	1512	1.218462
2510	1512	1.218462
2511	1507	1.214432
2512	1507	1.214432
2513	1507	1.214432
2514	1507	1.214432
2515	1506	1.213626
2516	1506	1.213626
2517	1504	1.212015
2518	1504	1.212015
2519	1504	1.212015
2520	1504	1.212015
2521	1504	1.212015
2522	1504	1.212015
2523	1504	1.212015
2524	1499	1.207985
2525	1498	1.207179
2526	1498	1.207179
2527	1498	1.207179
2528	1496	1.205568
2529	1496	1.205568
2530	1496	1.205568
2531	1496	1.205568
2532	1495	1.204762
2533	1491	1.201538
2534	1491	1.201538
2535	1491	1.201538
2536	1491	1.201538
2537	1491	1.201538
2538	1491	1.201538
2539	1491	1.201538
2540	1491	1.201538
2541	1491	1.201538
2542	1496	1.205568
2543	1491	1.201538
2544	1507	1.214432
2545	1507	1.214432
2546	1528	1.231355
2547	1531	1.233773
2548	1539	1.240220
2549	1543	1.243443
2550	1547	1.246667
2551	1555	1.253114
2552	1551	1.249890
2553	1555	1.253114
2554	1563	1.259560
2555	1570	1.265201
2556	1571	1.266007
2557	1571	1.266007
2558	1578	1.271648
2559	1579	1.272454
2560	1579	1.272454
2561	1583	1.275678
2562	1583	1.275678
2563	1587	1.278901
2564	1587	1.278901
2565	1587	1.278901
2566	1592	1.282930
2567	1592	1.282930
2568	1595	1.285348
2569	1595	1.285348
2570	1595	1.285348
2571	1603	1.291795
2572	1602	1.290989
2573	1610	1.297436
2574	1603	1.291795
2575	1603	1.291795
2576	1606	1.294212
2577	1611	1.298242
2578	1615	1.301465
2579	1611	1.298242
2580	1615	1.301465
2581	1624	1.308718
2582	1626	1.310330
2583	1632	1.315165
2584	1634	1.316777
2585	1635	1.317582
2586	1632	1.315165
2587	1635	1.317582
2588	1635	1.317582
2589	1642	1.323223
2590	1640	1.321612
2591	1642	1.323223
2592	1640	1.321612
2593	1643	1.324029
2594	1635	1.317582
2595	1640	1.321612
2596	1643	1.324029
2597	1643	1.324029
2598	1647	1.327253
2599	1642	1.323223
2600	1647	1.327253
2601	1647	1.327253
2602	1643	1.324029
2603	1647	1.327253
2604	1647	1.327253
2605	1651	1.330476
2606	1647	1.327253
2607	1651	1.330476
2608	1658	1.336117
2609	1651	1.330476
2610	1647	1.327253
2611	1651	1.330476
2612	1651	1.330476
2613	1656	1.334505
2614	1658	1.336117
2615	1651	1.330476
2616	1651	1.330476
2617	1656	1.334505
2618	1658	1.336117
2619	1656	1.334505
2620	1658	1.336117
2621	1658	1.336117
2622	1651	1.330476
2623	1659	1.336923
2624	1656	1.334505
2625	1663	1.340147
2626	1658	1.336117
2627	1658	1.336117
2628	1658	1.336117
2629	1658	1.336117
2630	1656	1.334505
2631	1658	1.336117
2632	1658	1.336117
2633	1656	1.334505
2634	1658	1.336117
2635	1658	1.336117
2636	1658	1.336117
2637	1656	1.334505
2638	1658	1.336117
2639	1658	1.336117
2640	1659	1.336923
2641	1659	1.336923
2642	1651	1.330476
2643	1659	1.336923
2644	1659	1.336923
2645	1662	1.339341
2646	1659	1.336923
2647	1651	1.330476
2648	1659	1.336923
2649	1659	1.336923
2650	1659	1.336923
2651	1659	1.336923
2652	1659	1.336923
2653	1659	1.336923
2654	1663	1.340147
2655	1663	1.340147
2656	1659	1.336923
2657	1659	1.336923
2658	1659	1.336923
2659	1663	1.340147
2660	1663	1.340147
2661	1663	1.340147
2662	1663	1.340147
2663	1663	1.340147
2664	1667	1.343370
2665	1659	1.336923
2666	1672	1.347399
2667	1659	1.336923
2668	1663	1.340147
2669	1663	1.340147
2670	1667	1.343370
2671	1674	1.349011
2672	1663	1.340147
2673	1672	1.347399
2674	1663	1.340147
2675	1663	1.340147
2676	1663	1.340147
2677	1663	1.340147
2678	1663	1.340147
2679	1674	1.349011
2680	1663	1.340147
2681	1663	1.340147
2682	1663	1.340147
2683	1675	1.349817
2684	1674	1.349011
2685	1672	1.347399
2686	1672	1.347399
2687	1667	1.343370
2688	1667	1.343370
2689	1672	1.347399
2690	1663	1.340147
2691	1667	1.343370
2692	1667	1.343370
2693	1672	1.347399
2694	1675	1.349817
2695	1663	1.340147
2696	1674	1.349011
2697	1672	1.347399
2698	1675	1.349817
2699	1663	1.340147
2700	1667	1.343370
2701	1674	1.349011
2702	1663	1.340147
2703	1674	1.349011
2704	1675	1.349817
2705	1674	1.349011
2706	1675	1.349817
2707	1663	1.340147
2708	1679	1.353040
2709	1675	1.349817
2710	1679	1.353040
2711	1683	1.356264
2712	1675	1.349817
2713	1674	1.349011
2714	1682	1.355458
2715	1675	1.349817
2716	1675	1.349817
2717	1675	1.349817
2718	1679	1.353040
2719	1675	1.349817
2720	1679	1.353040
2721	1674	1.349011
2722	1674	1.349011
2723	1675	1.349817
2724	1679	1.353040
2725	1675	1.349817
2726	1675	1.349817
2727	1675	1.349817
2728	1675	1.349817
2729	1674	1.349011
2730	1675	1.349817
2731	1675	1.349817
2732	1675	1.349817
2733	1675	1.349817
2734	1679	1.353040
2735	1679	1.353040
2736	1675	1.349817
2737	1674	1.349011
2738	1679	1.353040
2739	1674	1.349011
2740	1675	1.349817
2741	1675	1.349817
2742	1674	1.349011
2743	1674	1.349011
2744	1675	1.349817
2745	1679	1.353040
2746	1683	1.356264
2747	1674	1.349011
2748	1679	1.353040
2749	1679	1.353040
2750	1674	1.349011
2751	1675	1.349817
2752	1683	1.356264
2753	1679	1.353040
2754	1683	1.356264
2755	1691	1.362711
2756	1683	1.356264
2757	1679	1.353040
2758	1679	1.353040
2759	1679	1.353040
2760	1683	1.356264
2761	1679	1.353040
2762	1679	1.353040
2763	1688	1.360293
2764	1688	1.360293
2765	1688	1.360293
2766	1683	1.356264
2767	1683	1.356264
2768	1688	1.360293
2769	1688	1.360293
2770	1683	1.356264
2771	1696	1.366740
2772	1683	1.356264
2773	1679	1.353040
2774	1690	1.361905
2775	1690	1.361905
2776	1679	1.353040
2777	1688	1.360293
2778	1679	1.353040
2779	1683	1.356264
2780	1683	1.356264
2781	1683	1.356264
2782	1688	1.360293
2783	1688	1.360293
2784	1696	1.366740
2785	1690	1.361905
2786	1683	1.356264
2787	1690	1.361905
2788	1683	1.356264
2789	1683	1.356264
2790	1683	1.356264
2791	1679	1.353040
2792	1683	1.356264
2793	1683	1.356264
2794	1679	1.353040
2795	1690	1.361905
2796	1683	1.356264
2797	1683	1.356264
2798	1683	1.356264
2799	1683	1.356264
2800	1683	1.356264
2801	1688	1.360293
2802	1683	1.356264
2803	1690	1.361905
2804	1688	1.360293
2805	1679	1.353040
2806	1679	1.353040
2807	1683	1.356264
2808	1696	1.366740
2809	1679	1.353040
2810	1690	1.361905
2811	1696	1.366740
2812	1683	1.356264
2813	1688	1.360293
2814	1688	1.360293
2815	1690	1.361905
2816	1691	1.362711
2817	1696	1.366740
2818	1688	1.360293
2819	1691	1.362711
2820	1696	1.366740
2821	1690	1.361905
2822	1691	1.362711
2823	1699	1.369158
2824	1691	1.362711
2825	1699	1.369158
2826	1699	1.369158
2827	1699	1.369158
2828	1699	1.369158
2829	1696	1.366740
2830	1706	1.374799
2831	1698	1.368352
2832	1696	1.366740
2833	1696	1.366740
2834	1698	1.368352
2835	1698	1.368352
2836	1698	1.368352
2837	1696	1.366740
2838	1696	1.366740
2839	1690	1.361905
2840	1696	1.366740
2841	1688	1.360293
2842	1699	1.369158
2843	1706	1.374799
2844	1691	1.362711
2845	1698	1.368352
2846	1704	1.373187
2847	1704	1.373187
2848	1699	1.369158
2849	1699	1.369158
2850	1699	1.369158
2851	1696	1.366740
2852	1698	1.368352
2853	1699	1.369158
2854	1699	1.369158
2855	1699	1.369158
2856	1699	1.369158
2857	1691	1.362711
2858	1691	1.362711
2859	1696	1.366740
2860	1699	1.369158
2861	1699	1.369158
2862	1696	1.366740
2863	1698	1.368352
2864	1698	1.368352
2865	1706	1.374799
2866	1699	1.369158
2867	1707	1.375604
2868	1699	1.369158
2869	1699	1.369158
2870	1707	1.375604
2871	1699	1.369158
2872	1699	1.369158
2873	1705	1.373993
2874	1706	1.374799
2875	1704	1.373187
2876	1707	1.375604
2877	1706	1.374799
2878	1698	1.368352
2879	1699	1.369158
2880	1699	1.369158
2881	1704	1.373187
2882	1707	1.375604
2883	1707	1.375604
2884	1699	1.369158
2885	1706	1.374799
2886	1699	1.369158
2887	1706	1.374799
2888	1715	1.382051
2889	1711	1.378828
2890	1706	1.374799
2891	1706	1.374799
2892	1711	1.378828
2893	1707	1.375604
2894	1704	1.373187
2895	1699	1.369158
2896	1704	1.373187
2897	1706	1.374799
2898	1706	1.374799
2899	1711	1.378828
2900	1706	1.374799
2901	1711	1.378828
2902	1707	1.375604
2903	1715	1.382051
2904	1711	1.378828
2905	1699	1.369158
2906	1707	1.375604
2907	1715	1.382051
2908	1711	1.378828
2909	1707	1.375604
2910	1711	1.378828
2911	1711	1.378828
2912	1707	1.375604
2913	1706	1.374799
2914	1707	1.375604
2915	1699	1.369158
2916	1715	1.382051
2917	1706	1.374799
2918	1706	1.374799
2919	1707	1.375604
2920	1711	1.378828
2921	1715	1.382051
2922	1715	1.382051
2923	1715	1.382051
2924	1707	1.375604
2925	1715	1.382051
2926	1711	1.378828
2927	1715	1.382051
2928	1707	1.375604
2929	1720	1.386081
2930	1711	1.378828
2931	1707	1.375604
2932	1711	1.378828
2933	1707	1.375604
2934	1707	1.375604
2935	1711	1.378828
2936	1707	1.375604
2937	1711	1.378828
2938	1711	1.378828
2939	1715	1.382051
2940	1711	1.378828
2941	1730	1.394139
2942	1711	1.378828
2943	1723	1.388498
2944	1715	1.382051
2945	1711	1.378828
2946	1715	1.382051
2947	1722	1.387692
2948	1723	1.388498
2949	1722	1.387692
2950	1731	1.394945
2951	1715	1.382051
2952	1722	1.387692
2953	1720	1.386081
2954	1720	1.386081
2955	1707	1.375604
2956	1715	1.382051
2957	1720	1.386081
2958	1722	1.387692
2959	1715	1.382051
2960	1730	1.394139
2961	1731	1.394945
2962	1728	1.392527
2963	1728	1.392527
2964	1730	1.394139
2965	1731	1.394945
2966	1723	1.388498
2967	1723	1.388498
2968	1728	1.392527
2969	1723	1.388498
2970	1720	1.386081
2971	1728	1.392527
2972	1730	1.394139
2973	1722	1.387692
2974	1723	1.388498
2975	1731	1.394945
2976	1730	1.394139
2977	1730	1.394139
2978	1728	1.392527
2979	1730	1.394139
2980	1730	1.394139
2981	1736	1.398974
2982	1728	1.392527
2983	1739	1.401392
2984	1739	1.401392
2985	1731	1.394945
2986	1728	1.392527
2987	1730	1.394139
2988	1730	1.394139
2989	1731	1.394945
2990	1731	1.394945
2991	1731	1.394945
2992	1730	1.394139
2993	1739	1.401392
2994	1739	1.401392
2995	1730	1.394139
2996	1728	1.392527
2997	1739	1.401392
2998	1730	1.394139
2999	1728	1.392527
3000	1738	1.400586
3001	1728	1.392527
3002	1739	1.401392
3003	1731	1.394945
3004	1728	1.392527
3005	1723	1.388498
3006	1728	1.392527
3007	1723	1.388498
3008	1722	1.387692
3009	1722	1.387692
3010	1731	1.394945
3011	1731	1.394945
3012	1731	1.394945
3013	1731	1.394945
3014	1730	1.394139
3015	1731	1.394945
3016	1736	1.398974
3017	1731	1.394945
3018	1730	1.394139
3019	1736	1.398974
3020	1738	1.400586
3021	1731	1.394945
3022	1737	1.399780
3023	1730	1.394139
3024	1736	1.398974
3025	1731	1.394945
3026	1736	1.398974
3027	1731	1.394945
3028	1730	1.394139
3029	1728	1.392527
3030	1728	1.392527
3031	1736	1.398974
3032	1731	1.394945
3033	1731	1.394945
3034	1731	1.394945
3035	1738	1.400586
3036	1731	1.394945
3037	1731	1.394945
3038	1739	1.401392
3039	1731	1.394945
3040	1731	1.394945
3041	1738	1.400586
3042	1731	1.394945
3043	1728	1.392527
3044	1731	1.394945
3045	1731	1.394945
3046	1743	1.404615
3047	1731	1.394945
3048	1730	1.394139
3049	1731	1.394945
3050	1731	1.394945
3051	1731	1.394945
3052	1743	1.404615
3053	1738	1.400586
3054	1743	1.404615
3055	1736	1.398974
3056	1739	1.401392
3057	1747	1.407839
3058	1739	1.401392
3059	1739	1.401392
3060	1736	1.398974
3061	1743	1.404615
3062	1739	1.401392
3063	1731	1.394945
3064	1743	1.404615
3065	1752	1.411868
3066	1738	1.400586
3067	1739	1.401392
3068	1739	1.401392
3069	1743	1.404615
3070	1739	1.401392
3071	1739	1.401392
3072	1743	1.404615
3073	1747	1.407839
3074	1739	1.401392
3075	1739	1.401392
3076	1739	1.401392
3077	1743	1.404615
3078	1743	1.404615
3079	1743	1.404615
3080	1738	1.400586
3081	1743	1.404615
3082	1743	1.404615
3083	1739	1.401392
3084	1738	1.400586
3085	1739	1.401392
3086	1736	1.398974
3087	1738	1.400586
3088	1731	1.394945
3089	1743	1.404615
3090	1739	1.401392
3091	1739	1.401392
3092	1739	1.401392
3093	1743	1.404615
3094	1743	1.404615
3095	1738	1.400586
3096	1747	1.407839
3097	1747	1.407839
3098	1739	1.401392
3099	1739	1.401392
3100	1743	1.404615
3101	1739	1.401392
3102	1739	1.401392
3103	1739	1.401392
3104	1731	1.394945
3105	1731	1.394945
3106	1739	1.401392
3107	1743	1.404615
3108	1743	1.404615
3109	1743	1.404615
3110	1747	1.407839
3111	1747	1.407839
3112	1743	1.404615
3113	1743	1.404615
3114	1747	1.407839
3115	1743	1.404615
3116	1752	1.411868
3117	1739	1.401392
3118	1760	1.418315
3119	1754	1.413480
3120	1754	1.413480
3121	1743	1.404615
3122	1739	1.401392
3123	1743	1.404615
3124	1743	1.404615
3125	1747	1.407839
3126	1743	1.404615
3127	1747	1.407839
3128	1743	1.404615
3129	1752	1.411868
3130	1760	1.418315
3131	1743	1.404615
3132	1752	1.411868
3133	1747	1.407839
3134	1739	1.401392
3135	1754	1.413480
3136	1754	1.413480
3137	1747	1.407839
3138	1743	1.404615
3139	1743	1.404615
3140	1738	1.400586
3141	1747	1.407839
3142	1754	1.413480
3143	1747	1.407839
3144	1747	1.407839
3145	1747	1.407839
3146	1747	1.407839
3147	1760	1.418315
3148	1754	1.413480
3149	1747	1.407839
3150	1754	1.413480
3151	1747	1.407839
3152	1755	1.414286
3153	1747	1.407839
3154	1752	1.411868
3155	1747	1.407839
3156	1762	1.419927
3157	1754	1.413480
3158	1754	1.413480
3159	1743	1.404615
3160	1760	1.418315
3161	1743	1.404615
3162	1747	1.407839
3163	1752	1.411868
3164	1747	1.407839
3165	1752	1.411868
3166	1747	1.407839
3167	1747	1.407839
3168	1752	1.411868
3169	1747	1.407839
3170	1743	1.404615
3171	1760	1.418315
3172	1739	1.401392
3173	1760	1.418315
3174	1747	1.407839
3175	1755	1.414286
3176	1743	1.404615
3177	1752	1.411868
3178	1752	1.411868
3179	1760	1.418315
3180	1754	1.413480
3181	1760	1.418315
3182	1755	1.414286
3183	1760	1.418315
3184	1760	1.418315
3185	1760	1.418315
3186	1760	1.418315
3187	1752	1.411868
3188	1743	1.404615
3189	1760	1.418315
3190	1755	1.414286
3191	1754	1.413480
3192	1760	1.418315
3193	1762	1.419927
3194	1763	1.420733
3195	1752	1.411868
3196	1760	1.418315
3197	1760	1.418315
3198	1763	1.420733
3199	1760	1.418315
3200	1768	1.424762
3201	1754	1.413480
3202	1760	1.418315
3203	1760	1.418315
3204	1760	1.418315
3205	1762	1.419927
3206	1752	1.411868
3207	1752	1.411868
3208	1760	1.418315
3209	1754	1.413480
3210	1763	1.420733
3211	1754	1.413480
3212	1760	1.418315
3213	1760	1.418315
3214	1760	1.418315
3215	1754	1.413480
3216	1762	1.419927
3217	1760	1.418315
3218	1763	1.420733
3219	1762	1.419927
3220	1760	1.418315
3221	1763	1.420733
3222	1760	1.418315
3223	1763	1.420733
3224	1762	1.419927
3225	1768	1.424762
3226	1762	1.419927
3227	1770	1.426374
3228	1762	1.419927
3229	1770	1.426374
3230	1760	1.418315
3231	1763	1.420733
3232	1763	1.420733
3233	1760	1.418315
3234	1770	1.426374
3235	1763	1.420733
3236	1763	1.420733
3237	1771	1.427179
3238	1768	1.424762
3239	1760	1.418315
3240	1770	1.426374
3241	1768	1.424762
3242	1770	1.426374
3243	1762	1.419927
3244	1754	1.413480
3245	1762	1.419927
3246	1768	1.424762
3247	1763	1.420733
3248	1763	1.420733
3249	1771	1.427179
3250	1763	1.420733
3251	1768	1.424762
3252	1763	1.420733
3253	1762	1.419927
3254	1752	1.411868
3255	1763	1.420733
3256	1763	1.420733
3257	1763	1.420733
3258	1760	1.418315
3259	1760	1.418315
3260	1760	1.418315
3261	1760	1.418315
3262	1763	1.420733
3263	1760	1.418315
3264	1760	1.418315
3265	1775	1.430403
3266	1770	1.426374
3267	1763	1.420733
3268	1763	1.420733
3269	1770	1.426374
3270	1763	1.420733
3271	1763	1.420733
3272	1763	1.420733
3273	1760	1.418315
3274	1770	1.426374
3275	1763	1.420733
3276	1770	1.426374
3277	1771	1.427179
3278	1763	1.420733
3279	1768	1.424762
3280	1763	1.420733
3281	1763	1.420733
3282	1768	1.424762
3283	1775	1.430403
3284	1762	1.419927
3285	1771	1.427179
3286	1763	1.420733
3287	1771	1.427179
3288	1763	1.420733
3289	1768	1.424762
3290	1760	1.418315
3291	1770	1.426374
3292	1760	1.418315
3293	1770	1.426374
3294	1770	1.426374
3295	1768	1.424762
3296	1768	1.424762
3297	1771	1.427179
3298	1771	1.427179
3299	1762	1.419927
3300	1768	1.424762
3301	1771	1.427179
3302	1768	1.424762
3303	1768	1.424762
3304	1771	1.427179
3305	1763	1.420733
3306	1770	1.426374
3307	1771	1.427179
3308	1770	1.426374
3309	1770	1.426374
3310	1763	1.420733
3311	1763	1.420733
3312	1775	1.430403
3313	1770	1.426374
3314	1779	1.433626
3315	1771	1.427179
3316	1779	1.433626
3317	1770	1.426374
3318	1771	1.427179
3319	1770	1.426374
3320	1779	1.433626
3321	1779	1.433626
3322	1779	1.433626
3323	1770	1.426374
3324	1779	1.433626
3325	1779	1.433626
3326	1775	1.430403
3327	1763	1.420733
3328	1770	1.426374
3329	1770	1.426374
3330	1779	1.433626
3331	1768	1.424762
3332	1784	1.437656
3333	1771	1.427179
3334	1779	1.433626
3335	1775	1.430403
3336	1775	1.430403
3337	1771	1.427179
3338	1771	1.427179
3339	1775	1.430403
3340	1771	1.427179
3341	1775	1.430403
3342	1779	1.433626
3343	1771	1.427179
3344	1779	1.433626
3345	1771	1.427179
3346	1771	1.427179
3347	1763	1.420733
3348	1787	1.440073
3349	1784	1.437656
3350	1771	1.427179
3351	1775	1.430403
3352	1771	1.427179
3353	1779	1.433626
3354	1763	1.420733
3355	1779	1.433626
3356	1775	1.430403
3357	1779	1.433626
3358	1763	1.420733
3359	1770	1.426374
3360	1779	1.433626
3361	1775	1.430403
3362	1775	1.430403
3363	1779	1.433626
3364	1779	1.433626
3365	1770	1.426374
3366	1775	1.430403
3367	1762	1.419927
3368	1779	1.433626
3369	1775	1.430403
3370	1775	1.430403
3371	1779	1.433626
3372	1779	1.433626
3373	1775	1.430403
3374	1779	1.433626
3375	1787	1.440073
3376	1779	1.433626
3377	1775	1.430403
3378	1792	1.444103
3379	1792	1.444103
3380	1792	1.444103
3381	1784	1.437656
3382	1779	1.433626
3383	1771	1.427179
3384	1775	1.430403
3385	1784	1.437656
3386	1779	1.433626
3387	1775	1.430403
3388	1771	1.427179
3389	1784	1.437656
3390	1779	1.433626
3391	1786	1.439267
3392	1770	1.426374
3393	1786	1.439267
3394	1771	1.427179
3395	1771	1.427179
3396	1775	1.430403
3397	1784	1.437656
3398	1779	1.433626
3399	1775	1.430403
3400	1784	1.437656
3401	1779	1.433626
3402	1784	1.437656
3403	1779	1.433626
3404	1779	1.433626
3405	1770	1.426374
3406	1771	1.427179
3407	1775	1.430403
3408	1779	1.433626
3409	1763	1.420733
3410	1775	1.430403
3411	1771	1.427179
3412	1775	1.430403
3413	1771	1.427179
3414	1771	1.427179
3415	1763	1.420733
3416	1771	1.427179
3417	1771	1.427179
3418	1779	1.433626
3419	1768	1.424762
3420	1779	1.433626
3421	1771	1.427179
3422	1768	1.424762
3423	1770	1.426374
3424	1771	1.427179
3425	1770	1.426374
3426	1771	1.427179
3427	1771	1.427179
3428	1770	1.426374
3429	1779	1.433626
3430	1771	1.427179
3431	1771	1.427179
3432	1771	1.427179
3433	1771	1.427179
3434	1770	1.426374
3435	1763	1.420733
3436	1770	1.426374
3437	1775	1.430403
3438	1775	1.430403
3439	1771	1.427179
3440	1784	1.437656
3441	1786	1.439267
3442	1771	1.427179
3443	1784	1.437656
3444	1779	1.433626
3445	1771	1.427179
3446	1768	1.424762
3447	1771	1.427179
3448	1770	1.426374
3449	1770	1.426374
3450	1786	1.439267
3451	1779	1.433626
3452	1779	1.433626
3453	1771	1.427179
3454	1779	1.433626
3455	1786	1.439267
3456	1771	1.427179
3457	1775	1.430403
3458	1770	1.426374
3459	1792	1.444103
3460	1787	1.440073
3461	1771	1.427179
3462	1779	1.433626
3463	1775	1.430403
3464	1779	1.433626
3465	1775	1.430403
3466	1771	1.427179
3467	1779	1.433626
3468	1787	1.440073
3469	1787	1.440073
3470	1775	1.430403
3471	1787	1.440073
3472	1770	1.426374
3473	1784	1.437656
3474	1787	1.440073
3475	1784	1.437656
3476	1779	1.433626
3477	1786	1.439267
3478	1794	1.445714
3479	1775	1.430403
3480	1787	1.440073
3481	1786	1.439267
3482	1779	1.433626
3483	1792	1.444103
3484	1775	1.430403
3485	1775	1.430403
3486	1775	1.430403
3487	1787	1.440073
3488	1775	1.430403
3489	1770	1.426374
3490	1775	1.430403
3491	1771	1.427179
3492	1779	1.433626
3493	1775	1.430403
3494	1784	1.437656
3495	1770	1.426374
3496	1784	1.437656
3497	1792	1.444103
3498	1787	1.440073
3499	1779	1.433626
3500	1775	1.430403
3501	1775	1.430403
3502	1779	1.433626
3503	1775	1.430403
3504	1779	1.433626
3505	1775	1.430403
3506	1784	1.437656
3507	1771	1.427179
3508	1779	1.433626
3509	1787	1.440073
3510	1779	1.433626
3511	1779	1.433626
3512	1786	1.439267
3513	1775	1.430403
3514	1775	1.430403
3515	1775	1.430403
3516	1775	1.430403
3517	1775	1.430403
3518	1779	1.433626
3519	1775	1.430403
3520	1775	1.430403
3521	1784	1.437656
3522	1784	1.437656
3523	1771	1.427179
3524	1784	1.437656
3525	1786	1.439267
3526	1775	1.430403
3527	1775	1.430403
3528	1779	1.433626
3529	1775	1.430403
3530	1771	1.427179
3531	1779	1.433626
3532	1779	1.433626
3533	1786	1.439267
3534	1775	1.430403
3535	1779	1.433626
3536	1775	1.430403
3537	1779	1.433626
3538	1778	1.432821
3539	1792	1.444103
3540	1779	1.433626
3541	1775	1.430403
3542	1787	1.440073
3543	1784	1.437656
3544	1769	1.425568
3545	1771	1.427179
3546	1784	1.437656
3547	1771	1.427179
3548	1763	1.420733
3549	1779	1.433626
3550	1771	1.427179
3551	1771	1.427179
3552	1784	1.437656
3553	1775	1.430403
3554	1779	1.433626
3555	1779	1.433626
3556	1794	1.445714
3557	1771	1.427179
3558	1784	1.437656
3559	1775	1.430403
3560	1775	1.430403
3561	1784	1.437656
3562	1786	1.439267
3563	1775	1.430403
3564	1784	1.437656
3565	1786	1.439267
3566	1786	1.439267
3567	1786	1.439267
3568	1792	1.444103
3569	1786	1.439267
3570	1794	1.445714
3571	1794	1.445714
3572	1792	1.444103
3573	1794	1.445714
3574	1787	1.440073
3575	1792	1.444103
3576	1786	1.439267
3577	1795	1.446520
3578	1779	1.433626
3579	1787	1.440073
3580	1775	1.430403
3581	1787	1.440073
3582	1775	1.430403
3583	1787	1.440073
3584	1786	1.439267
3585	1784	1.437656
3586	1792	1.444103
3587	1786	1.439267
3588	1792	1.444103
3589	1784	1.437656
3590	1792	1.444103
3591	1803	1.452967
3592	1786	1.439267
3593	1787	1.440073
3594	1784	1.437656
3595	1795	1.446520
3596	1795	1.446520
3597	1800	1.450549
3598	1787	1.440073
3599	1794	1.445714
3600	1794	1.445714
3601	1803	1.452967
3602	1794	1.445714
3603	1779	1.433626
3604	1792	1.444103
3605	1792	1.444103
3606	1802	1.452161
3607	1795	1.446520
3608	1807	1.456190
3609	1803	1.452967
3610	1794	1.445714
3611	1794	1.445714
3612	1787	1.440073
3613	1786	1.439267
3614	1802	1.452161
3615	1794	1.445714
3616	1792	1.444103
3617	1795	1.446520
3618	1803	1.452967
3619	1807	1.456190
3620	1802	1.452161
3621	1794	1.445714
3622	1803	1.452967
3623	1794	1.445714
3624	1795	1.446520
3625	1803	1.452967
3626	1802	1.452161
3627	1802	1.452161
3628	1803	1.452967
3629	1795	1.446520
3630	1803	1.452967
3631	1803	1.452967
3632	1811	1.459414
3633	1795	1.446520
3634	1795	1.446520
3635	1802	1.452161
3636	1803	1.452967
3637	1803	1.452967
3638	1802	1.452161
3639	1802	1.452161
3640	1802	1.452161
3641	1803	1.452967
3642	1803	1.452967
3643	1811	1.459414
3644	1807	1.456190
3645	1803	1.452967
3646	1811	1.459414
3647	1816	1.463443
